2012	10	1	1.227	6483.0513	274.0511	0.0511	 0.76	 0.03	184.78	 2.86	 1.22	 1.00	10.77	 1.12	326.16	281.35	287.48	 0.00	287.41	0	54.00
2012	10	1	2.103	6483.0874	274.0876	0.0876	 0.54	 0.04	185.82	 6.81	 6.31	 0.99	10.73	 1.10	326.33	280.21	285.60	260.99	287.58	0	52.20
2012	10	1	5.226	6483.2178	274.2177	0.2177	 0.54	 0.04	179.83	 6.41	12.81	 0.97	10.73	 1.18	326.49	278.47	284.00	261.52	284.49	0	52.30
2012	10	1	5.665	6483.2358	274.2361	0.2360	 0.59	 0.04	178.07	 5.18	 3.52	 1.00	10.73	 1.22	326.46	278.35	284.08	261.59	285.73	0	52.32
2012	10	1	9.228	6483.3843	274.3845	0.3845	 0.56	 0.04	180.43	 5.56	 9.60	 0.97	10.75	 1.17	322.60	277.96	282.89	262.13	283.55	0	52.43
2012	10	1	12.320	6483.5132	274.5133	0.5133	 0.38	 0.04	202.11	10.26	18.17	 0.90	10.73	 1.12	328.19	278.15	281.40	265.83	286.23	0	53.17
2012	10	1	12.759	6483.5317	274.5316	0.5316	 0.69	 0.46	189.61	48.14	1144.05	 0.98	10.73	 1.28	328.25	280.57	286.24	267.18	286.99	0	53.44
# Unit 3, Cerro Chajnantor CCAT, Filter  0,  Slot 1, 350 um (616) & yellow
#				days
#				since		day of	day of
# yr	mo	dy	 time	1/1/1995	year	month	Tau	unc	Tatm	unc	mse	fitgood	Etime	R	Thot	Twarm	Tchop	Tamb	<Tint>	Filter	Toff
# 1	2	3	4	5		6	7	8	9	10	11	12	13	14	15	16	17	18	19	20	21	22
2012	10	1	16.343	6483.6812	274.6810	0.6810	 0.62	 0.04	180.67	 5.14	10.18	 0.98	10.75	 1.14	327.58	291.00	298.75	279.29	296.09	0	55.86
2012	10	1	22.988	6483.9580	274.9578	0.9578	 1.00	 0.06	198.83	 3.12	 5.70	 1.00	10.73	 1.22	326.69	284.82	291.71	264.44	291.25	0	52.89
2012	10	2	0.767	6484.0317	275.0320	1.0319	 1.14	 0.07	198.86	 2.80	 4.80	 1.00	10.78	 1.22	323.04	281.37	287.26	261.49	286.13	0	52.30
2012	10	2	6.952	6484.2896	275.2897	1.2897	 1.58	 0.10	192.57	 2.01	 2.41	 1.00	10.73	 1.18	328.82	274.89	277.29	261.44	280.46	0	52.29
2012	10	2	7.418	6484.3091	275.3091	1.3091	 1.20	 0.05	195.17	 1.96	 9.92	 0.95	10.77	 1.22	328.89	275.65	278.70	261.50	281.37	0	52.30
2012	10	2	8.734	6484.3638	275.3639	1.3639	 1.11	 0.05	200.25	 2.35	 2.80	 1.00	10.75	 1.28	328.83	276.86	285.37	261.36	282.18	0	52.27
2012	10	2	9.175	6484.3823	275.3823	1.3823	 1.05	 0.04	195.30	 2.09	 1.30	 1.00	10.82	 1.27	328.84	277.09	282.27	260.84	282.60	0	52.17
2012	10	2	10.514	6484.4380	275.4381	1.4381	 0.84	 0.05	183.17	 3.41	11.59	 0.97	10.73	 1.19	328.85	277.62	281.09	261.85	282.95	0	52.37
2012	10	2	14.105	6484.5879	275.5877	1.5877	 1.03	 0.09	194.33	 4.42	 8.67	 1.00	10.77	 1.25	325.40	288.58	298.02	266.39	294.71	0	53.28
2012	10	2	17.193	6484.7163	275.7164	1.7164	 0.99	 0.09	190.43	 4.92	10.58	 1.00	10.73	 1.09	328.62	292.26	297.95	275.77	297.20	0	55.15
2012	10	2	18.071	6484.7529	275.7530	1.7530	 1.07	 0.43	207.12	20.96	736.82	 0.97	10.73	 1.15	328.53	293.60	300.18	275.89	299.47	0	55.18
2012	10	2	18.534	6484.7725	275.7722	1.7722	 1.00	 0.05	195.59	 2.47	 5.05	 0.99	10.77	 1.20	327.61	293.93	300.36	277.43	302.60	0	55.49
2012	10	2	19.849	6484.8271	275.8271	1.8270	 1.11	 0.11	199.17	 4.84	33.55	 0.98	10.77	 1.20	326.70	293.25	302.11	276.02	300.27	0	55.20
2012	10	2	20.287	6484.8452	275.8453	1.8453	 1.23	 0.09	194.87	 3.06	 5.80	 1.00	10.73	 1.22	326.62	292.57	303.10	274.87	299.82	0	54.97
2012	10	2	21.189	6484.8828	275.8829	1.8829	 1.20	 0.08	193.52	 2.94	14.22	 0.98	10.78	 1.21	326.46	290.43	300.85	271.74	297.65	0	54.35
2012	10	2	22.505	6484.9375	275.9377	1.9377	 1.03	 0.22	182.94	10.29	41.20	 1.00	10.73	 1.13	326.23	286.24	297.89	 0.00	292.80	0	54.00
2012	10	2	23.844	6484.9937	275.9935	1.9935	 0.62	 0.07	170.90	 7.77	14.66	 0.99	10.73	 1.05	326.26	282.55	288.88	260.93	287.48	0	52.19
2012	10	3	1.185	6485.0493	276.0494	2.0494	 0.57	 0.05	179.77	 6.41	 2.67	 1.00	10.77	 1.19	327.20	279.96	286.47	259.63	285.88	0	51.93
2012	10	3	2.503	6485.1045	276.1043	2.1043	 0.50	 0.04	183.67	 6.34	 4.08	 0.99	10.73	 1.16	327.44	278.53	284.00	259.79	282.91	0	51.96
2012	10	3	4.287	6485.1787	276.1786	2.1786	 0.69	 0.06	167.61	 5.89	16.04	 0.98	10.73	 1.26	327.43	277.53	282.74	259.81	284.68	0	51.96
2012	10	3	6.066	6485.2529	276.2527	2.2528	 0.62	 0.05	170.82	 6.06	13.28	 0.98	10.80	 1.15	327.50	276.91	281.67	258.94	282.58	0	51.79
2012	10	3	6.504	6485.2710	276.2710	2.2710	 0.65	 0.05	170.52	 5.13	 9.29	 0.99	10.80	 1.15	327.52	276.77	280.69	258.68	282.41	0	51.74
2012	10	3	7.845	6485.3267	276.3269	2.3269	 0.59	 0.04	170.82	 4.44	28.76	 0.62	10.75	 1.14	328.52	276.48	280.42	258.58	282.04	0	51.72
2012	10	3	8.283	6485.3452	276.3452	2.3451	 0.50	 0.05	189.01	 8.67	 4.39	 1.00	10.73	 1.20	328.52	276.42	282.39	259.13	281.91	0	51.83
2012	10	3	8.721	6485.3633	276.3634	2.3634	 0.59	 0.05	176.04	 5.91	 3.70	 1.00	10.75	 1.17	328.51	276.40	282.58	258.83	281.86	0	51.77
2012	10	3	9.159	6485.3818	276.3817	2.3816	 0.62	 0.05	173.44	 6.18	 4.18	 1.00	10.78	 1.19	328.49	276.34	282.62	 0.00	281.75	0	54.00
2012	10	3	9.600	6485.3999	276.4000	2.4000	 0.59	 0.05	179.27	 5.88	 5.80	 1.00	10.72	 1.19	328.56	276.27	282.96	258.45	280.34	0	51.69
2012	10	3	10.062	6485.4194	276.4193	2.4193	 0.65	 0.04	178.39	 4.85	 7.45	 0.99	10.82	 1.25	328.68	276.25	282.06	259.17	281.58	0	51.83
2012	10	3	10.942	6485.4561	276.4559	2.4559	 0.51	 0.05	177.45	 8.05	 5.97	 1.00	10.75	 1.20	328.67	277.06	279.35	262.14	282.33	0	52.43
2012	10	3	12.721	6485.5303	276.5300	2.5300	 0.54	 0.04	174.11	 5.79	 1.96	 1.00	10.77	 1.26	328.95	282.84	288.18	266.24	289.30	0	53.25
2012	10	3	14.972	6485.6240	276.6238	2.6238	 0.46	 0.04	177.07	 6.81	19.10	 0.82	10.75	 1.08	326.85	292.16	297.52	273.61	298.86	0	54.72
2012	10	3	15.850	6485.6606	276.6604	2.6604	 0.56	 0.03	174.51	 4.19	 7.25	 0.95	10.75	 1.14	327.10	294.82	302.09	277.31	301.19	0	55.46
2012	10	3	16.289	6485.6787	276.6787	2.6787	 0.72	 0.03	178.71	 3.02	 5.41	 0.98	10.80	 1.29	326.61	295.48	306.67	279.35	302.28	0	55.87
2012	10	3	16.754	6485.6982	276.6981	2.6981	 0.71	 0.03	173.34	 2.90	12.43	 0.83	10.77	 1.17	327.95	296.36	303.73	280.54	302.82	0	56.11
2012	10	3	18.071	6485.7529	276.7530	2.7530	 0.51	 0.04	181.46	 6.96	 8.81	 0.98	10.75	 1.07	329.60	297.76	306.83	281.85	301.95	0	56.37
2012	10	3	18.974	6485.7905	276.7906	2.7906	 0.96	 0.12	171.28	 6.09	22.32	 1.00	10.75	 1.18	329.72	297.30	306.17	278.69	301.85	0	55.74
2012	10	3	21.188	6485.8828	276.8828	2.8828	 0.90	 0.06	195.34	 3.87	31.28	 0.90	10.77	 1.18	329.47	292.46	302.22	273.98	297.87	0	54.80
2012	10	3	22.504	6485.9375	276.9377	2.9377	 0.92	 0.05	192.47	 3.32	 9.99	 0.98	10.73	 1.18	329.29	288.13	297.55	265.89	294.57	0	53.18
2012	10	3	22.943	6485.9561	276.9560	2.9560	 0.79	 0.07	180.81	 5.64	26.47	 0.97	10.83	 1.15	329.42	286.74	296.76	264.59	291.82	0	52.92
2012	10	4	5.582	6486.2324	277.2326	3.2326	 0.49	 0.04	178.88	 6.48	 7.62	 0.98	10.75	 1.18	329.11	274.73	279.09	261.98	280.42	0	52.40
2012	10	4	6.923	6486.2886	277.2885	3.2884	 0.34	 0.05	206.25	16.49	31.07	 0.90	10.82	 1.12	329.16	276.18	278.84	261.16	 0.00	0	52.23
2012	10	4	7.362	6486.3066	277.3067	3.3067	 0.45	 0.04	179.77	 8.51	16.22	 0.94	10.73	 1.16	329.14	276.45	279.34	261.20	283.49	0	52.24
2012	10	4	8.704	6486.3628	277.3627	3.3627	 0.45	 0.04	183.21	 8.07	12.76	 0.95	10.73	 1.17	329.14	276.88	283.40	260.76	282.44	0	52.15
2012	10	4	9.142	6486.3809	277.3809	3.3809	 0.54	 0.06	171.18	 8.27	15.07	 0.98	10.73	 1.23	329.18	276.93	282.32	260.66	282.45	0	52.13
2012	10	4	10.486	6486.4370	277.4369	3.4369	 0.31	 0.05	200.63	21.14	33.09	 0.91	10.78	 1.08	329.17	277.03	279.57	260.93	282.41	0	52.19
2012	10	4	11.366	6486.4736	277.4736	3.4736	 0.52	 0.06	164.97	 7.99	 3.11	 1.00	10.75	 1.26	329.32	278.06	283.16	263.46	283.51	0	52.69
2012	10	4	12.705	6486.5293	277.5294	3.5294	 0.51	 0.05	161.86	 7.70	 7.96	 0.99	10.77	 1.16	329.56	281.84	287.03	265.84	290.37	0	53.17
2012	10	4	13.584	6486.5659	277.5660	3.5660	 0.42	 0.04	174.57	 9.17	12.68	 0.96	10.78	 1.18	329.36	285.03	289.38	265.91	291.65	0	53.18
2012	10	4	14.461	6486.6025	277.6025	3.6025	 0.47	 0.06	166.12	10.96	21.51	 0.97	10.73	 1.15	329.34	288.46	292.18	266.09	294.73	0	53.22
2012	10	4	15.834	6486.6597	277.6597	3.6597	 0.71	 0.07	163.55	 5.81	19.30	 0.98	10.70	 1.19	329.41	292.55	298.20	273.81	298.66	0	54.76
2012	10	4	16.709	6486.6963	277.6962	3.6962	 0.46	 0.04	194.25	 8.07	14.55	 0.95	10.80	 1.12	327.94	294.11	300.97	276.00	302.83	0	55.20
2012	10	4	17.610	6486.7339	277.7337	3.7337	 0.61	 0.09	173.16	10.24	17.59	 1.00	10.72	 1.09	327.63	295.23	303.00	276.86	301.41	0	55.37
2012	10	4	19.386	6486.8076	277.8078	3.8078	 0.83	 0.07	193.44	 5.42	 4.68	 1.00	10.73	 1.26	327.69	294.37	305.38	 0.00	301.29	0	54.00
2012	10	4	19.825	6486.8262	277.8260	3.8260	 0.70	 0.12	177.90	11.22	 1.74	 1.00	10.77	 1.15	327.59	293.68	301.31	273.75	300.77	0	54.75
2012	10	4	21.139	6486.8809	277.8808	3.8808	 0.55	 0.10	170.42	13.24	37.07	 0.99	10.73	 0.88	327.44	290.41	288.78	270.74	295.64	0	54.15
2012	10	4	22.040	6486.9185	277.9183	3.9183	 0.85	 0.12	172.06	 7.70	 9.16	 1.00	10.77	 1.15	327.45	287.40	291.01	266.21	294.16	0	53.24
2012	10	4	22.917	6486.9551	277.9549	3.9549	 0.81	 0.06	193.61	 4.94	10.36	 0.99	10.75	 1.21	327.22	284.78	295.42	262.72	 0.00	0	52.54
2012	10	5	1.136	6487.0474	278.0474	4.0473	 0.61	 0.05	173.61	 6.39	 7.98	 0.99	10.77	 1.19	327.77	279.98	286.01	259.25	284.57	0	51.85
2012	10	5	10.014	6487.4175	278.4173	4.4173	 0.69	 0.06	175.30	 5.51	 1.21	 1.00	10.80	 1.12	328.44	274.75	279.46	260.11	280.14	0	52.02
2012	10	5	10.453	6487.4355	278.4355	4.4355	 0.68	 0.05	178.13	 5.30	 2.68	 1.00	10.77	 1.20	328.40	275.24	279.55	260.79	280.55	0	52.16
2012	10	5	11.359	6487.4731	278.4733	4.4733	 0.67	 0.06	177.45	 5.59	 0.84	 1.00	10.78	 1.27	328.52	276.75	280.91	262.63	283.97	0	52.53
2012	10	5	13.136	6487.5474	278.5473	4.5473	 0.61	 0.05	182.10	 6.56	 1.99	 1.00	10.78	 1.25	328.82	282.27	290.45	266.43	288.65	0	53.29
2012	10	5	14.455	6487.6021	278.6023	4.6023	 0.50	 0.05	191.63	 8.85	 3.24	 1.00	10.75	 1.18	329.17	287.21	292.71	265.50	290.78	0	53.10
2012	10	5	15.388	6487.6411	278.6412	4.6412	 0.58	 0.06	192.05	 8.14	 0.35	 1.00	10.77	 1.19	330.08	290.35	297.79	268.17	296.29	0	53.63
2012	10	5	15.828	6487.6597	278.6595	4.6595	 0.67	 0.06	183.15	 6.23	 9.40	 1.00	10.75	 1.21	329.98	291.54	299.26	271.99	296.91	0	54.40
2012	10	5	16.704	6487.6958	278.6960	4.6960	 0.70	 0.05	186.03	 4.95	 9.73	 0.99	10.75	 1.21	329.64	293.46	300.19	275.83	299.41	0	55.17
2012	10	5	17.607	6487.7334	278.7336	4.7336	 0.72	 0.06	186.07	 5.77	29.10	 0.95	10.78	 1.13	330.04	294.74	302.22	275.77	298.15	0	55.15
2012	10	6	0.267	6488.0112	279.0111	5.0111	 0.76	 0.05	177.43	 4.01	 3.61	 1.00	10.77	 1.24	329.17	280.95	289.01	259.80	286.75	0	51.96
2012	10	6	5.146	6488.2144	279.2144	5.2144	 0.44	 0.06	167.86	11.83	11.55	 0.99	10.77	 1.18	329.53	277.14	282.15	259.52	284.18	0	51.90
2012	10	6	6.024	6488.2510	279.2510	5.2510	 0.45	 0.06	178.17	12.27	 4.83	 1.00	10.75	 1.23	329.54	276.82	283.09	259.33	282.32	0	51.87
2012	10	6	6.925	6488.2886	279.2885	5.2886	 0.32	 0.07	196.46	25.50	15.39	 0.99	10.77	 1.07	329.59	276.54	280.83	259.18	280.73	0	51.84
2012	10	6	7.802	6488.3252	279.3251	5.3251	 0.48	 0.04	177.61	 7.56	 9.24	 0.98	10.75	 1.23	329.55	276.30	283.02	258.91	281.70	0	51.78
2012	10	6	8.679	6488.3618	279.3616	5.3616	 0.38	 0.05	172.26	13.48	34.19	 0.88	10.72	 1.16	329.57	276.13	280.86	259.14	281.44	0	51.83
2012	10	6	9.144	6488.3809	279.3810	5.3810	 0.45	 0.05	169.43	10.01	10.56	 0.99	10.77	 1.17	329.65	276.05	282.46	259.15	281.38	0	51.83
2012	10	6	10.023	6488.4175	279.4176	5.4176	 0.56	 0.05	159.10	 6.59	 2.93	 1.00	10.73	 1.22	329.56	275.98	283.40	259.39	281.14	0	51.88
2012	10	6	11.364	6488.4736	279.4735	5.4735	 0.39	 0.04	176.77	10.99	 8.14	 0.99	10.78	 1.21	329.85	277.23	280.75	262.15	284.16	0	52.43
2012	10	6	12.243	6488.5103	279.5101	5.5101	 0.41	 0.04	173.26	10.03	11.40	 0.97	10.73	 1.23	329.91	279.43	284.35	264.28	284.39	0	52.86
2012	10	6	13.119	6488.5469	279.5466	5.5466	 0.39	 0.06	182.68	14.40	20.37	 0.97	10.73	 1.23	330.09	282.39	288.84	266.37	288.43	0	53.27
2012	10	6	16.269	6488.6777	279.6779	5.6779	 0.56	 0.06	177.99	 9.01	82.19	 0.72	10.75	 1.13	330.21	293.18	299.54	273.20	299.01	0	54.64
2012	10	6	21.572	6488.8989	279.8988	5.8988	 1.62	 0.13	202.83	 2.58	 5.44	 1.00	10.75	 1.17	329.90	286.26	296.63	267.24	292.50	0	53.45
2012	10	6	22.473	6488.9365	279.9364	5.9364	 1.88	 0.13	197.06	 1.90	 6.29	 0.99	10.77	 1.16	329.86	284.12	291.10	261.83	288.86	0	52.37
2012	10	7	1.128	6489.0469	280.0470	6.0470	 1.20	 0.08	192.64	 2.87	 8.01	 0.99	10.73	 1.16	329.73	279.87	284.87	260.31	285.84	0	52.06
2012	10	7	2.444	6489.1021	280.1018	6.1018	 1.06	 0.07	194.10	 3.13	 3.10	 1.00	10.72	 1.24	329.72	279.02	284.30	260.57	285.93	0	52.11
2012	10	7	4.666	6489.1943	280.1944	6.1944	 0.73	 0.08	181.97	 7.09	 6.78	 1.00	10.80	 1.15	329.69	277.91	284.35	260.19	284.83	0	52.04
2012	10	7	6.447	6489.2686	280.2686	6.2686	 0.68	 0.05	175.97	 4.73	 7.66	 0.99	10.75	 1.21	329.67	277.25	280.80	259.39	282.83	0	51.88
2012	10	7	8.671	6489.3613	280.3613	6.3613	 0.49	 0.05	186.43	 8.66	12.04	 0.98	10.77	 1.24	329.73	276.47	283.14	259.51	 0.00	0	51.90
2012	10	7	9.574	6489.3989	280.3989	6.3989	 0.55	 0.06	170.66	 7.91	19.64	 0.97	10.80	 1.25	329.75	276.23	281.64	258.99	280.49	0	51.80
2012	10	7	10.899	6489.4541	280.4541	6.4541	 0.49	 0.05	181.64	 9.34	23.16	 0.95	10.73	 1.22	329.75	276.63	282.53	260.07	281.91	0	52.01
2012	10	7	13.116	6489.5464	280.5465	6.5465	 0.49	 0.04	195.75	 7.79	31.06	 0.82	10.75	 1.18	330.17	281.74	282.28	264.25	 0.00	0	52.85
2012	10	7	13.555	6489.5649	280.5648	6.5648	 0.79	 0.05	193.66	 3.93	15.00	 0.96	10.77	 1.27	330.22	283.31	289.35	266.01	286.68	0	53.20
2012	10	7	17.154	6489.7148	280.7148	6.7147	 0.71	 0.05	188.03	 5.05	45.14	 0.78	10.73	 1.01	330.48	294.36	299.05	277.07	302.93	0	55.41
2012	10	7	18.036	6489.7515	280.7515	6.7515	 0.94	 0.06	191.07	 3.58	22.28	 0.94	10.73	 1.12	330.26	295.41	304.94	 0.00	301.47	0	54.00
2012	10	7	19.817	6489.8257	280.8257	6.8257	 0.88	 0.05	190.35	 3.59	10.88	 0.98	10.73	 1.13	329.58	294.46	301.85	273.55	299.19	0	54.71
2012	10	8	0.256	6490.0107	281.0107	7.0106	 0.52	 0.04	198.04	 6.88	 7.38	 0.99	10.73	 1.21	329.06	282.09	288.44	261.82	289.24	0	52.36
2012	10	8	0.695	6490.0288	281.0290	7.0289	 0.60	 0.05	187.19	 6.17	 8.06	 0.99	10.77	 1.18	329.02	281.43	288.34	261.80	 0.00	0	52.36
2012	10	8	1.599	6490.0664	281.0666	7.0666	 0.54	 0.06	183.92	 8.56	16.28	 0.98	10.75	 1.08	329.08	280.38	284.23	261.40	287.83	0	52.28
2012	10	8	2.038	6490.0850	281.0849	7.0849	 0.57	 0.06	193.05	 8.82	 3.13	 1.00	10.78	 1.18	329.20	279.97	286.43	260.81	285.73	0	52.16
2012	10	8	4.258	6490.1772	281.1774	7.1774	 0.55	 0.04	182.89	 6.11	16.39	 0.93	10.72	 1.18	329.28	278.63	285.47	261.17	284.29	0	52.23
2012	10	8	4.698	6490.1958	281.1957	7.1957	 0.69	 0.04	177.73	 4.33	 6.51	 0.99	10.73	 1.26	329.24	278.43	287.34	261.50	284.11	0	52.30
2012	10	8	5.600	6490.2334	281.2333	7.2333	 0.57	 0.07	180.63	 8.91	 4.62	 1.00	10.77	 1.19	329.34	278.16	282.91	260.93	282.46	0	52.19
2012	10	8	11.800	6490.4917	281.4917	7.4917	 0.52	 0.04	169.08	 6.25	 3.59	 1.00	10.75	 1.23	329.61	276.94	281.26	265.87	280.67	0	53.17
2012	10	8	13.141	6490.5474	281.5475	7.5475	 0.76	 0.06	183.34	 4.91	 5.89	 1.00	10.73	 1.25	329.91	282.58	286.66	266.02	288.79	0	53.20
2012	10	8	14.018	6490.5840	281.5841	7.5841	 1.53	 0.08	197.11	 1.74	 2.86	 1.00	10.77	 1.19	329.89	286.45	291.93	266.81	292.66	0	53.36
2012	10	8	17.611	6490.7339	281.7338	7.7338	 1.14	 0.09	201.05	 3.94	 4.57	 1.00	10.73	 1.26	327.85	296.42	304.73	277.23	303.85	0	55.45
2012	10	8	18.049	6490.7520	281.7520	7.7520	 1.44	 0.12	195.93	 3.00	 9.32	 1.00	10.80	 1.17	327.84	296.50	305.41	277.43	302.66	0	55.49
2012	10	8	18.949	6490.7896	281.7896	7.7895	 1.97	 0.22	206.15	 2.97	 2.76	 1.00	10.77	 1.24	328.15	295.88	305.60	275.29	302.44	0	55.06
2012	10	8	19.389	6490.8081	281.8079	7.8079	 2.27	 0.48	194.01	 4.20	 3.82	 1.00	10.73	 1.11	328.07	295.34	301.04	274.71	302.10	0	54.94
2012	10	8	22.922	6490.9551	281.9551	7.9551	 1.95	 0.21	199.69	 2.72	14.81	 0.99	10.75	 1.09	328.06	285.09	292.53	262.00	291.13	0	52.40
2012	10	8	23.826	6490.9927	281.9927	7.9927	 1.97	 0.15	198.30	 1.90	 4.15	 1.00	10.73	 1.20	328.07	282.92	287.90	260.20	288.79	0	52.04
2012	10	9	1.607	6491.0669	282.0670	8.0670	 1.13	 0.07	194.37	 2.85	 2.60	 1.00	10.75	 1.18	327.36	279.73	285.78	259.32	285.42	0	51.86
2012	10	9	3.366	6491.1401	282.1403	8.1403	 1.18	 0.08	199.60	 2.99	 5.20	 1.00	10.77	 1.24	327.63	278.27	281.88	259.74	283.94	0	51.95
2012	10	9	5.589	6491.2329	282.2329	8.2329	 1.35	 0.08	202.18	 2.35	 3.99	 1.00	10.80	 1.19	327.79	277.25	283.32	259.54	283.97	0	51.91
2012	10	9	6.057	6491.2524	282.2524	8.2524	 1.73	 0.12	198.25	 2.04	 1.36	 1.00	10.77	 1.19	327.83	277.10	281.23	 0.00	282.49	0	54.00
2012	10	9	6.496	6491.2705	282.2707	8.2706	 1.61	 0.11	197.52	 2.25	 7.39	 0.99	10.73	 1.15	327.83	276.96	281.83	259.04	282.35	0	51.81
2012	10	9	7.373	6491.3071	282.3072	8.3072	 1.26	 0.08	197.08	 2.66	 5.36	 1.00	10.82	 1.23	327.97	276.66	282.61	259.13	283.21	0	51.83
2012	10	9	7.812	6491.3257	282.3255	8.3255	 1.02	 0.06	192.13	 2.83	 5.93	 0.99	10.73	 1.19	328.07	276.56	280.22	259.07	280.53	0	51.81
2012	10	9	8.716	6491.3633	282.3632	8.3632	 0.98	 0.04	191.96	 2.32	 1.68	 1.00	10.80	 1.20	327.81	276.27	281.66	258.46	281.55	0	51.69
2012	10	9	11.813	6491.4922	282.4922	8.4922	 0.77	 0.05	191.59	 4.55	 4.77	 1.00	10.73	 1.23	329.23	277.77	282.18	261.07	283.39	0	52.21
2012	10	9	15.801	6491.6582	282.6584	8.6584	 1.12	 0.08	196.69	 3.51	36.48	 0.92	10.73	 1.25	329.61	287.44	292.49	272.98	290.08	0	54.60
2012	10	9	17.177	6491.7158	282.7157	8.7157	 1.00	 0.07	200.78	 3.88	16.81	 0.98	10.75	 1.06	329.55	292.54	298.88	275.21	298.41	0	55.04
2012	10	9	18.931	6491.7886	282.7888	8.7888	 1.40	 0.21	205.35	 5.87	10.05	 1.00	10.73	 1.28	329.36	293.77	307.62	273.62	300.09	0	54.72
2012	10	9	21.147	6491.8813	282.8811	8.8811	 1.28	 0.19	201.22	 6.22	29.52	 1.00	10.73	 1.21	329.14	289.98	301.76	269.67	296.85	0	53.93
2012	10	9	23.833	6491.9932	282.9930	8.9930	 1.28	 0.07	199.87	 2.33	 3.11	 1.00	10.85	 1.15	325.09	282.30	290.73	260.32	287.84	0	52.06
2012	10	10	3.810	6492.1587	283.1588	9.1587	 0.77	 0.05	185.87	 4.26	 6.62	 0.99	10.77	 1.25	329.05	276.78	280.99	262.90	282.56	0	52.58
2012	10	10	5.153	6492.2148	283.2147	9.2147	 0.90	 0.05	194.10	 3.37	 2.89	 1.00	10.82	 1.26	329.04	277.63	284.15	261.76	283.30	0	52.35
2012	10	10	6.034	6492.2515	283.2514	9.2514	 0.71	 0.05	179.85	 5.00	22.12	 0.94	10.78	 1.13	329.08	277.63	280.02	260.04	284.55	0	52.01
2012	10	10	6.500	6492.2710	283.2708	9.2708	 0.74	 0.07	179.50	 6.10	 9.93	 1.00	10.83	 1.12	329.11	277.42	281.07	259.65	281.65	0	51.93
2012	10	10	7.380	6492.3076	283.3075	9.3075	 0.42	 0.05	200.78	13.49	25.15	 0.96	10.73	 1.06	329.04	277.08	282.62	259.76	281.24	0	51.95
2012	10	10	7.818	6492.3257	283.3257	9.3258	 0.70	 0.05	173.64	 4.20	 6.11	 0.99	10.77	 1.22	329.04	276.96	281.21	259.54	283.55	0	51.91
2012	10	10	8.255	6492.3437	283.3440	9.3440	 0.73	 0.05	168.63	 4.06	 6.28	 0.99	10.73	 1.19	329.02	276.83	281.67	259.60	282.22	0	51.92
2012	10	10	11.386	6492.4746	283.4744	9.4744	 0.72	 0.04	173.61	 3.68	 0.87	 1.00	10.73	 1.30	329.22	277.89	284.34	262.84	283.26	0	52.57
2012	10	10	11.828	6492.4927	283.4928	9.4928	 0.66	 0.06	179.50	 6.30	 6.44	 1.00	10.75	 1.26	329.35	278.84	285.25	263.89	282.54	0	52.78
2012	10	10	14.489	6492.6035	283.6037	9.6037	 0.83	 0.04	182.98	 2.76	 3.70	 0.99	10.80	 1.29	329.68	287.83	294.66	266.01	293.82	0	53.20
2012	10	10	15.395	6492.6416	283.6414	9.6415	 0.72	 0.04	197.50	 4.38	10.25	 0.98	10.78	 1.12	326.55	290.81	296.40	269.61	296.25	0	53.92
2012	10	10	18.515	6492.7715	283.7715	9.7715	 1.66	 0.14	194.92	 2.57	 3.70	 1.00	10.72	 1.11	329.60	292.19	295.45	276.28	297.69	0	55.26
2012	10	10	20.733	6492.8638	283.8639	9.8639	 2.40	 0.27	208.78	 2.20	 2.43	 1.00	10.78	 1.29	329.26	290.22	301.13	265.58	297.10	0	53.12
2012	10	10	22.949	6492.9561	283.9562	9.9562	 2.13	 0.19	198.05	 1.99	14.28	 0.97	10.73	 1.19	329.13	284.83	291.17	262.02	292.08	0	52.40
2012	10	10	23.826	6492.9927	283.9928	9.9928	 1.76	 0.17	196.69	 2.72	 5.59	 1.00	10.88	 1.13	329.12	282.98	289.73	260.59	288.95	0	52.12
2012	10	11	0.290	6493.0122	284.0121	10.0121	 1.97	 0.16	200.75	 2.07	 2.80	 1.00	10.77	 1.18	329.17	282.06	288.92	260.23	288.01	0	52.05
2012	10	11	2.513	6493.1045	284.1047	10.1047	 1.40	 0.07	195.12	 1.81	 7.97	 0.97	10.85	 1.14	329.10	278.84	282.06	 0.00	284.23	0	54.00
2012	10	11	4.264	6493.1777	284.1777	10.1777	 1.33	 0.07	196.03	 2.12	 5.22	 0.99	10.78	 1.20	329.04	277.38	281.35	258.04	282.77	0	51.61
2012	10	11	6.047	6493.2520	284.2520	10.2520	 0.66	 0.04	178.41	 4.44	 9.26	 0.98	10.73	 1.19	329.02	276.46	282.45	258.06	281.82	0	51.61
2012	10	11	7.388	6493.3076	284.3078	10.3078	 0.66	 0.05	174.27	 5.03	 2.30	 1.00	10.75	 1.19	329.05	275.81	281.73	257.35	279.86	0	51.47
2012	10	11	8.268	6493.3447	284.3445	10.3445	 0.63	 0.05	177.09	 6.13	 2.29	 1.00	10.87	 1.15	329.09	275.57	280.01	257.39	280.82	0	51.48
2012	10	11	9.172	6493.3823	284.3821	10.3822	 0.73	 0.05	174.88	 3.86	 3.52	 1.00	10.80	 1.19	329.23	275.28	279.86	256.97	280.47	0	51.39
2012	10	11	14.054	6493.5854	284.5856	10.5856	 0.72	 0.05	177.90	 4.78	 4.30	 1.00	10.85	 1.30	329.86	285.33	291.88	266.20	291.17	0	53.24
2012	10	11	15.832	6493.6597	284.6597	10.6597	 0.84	 0.06	177.65	 3.85	 7.74	 0.99	10.77	 1.18	329.53	291.54	297.29	272.81	297.49	0	54.56
2012	10	11	17.149	6493.7144	284.7145	10.7145	 0.53	 0.06	183.89	 8.99	20.30	 0.97	10.73	 0.96	329.26	294.24	298.97	275.07	302.55	0	55.01
2012	10	11	18.522	6493.7720	284.7717	10.7717	 1.33	 0.11	194.78	 3.20	 7.29	 1.00	10.73	 1.27	329.22	294.79	303.93	275.98	301.15	0	55.20
2012	10	11	19.398	6493.8081	284.8083	10.8083	 1.31	 0.08	196.32	 2.60	 8.90	 0.99	10.73	 1.25	329.10	294.15	302.39	275.54	300.92	0	55.11
2012	10	11	20.303	6493.8462	284.8459	10.8459	 1.36	 0.10	192.77	 2.70	11.41	 0.99	10.78	 1.12	329.07	292.58	300.84	273.26	299.77	0	54.65
2012	10	11	23.402	6493.9751	284.9751	10.9751	 1.17	 0.07	196.34	 2.76	 7.45	 0.99	10.72	 1.20	328.85	282.94	291.12	258.89	287.61	0	51.78
2012	10	11	23.840	6493.9932	284.9933	10.9933	 1.16	 0.06	199.97	 2.44	 4.74	 1.00	10.73	 1.20	328.82	281.85	290.44	258.18	287.59	0	51.64
2012	10	12	2.059	6494.0859	285.0858	11.0858	 0.99	 0.06	184.65	 3.09	 2.85	 1.00	10.73	 1.21	328.94	278.13	283.03	258.19	284.90	0	51.64
2012	10	12	2.499	6494.1040	285.1041	11.1041	 0.87	 0.03	181.84	 2.27	 7.23	 0.95	10.72	 1.21	328.95	277.77	284.02	258.09	283.24	0	51.62
2012	10	12	4.719	6494.1968	285.1966	11.1966	 0.55	 0.05	179.32	 7.16	11.86	 0.98	10.73	 1.20	329.02	276.62	281.90	259.59	282.24	0	51.92
2012	10	12	5.622	6494.2344	285.2343	11.2342	 0.46	 0.04	183.39	 8.70	25.11	 0.89	10.77	 1.12	329.02	276.46	279.61	258.98	282.12	0	51.80
2012	10	12	6.500	6494.2710	285.2708	11.2708	 0.59	 0.05	181.49	 6.80	 1.31	 1.00	10.75	 1.23	329.04	276.21	281.87	259.12	281.84	0	51.82
2012	10	12	7.845	6494.3267	285.3269	11.3269	 0.59	 0.04	178.52	 4.70	 5.23	 0.99	10.78	 1.17	329.09	275.98	281.61	259.05	281.57	0	51.81
2012	10	12	8.726	6494.3638	285.3636	11.3636	 0.54	 0.04	174.17	 5.88	14.32	 0.94	10.73	 1.19	329.09	276.01	282.10	259.39	281.53	0	51.88
2012	10	12	9.165	6494.3818	285.3819	11.3819	 0.61	 0.03	177.83	 3.66	 4.77	 0.98	10.77	 1.29	329.12	276.02	280.95	259.57	280.22	0	51.91
2012	10	12	12.730	6494.5303	285.5304	11.5304	 0.72	 0.04	177.38	 3.40	 4.62	 0.99	10.85	 1.29	329.60	281.49	288.20	265.82	287.81	0	53.16
2012	10	12	13.172	6494.5488	285.5488	11.5488	 0.54	 0.04	186.39	 6.39	12.50	 0.97	10.82	 1.20	329.70	283.35	287.38	265.91	289.76	0	53.18
2012	10	12	13.610	6494.5669	285.5671	11.5671	 0.73	 0.05	179.22	 4.60	 9.55	 0.99	10.75	 1.24	329.72	285.14	292.96	265.73	 0.00	0	53.15
2012	10	12	14.951	6494.6230	285.6230	11.6230	 0.62	 0.04	186.80	 5.55	17.43	 0.95	10.72	 1.15	329.49	290.47	295.93	270.14	296.96	0	54.03
2012	10	12	16.730	6494.6973	285.6971	11.6971	 0.81	 0.05	189.08	 3.98	 5.31	 1.00	10.75	 1.17	327.82	295.68	304.89	277.85	301.54	0	55.57
2012	10	12	17.167	6494.7153	285.7153	11.7153	 0.73	 0.06	193.29	 5.47	 5.10	 1.00	10.75	 1.09	328.35	296.37	306.70	278.61	302.68	0	55.72
2012	10	12	17.605	6494.7334	285.7335	11.7335	 0.78	 0.04	188.34	 3.55	17.18	 0.92	10.78	 1.07	326.75	296.75	306.00	279.35	303.18	0	55.87
2012	10	12	18.042	6494.7520	285.7518	11.7518	 0.90	 0.06	192.10	 3.56	11.55	 0.98	10.73	 1.18	326.56	296.81	309.04	278.20	305.81	0	55.64
2012	10	12	21.629	6494.9014	285.9012	11.9012	 0.95	 0.19	217.52	12.51	31.60	 1.00	10.73	 1.22	326.96	290.32	303.91	271.83	 0.00	0	54.37
2012	10	12	22.974	6494.9570	285.9572	11.9572	 0.89	 0.09	191.20	 5.70	 6.75	 1.00	10.78	 1.14	326.64	285.63	293.90	263.05	293.44	0	52.61
2012	10	12	23.413	6494.9756	285.9755	11.9755	 0.81	 0.05	189.72	 4.10	 3.12	 1.00	10.73	 1.14	326.55	284.40	290.86	261.96	292.03	0	52.39
2012	10	13	0.292	6495.0122	286.0122	12.0122	 0.84	 0.05	189.95	 3.28	 3.12	 1.00	10.77	 1.19	326.52	282.40	290.56	262.52	289.07	0	52.50
2012	10	13	2.071	6495.0864	286.0863	12.0863	 0.83	 0.06	186.19	 4.06	 6.24	 1.00	10.82	 1.20	326.90	280.05	285.40	261.68	286.08	0	52.34
2012	10	13	3.849	6495.1602	286.1604	12.1604	 0.88	 0.05	196.34	 3.19	 7.03	 0.99	10.73	 1.26	327.44	279.02	285.17	261.84	284.94	0	52.37
2012	10	13	4.288	6495.1787	286.1787	12.1787	 0.94	 0.06	194.67	 3.79	10.82	 0.99	10.72	 1.24	327.43	278.91	285.42	262.29	286.20	0	52.46
2012	10	13	4.726	6495.1968	286.1969	12.1969	 1.07	 0.07	197.11	 3.33	 4.36	 1.00	10.73	 1.23	327.38	278.91	283.81	262.87	284.78	0	52.57
2012	10	13	5.165	6495.2153	286.2152	12.2152	 1.37	 0.05	201.35	 1.61	 7.80	 0.96	10.75	 1.28	327.43	278.95	285.62	263.08	284.75	0	52.62
2012	10	13	6.506	6495.2710	286.2711	12.2711	 1.34	 0.06	201.78	 1.83	 5.58	 0.99	10.83	 1.21	327.49	278.97	284.07	262.49	 0.00	0	52.50
2012	10	13	6.948	6495.2896	286.2895	12.2895	 1.44	 0.09	200.76	 2.32	 7.08	 0.99	10.73	 1.20	327.50	278.91	283.78	262.21	284.63	0	52.44
2012	10	13	7.388	6495.3076	286.3078	12.3078	 1.51	 0.07	203.81	 1.63	 1.84	 1.00	10.73	 1.25	327.51	278.88	284.65	262.18	284.54	0	52.44
2012	10	13	7.854	6495.3271	286.3273	12.3273	 1.96	 0.15	201.22	 1.97	 2.81	 1.00	10.77	 1.22	327.61	278.83	283.42	262.14	284.49	0	52.43
2012	10	13	10.073	6495.4199	286.4197	12.4197	 2.57	 0.23	203.54	 1.50	 4.14	 1.00	10.77	 1.20	327.63	278.91	283.58	262.76	284.43	0	52.55
2012	10	13	11.830	6495.4927	286.4929	12.4929	 3.08	 1.11	198.63	 4.05	92.76	 0.95	10.75	 1.26	327.84	281.56	275.31	265.93	289.60	0	53.19
2012	10	13	13.170	6495.5488	286.5487	12.5487	 2.18	 0.42	208.59	 4.40	58.61	 0.98	10.73	 1.18	328.13	285.96	287.90	266.00	289.78	0	53.20
2012	10	13	13.609	6495.5669	286.5670	12.5671	 2.15	 0.16	210.48	 1.71	12.91	 0.96	10.73	 1.24	328.05	287.39	294.05	265.84	294.10	0	53.17
2012	10	13	14.048	6495.5854	286.5854	12.5853	 2.35	 0.25	203.48	 2.11	 8.99	 0.99	10.73	 1.18	327.57	289.12	295.39	 0.00	295.67	0	54.00
2012	10	13	16.723	6495.6968	286.6968	12.6968	 1.56	 0.11	202.49	 2.52	 4.84	 1.00	10.77	 1.12	326.88	296.65	303.20	277.64	305.57	0	55.53
2012	10	13	21.190	6495.8828	286.8829	12.8829	 2.22	 0.25	196.26	 2.32	14.97	 0.99	10.77	 1.00	329.26	293.76	305.05	274.67	301.43	0	54.93
2012	10	13	22.071	6495.9194	286.9196	12.9196	 2.59	 0.78	212.72	 5.20	46.85	 1.00	10.77	 1.28	329.08	290.86	305.93	265.86	298.22	0	53.17
2012	10	13	22.509	6495.9380	286.9379	12.9379	 2.42	 0.26	207.08	 2.04	 5.23	 1.00	10.77	 1.28	329.16	289.47	298.84	265.77	295.99	0	53.15
2012	10	13	22.948	6495.9561	286.9561	12.9561	 2.39	 0.22	200.51	 1.76	 2.06	 1.00	10.77	 1.11	329.24	288.15	296.51	 0.00	295.22	0	54.00
2012	10	14	0.729	6496.0303	287.0304	13.0304	 2.89	 0.36	201.76	 1.64	 1.11	 1.00	10.87	 1.17	329.37	283.98	289.96	263.10	 0.00	0	52.62
2012	10	14	2.514	6496.1050	287.1048	13.1048	 2.66	 0.26	201.24	 1.50	 3.79	 1.00	10.78	 1.20	329.37	282.15	286.26	264.13	287.93	0	52.83
2012	10	14	4.295	6496.1792	287.1790	13.1790	 3.14	 0.48	206.34	 1.70	 6.17	 1.00	10.72	 1.18	329.48	281.24	287.87	263.86	286.92	0	52.77
2012	10	14	6.075	6496.2529	287.2531	13.2531	 3.87	 0.82	201.79	 1.35	 1.97	 1.00	10.75	 1.14	329.60	281.95	285.23	265.12	287.49	0	53.02
2012	10	14	7.830	6496.3262	287.3263	13.3263	 3.20	 0.48	206.66	 1.62	 1.35	 1.00	10.72	 1.20	329.57	282.75	288.79	 0.00	289.61	0	54.00
2012	10	14	11.394	6496.4746	287.4748	13.4748	 4.00	 1.09	205.39	 1.59	 0.33	 1.00	10.80	 1.20	329.54	283.53	289.87	265.12	287.41	0	53.02
2012	10	14	15.388	6496.6411	287.6411	13.6412	 3.05	 0.49	205.81	 1.93	 5.58	 1.00	10.73	 1.29	329.94	295.23	300.34	274.79	301.34	0	54.96
2012	10	14	16.263	6496.6777	287.6776	13.6776	 2.76	 0.44	199.01	 2.31	 5.72	 1.00	10.80	 1.05	329.96	297.34	305.76	277.17	303.14	0	55.43
2012	10	14	17.603	6496.7334	287.7335	13.7335	 2.76	 0.48	210.11	 2.64	14.48	 0.99	10.73	 1.24	327.50	298.10	306.10	276.75	306.75	0	55.35
2012	10	14	18.480	6496.7700	287.7700	13.7700	 3.40	 0.54	209.73	 1.50	12.16	 0.96	10.77	 1.21	327.40	296.77	307.80	271.94	303.68	0	54.39
2012	10	14	18.917	6496.7881	287.7882	13.7882	18.08	1231479.62	209.84	 1.37	 8.72	 0.98	10.73	 1.24	327.32	295.67	306.98	269.54	304.91	0	53.91
2012	10	14	19.853	6496.8271	287.8272	13.8272	 3.00	 0.41	203.28	 1.67	14.11	 0.96	10.77	 1.15	327.32	293.30	301.86	266.14	300.52	0	53.23
2012	10	14	23.398	6496.9751	287.9749	13.9749	 4.63	 1.86	199.20	 1.39	 2.18	 1.00	10.73	 1.15	328.56	284.51	290.27	261.73	 0.00	0	52.35
2012	10	15	0.305	6497.0127	288.0127	14.0127	 2.65	 0.31	198.56	 1.80	 7.72	 0.99	10.77	 1.16	328.69	282.77	286.88	260.37	288.45	0	52.07
2012	10	15	1.623	6497.0674	288.0676	14.0676	 2.24	 0.15	198.56	 1.45	 6.73	 0.98	10.75	 1.16	328.72	281.72	286.18	260.82	 0.00	0	52.16
2012	10	15	2.527	6497.1055	288.1053	14.1053	 2.13	 0.16	199.17	 1.66	 2.92	 1.00	10.85	 1.22	329.00	280.88	286.18	 0.00	287.76	0	54.00
2012	10	15	5.194	6497.2163	288.2164	14.2164	 1.20	 0.06	192.72	 2.10	 2.24	 1.00	10.85	 1.14	328.69	278.31	282.36	258.36	282.46	0	51.67
2012	10	15	8.314	6497.3462	288.3464	14.3464	 0.72	 0.04	187.40	 3.73	 3.89	 1.00	10.82	 1.13	328.95	276.44	280.94	257.33	280.35	0	51.47
2012	10	15	8.782	6497.3657	288.3659	14.3659	 0.79	 0.04	187.40	 3.42	 8.26	 0.98	10.97	 1.15	328.91	276.26	281.22	257.31	281.44	0	51.46
2012	10	15	9.224	6497.3843	288.3843	14.3843	 0.77	 0.04	190.50	 3.68	 4.47	 1.00	10.75	 1.21	328.91	276.08	280.95	257.45	 0.00	0	51.49
2012	10	15	10.105	6497.4209	288.4211	14.4210	 0.81	 0.05	183.05	 3.46	 2.79	 1.00	10.80	 1.15	327.83	275.92	279.34	257.91	279.70	0	51.58
2012	10	15	10.546	6497.4395	288.4394	14.4394	 0.78	 0.05	180.82	 3.92	 1.86	 1.00	10.75	 1.17	327.94	276.20	279.65	260.12	279.75	0	52.02
2012	10	15	11.010	6497.4590	288.4588	14.4588	 0.83	 0.04	179.63	 2.94	 3.06	 1.00	10.77	 1.23	328.04	276.83	280.54	262.49	283.03	0	52.50
2012	10	15	16.760	6497.6982	288.6983	14.6983	 0.77	 0.05	192.25	 4.14	27.85	 0.87	10.77	 1.13	329.71	296.29	303.86	279.66	302.51	0	55.93
2012	10	15	19.919	6497.8301	288.8300	14.8299	 0.67	 0.05	182.43	 5.63	 7.85	 1.00	10.77	 1.07	328.17	296.27	308.14	279.61	304.01	0	55.92
2012	10	15	20.357	6497.8481	288.8482	14.8482	 0.79	 0.04	187.40	 3.00	 2.27	 1.00	10.73	 1.22	327.95	295.36	307.26	279.98	303.25	0	56.00
2012	10	15	20.797	6497.8667	288.8665	14.8665	 0.80	 0.04	191.56	 3.02	 3.98	 0.99	10.73	 1.13	327.88	294.26	305.48	 0.00	302.05	0	54.00
2012	10	15	21.234	6497.8848	288.8848	14.8848	 0.83	 0.04	190.07	 3.24	 4.65	 1.00	10.72	 1.13	327.89	293.14	303.74	277.58	300.79	0	55.52
2012	10	16	0.358	6498.0151	289.0149	15.0149	 1.28	 0.05	198.83	 1.53	 7.51	 0.94	10.78	 1.24	328.69	284.30	292.86	262.45	290.29	0	52.49
2012	10	16	2.113	6498.0879	289.0880	15.0880	 0.77	 0.08	199.20	 6.83	14.40	 1.00	10.77	 1.15	328.49	281.27	284.00	261.19	287.01	0	52.24
2012	10	16	4.331	6498.1807	289.1805	15.1804	 0.77	 0.05	191.74	 4.72	 0.47	 1.00	10.72	 1.15	328.50	279.70	284.89	 0.00	285.55	0	54.00
2012	10	16	4.794	6498.1997	289.1998	15.1998	 0.85	 0.05	193.51	 3.39	 5.01	 1.00	10.77	 1.21	328.58	279.47	285.59	261.29	283.73	0	52.26
2012	10	16	8.776	6498.3657	289.3657	15.3656	 0.95	 0.05	191.82	 2.67	 3.27	 1.00	10.73	 1.21	329.30	278.55	282.40	260.57	283.98	0	52.11
2012	10	16	14.548	6498.6060	289.6062	15.6062	 0.85	 0.05	193.78	 3.30	 2.08	 1.00	10.73	 1.11	329.88	290.87	297.38	273.47	294.82	0	54.69
2012	10	16	14.987	6498.6245	289.6245	15.6244	 0.86	 0.05	196.04	 3.71	 2.80	 1.00	10.73	 1.14	329.71	292.55	300.02	274.16	299.31	0	54.83
2012	10	16	15.427	6498.6426	289.6428	15.6428	 0.93	 0.04	194.19	 2.66	 2.19	 1.00	10.80	 1.21	329.83	294.20	301.53	276.15	300.44	0	55.23
2012	10	16	16.769	6498.6987	289.6987	15.6987	 0.87	 0.04	193.01	 2.45	 4.56	 0.99	10.73	 1.17	328.56	297.78	307.27	280.93	304.24	0	56.19
2012	10	16	17.207	6498.7168	289.7169	15.7170	 0.75	 0.06	181.73	 4.72	 7.15	 1.00	10.72	 0.99	328.35	298.46	308.04	283.30	302.14	0	56.66
2012	10	16	18.549	6498.7729	289.7729	15.7729	 0.94	 0.06	193.52	 3.45	 5.02	 1.00	10.73	 1.15	322.75	298.52	309.05	282.61	307.61	0	56.52
2012	10	16	18.988	6498.7910	289.7912	15.7912	 0.98	 0.06	187.87	 3.20	 3.21	 1.00	10.73	 1.11	322.24	298.09	310.89	284.11	305.41	0	56.82
2012	10	16	19.865	6498.8276	289.8277	15.8277	 0.98	 0.06	189.69	 3.30	 4.48	 1.00	10.75	 1.12	322.11	296.74	310.64	282.04	304.83	0	56.41
2012	10	16	20.800	6498.8667	289.8667	15.8667	 0.94	 0.05	196.74	 2.86	 0.77	 1.00	10.75	 1.13	321.82	294.49	308.02	278.58	302.71	0	55.72
2012	10	16	21.239	6498.8848	289.8849	15.8850	 1.03	 0.04	190.12	 2.10	 1.50	 1.00	10.75	 1.11	321.98	293.24	306.19	277.65	299.82	0	55.53
2012	10	16	23.456	6498.9775	289.9774	15.9773	 0.89	 0.05	192.55	 3.59	 1.42	 1.00	10.75	 1.17	325.66	286.58	293.74	265.45	294.64	0	53.09
2012	10	17	0.796	6499.0332	290.0332	16.0332	 0.81	 0.04	180.73	 3.21	 2.23	 1.00	10.77	 1.18	326.01	283.73	289.92	265.05	290.08	0	53.01
2012	10	17	3.013	6499.1255	290.1255	16.1255	 0.74	 0.05	186.76	 4.03	 1.98	 1.00	10.75	 1.23	325.51	281.37	289.58	264.96	286.23	0	52.99
2012	10	17	3.450	6499.1436	290.1438	16.1438	 0.58	 0.04	186.80	 5.81	11.85	 0.97	10.75	 1.11	325.30	281.17	287.20	264.98	287.53	0	53.00
2012	10	17	5.229	6499.2178	290.2179	16.2179	 0.76	 0.04	179.79	 3.67	10.89	 0.97	10.80	 1.17	324.69	280.14	286.48	263.82	285.06	0	52.76
2012	10	17	5.669	6499.2363	290.2362	16.2362	 0.66	 0.04	178.05	 4.51	 1.55	 1.00	10.77	 1.17	324.81	279.93	284.23	264.24	286.18	0	52.85
2012	10	17	6.108	6499.2544	290.2545	16.2545	 0.78	 0.04	180.22	 3.31	 0.95	 1.00	10.73	 1.29	324.86	279.79	286.33	264.15	285.96	0	52.83
2012	10	17	6.546	6499.2729	290.2727	16.2727	 0.58	 0.05	179.10	 6.47	 5.01	 1.00	10.73	 1.11	324.59	279.66	283.68	264.25	285.93	0	52.85
2012	10	17	8.767	6499.3652	290.3653	16.3653	 0.72	 0.04	178.84	 3.24	 3.23	 0.99	10.78	 1.25	327.42	279.05	283.90	262.63	286.28	0	52.53
2012	10	17	9.672	6499.4028	290.4030	16.4030	 0.48	 0.04	189.39	 8.61	11.57	 0.98	10.77	 1.12	327.59	278.85	280.96	262.23	284.74	0	52.45
2012	10	17	10.551	6499.4395	290.4396	16.4396	 0.50	 0.06	201.35	10.98	63.34	 0.83	10.82	 1.21	327.91	279.21	282.52	265.02	284.86	0	53.00
2012	10	17	12.327	6499.5137	290.5136	16.5136	 0.57	 0.04	177.01	 5.94	 2.35	 1.00	10.75	 1.14	328.27	283.74	289.09	269.78	290.26	0	53.96
2012	10	17	14.546	6499.6060	290.6061	16.6061	 0.77	 0.04	183.12	 2.98	 2.68	 1.00	10.73	 1.25	327.67	292.37	299.90	274.39	299.32	0	54.88
2012	10	17	15.421	6499.6426	290.6425	16.6426	 0.73	 0.04	185.66	 4.09	 7.40	 0.99	10.75	 1.15	325.58	295.38	302.10	279.78	 0.00	0	55.96
2012	10	17	15.859	6499.6606	290.6608	16.6608	 1.34	 0.40	176.37	10.68	60.75	 1.00	10.72	 1.26	324.71	296.48	306.45	280.46	303.32	0	56.09
2012	10	17	18.975	6499.7905	290.7906	16.7906	 0.74	 0.04	187.53	 3.95	10.28	 0.98	10.73	 1.10	325.32	295.58	307.12	283.74	301.46	0	56.75
2012	10	17	19.413	6499.8091	290.8089	16.8089	 0.75	 0.04	198.61	 3.95	 3.23	 1.00	10.73	 1.18	325.42	295.47	306.06	282.86	304.43	0	56.57
2012	10	17	20.290	6499.8452	290.8454	16.8454	 0.94	 0.06	186.17	 3.54	 1.99	 1.00	10.72	 1.05	325.29	294.60	305.66	280.78	300.22	0	56.16
2012	10	17	23.005	6499.9585	290.9585	16.9585	 1.30	 0.07	193.92	 2.05	18.37	 0.89	10.77	 1.20	322.01	287.31	296.81	265.71	293.06	0	53.14
2012	10	18	1.654	6500.0688	291.0689	17.0689	 0.68	 0.05	195.40	 5.82	 6.13	 1.00	10.80	 1.06	321.32	277.51	286.75	263.84	282.85	0	52.77
2012	10	18	2.095	6500.0874	291.0873	17.0873	 0.86	 0.06	193.45	 4.23	 4.76	 1.00	10.75	 1.18	328.70	277.83	282.02	262.58	284.40	0	52.52
2012	10	18	4.755	6500.1982	291.1981	17.1981	 0.97	 0.05	192.99	 2.79	 1.91	 1.00	10.75	 1.20	328.88	278.86	283.14	262.39	284.49	0	52.48
2012	10	18	5.655	6500.2358	291.2356	17.2356	 0.91	 0.05	195.46	 3.37	 3.55	 1.00	10.77	 1.14	328.91	278.97	282.79	262.04	284.60	0	52.41
2012	10	18	10.103	6500.4209	291.4210	17.4209	 0.91	 0.05	190.57	 3.25	 1.16	 1.00	10.85	 1.20	328.96	279.03	283.80	 0.00	284.48	0	54.00
2012	10	18	11.857	6500.4941	291.4940	17.4941	 0.74	 0.14	243.50	16.26	1382.38	 0.26	10.72	 1.17	329.22	282.60	285.41	269.00	288.62	0	53.80
2012	10	18	14.967	6500.6235	291.6236	17.6236	 0.88	 0.04	198.99	 2.97	 0.59	 1.00	10.73	 1.16	329.49	289.82	297.45	275.95	294.23	0	55.19
2012	10	18	15.406	6500.6421	291.6419	17.6419	 0.82	 0.04	195.95	 3.36	 5.71	 0.99	10.73	 1.08	329.48	291.93	296.65	278.84	300.48	0	55.77
2012	10	18	16.281	6500.6782	291.6784	17.6784	 1.01	 0.06	197.61	 3.27	 5.74	 1.00	10.83	 1.16	328.44	295.36	301.65	284.02	301.72	0	56.80
2012	10	18	17.182	6500.7158	291.7159	17.7159	 1.08	 0.05	201.72	 2.34	 1.14	 1.00	10.73	 1.23	324.76	297.60	307.18	283.80	304.06	0	56.76
2012	10	18	19.836	6500.8267	291.8265	17.8265	 1.05	 0.08	198.86	 3.84	 4.16	 1.00	10.72	 1.12	323.51	296.89	307.78	 0.00	306.90	0	54.00
2012	10	18	21.210	6500.8838	291.8837	17.8837	 1.10	 0.06	190.20	 2.65	 5.29	 1.00	10.77	 1.12	320.99	293.55	305.31	276.12	301.27	0	55.22
2012	10	19	4.293	6501.1787	292.1789	18.1789	 0.80	 0.04	201.15	 3.74	14.41	 0.96	10.73	 1.23	328.69	277.64	276.86	262.58	283.41	0	52.52
2012	10	19	5.611	6501.2339	292.2338	18.2338	 0.99	 0.04	192.81	 2.08	 6.83	 0.96	10.70	 1.29	328.73	278.32	285.19	262.48	284.00	0	52.50
2012	10	19	6.075	6501.2529	292.2531	18.2531	 0.88	 0.05	192.86	 3.32	 7.39	 0.99	10.85	 1.20	328.81	278.44	283.92	262.35	284.20	0	52.47
2012	10	19	7.827	6501.3262	292.3261	18.3261	 0.73	 0.04	193.63	 4.03	 4.22	 1.00	10.73	 1.21	328.75	278.67	283.34	262.41	285.70	0	52.48
2012	10	19	8.292	6501.3457	292.3455	18.3455	 0.75	 0.04	189.40	 3.93	 4.14	 1.00	10.75	 1.22	328.85	278.76	286.00	262.82	283.08	0	52.56
2012	10	19	8.734	6501.3638	292.3639	18.3639	 0.81	 0.04	182.07	 3.28	 6.39	 0.99	10.73	 1.28	328.74	278.84	284.27	262.93	284.51	0	52.59
2012	10	19	9.613	6501.4004	292.4005	18.4005	 0.65	 0.04	184.97	 4.77	 7.18	 0.99	10.77	 1.27	328.73	278.89	285.02	262.41	284.58	0	52.48
2012	10	19	10.051	6501.4189	292.4188	18.4188	 0.65	 0.04	175.04	 4.06	 4.35	 0.99	10.72	 1.21	328.75	278.88	283.64	262.13	285.84	0	52.43
2012	10	19	10.955	6501.4565	292.4565	18.4565	 0.47	 0.05	182.09	 9.21	15.82	 0.97	10.78	 1.14	328.82	279.59	281.09	265.02	285.15	0	53.00
2012	10	19	12.735	6501.5308	292.5306	18.5306	 0.66	 0.05	180.08	 5.33	 2.72	 1.00	10.78	 1.24	329.28	284.36	291.74	268.24	290.90	0	53.65
2012	10	19	13.174	6501.5488	292.5489	18.5489	 0.58	 0.04	184.52	 5.93	 2.68	 1.00	10.77	 1.18	329.21	286.18	292.46	269.11	291.95	0	53.82
2012	10	19	14.951	6501.6230	292.6230	18.6230	 0.62	 0.05	182.69	 5.36	 9.20	 0.99	10.77	 1.10	328.64	292.86	299.61	274.65	299.71	0	54.93
2012	10	19	15.389	6501.6411	292.6412	18.6412	 0.69	 0.06	184.48	 5.64	13.07	 0.99	10.73	 1.14	330.31	294.45	301.92	275.17	301.05	0	55.03
2012	10	19	16.269	6501.6777	292.6779	18.6779	 0.83	 0.05	188.74	 3.36	 4.13	 1.00	10.75	 1.19	329.93	296.80	305.64	279.36	303.36	0	55.87
2012	10	19	17.609	6501.7339	292.7337	18.7337	 0.70	 0.08	185.80	 7.33	18.21	 0.99	10.75	 1.12	327.79	298.40	307.36	279.67	305.00	0	55.93
2012	10	19	18.484	6501.7700	292.7702	18.7702	 0.42	 0.06	195.86	15.50	83.61	 0.78	10.73	 0.87	326.41	298.10	308.72	 0.00	307.33	0	54.00
2012	10	19	19.826	6501.8262	292.8261	18.8261	 0.71	 0.08	179.36	 7.48	 3.85	 1.00	10.77	 0.98	326.47	296.32	306.94	278.98	303.95	0	55.80
2012	10	19	20.701	6501.8623	292.8625	18.8625	 0.84	 0.11	179.78	 7.78	 1.75	 1.00	10.75	 1.03	326.32	294.22	305.27	276.76	303.59	0	55.35
2012	10	19	21.139	6501.8809	292.8808	18.8808	 0.95	 0.05	196.25	 3.12	 4.03	 1.00	10.75	 1.25	326.29	293.09	303.85	275.11	302.35	0	55.02
2012	10	19	23.394	6501.9746	292.9747	18.9747	 0.81	 0.04	190.17	 3.27	 2.50	 1.00	10.78	 1.17	326.79	286.17	293.59	265.08	292.63	0	53.02
2012	10	20	0.736	6502.0308	293.0307	19.0307	 0.71	 0.04	183.02	 3.42	 4.19	 0.99	10.77	 1.16	328.19	282.91	289.06	 0.00	290.21	0	54.00
2012	10	20	1.612	6502.0674	293.0672	19.0672	 0.64	 0.05	184.73	 6.19	 1.51	 1.00	10.72	 1.10	328.67	281.59	287.15	262.61	287.43	0	52.52
2012	10	20	5.175	6502.2158	293.2156	19.2156	 0.86	 0.06	182.12	 3.83	 1.53	 1.00	10.82	 1.26	328.92	279.30	286.66	261.69	283.65	0	52.34
2012	10	20	5.615	6502.2339	293.2339	19.2339	 0.86	 0.05	180.58	 3.50	 1.33	 1.00	10.77	 1.26	328.91	279.14	285.88	261.54	284.82	0	52.31
2012	10	20	8.269	6502.3447	293.3445	19.3445	 0.61	 0.05	181.02	 6.47	24.20	 0.94	10.72	 1.21	329.27	278.40	282.95	261.12	283.96	0	52.22
2012	10	20	9.173	6502.3823	293.3822	19.3822	 0.47	 0.04	191.82	 8.47	 5.80	 1.00	10.73	 1.17	329.25	278.21	280.62	261.09	283.74	0	52.22
2012	10	20	13.172	6502.5488	293.5489	19.5489	 0.96	 0.40	242.22	28.55	6702.81	 0.36	10.77	 1.19	329.91	287.21	293.18	271.99	291.42	0	54.40
2012	10	20	14.925	6502.6221	293.6219	19.6219	 0.64	 0.04	186.32	 4.90	 8.03	 0.99	10.73	 1.12	329.85	294.18	302.66	275.92	301.07	0	55.18
2012	10	20	15.387	6502.6411	293.6411	19.6411	 0.76	 0.07	176.95	 5.64	21.94	 0.98	10.80	 1.15	329.62	295.74	302.45	278.29	302.50	0	55.66
2012	10	20	16.263	6502.6777	293.6776	19.6776	 0.70	 0.06	177.65	 6.06	 2.74	 1.00	10.73	 1.06	328.20	297.75	306.30	281.02	304.40	0	56.20
2012	10	20	19.357	6502.8066	293.8065	19.8066	 0.95	 0.08	188.19	 4.61	 2.12	 1.00	10.78	 1.06	324.55	297.73	309.92	281.78	305.18	0	56.36
2012	10	20	19.820	6502.8257	293.8258	19.8258	 0.75	 0.06	191.24	 5.03	11.95	 0.99	10.77	 1.04	324.59	296.80	307.92	280.53	304.63	0	56.11
2012	10	20	21.136	6502.8809	293.8807	19.8807	 0.88	 0.06	194.06	 3.77	 4.42	 1.00	10.77	 1.02	324.46	293.52	305.39	276.12	301.40	0	55.22
2012	10	20	23.387	6502.9746	293.9745	19.9745	 0.98	 0.04	194.38	 1.93	 4.71	 0.98	10.75	 1.30	327.06	286.33	297.22	263.47	294.83	0	52.69
2012	10	20	23.824	6502.9927	293.9927	19.9927	 0.73	 0.04	183.42	 3.57	 9.69	 0.96	10.73	 1.18	327.31	285.14	292.43	263.03	291.43	0	52.61
2012	10	21	1.164	6503.0483	294.0485	20.0485	 0.08	 0.18	972.19	2096.14	1317.46	 0.94	10.80	 1.10	327.99	282.68	288.14	264.90	288.71	0	52.98
2012	10	21	1.603	6503.0669	294.0668	20.0668	 0.56	 0.05	185.59	 6.64	 8.03	 0.99	10.77	 1.11	328.10	282.27	289.44	265.00	288.33	0	53.00
2012	10	21	2.504	6503.1045	294.1043	20.1043	 0.60	 0.04	187.17	 5.76	 2.37	 1.00	10.77	 1.14	324.43	281.55	287.08	265.02	287.34	0	53.00
2012	10	21	5.156	6503.2148	294.2148	20.2148	 0.53	 0.05	190.40	 7.64	 6.73	 1.00	10.73	 1.07	318.93	275.15	277.88	263.46	280.96	0	52.69
2012	10	21	5.595	6503.2329	294.2331	20.2331	 0.63	 0.05	188.39	 5.61	 2.05	 1.00	10.75	 1.18	329.01	275.78	281.74	263.03	282.44	0	52.61
2012	10	21	6.033	6503.2515	294.2514	20.2514	 0.55	 0.05	189.29	 7.51	24.14	 0.94	10.78	 1.11	329.06	276.41	280.04	262.79	283.02	0	52.56
2012	10	21	6.474	6503.2695	294.2697	20.2697	 0.69	 0.04	185.34	 4.37	 1.80	 1.00	10.82	 1.23	329.06	276.91	282.82	262.99	282.68	0	52.60
2012	10	21	13.595	6503.5664	294.5664	20.5664	 0.50	 0.05	192.24	 9.41	21.01	 0.97	10.77	 1.10	324.64	286.65	289.22	266.68	293.05	0	53.34
2012	10	21	16.246	6503.6768	294.6769	20.6769	 0.60	 0.07	192.73	 9.83	20.47	 0.99	10.80	 1.14	327.83	290.64	298.51	275.38	295.29	0	55.08
2012	10	21	21.995	6503.9165	294.9165	20.9165	 1.01	 0.15	198.09	 7.77	31.61	 1.00	10.73	 1.28	329.43	287.96	300.67	265.48	294.52	0	53.10
2012	10	21	22.483	6503.9370	294.9368	20.9368	 0.84	 0.07	187.40	 5.09	 5.98	 1.00	10.75	 1.15	329.48	286.49	293.00	263.41	291.51	0	52.68
2012	10	22	1.141	6504.0474	295.0475	21.0475	 0.67	 0.04	189.41	 4.61	 7.19	 0.99	10.73	 1.18	329.33	280.08	286.00	259.57	285.74	0	51.91
2012	10	22	2.922	6504.1216	295.1217	21.1217	 0.95	 0.06	189.23	 3.22	 2.66	 1.00	10.82	 1.28	329.35	278.39	285.81	259.43	284.11	0	51.89
2012	10	22	3.361	6504.1401	295.1400	21.1400	 0.85	 0.07	184.34	 4.70	 4.09	 1.00	10.73	 1.22	329.29	278.10	282.76	259.13	283.69	0	51.83
2012	10	22	3.799	6504.1582	295.1583	21.1583	 0.74	 0.05	188.36	 4.77	 6.78	 1.00	10.73	 1.17	329.28	277.76	282.71	258.79	284.69	0	51.76
2012	10	22	7.798	6504.3247	295.3249	21.3249	 0.78	 0.03	182.97	 2.73	 8.49	 0.94	10.73	 1.13	327.95	275.87	278.11	257.96	279.98	0	51.59
2012	10	22	8.674	6504.3613	295.3615	21.3614	 0.90	 0.05	186.30	 3.08	 2.42	 1.00	10.73	 1.19	327.96	275.62	281.05	257.67	281.01	0	51.53
2012	10	22	11.334	6504.4722	295.4723	21.4722	 0.81	 0.13	199.14	10.46	310.08	 0.73	10.73	 1.07	328.14	276.94	270.36	261.56	282.35	0	52.31
2012	10	22	11.796	6504.4917	295.4915	21.4915	 0.89	 0.06	181.91	 3.91	 1.34	 1.00	10.78	 1.22	328.28	277.91	281.98	262.62	283.79	0	52.52
2012	10	22	21.978	6504.9155	295.9158	21.9158	 1.41	 0.09	204.75	 2.46	 3.23	 1.00	10.73	 1.28	329.46	285.42	295.35	263.82	290.43	0	52.76
2012	10	22	22.417	6504.9341	295.9341	21.9340	 1.41	 0.08	199.60	 2.15	 3.71	 1.00	10.75	 1.26	329.48	284.47	292.80	262.72	290.63	0	52.54
2012	10	23	1.123	6505.0469	296.0468	22.0468	 0.92	 0.04	192.25	 2.60	 7.49	 0.98	10.78	 1.22	329.42	279.61	286.58	260.00	285.23	0	52.00
2012	10	23	2.003	6505.0835	296.0834	22.0834	 0.76	 0.06	193.71	 4.91	 4.86	 1.00	10.78	 1.16	329.25	279.09	284.08	261.57	284.76	0	52.31
2012	10	23	2.445	6505.1021	296.1019	22.1019	 0.72	 0.03	192.33	 3.30	 3.34	 1.00	10.75	 1.17	329.21	278.94	282.37	 0.00	284.60	0	54.00
2012	10	23	3.345	6505.1392	296.1394	22.1394	 0.82	 0.05	190.44	 3.41	 2.63	 1.00	10.75	 1.19	329.18	278.64	284.09	261.31	284.37	0	52.26
2012	10	23	3.786	6505.1577	296.1577	22.1577	 0.80	 0.06	185.03	 4.58	 5.24	 1.00	10.80	 1.18	329.08	278.53	283.76	261.27	285.64	0	52.25
2012	10	23	4.224	6505.1758	296.1760	22.1760	 0.76	 0.06	186.24	 4.69	 1.67	 1.00	10.77	 1.17	329.01	278.40	283.46	261.17	284.13	0	52.23
2012	10	23	10.887	6505.4536	296.4536	22.4536	 0.75	 0.05	182.16	 3.91	 3.60	 1.00	10.78	 1.07	328.26	278.58	281.01	264.30	284.07	0	52.86
2012	10	23	11.326	6505.4722	296.4719	22.4719	 0.75	 0.05	187.36	 4.58	14.82	 0.97	10.72	 1.08	328.37	279.39	286.23	265.56	285.05	0	53.11
2012	10	23	11.764	6505.4902	296.4902	22.4902	 0.72	 0.05	184.13	 4.93	 0.85	 1.00	10.73	 1.10	328.46	280.45	286.47	265.77	288.54	0	53.15
2012	10	23	13.109	6505.5464	296.5462	22.5462	 0.57	 0.08	188.65	11.71	28.81	 0.99	10.75	 1.06	328.76	284.57	290.76	265.83	291.17	0	53.17
2012	10	23	17.102	6505.7124	296.7126	22.7126	 0.59	 0.13	190.35	18.40	11.25	 1.00	10.73	 1.00	328.86	290.97	298.60	275.87	295.38	0	55.17
2012	10	23	17.979	6505.7490	296.7491	22.7491	 0.86	 0.06	190.29	 4.30	 2.34	 1.00	10.75	 1.19	330.05	292.84	298.27	277.08	298.72	0	55.42
2012	10	23	18.419	6505.7676	296.7675	22.7675	 0.98	 0.09	190.61	 4.62	29.78	 0.97	10.75	 1.20	330.09	293.52	298.36	278.15	299.49	0	55.63
2012	10	23	19.320	6505.8052	296.8050	22.8050	 0.76	 0.07	200.15	 6.27	15.28	 0.99	10.75	 1.15	330.11	293.79	302.58	278.24	300.58	0	55.65
2012	10	23	20.197	6505.8413	296.8416	22.8415	 1.10	 0.09	197.60	 3.95	 5.13	 1.00	10.70	 1.19	329.99	293.06	301.88	275.33	300.44	0	55.07
2012	10	23	21.096	6505.8789	296.8790	22.8790	 0.90	 0.08	192.78	 5.06	14.44	 0.99	10.75	 1.05	329.87	291.40	301.38	273.93	298.55	0	54.79
2012	10	24	0.219	6506.0093	297.0091	23.0091	 0.86	 0.07	182.71	 4.42	 5.70	 1.00	10.77	 1.07	329.61	283.19	287.28	261.89	287.90	0	52.38
2012	10	24	1.097	6506.0459	297.0457	23.0457	 0.94	 0.07	187.47	 3.74	 2.28	 1.00	10.75	 1.17	329.56	281.79	287.60	262.48	287.60	0	52.50
2012	10	24	1.999	6506.0835	297.0833	23.0833	 0.80	 0.04	194.15	 3.48	 3.75	 1.00	10.77	 1.08	329.58	280.96	287.73	262.82	288.17	0	52.56
2012	10	24	2.878	6506.1201	297.1199	23.1199	 0.97	 0.05	189.40	 2.82	 4.39	 1.00	10.80	 1.16	329.60	280.39	285.25	262.79	286.21	0	52.56
2012	10	24	5.535	6506.2305	297.2306	23.2306	 0.86	 0.05	189.36	 3.57	 4.84	 1.00	10.75	 1.04	329.41	279.10	282.65	260.80	284.75	0	52.16
2012	10	24	6.438	6506.2681	297.2682	23.2682	 0.91	 0.05	198.57	 3.30	 3.64	 1.00	10.73	 1.18	329.28	278.79	284.80	261.01	284.40	0	52.20
2012	10	24	7.315	6506.3047	297.3048	23.3048	 0.85	 0.06	192.76	 4.04	 0.55	 1.00	10.73	 1.07	329.15	278.63	281.62	261.59	284.26	0	52.32
2012	10	24	8.217	6506.3423	297.3424	23.3424	 0.98	 0.07	189.64	 3.54	 5.41	 1.00	10.87	 1.09	329.09	278.54	282.60	261.50	282.75	0	52.30
2012	10	24	8.658	6506.3608	297.3607	23.3607	 1.06	 0.05	194.26	 2.50	 3.95	 1.00	10.75	 1.21	328.98	278.48	286.03	261.46	284.12	0	52.29
2012	10	24	9.539	6506.3975	297.3975	23.3975	 1.00	 0.05	194.17	 2.84	 6.78	 0.99	10.82	 1.17	328.92	278.44	286.60	261.60	284.00	0	52.32
2012	10	24	9.981	6506.4160	297.4159	23.4159	 0.86	 0.05	187.35	 3.07	 5.01	 0.99	10.72	 1.09	328.88	278.49	281.72	262.19	283.96	0	52.44
2012	10	24	15.318	6506.6382	297.6382	23.6382	 1.03	 0.05	195.34	 2.69	 4.33	 1.00	10.73	 1.17	330.32	294.44	304.62	275.25	301.14	0	55.05
2012	10	24	16.194	6506.6748	297.6747	23.6747	 0.93	 0.07	197.43	 4.15	 4.85	 1.00	10.72	 1.10	329.82	296.71	308.10	277.65	303.15	0	55.53
2012	10	24	17.974	6506.7490	297.7489	23.7489	 0.95	 0.11	184.06	 6.06	25.14	 0.99	10.73	 0.99	328.82	298.27	309.72	279.19	304.98	0	55.84
2012	10	24	22.409	6506.9336	297.9337	23.9337	 1.17	 0.09	195.10	 3.61	 6.95	 1.00	10.72	 1.10	328.61	289.11	299.41	265.87	295.82	0	53.17
2012	10	24	22.849	6506.9521	297.9520	23.9520	 0.96	 0.11	191.20	 6.03	 8.99	 1.00	10.75	 1.17	328.89	287.72	297.73	 0.00	294.60	0	54.00
2012	10	25	3.314	6507.1382	298.1381	24.1381	 0.73	 0.05	185.97	 4.50	 2.60	 1.00	10.73	 1.09	329.01	280.81	286.88	 0.00	286.77	0	54.00
2012	10	25	3.754	6507.1562	298.1564	24.1564	 0.58	 0.06	186.28	 7.59	 9.43	 1.00	10.78	 0.99	329.01	280.53	284.37	263.20	286.50	0	52.64
2012	10	25	4.218	6507.1758	298.1757	24.1757	 0.71	 0.06	182.77	 5.35	 7.05	 1.00	10.75	 1.05	329.02	280.35	286.64	 0.00	286.29	0	54.00
2012	10	25	5.097	6507.2124	298.2124	24.2124	 0.84	 0.05	191.81	 3.42	 3.23	 1.00	10.72	 1.20	328.95	279.96	287.30	262.73	285.82	0	52.55
2012	10	25	5.535	6507.2305	298.2306	24.2306	 0.80	 0.05	185.70	 4.24	 3.06	 1.00	10.77	 1.05	328.90	279.82	285.98	262.97	286.97	0	52.59
2012	10	25	7.752	6507.3228	298.3230	24.3230	 1.11	 0.05	199.60	 2.28	 5.26	 0.99	10.78	 1.09	328.85	279.75	285.00	263.62	286.90	0	52.72
2012	10	25	8.192	6507.3413	298.3413	24.3413	 1.17	 0.10	196.58	 3.77	 8.75	 1.00	10.80	 1.12	328.86	279.76	284.13	263.62	286.86	0	52.72
2012	10	25	9.537	6507.3975	298.3974	24.3974	 1.70	 0.13	202.54	 2.46	 5.66	 1.00	10.73	 1.12	328.87	279.94	284.71	264.91	285.60	0	52.98
2012	10	25	10.416	6507.4341	298.4340	24.4340	81.38	 1.00	210.50	 0.00	86.07	 0.00	10.73	 1.24	328.90	280.57	286.18	264.84	286.05	0	52.97
2012	10	25	16.179	6507.6743	298.6741	24.6741	 1.52	 0.14	199.05	 3.15	 2.19	 1.00	10.75	 1.12	329.64	293.92	301.48	278.65	 0.00	0	55.73
2012	10	25	17.058	6507.7109	298.7108	24.7108	 0.92	 0.08	192.04	 5.10	10.29	 1.00	10.77	 1.03	329.35	296.33	304.90	279.37	302.63	0	55.87
2012	10	25	18.836	6507.7847	298.7849	24.7848	 1.37	 0.14	194.84	 4.08	 3.49	 1.00	10.78	 1.01	329.00	297.74	306.71	279.72	304.73	0	55.94
2012	10	25	23.712	6507.9878	298.9880	24.9880	 1.01	 0.06	191.87	 2.84	 2.59	 1.00	10.75	 1.05	329.25	286.28	295.77	265.35	292.85	0	53.07
2012	10	26	1.957	6508.0815	299.0816	25.0816	 1.37	 0.08	205.99	 2.40	11.54	 0.98	10.72	 1.20	329.18	283.38	290.83	264.91	289.43	0	52.98
2012	10	26	2.421	6508.1011	299.1009	25.1009	 1.47	 0.10	205.95	 2.48	 2.45	 1.00	10.77	 1.12	329.26	283.13	290.55	264.91	290.76	0	52.98
2012	10	26	3.301	6508.1377	299.1375	25.1376	 1.32	 0.06	201.27	 1.83	 4.29	 0.99	10.82	 1.04	329.19	282.77	288.65	 0.00	287.30	0	54.00
2012	10	26	4.182	6508.1743	299.1743	25.1742	 1.48	 0.11	200.61	 2.86	 1.57	 1.00	10.77	 0.98	329.20	282.44	286.36	264.93	288.38	0	52.99
2012	10	26	7.295	6508.3037	299.3040	25.3039	 1.91	 0.14	206.53	 2.01	 4.23	 1.00	10.72	 0.99	319.83	276.80	284.94	264.98	282.10	0	53.00
2012	10	26	7.734	6508.3223	299.3222	25.3222	 2.31	 0.26	207.71	 2.32	12.81	 0.99	10.82	 1.09	329.19	277.56	284.06	265.00	283.02	0	53.00
2012	10	26	9.517	6508.3965	299.3966	25.3966	 2.72	 0.25	197.58	 1.36	 7.64	 0.97	10.77	 1.07	329.28	279.73	280.91	264.97	 0.00	0	52.99
2012	10	26	11.299	6508.4707	299.4708	25.4708	 2.65	 0.27	210.59	 1.68	 5.75	 0.99	10.80	 1.19	329.59	282.98	290.22	269.36	288.23	0	53.87
2012	10	26	12.617	6508.5259	299.5257	25.5257	 1.21	 0.10	273.65	 5.35	4189.69	 0.00	10.73	 1.11	329.78	287.42	294.52	272.70	296.50	0	54.54
2012	10	26	16.174	6508.6738	299.6739	25.6739	 2.39	 0.21	209.68	 1.77	 0.82	 1.00	10.75	 1.19	325.54	299.14	308.02	282.05	305.03	0	56.41
2012	10	27	1.522	6509.0635	300.0634	26.0634	 3.48	 0.64	209.10	 1.63	 2.41	 1.00	10.87	 1.16	326.52	285.55	291.65	267.52	291.65	0	53.50
2012	10	27	1.990	6509.0830	300.0829	26.0829	 3.22	 0.54	201.31	 1.72	 2.42	 1.00	10.82	 0.94	326.64	285.22	289.13	267.22	290.01	0	53.44
2012	10	27	2.428	6509.1011	300.1012	26.1012	 3.11	 0.51	210.62	 1.92	 2.86	 1.00	10.78	 1.11	326.55	284.95	292.70	266.51	 0.00	0	53.30
2012	10	27	3.748	6509.1562	300.1562	26.1562	 3.01	 0.37	210.35	 1.55	 6.75	 0.99	10.75	 1.10	326.68	284.44	291.85	267.16	290.51	0	53.43
2012	10	27	4.214	6509.1758	300.1756	26.1756	 3.18	 0.58	208.37	 2.03	 2.52	 1.00	10.77	 1.07	326.67	284.34	290.45	266.77	291.94	0	53.35
2012	10	27	6.432	6509.2681	300.2680	26.2680	 3.31	 0.55	210.03	 1.66	 2.98	 1.00	10.83	 1.11	322.95	284.06	289.48	265.88	289.80	0	53.18
2012	10	27	9.972	6509.4155	300.4155	26.4155	 4.23	 1.22	209.62	 1.42	 3.01	 1.00	10.73	 1.14	327.62	279.80	284.98	265.40	285.20	0	53.08
2012	10	27	11.314	6509.4712	300.4714	26.4714	 3.44	 0.53	209.98	 1.40	 1.90	 1.00	10.73	 1.12	327.67	282.88	288.02	270.15	286.69	0	54.03
2012	10	27	12.631	6509.5264	300.5263	26.5263	 2.82	 0.32	207.02	 1.64	 5.50	 0.99	10.80	 1.09	327.81	286.85	290.74	273.56	292.77	0	54.71
2012	10	27	13.096	6509.5454	300.5457	26.5456	 3.36	 0.57	208.66	 1.62	 3.78	 1.00	10.82	 1.13	327.97	288.57	295.28	275.49	294.57	0	55.10
2012	10	27	14.410	6509.6006	300.6004	26.6004	 3.13	 0.33	210.41	 1.23	 2.49	 1.00	10.75	 1.19	327.63	294.37	300.44	281.20	300.73	0	56.24
2012	10	27	15.311	6509.6382	300.6379	26.6380	 3.09	 0.52	212.74	 2.01	 6.67	 1.00	10.77	 1.13	324.24	298.52	306.64	287.14	304.77	0	57.43
2012	10	27	16.186	6509.6743	300.6744	26.6744	 2.89	 0.40	210.34	 1.93	 3.15	 1.00	10.73	 1.02	323.99	301.08	311.24	289.39	305.80	0	57.88
2012	10	27	16.622	6509.6924	300.6926	26.6926	 2.80	 0.43	207.28	 2.25	 1.71	 1.00	10.73	 1.01	319.10	301.57	311.01	288.19	306.26	0	57.64
2012	10	27	17.958	6509.7480	300.7482	26.7482	 2.48	 0.75	201.74	 5.39	49.74	 1.00	10.73	 0.82	319.73	301.75	313.45	288.65	307.20	0	57.73
2012	10	27	21.484	6509.8950	300.8952	26.8952	 2.89	 0.43	210.88	 2.03	 5.26	 1.00	10.77	 1.14	319.21	294.60	308.45	274.19	302.46	0	54.84
2012	10	28	0.188	6510.0078	301.0078	27.0078	 3.17	 0.59	204.36	 2.05	78.06	 0.61	10.75	 0.97	319.50	288.04	290.01	269.45	295.09	0	53.89
2012	10	28	0.627	6510.0259	301.0261	27.0261	 3.93	 1.21	209.12	 1.93	 7.81	 1.00	10.82	 1.06	319.59	287.52	297.21	268.97	293.18	0	53.79
2012	10	28	1.068	6510.0444	301.0445	27.0445	 4.55	 2.00	207.39	 1.67	 2.90	 1.00	10.73	 1.05	319.67	286.90	296.31	 0.00	293.95	0	54.00
2012	10	28	1.943	6510.0811	301.0810	27.0810	 3.40	 0.53	208.68	 1.47	 3.19	 1.00	10.73	 1.02	320.44	285.92	294.25	268.02	292.80	0	53.60
2012	10	28	3.284	6510.1367	301.1368	27.1369	16.75	254513.87	208.96	 1.07	 0.93	 1.00	10.75	 1.08	320.94	284.95	292.05	267.59	 0.00	0	53.52
2012	10	28	3.721	6510.1553	301.1551	27.1550	 4.15	 0.86	211.58	 1.11	 2.64	 1.00	10.73	 1.15	320.99	284.72	292.29	267.21	292.90	0	53.44
2012	10	28	6.376	6510.2656	301.2657	27.2657	 5.87	 6.50	208.75	 1.46	 3.47	 1.00	10.72	 1.09	321.06	284.82	291.82	 0.00	291.41	0	54.00
2012	10	28	7.279	6510.3032	301.3033	27.3033	 3.50	 0.54	210.50	 1.34	 3.14	 1.00	10.80	 1.12	321.74	284.16	292.60	265.00	 0.00	0	53.00
2012	10	28	7.718	6510.3218	301.3216	27.3216	 3.34	 0.30	209.25	 0.90	 0.97	 1.00	10.83	 1.07	321.96	283.89	293.17	264.99	291.55	0	53.00
2012	10	28	8.599	6510.3584	301.3583	27.3583	 3.91	 1.09	210.53	 1.78	 3.50	 1.00	10.77	 1.07	320.92	284.04	292.30	 0.00	290.19	0	54.00
2012	10	28	13.932	6510.5806	301.5805	27.5805	 3.41	 0.54	210.98	 1.48	 6.41	 0.99	10.70	 1.20	321.41	291.75	299.93	276.81	298.75	0	55.36
2012	10	28	14.806	6510.6167	301.6169	27.6169	 3.38	 0.59	206.61	 1.63	 2.44	 1.00	10.73	 1.13	320.23	294.53	302.29	278.58	301.33	0	55.72
2012	10	28	17.456	6510.7275	301.7273	27.7273	 2.55	 0.64	192.08	 4.05	16.75	 1.00	10.73	 0.80	320.34	298.89	311.17	280.56	305.82	0	56.11
2012	10	28	17.918	6510.7466	301.7466	27.7466	 2.43	 0.55	197.04	 4.09	25.39	 1.00	10.80	 0.84	320.52	298.90	310.57	279.95	305.92	0	55.99
2012	10	28	20.132	6510.8389	301.8388	27.8388	 3.78	 1.05	204.15	 1.92	18.46	 0.97	10.77	 1.06	320.09	296.25	309.90	279.11	304.13	0	55.82
2012	10	28	21.007	6510.8755	301.8753	27.8753	 3.70	 1.36	213.56	 2.79	24.79	 0.99	10.72	 1.19	319.92	294.08	310.28	276.62	300.25	0	55.32
2012	10	28	23.657	6510.9858	301.9857	27.9857	 4.49	 1.94	208.94	 1.75	 7.64	 0.99	10.82	 1.14	321.18	286.45	298.20	265.36	293.32	0	53.07
2012	10	29	1.463	6511.0610	302.0610	28.0610	 4.13	 0.84	210.51	 1.10	 2.23	 1.00	10.73	 1.24	322.69	283.89	290.37	264.95	290.35	0	52.99
2012	10	29	1.902	6511.0791	302.0792	28.0792	 3.77	 0.64	208.86	 1.20	 4.97	 0.99	10.75	 1.13	322.69	283.63	291.04	264.98	288.66	0	53.00
2012	10	29	2.802	6511.1167	302.1168	28.1168	 3.60	 0.75	206.02	 1.66	 5.62	 1.00	10.75	 1.01	322.71	283.15	290.01	264.98	289.66	0	53.00
2012	10	29	3.242	6511.1353	302.1351	28.1351	 3.65	 0.95	207.58	 2.01	 2.89	 1.00	10.72	 1.03	322.46	282.99	290.84	265.01	289.48	0	53.00
2012	10	29	4.559	6511.1899	302.1899	28.1899	 3.96	 1.20	205.46	 1.82	 2.23	 1.00	10.82	 1.04	322.95	282.57	287.61	265.00	288.95	0	53.00
2012	10	29	5.023	6511.2095	302.2093	28.2093	 3.32	 0.56	208.78	 1.67	 2.61	 1.00	10.85	 1.05	323.03	282.49	291.20	264.93	288.83	0	52.99
2012	10	29	5.908	6511.2461	302.2462	28.2461	 5.01	 3.34	210.68	 1.78	 1.63	 1.00	10.72	 1.17	323.25	282.28	290.20	265.08	287.09	0	53.02
2012	10	29	6.786	6511.2827	302.2827	28.2827	 5.15	 3.46	205.74	 1.58	 2.85	 1.00	10.75	 1.06	322.83	282.12	286.98	264.97	 0.00	0	52.99
2012	10	29	7.250	6511.3022	302.3021	28.3021	 3.73	 0.56	215.48	 1.12	 1.95	 1.00	10.77	 1.19	322.93	282.11	291.70	264.91	288.32	0	52.98
2012	10	29	7.687	6511.3203	302.3203	28.3203	 4.07	 1.00	211.81	 1.39	 5.31	 0.99	10.77	 1.15	322.72	282.43	289.79	265.68	290.10	0	53.14
2012	10	29	8.128	6511.3389	302.3387	28.3387	18.19	1566221.77	210.76	 1.58	 1.67	 1.00	10.80	 1.18	322.59	282.81	289.48	265.65	 0.00	0	53.13
2012	10	29	8.566	6511.3569	302.3569	28.3569	 3.99	 0.93	210.42	 1.39	 4.36	 1.00	10.73	 1.16	322.45	282.95	289.83	265.03	290.70	0	53.01
2012	10	29	9.474	6511.3945	302.3947	28.3947	 3.99	 1.32	204.36	 1.93	 7.36	 1.00	10.77	 1.01	322.66	282.58	287.44	265.05	288.85	0	53.01
2012	10	29	10.354	6511.4316	302.4314	28.4314	 3.56	 1.02	206.40	 2.34	 1.32	 1.00	10.72	 0.99	322.72	282.52	288.68	265.30	287.08	0	53.06
2012	10	29	11.230	6511.4678	302.4679	28.4679	 6.43	16.39	200.80	 2.01	 4.79	 1.00	10.77	 0.97	321.80	283.79	288.70	270.06	289.98	0	54.01
2012	10	29	12.130	6511.5054	302.5054	28.5054	32.34	2419003440851.48	206.28	 1.71	 3.94	 1.00	10.77	 1.12	321.89	286.37	292.01	272.39	290.87	0	54.48
2012	10	29	13.906	6511.5796	302.5794	28.5794	 3.43	 0.64	211.04	 1.74	 5.97	 1.00	10.77	 1.08	321.02	292.45	302.83	278.23	299.98	0	55.65
2012	10	29	14.343	6511.5977	302.5976	28.5976	 3.96	 0.66	206.83	 1.00	 1.64	 1.00	10.73	 1.06	321.20	294.43	302.75	279.94	301.87	0	55.99
2012	10	29	14.781	6511.6157	302.6158	28.6159	 3.94	 1.03	209.60	 1.64	 2.15	 1.00	10.73	 1.17	321.26	295.96	305.06	281.24	305.65	0	56.25
2012	10	29	15.217	6511.6343	302.6341	28.6341	 3.12	 0.50	204.79	 1.82	 8.54	 0.99	10.73	 1.02	320.39	297.51	306.21	282.99	304.73	0	56.60
2012	10	29	15.656	6511.6523	302.6523	28.6523	 3.39	 0.66	207.32	 1.82	 1.47	 1.00	10.73	 1.04	322.24	298.73	311.40	283.76	305.58	0	56.75
2012	10	29	16.554	6511.6899	302.6898	28.6898	 3.43	 0.71	198.87	 1.79	 2.16	 1.00	10.73	 0.93	321.70	300.16	309.42	284.58	305.04	0	56.92
2012	10	29	17.428	6511.7261	302.7262	28.7262	 2.87	 0.30	209.94	 1.46	 3.45	 1.00	10.68	 1.07	321.63	301.39	311.59	287.32	307.41	0	57.46
2012	10	29	17.866	6511.7446	302.7444	28.7444	 2.99	 0.68	207.31	 2.85	 6.25	 1.00	10.73	 1.04	322.13	301.31	311.54	286.33	308.01	0	57.27
2012	10	29	19.206	6511.8003	302.8002	28.8002	 3.23	 0.67	212.19	 2.24	 8.36	 1.00	10.72	 1.07	322.55	299.81	314.19	280.61	307.49	0	56.12
2012	10	29	20.081	6511.8369	302.8367	28.8367	 3.04	 1.23	195.09	 4.60	24.04	 1.00	10.73	 0.87	322.54	297.85	312.65	278.92	303.87	0	55.78
2012	10	29	20.544	6511.8560	302.8560	28.8560	 2.90	 0.89	208.51	 4.14	35.88	 0.99	10.77	 1.10	322.55	296.65	311.09	277.85	302.85	0	55.57
2012	10	29	20.983	6511.8745	302.8743	28.8743	 2.99	 1.23	207.23	 5.19	36.72	 1.00	10.73	 1.15	322.40	295.46	308.00	275.59	303.12	0	55.12
2012	10	29	23.647	6511.9854	302.9853	28.9853	 4.22	 1.33	195.28	 1.46	 6.78	 0.99	10.73	 0.88	320.48	287.04	294.89	265.28	294.64	0	53.06
2012	10	30	0.085	6512.0034	303.0035	29.0035	 3.69	 0.96	202.58	 1.90	 1.20	 1.00	10.75	 1.03	321.39	286.03	294.07	 0.00	292.88	0	54.00
2012	10	30	0.524	6512.0220	303.0219	29.0219	 3.16	 0.49	211.24	 1.74	 2.18	 1.00	10.78	 1.11	322.39	285.26	294.88	265.18	291.71	0	53.04
2012	10	30	1.013	6512.0420	303.0422	29.0422	 3.37	 0.59	209.59	 1.67	 0.18	 1.00	10.77	 1.09	319.50	284.47	293.41	265.12	290.70	0	53.02
2012	10	30	3.667	6512.1528	303.1528	29.1528	 2.80	 0.30	210.72	 1.55	 1.00	 1.00	10.80	 1.07	319.57	279.22	286.71	266.05	284.81	0	53.21
2012	10	30	4.543	6512.1895	303.1893	29.1893	 3.01	 0.34	209.59	 1.40	 6.30	 0.99	10.73	 1.08	325.82	280.50	286.23	264.97	288.00	0	52.99
2012	10	30	5.896	6512.2456	303.2456	29.2456	 3.08	 0.53	207.70	 2.03	 3.78	 1.00	10.75	 1.06	325.77	281.63	286.07	265.04	287.76	0	53.01
2012	10	30	6.333	6512.2637	303.2639	29.2639	 3.26	 0.49	209.07	 1.57	 2.69	 1.00	10.73	 1.09	325.75	281.89	287.32	264.93	286.45	0	52.99
2012	10	30	7.209	6512.3003	303.3004	29.3004	 3.46	 0.55	209.02	 1.43	 1.57	 1.00	10.75	 1.11	325.75	282.13	288.52	 0.00	289.56	0	54.00
2012	10	30	7.674	6512.3198	303.3197	29.3197	 3.72	 0.64	207.78	 1.25	 0.59	 1.00	10.73	 1.07	325.76	282.16	287.89	264.96	289.57	0	52.99
2012	10	30	9.428	6512.3931	303.3928	29.3928	 2.50	 0.23	207.08	 1.64	 2.60	 1.00	10.73	 1.17	325.67	282.16	286.72	265.02	286.68	0	53.00
2012	10	30	9.894	6512.4121	303.4122	29.4122	 2.21	 0.22	205.01	 2.15	 2.55	 1.00	10.75	 1.03	325.82	282.13	286.88	264.93	289.40	0	52.99
2012	10	30	12.547	6512.5229	303.5228	29.5228	 2.23	 0.24	202.40	 2.27	 1.21	 1.00	10.72	 1.03	325.65	287.32	292.73	273.35	291.69	0	54.67
2012	10	30	14.323	6512.5967	303.5968	29.5968	 1.92	 0.16	197.18	 2.15	 6.14	 1.00	10.75	 0.96	323.52	293.21	299.42	274.55	300.35	0	54.91
2012	10	30	15.198	6512.6333	303.6333	29.6333	 2.18	 0.15	206.29	 1.54	 1.70	 1.00	10.75	 1.14	322.79	295.61	304.61	278.14	301.93	0	55.63
2012	10	30	15.636	6512.6514	303.6515	29.6515	 2.14	 0.16	204.43	 1.74	13.68	 0.96	10.73	 1.07	323.07	296.65	305.94	280.06	303.52	0	56.01
2012	10	30	16.099	6512.6709	303.6708	29.6708	 2.44	 0.29	211.21	 2.29	 6.25	 1.00	13.70	 1.21	322.62	297.65	308.69	281.45	304.31	0	56.29
2012	10	30	17.585	6512.7329	303.7327	29.7327	 2.18	 0.26	207.26	 2.71	15.13	 0.99	10.73	 1.04	323.92	298.71	310.11	280.42	305.56	0	56.08
2012	10	30	18.024	6512.7510	303.7510	29.7510	 2.35	 0.31	194.91	 2.46	 4.81	 1.00	10.80	 0.94	323.85	298.68	309.75	283.43	305.65	0	56.69
2012	10	30	18.464	6512.7695	303.7693	29.7693	 1.83	 0.25	203.30	 3.91	30.85	 0.99	10.75	 0.98	323.37	298.49	311.78	281.37	303.44	0	56.27
2012	10	30	18.927	6512.7886	303.7886	29.7886	 1.74	 0.41	184.44	 6.57	41.96	 1.00	10.77	 0.82	323.20	298.00	302.62	279.46	305.35	0	55.89
2012	10	30	23.375	6512.9741	303.9740	29.9740	 2.51	 0.25	204.41	 1.76	 4.10	 1.00	10.77	 1.17	324.17	286.08	295.17	264.15	293.93	0	52.83
2012	10	30	23.813	6512.9922	303.9922	29.9922	 2.14	 0.20	198.60	 2.13	 4.91	 1.00	10.77	 1.04	324.42	285.01	292.85	263.33	290.20	0	52.67
2012	10	31	0.254	6513.0107	304.0106	30.0106	 1.95	 0.13	199.62	 1.74	 1.98	 1.00	10.87	 1.08	325.27	284.08	291.45	263.47	291.66	0	52.69
2012	10	31	0.692	6513.0288	304.0288	30.0289	 1.65	 0.13	208.01	 2.68	 9.33	 1.00	10.82	 1.21	325.26	283.29	293.56	263.60	291.17	0	52.72
2012	10	31	1.597	6513.0664	304.0665	30.0665	 1.59	 0.09	196.34	 1.98	 1.59	 1.00	10.78	 0.96	324.68	282.19	287.03	262.98	288.30	0	52.60
2012	10	31	2.036	6513.0850	304.0848	30.0848	 1.55	 0.08	203.21	 1.83	 4.03	 1.00	10.73	 1.03	324.83	281.85	287.88	262.51	287.94	0	52.50
2012	10	31	3.820	6513.1592	304.1592	30.1592	 1.58	 0.13	198.92	 2.82	 8.34	 1.00	10.90	 1.04	321.71	280.63	286.78	262.73	287.29	0	52.55
2012	10	31	6.921	6513.2886	304.2884	30.2884	 0.99	 0.05	186.90	 2.75	 3.65	 1.00	10.73	 1.10	323.24	275.64	284.28	262.94	281.30	0	52.59
2012	10	31	7.802	6513.3252	304.3251	30.3251	 0.94	 0.07	182.96	 3.89	 6.30	 1.00	10.73	 1.08	323.85	276.57	282.31	262.27	282.48	0	52.45
2012	10	31	8.708	6513.3628	304.3628	30.3628	 0.84	 0.05	191.80	 3.59	 6.32	 0.99	10.77	 1.10	323.88	277.11	284.97	261.77	281.73	0	52.35
2012	10	31	9.148	6513.3813	304.3811	30.3811	 0.83	 0.06	184.58	 3.94	 8.05	 0.99	10.75	 1.08	323.93	277.24	282.98	 0.00	284.62	0	54.00
2012	10	31	9.587	6513.3994	304.3994	30.3994	 0.76	 0.04	192.59	 3.23	 4.56	 0.99	10.73	 1.14	324.08	277.29	284.70	261.49	281.82	0	52.30
2012	10	31	10.493	6513.4370	304.4372	30.4372	 0.72	 0.04	188.29	 4.25	 2.41	 1.00	10.83	 1.06	324.15	277.90	283.47	264.88	285.20	0	52.98
2012	10	31	10.933	6513.4556	304.4556	30.4556	 0.84	 0.06	186.20	 4.12	 2.15	 1.00	10.73	 1.12	324.16	278.67	283.39	264.87	282.90	0	52.97
2012	10	31	12.249	6513.5103	304.5104	30.5104	 0.82	 0.05	190.50	 3.51	 5.58	 0.99	10.72	 1.07	323.33	283.23	287.99	 0.00	287.41	0	54.00
2012	10	31	13.590	6513.5664	304.5663	30.5662	 1.12	 0.04	191.36	 1.78	 1.59	 1.00	10.73	 1.19	323.30	288.90	297.13	276.36	 0.00	0	55.27
2012	10	31	15.369	6513.6406	304.6404	30.6404	 1.36	 0.19	194.28	 5.42	23.27	 1.00	10.73	 1.04	320.94	295.59	305.73	281.64	304.39	0	56.33
2012	10	31	16.681	6513.6948	304.6950	30.6950	 1.06	 0.06	200.26	 2.90	15.73	 0.96	10.73	 1.08	322.27	298.36	309.24	283.19	302.57	0	56.64
2012	10	31	23.631	6513.9844	304.9846	30.9846	 0.70	 0.06	185.93	 6.04	 3.15	 1.00	10.73	 1.04	319.84	285.40	295.95	264.65	292.36	0	52.93
