2011	2	1	0.850	5875.0356	31.0354	0.0354	 5.02	 2.15	212.11	 1.14	 2.86	 1.00	10.78	 1.26	318.12	286.31	294.42	266.35	295.14	0	53.27
2011	2	1	1.294	5875.0537	31.0539	0.0539	 4.17	 1.15	214.01	 1.46	 2.47	 1.00	10.85	 1.22	318.13	286.25	294.44	 0.00	291.98	0	54.00
2011	2	1	1.762	5875.0732	31.0734	0.0734	 5.51	 3.22	216.39	 1.07	 3.91	 0.99	10.83	 1.21	318.29	286.49	295.34	268.22	295.32	0	53.64
2011	2	1	2.203	5875.0918	31.0918	0.0918	19.16	3296111.45	210.66	 1.25	 4.59	 0.99	10.77	 1.11	318.28	286.81	293.08	268.68	 0.00	0	53.74
2011	2	1	2.644	5875.1104	31.1102	0.1102	 4.30	 1.17	213.20	 1.29	 1.12	 1.00	10.82	 1.19	318.30	286.91	292.98	 0.00	294.01	0	54.00
2011	2	1	3.083	5875.1284	31.1285	0.1285	45.48	 1.00	207.00	 0.00	 2.33	 0.00	10.75	 1.06	318.26	286.80	293.09	268.60	295.71	0	53.72
2011	2	1	3.527	5875.1470	31.1469	0.1469	23.80	295478760.67	212.51	 1.10	 0.72	 1.00	10.73	 1.17	318.18	286.47	294.20	267.15	292.26	0	53.43
2011	2	1	3.994	5875.1665	31.1664	0.1664	 4.14	 0.81	209.70	 1.04	11.10	 0.87	10.77	 1.11	318.25	286.09	293.59	266.75	291.90	0	53.35
2011	2	1	4.437	5875.1851	31.1849	0.1849	20.33	11153759.77	209.30	 1.30	 4.84	 0.99	10.75	 1.14	318.45	285.88	293.55	266.97	291.58	0	53.39
2011	2	1	4.876	5875.2031	31.2032	0.2032	 4.06	 0.92	214.98	 1.32	 1.22	 1.00	10.75	 1.28	318.45	285.98	294.55	267.39	291.54	0	53.48
2011	2	1	5.318	5875.2217	31.2216	0.2216	17.17	596452.59	205.67	 1.62	 1.33	 1.00	10.77	 1.02	318.45	286.16	292.90	267.39	 0.00	0	53.48
2011	2	1	5.764	5875.2402	31.2402	0.2402	22.46	114068102.09	212.09	 1.61	 1.90	 1.00	10.87	 1.18	318.41	286.18	294.85	267.26	294.93	0	53.45
2011	2	1	6.233	5875.2598	31.2597	0.2597	 4.50	 1.45	210.68	 1.30	 1.95	 1.00	10.87	 1.23	318.40	285.75	292.75	 0.00	291.51	0	54.00
2011	2	1	6.681	5875.2783	31.2784	0.2784	 4.97	 2.43	212.57	 1.36	 1.68	 1.00	10.93	 1.24	318.28	285.44	294.47	 0.00	291.15	0	54.00
2011	2	1	7.128	5875.2969	31.2970	0.2970	 5.33	 2.58	210.31	 1.00	 1.13	 1.00	10.83	 1.21	317.94	285.23	293.20	266.24	290.90	0	53.25
2011	2	1	8.010	5875.3340	31.3337	0.3338	 4.00	 0.91	211.75	 1.37	 2.41	 1.00	10.80	 1.24	317.77	285.48	293.35	268.00	292.52	0	53.60
# Unit 3, Cerro Chajnantor CCAT, Filter  0,  Slot 1, 350 um (616) & yellow
#				days
#				since		day of	day of
# yr	mo	dy	 time	1/1/1995	year	month	Tau	unc	Tatm	unc	mse	fitgood	Etime	R	Thot	Twarm	Tchop	Tamb	<Tint>	Filter	Toff
# 1	2	3	4	5		6	7	8	9	10	11	12	13	14	15	16	17	18	19	20	21	22
2011	2	1	8.505	5875.3545	31.3544	0.3544	 4.42	 1.11	212.58	 1.09	 1.94	 1.00	10.77	 1.23	317.94	285.57	293.11	268.08	291.13	0	53.62
2011	2	1	8.944	5875.3726	31.3727	0.3727	 4.62	 1.32	208.73	 1.04	 2.20	 1.00	10.82	 1.12	317.82	285.61	293.64	268.15	294.30	0	53.63
2011	2	1	9.386	5875.3911	31.3911	0.3911	 4.56	 1.97	209.85	 1.65	 1.66	 1.00	10.78	 1.17	317.81	285.59	293.22	268.14	291.21	0	53.63
2011	2	1	9.827	5875.4097	31.4094	0.4094	 4.31	 1.17	212.85	 1.29	 1.51	 1.00	10.75	 1.26	317.81	285.49	293.17	267.82	294.15	0	53.56
2011	2	1	11.169	5875.4653	31.4654	0.4654	 4.22	 1.54	210.26	 1.83	 4.45	 1.00	10.77	 1.20	317.73	285.31	293.59	268.37	290.90	0	53.67
2011	2	1	11.608	5875.4839	31.4837	0.4837	 4.74	 2.29	209.12	 1.59	 1.12	 1.00	10.92	 1.19	317.77	285.40	292.66	268.76	292.44	0	53.75
2011	2	1	12.049	5875.5020	31.5020	0.5020	26.78	6401396211.09	206.79	 1.17	 0.28	 1.00	10.73	 1.13	317.82	285.74	293.81	269.15	292.59	0	53.83
2011	2	1	12.490	5875.5205	31.5204	0.5204	36.79	 1.00	208.43	 0.00	 3.11	 0.00	10.77	 1.24	317.92	286.27	293.30	270.35	294.50	0	54.07
2011	2	1	12.956	5875.5400	31.5398	0.5398	35.20	 1.00	211.27	 0.00	 5.27	 0.00	10.85	 1.20	317.95	287.01	294.92	271.10	 0.00	0	54.22
2011	2	1	13.399	5875.5581	31.5583	0.5583	 5.17	 4.14	207.89	 1.87	 2.02	 1.00	10.80	 1.09	317.95	287.47	296.81	272.36	296.76	0	54.47
2011	2	1	13.841	5875.5767	31.5767	0.5767	 4.58	 1.81	208.74	 1.49	 1.81	 1.00	10.77	 1.09	318.22	288.74	295.67	 0.00	298.04	0	54.00
2011	2	1	14.716	5875.6133	31.6132	0.6132	 4.31	 1.21	212.91	 1.33	 1.09	 1.00	10.73	 1.20	318.44	291.86	301.90	278.39	299.61	0	55.68
2011	2	1	15.181	5875.6323	31.6326	0.6326	 9.59	210.16	212.24	 1.16	 2.17	 1.00	10.77	 1.16	318.61	292.95	302.39	280.58	298.52	0	56.12
2011	2	1	15.620	5875.6509	31.6508	0.6508	 4.23	 0.92	214.30	 1.11	 1.55	 1.00	10.72	 1.12	318.56	293.55	304.92	277.60	301.98	0	55.52
2011	2	1	16.058	5875.6689	31.6691	0.6691	 3.28	 0.68	203.57	 2.06	 2.58	 1.00	10.75	 0.96	318.15	294.95	302.61	283.78	302.49	0	56.76
2011	2	1	16.500	5875.6875	31.6875	0.6875	17.73	539803.47	214.70	 0.87	 0.90	 1.00	10.73	 1.17	317.58	294.76	305.59	275.34	303.25	0	55.07
2011	2	1	17.402	5875.7251	31.7251	0.7251	27.98	20643112461.48	212.17	 1.17	 1.91	 1.00	10.88	 1.21	317.88	293.34	305.70	 0.00	303.68	0	54.00
2011	2	1	18.723	5875.7803	31.7801	0.7801	21.29	34561232.90	210.69	 1.57	 1.65	 1.00	10.77	 1.14	318.32	290.52	302.53	269.40	298.41	0	53.88
2011	2	1	20.068	5875.8359	31.8362	0.8362	 3.86	 0.86	215.24	 1.52	 2.97	 1.00	10.77	 1.27	318.50	288.67	298.95	269.26	297.85	0	53.85
2011	2	1	21.853	5875.9106	31.9106	0.9106	 3.94	 0.99	214.71	 1.60	 4.81	 1.00	10.75	 1.15	318.59	287.55	297.53	268.78	293.29	0	53.76
2011	2	1	23.612	5875.9839	31.9838	0.9838	 5.76	 4.82	211.72	 1.21	 4.41	 0.99	10.73	 1.18	318.41	286.56	293.87	268.26	293.71	0	53.65
2011	2	2	0.960	5876.0400	32.0400	1.0400	 3.83	 0.73	209.82	 1.28	 8.87	 0.96	10.75	 1.12	318.39	286.03	292.96	268.32	294.68	0	53.66
2011	2	2	1.843	5876.0767	32.0768	1.0768	32.42	1852604779841.43	211.69	 1.23	 2.55	 1.00	10.72	 1.23	318.40	285.98	293.34	 0.00	 0.00	0	54.00
2011	2	2	2.307	5876.0962	32.0961	1.0961	 5.21	 2.96	212.27	 1.30	 1.59	 1.00	10.75	 1.14	316.03	285.87	294.24	268.17	292.61	0	53.63
2011	2	2	6.751	5876.2812	32.2813	1.2813	 4.83	 2.67	211.17	 1.72	 1.63	 1.00	10.78	 1.18	321.23	283.36	289.89	 0.00	288.22	0	54.00
2011	2	2	7.190	5876.2998	32.2996	1.2996	47.19	 1.00	211.11	 0.00	 2.44	 0.00	10.80	 1.21	321.15	283.63	290.49	267.33	290.13	0	53.47
2011	2	2	7.632	5876.3179	32.3180	1.3180	 6.24	 8.50	209.60	 1.32	 1.43	 1.00	10.88	 1.19	321.31	283.91	289.27	 0.00	290.37	0	54.00
2011	2	2	8.074	5876.3364	32.3364	1.3364	 4.17	 0.99	210.63	 1.24	 6.24	 0.98	10.73	 1.17	321.31	284.16	289.38	267.60	289.10	0	53.52
2011	2	2	8.512	5876.3545	32.3547	1.3547	 3.87	 0.78	211.61	 1.34	 0.97	 1.00	10.78	 1.21	321.24	284.36	290.47	267.66	292.31	0	53.53
2011	2	2	9.014	5876.3755	32.3756	1.3756	 3.60	 0.69	212.75	 1.58	 1.66	 1.00	10.82	 1.12	321.34	284.50	292.42	267.69	289.55	0	53.54
2011	2	2	9.454	5876.3940	32.3939	1.3939	 3.74	 0.72	209.63	 1.39	 5.13	 0.99	10.73	 1.08	321.32	284.66	290.58	268.15	289.71	0	53.63
2011	2	2	9.894	5876.4121	32.4123	1.4123	 3.83	 0.66	208.89	 1.16	 2.37	 1.00	10.72	 1.09	321.30	284.78	290.15	 0.00	289.87	0	54.00
2011	2	2	10.336	5876.4307	32.4306	1.4306	16.73	254844.54	210.12	 1.10	 3.27	 0.99	10.73	 1.14	321.30	284.82	292.58	267.80	 0.00	0	53.56
2011	2	2	10.775	5876.4487	32.4489	1.4489	 4.77	 2.29	207.15	 1.53	 4.81	 1.00	10.75	 1.11	321.31	284.86	288.67	267.76	292.75	0	53.55
2011	2	2	12.122	5876.5049	32.5051	1.5051	 3.56	 0.71	203.51	 1.63	 1.59	 1.00	10.75	 1.06	321.45	285.86	289.38	269.76	292.01	0	53.95
2011	2	2	13.002	5876.5420	32.5418	1.5418	27.32	12014613082.64	209.40	 1.29	 1.69	 1.00	10.85	 1.16	321.72	287.74	294.66	271.75	291.79	0	54.35
2011	2	2	13.468	5876.5610	32.5612	1.5612	 3.90	 1.01	212.31	 1.68	 1.80	 1.00	10.80	 1.18	321.83	289.10	296.43	273.78	295.97	0	54.76
2011	2	2	13.908	5876.5796	32.5795	1.5795	 3.92	 0.89	201.75	 1.37	 0.52	 1.00	10.75	 1.06	321.95	290.53	294.86	276.10	298.24	0	55.22
2011	2	2	14.792	5876.6162	32.6163	1.6163	 3.75	 0.54	213.26	 1.06	 4.15	 0.98	10.85	 1.25	321.64	292.89	302.21	278.66	299.08	0	55.73
2011	2	2	15.233	5876.6348	32.6347	1.6347	 5.95	 6.47	206.04	 1.31	 2.91	 1.00	10.73	 1.03	320.89	293.91	300.76	 0.00	302.43	0	54.00
2011	2	2	16.571	5876.6904	32.6905	1.6905	 4.45	 1.82	206.35	 1.68	 1.18	 1.00	10.73	 0.98	318.98	295.76	305.21	280.73	301.50	0	56.15
2011	2	2	17.013	5876.7090	32.7089	1.7089	 4.34	 1.44	206.19	 1.49	 0.37	 1.00	10.80	 1.00	318.93	295.77	305.20	279.24	303.81	0	55.85
2011	2	2	17.917	5876.7466	32.7465	1.7465	21.46	41238661.26	207.61	 1.55	 1.84	 1.00	10.78	 1.07	319.07	296.68	307.62	279.49	306.95	0	55.90
2011	2	2	18.798	5876.7832	32.7832	1.7832	 4.72	 2.00	211.40	 1.44	 1.48	 1.00	10.83	 1.14	319.00	295.62	308.95	271.13	301.89	0	54.23
2011	2	2	19.683	5876.8203	32.8201	1.8201	 5.49	 3.67	211.74	 1.22	 0.49	 1.00	10.72	 1.18	319.12	293.86	306.07	269.75	302.08	0	53.95
2011	2	2	20.146	5876.8394	32.8394	1.8394	 4.28	 1.12	213.52	 1.27	 0.68	 1.00	10.75	 1.23	319.16	293.40	305.01	271.79	 0.00	0	54.36
2011	2	2	21.472	5876.8945	32.8947	1.8947	17.32	523201.63	210.23	 1.24	 6.31	 0.98	10.77	 1.08	319.26	291.32	301.44	 0.00	300.65	0	54.00
2011	2	2	22.821	5876.9507	32.9509	1.9509	36.64	 1.00	207.50	 0.00	 6.29	 0.00	10.95	 1.05	319.26	289.02	297.46	267.95	298.24	0	53.59
2011	2	2	23.704	5876.9878	32.9877	1.9877	 3.55	 0.88	203.78	 2.02	 7.02	 1.00	10.83	 0.94	319.02	287.72	298.13	267.11	295.28	0	53.42
2011	2	3	0.144	5877.0059	33.0060	2.0060	 4.24	 1.65	210.56	 1.93	 1.63	 1.00	10.80	 1.17	319.16	287.15	295.72	 0.00	293.17	0	54.00
2011	2	3	1.494	5877.0620	33.0622	2.0622	 5.88	 6.57	211.15	 1.48	 4.31	 1.00	10.75	 1.25	319.43	286.20	294.14	 0.00	294.96	0	54.00
2011	2	3	1.933	5877.0806	33.0805	2.0805	23.14	191922405.30	209.82	 1.35	 3.46	 1.00	10.77	 1.16	319.50	286.11	294.55	267.69	294.83	0	53.54
2011	2	3	2.838	5877.1182	33.1182	2.1182	24.74	1032915508.45	207.70	 1.47	 2.46	 1.00	10.77	 1.15	319.65	285.95	292.23	267.61	293.07	0	53.52
2011	2	3	3.278	5877.1367	33.1366	2.1366	31.42	586270572148.44	206.66	 1.03	 4.44	 0.98	10.98	 1.07	319.52	285.89	293.27	267.64	 0.00	0	53.53
2011	2	3	4.159	5877.1733	33.1733	2.1733	48.44	 1.00	212.62	 0.00	 1.28	 0.00	10.72	 1.21	319.56	285.63	295.56	267.83	292.70	0	53.57
2011	2	3	5.945	5877.2476	33.2477	2.2477	 5.22	 2.50	206.35	 1.06	 5.01	 0.98	10.77	 1.13	319.87	285.49	292.53	 0.00	290.95	0	54.00
2011	2	3	6.383	5877.2661	33.2659	2.2659	75.52	 1.00	212.05	 0.00	 3.41	 0.00	10.73	 1.21	319.83	285.39	293.60	 0.00	293.87	0	54.00
2011	2	3	6.822	5877.2842	33.2842	2.2842	 5.63	 6.49	204.56	 1.81	11.46	 0.99	10.80	 1.03	319.76	285.33	291.68	267.47	293.77	0	53.49
2011	2	3	7.294	5877.3037	33.3039	2.3039	 4.38	 1.36	212.28	 1.39	 1.10	 1.00	10.93	 1.23	319.90	285.29	292.94	267.36	293.76	0	53.47
2011	2	3	9.061	5877.3774	33.3776	2.3776	 6.95	20.80	209.11	 1.58	 3.18	 1.00	10.82	 1.15	319.71	284.32	292.37	266.03	290.08	0	53.21
2011	2	3	9.551	5877.3979	33.3980	2.3980	 5.76	 6.02	206.25	 1.48	 2.72	 1.00	10.88	 1.06	319.96	284.10	290.53	266.36	 0.00	0	53.27
2011	2	3	9.993	5877.4165	33.4164	2.4164	23.96	579142385.80	209.65	 1.81	 4.61	 1.00	10.77	 1.15	320.64	283.96	290.71	266.27	292.41	0	53.25
2011	2	3	10.434	5877.4346	33.4348	2.4348	40.08	 1.00	212.19	 0.00	 2.69	 0.00	10.75	 1.20	320.76	283.97	292.37	267.30	290.79	0	53.46
2011	2	3	10.875	5877.4531	33.4531	2.4531	49.07	 1.00	211.85	 0.00	 2.28	 0.00	10.78	 1.24	320.86	284.42	292.64	267.97	292.59	0	53.59
2011	2	3	11.780	5877.4907	33.4908	2.4908	 5.14	 2.63	208.88	 1.23	11.06	 0.94	10.78	 1.15	321.15	285.84	292.56	269.17	 0.00	0	53.83
2011	2	3	12.220	5877.5093	33.5092	2.5092	 4.58	 1.83	209.51	 1.50	 1.33	 1.00	10.83	 1.20	321.16	286.72	293.66	270.00	295.05	0	54.00
2011	2	3	12.661	5877.5273	33.5276	2.5276	 3.78	 0.76	204.71	 1.40	 3.14	 1.00	10.77	 1.02	321.30	287.78	294.58	270.32	294.34	0	54.06
2011	2	3	14.016	5877.5840	33.5840	2.5840	 3.43	 0.51	209.22	 1.37	 1.45	 1.00	10.75	 1.18	319.83	292.75	298.70	 0.00	 0.00	0	54.00
2011	2	3	14.456	5877.6025	33.6023	2.6023	21.46	37871362.07	205.32	 1.41	 5.76	 0.99	10.75	 1.07	319.58	294.23	303.40	285.07	299.33	0	57.01
2011	2	3	14.895	5877.6206	33.6206	2.6206	18.11	1367235.64	203.87	 1.43	 1.62	 1.00	10.75	 1.05	319.48	295.51	304.92	287.73	305.97	0	57.55
2011	2	3	18.897	5877.7876	33.7874	2.7874	 7.10	22.42	206.04	 1.44	 2.13	 1.00	10.83	 1.14	315.49	295.67	306.40	271.31	 0.00	0	54.26
2011	2	3	20.222	5877.8428	33.8426	2.8426	 4.67	 3.50	209.95	 2.62	14.84	 1.00	10.90	 1.15	317.29	291.97	301.45	269.54	299.92	0	53.91
2011	2	3	23.799	5877.9917	33.9916	2.9916	21.10	25130132.51	209.10	 1.36	 1.53	 1.00	10.80	 1.11	319.21	284.78	291.64	 0.00	292.90	0	54.00
2011	2	4	2.903	5878.1211	34.1210	3.1210	 5.00	 2.32	212.54	 1.26	 1.53	 1.00	10.73	 1.22	319.18	285.41	293.76	268.02	 0.00	0	53.60
2011	2	4	3.366	5878.1401	34.1402	3.1402	 4.11	 0.63	215.89	 0.86	 2.90	 0.98	10.75	 1.28	319.27	285.33	293.67	267.47	 0.00	0	53.49
2011	2	4	4.246	5878.1768	34.1769	3.1769	25.11	1653288806.15	206.16	 1.61	 2.87	 1.00	10.78	 1.00	319.20	285.07	292.15	267.43	292.24	0	53.49
2011	2	4	4.687	5878.1953	34.1953	3.1953	 3.34	 0.51	212.58	 1.53	 5.55	 0.99	10.80	 1.15	319.24	284.98	292.42	267.44	292.11	0	53.49
2011	2	4	5.592	5878.2329	34.2330	3.2330	 4.05	 1.25	214.36	 1.80	 3.87	 1.00	10.77	 1.16	319.33	284.97	293.91	267.59	290.44	0	53.52
2011	2	4	8.697	5878.3623	34.3624	3.3624	 3.75	 0.71	206.20	 1.35	 5.13	 0.99	10.77	 1.11	319.31	284.55	291.10	266.59	293.05	0	53.32
2011	2	4	10.507	5878.4380	34.4378	3.4378	 4.65	 2.03	206.26	 1.54	 5.72	 0.99	10.75	 1.06	319.27	284.49	291.75	267.39	292.93	0	53.48
2011	2	4	12.290	5878.5122	34.5121	3.5121	43.44	 1.00	202.72	 0.00	 1.61	 0.00	10.77	 1.08	319.35	286.12	292.38	269.86	290.93	0	53.97
2011	2	4	12.730	5878.5303	34.5304	3.5304	 3.72	 0.76	208.50	 1.51	 4.48	 1.00	10.78	 1.22	319.42	287.19	293.90	 0.00	293.71	0	54.00
2011	2	4	13.174	5878.5488	34.5489	3.5489	 3.56	 0.56	206.03	 1.29	 2.78	 1.00	11.07	 1.15	319.58	288.23	295.64	270.69	292.77	0	54.14
2011	2	4	13.620	5878.5674	34.5675	3.5675	 5.21	 4.37	203.90	 1.84	 3.27	 1.00	10.78	 1.11	319.57	289.33	296.19	272.01	296.19	0	54.40
2011	2	4	14.064	5878.5859	34.5860	3.5860	 3.27	 0.56	205.39	 1.75	 1.13	 1.00	10.82	 1.07	319.62	290.26	298.66	274.81	295.11	0	54.96
2011	2	4	16.757	5878.6982	34.6982	3.6982	 3.48	 0.44	213.36	 1.15	 1.17	 1.00	10.77	 1.11	318.75	293.98	306.12	273.85	 0.00	0	54.77
2011	2	4	17.639	5878.7349	34.7350	3.7350	 4.57	 1.26	212.35	 1.07	 3.20	 0.99	10.75	 1.14	318.32	295.50	307.67	282.42	 0.00	0	56.48
2011	2	4	18.520	5878.7715	34.7717	3.7717	36.08	 1.00	209.05	 0.00	 1.86	 0.00	10.72	 0.97	316.50	296.77	307.36	 0.00	 0.00	0	54.00
2011	2	4	18.985	5878.7910	34.7911	3.7911	 3.22	 0.55	206.57	 1.82	 4.98	 1.00	10.75	 1.02	316.54	296.33	308.78	276.25	304.93	0	55.25
2011	2	4	23.874	5878.9946	34.9947	3.9947	 3.66	 0.77	214.80	 1.67	 0.73	 1.00	10.73	 1.13	319.59	284.87	293.83	268.32	291.34	0	53.66
2011	2	5	1.207	5879.0503	35.0503	4.0503	 4.18	 1.15	212.79	 1.44	 1.36	 1.00	10.73	 1.18	319.81	285.07	291.36	268.11	291.92	0	53.62
2011	2	5	2.118	5879.0884	35.0882	4.0882	16.69	358786.01	205.60	 1.57	 4.80	 1.00	10.70	 1.07	319.81	285.12	290.06	267.80	293.66	0	53.56
2011	2	5	3.451	5879.1436	35.1438	4.1438	 5.36	 3.44	211.94	 1.30	 1.97	 1.00	10.80	 1.22	319.88	285.12	292.28	267.93	 0.00	0	53.59
2011	2	5	3.916	5879.1631	35.1632	4.1632	22.64	134089095.69	203.44	 1.51	 6.70	 0.99	10.77	 0.98	317.25	285.04	289.48	267.72	292.79	0	53.54
2011	2	5	6.576	5879.2739	35.2740	4.2740	 3.99	 1.00	209.90	 1.51	 3.59	 1.00	10.75	 1.04	320.53	281.29	285.84	267.73	286.28	0	53.55
2011	2	5	7.020	5879.2925	35.2925	4.2925	31.38	794548307825.83	211.54	 1.49	 2.69	 1.00	10.77	 1.20	322.24	282.01	286.62	267.68	289.36	0	53.54
2011	2	5	7.463	5879.3110	35.3109	4.3109	 4.01	 0.83	212.12	 1.23	 3.11	 1.00	10.93	 1.18	322.23	282.63	288.30	267.72	288.87	0	53.54
2011	2	5	9.248	5879.3853	35.3853	4.3853	24.95	1873386566.36	211.98	 2.19	 2.35	 1.00	10.83	 1.23	322.32	283.83	290.39	266.64	290.26	0	53.33
2011	2	5	9.689	5879.4038	35.4037	4.4037	32.60	2606033083271.04	212.40	 1.45	 2.35	 1.00	10.77	 1.27	322.26	283.88	290.25	265.94	288.83	0	53.19
2011	2	5	10.132	5879.4224	35.4222	4.4222	19.49	5520936.02	206.74	 1.48	 4.56	 1.00	10.83	 1.10	322.30	283.90	288.96	266.08	288.83	0	53.22
2011	2	5	10.621	5879.4424	35.4426	4.4426	 4.72	 2.21	209.78	 1.59	 2.60	 1.00	10.90	 1.14	322.39	284.01	290.08	266.61	290.40	0	53.32
2011	2	5	11.067	5879.4609	35.4611	4.4611	41.22	 1.00	210.38	 0.00	 3.27	 0.00	10.85	 1.13	322.41	284.28	291.22	267.53	292.03	0	53.51
2011	2	5	11.953	5879.4980	35.4980	4.4980	 4.38	 1.09	211.54	 1.11	 1.40	 1.00	10.73	 1.22	322.42	285.38	291.94	268.57	289.83	0	53.71
2011	2	5	12.392	5879.5161	35.5164	4.5164	 3.67	 0.70	213.82	 1.49	 5.89	 0.99	10.72	 1.29	322.51	286.21	292.64	270.83	292.11	0	54.17
2011	2	5	13.298	5879.5542	35.5541	4.5541	 3.54	 0.61	210.87	 1.47	 3.90	 1.00	10.87	 1.18	322.60	288.07	293.50	270.16	293.87	0	54.03
2011	2	5	14.182	5879.5908	35.5909	4.5909	19.84	6642346.17	210.94	 1.29	 2.55	 1.00	10.73	 1.18	322.90	290.54	298.50	272.52	296.26	0	54.50
2011	2	5	15.983	5879.6660	35.6659	4.6659	 4.98	 3.12	209.02	 1.70	 7.88	 0.99	10.78	 1.20	322.32	295.20	302.26	285.51	302.27	0	57.10
2011	2	5	16.424	5879.6846	35.6843	4.6843	 3.39	 0.62	202.23	 1.66	 2.15	 1.00	10.73	 1.05	321.47	296.38	303.34	285.43	302.83	0	57.09
2011	2	5	17.766	5879.7402	35.7402	4.7402	 3.84	 1.10	203.23	 1.88	 2.31	 1.00	10.72	 0.98	319.44	298.32	308.31	289.99	306.06	0	58.00
2011	2	5	19.990	5879.8330	35.8329	4.8329	 3.54	 0.64	208.26	 1.50	 5.85	 0.99	10.75	 1.03	317.32	295.68	309.61	271.24	303.92	0	54.25
2011	2	5	20.428	5879.8511	35.8512	4.8512	 6.42	 7.05	211.91	 0.93	 2.13	 0.99	10.72	 1.16	317.98	294.84	307.12	270.61	304.91	0	54.12
2011	2	5	20.868	5879.8696	35.8695	4.8695	16.48	266928.17	206.47	 1.45	 0.62	 1.00	10.73	 1.05	318.21	294.07	306.21	270.41	302.37	0	54.08
2011	2	5	21.312	5879.8882	35.8880	4.8880	44.11	 1.00	206.53	 0.00	 2.58	 0.00	10.73	 1.09	318.51	293.33	304.68	270.57	301.61	0	54.11
2011	2	5	22.212	5879.9253	35.9255	4.9255	 3.59	 2.39	183.74	 4.78	10.23	 1.00	10.73	 0.73	318.95	291.87	297.41	269.85	299.98	0	53.97
2011	2	5	22.657	5879.9438	35.9440	4.9440	 4.95	 2.79	217.74	 1.64	 8.65	 0.99	10.77	 1.24	318.96	291.12	302.20	269.89	297.47	0	53.98
2011	2	5	23.096	5879.9624	35.9623	4.9623	 4.99	 9.89	205.14	 5.29	15.45	 1.00	10.80	 1.14	319.24	290.16	299.00	267.98	299.41	0	53.60
2011	2	6	0.006	5880.0005	36.0003	5.0003	 6.89	21.49	208.48	 1.72	 1.86	 1.00	10.75	 1.07	319.30	288.37	298.00	 0.00	295.94	0	54.00
2011	2	6	0.444	5880.0186	36.0185	5.0185	18.05	698508.83	210.49	 0.80	 0.83	 1.00	10.70	 1.16	319.16	287.78	297.27	267.80	295.29	0	53.56
2011	2	6	0.885	5880.0371	36.0369	5.0369	31.96	1708515521350.49	207.11	 1.76	 2.42	 1.00	10.85	 1.07	319.10	287.34	296.12	267.98	294.73	0	53.60
2011	2	6	1.766	5880.0737	36.0736	5.0736	29.55	148551965483.46	206.76	 1.70	 3.11	 1.00	10.78	 1.03	318.99	286.80	294.81	268.49	295.64	0	53.70
2011	2	6	2.673	5880.1113	36.1114	5.1114	 6.47	 9.93	211.67	 1.23	 2.11	 1.00	10.73	 1.25	318.87	286.34	293.98	268.53	292.11	0	53.71
2011	2	6	3.114	5880.1299	36.1297	5.1297	 5.75	 5.91	211.38	 1.51	 3.27	 1.00	10.75	 1.22	318.86	286.17	294.19	268.61	291.91	0	53.72
2011	2	6	3.554	5880.1479	36.1481	5.1481	13.93	17242.12	209.88	 1.22	 6.29	 0.98	10.80	 1.19	318.84	286.06	293.85	268.67	 0.00	0	53.73
2011	2	6	4.459	5880.1855	36.1858	5.1858	 4.78	 2.12	212.79	 1.45	 1.62	 1.00	10.85	 1.19	318.93	285.83	293.83	268.59	291.50	0	53.72
2011	2	6	4.901	5880.2041	36.2042	5.2042	16.69	309865.87	214.36	 1.42	 5.13	 0.99	10.72	 1.20	318.87	285.70	295.13	268.27	292.90	0	53.65
2011	2	6	5.341	5880.2227	36.2226	5.2226	 4.87	 2.91	205.89	 1.76	 2.78	 1.00	10.70	 1.02	318.89	285.57	291.72	268.23	 0.00	0	53.65
2011	2	6	6.685	5880.2783	36.2786	5.2786	 4.93	 2.94	210.63	 1.71	 8.11	 0.99	10.78	 1.13	319.01	285.13	293.32	267.81	292.24	0	53.56
2011	2	6	7.127	5880.2969	36.2970	5.2970	 4.23	 0.98	208.10	 1.15	 0.74	 1.00	10.78	 1.14	318.99	285.01	291.90	267.56	 0.00	0	53.51
2011	2	6	7.568	5880.3154	36.3153	5.3153	38.30	 1.00	210.99	 0.00	 2.91	 0.00	10.78	 1.17	319.01	284.90	294.61	267.32	290.41	0	53.46
2011	2	6	8.010	5880.3335	36.3337	5.3337	 4.03	 0.86	208.75	 1.23	 2.62	 1.00	10.90	 1.14	318.98	284.81	293.44	267.30	291.84	0	53.46
2011	2	6	8.453	5880.3521	36.3522	5.3522	23.66	269872786.41	210.07	 1.14	 5.47	 0.98	10.73	 1.20	319.04	284.74	292.02	267.26	 0.00	0	53.45
2011	2	6	8.916	5880.3716	36.3715	5.3715	 3.89	 0.93	212.66	 1.57	 4.36	 1.00	10.80	 1.23	319.19	284.67	293.40	266.86	290.12	0	53.37
2011	2	6	9.357	5880.3896	36.3899	5.3899	 5.36	 3.20	211.55	 1.21	 3.57	 0.99	10.75	 1.20	319.23	284.62	293.32	266.84	293.05	0	53.37
2011	2	6	9.801	5880.4082	36.4084	5.4084	 4.77	 1.50	213.09	 1.04	 2.62	 0.99	10.83	 1.25	319.11	284.54	293.77	266.61	 0.00	0	53.32
2011	2	6	10.245	5880.4268	36.4269	5.4269	 4.16	 1.08	214.05	 1.39	 1.94	 1.00	10.82	 1.29	319.06	284.48	293.55	266.50	289.83	0	53.30
2011	2	6	10.688	5880.4453	36.4453	5.4453	59.62	 1.00	211.15	 0.00	 1.78	 0.00	10.87	 1.23	319.23	284.46	291.74	266.72	292.75	0	53.34
2011	2	6	11.633	5880.4849	36.4847	5.4847	 5.01	 3.02	212.95	 1.64	 0.92	 1.00	10.75	 1.23	319.19	284.81	293.54	 0.00	 0.00	0	54.00
2011	2	6	12.517	5880.5215	36.5215	5.5216	 3.85	 0.92	205.03	 1.57	 5.64	 0.99	10.75	 1.10	319.16	285.94	290.48	270.24	292.35	0	54.05
2011	2	6	12.956	5880.5400	36.5398	5.5398	 3.30	 0.34	208.23	 1.04	 1.12	 1.00	10.78	 1.11	319.25	286.86	294.60	270.93	293.18	0	54.19
2011	2	6	13.423	5880.5591	36.5593	5.5593	 4.78	 2.54	207.21	 1.69	 4.59	 1.00	10.93	 1.12	319.32	287.68	294.95	 0.00	292.18	0	54.00
2011	2	6	14.305	5880.5962	36.5960	5.5960	 5.18	 2.51	203.89	 1.10	 4.21	 0.99	10.72	 1.07	319.50	289.78	298.03	277.44	298.19	0	55.49
2011	2	6	15.192	5880.6328	36.6330	5.6330	 5.83	 6.76	205.23	 1.55	 2.85	 1.00	10.77	 1.13	319.67	292.82	300.27	279.65	299.51	0	55.93
2011	2	6	15.660	5880.6523	36.6525	5.6525	 4.27	 1.31	209.28	 1.48	 0.37	 1.00	10.82	 1.23	319.50	294.12	300.83	283.25	301.29	0	56.65
2011	2	6	16.101	5880.6709	36.6709	5.6709	 3.81	 0.75	207.94	 1.34	 2.10	 1.00	10.72	 1.15	319.49	295.38	303.83	284.07	302.76	0	56.81
2011	2	6	17.417	5880.7256	36.7257	5.7257	 2.06	 0.26	227.40	 3.47	252.55	 0.42	10.82	 0.86	317.86	297.30	307.32	283.56	 0.00	0	56.71
2011	2	6	17.884	5880.7451	36.7452	5.7452	 5.17	 3.10	204.77	 1.37	 1.41	 1.00	10.77	 0.98	317.89	297.01	307.84	277.45	303.76	0	55.49
2011	2	6	20.112	5880.8379	36.8380	5.8380	 4.59	 1.40	206.61	 1.13	 0.38	 1.00	10.77	 1.08	319.28	294.07	303.59	272.41	304.50	0	54.48
2011	2	6	20.990	5880.8745	36.8746	5.8746	 4.37	 1.16	214.73	 1.21	 1.26	 1.00	10.77	 1.26	319.16	293.20	304.42	 0.00	301.71	0	54.00
2011	2	6	21.878	5880.9116	36.9116	5.9116	 4.24	 1.24	207.43	 1.42	 6.44	 0.99	10.82	 1.05	319.35	291.62	302.08	 0.00	299.55	0	54.00
2011	2	6	23.229	5880.9678	36.9679	5.9679	 4.27	 1.69	206.10	 1.88	 1.96	 1.00	10.83	 1.00	319.58	289.39	299.32	268.48	298.54	0	53.70
2011	2	6	23.673	5880.9863	36.9864	5.9864	 6.48	 9.70	209.53	 1.18	 1.40	 1.00	10.72	 1.16	319.62	288.81	296.98	 0.00	298.16	0	54.00
2011	2	7	0.582	5881.0244	37.0243	6.0243	20.33	13717721.73	208.15	 1.60	 0.69	 1.00	10.85	 1.09	319.62	287.78	295.52	267.83	296.75	0	53.57
2011	2	7	1.023	5881.0425	37.0426	6.0426	23.91	485511687.34	204.17	 1.54	 3.10	 1.00	10.90	 1.06	319.43	287.41	294.63	268.15	296.54	0	53.63
2011	2	7	1.904	5881.0791	37.0793	6.0793	 4.42	 1.16	208.98	 1.12	 1.54	 1.00	10.75	 1.05	319.28	287.00	293.87	268.63	294.35	0	53.73
2011	2	7	2.812	5881.1172	37.1172	6.1172	 4.36	 1.26	213.39	 1.32	 0.49	 1.00	10.77	 1.18	319.25	286.50	296.22	268.34	293.86	0	53.67
2011	2	7	3.253	5881.1357	37.1355	6.1355	 4.33	 2.05	204.97	 2.14	 3.70	 1.00	10.77	 1.01	319.19	286.43	293.40	268.48	 0.00	0	53.70
2011	2	7	3.694	5881.1538	37.1539	6.1539	 8.82	97.24	213.70	 1.16	 2.69	 1.00	10.83	 1.23	319.17	286.42	296.47	268.18	 0.00	0	53.64
2011	2	7	4.577	5881.1909	37.1907	6.1907	 5.08	 2.83	208.83	 1.40	 4.51	 1.00	10.85	 1.17	319.26	286.20	293.75	 0.00	293.41	0	54.00
2011	2	7	5.486	5881.2285	37.2286	6.2286	 4.90	 2.46	203.91	 1.43	 4.50	 1.00	10.73	 1.02	319.17	285.93	292.17	267.30	293.21	0	53.46
2011	2	7	5.926	5881.2471	37.2469	6.2469	 4.43	 2.01	207.96	 1.91	 2.99	 1.00	10.72	 1.03	319.25	285.65	293.28	266.79	292.90	0	53.36
2011	2	7	6.368	5881.2651	37.2653	6.2653	 4.46	 1.29	212.77	 1.22	 3.01	 1.00	10.93	 1.17	319.32	285.40	294.85	266.83	291.29	0	53.37
2011	2	7	6.809	5881.2837	37.2837	6.2837	 3.97	 0.79	210.81	 1.21	 2.51	 1.00	10.85	 1.16	319.34	285.26	291.55	266.89	292.37	0	53.38
2011	2	7	7.274	5881.3032	37.3031	6.3031	 3.78	 1.01	207.10	 1.84	 6.77	 1.00	10.75	 1.03	316.78	285.38	292.16	 0.00	293.20	0	54.00
2011	2	7	9.934	5881.4141	37.4139	6.4139	 4.61	 1.31	210.41	 1.05	 5.51	 0.97	10.77	 1.14	320.02	282.66	289.70	268.42	287.85	0	53.68
2011	2	7	10.375	5881.4321	37.4323	6.4323	21.89	44865375.20	213.08	 1.13	 0.98	 1.00	10.72	 1.25	320.46	283.37	290.65	 0.00	289.64	0	54.00
2011	2	7	10.814	5881.4507	37.4506	6.4506	 6.95	20.86	205.43	 1.56	 3.01	 1.00	10.73	 1.13	320.51	284.09	286.04	268.65	 0.00	0	53.73
2011	2	7	11.758	5881.4897	37.4899	6.4899	 5.95	 7.14	207.55	 1.47	 1.54	 1.00	10.78	 1.17	320.59	286.13	292.61	270.79	294.75	0	54.16
2011	2	7	12.203	5881.5083	37.5084	6.5084	 6.48	11.88	210.39	 1.45	 4.17	 1.00	10.77	 1.20	321.14	287.39	294.40	270.74	 0.00	0	54.15
2011	2	7	13.086	5881.5454	37.5453	6.5453	 3.70	 0.74	209.55	 1.50	 4.12	 1.00	10.85	 1.10	321.05	291.07	298.76	279.39	295.91	0	55.88
2011	2	7	13.527	5881.5635	37.5636	6.5636	 5.23	 2.46	207.86	 1.04	 6.61	 0.96	10.80	 1.14	319.76	292.90	302.07	286.82	300.59	0	57.36
2011	2	7	14.430	5881.6011	37.6012	6.6012	 4.04	 1.02	208.22	 1.43	 4.99	 0.99	10.75	 1.16	317.59	296.56	307.35	284.70	304.31	0	56.94
2011	2	7	22.407	5881.9336	37.9336	6.9336	 3.65	 0.93	208.11	 1.97	 4.47	 1.00	10.78	 1.10	317.16	289.26	298.40	267.84	295.36	0	53.57
2011	2	7	22.875	5881.9531	37.9531	6.9531	44.58	 1.00	210.05	 0.00	 4.64	 0.00	10.83	 1.13	317.09	288.65	298.67	 0.00	298.09	0	54.00
2011	2	7	23.756	5881.9897	37.9898	6.9898	20.19	9189380.98	210.99	 1.25	 3.11	 1.00	10.72	 1.12	318.28	287.60	298.11	 0.00	 0.00	0	54.00
2011	2	8	0.198	5882.0083	38.0083	7.0083	 3.97	 0.76	213.40	 1.18	 5.91	 0.98	10.90	 1.15	318.49	287.27	296.83	269.24	296.21	0	53.85
2011	2	8	0.638	5882.0264	38.0266	7.0266	 3.85	 0.76	213.66	 1.35	 2.69	 1.00	10.78	 1.17	318.57	287.11	296.35	269.30	296.05	0	53.86
2011	2	8	1.107	5882.0459	38.0461	7.0461	 5.18	 3.48	213.35	 1.59	 2.69	 1.00	10.75	 1.19	318.61	286.91	296.56	 0.00	294.39	0	54.00
2011	2	8	2.435	5882.1016	38.1014	7.1014	 3.29	 0.44	212.95	 1.37	 1.23	 1.00	10.77	 1.17	318.46	286.19	293.88	 0.00	292.23	0	54.00
2011	2	8	2.882	5882.1201	38.1201	7.1201	 4.24	 1.04	214.42	 1.24	 3.33	 1.00	10.78	 1.27	318.43	285.95	294.53	267.23	293.37	0	53.45
2011	2	8	3.350	5882.1396	38.1396	7.1396	 3.75	 0.49	213.66	 0.96	 6.08	 0.94	10.93	 1.21	318.48	285.72	293.83	267.32	294.69	0	53.46
2011	2	8	3.793	5882.1582	38.1580	7.1580	 4.77	 1.60	215.76	 1.11	 2.99	 0.99	10.82	 1.26	318.41	285.63	294.91	267.37	294.57	0	53.47
2011	2	8	5.592	5882.2329	38.2330	7.2330	 3.54	 0.43	212.89	 1.04	 1.80	 1.00	10.78	 1.23	315.94	285.04	292.87	267.18	 0.00	0	53.44
2011	2	8	8.253	5882.3437	38.3439	7.3439	 3.20	 0.31	210.09	 1.06	 3.19	 0.99	10.73	 1.11	319.55	282.02	289.66	 0.00	288.26	0	54.00
2011	2	8	9.135	5882.3809	38.3806	7.3806	 4.42	 1.71	208.05	 1.64	 7.71	 0.99	10.77	 1.11	320.06	283.15	289.80	268.05	288.29	0	53.61
2011	2	8	10.040	5882.4185	38.4183	7.4183	20.87	20903228.62	205.78	 1.40	 2.18	 1.00	10.73	 1.06	319.94	283.94	289.75	 0.00	290.89	0	54.00
2011	2	8	10.485	5882.4370	38.4369	7.4369	 3.57	 0.58	212.44	 1.35	 4.22	 0.99	10.80	 1.20	319.98	284.20	291.76	268.01	292.69	0	53.60
2011	2	8	10.924	5882.4551	38.4552	7.4552	 5.25	 3.05	210.64	 1.28	 2.50	 1.00	10.73	 1.18	320.02	284.58	292.19	268.74	291.42	0	53.75
2011	2	8	11.368	5882.4736	38.4737	7.4737	 3.63	 0.95	205.38	 2.02	 1.94	 1.00	10.73	 1.05	320.01	285.19	292.24	270.15	 0.00	0	54.03
2011	2	8	11.809	5882.4922	38.4920	7.4920	23.45	317253658.87	209.93	 1.65	 2.31	 1.00	10.78	 1.19	320.06	285.81	292.77	270.34	292.55	0	54.07
2011	2	9	1.390	5883.0581	39.0579	8.0579	 3.34	 0.64	206.33	 1.87	 2.50	 1.00	10.92	 1.03	319.78	287.01	293.59	267.28	 0.00	0	53.46
2011	2	9	1.831	5883.0762	39.0763	8.0763	 3.31	 0.37	210.44	 1.13	 3.73	 0.99	10.73	 1.12	319.79	286.68	294.31	266.61	 0.00	0	53.32
2011	2	9	2.272	5883.0947	39.0947	8.0947	 3.18	 0.31	212.96	 1.12	 0.54	 1.00	10.95	 1.19	319.76	286.33	295.84	266.25	295.14	0	53.25
2011	2	9	3.618	5883.1509	39.1507	8.1507	 2.92	 0.28	208.96	 1.30	 3.17	 1.00	10.98	 1.15	320.17	285.27	292.74	265.05	293.87	0	53.01
2011	2	9	4.946	5883.2061	39.2061	8.2061	 2.82	 0.25	210.53	 1.30	 3.61	 0.99	10.82	 1.20	320.57	284.24	291.33	265.00	289.72	0	53.00
2011	2	9	5.414	5883.2256	39.2256	8.2256	 2.78	 0.30	207.32	 1.58	 2.37	 1.00	10.78	 1.08	321.29	283.96	289.17	264.98	289.36	0	53.00
2011	2	9	7.187	5883.2993	39.2995	8.2995	 2.79	 0.26	213.13	 1.38	 1.03	 1.00	10.82	 1.23	321.22	283.20	291.94	264.93	 0.00	0	52.99
2011	2	9	7.653	5883.3188	39.3189	8.3189	 3.02	 0.40	208.36	 1.63	 2.89	 1.00	10.75	 1.12	320.99	283.05	288.31	 0.00	289.97	0	54.00
2011	2	9	8.092	5883.3374	39.3372	8.3372	 2.97	 0.31	208.55	 1.34	 4.25	 0.99	10.87	 1.15	321.08	282.93	287.96	264.83	 0.00	0	52.97
2011	2	9	8.976	5883.3740	39.3740	8.3740	 2.70	 0.25	212.56	 1.46	 1.53	 1.00	10.70	 1.23	320.89	282.60	290.54	264.82	 0.00	0	52.96
2011	2	9	9.416	5883.3921	39.3923	8.3923	 2.43	 0.19	209.66	 1.52	 3.02	 1.00	10.73	 1.17	321.08	282.51	289.13	264.82	 0.00	0	52.96
2011	2	9	10.324	5883.4302	39.4301	8.4302	 2.50	 0.23	210.41	 1.67	 1.57	 1.00	10.83	 1.17	320.38	282.35	291.10	264.76	289.28	0	52.95
2011	2	9	11.210	5883.4673	39.4671	8.4671	 2.37	 0.18	209.42	 1.54	 1.86	 1.00	10.78	 1.14	320.57	283.29	289.98	268.49	 0.00	0	53.70
2011	2	9	11.649	5883.4854	39.4854	8.4854	 2.46	 0.15	211.66	 1.19	 4.51	 0.98	10.83	 1.22	320.31	284.38	291.29	 0.00	 0.00	0	54.00
2011	2	9	12.119	5883.5049	39.5050	8.5050	 1.66	 0.50	209.55	10.09	74.69	 1.00	10.83	 1.02	320.83	285.84	291.36	277.90	290.05	0	55.58
2011	2	9	12.561	5883.5234	39.5234	8.5234	 2.15	 0.16	209.60	 1.72	 2.19	 1.00	10.73	 1.23	320.43	287.38	294.71	279.65	291.86	0	55.93
2011	2	9	13.000	5883.5415	39.5417	8.5417	 2.38	 0.16	207.91	 1.37	 1.44	 1.00	10.83	 1.22	320.41	289.13	297.55	282.81	297.42	0	56.56
2011	2	9	13.441	5883.5601	39.5600	8.5600	 2.03	 0.16	204.63	 2.01	 0.66	 1.00	10.75	 1.02	319.98	290.85	299.66	283.00	299.68	0	56.60
2011	2	9	13.880	5883.5781	39.5783	8.5783	 2.09	 0.13	205.13	 1.53	 3.14	 1.00	10.72	 1.06	319.97	292.61	301.11	283.52	299.06	0	56.70
2011	2	9	14.344	5883.5977	39.5977	8.5977	 1.99	 0.17	201.11	 2.13	 1.65	 1.00	10.80	 0.97	319.65	294.49	304.31	284.53	303.48	0	56.91
2011	2	9	14.784	5883.6162	39.6160	8.6160	 2.37	 0.26	201.91	 2.12	 1.42	 1.00	10.78	 0.99	317.54	296.17	307.62	285.61	306.91	0	57.12
2011	2	9	15.661	5883.6523	39.6526	8.6526	 2.20	 0.15	204.76	 1.47	 5.87	 0.99	10.75	 0.96	316.62	297.98	312.59	277.81	306.71	0	55.56
2011	2	9	16.566	5883.6904	39.6902	8.6902	 2.33	 0.18	203.69	 1.56	 3.59	 1.00	10.77	 1.04	316.96	298.88	312.06	277.41	306.97	0	55.48
2011	2	9	17.882	5883.7451	39.7451	8.7451	 2.62	 0.20	212.06	 1.29	 3.23	 1.00	10.75	 1.29	317.65	298.92	312.35	276.02	306.42	0	55.20
2011	2	9	18.323	5883.7637	39.7634	8.7634	 2.35	 0.19	203.42	 1.58	 4.13	 1.00	10.77	 1.13	318.58	298.26	309.55	272.26	 0.00	0	54.45
2011	2	9	19.672	5883.8198	39.8197	8.8197	 2.18	 0.12	209.86	 1.23	 1.75	 1.00	10.73	 1.23	319.09	294.48	305.85	267.15	302.11	0	53.43
2011	2	9	22.351	5883.9312	39.9313	8.9313	 2.89	 0.46	207.78	 2.16	 5.86	 1.00	10.77	 1.13	319.14	287.81	296.62	265.43	 0.00	0	53.09
2011	2	9	23.259	5883.9692	39.9691	8.9691	 3.87	 1.47	211.40	 2.51	 8.03	 1.00	10.77	 1.22	319.25	286.62	295.82	265.34	 0.00	0	53.07
2011	2	10	0.152	5884.0063	40.0063	9.0063	 2.29	 0.20	209.84	 1.86	 4.63	 1.00	10.77	 1.29	319.36	285.79	296.32	265.62	293.11	0	53.12
2011	2	10	0.595	5884.0249	40.0248	9.0248	 2.20	 0.17	193.10	 1.63	46.67	 0.55	10.78	 1.12	319.42	285.41	291.41	264.96	294.08	0	52.99
2011	2	10	1.533	5884.0640	40.0639	9.0639	 0.81	 0.04	192.92	 3.43	11.89	 0.96	10.75	 1.07	319.76	284.32	292.21	 0.00	 0.00	0	54.00
2011	2	10	1.976	5884.0825	40.0823	9.0823	 0.99	 0.06	192.77	 3.37	 8.57	 0.99	10.83	 1.21	320.49	283.66	295.16	263.59	292.13	0	52.72
2011	2	10	2.416	5884.1006	40.1007	9.1007	 0.88	 0.04	186.95	 2.65	 0.86	 1.00	10.75	 1.16	320.94	283.11	289.93	264.97	 0.00	0	52.99
2011	2	10	4.229	5884.1763	40.1762	9.1762	 0.78	 0.04	182.34	 3.05	 7.59	 0.97	10.73	 1.22	320.64	281.45	290.07	264.98	288.25	0	53.00
2011	2	10	4.670	5884.1948	40.1946	9.1946	 0.68	 0.05	181.57	 4.60	 1.09	 1.00	10.85	 1.27	321.87	281.08	288.27	261.97	286.74	0	52.39
2011	2	10	5.116	5884.2134	40.2132	9.2132	 0.68	 0.03	175.22	 3.36	 2.30	 1.00	10.78	 1.25	322.65	280.86	287.09	 0.00	288.81	0	54.00
2011	2	10	6.027	5884.2510	40.2511	9.2511	 0.60	 0.04	180.44	 4.77	 2.69	 1.00	10.88	 1.13	323.01	280.71	285.72	264.77	285.95	0	52.95
2011	2	10	6.469	5884.2695	40.2696	9.2696	 0.65	 0.03	180.82	 3.78	 5.07	 0.99	10.75	 1.21	322.62	280.57	286.81	264.79	287.32	0	52.96
2011	2	10	8.267	5884.3442	40.3444	9.3444	 0.60	 0.05	180.36	 6.34	10.58	 0.99	10.87	 1.10	323.15	280.31	286.20	264.75	288.40	0	52.95
2011	2	10	9.154	5884.3813	40.3814	9.3814	 0.73	 0.04	179.34	 3.63	 7.50	 0.98	10.72	 1.26	322.81	280.39	286.77	 0.00	288.44	0	54.00
2011	2	10	10.043	5884.4185	40.4184	9.4184	 0.83	 0.05	181.32	 3.53	 9.87	 0.98	10.88	 1.29	322.79	280.51	287.62	264.67	 0.00	0	52.93
2011	2	10	10.512	5884.4380	40.4380	9.4380	 0.76	 0.04	186.89	 3.67	 9.66	 0.97	10.83	 1.26	319.52	280.67	287.06	264.63	285.85	0	52.93
2011	2	10	13.181	5884.5493	40.5492	9.5492	 0.74	 0.07	180.83	 6.10	28.27	 0.97	10.85	 1.06	322.58	282.02	287.33	268.35	288.08	0	53.67
2011	2	10	13.623	5884.5674	40.5676	9.5676	 0.74	 0.06	189.82	 5.88	25.87	 0.97	10.82	 1.09	322.68	283.95	288.77	268.09	293.48	0	53.62
2011	2	10	14.063	5884.5859	40.5860	9.5860	 0.75	 0.08	185.30	 6.95	40.11	 0.96	10.70	 1.06	322.78	285.84	288.06	 0.00	290.45	0	54.00
2011	2	10	14.501	5884.6040	40.6042	9.6042	 0.81	 0.08	197.94	 6.27	 7.49	 1.00	10.83	 1.07	322.69	287.56	293.13	269.43	294.94	0	53.89
2011	2	10	14.964	5884.6235	40.6235	9.6235	 1.22	 0.12	195.90	 4.24	12.77	 1.00	10.77	 1.11	320.47	289.30	297.46	269.65	296.06	0	53.93
2011	2	10	18.060	5884.7524	40.7525	9.7525	 1.75	 0.15	204.86	 2.58	 4.60	 1.00	10.78	 1.18	322.76	292.14	298.88	272.02	296.15	0	54.40
2011	2	10	18.504	5884.7710	40.7710	9.7710	 2.36	 0.43	210.32	 3.64	15.09	 1.00	10.90	 1.25	322.79	291.88	299.36	267.97	298.48	0	53.59
2011	2	10	18.950	5884.7896	40.7896	9.7896	 1.91	 0.38	199.92	 5.31	 3.64	 1.00	10.90	 1.08	322.80	291.64	299.30	269.08	298.48	0	53.82
2011	2	10	19.856	5884.8271	40.8274	9.8273	 3.49	 1.57	200.68	 3.78	22.87	 1.00	10.72	 0.96	322.67	290.66	298.69	265.76	300.00	0	53.15
2011	2	10	21.189	5884.8828	40.8829	9.8829	 3.31	 1.37	213.02	 4.21	21.38	 1.00	10.83	 1.21	322.73	288.64	298.41	 0.00	294.28	0	54.00
2011	2	10	22.096	5884.9204	40.9206	9.9206	 8.02	43.90	213.66	 1.16	 2.31	 1.00	10.85	 1.30	322.55	287.72	297.72	265.96	293.39	0	53.19
2011	2	10	22.540	5884.9390	40.9392	9.9392	14.76	34300.74	213.03	 1.07	 0.98	 1.00	10.83	 1.25	322.47	287.47	295.94	266.59	293.02	0	53.32
2011	2	10	23.429	5884.9761	40.9762	9.9762	 3.83	 0.94	206.95	 1.64	 5.26	 1.00	10.87	 1.13	322.64	286.62	292.99	265.09	292.21	0	53.02
2011	2	11	0.343	5885.0142	41.0143	10.0143	 3.54	 1.05	205.62	 2.47	 4.13	 1.00	10.77	 1.13	322.55	285.80	292.26	 0.00	 0.00	0	54.00
2011	2	11	0.785	5885.0327	41.0327	10.0327	 4.78	 1.94	206.38	 1.28	 0.99	 1.00	10.82	 1.19	322.62	285.54	292.16	264.94	 0.00	0	52.99
2011	2	11	1.227	5885.0513	41.0511	10.0511	 3.35	 0.66	206.25	 1.90	 5.87	 1.00	10.87	 1.09	322.65	285.23	293.42	265.00	293.53	0	53.00
2011	2	11	1.670	5885.0698	41.0696	10.0696	 2.81	 0.34	204.92	 1.72	 4.32	 1.00	10.83	 1.17	322.57	284.94	291.59	265.00	290.21	0	53.00
2011	2	11	2.160	5885.0898	41.0900	10.0900	 2.58	 0.22	200.88	 1.42	 6.11	 0.99	10.77	 1.10	322.73	284.59	290.80	264.94	 0.00	0	52.99
2011	2	11	3.043	5885.1270	41.1268	10.1268	 1.45	 0.10	198.18	 2.51	 7.11	 1.00	10.77	 1.11	322.68	283.87	287.76	265.05	289.29	0	53.01
2011	2	11	3.485	5885.1450	41.1452	10.1452	 1.55	 0.11	197.98	 2.34	 8.48	 0.99	10.77	 1.14	322.60	283.47	289.64	265.09	 0.00	0	53.02
2011	2	11	3.927	5885.1636	41.1636	10.1636	 1.77	 0.12	197.52	 1.90	 3.07	 1.00	10.78	 1.18	322.62	283.27	288.09	 0.00	289.79	0	54.00
2011	2	11	4.397	5885.1831	41.1832	10.1832	 1.57	 0.12	197.83	 2.63	23.37	 0.96	10.82	 1.18	322.62	283.03	291.41	265.08	289.62	0	53.02
2011	2	11	4.839	5885.2017	41.2016	10.2016	 1.49	 0.14	198.94	 3.51	26.08	 0.98	10.77	 1.18	322.60	282.74	288.35	265.07	290.77	0	53.01
2011	2	11	5.282	5885.2202	41.2201	10.2201	 1.76	 0.18	197.81	 2.94	 9.64	 1.00	10.70	 1.13	322.58	282.68	288.17	265.04	 0.00	0	53.01
2011	2	11	5.724	5885.2383	41.2385	10.2385	 2.63	 0.27	204.12	 1.66	 2.81	 1.00	10.78	 1.23	322.58	282.54	289.69	264.98	 0.00	0	53.00
2011	2	11	6.638	5885.2764	41.2766	10.2766	 2.98	 0.38	198.27	 1.54	 2.06	 1.00	10.82	 1.08	322.71	282.43	285.27	264.98	 0.00	0	53.00
2011	2	11	7.080	5885.2949	41.2950	10.2950	 2.18	 0.22	196.00	 2.17	 7.67	 1.00	10.70	 1.13	322.55	282.35	287.98	 0.00	290.34	0	54.00
2011	2	11	7.965	5885.3320	41.3319	10.3319	 1.75	 0.09	193.39	 1.53	18.09	 0.84	10.75	 1.23	322.60	281.83	290.95	 0.00	 0.00	0	54.00
2011	2	11	8.405	5885.3501	41.3502	10.3502	 1.47	 0.08	201.92	 2.05	13.66	 0.96	10.77	 1.26	322.45	281.58	289.63	263.90	287.90	0	52.78
2011	2	11	9.318	5885.3882	41.3883	10.3883	 2.14	 0.17	198.78	 1.81	 1.35	 1.00	10.83	 1.21	322.56	281.36	289.19	 0.00	287.68	0	54.00
2011	2	11	9.762	5885.4067	41.4068	10.4068	 1.60	 0.11	191.63	 2.29	15.79	 0.97	10.77	 1.13	322.49	281.22	288.52	 0.00	286.06	0	54.00
2011	2	11	10.206	5885.4253	41.4252	10.4252	 1.55	 0.10	196.73	 2.22	 8.05	 0.99	10.78	 1.22	322.51	281.04	288.84	262.91	288.69	0	52.58
2011	2	11	11.113	5885.4629	41.4631	10.4631	 1.12	 0.05	191.05	 2.10	 7.42	 0.97	10.85	 1.13	322.61	281.57	287.60	263.63	287.68	0	52.73
2011	2	11	11.556	5885.4814	41.4815	10.4815	 1.32	 0.07	191.07	 2.18	13.98	 0.95	10.77	 1.27	322.53	281.90	287.90	264.87	286.28	0	52.97
2011	2	11	13.354	5885.5566	41.5564	10.5564	 0.97	 0.05	188.87	 2.73	 1.30	 1.00	10.88	 1.18	322.77	284.94	293.32	265.82	 0.00	0	53.16
2011	2	11	13.802	5885.5752	41.5751	10.5751	 0.91	 0.04	184.58	 2.50	11.09	 0.93	10.80	 1.17	322.90	286.08	292.94	266.11	293.27	0	53.22
2011	2	11	15.592	5885.6499	41.6497	10.6497	 1.52	 0.15	198.01	 3.41	12.03	 1.00	10.85	 1.18	322.95	291.24	301.06	265.29	298.30	0	53.06
2011	2	11	17.829	5885.7427	41.7429	10.7429	 2.72	 0.47	198.80	 2.54	10.49	 1.00	10.77	 1.12	322.44	294.52	305.45	 0.00	301.78	0	54.00
2011	2	11	19.159	5885.7983	41.7983	10.7983	 4.35	 1.95	202.25	 1.96	 4.12	 1.00	10.85	 1.14	322.48	292.69	302.88	 0.00	300.33	0	54.00
2011	2	11	21.405	5885.8921	41.8919	10.8919	39.51	 1.00	205.71	 0.00	15.00	 0.00	10.97	 1.16	322.44	288.65	299.78	 0.00	294.48	0	54.00
2011	2	11	23.194	5885.9663	41.9664	10.9664	 3.88	 2.03	200.66	 3.27	11.86	 1.00	10.73	 1.13	322.64	285.71	293.00	264.52	292.55	0	52.90
2011	2	11	23.637	5885.9849	41.9849	10.9849	 4.47	 1.54	206.66	 1.39	 3.01	 1.00	10.95	 1.27	322.70	285.05	294.75	 0.00	293.18	0	54.00
2011	2	12	0.551	5886.0229	42.0229	11.0229	 4.01	 1.59	205.17	 2.30	26.58	 0.97	10.85	 1.16	322.74	284.21	291.74	265.14	289.39	0	53.03
2011	2	12	1.876	5886.0781	42.0781	11.0781	 3.35	 0.77	205.11	 2.18	10.45	 0.99	10.80	 1.18	322.76	283.03	291.68	263.79	 0.00	0	52.76
2011	2	12	2.808	5886.1172	42.1170	11.1170	 2.62	 0.32	197.58	 1.93	 8.06	 0.99	10.83	 1.23	322.87	282.38	288.22	263.00	 0.00	0	52.60
2011	2	12	6.803	5886.2837	42.2834	11.2834	 2.11	 0.22	195.14	 2.38	 4.33	 1.00	10.75	 1.16	322.30	279.81	285.74	261.72	284.57	0	52.34
2011	2	12	7.271	5886.3027	42.3030	11.3030	 1.99	 0.16	200.28	 2.06	 6.44	 1.00	10.77	 1.14	322.47	279.73	287.45	261.57	287.42	0	52.31
2011	2	12	7.716	5886.3213	42.3215	11.3215	 2.58	 0.34	194.04	 2.10	 8.55	 1.00	10.77	 1.14	322.58	279.71	285.01	262.01	 0.00	0	52.40
2011	2	12	9.941	5886.4141	42.4142	11.4142	 1.17	 0.09	171.26	 3.08	49.42	 0.79	10.80	 1.25	319.68	278.86	284.50	260.19	 0.00	0	52.04
2011	2	12	21.049	5886.8770	42.8771	11.8771	 1.29	 0.10	209.22	 3.52	23.04	 0.98	10.75	 1.29	320.28	282.36	293.00	265.49	288.38	0	53.10
2011	2	12	22.847	5886.9521	42.9520	11.9520	 2.19	 0.34	205.59	 3.50	10.89	 1.00	10.77	 1.17	320.27	282.69	291.81	264.29	291.44	0	52.86
2011	2	13	0.171	5887.0073	43.0071	12.0071	 2.85	 0.43	206.35	 2.12	 8.41	 1.00	10.78	 1.18	320.41	282.46	281.64	265.18	287.76	0	53.04
2011	2	13	0.613	5887.0254	43.0256	12.0256	 2.71	 0.50	214.46	 2.97	39.42	 0.97	10.80	 1.29	320.38	282.58	289.87	265.09	 0.00	0	53.02
2011	2	13	1.522	5887.0635	43.0634	12.0634	 3.32	 0.47	207.35	 1.40	 0.68	 1.00	10.78	 1.25	320.37	282.64	289.19	265.14	289.51	0	53.03
2011	2	13	2.405	5887.1001	43.1002	12.1002	 2.01	 0.19	211.74	 2.53	27.77	 0.96	10.72	 1.28	320.30	282.59	291.00	 0.00	287.89	0	54.00
2011	2	13	2.849	5887.1187	43.1187	12.1187	 1.59	 0.12	195.59	 2.57	11.98	 0.99	10.83	 1.18	320.32	282.39	287.18	264.97	289.21	0	52.99
2011	2	13	4.671	5887.1948	43.1946	12.1946	 0.72	 0.06	175.08	 5.25	10.08	 0.99	10.85	 1.12	320.32	281.13	288.73	261.21	286.57	0	52.24
2011	2	13	6.475	5887.2700	43.2698	12.2698	 1.02	 0.16	114.61	 4.69	97.48	 0.76	10.92	 1.11	320.25	278.98	282.27	259.94	287.23	0	51.99
2011	2	13	6.917	5887.2881	43.2882	12.2882	 0.54	 0.05	150.68	 5.83	 3.58	 1.00	10.72	 1.27	320.31	278.71	286.89	 0.00	285.51	0	54.00
2011	2	13	7.360	5887.3066	43.3067	12.3067	 0.33	 0.05	166.83	16.17	18.00	 0.96	10.83	 1.16	320.43	278.42	282.89	261.14	 0.00	0	52.23
2011	2	13	8.267	5887.3442	43.3445	12.3445	 0.46	 0.05	159.20	 8.19	 3.20	 1.00	10.82	 1.24	320.62	278.06	285.30	261.77	286.39	0	52.35
2011	2	13	9.591	5887.3994	43.3996	12.3996	 0.37	 0.04	179.47	 9.76	13.50	 0.91	10.82	 1.22	320.73	277.74	285.72	 0.00	284.56	0	54.00
2011	2	13	10.938	5887.4556	43.4558	12.4558	 0.41	 0.05	178.22	12.24	 7.78	 1.00	10.88	 1.19	321.45	278.24	286.06	264.48	283.23	0	52.90
2011	2	13	12.299	5887.5127	43.5125	12.5125	 0.51	 0.04	178.34	 6.98	 3.19	 1.00	10.73	 1.20	321.85	281.22	286.84	266.51	288.15	0	53.30
2011	2	13	13.182	5887.5493	43.5492	12.5492	 0.52	 0.04	171.29	 5.37	 8.44	 0.96	10.82	 1.20	321.91	284.41	291.31	270.33	291.84	0	54.07
2011	2	13	13.623	5887.5674	43.5676	12.5676	 0.53	 0.03	185.45	 5.27	 4.76	 0.99	10.80	 1.27	321.88	286.22	293.40	274.20	293.93	0	54.84
2011	2	13	14.061	5887.5859	43.5859	12.5859	 0.59	 0.06	179.13	 7.86	 3.01	 1.00	10.80	 1.21	321.98	287.84	295.95	275.90	295.93	0	55.18
2011	2	13	14.969	5887.6235	43.6237	12.6237	 1.19	 0.07	195.31	 2.63	 8.27	 0.99	10.78	 1.09	321.64	291.20	302.13	277.16	299.34	0	55.43
2011	2	13	17.631	5887.7349	43.7346	12.7346	 1.81	 0.10	208.63	 1.58	 4.09	 0.99	10.73	 1.22	319.33	298.33	309.81	287.82	305.07	0	57.56
2011	2	13	18.511	5887.7715	43.7713	12.7713	 1.99	 0.16	204.31	 2.07	15.84	 0.97	10.77	 1.19	319.59	298.42	310.66	279.65	304.13	0	55.93
2011	2	13	19.416	5887.8091	43.8090	12.8090	 3.14	 0.52	206.73	 1.87	 7.35	 1.00	10.73	 1.19	319.51	297.00	309.27	 0.00	304.95	0	54.00
2011	2	13	22.088	5887.9204	43.9203	12.9203	 4.20	 2.09	211.80	 2.56	 5.48	 1.00	10.87	 1.22	320.97	290.20	303.52	268.13	296.26	0	53.63
2011	2	13	22.534	5887.9390	43.9389	12.9389	 3.05	 0.67	207.66	 2.66	 5.14	 1.00	11.00	 1.14	320.92	288.89	299.16	265.82	297.86	0	53.16
2011	2	13	22.977	5887.9575	43.9574	12.9574	 3.47	 0.81	208.30	 2.08	 3.15	 1.00	10.95	 1.19	320.85	287.53	297.24	265.76	 0.00	0	53.15
2011	2	13	23.893	5887.9956	43.9955	12.9955	 3.11	 0.44	202.09	 1.58	 9.44	 0.98	10.80	 1.12	321.15	285.46	290.03	265.12	 0.00	0	53.02
2011	2	14	0.783	5888.0327	44.0326	13.0326	 3.29	 0.35	208.68	 1.06	 0.50	 1.00	10.77	 1.17	321.19	284.49	292.31	265.23	290.16	0	53.05
2011	2	14	1.227	5888.0513	44.0511	13.0511	 3.54	 0.63	211.13	 1.51	 1.44	 1.00	10.88	 1.28	321.16	283.94	291.80	264.43	290.97	0	52.89
2011	2	14	2.136	5888.0889	44.0890	13.0890	 3.55	 0.72	204.42	 1.66	 2.41	 1.00	10.78	 1.09	321.23	283.26	288.77	264.96	 0.00	0	52.99
2011	2	14	2.576	5888.1074	44.1073	13.1073	 3.46	 0.63	209.48	 1.62	 2.02	 1.00	10.72	 1.24	321.21	283.05	289.70	 0.00	289.99	0	54.00
2011	2	14	3.021	5888.1260	44.1259	13.1259	 3.94	 0.86	206.92	 1.34	 2.70	 1.00	10.73	 1.24	321.17	282.85	288.76	 0.00	 0.00	0	54.00
2011	2	14	3.463	5888.1440	44.1443	13.1443	 3.69	 0.85	205.49	 1.69	 2.26	 1.00	10.73	 1.11	321.15	282.64	289.38	264.98	288.14	0	53.00
2011	2	14	3.957	5888.1650	44.1649	13.1649	 3.02	 0.52	201.48	 2.07	 1.78	 1.00	10.83	 1.04	320.97	282.32	287.16	 0.00	287.76	0	54.00
2011	2	14	4.398	5888.1831	44.1833	13.1833	 3.45	 0.52	207.17	 1.34	 3.44	 1.00	10.85	 1.18	320.58	282.05	290.38	 0.00	287.46	0	54.00
2011	2	14	6.197	5888.2583	44.2582	13.2582	 2.75	 0.24	207.46	 1.30	 2.16	 1.00	10.88	 1.19	319.51	281.14	287.41	264.94	287.49	0	52.99
2011	2	14	6.642	5888.2769	44.2767	13.2767	 2.91	 0.24	208.77	 1.12	 5.50	 0.97	10.83	 1.29	320.32	280.98	287.60	264.91	288.97	0	52.98
2011	2	14	7.525	5888.3135	44.3136	13.3136	 2.79	 0.31	207.28	 1.64	 2.73	 1.00	10.90	 1.22	318.93	280.90	286.05	264.86	289.01	0	52.97
2011	2	14	7.970	5888.3320	44.3321	13.3321	 2.85	 0.30	206.57	 1.48	 3.69	 1.00	10.83	 1.24	318.97	281.19	287.64	264.90	286.22	0	52.98
2011	2	14	11.126	5888.4634	44.4636	13.4636	 2.06	 0.14	203.97	 1.68	 6.13	 0.99	10.78	 1.17	319.13	282.00	288.33	264.97	286.90	0	52.99
2011	2	14	11.566	5888.4819	44.4819	13.4819	 2.02	 0.12	202.99	 1.49	 4.14	 0.99	10.87	 1.21	318.95	282.63	290.18	265.06	290.77	0	53.01
2011	2	14	12.449	5888.5186	44.5187	13.5187	 2.02	 0.18	198.74	 2.15	11.76	 0.99	11.05	 1.09	318.95	284.23	289.10	266.58	 0.00	0	53.32
2011	2	14	12.919	5888.5381	44.5383	13.5383	 1.94	 0.12	202.24	 1.67	 6.86	 0.99	10.78	 1.12	319.19	285.07	291.81	268.42	 0.00	0	53.68
2011	2	14	13.806	5888.5752	44.5752	13.5752	 2.33	 0.21	207.85	 1.86	 0.78	 1.00	10.80	 1.28	319.47	286.75	294.38	270.76	293.71	0	54.15
2011	2	14	16.468	5888.6860	44.6862	13.6862	 2.90	 0.39	207.70	 1.81	 1.81	 1.00	10.75	 1.08	322.05	295.51	304.37	281.51	302.93	0	56.30
2011	2	14	17.372	5888.7236	44.7239	13.7239	 3.91	 1.26	209.14	 2.06	 2.29	 1.00	10.77	 1.09	321.69	296.23	306.95	 0.00	304.16	0	54.00
2011	2	14	18.255	5888.7607	44.7606	13.7606	 4.27	 0.87	211.98	 1.00	 1.33	 1.00	10.75	 1.26	321.11	297.16	309.11	280.38	307.11	0	56.08
2011	2	14	18.694	5888.7788	44.7789	13.7789	 3.67	 0.63	206.71	 1.30	 3.74	 1.00	10.75	 1.10	321.24	297.65	309.24	280.42	305.57	0	56.08
2011	2	14	19.599	5888.8164	44.8166	13.8166	27.79	44069218586.88	203.02	 2.89	13.09	 1.00	10.77	 1.05	321.18	296.74	309.31	 0.00	306.98	0	54.00
2011	2	14	20.039	5888.8350	44.8350	13.8350	18.60	3825173.26	196.26	 2.37	 5.25	 1.00	10.72	 0.91	321.22	295.77	307.34	270.58	305.95	0	54.12
2011	2	14	20.484	5888.8535	44.8535	13.8535	 3.68	 0.76	209.47	 1.58	 1.11	 1.00	10.77	 1.25	321.21	294.76	304.57	270.16	300.94	0	54.03
2011	2	14	20.922	5888.8716	44.8718	13.8718	 5.06	 2.42	206.15	 1.21	 4.73	 0.99	10.73	 1.15	321.30	294.43	305.79	278.08	304.47	0	55.62
2011	2	14	21.364	5888.8901	44.8902	13.8902	 3.61	 1.50	202.10	 3.22	21.36	 1.00	10.77	 1.05	321.13	293.50	303.68	275.38	301.89	0	55.08
2011	2	14	23.166	5888.9653	44.9652	13.9652	 3.23	 0.69	209.58	 2.27	 2.92	 1.00	10.85	 1.09	321.44	288.90	299.86	265.29	 0.00	0	53.06
2011	2	14	23.609	5888.9839	44.9837	13.9837	 4.10	 1.40	206.98	 1.85	 2.43	 1.00	10.75	 1.12	321.42	287.98	296.70	265.13	 0.00	0	53.03
2011	2	15	0.954	5889.0396	45.0398	14.0398	 3.68	 0.74	212.23	 1.56	 1.13	 1.00	10.85	 1.24	321.50	286.18	294.69	265.05	291.66	0	53.01
2011	2	15	1.397	5889.0581	45.0582	14.0582	 4.12	 1.24	207.74	 1.60	 2.58	 1.00	10.77	 1.14	321.41	285.59	293.55	265.14	292.60	0	53.03
2011	2	15	1.840	5889.0767	45.0767	14.0767	 3.91	 1.20	209.84	 1.95	 0.54	 1.00	10.80	 1.18	321.57	284.97	292.04	265.11	 0.00	0	53.02
2011	2	15	2.308	5889.0962	45.0962	14.0962	 4.79	 1.68	211.99	 1.13	 1.70	 1.00	10.85	 1.24	321.65	284.44	292.66	265.05	292.84	0	53.01
2011	2	15	2.750	5889.1147	45.1146	14.1146	 5.28	 3.41	209.72	 1.39	 3.52	 1.00	11.10	 1.21	321.68	284.20	291.43	265.04	 0.00	0	53.01
2011	2	15	3.637	5889.1514	45.1515	14.1515	 4.35	 1.34	206.79	 1.37	 2.59	 1.00	10.88	 1.19	321.67	284.13	288.51	 0.00	 0.00	0	54.00
2011	2	15	4.573	5889.1904	45.1905	14.1905	16.39	240628.72	206.15	 1.43	 4.20	 1.00	10.75	 1.08	321.76	284.53	289.34	264.91	291.98	0	52.98
2011	2	15	5.013	5889.2090	45.2089	14.2089	18.56	2188573.98	212.25	 1.52	 3.37	 1.00	10.73	 1.25	321.78	284.66	292.55	264.90	 0.00	0	52.98
2011	2	15	5.453	5889.2271	45.2272	14.2272	26.95	8780960371.99	211.12	 1.38	 3.71	 1.00	10.77	 1.24	321.77	284.67	292.77	264.98	289.79	0	53.00
2011	2	15	5.894	5889.2456	45.2456	14.2456	 4.65	 1.88	210.70	 1.44	 0.61	 1.00	10.75	 1.26	321.74	284.64	291.87	265.01	291.25	0	53.00
2011	2	15	6.806	5889.2837	45.2836	14.2836	 4.46	 1.49	211.29	 1.40	 1.91	 1.00	10.82	 1.22	321.78	284.07	292.68	265.05	290.70	0	53.01
2011	2	15	8.129	5889.3389	45.3387	14.3387	 4.30	 1.09	207.77	 1.19	 2.16	 1.00	10.77	 1.13	321.71	283.79	291.09	264.98	292.03	0	53.00
2011	2	15	8.569	5889.3569	45.3570	14.3570	16.81	298167.97	209.20	 1.18	 2.79	 1.00	10.83	 1.23	321.78	283.63	291.70	 0.00	290.24	0	54.00
2011	2	15	9.036	5889.3765	45.3765	14.3765	 7.33	23.41	205.92	 1.20	 2.02	 1.00	10.80	 1.13	322.15	283.44	289.56	264.94	288.58	0	52.99
2011	2	15	9.921	5889.4136	45.4134	14.4134	 7.82	37.02	208.68	 1.18	 5.84	 0.98	10.75	 1.26	322.63	283.53	290.16	264.93	289.96	0	52.99
2011	2	15	10.364	5889.4316	45.4319	14.4319	 7.41	28.47	207.68	 1.35	 2.05	 1.00	11.02	 1.23	322.72	283.61	290.35	 0.00	288.55	0	54.00
2011	2	15	10.808	5889.4502	45.4503	14.4503	 4.32	 1.58	207.02	 1.68	 3.23	 1.00	10.85	 1.17	322.72	283.74	289.91	264.93	 0.00	0	52.99
2011	2	15	11.716	5889.4883	45.4882	14.4882	 5.30	 3.32	205.30	 1.29	 2.41	 1.00	10.77	 1.15	322.78	284.45	289.01	265.04	290.55	0	53.01
2011	2	15	12.158	5889.5068	45.5066	14.5066	 4.22	 1.39	205.73	 1.62	 0.62	 1.00	10.72	 1.15	322.56	284.97	289.85	266.51	290.77	0	53.30
2011	2	15	12.596	5889.5249	45.5248	14.5248	 4.55	 1.57	203.81	 1.30	 4.79	 0.99	10.70	 1.15	322.63	285.71	290.11	269.08	291.68	0	53.82
2011	2	15	13.039	5889.5435	45.5433	14.5433	42.24	 1.00	206.17	 0.00	 5.01	 0.00	10.77	 1.19	322.84	286.30	291.93	267.91	294.00	0	53.58
2011	2	15	13.510	5889.5630	45.5629	14.5629	14.55	33790.71	209.12	 1.28	 1.27	 1.00	11.00	 1.27	323.09	286.80	293.69	270.08	294.65	0	54.02
2011	2	15	14.837	5889.6182	45.6182	14.6182	 3.22	 0.53	201.66	 1.70	 0.59	 1.00	10.75	 1.10	322.35	289.87	294.46	277.55	298.28	0	55.51
2011	2	15	15.280	5889.6367	45.6367	14.6367	 5.07	 2.86	206.47	 1.42	 1.62	 1.00	10.83	 1.25	322.16	291.44	297.52	280.68	300.48	0	56.14
2011	2	15	15.747	5889.6562	45.6561	14.6561	 4.74	 2.16	206.50	 1.48	 2.37	 1.00	10.87	 1.16	322.16	291.63	298.88	276.12	300.85	0	55.22
2011	2	15	16.191	5889.6748	45.6746	14.6746	 5.57	 3.90	206.09	 1.16	 3.20	 1.00	10.73	 1.10	322.15	292.07	301.01	 0.00	300.90	0	54.00
2011	2	15	16.632	5889.6929	45.6930	14.6930	 5.09	 3.28	203.66	 1.57	 2.52	 1.00	10.75	 1.06	321.85	292.80	301.88	279.72	302.44	0	55.94
2011	2	15	17.996	5889.7500	45.7499	14.7498	 5.53	 2.71	207.12	 0.85	 3.40	 0.98	10.82	 1.08	321.97	292.62	301.97	271.64	302.10	0	54.33
2011	2	15	20.676	5889.8613	45.8615	14.8615	 3.90	 1.04	206.21	 1.67	 5.38	 1.00	10.75	 1.16	321.72	289.70	299.09	 0.00	295.41	0	54.00
2011	2	15	21.118	5889.8799	45.8799	14.8799	20.32	14049741.67	205.36	 1.63	 2.93	 1.00	10.77	 1.20	321.79	288.88	297.79	 0.00	297.57	0	54.00
2011	2	15	21.559	5889.8984	45.8983	14.8983	 5.40	 4.75	207.69	 1.69	12.43	 0.98	10.73	 1.23	321.68	288.37	297.19	265.64	295.39	0	53.13
2011	2	15	22.003	5889.9170	45.9168	14.9168	 3.79	 1.45	203.25	 2.59	 3.92	 1.00	10.82	 1.18	321.77	287.69	294.23	265.58	293.10	0	53.12
2011	2	15	22.913	5889.9546	45.9547	14.9547	17.52	867079.99	205.96	 1.67	 4.59	 1.00	10.73	 1.13	321.73	286.32	292.79	 0.00	293.03	0	54.00
2011	2	15	23.800	5889.9917	45.9917	14.9917	30.96	442090341987.93	208.27	 1.24	 1.51	 1.00	10.75	 1.09	321.79	285.49	294.06	265.07	293.75	0	53.01
2011	2	16	0.713	5890.0298	46.0297	15.0297	48.74	 1.00	206.72	 0.00	 2.46	 0.00	10.77	 1.10	321.88	284.94	292.48	264.97	291.75	0	52.99
2011	2	16	1.155	5890.0483	46.0481	15.0481	16.40	199491.02	210.56	 1.20	 2.39	 1.00	10.75	 1.23	321.79	284.68	293.47	265.02	293.00	0	53.00
2011	2	16	1.592	5890.0664	46.0663	15.0663	 5.06	 1.93	211.87	 0.99	 1.88	 1.00	10.75	 1.15	321.84	284.52	292.12	265.00	292.75	0	53.00
2011	2	16	2.031	5890.0845	46.0846	15.0846	 4.71	 1.63	208.38	 1.17	 2.71	 1.00	10.73	 1.18	321.80	284.52	290.27	264.96	291.28	0	52.99
2011	2	16	2.936	5890.1226	46.1223	15.1223	 4.91	 2.11	211.11	 1.26	 2.07	 1.00	10.78	 1.17	318.96	284.04	292.01	265.09	289.40	0	53.02
2011	2	16	5.626	5890.2344	46.2344	15.2344	 4.49	 1.28	208.72	 1.16	 2.17	 1.00	10.95	 1.13	319.05	278.50	284.52	264.98	284.09	0	53.00
2011	2	16	6.946	5890.2896	46.2894	15.2894	 4.20	 1.13	212.59	 1.39	 0.46	 1.00	10.77	 1.28	321.59	279.83	285.26	264.93	284.59	0	52.99
2011	2	16	7.412	5890.3086	46.3088	15.3088	 4.08	 0.80	212.64	 1.11	 3.71	 0.99	10.77	 1.25	321.63	280.42	286.07	264.83	287.87	0	52.97
2011	2	16	8.296	5890.3457	46.3457	15.3457	 7.52	30.10	209.95	 1.29	 2.48	 1.00	10.82	 1.21	321.66	281.32	286.55	264.90	 0.00	0	52.98
2011	2	16	9.642	5890.4019	46.4017	15.4017	 4.87	 2.31	210.60	 1.42	 5.68	 0.99	10.80	 1.22	321.64	281.82	287.48	264.91	286.86	0	52.98
2011	2	16	10.081	5890.4199	46.4200	15.4200	 3.89	 0.81	210.82	 1.36	 3.27	 1.00	10.93	 1.28	321.59	281.83	288.31	264.90	289.84	0	52.98
2011	2	16	11.868	5890.4946	46.4945	15.4945	 3.06	 0.41	206.87	 1.60	11.22	 0.97	10.78	 1.23	321.83	283.78	282.56	268.14	290.28	0	53.63
2011	2	16	12.308	5890.5127	46.5128	15.5128	 4.00	 0.94	209.63	 1.40	 2.57	 1.00	10.93	 1.23	321.89	284.79	292.18	268.75	292.51	0	53.75
2011	2	16	12.750	5890.5312	46.5312	15.5312	 3.59	 0.76	203.90	 1.69	 4.40	 1.00	10.87	 1.13	322.01	286.22	291.52	271.13	293.80	0	54.23
2011	2	16	13.192	5890.5498	46.5497	15.5497	 4.58	 1.82	209.05	 1.49	 1.61	 1.00	10.80	 1.24	321.97	287.91	294.55	275.48	296.93	0	55.10
2011	2	16	14.111	5890.5879	46.5880	15.5880	 3.38	 0.72	201.42	 1.96	 5.46	 1.00	10.83	 1.03	321.76	290.94	295.98	 0.00	300.35	0	54.00
2011	2	16	14.996	5890.6250	46.6249	15.6248	 3.10	 0.46	213.09	 1.76	 7.70	 0.99	10.78	 1.24	320.97	293.14	303.30	276.22	298.00	0	55.24
2011	2	16	15.879	5890.6616	46.6616	15.6616	 3.51	 1.02	204.13	 2.44	13.37	 0.99	10.80	 1.05	323.12	296.18	303.11	 0.00	303.46	0	54.00
2011	2	16	18.106	5890.7544	46.7544	15.7544	 4.25	 1.14	206.65	 1.29	 7.88	 0.97	10.77	 1.19	322.31	297.00	306.49	270.11	302.39	0	54.02
2011	2	16	20.346	5890.8477	46.8477	15.8477	60.54	 1.00	205.95	 0.00	10.77	 0.00	10.75	 1.10	322.70	291.02	299.49	265.57	299.86	0	53.11
2011	2	16	20.813	5890.8672	46.8672	15.8672	 3.45	 0.81	211.41	 2.14	 1.73	 1.00	10.87	 1.28	322.79	290.02	299.24	265.61	297.07	0	53.12
2011	2	16	21.255	5890.8857	46.8856	15.8856	57.68	 1.00	207.39	 0.00	 4.01	 0.00	10.75	 1.18	322.73	289.14	298.06	265.58	297.76	0	53.12
2011	2	16	23.040	5890.9600	46.9600	15.9600	 4.00	 1.39	203.24	 2.00	 3.43	 1.00	10.75	 1.01	322.54	286.49	293.39	265.12	291.91	0	53.02
2011	2	17	0.367	5891.0151	47.0153	16.0153	17.60	697813.15	206.94	 1.25	 3.42	 1.00	10.85	 1.14	322.63	285.30	292.16	 0.00	292.01	0	54.00
2011	2	17	0.807	5891.0337	47.0336	16.0336	 4.51	 1.72	209.19	 1.51	 3.69	 1.00	10.75	 1.14	322.47	285.11	290.90	264.99	291.74	0	53.00
2011	2	17	1.273	5891.0532	47.0530	16.0530	 3.76	 0.78	210.29	 1.48	 6.32	 0.99	10.75	 1.10	322.43	285.11	292.23	 0.00	 0.00	0	54.00
2011	2	17	1.712	5891.0713	47.0713	16.0713	 5.17	 3.11	213.14	 1.44	 2.09	 1.00	10.78	 1.25	322.45	285.08	293.25	264.98	 0.00	0	53.00
2011	2	17	3.507	5891.1460	47.1461	16.1461	 5.73	 6.05	209.32	 1.56	 2.21	 1.00	10.78	 1.16	319.53	284.88	289.95	265.00	292.31	0	53.00
2011	2	17	6.192	5891.2578	47.2580	16.2580	 3.60	 0.55	210.06	 1.24	 6.37	 0.98	10.75	 1.07	321.25	281.24	287.29	264.93	 0.00	0	52.99
2011	2	17	6.631	5891.2764	47.2763	16.2763	 4.05	 0.79	211.11	 1.12	 4.04	 0.99	10.90	 1.13	321.79	281.90	288.24	264.94	287.90	0	52.99
2011	2	17	7.072	5891.2944	47.2947	16.2947	23.44	235955921.08	211.03	 1.24	 1.87	 1.00	10.77	 1.23	321.75	282.49	288.33	264.93	287.31	0	52.99
2011	2	17	7.511	5891.3130	47.3130	16.3130	 3.64	 0.58	213.35	 1.27	 2.23	 1.00	10.77	 1.22	321.77	282.90	289.85	265.00	 0.00	0	53.00
2011	2	17	7.978	5891.3325	47.3324	16.3324	 4.57	 2.38	208.73	 1.98	 7.27	 1.00	10.83	 1.11	321.83	283.22	287.67	265.02	289.84	0	53.00
2011	2	17	8.416	5891.3506	47.3507	16.3507	 3.66	 0.72	207.40	 1.51	 0.91	 1.00	10.73	 1.13	321.76	283.31	289.61	265.10	290.02	0	53.02
2011	2	17	9.740	5891.4058	47.4058	16.4058	 4.11	 1.26	207.07	 1.66	 2.23	 1.00	10.83	 1.15	321.66	283.06	288.83	265.00	 0.00	0	53.00
2011	2	17	11.523	5891.4800	47.4801	16.4801	 3.23	 0.57	209.76	 1.89	 0.97	 1.00	10.75	 1.14	321.80	284.11	290.52	267.97	292.39	0	53.59
2011	2	17	11.965	5891.4985	47.4985	16.4985	 3.18	 0.50	202.93	 1.67	 1.23	 1.00	10.78	 1.03	321.98	284.91	288.77	268.53	291.31	0	53.71
2011	2	17	13.323	5891.5552	47.5551	16.5551	 4.29	 1.10	212.00	 1.22	 1.30	 1.00	10.87	 1.24	321.96	288.26	296.70	271.28	297.22	0	54.26
2011	2	17	13.767	5891.5737	47.5736	16.5736	 7.18	33.25	203.74	 1.95	 4.35	 1.00	10.78	 1.10	322.05	289.40	295.54	271.96	297.22	0	54.39
2011	2	17	14.675	5891.6113	47.6115	16.6115	 4.56	 1.83	210.11	 1.54	 2.75	 1.00	10.83	 1.12	322.30	291.90	300.26	274.92	298.96	0	54.98
2011	2	17	15.117	5891.6299	47.6299	16.6299	 4.13	 0.89	213.75	 1.18	 1.46	 1.00	10.93	 1.25	322.14	292.80	301.91	275.97	300.12	0	55.19
2011	2	17	16.003	5891.6670	47.6668	16.6668	 5.25	 3.18	210.28	 1.33	 1.51	 1.00	10.82	 1.16	322.84	295.07	301.98	 0.00	305.14	0	54.00
2011	2	17	16.446	5891.6851	47.6853	16.6853	 4.00	 1.08	202.20	 1.55	 4.23	 1.00	10.73	 1.05	322.78	295.50	303.48	277.37	300.59	0	55.47
2011	2	17	16.914	5891.7046	47.7047	16.7047	 4.83	 3.20	208.50	 2.03	 1.28	 1.00	10.80	 1.08	322.82	296.19	306.20	274.89	301.62	0	54.98
2011	2	17	18.242	5891.7603	47.7601	16.7601	 3.94	 1.40	211.42	 2.24	 3.44	 1.00	10.82	 1.13	322.49	297.36	309.78	272.62	305.01	0	54.52
2011	2	17	20.032	5891.8345	47.8347	16.8347	33.59	 1.00	206.66	 0.00	 4.57	 0.00	10.90	 1.15	322.39	293.39	303.77	267.59	299.21	0	53.52
2011	2	17	20.473	5891.8530	47.8530	16.8530	 4.20	 1.47	207.51	 1.76	 6.94	 1.00	10.83	 1.13	322.47	292.24	303.38	266.82	299.81	0	53.36
2011	2	17	20.919	5891.8716	47.8716	16.8716	 4.41	 2.14	205.40	 2.06	14.47	 0.99	10.75	 1.06	322.53	291.26	302.47	 0.00	297.06	0	54.00
2011	2	17	21.384	5891.8911	47.8910	16.8910	14.44	73298.53	199.95	 2.95	 8.18	 1.00	10.85	 0.91	322.60	290.45	300.83	266.19	 0.00	0	53.24
2011	2	17	22.709	5891.9463	47.9462	16.9462	16.66	343299.10	209.66	 1.58	 3.48	 1.00	10.77	 1.22	322.42	288.23	298.22	 0.00	 0.00	0	54.00
2011	2	18	0.063	5892.0024	48.0026	17.0026	 3.64	 0.50	209.39	 1.07	 1.35	 1.00	10.77	 1.20	322.52	286.67	294.60	265.11	293.66	0	53.02
2011	2	18	0.950	5892.0396	48.0396	17.0396	 3.53	 0.72	206.42	 1.71	 7.69	 0.99	10.80	 1.04	322.91	285.62	291.95	265.04	291.03	0	53.01
2011	2	18	1.391	5892.0581	48.0580	17.0580	 3.30	 0.54	211.17	 1.68	 4.06	 1.00	10.88	 1.10	323.01	285.24	291.92	265.01	292.05	0	53.00
2011	2	18	1.860	5892.0776	48.0775	17.0775	 3.66	 0.62	210.47	 1.31	 1.59	 1.00	10.82	 1.12	323.03	285.02	290.22	264.91	291.81	0	52.98
2011	2	18	3.194	5892.1333	48.1331	17.1331	 3.97	 0.84	210.09	 1.29	 0.53	 1.00	10.73	 1.17	323.07	284.54	291.41	 0.00	292.84	0	54.00
2011	2	18	4.104	5892.1709	48.1710	17.1710	 4.52	 1.68	210.68	 1.47	 1.09	 1.00	10.88	 1.09	323.23	284.11	291.81	265.00	292.31	0	53.00
2011	2	18	4.546	5892.1895	48.1894	17.1894	 4.67	 1.78	209.06	 1.33	 1.33	 1.00	10.78	 1.22	322.99	283.99	289.41	264.93	292.17	0	52.99
2011	2	18	6.366	5892.2651	48.2652	17.2652	 4.75	 1.63	213.87	 1.15	 0.70	 1.00	10.95	 1.25	323.14	283.30	290.35	264.86	288.51	0	52.97
2011	2	18	6.811	5892.2837	48.2838	17.2838	 3.89	 0.64	213.95	 1.09	 1.50	 1.00	10.95	 1.30	323.22	283.23	290.16	264.91	288.43	0	52.98
2011	2	18	7.251	5892.3022	48.3021	17.3021	 4.04	 0.80	211.19	 1.16	 3.38	 0.99	10.77	 1.22	323.30	283.09	290.10	264.96	288.28	0	52.99
2011	2	18	8.605	5892.3584	48.3585	17.3585	 3.67	 0.55	211.77	 1.16	 1.63	 1.00	10.73	 1.26	323.21	282.76	288.14	264.80	290.77	0	52.96
2011	2	18	9.493	5892.3955	48.3955	17.3955	 3.64	 0.77	207.28	 1.64	 5.54	 1.00	10.87	 1.14	322.87	282.72	287.51	264.84	287.65	0	52.97
2011	2	18	9.935	5892.4141	48.4140	17.4140	16.83	277744.77	205.54	 1.06	 1.34	 1.00	10.77	 1.15	322.78	282.63	287.99	264.87	287.64	0	52.97
2011	2	18	10.379	5892.4326	48.4325	17.4325	 4.28	 1.45	207.44	 1.60	 1.12	 1.00	10.87	 1.19	322.85	282.70	287.35	 0.00	 0.00	0	54.00
2011	2	18	12.611	5892.5254	48.5255	17.5255	 3.48	 0.54	208.18	 1.36	 4.62	 0.99	10.70	 1.15	322.88	286.72	292.46	270.42	 0.00	0	54.08
2011	2	18	13.081	5892.5449	48.5450	17.5450	 3.58	 0.62	212.25	 1.45	 0.25	 1.00	10.87	 1.28	323.23	287.77	294.80	270.61	294.51	0	54.12
2011	2	18	13.967	5892.5820	48.5820	17.5820	 3.51	 0.68	209.40	 1.66	 2.92	 1.00	10.77	 1.18	323.10	290.26	296.76	274.38	 0.00	0	54.88
2011	2	18	15.312	5892.6382	48.6380	17.6380	 3.72	 0.52	211.75	 1.03	 4.72	 0.98	10.77	 1.23	323.18	294.94	303.98	283.72	304.78	0	56.74
2011	2	18	15.752	5892.6562	48.6563	17.6563	 5.21	 2.13	210.04	 0.93	 3.91	 0.98	10.75	 1.18	322.61	296.40	304.65	285.28	301.58	0	57.06
2011	2	18	16.193	5892.6748	48.6747	17.6747	 5.02	 2.17	212.95	 1.17	 2.87	 1.00	10.87	 1.19	322.44	296.64	306.65	277.49	307.24	0	55.50
2011	2	18	17.542	5892.7310	48.7309	17.7309	 3.28	 0.67	209.18	 2.12	10.59	 0.99	10.80	 1.15	320.78	298.38	307.63	281.82	303.76	0	56.36
2011	2	18	21.540	5892.8975	48.8975	17.8975	43.29	 1.00	205.40	 0.00	 2.35	 0.00	10.77	 1.15	322.55	290.03	295.96	266.96	298.54	0	53.39
2011	2	18	22.009	5892.9170	48.9170	17.9170	 4.45	 2.36	212.22	 2.24	 1.25	 1.00	10.77	 1.22	322.67	289.22	298.21	266.27	295.87	0	53.25
2011	2	18	22.451	5892.9355	48.9355	17.9355	17.59	1179023.69	204.74	 2.09	 9.34	 1.00	10.97	 1.12	322.58	288.61	295.64	266.55	295.30	0	53.31
2011	2	18	23.343	5892.9727	48.9726	17.9726	17.75	734978.96	209.44	 1.13	 6.26	 0.98	10.73	 1.18	322.50	287.33	294.56	265.21	 0.00	0	53.04
2011	2	18	23.784	5892.9912	48.9910	17.9910	19.94	7534983.80	211.17	 1.32	 1.10	 1.00	10.72	 1.23	322.55	286.79	295.70	265.14	293.50	0	53.03
2011	2	19	0.249	5893.0103	49.0104	18.0104	 3.59	 0.70	211.77	 1.61	 7.48	 0.99	10.78	 1.14	322.66	286.34	292.83	 0.00	291.55	0	54.00
2011	2	19	0.690	5893.0288	49.0288	18.0288	 4.59	 1.58	211.69	 1.30	 2.72	 1.00	10.78	 1.27	322.52	285.96	292.49	265.02	292.74	0	53.00
2011	2	19	2.013	5893.0840	49.0839	18.0839	 5.20	 2.84	211.55	 1.27	 2.76	 1.00	10.72	 1.17	322.45	285.48	292.83	 0.00	293.83	0	54.00
2011	2	19	2.483	5893.1035	49.1035	18.1035	 3.94	 0.98	211.05	 1.55	 7.12	 0.99	10.88	 1.13	322.43	285.42	293.34	 0.00	290.75	0	54.00
2011	2	19	3.816	5893.1592	49.1590	18.1590	 3.37	 0.48	212.05	 1.40	 0.63	 1.00	10.88	 1.18	322.51	284.56	293.76	 0.00	291.53	0	54.00
2011	2	19	4.262	5893.1777	49.1776	18.1776	 4.90	 2.40	208.21	 1.42	 0.51	 1.00	10.87	 1.17	322.47	284.33	290.55	 0.00	292.69	0	54.00
2011	2	19	5.165	5893.2153	49.2152	18.2152	22.02	60484292.58	211.52	 1.32	 0.70	 1.00	10.82	 1.20	322.50	284.11	292.60	265.46	 0.00	0	53.09
2011	2	19	5.608	5893.2339	49.2337	18.2337	 4.33	 1.06	209.28	 1.12	 1.48	 1.00	10.80	 1.21	322.47	284.24	290.80	 0.00	292.70	0	54.00
2011	2	19	6.497	5893.2705	49.2707	18.2707	 3.93	 0.65	210.14	 1.05	 2.23	 1.00	11.02	 1.22	322.44	284.35	290.37	265.96	 0.00	0	53.19
2011	2	19	7.441	5893.3101	49.3101	18.3101	 4.46	 1.16	211.96	 1.09	 0.68	 1.00	10.75	 1.17	322.56	284.70	292.08	265.44	293.08	0	53.09
2011	2	19	8.331	5893.3472	49.3471	18.3471	 5.50	 3.88	209.68	 1.26	 0.94	 1.00	10.90	 1.15	322.58	284.91	289.92	265.91	290.06	0	53.18
2011	2	19	8.776	5893.3657	49.3656	18.3656	16.54	176506.47	209.53	 0.92	 0.92	 1.00	10.80	 1.20	322.57	285.33	289.34	266.57	 0.00	0	53.31
2011	2	19	9.243	5893.3853	49.3851	18.3851	 4.21	 1.19	211.98	 1.44	 6.00	 0.99	10.85	 1.15	322.63	285.61	292.44	265.85	 0.00	0	53.17
2011	2	19	10.130	5893.4219	49.4221	18.4221	 5.01	 2.43	210.28	 1.30	 4.82	 0.99	10.77	 1.22	322.62	285.61	292.54	 0.00	 0.00	0	54.00
2011	2	19	11.011	5893.4590	49.4588	18.4588	 4.42	 1.34	209.52	 1.29	 0.73	 1.00	10.73	 1.26	322.66	285.87	290.91	267.00	292.39	0	53.40
2011	2	19	11.477	5893.4780	49.4782	18.4782	36.92	 1.00	211.56	 0.00	 0.97	 0.00	10.83	 1.25	322.74	286.16	292.25	267.65	292.69	0	53.53
2011	2	19	11.923	5893.4966	49.4968	18.4968	 3.57	 0.76	209.56	 1.77	 2.64	 1.00	10.87	 1.16	322.66	286.39	292.87	 0.00	292.93	0	54.00
2011	2	19	12.366	5893.5151	49.5153	18.5153	15.44	90673.69	207.16	 1.40	 2.61	 1.00	10.90	 1.12	322.69	286.69	292.63	270.26	293.19	0	54.05
2011	2	19	12.811	5893.5337	49.5338	18.5338	 4.51	 1.89	208.13	 1.67	 1.76	 1.00	10.78	 1.12	322.69	287.20	292.38	271.52	295.50	0	54.30
2011	2	19	13.254	5893.5522	49.5523	18.5523	 5.90	 5.51	207.31	 1.18	 2.82	 1.00	10.82	 1.15	322.77	287.76	293.36	272.49	 0.00	0	54.50
2011	2	19	14.171	5893.5903	49.5905	18.5905	 4.94	 2.72	208.68	 1.55	 3.62	 1.00	10.82	 1.16	322.70	289.75	295.55	276.04	294.62	0	55.21
2011	2	19	14.612	5893.6089	49.6088	18.6088	 3.94	 0.76	210.44	 1.20	 2.13	 1.00	10.77	 1.17	322.70	290.15	297.89	274.77	299.27	0	54.95
2011	2	19	15.499	5893.6460	49.6458	18.6458	 3.38	 0.53	203.88	 1.45	 2.40	 1.00	10.83	 1.03	322.91	291.61	297.92	279.57	301.05	0	55.91
2011	2	19	16.406	5893.6836	49.6836	18.6836	 3.44	 0.53	210.45	 1.40	 4.16	 1.00	10.77	 1.17	322.77	293.32	301.80	 0.00	299.21	0	54.00
2011	2	19	17.295	5893.7207	49.7206	18.7206	 4.17	 1.03	212.35	 1.29	 1.27	 1.00	10.80	 1.23	322.86	292.09	302.12	270.43	301.08	0	54.09
2011	2	19	17.734	5893.7388	49.7389	18.7389	 3.81	 0.61	208.05	 1.09	 2.01	 1.00	10.80	 1.20	322.91	292.21	301.38	274.12	299.36	0	54.82
2011	2	19	18.201	5893.7583	49.7584	18.7584	18.99	2508801.67	213.42	 1.14	 1.50	 1.00	10.77	 1.27	322.92	292.15	302.22	273.60	297.64	0	54.72
2011	2	19	18.642	5893.7769	49.7768	18.7768	 3.48	 0.55	208.71	 1.39	 3.83	 1.00	10.75	 1.09	322.83	292.41	301.31	 0.00	 0.00	0	54.00
2011	2	19	19.086	5893.7954	49.7953	18.7953	 5.22	 3.05	210.13	 1.32	 3.63	 1.00	10.80	 1.22	323.13	293.71	301.16	288.82	302.89	0	57.76
2011	2	19	19.528	5893.8135	49.8136	18.8136	 4.33	 1.43	206.19	 1.49	 2.02	 1.00	10.72	 0.97	322.74	293.00	304.15	272.39	 0.00	0	54.48
2011	2	19	20.433	5893.8516	49.8514	18.8514	 5.89	 5.23	212.63	 1.17	 2.45	 1.00	10.75	 1.16	322.83	291.34	301.16	 0.00	298.63	0	54.00
2011	2	19	20.873	5893.8696	49.8697	18.8697	 6.16	 7.39	211.28	 1.25	 1.32	 1.00	10.77	 1.13	322.79	290.99	300.03	270.72	298.12	0	54.14
2011	2	19	21.312	5893.8882	49.8880	18.8880	 4.66	 1.55	211.35	 1.19	 0.64	 1.00	10.80	 1.12	322.80	290.72	299.02	270.83	296.18	0	54.17
2011	2	19	21.753	5893.9062	49.9064	18.9064	 6.18	 8.33	209.92	 1.38	 0.87	 1.00	10.75	 1.17	322.77	290.34	298.10	270.67	297.39	0	54.13
2011	2	19	22.657	5893.9438	49.9440	18.9440	38.74	 0.99	215.03	 0.00	 5.51	 0.00	10.80	 1.23	322.81	289.73	299.37	269.82	295.16	0	53.96
2011	2	19	23.097	5893.9624	49.9624	18.9624	16.21	200753.73	210.77	 1.45	 5.67	 0.99	10.73	 1.15	322.77	289.29	297.91	268.06	297.65	0	53.61
2011	2	19	23.539	5893.9810	49.9808	18.9808	30.71	444520901271.47	210.60	 1.62	 5.75	 1.00	10.80	 1.15	322.75	288.73	297.26	267.72	297.05	0	53.54
2011	2	19	23.980	5893.9990	49.9992	18.9992	34.89	 1.00	210.31	 0.00	 3.09	 0.00	10.83	 1.17	322.67	288.32	295.16	267.91	293.67	0	53.58
2011	2	20	0.420	5894.0176	50.0175	19.0175	 5.19	 3.09	213.37	 1.41	 3.45	 1.00	10.72	 1.22	322.68	288.04	294.42	268.20	294.75	0	53.64
2011	2	20	0.882	5894.0366	50.0367	19.0367	 5.19	 2.44	213.77	 1.11	 2.06	 1.00	10.77	 1.20	322.71	287.82	295.70	268.25	 0.00	0	53.65
2011	2	20	1.324	5894.0552	50.0551	19.0552	 3.81	 0.74	211.71	 1.34	 0.92	 1.00	10.72	 1.12	322.68	287.62	294.52	268.06	294.27	0	53.61
2011	2	20	1.761	5894.0732	50.0734	19.0734	 5.78	 6.43	211.17	 1.59	 1.30	 1.00	10.73	 1.18	322.70	287.49	293.41	267.95	294.09	0	53.59
2011	2	20	3.541	5894.1475	50.1475	19.1475	 5.16	 3.08	210.35	 1.41	 5.91	 0.99	10.73	 1.20	322.67	287.20	293.64	267.62	293.67	0	53.52
2011	2	20	4.423	5894.1841	50.1843	19.1843	64.57	 1.00	209.46	 0.00	 4.92	 0.00	10.72	 1.13	322.62	287.10	294.28	268.04	293.54	0	53.61
2011	2	20	5.326	5894.2217	50.2219	19.2219	18.69	1447866.47	211.96	 0.89	 2.83	 0.99	10.75	 1.12	322.77	286.85	294.15	267.66	293.30	0	53.53
2011	2	20	5.765	5894.2402	50.2402	19.2402	23.36	174469443.97	211.35	 0.99	 3.55	 0.99	10.75	 1.14	322.68	286.81	293.19	267.71	293.17	0	53.54
2011	2	20	6.205	5894.2583	50.2585	19.2585	 3.46	 0.50	214.64	 1.34	 2.01	 1.00	10.77	 1.17	322.69	286.84	293.68	267.68	293.13	0	53.54
2011	2	20	8.464	5894.3525	50.3526	19.3526	17.56	652452.86	209.25	 1.22	 2.93	 1.00	10.82	 1.09	322.63	286.60	292.51	267.00	292.72	0	53.40
2011	2	20	8.902	5894.3711	50.3709	19.3709	38.59	 0.99	209.63	 0.00	 6.57	 0.00	10.73	 1.12	322.58	286.47	292.07	266.40	294.07	0	53.28
2011	2	20	10.251	5894.4272	50.4271	19.4271	13.86	16120.29	210.93	 1.23	 2.68	 1.00	10.77	 1.18	322.83	285.82	292.97	265.51	293.35	0	53.10
2011	2	20	10.694	5894.4458	50.4456	19.4456	18.35	1400905.52	208.11	 1.19	 5.30	 0.99	10.73	 1.14	322.77	285.67	291.45	265.54	293.18	0	53.11
2011	2	20	11.132	5894.4639	50.4639	19.4639	 5.22	 2.90	214.00	 1.28	 1.13	 1.00	10.77	 1.25	322.85	285.65	294.17	 0.00	293.04	0	54.00
2011	2	20	11.572	5894.4819	50.4822	19.4822	23.05	143794590.65	212.65	 1.13	 3.47	 0.99	10.80	 1.26	322.88	285.83	292.00	267.52	290.31	0	53.50
2011	2	20	14.256	5894.5942	50.5940	19.5940	 4.40	 1.47	201.75	 1.39	 3.10	 1.00	10.78	 0.97	323.17	290.52	294.98	273.02	295.76	0	54.60
2011	2	20	15.581	5894.6494	50.6492	19.6492	35.69	 1.00	208.19	 0.00	 2.37	 0.00	10.77	 1.14	323.00	293.05	298.18	 0.00	300.15	0	54.00
2011	2	20	16.020	5894.6675	50.6675	19.6675	 4.03	 1.04	212.80	 1.51	 3.14	 1.00	10.77	 1.26	323.06	293.66	301.28	273.89	298.69	0	54.78
2011	2	20	16.483	5894.6870	50.6868	19.6868	 4.70	 2.02	207.18	 1.46	 6.02	 0.99	10.75	 1.09	323.09	294.14	301.02	276.32	299.38	0	55.26
2011	2	20	16.923	5894.7051	50.7051	19.7051	 3.63	 0.78	201.51	 1.64	 7.10	 0.99	10.80	 1.08	323.14	294.65	300.52	277.24	299.76	0	55.45
2011	2	20	17.800	5894.7417	50.7417	19.7417	 2.92	 0.43	204.15	 1.94	 2.94	 1.00	10.73	 1.07	323.14	295.85	303.46	282.71	301.17	0	56.54
2011	2	20	18.238	5894.7598	50.7599	19.7599	 2.51	 0.34	202.78	 2.38	 5.89	 1.00	10.73	 0.93	323.00	296.42	300.40	284.19	303.26	0	56.84
2011	2	20	20.460	5894.8525	50.8525	19.8525	18.45	2256433.94	212.70	 1.76	 4.32	 1.00	10.80	 1.25	322.91	293.99	305.09	269.52	301.94	0	53.90
2011	2	20	21.366	5894.8901	50.8903	19.8903	 3.75	 2.29	200.13	 4.17	25.97	 1.00	10.75	 1.05	322.81	291.37	296.49	266.84	296.66	0	53.37
2011	2	20	22.689	5894.9453	50.9454	19.9454	 3.99	 1.29	208.66	 1.93	 2.33	 1.00	10.70	 1.20	322.83	288.34	295.99	265.76	293.63	0	53.15
2011	2	20	23.156	5894.9648	50.9648	19.9648	20.37	13270259.09	212.94	 1.52	 2.71	 1.00	10.78	 1.23	322.91	287.59	297.61	265.36	294.09	0	53.07
2011	2	21	0.036	5895.0015	51.0015	20.0015	 4.91	 2.76	206.79	 1.61	 1.33	 1.00	10.92	 1.06	322.75	286.27	294.05	265.05	292.19	0	53.01
2011	2	21	0.477	5895.0200	51.0199	20.0199	19.19	2939322.63	209.96	 1.08	 7.98	 0.95	10.75	 1.15	322.90	285.79	293.33	264.94	292.15	0	52.99
2011	2	21	0.915	5895.0381	51.0381	20.0381	14.39	30514.70	207.89	 1.35	 2.21	 1.00	10.73	 1.10	322.96	285.49	290.21	265.19	293.08	0	53.04
2011	2	21	1.381	5895.0576	51.0575	20.0575	38.25	 1.00	214.04	 0.00	 1.37	 0.00	10.80	 1.15	323.01	285.77	292.56	266.29	293.42	0	53.26
2011	2	21	1.820	5895.0757	51.0758	20.0758	 4.45	 1.45	209.42	 1.36	 3.94	 1.00	10.73	 1.08	322.92	285.65	291.66	264.89	293.48	0	52.98
2011	2	21	2.705	5895.1128	51.1127	20.1127	 4.32	 1.14	209.72	 1.22	 4.19	 0.99	10.77	 1.11	323.04	284.96	290.80	264.87	291.25	0	52.97
2011	2	21	3.609	5895.1504	51.1504	20.1504	 6.19	10.23	209.83	 1.66	 5.80	 1.00	10.78	 1.14	319.92	284.74	291.27	264.84	 0.00	0	52.97
2011	2	21	8.517	5895.3550	51.3549	20.3549	 4.24	 1.67	209.71	 1.93	 5.66	 1.00	10.73	 1.02	317.83	278.27	286.77	264.83	284.11	0	52.97
2011	2	21	10.295	5895.4287	51.4289	20.4289	 6.64	10.36	214.45	 1.10	 3.20	 0.99	10.77	 1.22	322.41	282.33	289.07	266.62	 0.00	0	53.32
2011	2	21	11.613	5895.4839	51.4839	20.4839	23.13	208821183.85	206.85	 1.46	 2.75	 1.00	10.73	 1.13	322.45	284.69	289.73	270.41	290.81	0	54.08
2011	2	21	13.388	5895.5576	51.5578	20.5578	 3.83	 0.97	208.95	 1.72	 3.34	 1.00	10.73	 1.21	322.60	288.09	294.80	272.54	291.53	0	54.51
2011	2	21	13.826	5895.5762	51.5761	20.5761	30.90	490244149176.19	210.81	 1.48	 6.75	 0.99	10.78	 1.26	322.54	289.02	294.46	 0.00	296.47	0	54.00
2011	2	21	14.263	5895.5942	51.5943	20.5943	 3.62	 0.61	208.22	 1.33	 8.47	 0.97	10.72	 1.08	322.69	289.79	296.96	 0.00	293.83	0	54.00
2011	2	21	14.729	5895.6138	51.6137	20.6137	12.28	3540.98	207.86	 1.29	 1.40	 1.00	10.80	 1.09	322.98	291.64	300.32	277.87	297.15	0	55.57
2011	2	21	15.168	5895.6318	51.6320	20.6320	 3.64	 0.80	205.44	 1.69	 1.92	 1.00	10.73	 1.13	322.99	292.94	299.51	280.17	296.69	0	56.03
2011	2	21	16.947	5895.7061	51.7061	20.7061	 3.37	 0.69	198.57	 1.87	 5.62	 1.00	10.75	 0.88	322.87	295.74	300.75	282.08	303.54	0	56.42
2011	2	21	17.824	5895.7427	51.7427	20.7427	 4.58	 1.85	211.69	 1.53	 0.82	 1.00	10.73	 1.20	322.81	296.07	306.40	275.18	302.34	0	55.04
2011	2	21	19.222	5895.8008	51.8009	20.8009	 3.84	 0.89	205.96	 1.53	 2.32	 1.00	13.27	 1.05	322.71	295.18	303.16	272.72	301.53	0	54.54
2011	2	21	20.125	5895.8384	51.8385	20.8385	 4.19	 1.47	203.23	 1.75	 3.54	 1.00	10.83	 1.01	322.74	293.32	302.55	 0.00	299.90	0	54.00
2011	2	21	21.002	5895.8750	51.8751	20.8751	27.09	20640047011.76	200.23	 2.69	13.19	 1.00	10.73	 0.95	322.60	291.09	300.70	267.44	297.42	0	53.49
2011	2	21	22.348	5895.9312	51.9312	20.9312	 6.06	 9.16	206.00	 1.68	 0.87	 1.00	10.95	 1.21	322.42	288.43	295.91	 0.00	294.75	0	54.00
2011	2	22	0.572	5896.0239	52.0239	21.0239	 4.39	 1.30	213.84	 1.33	 5.00	 0.99	10.72	 1.26	322.84	284.59	292.46	264.79	290.79	0	52.96
2011	2	22	1.014	5896.0425	52.0422	21.0422	 3.94	 1.05	207.29	 1.65	 4.00	 1.00	10.73	 1.08	322.84	284.29	291.39	264.83	291.76	0	52.97
2011	2	22	1.916	5896.0801	52.0798	21.0798	16.53	169035.70	211.86	 0.90	 2.53	 0.99	10.78	 1.21	322.91	284.30	290.84	265.52	290.47	0	53.10
2011	2	22	2.355	5896.0981	52.0981	21.0981	 5.82	 7.14	207.38	 1.66	 3.36	 1.00	10.75	 1.08	322.82	284.03	290.82	265.14	291.73	0	53.03
2011	2	22	2.793	5896.1162	52.1164	21.1164	 3.65	 0.68	211.56	 1.48	 2.89	 1.00	10.75	 1.13	322.77	283.80	290.70	 0.00	290.09	0	54.00
2011	2	22	3.234	5896.1348	52.1347	21.1347	 5.90	 7.09	210.47	 1.55	 7.15	 0.99	10.83	 1.13	322.69	283.56	291.45	264.98	288.60	0	53.00
2011	2	22	3.678	5896.1533	52.1533	21.1533	 4.14	 0.75	209.30	 0.97	 1.38	 1.00	10.72	 1.15	322.71	283.34	289.86	265.04	291.08	0	53.01
2011	2	22	4.146	5896.1729	52.1728	21.1728	 3.81	 0.73	209.82	 1.32	 2.50	 1.00	10.77	 1.10	322.82	283.14	288.66	264.89	289.66	0	52.98
2011	2	22	6.367	5896.2651	52.2653	21.2653	17.96	1239100.70	213.06	 1.58	 1.50	 1.00	10.78	 1.19	322.86	282.80	289.46	264.75	289.04	0	52.95
2011	2	22	7.246	5896.3018	52.3019	21.3019	17.28	498555.80	210.86	 1.24	 1.78	 1.00	10.75	 1.22	322.89	282.67	289.38	264.67	290.30	0	52.93
2011	2	22	7.685	5896.3203	52.3202	21.3202	 3.92	 0.98	206.21	 1.56	 4.50	 1.00	10.73	 1.11	322.93	282.64	284.77	264.69	290.13	0	52.94
2011	2	22	9.052	5896.3770	52.3772	21.3772	 3.99	 1.07	211.49	 1.62	 0.43	 1.00	10.75	 1.19	322.88	282.47	288.58	264.69	287.32	0	52.94
2011	2	22	9.494	5896.3955	52.3956	21.3956	 4.34	 0.97	209.18	 1.01	 2.50	 0.99	10.72	 1.15	322.88	282.49	287.65	264.70	288.66	0	52.94
2011	2	22	10.376	5896.4321	52.4323	21.4323	 5.67	 4.94	211.24	 1.37	 3.80	 1.00	10.92	 1.23	322.88	282.41	290.23	 0.00	288.51	0	54.00
2011	2	22	10.840	5896.4517	52.4517	21.4517	 4.46	 1.43	210.55	 1.33	 4.67	 0.99	10.75	 1.21	322.95	282.53	289.09	265.04	289.96	0	53.01
2011	2	22	11.278	5896.4697	52.4699	21.4699	16.08	172021.13	208.07	 1.41	 3.21	 1.00	10.73	 1.20	322.94	282.96	289.02	267.14	290.43	0	53.43
2011	2	22	11.716	5896.4883	52.4882	21.4882	 4.33	 1.42	207.84	 1.49	 3.22	 1.00	10.72	 1.15	323.04	283.72	289.46	268.48	289.29	0	53.70
2011	2	22	12.598	5896.5249	52.5249	21.5249	 5.20	 4.22	201.73	 1.79	 4.11	 1.00	10.72	 1.06	323.11	286.11	291.42	272.54	292.16	0	54.51
2011	2	22	13.066	5896.5444	52.5444	21.5444	 6.17	17.10	201.15	 2.73	 4.35	 1.00	10.77	 1.06	323.34	287.86	291.16	 0.00	 0.00	0	54.00
2011	2	22	14.387	5896.5996	52.5995	21.5995	 3.89	 1.22	208.49	 2.03	 3.07	 1.00	10.75	 1.07	323.44	291.14	299.27	279.45	298.45	0	55.89
2011	2	22	15.293	5896.6372	52.6372	21.6372	 6.82	23.17	213.68	 2.05	 2.83	 1.00	10.75	 1.25	323.09	293.28	301.33	 0.00	299.84	0	54.00
2011	2	22	16.611	5896.6919	52.6921	21.6921	 3.82	 0.93	206.77	 1.64	 0.76	 1.00	10.77	 1.13	323.18	296.95	306.53	278.03	303.15	0	55.61
2011	2	22	17.051	5896.7104	52.7105	21.7105	18.31	3963479.20	195.32	 3.26	 8.23	 1.00	10.77	 0.90	323.24	297.43	306.41	276.39	301.53	0	55.28
2011	2	22	23.729	5896.9888	52.9887	21.9887	 5.02	 2.36	198.85	 1.18	 3.12	 1.00	10.80	 1.07	322.54	286.07	291.49	264.63	292.47	0	52.93
2011	2	23	0.636	5897.0264	53.0265	22.0265	 4.05	 1.08	206.39	 1.51	 2.54	 1.00	10.77	 1.22	322.88	284.15	291.93	263.53	290.44	0	52.71
2011	2	23	1.077	5897.0449	53.0449	22.0449	 9.08	160.80	204.87	 1.42	 3.69	 1.00	10.80	 1.20	322.84	283.56	289.86	264.70	290.91	0	52.94
2011	2	23	2.423	5897.1011	53.1009	22.1009	 3.27	 0.32	214.17	 1.04	 1.59	 1.00	10.75	 1.30	322.91	282.53	290.08	264.73	290.10	0	52.95
2011	2	23	2.862	5897.1191	53.1193	22.1193	 3.80	 1.01	207.15	 1.83	 4.55	 1.00	10.85	 1.11	322.83	282.31	288.80	264.77	289.79	0	52.95
2011	2	23	3.745	5897.1562	53.1561	22.1561	 3.89	 0.98	209.31	 1.63	 1.50	 1.00	10.82	 1.22	322.86	281.93	289.34	264.72	289.43	0	52.94
2011	2	23	5.966	5897.2485	53.2486	22.2486	 3.24	 0.44	209.26	 1.45	 3.31	 1.00	10.80	 1.22	322.98	281.33	289.53	 0.00	288.69	0	54.00
2011	2	23	6.405	5897.2671	53.2669	22.2669	 3.52	 0.77	211.12	 1.90	 2.33	 1.00	10.75	 1.17	322.80	281.29	289.54	264.70	287.48	0	52.94
2011	2	23	7.312	5897.3047	53.3047	22.3047	 2.87	 0.27	203.87	 1.27	 3.20	 1.00	10.87	 1.10	322.85	281.18	285.96	264.72	 0.00	0	52.94
2011	2	23	9.568	5897.3984	53.3987	22.3987	 2.05	 0.13	204.59	 1.62	 8.94	 0.98	10.78	 1.13	322.84	280.77	285.99	264.74	285.78	0	52.95
2011	2	23	10.009	5897.4170	53.4171	22.4171	 1.97	 0.14	205.57	 1.85	 3.04	 1.00	10.80	 1.14	322.91	280.71	286.89	264.79	286.88	0	52.96
2011	2	23	10.453	5897.4355	53.4355	22.4355	 1.78	 0.12	201.76	 2.00	 2.35	 1.00	10.72	 1.11	322.95	280.65	285.65	264.81	286.74	0	52.96
2011	2	23	10.894	5897.4541	53.4539	22.4539	 1.91	 0.12	204.51	 1.67	 4.28	 1.00	10.77	 1.20	322.91	280.84	286.47	264.78	288.10	0	52.96
2011	2	23	11.358	5897.4731	53.4732	22.4732	 2.28	 0.14	207.93	 1.28	 3.97	 0.99	10.75	 1.23	319.72	281.51	287.22	265.28	 0.00	0	53.06
2011	2	23	14.014	5897.5840	53.5839	22.5839	 2.91	 0.43	199.81	 1.91	 0.95	 1.00	10.90	 1.07	322.18	284.68	289.10	274.46	 0.00	0	54.89
2011	2	23	14.896	5897.6206	53.6207	22.6207	 2.26	 0.24	199.15	 2.19	22.06	 0.96	10.87	 1.07	323.14	289.45	291.34	276.62	293.21	0	55.32
2011	2	23	15.803	5897.6587	53.6584	22.6584	 2.68	 0.27	201.69	 1.54	 2.84	 1.00	10.75	 1.05	323.23	293.10	299.73	279.30	296.94	0	55.86
2011	2	23	16.242	5897.6768	53.6767	22.6767	 2.96	 0.37	206.74	 1.63	 4.41	 1.00	10.77	 1.20	323.32	294.56	300.55	279.13	 0.00	0	55.83
2011	2	23	18.032	5897.7515	53.7514	22.7514	 2.89	 0.37	206.01	 1.71	 9.36	 0.99	10.77	 1.18	323.06	296.42	304.99	277.69	303.01	0	55.54
2011	2	23	19.802	5897.8252	53.8251	22.8251	 3.78	 0.72	203.01	 1.31	 1.96	 1.00	10.75	 1.11	322.94	293.62	302.33	272.21	300.26	0	54.44
2011	2	23	20.268	5897.8447	53.8445	22.8445	 5.61	 3.93	207.52	 1.13	 1.63	 1.00	10.77	 1.23	320.58	292.67	301.69	269.28	300.16	0	53.86
2011	2	24	0.252	5898.0107	54.0105	23.0105	 1.64	 0.15	204.56	 3.00	22.49	 0.98	10.73	 1.17	323.31	282.41	289.83	264.60	286.23	0	52.92
2011	2	24	0.716	5898.0298	54.0298	23.0298	 2.81	 0.34	200.86	 1.68	 2.91	 1.00	10.78	 1.22	323.32	282.19	284.67	264.83	287.78	0	52.97
2011	2	24	2.034	5898.0850	54.0847	23.0847	 2.31	 0.25	197.38	 2.10	 1.00	 1.00	10.73	 1.12	323.36	282.23	283.81	264.84	286.57	0	52.97
2011	2	24	2.473	5898.1030	54.1030	23.1030	 2.63	 0.28	204.54	 1.71	 0.39	 1.00	10.72	 1.22	323.41	282.30	287.88	264.93	288.07	0	52.99
2011	2	24	2.937	5898.1226	54.1224	23.1224	 2.62	 0.31	206.50	 1.92	 1.21	 1.00	10.80	 1.22	320.11	282.33	288.93	265.00	286.76	0	53.00
2011	2	24	5.590	5898.2329	54.2329	23.2329	 1.62	 0.07	204.24	 1.55	 7.78	 0.97	10.75	 1.11	315.23	276.22	285.40	261.04	281.52	0	52.21
2011	2	24	6.029	5898.2515	54.2512	23.2512	 1.49	 0.09	202.29	 2.13	 4.95	 1.00	10.73	 1.16	318.07	276.37	283.36	 0.00	 0.00	0	54.00
2011	2	24	6.909	5898.2881	54.2879	23.2879	 1.29	 0.08	199.17	 2.61	 1.31	 1.00	10.77	 1.05	318.32	276.55	281.61	260.51	282.67	0	52.10
2011	2	24	7.373	5898.3071	54.3072	23.3072	 1.48	 0.08	201.81	 1.94	11.93	 0.96	10.75	 1.23	318.33	276.65	285.59	260.14	 0.00	0	52.03
2011	2	24	7.812	5898.3257	54.3255	23.3255	 1.53	 0.10	203.54	 2.30	12.41	 0.98	10.77	 1.28	318.49	276.63	284.63	260.13	282.86	0	52.03
2011	2	24	9.618	5898.4009	54.4008	23.4008	 1.41	 0.06	197.89	 1.63	 2.09	 1.00	10.73	 1.21	318.75	276.75	282.87	260.23	281.62	0	52.05
2011	2	24	10.058	5898.4189	54.4191	23.4191	 1.27	 0.06	196.88	 2.05	13.16	 0.94	10.73	 1.26	318.75	276.76	283.36	260.71	282.93	0	52.14
2011	2	24	11.839	5898.4932	54.4933	23.4933	 1.33	 0.07	201.30	 2.13	 7.02	 0.99	10.77	 1.28	319.14	277.60	284.21	261.54	283.58	0	52.31
2011	2	24	12.279	5898.5117	54.5116	23.5116	 1.43	 0.07	197.57	 1.77	12.91	 0.92	10.85	 1.29	319.08	278.37	286.15	263.15	284.18	0	52.63
2011	2	24	12.722	5898.5303	54.5301	23.5301	 1.40	 0.07	197.18	 1.85	11.15	 0.95	10.77	 1.23	319.11	279.74	284.32	265.49	287.15	0	53.10
2011	2	24	13.163	5898.5483	54.5485	23.5484	 1.61	 0.09	198.68	 1.84	 4.20	 1.00	10.72	 1.18	319.08	281.20	284.77	265.54	284.98	0	53.11
2011	2	24	14.509	5898.6045	54.6046	23.6046	 1.88	 0.14	198.93	 1.99	 1.20	 1.00	10.85	 1.13	318.38	286.38	292.39	271.47	294.12	0	54.29
2011	2	24	15.389	5898.6411	54.6412	23.6412	 2.30	 0.30	198.73	 2.65	 4.96	 1.00	10.73	 1.14	318.26	289.19	296.30	 0.00	 0.00	0	54.00
2011	2	24	16.734	5898.6973	54.6973	23.6973	 1.92	 0.15	205.84	 2.15	 3.49	 1.00	10.82	 1.30	318.95	291.94	300.11	269.46	 0.00	0	53.89
2011	2	24	17.175	5898.7158	54.7156	23.7156	 2.09	 0.19	202.61	 2.15	 3.14	 1.00	10.70	 1.14	319.03	291.99	301.41	269.32	297.79	0	53.86
2011	2	24	18.058	5898.7524	54.7524	23.7524	 2.35	 0.28	201.11	 2.32	 4.10	 1.00	10.87	 1.09	319.01	291.65	300.14	271.01	295.62	0	54.20
2011	2	24	18.525	5898.7720	54.7719	23.7719	 2.49	 0.32	199.83	 2.21	10.53	 0.99	10.77	 1.13	319.04	291.56	300.01	269.79	295.53	0	53.96
2011	2	24	19.849	5898.8271	54.8270	23.8270	 3.35	 0.53	203.89	 1.50	 1.39	 1.00	10.83	 1.18	318.86	289.37	298.47	265.35	 0.00	0	53.07
2011	2	24	20.289	5898.8452	54.8454	23.8454	 3.48	 0.68	196.44	 1.63	 5.54	 1.00	10.73	 1.02	318.92	288.45	296.49	265.93	296.34	0	53.19
2011	2	25	7.388	5899.3076	55.3078	24.3078	 3.57	 0.74	205.06	 1.67	 3.88	 1.00	10.72	 1.14	321.29	274.84	277.81	262.86	279.48	0	52.57
2011	2	25	7.855	5899.3271	55.3273	24.3273	 3.09	 0.51	204.15	 1.89	 8.23	 0.99	10.78	 1.04	321.18	275.83	279.81	263.29	281.85	0	52.66
2011	2	25	8.299	5899.3457	55.3458	24.3458	 3.86	 0.78	208.77	 1.33	 1.83	 1.00	10.92	 1.18	321.23	276.59	284.73	263.04	280.84	0	52.61
2011	2	25	8.742	5899.3643	55.3642	24.3642	 3.73	 0.77	203.84	 1.47	 3.42	 1.00	10.78	 1.14	321.32	277.14	282.10	262.83	283.14	0	52.57
2011	2	25	10.557	5899.4399	55.4399	24.4399	 3.01	 0.44	203.41	 1.80	 4.03	 1.00	10.75	 1.10	321.19	278.11	282.49	262.07	285.33	0	52.41
2011	2	25	10.997	5899.4580	55.4582	24.4582	 3.82	 1.01	204.84	 1.77	 2.18	 1.00	10.90	 1.19	321.21	278.41	283.58	263.07	284.29	0	52.61
2011	2	25	11.875	5899.4946	55.4948	24.4948	 3.23	 0.58	202.25	 1.83	 3.69	 1.00	10.70	 1.14	321.38	279.55	284.07	 0.00	285.21	0	54.00
2011	2	25	12.336	5899.5142	55.5140	24.5140	 3.21	 0.68	201.24	 2.19	 1.31	 1.00	10.75	 1.13	321.54	280.50	283.61	265.41	285.77	0	53.08
2011	2	25	14.101	5899.5874	55.5875	24.5875	 2.89	 0.39	207.20	 1.83	 8.80	 0.99	10.77	 1.23	321.40	286.14	292.39	268.69	289.79	0	53.74
2011	2	25	14.563	5899.6069	55.6068	24.6068	 2.83	 0.56	199.70	 2.69	 6.91	 1.00	10.75	 1.09	320.30	287.62	290.69	271.28	290.97	0	54.26
2011	2	25	15.891	5899.6621	55.6621	24.6621	 3.49	 0.69	203.49	 1.67	 0.64	 1.00	10.93	 1.10	320.64	291.73	297.91	276.53	 0.00	0	55.31
2011	2	25	16.796	5899.6997	55.6998	24.6998	 3.30	 0.63	205.65	 1.91	10.13	 0.99	10.82	 1.14	319.31	292.71	300.43	275.53	300.27	0	55.11
2011	2	25	19.018	5899.7925	55.7924	24.7924	 3.99	 1.25	198.30	 1.77	 6.09	 1.00	10.78	 0.99	315.73	290.20	297.99	266.59	298.17	0	53.32
2011	2	25	20.785	5899.8662	55.8661	24.8661	 2.81	 0.62	206.86	 3.17	 7.18	 1.00	10.83	 1.14	319.98	287.21	297.25	265.75	293.64	0	53.15
2011	2	25	21.254	5899.8857	55.8856	24.8856	16.69	355629.71	202.86	 1.54	 4.61	 1.00	10.77	 1.01	320.24	286.79	294.98	 0.00	294.69	0	54.00
2011	2	25	21.694	5899.9038	55.9039	24.9039	 4.26	 2.58	204.65	 2.88	 3.14	 1.00	10.75	 1.13	320.49	286.20	293.93	 0.00	292.76	0	54.00
2011	2	25	22.576	5899.9404	55.9407	24.9407	 3.56	 0.91	202.92	 2.06	 1.77	 1.00	10.72	 1.10	321.03	285.06	290.17	265.23	291.64	0	53.05
2011	2	25	23.476	5899.9780	55.9782	24.9782	 4.29	 1.85	208.04	 2.02	 2.03	 1.00	10.78	 1.18	321.12	284.25	292.79	 0.00	291.97	0	54.00
2011	2	25	23.917	5899.9966	55.9965	24.9965	 3.35	 0.75	205.37	 2.13	 4.35	 1.00	10.85	 1.11	321.25	283.86	290.63	265.05	 0.00	0	53.01
2011	2	26	0.359	5900.0151	56.0149	25.0149	 6.10	 6.62	205.44	 1.15	 3.31	 0.99	10.83	 1.22	321.64	283.54	290.02	265.00	288.54	0	53.00
2011	2	26	1.711	5900.0713	56.0713	25.0713	 2.68	 0.27	206.15	 1.58	 2.58	 1.00	10.75	 1.14	322.43	282.41	289.01	264.69	288.87	0	52.94
2011	2	26	2.152	5900.0898	56.0897	25.0897	 2.84	 0.39	206.03	 1.92	 4.67	 1.00	10.73	 1.27	322.51	282.07	287.11	264.00	288.30	0	52.80
2011	2	26	2.593	5900.1079	56.1080	25.1080	 2.31	 0.21	203.81	 1.84	 5.03	 1.00	10.77	 1.13	322.75	281.73	288.29	263.31	 0.00	0	52.66
2011	2	26	3.034	5900.1265	56.1264	25.1264	 2.25	 0.15	203.32	 1.42	 3.70	 0.99	10.95	 1.21	322.77	281.42	285.73	263.59	286.27	0	52.72
2011	2	26	4.390	5900.1831	56.1829	25.1829	 1.80	 0.12	204.46	 2.01	 3.41	 1.00	10.75	 1.17	322.98	280.54	287.43	261.91	287.80	0	52.38
2011	2	26	4.830	5900.2012	56.2012	25.2013	 1.51	 0.09	202.12	 2.19	 2.01	 1.00	10.78	 1.13	323.01	280.30	287.27	262.11	287.54	0	52.42
2011	2	26	5.715	5900.2383	56.2381	25.2381	 1.87	 0.11	196.91	 1.59	 5.15	 0.99	10.82	 1.14	323.09	279.88	283.81	261.95	284.62	0	52.39
2011	2	26	6.622	5900.2759	56.2759	25.2759	 1.47	 0.09	195.13	 2.30	 3.94	 1.00	10.83	 1.07	323.09	279.42	282.71	261.19	286.71	0	52.24
2011	2	26	7.948	5900.3311	56.3311	25.3311	 1.44	 0.09	199.94	 2.38	 3.45	 1.00	10.90	 1.13	323.05	278.79	283.86	260.29	285.78	0	52.06
2011	2	26	9.741	5900.4058	56.4059	25.4059	 1.28	 0.05	193.52	 1.76	13.38	 0.89	10.77	 1.21	322.80	278.09	283.41	259.78	285.00	0	51.96
2011	2	26	10.181	5900.4243	56.4242	25.4242	 1.52	 0.08	195.67	 1.78	14.07	 0.92	10.73	 1.27	322.74	277.99	285.86	 0.00	284.89	0	54.00
2011	2	26	11.554	5900.4814	56.4814	25.4814	 0.98	 0.06	189.50	 2.99	 2.36	 1.00	10.82	 1.14	322.57	278.68	284.20	262.47	285.62	0	52.49
2011	2	26	12.440	5900.5186	56.5183	25.5183	 0.88	 0.06	190.54	 3.68	11.96	 0.98	10.83	 1.06	322.61	280.58	281.09	265.52	286.00	0	53.10
2011	2	26	12.906	5900.5376	56.5377	25.5377	 1.18	 0.06	198.96	 2.52	 2.65	 1.00	10.72	 1.22	319.68	281.89	287.37	265.80	287.08	0	53.16
2011	2	26	16.011	5900.6670	56.6671	25.6671	 2.12	 0.21	208.80	 2.32	 1.44	 1.00	10.73	 1.26	323.59	289.98	296.20	276.35	295.15	0	55.27
2011	2	26	16.898	5900.7041	56.7041	25.7041	 2.41	 0.27	207.21	 2.12	 1.49	 1.00	10.72	 1.23	319.41	292.90	300.27	283.36	 0.00	0	56.67
2011	2	26	17.363	5900.7236	56.7235	25.7235	 2.27	 0.25	201.96	 2.25	 2.05	 1.00	10.77	 1.03	319.63	293.98	301.41	 0.00	300.90	0	54.00
2011	2	26	17.802	5900.7417	56.7417	25.7417	 2.83	 0.46	197.00	 2.18	 2.72	 1.00	10.78	 1.02	322.40	294.64	301.48	278.03	300.02	0	55.61
2011	2	26	19.130	5900.7969	56.7971	25.7971	 2.57	 0.24	194.36	 1.49	16.08	 0.91	10.78	 0.96	322.54	294.13	299.96	270.72	300.42	0	54.14
2011	2	26	20.920	5900.8716	56.8717	25.8717	 3.10	 0.95	214.64	 3.68	61.38	 0.97	10.75	 1.29	323.16	290.38	301.36	265.43	298.00	0	53.09
2011	2	26	22.270	5900.9277	56.9279	25.9279	 2.18	 0.25	202.11	 2.55	 7.95	 1.00	10.72	 1.09	323.20	287.16	293.68	 0.00	292.23	0	54.00
2011	2	26	22.709	5900.9463	56.9462	25.9462	 1.75	 0.13	196.76	 2.23	 3.70	 1.00	10.72	 0.99	323.28	286.39	287.26	265.07	293.70	0	53.01
2011	2	26	23.149	5900.9644	56.9646	25.9646	 3.08	 0.41	205.39	 1.54	 6.77	 0.99	10.82	 1.13	323.41	285.82	294.19	 0.00	293.44	0	54.00
2011	2	27	1.381	5901.0576	57.0576	26.0576	 1.43	 0.08	214.84	 2.41	14.89	 0.97	10.77	 1.21	323.87	283.03	291.13	264.94	289.11	0	52.99
2011	2	27	2.291	5901.0952	57.0954	26.0954	 2.84	 0.34	207.66	 1.69	 4.92	 1.00	10.75	 1.14	320.61	282.35	287.18	 0.00	288.20	0	54.00
2011	2	27	5.382	5901.2241	57.2242	26.2242	 3.39	 0.66	205.97	 1.83	 7.69	 0.99	10.72	 1.16	321.20	278.44	283.50	 0.00	284.12	0	54.00
2011	2	27	6.261	5901.2607	57.2609	26.2609	 3.62	 0.64	208.56	 1.40	 4.56	 0.99	10.75	 1.20	321.14	279.50	286.27	264.89	 0.00	0	52.98
2011	2	27	7.166	5901.2988	57.2986	26.2986	 2.86	 0.22	206.50	 1.04	 0.71	 1.00	10.77	 1.16	321.10	280.43	285.12	264.81	 0.00	0	52.96
2011	2	27	7.610	5901.3169	57.3171	26.3171	 3.47	 0.67	207.14	 1.71	 4.89	 1.00	10.82	 1.14	321.16	280.73	286.84	264.79	 0.00	0	52.96
2011	2	27	8.051	5901.3354	57.3355	26.3355	 2.91	 0.33	207.05	 1.51	 1.35	 1.00	10.72	 1.22	321.09	281.02	286.20	 0.00	287.07	0	54.00
2011	2	27	8.492	5901.3540	57.3538	26.3538	 2.85	 0.32	207.83	 1.57	 1.95	 1.00	10.82	 1.19	321.10	281.15	287.19	264.88	 0.00	0	52.98
2011	2	27	8.959	5901.3730	57.3733	26.3733	 2.54	 0.21	208.50	 1.42	 6.34	 0.98	10.77	 1.15	321.17	281.21	287.88	264.88	288.63	0	52.98
2011	2	27	9.839	5901.4102	57.4099	26.4099	 3.05	 0.46	208.24	 1.84	 2.10	 1.00	10.83	 1.18	321.17	281.31	288.56	264.84	 0.00	0	52.97
2011	2	27	10.284	5901.4287	57.4285	26.4285	 2.96	 0.33	203.75	 1.41	 4.90	 0.99	10.92	 1.15	321.17	281.47	285.63	264.79	287.49	0	52.96
2011	2	27	11.217	5901.4673	57.4674	26.4674	 3.44	 0.64	203.52	 1.64	 9.00	 0.99	10.77	 1.12	318.25	281.66	286.14	264.88	287.38	0	52.98
2011	2	27	14.303	5901.5962	57.5960	26.5960	 3.32	 0.51	205.95	 1.51	 4.80	 1.00	10.80	 1.21	321.43	284.44	288.93	271.43	291.51	0	54.29
2011	2	27	17.415	5901.7256	57.7256	26.7256	 3.96	 0.84	207.92	 1.29	 4.78	 0.99	10.77	 1.15	316.63	294.34	303.80	274.22	298.67	0	54.84
2011	2	27	19.204	5901.8003	57.8002	26.8002	 3.30	 0.77	204.81	 2.32	19.76	 0.98	10.77	 0.98	317.72	291.58	301.88	 0.00	298.12	0	54.00
2011	2	27	20.109	5901.8379	57.8379	26.8379	 4.27	 1.52	207.75	 1.70	 5.74	 1.00	10.82	 1.16	318.46	289.64	300.23	265.95	296.24	0	53.19
2011	2	27	20.551	5901.8564	57.8563	26.8563	 3.34	 1.14	201.57	 3.21	18.87	 1.00	10.75	 1.07	318.70	288.58	297.37	265.55	296.47	0	53.11
2011	2	27	21.871	5901.9111	57.9113	26.9113	 3.71	 1.07	207.91	 2.14	 6.67	 1.00	10.73	 1.16	319.67	286.56	295.20	265.16	294.32	0	53.03
2011	2	27	23.653	5901.9854	57.9855	26.9855	 3.68	 0.51	202.95	 1.02	 1.51	 1.00	10.70	 1.10	320.00	284.54	289.65	265.00	 0.00	0	53.00
2011	2	28	0.093	5902.0039	58.0039	27.0039	 2.57	 0.18	206.41	 1.16	 5.44	 0.97	10.73	 1.19	319.97	284.05	291.75	265.02	290.61	0	53.00
2011	2	28	0.555	5902.0229	58.0231	27.0231	 2.54	 0.22	202.83	 1.49	 7.47	 0.98	10.90	 1.09	320.18	283.47	290.07	264.11	289.91	0	52.82
2011	2	28	0.995	5902.0415	58.0414	27.0414	 1.99	 0.15	201.46	 1.88	 6.62	 0.99	10.70	 1.07	320.33	282.82	290.09	262.96	289.22	0	52.59
2011	2	28	1.434	5902.0596	58.0597	27.0597	 2.19	 0.13	206.86	 1.32	 1.91	 1.00	10.72	 1.23	320.36	282.29	289.47	 0.00	289.84	0	54.00
2011	2	28	3.216	5902.1338	58.1340	27.1340	 3.23	 0.45	207.91	 1.48	 1.34	 1.00	10.77	 1.21	320.40	281.71	287.80	264.77	287.79	0	52.95
2011	2	28	4.092	5902.1704	58.1705	27.1705	 2.62	 0.27	206.39	 1.67	 3.53	 1.00	10.73	 1.16	320.30	281.93	286.78	264.86	288.12	0	52.97
2011	2	28	4.994	5902.2080	58.2081	27.2081	 2.83	 0.35	204.98	 1.71	 1.75	 1.00	10.75	 1.10	320.37	282.41	287.77	264.74	287.12	0	52.95
2011	2	28	5.433	5902.2266	58.2264	27.2264	 2.99	 0.39	210.35	 1.67	 0.09	 1.00	10.73	 1.24	320.31	282.66	288.93	 0.00	288.75	0	54.00
2011	2	28	5.869	5902.2446	58.2445	27.2445	 3.28	 0.45	204.65	 1.37	 2.88	 1.00	10.73	 1.18	320.29	282.88	288.18	 0.00	287.68	0	54.00
2011	2	28	6.308	5902.2627	58.2628	27.2628	 3.05	 0.41	204.85	 1.59	 3.44	 1.00	10.68	 1.11	320.29	282.93	287.05	264.83	290.36	0	52.97
2011	2	28	6.744	5902.2812	58.2810	27.2810	 2.84	 0.34	200.81	 1.65	 5.16	 1.00	10.75	 1.02	320.29	282.88	287.47	 0.00	290.36	0	54.00
2011	2	28	7.207	5902.3003	58.3003	27.3003	 4.05	 0.98	210.03	 1.39	 2.89	 1.00	10.75	 1.18	320.39	282.95	289.29	264.84	290.43	0	52.97
2011	2	28	7.646	5902.3184	58.3186	27.3186	 3.10	 0.36	211.46	 1.36	 1.16	 1.00	10.73	 1.24	320.31	283.15	290.45	264.91	289.28	0	52.98
2011	2	28	8.083	5902.3369	58.3368	27.3368	 3.33	 0.49	208.73	 1.44	 2.67	 1.00	10.73	 1.26	320.38	283.30	289.40	265.08	290.76	0	53.02
2011	2	28	8.521	5902.3550	58.3551	27.3551	 2.80	 0.24	208.73	 1.26	 0.65	 1.00	10.75	 1.27	320.42	283.36	289.26	264.79	290.79	0	52.96
2011	2	28	8.959	5902.3735	58.3733	27.3733	 3.05	 0.33	205.62	 1.28	 2.15	 1.00	10.78	 1.15	320.38	283.41	288.48	264.93	288.22	0	52.99
2011	2	28	9.422	5902.3926	58.3926	27.3926	 2.65	 0.25	207.98	 1.55	 3.74	 1.00	10.75	 1.22	320.39	283.36	289.64	 0.00	289.50	0	54.00
2011	2	28	10.738	5902.4473	58.4474	27.4474	 2.92	 0.25	205.63	 1.11	 2.54	 1.00	10.78	 1.21	320.39	283.31	286.98	264.99	289.34	0	53.00
2011	2	28	11.180	5902.4658	58.4658	27.4658	 3.58	 0.69	203.69	 1.54	 1.18	 1.00	10.82	 1.12	320.37	283.49	287.26	265.26	288.14	0	53.05
2011	2	28	12.111	5902.5044	58.5046	27.5046	 2.77	 0.25	206.23	 1.32	 0.36	 1.00	10.77	 1.23	320.37	284.52	289.70	267.15	290.30	0	53.43
2011	2	28	12.553	5902.5229	58.5231	27.5231	 4.06	 1.14	207.98	 1.58	 5.89	 0.99	10.80	 1.23	320.34	285.00	289.97	267.08	 0.00	0	53.42
2011	2	28	12.991	5902.5415	58.5413	27.5413	17.05	379504.80	206.08	 1.16	 1.43	 1.00	10.75	 1.09	320.40	285.35	290.62	267.55	291.28	0	53.51
2011	2	28	13.431	5902.5596	58.5596	27.5596	 2.66	 0.23	208.10	 1.39	 6.80	 0.98	10.70	 1.14	320.33	286.24	292.42	 0.00	292.02	0	54.00
2011	2	28	13.895	5902.5791	58.5790	27.5790	 3.39	 0.66	207.42	 1.82	 2.24	 1.00	10.77	 1.18	320.57	287.32	293.16	268.79	294.77	0	53.76
2011	2	28	14.336	5902.5972	58.5973	27.5973	 2.20	 0.15	203.65	 1.51	 1.55	 1.00	10.78	 1.17	320.67	288.63	292.85	270.22	292.34	0	54.04
2011	2	28	15.217	5902.6338	58.6340	27.6340	 2.70	 0.31	209.08	 1.81	 2.64	 1.00	10.73	 1.20	320.53	290.67	298.37	272.71	 0.00	0	54.54
2011	2	28	16.125	5902.6719	58.6719	27.6719	 3.76	 1.15	202.76	 2.11	 5.79	 1.00	10.77	 1.04	318.46	293.06	301.71	280.65	 0.00	0	56.13
2011	2	28	17.441	5902.7266	58.7267	27.7267	 2.98	 0.43	210.35	 1.88	 4.11	 1.00	10.78	 1.29	319.97	295.26	304.08	274.65	299.72	0	54.93
2011	2	28	18.782	5902.7827	58.7826	27.7826	 2.42	 0.40	206.12	 3.12	 3.49	 1.00	10.75	 1.04	321.37	294.02	303.61	268.71	300.41	0	53.74
2011	2	28	20.566	5902.8569	58.8569	27.8569	 2.26	 0.36	203.54	 3.38	15.64	 1.00	10.77	 1.09	321.69	290.34	298.08	 0.00	296.63	0	54.00
2011	2	28	21.889	5902.9121	58.9120	27.9120	 4.34	 1.18	209.67	 1.25	 3.39	 1.00	10.82	 1.21	321.86	288.26	296.49	265.85	 0.00	0	53.17
2011	2	28	22.329	5902.9302	58.9304	27.9304	44.16	 1.00	208.14	 0.00	 4.03	 0.00	10.72	 1.14	321.86	287.75	295.78	265.93	295.40	0	53.19
2011	2	28	22.792	5902.9497	58.9497	27.9497	 4.26	 2.18	205.61	 2.44	 9.66	 1.00	10.83	 1.11	321.87	287.26	294.96	265.45	293.66	0	53.09
2011	2	28	23.231	5902.9678	58.9679	27.9679	 4.66	 2.29	206.63	 1.72	 4.69	 1.00	10.73	 1.09	321.81	286.90	293.40	 0.00	293.25	0	54.00
