2013	6	1	0.248	6726.0103	151.0103	0.0103	 1.06	 0.07	192.06	 3.11	10.54	 0.99	10.75	 1.09	325.56	274.59	281.99	256.19	 0.00	0	51.24
2013	6	1	1.594	6726.0664	151.0664	0.0664	 0.79	 0.08	186.87	 6.06	10.15	 1.00	10.78	 0.98	325.69	274.01	279.38	256.08	280.97	0	51.22
2013	6	1	2.033	6726.0847	151.0847	0.0847	 0.92	 0.08	185.12	 4.77	 3.49	 1.00	10.70	 1.02	325.69	273.95	280.93	256.28	279.53	0	51.26
2013	6	1	2.911	6726.1213	151.1213	0.1213	 0.92	 0.09	187.79	 5.56	 0.66	 1.00	10.77	 1.02	325.71	273.89	279.11	256.83	278.07	0	51.37
# Unit 3, Cerro Chajnantor CCAT, Filter  0,  Slot 1, 350 um (616) & yellow
#				days
#				since		day of	day of
# yr	mo	dy	 time	1/1/1995	year	month	Tau	unc	Tatm	unc	mse	fitgood	Etime	R	Thot	Twarm	Tchop	Tamb	<Tint>	Filter	Toff
# 1	2	3	4	5		6	7	8	9	10	11	12	13	14	15	16	17	18	19	20	21	22
2013	6	1	3.839	6726.1600	151.1600	0.1600	 0.92	 0.06	193.57	 3.92	 1.41	 1.00	10.80	 0.99	325.68	273.91	277.53	256.75	278.10	0	51.35
2013	6	1	4.278	6726.1783	151.1783	0.1783	 1.02	 0.07	195.49	 3.75	11.47	 0.99	10.77	 0.96	325.62	273.92	278.05	256.97	278.14	0	51.39
2013	6	1	5.158	6726.2149	151.2149	0.2149	 1.14	 0.10	196.50	 3.97	 9.17	 1.00	10.73	 0.90	325.62	273.96	277.71	256.55	279.44	0	51.31
2013	6	1	5.599	6726.2333	151.2333	0.2333	 1.41	 0.10	201.30	 2.68	 3.74	 1.00	10.82	 1.04	325.61	273.94	280.63	256.48	279.42	0	51.30
2013	6	1	6.505	6726.2710	151.2710	0.2710	 1.17	 0.09	189.09	 3.31	 9.00	 1.00	10.73	 0.99	325.61	273.88	277.57	255.94	279.39	0	51.19
2013	6	1	6.942	6726.2893	151.2893	0.2893	 1.10	 0.07	188.89	 2.84	10.68	 0.98	10.77	 0.98	325.60	273.84	279.91	256.16	277.94	0	51.23
2013	6	1	7.383	6726.3076	151.3076	0.3076	 1.05	 0.06	190.86	 2.94	 5.56	 1.00	10.77	 1.05	325.57	273.83	280.86	256.43	279.21	0	51.29
2013	6	1	8.726	6726.3636	151.3636	0.3636	 0.88	 0.07	182.01	 4.19	 5.29	 1.00	10.73	 0.96	325.60	274.02	276.88	257.22	279.39	0	51.44
2013	6	1	9.163	6726.3818	151.3818	0.3818	 0.82	 0.07	184.61	 4.84	 1.34	 1.00	10.75	 0.88	325.60	274.10	278.91	257.47	279.47	0	51.49
2013	6	1	9.602	6726.4001	151.4001	0.4001	 0.91	 0.07	191.39	 4.23	 4.10	 1.00	10.80	 0.98	325.60	274.17	279.96	257.36	278.27	0	51.47
2013	6	1	10.508	6726.4378	151.4378	0.4378	 0.93	 0.04	196.54	 2.50	 5.87	 0.98	10.78	 0.95	325.64	274.28	279.76	257.93	280.87	0	51.59
2013	6	1	10.947	6726.4561	151.4561	0.4561	 1.08	 0.08	192.14	 3.40	 1.33	 1.00	10.77	 0.98	325.62	274.39	278.94	258.00	280.97	0	51.60
2013	6	1	12.264	6726.5110	151.5110	0.5110	 0.96	 0.09	190.89	 4.85	 8.01	 1.00	10.75	 1.08	325.83	276.86	281.89	260.39	281.87	0	52.08
2013	6	1	12.726	6726.5303	151.5303	0.5303	 0.87	 0.05	183.32	 3.43	 9.57	 0.98	10.78	 1.01	325.92	278.31	280.10	260.86	283.31	0	52.17
2013	6	1	13.604	6726.5668	151.5668	0.5668	 0.97	 0.04	186.74	 2.31	 5.50	 0.98	10.78	 1.22	325.85	280.98	285.26	262.07	288.34	0	52.41
2013	6	1	14.043	6726.5851	151.5851	0.5851	 0.74	 0.05	179.97	 4.37	 2.06	 1.00	10.72	 1.05	325.90	282.31	286.89	262.81	285.06	0	52.56
2013	6	1	14.481	6726.6034	151.6034	0.6034	 0.91	 0.05	184.19	 2.89	 1.30	 1.00	10.73	 1.20	325.89	282.89	289.78	262.86	288.30	0	52.57
2013	6	1	14.943	6726.6226	151.6226	0.6226	 0.80	 0.06	182.49	 4.43	 1.97	 1.00	10.82	 1.12	326.05	284.63	290.84	264.11	287.37	0	52.82
2013	6	1	15.382	6726.6409	151.6409	0.6409	 0.74	 0.06	173.69	 4.72	 2.53	 1.00	10.73	 1.06	325.85	286.13	290.86	265.72	291.47	0	53.14
2013	6	1	16.260	6726.6775	151.6775	0.6775	 0.78	 0.04	178.55	 3.45	 3.35	 1.00	10.73	 1.15	325.73	288.20	295.04	267.23	 0.00	0	53.45
2013	6	1	16.698	6726.6957	151.6957	0.6957	 0.74	 0.07	176.18	 5.70	 6.15	 1.00	10.75	 1.08	325.75	289.31	297.63	268.93	294.48	0	53.79
2013	6	1	17.159	6726.7150	151.7150	0.7150	 0.68	 0.05	181.04	 5.41	 1.06	 1.00	10.78	 1.07	325.92	290.45	297.03	274.25	295.61	0	54.85
2013	6	1	18.476	6726.7698	151.7698	0.7698	 0.77	 0.05	170.93	 3.82	 4.89	 1.00	10.73	 1.08	325.79	292.34	301.20	274.71	300.49	0	54.94
2013	6	1	18.913	6726.7880	151.7880	0.7880	 0.47	 0.06	178.34	11.48	12.34	 0.99	10.75	 0.91	325.85	292.30	299.98	272.65	298.27	0	54.53
2013	6	1	21.132	6726.8805	151.8805	0.8805	 1.97	 1.30	185.53	15.52	422.50	 0.99	10.75	 1.31	325.94	286.46	303.54	261.43	294.55	0	52.29
2013	6	2	0.689	6727.0287	152.0287	1.0287	 1.05	 0.07	189.55	 3.46	 5.33	 1.00	10.73	 1.13	325.72	278.42	286.03	259.18	284.18	0	51.84
2013	6	2	1.127	6727.0469	152.0469	1.0469	 0.88	 0.05	188.03	 3.53	 4.57	 1.00	10.73	 1.07	325.79	278.01	281.59	259.35	285.10	0	51.87
2013	6	2	1.565	6727.0652	152.0652	1.0652	 0.87	 0.06	186.15	 4.14	10.43	 0.99	10.72	 1.08	325.71	277.71	280.46	259.62	282.07	0	51.92
2013	6	2	2.467	6727.1028	152.1028	1.1028	 0.88	 0.06	185.53	 3.87	11.32	 0.99	10.73	 1.08	325.81	277.28	283.19	260.04	283.06	0	52.01
2013	6	2	3.348	6727.1395	152.1395	1.1395	 0.96	 0.07	187.85	 3.98	 5.20	 1.00	10.75	 1.15	325.78	276.99	284.36	 0.00	282.82	0	54.00
2013	6	2	3.788	6727.1578	152.1578	1.1578	 1.07	 0.06	190.73	 2.95	 7.92	 0.99	10.83	 1.22	325.85	276.83	284.15	259.03	281.29	0	51.81
2013	6	2	4.279	6727.1783	152.1783	1.1783	 1.14	 0.06	193.48	 2.35	 3.32	 1.00	10.78	 1.18	325.91	276.61	283.91	258.75	283.77	0	51.75
2013	6	2	6.035	6727.2514	152.2514	1.2514	 1.02	 0.06	193.44	 2.98	 5.65	 1.00	10.75	 1.09	325.83	276.19	281.30	258.65	281.81	0	51.73
2013	6	2	6.941	6727.2892	152.2892	1.2892	 0.99	 0.06	188.91	 3.20	 1.32	 1.00	10.75	 0.98	325.70	275.99	279.29	258.33	282.94	0	51.67
2013	6	2	7.379	6727.3075	152.3075	1.3075	 1.04	 0.07	185.48	 3.07	 6.80	 1.00	10.82	 0.98	325.72	275.90	280.53	258.28	282.77	0	51.66
2013	6	2	8.257	6727.3440	152.3440	1.3440	 0.84	 0.06	182.25	 4.10	 6.26	 1.00	10.75	 1.02	325.66	275.63	280.75	257.91	281.19	0	51.58
2013	6	2	8.721	6727.3634	152.3634	1.3634	 0.85	 0.06	179.43	 4.16	 6.64	 1.00	10.87	 1.07	321.20	275.37	281.84	257.76	279.75	0	51.55
2013	6	2	11.820	6727.4925	152.4925	1.4925	 0.55	 0.05	169.20	 7.00	 3.78	 1.00	10.77	 0.88	325.30	271.20	274.72	261.63	276.35	0	52.33
2013	6	2	12.258	6727.5108	152.5108	1.5108	 0.57	 0.05	170.48	 6.42	 3.53	 1.00	10.75	 0.99	325.29	272.64	278.04	262.03	277.01	0	52.41
2013	6	2	15.811	6727.6588	152.6588	1.6588	 0.67	 0.06	178.65	 6.56	15.87	 0.99	10.73	 1.02	326.14	279.93	286.84	266.46	282.59	0	53.29
2013	6	2	18.027	6727.7511	152.7511	1.7511	 0.86	 0.06	184.67	 4.02	 4.04	 1.00	10.73	 1.14	325.86	289.18	294.99	270.03	296.46	0	54.01
2013	6	2	20.242	6727.8434	152.8434	1.8434	 0.99	 0.05	187.11	 2.82	 7.05	 0.99	10.75	 1.19	325.63	288.58	297.15	265.76	294.34	0	53.15
2013	6	2	20.680	6727.8617	152.8617	1.8617	 0.84	 0.06	189.93	 3.96	 3.38	 1.00	10.77	 1.08	325.58	287.30	296.62	265.27	 0.00	0	53.05
2013	6	2	21.118	6727.8799	152.8799	1.8799	 0.82	 0.06	188.74	 4.19	 0.56	 1.00	10.78	 1.05	325.48	285.91	296.11	264.10	292.95	0	52.82
2013	6	2	21.557	6727.8982	152.8982	1.8982	 0.73	 0.19	175.37	16.44	59.98	 1.00	10.73	 0.89	325.46	284.66	291.85	263.41	292.44	0	52.68
2013	6	2	22.458	6727.9358	152.9358	1.9358	 0.86	 0.18	182.92	11.74	18.31	 1.00	10.77	 0.93	325.48	282.67	295.95	263.32	288.90	0	52.66
2013	6	3	1.556	6728.0648	153.0648	2.0648	 0.69	 0.04	193.86	 4.41	 7.25	 0.99	10.77	 1.03	325.67	279.18	285.29	262.21	285.25	0	52.44
2013	6	3	2.457	6728.1024	153.1024	2.1024	 0.94	 0.04	193.64	 2.56	 6.13	 0.99	10.75	 1.14	325.67	278.82	285.30	262.32	284.89	0	52.46
2013	6	3	4.218	6728.1758	153.1758	2.1758	 0.86	 0.04	185.45	 2.93	 2.43	 1.00	10.77	 1.13	325.58	278.42	283.59	261.91	283.08	0	52.38
2013	6	3	5.146	6728.2144	153.2144	2.2144	 0.75	 0.05	188.00	 4.34	 4.04	 1.00	10.77	 1.02	325.61	278.36	283.66	261.30	282.98	0	52.26
2013	6	3	6.462	6728.2692	153.2692	2.2692	 0.87	 0.06	186.31	 3.66	 1.32	 1.00	10.83	 1.16	325.64	278.13	283.25	260.99	284.08	0	52.20
2013	6	3	6.924	6728.2885	153.2885	2.2885	 0.71	 0.07	181.64	 6.52	 8.26	 1.00	10.77	 1.05	325.68	278.07	282.13	261.16	282.68	0	52.23
2013	6	3	7.363	6728.3068	153.3068	2.3068	 0.87	 0.05	190.77	 3.44	 2.47	 1.00	10.75	 1.20	325.56	278.04	284.53	261.01	283.93	0	52.20
2013	6	3	7.802	6728.3251	153.3251	2.3251	 0.67	 0.05	192.38	 5.50	 7.89	 0.99	10.72	 1.03	325.56	277.99	281.74	260.76	283.84	0	52.15
2013	6	3	8.241	6728.3434	153.3434	2.3434	 0.99	 0.05	188.78	 2.39	 7.69	 0.97	10.75	 1.22	325.68	277.96	285.82	260.69	283.75	0	52.14
2013	6	3	9.579	6728.3991	153.3991	2.3991	 0.82	 0.05	186.53	 3.74	 4.03	 1.00	10.80	 1.10	325.65	277.83	281.59	260.79	283.54	0	52.16
2013	6	3	10.896	6728.4540	153.4540	2.4540	 0.90	 0.06	188.98	 3.53	 4.50	 1.00	10.73	 1.11	325.64	277.61	285.32	259.71	283.23	0	51.94
2013	6	3	12.678	6728.5283	153.5283	2.5283	 0.83	 0.06	187.03	 4.58	 4.41	 1.00	10.82	 1.10	325.90	281.75	286.05	265.70	287.10	0	53.14
2013	6	3	13.118	6728.5466	153.5466	2.5466	 0.90	 0.05	186.58	 3.01	 0.67	 1.00	10.80	 1.17	325.90	283.51	288.09	265.79	288.85	0	53.16
2013	6	3	14.893	6728.6206	153.6206	2.6206	 0.90	 0.03	189.58	 2.14	 1.71	 1.00	10.72	 1.17	326.16	289.64	296.36	 0.00	298.12	0	54.00
2013	6	3	15.332	6728.6388	153.6388	2.6388	 0.83	 0.04	187.41	 2.61	 5.35	 0.98	10.73	 1.14	325.61	291.50	296.78	275.27	296.90	0	55.05
2013	6	3	16.231	6728.6763	153.6763	2.6763	 1.12	 0.06	185.74	 2.36	 4.62	 1.00	10.72	 1.07	325.07	294.25	301.90	284.17	297.82	0	56.83
2013	6	3	17.546	6728.7311	153.7311	2.7311	 0.97	 0.05	185.59	 2.90	 4.91	 1.00	10.72	 1.08	323.84	297.64	309.63	287.40	303.99	0	57.48
2013	6	3	18.010	6728.7504	153.7504	2.7504	 0.77	 0.06	186.41	 4.81	 6.47	 1.00	10.75	 1.01	325.74	298.06	307.97	285.36	303.74	0	57.07
2013	6	3	19.328	6728.8053	153.8053	2.8053	 0.87	 0.04	186.46	 2.69	 3.51	 1.00	10.82	 1.04	325.32	297.50	309.05	276.58	301.95	0	55.32
2013	6	3	19.767	6728.8236	153.8236	2.8236	 0.87	 0.06	185.87	 3.68	 1.82	 1.00	10.77	 1.05	325.20	296.72	307.55	269.07	301.32	0	53.81
2013	6	3	20.229	6728.8429	153.8429	2.8429	 0.89	 0.06	192.68	 3.67	 5.70	 1.00	10.77	 1.09	322.68	295.15	307.87	265.76	301.46	0	53.15
2013	6	3	22.879	6728.9533	153.9533	2.9533	 0.65	 0.04	199.14	 5.30	 7.12	 0.99	10.75	 0.96	322.62	280.96	289.81	263.17	286.03	0	52.63
2013	6	4	0.194	6729.0081	154.0081	3.0081	 0.90	 0.05	188.18	 3.01	 4.65	 1.00	10.75	 1.05	325.57	280.07	285.26	262.66	286.12	0	52.53
2013	6	4	0.656	6729.0273	154.0273	3.0273	 0.92	 0.06	184.04	 3.71	 4.12	 1.00	10.77	 1.08	325.67	279.82	285.85	263.01	284.48	0	52.60
2013	6	4	1.973	6729.0822	154.0822	3.0822	 0.65	 0.06	182.83	 6.29	 6.64	 1.00	10.78	 1.04	325.59	279.26	281.68	262.85	285.40	0	52.57
2013	6	4	3.312	6729.1380	154.1380	3.1380	 0.64	 0.04	183.09	 4.63	 2.84	 1.00	10.72	 1.04	325.86	278.91	283.19	262.86	284.94	0	52.57
2013	6	4	4.190	6729.1746	154.1746	3.1746	 0.80	 0.03	181.15	 2.43	 6.28	 0.96	10.73	 1.15	325.87	278.70	284.75	261.70	284.69	0	52.34
2013	6	4	5.117	6729.2132	154.2132	3.2132	 0.77	 0.05	177.95	 4.08	 1.79	 1.00	10.77	 1.10	325.76	278.35	283.26	261.57	284.38	0	52.31
2013	6	4	5.555	6729.2314	154.2314	3.2314	 0.65	 0.04	179.80	 4.79	 2.73	 1.00	10.75	 1.06	325.62	278.24	282.10	261.53	284.24	0	52.31
2013	6	4	6.431	6729.2680	154.2680	3.2680	 0.63	 0.07	175.27	 7.38	 4.35	 1.00	10.75	 1.05	326.03	278.02	284.25	260.60	285.18	0	52.12
2013	6	4	7.331	6729.3054	154.3054	3.3054	 0.66	 0.05	172.60	 4.80	 8.68	 0.99	10.78	 1.07	325.44	277.74	282.84	261.21	283.66	0	52.24
2013	6	4	8.213	6729.3422	154.3422	3.3422	 0.66	 0.08	166.65	 7.44	 5.22	 1.00	10.78	 1.08	325.46	277.63	284.99	261.59	283.52	0	52.32
2013	6	4	12.213	6729.5089	154.5089	3.5089	 0.65	 0.07	166.21	 6.89	 3.96	 1.00	10.80	 1.14	325.63	279.85	286.72	265.40	287.26	0	53.08
2013	6	4	14.432	6729.6013	154.6013	3.6013	 0.76	 0.08	163.14	 6.24	 2.83	 1.00	10.77	 1.22	325.83	285.25	293.85	266.23	291.16	0	53.25
2013	6	4	15.747	6729.6561	154.6561	3.6561	 0.72	 0.08	162.75	 6.44	11.19	 1.00	10.73	 1.23	326.00	289.11	297.47	268.46	294.53	0	53.69
2013	6	4	19.297	6729.8040	154.8040	3.8040	 0.59	 0.07	173.63	 9.11	 4.71	 1.00	10.73	 1.01	325.93	289.29	297.02	269.17	296.50	0	53.83
2013	6	4	21.077	6729.8782	154.8782	3.8782	 0.56	 0.04	187.63	 6.46	18.15	 0.94	10.73	 1.15	325.63	286.08	291.13	265.73	292.61	0	53.15
2013	6	4	22.861	6729.9526	154.9526	3.9526	 0.43	 0.05	182.94	11.82	13.00	 0.99	10.78	 0.98	325.68	282.05	288.56	262.08	288.36	0	52.42
2013	6	4	23.300	6729.9708	154.9708	3.9708	 0.60	 0.05	165.91	 5.54	 4.65	 1.00	10.75	 1.07	325.55	281.32	288.06	261.77	 0.00	0	52.35
2013	6	5	0.178	6730.0074	155.0074	4.0074	 0.67	 0.04	169.08	 3.93	 9.77	 0.96	10.77	 1.17	325.52	280.19	288.50	262.60	285.04	0	52.52
2013	6	5	0.616	6730.0257	155.0257	4.0257	 0.56	 0.05	163.93	 6.64	 0.58	 1.00	10.72	 1.05	325.52	279.90	284.26	262.55	286.05	0	52.51
2013	6	5	1.957	6730.0815	155.0815	4.0815	 0.62	 0.04	164.29	 4.72	 3.38	 1.00	10.77	 1.12	325.52	278.99	286.51	262.20	285.14	0	52.44
2013	6	5	3.737	6730.1557	155.1557	4.1557	 0.55	 0.05	163.74	 7.29	 3.28	 1.00	10.77	 1.13	325.52	278.34	284.62	261.98	285.83	0	52.40
2013	6	5	5.543	6730.2309	155.2309	4.2309	 0.49	 0.06	172.85	 9.31	24.43	 0.95	10.78	 1.02	325.49	277.79	283.77	261.43	285.28	0	52.29
2013	6	5	8.639	6730.3600	155.3600	4.3600	 0.58	 0.04	167.01	 5.43	 3.98	 1.00	10.75	 1.15	325.35	277.14	283.44	261.11	283.01	0	52.22
2013	6	5	9.078	6730.3782	155.3782	4.3782	 0.57	 0.05	164.50	 6.25	 4.76	 1.00	10.75	 1.12	325.30	277.10	282.35	261.13	282.94	0	52.23
2013	6	5	9.518	6730.3966	155.3966	4.3966	 0.59	 0.05	162.87	 6.41	12.60	 0.98	10.83	 1.12	325.25	276.97	282.62	261.21	 0.00	0	52.24
2013	6	5	9.981	6730.4159	155.4159	4.4159	 0.63	 0.03	174.10	 3.59	 3.14	 0.99	10.77	 1.16	325.23	277.05	286.44	261.43	281.60	0	52.29
2013	6	5	10.419	6730.4341	155.4341	4.4341	 0.59	 0.05	167.96	 5.56	 6.66	 0.99	10.75	 1.12	325.09	277.05	283.37	261.37	282.94	0	52.27
2013	6	5	10.858	6730.4524	155.4524	4.4524	 0.58	 0.05	169.37	 6.29	 6.28	 1.00	10.73	 1.12	325.11	277.05	282.30	261.27	282.90	0	52.25
2013	6	5	12.197	6730.5082	155.5082	4.5082	 0.60	 0.05	163.47	 5.35	 2.71	 1.00	10.77	 1.10	325.15	279.08	284.01	263.65	284.72	0	52.73
2013	6	5	12.636	6730.5265	155.5265	4.5265	 0.46	 0.03	174.16	 5.94	 8.40	 0.94	10.73	 1.06	325.16	280.37	283.96	 0.00	287.23	0	54.00
2013	6	5	13.512	6730.5630	155.5630	4.5630	 0.54	 0.06	169.42	 7.98	 3.47	 1.00	10.73	 1.12	325.33	282.99	288.21	265.94	288.35	0	53.19
2013	6	5	18.845	6730.7852	155.7852	4.7852	 0.54	 0.05	170.33	 7.44	10.72	 0.99	10.77	 1.05	326.23	294.17	304.31	273.26	300.12	0	54.65
2013	6	5	19.721	6730.8217	155.8217	4.8217	 0.43	 0.05	171.63	10.38	19.38	 0.95	10.77	 0.96	326.06	293.14	301.88	266.25	299.50	0	53.25
2013	6	6	0.158	6731.0066	156.0066	5.0066	 0.58	 0.05	165.56	 6.42	 2.17	 1.00	10.75	 1.09	325.35	276.82	285.96	261.46	282.72	0	52.29
2013	6	6	1.936	6731.0806	156.0806	5.0806	 0.50	 0.06	176.40	10.76	 8.59	 1.00	10.73	 1.08	325.43	276.64	282.68	261.12	281.18	0	52.22
2013	6	6	2.374	6731.0989	156.0989	5.0989	 0.45	 0.06	182.21	11.66	13.74	 0.99	10.83	 1.04	325.39	276.67	284.34	260.43	282.68	0	52.09
2013	6	6	2.813	6731.1172	156.1172	5.1172	 0.54	 0.04	171.52	 5.69	 8.49	 0.98	10.77	 1.05	325.37	276.72	281.87	260.90	282.63	0	52.18
2013	6	6	3.714	6731.1547	156.1547	5.1547	 0.68	 0.05	171.40	 4.89	 1.25	 1.00	10.77	 1.04	325.45	276.88	282.89	260.53	282.74	0	52.11
2013	6	6	4.153	6731.1731	156.1731	5.1731	 0.69	 0.06	172.22	 5.81	 5.28	 1.00	10.73	 1.09	325.39	276.96	281.23	260.68	282.87	0	52.14
2013	6	6	5.469	6731.2279	156.2279	5.2279	 0.73	 0.05	186.71	 4.18	 4.79	 1.00	10.75	 1.08	325.44	277.09	283.45	259.45	282.94	0	51.89
2013	6	6	5.958	6731.2483	156.2483	5.2483	 0.62	 0.04	193.21	 5.47	15.07	 0.96	10.77	 1.00	325.52	277.00	283.30	259.20	282.84	0	51.84
2013	6	6	6.397	6731.2665	156.2665	5.2665	 0.69	 0.06	191.52	 6.22	10.63	 1.00	10.72	 1.11	325.42	276.92	282.90	258.71	282.70	0	51.74
2013	6	6	7.717	6731.3215	156.3215	5.3215	 0.87	 0.04	187.53	 2.88	 5.50	 0.99	10.78	 1.12	325.43	276.75	282.05	259.81	283.69	0	51.96
2013	6	6	9.062	6731.3776	156.3776	5.3776	 0.67	 0.05	185.73	 5.79	 1.96	 1.00	10.75	 1.06	325.35	277.19	283.33	262.72	281.44	0	52.54
2013	6	6	9.939	6731.4141	156.4141	5.4141	 0.51	 0.05	191.94	 8.14	 8.36	 0.99	10.82	 1.00	325.51	277.46	280.06	262.51	283.17	0	52.50
2013	6	6	10.404	6731.4335	156.4335	5.4335	 0.74	 0.05	193.28	 5.10	 4.98	 1.00	10.88	 1.10	325.39	277.57	283.63	262.83	283.32	0	52.57
2013	6	6	12.620	6731.5258	156.5258	5.5258	 0.79	 0.05	181.63	 3.93	 8.06	 0.99	10.77	 1.07	325.58	281.14	287.96	265.76	286.77	0	53.15
2013	6	6	13.059	6731.5441	156.5441	5.5441	 0.77	 0.06	175.22	 4.66	 4.38	 1.00	10.73	 1.08	325.56	282.58	284.94	 0.00	287.89	0	54.00
2013	6	6	13.497	6731.5624	156.5624	5.5624	 0.73	 0.06	177.94	 4.91	 4.52	 1.00	10.73	 1.09	325.63	283.85	287.32	266.01	289.52	0	53.20
2013	6	6	15.273	6731.6364	156.6364	5.6364	 0.80	 0.04	179.91	 3.25	 6.77	 0.99	10.75	 1.15	326.23	289.37	297.75	270.40	295.18	0	54.08
2013	6	6	16.590	6731.6912	156.6912	5.6912	 0.68	 0.06	176.93	 5.63	17.28	 0.97	10.77	 1.04	326.41	293.31	299.95	279.01	299.19	0	55.80
2013	6	6	17.053	6731.7106	156.7106	5.7106	 0.77	 0.07	185.00	 5.57	 3.79	 1.00	10.75	 1.04	326.46	294.71	303.41	280.72	300.25	0	56.14
2013	6	6	19.711	6731.8213	156.8213	5.8213	 0.71	 0.03	187.01	 3.29	 4.71	 0.99	10.80	 1.07	325.99	296.30	307.17	272.94	303.12	0	54.59
2013	6	6	20.150	6731.8396	156.8396	5.8396	 0.75	 0.04	189.99	 3.92	 2.87	 1.00	10.72	 1.01	325.90	295.14	306.86	266.71	300.02	0	53.34
2013	6	7	2.373	6732.0989	157.0989	6.0989	 1.37	 0.11	195.70	 3.10	 1.49	 1.00	10.80	 0.98	325.71	282.03	287.11	265.09	288.27	0	53.02
2013	6	7	2.814	6732.1172	157.1172	6.1172	 1.34	 0.08	201.35	 2.34	 1.42	 1.00	10.77	 1.08	325.85	281.78	286.33	265.14	288.11	0	53.03
2013	6	7	3.252	6732.1355	157.1355	6.1355	 1.71	 0.11	202.03	 1.93	 4.13	 1.00	10.77	 1.17	325.91	281.57	288.75	264.88	287.68	0	52.98
2013	6	7	6.844	6732.2852	157.2852	6.2852	 1.31	 0.09	198.47	 2.77	13.23	 0.98	10.73	 1.04	325.97	280.38	285.75	263.90	287.74	0	52.78
2013	6	7	9.939	6732.4141	157.4141	6.4141	 1.73	 0.09	207.29	 1.70	 1.26	 1.00	10.77	 1.16	325.93	279.79	286.80	262.71	286.86	0	52.54
2013	6	7	11.281	6732.4700	157.4700	6.4700	 2.02	 0.15	199.86	 1.85	 8.86	 0.99	10.73	 0.99	326.04	279.74	282.62	263.29	284.04	0	52.66
2013	6	7	11.719	6732.4883	157.4883	6.4883	 2.20	 0.17	204.91	 1.73	 4.20	 1.00	10.75	 1.11	326.08	280.43	284.06	264.83	285.83	0	52.97
2013	6	7	12.596	6732.5248	157.5248	6.5248	 2.29	 0.23	205.87	 2.10	 0.61	 1.00	10.75	 1.08	326.24	282.83	287.73	265.65	288.22	0	53.13
2013	6	7	13.058	6732.5441	157.5441	6.5441	 2.21	 0.14	201.07	 1.35	 1.76	 1.00	10.77	 1.08	326.35	284.47	286.29	265.82	289.93	0	53.16
2013	6	7	14.373	6732.5989	157.5989	6.5989	 2.68	 0.30	203.53	 1.74	 1.98	 1.00	10.77	 1.12	326.38	288.54	294.51	270.26	294.63	0	54.05
2013	6	7	14.811	6732.6171	157.6171	6.6171	 2.73	 0.30	200.07	 1.59	 5.29	 0.99	10.75	 1.07	326.49	290.32	295.66	271.54	296.17	0	54.31
2013	6	7	15.273	6732.6364	157.6364	6.6364	 2.69	 0.29	208.91	 1.68	 5.98	 0.99	10.73	 1.20	326.52	292.05	299.80	272.13	297.91	0	54.43
2013	6	7	15.712	6732.6547	157.6547	6.6547	 2.74	 0.28	202.74	 1.50	 0.66	 1.00	10.73	 1.11	326.41	293.27	300.90	275.77	299.33	0	55.15
2013	6	7	17.027	6732.7095	157.7095	6.7095	 3.01	 0.26	206.33	 1.06	 0.62	 1.00	10.75	 1.16	326.40	295.12	304.99	 0.00	299.45	0	54.00
2013	6	7	20.141	6732.8392	157.8392	6.8392	 4.43	 2.37	199.00	 2.15	11.81	 0.99	10.77	 0.94	325.62	285.93	293.70	265.75	290.99	0	53.15
2013	6	7	21.457	6732.8940	157.8940	6.8940	 4.60	 1.52	201.52	 1.18	 2.72	 1.00	10.75	 1.00	326.11	285.08	291.34	265.55	291.03	0	53.11
2013	6	7	21.920	6732.9133	157.9133	6.9133	 5.02	 2.44	205.32	 1.26	 9.78	 0.96	10.78	 1.12	326.15	284.70	291.01	 0.00	290.68	0	54.00
2013	6	7	22.360	6732.9317	157.9317	6.9317	 3.96	 1.23	203.04	 1.84	 3.91	 1.00	10.75	 1.08	326.07	284.45	289.52	265.43	290.47	0	53.09
2013	6	7	22.798	6732.9499	157.9499	6.9499	46.19	 1.00	206.59	 0.00	 2.73	 0.00	10.82	 1.11	326.07	284.25	291.09	265.08	290.27	0	53.02
2013	6	8	0.144	6733.0060	158.0060	7.0060	 3.68	 0.60	204.81	 1.21	 2.93	 1.00	10.80	 1.06	322.73	283.70	289.54	263.32	289.28	0	52.66
2013	6	8	7.716	6733.3215	158.3215	7.3215	 3.07	 0.41	204.97	 1.58	 1.24	 1.00	10.75	 1.10	326.52	278.56	282.63	263.59	284.19	0	52.72
2013	6	8	9.066	6733.3778	158.3778	7.3778	 3.73	 0.65	209.52	 1.28	 3.22	 1.00	10.82	 1.17	326.55	279.43	284.99	263.28	283.61	0	52.66
2013	6	8	9.504	6733.3960	158.3960	7.3960	 3.27	 0.57	203.74	 1.76	 3.45	 1.00	10.73	 1.15	326.50	279.77	283.58	264.55	285.26	0	52.91
2013	6	8	11.297	6733.4707	158.4707	7.4707	 3.23	 0.60	208.57	 1.97	 4.31	 1.00	10.80	 1.19	326.56	280.69	287.70	264.63	284.94	0	52.93
2013	6	8	11.736	6733.4890	158.4890	7.4890	 3.75	 0.83	206.63	 1.56	 2.68	 1.00	10.78	 1.19	326.51	280.79	287.26	264.50	286.32	0	52.90
2013	6	8	14.393	6733.5997	158.5997	7.5997	 4.70	 1.91	203.68	 1.35	 3.24	 1.00	10.73	 1.09	326.47	285.57	291.97	265.82	289.31	0	53.16
2013	6	8	17.053	6733.7105	158.7105	7.7105	 2.96	 0.42	202.66	 1.78	 4.15	 1.00	10.73	 1.08	326.72	289.06	296.33	 0.00	294.94	0	54.00
2013	6	8	17.955	6733.7481	158.7481	7.7481	29.29	109216815656.22	197.12	 1.56	 1.68	 1.00	10.75	 0.98	326.41	290.92	298.95	272.71	296.98	0	54.54
2013	6	8	18.394	6733.7664	158.7664	7.7664	 3.35	 0.51	194.19	 1.37	 0.49	 1.00	10.78	 0.97	326.22	291.08	296.88	268.76	297.27	0	53.75
2013	6	8	18.832	6733.7847	158.7847	7.7847	 3.28	 0.68	203.49	 2.07	 2.97	 1.00	10.75	 1.03	326.23	290.96	300.04	268.12	297.26	0	53.62
2013	6	8	19.710	6733.8212	158.8212	7.8213	 3.81	 0.91	201.12	 1.58	 1.76	 1.00	10.75	 1.03	326.07	289.34	297.64	266.14	295.71	0	53.23
2013	6	8	21.492	6733.8955	158.8955	7.8955	 3.90	 1.99	200.77	 3.15	 8.24	 1.00	10.82	 0.99	326.16	285.89	293.92	263.56	293.20	0	52.71
2013	6	8	23.274	6733.9698	158.9698	7.9698	 3.62	 0.66	205.68	 1.42	 1.85	 1.00	10.73	 1.21	326.12	283.39	290.44	261.86	289.15	0	52.37
2013	6	9	0.152	6734.0063	159.0063	8.0063	 4.39	 1.29	204.26	 1.26	 0.87	 1.00	10.80	 1.23	326.29	282.77	288.81	 0.00	288.45	0	54.00
2013	6	9	1.058	6734.0441	159.0441	8.0441	 4.48	 1.82	201.99	 1.60	 3.50	 1.00	10.72	 1.09	326.35	282.30	286.89	261.98	288.01	0	52.40
2013	6	9	1.495	6734.0623	159.0623	8.0623	 3.38	 0.63	199.37	 1.69	10.73	 0.98	10.75	 1.04	326.34	282.09	285.73	261.69	287.68	0	52.34
2013	6	9	2.373	6734.0989	159.0989	8.0989	 3.61	 0.68	199.27	 1.44	 7.17	 0.99	10.75	 1.05	326.29	281.88	286.12	262.24	287.41	0	52.45
2013	6	9	2.840	6734.1183	159.1183	8.1183	 3.58	 0.84	201.57	 1.86	 2.47	 1.00	10.82	 1.08	326.34	281.74	286.07	262.01	285.85	0	52.40
2013	6	9	3.716	6734.1548	159.1548	8.1548	19.81	7546130.87	201.01	 1.42	 6.87	 0.99	10.92	 1.10	326.31	281.62	285.93	262.11	 0.00	0	52.42
2013	6	9	5.067	6734.2111	159.2111	8.2111	 4.43	 1.83	203.46	 1.71	 6.62	 1.00	10.92	 1.04	322.54	281.39	288.02	262.55	287.55	0	52.51
2013	6	9	10.423	6734.4343	159.4343	8.4343	 4.17	 1.29	203.38	 1.56	 2.94	 1.00	10.75	 0.96	326.26	274.41	279.39	261.91	278.84	0	52.38
2013	6	9	10.871	6734.4529	159.4529	8.4529	 4.47	 2.01	203.07	 1.80	 5.79	 1.00	10.78	 0.99	326.29	275.51	280.19	 0.00	279.65	0	54.00
2013	6	9	11.311	6734.4713	159.4713	8.4713	 4.32	 1.23	201.25	 1.27	 5.20	 0.99	10.83	 1.05	326.32	276.66	280.74	 0.00	281.89	0	54.00
2013	6	9	12.218	6734.5091	159.5091	8.5091	 4.25	 1.64	197.13	 1.79	 9.10	 0.99	10.82	 0.98	326.35	278.23	279.93	 0.00	282.07	0	54.00
2013	6	9	12.660	6734.5275	159.5275	8.5275	20.57	20292546.95	196.66	 1.76	 4.89	 1.00	10.88	 1.00	326.34	279.00	281.18	 0.00	285.25	0	54.00
2013	6	9	13.101	6734.5459	159.5459	8.5459	 3.23	 0.67	195.92	 2.08	 2.69	 1.00	10.75	 1.04	326.44	280.08	281.42	264.85	285.08	0	52.97
2013	6	9	14.884	6734.6202	159.6202	8.6202	 3.21	 0.84	201.01	 2.72	 1.35	 1.00	10.80	 1.03	326.59	286.31	293.27	269.18	291.84	0	53.84
2013	6	9	15.322	6734.6384	159.6384	8.6384	 2.74	 0.57	200.61	 3.05	 6.20	 1.00	10.75	 1.06	326.38	287.71	292.68	269.98	293.34	0	54.00
2013	6	9	17.541	6734.7309	159.7309	8.7309	 2.56	 0.30	202.92	 1.95	 4.74	 1.00	10.73	 1.17	326.25	291.58	298.63	269.16	300.22	0	53.83
2013	6	9	19.320	6734.8050	159.8050	8.8050	 3.88	 1.13	191.70	 1.73	11.47	 0.98	10.80	 0.88	326.13	289.86	298.16	266.21	296.07	0	53.24
2013	6	9	20.197	6734.8415	159.8415	8.8415	 2.71	 0.59	207.57	 3.38	10.19	 1.00	10.72	 1.14	326.16	288.13	299.97	266.14	295.77	0	53.23
2013	6	9	20.660	6734.8608	159.8608	8.8608	 2.87	 0.90	200.74	 4.16	12.24	 1.00	10.77	 1.12	326.17	287.34	294.67	 0.00	291.87	0	54.00
2013	6	9	23.764	6734.9902	159.9902	8.9902	 1.79	 0.15	196.85	 2.35	 5.81	 1.00	10.75	 1.11	326.06	281.61	287.19	260.30	288.79	0	52.06
2013	6	10	6.889	6735.2870	160.2870	9.2870	 1.58	 0.15	190.90	 3.07	12.11	 1.00	10.93	 0.88	326.47	272.11	276.53	258.19	277.66	0	51.64
2013	6	10	8.267	6735.3445	160.3445	9.3445	 1.42	 0.13	196.33	 3.36	 3.67	 1.00	10.78	 0.91	326.40	274.06	278.40	258.61	280.77	0	51.72
2013	6	10	8.707	6735.3628	160.3628	9.3628	 1.48	 0.13	192.61	 3.21	 9.75	 1.00	10.73	 0.94	326.37	274.45	278.49	258.78	 0.00	0	51.76
2013	6	10	9.593	6735.3997	160.3997	9.3997	 1.40	 0.11	190.42	 3.01	 9.18	 1.00	10.82	 0.89	326.42	275.02	278.32	258.52	 0.00	0	51.70
2013	6	10	10.058	6735.4191	160.4191	9.4191	 1.51	 0.11	192.47	 2.60	 7.97	 1.00	10.82	 1.03	326.41	275.15	281.35	 0.00	281.65	0	54.00
2013	6	10	10.502	6735.4376	160.4376	9.4376	 1.15	 0.11	191.10	 4.34	 8.17	 1.00	10.75	 0.90	326.43	275.22	276.67	257.99	 0.00	0	51.60
2013	6	10	11.384	6735.4743	160.4743	9.4743	 1.31	 0.09	192.99	 2.74	 8.88	 0.99	10.82	 1.06	326.47	275.55	280.40	258.19	281.78	0	51.64
2013	6	10	15.375	6735.6406	160.6406	9.6406	 1.23	 0.08	195.71	 2.81	 6.78	 1.00	10.75	 1.13	326.90	281.64	284.90	264.67	285.98	0	52.93
2013	6	10	15.814	6735.6589	160.6589	9.6589	 1.37	 0.06	202.35	 1.88	 7.45	 0.98	10.75	 1.32	326.87	283.20	291.04	 0.00	288.03	0	54.00
2013	6	10	17.592	6735.7330	160.7330	9.7330	 1.69	 0.18	195.39	 3.21	17.59	 0.99	10.73	 1.11	326.68	288.86	293.92	267.43	293.57	0	53.49
2013	6	10	18.031	6735.7513	160.7513	9.7513	 1.95	 0.25	203.01	 3.39	 7.93	 1.00	10.75	 1.20	326.66	289.48	298.25	266.72	291.81	0	53.34
2013	6	10	19.376	6735.8073	160.8073	9.8073	 2.58	 0.41	196.44	 2.54	 6.10	 1.00	10.73	 0.99	326.62	289.63	297.00	265.66	294.76	0	53.13
2013	6	10	20.251	6735.8438	160.8438	9.8438	 2.11	 0.22	192.39	 2.32	 4.99	 1.00	10.73	 0.95	326.49	288.26	292.29	265.00	293.82	0	53.00
2013	6	10	23.808	6735.9920	160.9920	9.9920	 2.78	 0.35	211.63	 1.86	 3.18	 1.00	10.73	 1.30	326.33	282.16	291.74	261.01	287.85	0	52.20
2013	6	11	1.126	6736.0469	161.0469	10.0469	 3.35	 0.78	199.88	 2.18	 4.90	 1.00	10.73	 1.09	326.29	281.19	286.06	261.01	286.77	0	52.20
2013	6	11	1.587	6736.0661	161.0661	10.0661	 2.23	 0.20	201.38	 1.92	 5.82	 1.00	10.77	 1.10	326.36	280.67	287.01	260.33	287.73	0	52.07
2013	6	11	2.026	6736.0844	161.0844	10.0844	 2.20	 0.23	200.62	 2.23	 4.49	 1.00	10.75	 1.10	326.36	280.19	285.80	260.16	284.50	0	52.03
2013	6	11	2.465	6736.1027	161.1027	10.1027	 2.02	 0.17	199.98	 2.01	 6.52	 1.00	10.72	 1.07	326.33	279.75	285.49	260.09	 0.00	0	52.02
2013	6	11	3.342	6736.1393	161.1393	10.1393	 1.81	 0.12	198.36	 1.92	14.63	 0.96	10.73	 1.07	326.35	278.85	283.07	259.84	283.08	0	51.97
2013	6	11	6.030	6736.2512	161.2512	10.2512	 1.47	 0.18	185.45	 4.18	13.18	 1.00	10.77	 0.87	326.39	276.95	277.07	259.36	281.11	0	51.87
2013	6	11	6.906	6736.2878	161.2878	10.2878	 1.81	 0.10	199.55	 1.56	 6.22	 0.98	10.73	 1.12	326.34	276.62	282.92	259.16	281.99	0	51.83
2013	6	11	7.783	6736.3243	161.3243	10.3243	 1.70	 0.16	197.48	 2.95	 5.84	 1.00	10.73	 1.00	326.34	276.35	280.67	259.09	281.65	0	51.82
2013	6	11	11.394	6736.4748	161.4748	10.4748	 1.72	 0.14	200.09	 2.54	 7.10	 1.00	10.73	 1.13	326.36	275.96	281.04	258.92	281.14	0	51.78
2013	6	11	14.049	6736.5854	161.5854	10.5854	 1.70	 0.14	199.48	 2.50	 3.48	 1.00	10.77	 1.25	326.69	282.19	286.47	262.53	287.00	0	52.51
2013	6	11	14.950	6736.6229	161.6229	10.6229	 1.54	 0.14	194.74	 2.98	12.76	 0.99	10.78	 1.12	326.95	284.23	287.91	263.90	291.80	0	52.78
2013	6	11	16.701	6736.6959	161.6959	10.6959	 1.67	 0.14	209.51	 2.72	12.17	 0.99	10.73	 1.36	326.76	288.84	298.60	 0.00	293.76	0	54.00
2013	6	11	17.602	6736.7334	161.7334	10.7334	 1.90	 0.26	185.05	 3.35	 1.46	 1.00	10.83	 1.05	326.70	289.62	292.05	266.66	292.33	0	53.33
2013	6	11	18.043	6736.7518	161.7518	10.7518	 1.45	 0.22	199.71	 5.57	15.29	 1.00	10.75	 1.09	326.62	289.92	296.37	265.77	295.26	0	53.15
2013	6	11	18.479	6736.7700	161.7700	10.7700	 1.49	 0.19	196.53	 4.61	10.64	 1.00	10.73	 1.07	326.67	290.09	297.21	265.96	295.46	0	53.19
2013	6	12	1.566	6737.0652	162.0652	11.0652	 2.20	 0.21	203.62	 2.11	 5.83	 1.00	10.77	 1.05	326.34	274.83	280.14	260.30	281.99	0	52.06
2013	6	12	2.029	6737.0845	162.0845	11.0845	 2.09	 0.17	204.06	 1.89	 3.21	 1.00	10.77	 1.10	326.38	275.50	280.32	260.29	281.23	0	52.06
2013	6	12	2.469	6737.1029	162.1029	11.1029	 2.28	 0.21	200.80	 1.86	 3.38	 1.00	10.80	 1.04	326.33	275.93	280.76	260.04	283.09	0	52.01
2013	6	12	3.349	6737.1396	162.1396	11.1396	 2.34	 0.25	200.20	 2.11	 6.75	 1.00	10.87	 1.10	326.37	276.44	281.30	 0.00	282.13	0	54.00
2013	6	12	5.134	6737.2139	162.2139	11.2139	 2.56	 0.22	205.16	 1.48	 4.28	 1.00	10.72	 1.17	326.38	276.91	284.49	 0.00	282.52	0	54.00
2013	6	12	5.575	6737.2323	162.2323	11.2323	 2.40	 0.27	202.55	 2.16	 6.84	 1.00	10.78	 1.07	326.36	277.00	282.24	259.28	283.91	0	51.86
2013	6	12	6.921	6737.2884	162.2884	11.2884	 2.69	 0.31	200.39	 1.77	 2.73	 1.00	10.75	 1.12	326.39	277.17	282.74	 0.00	281.35	0	54.00
2013	6	12	7.360	6737.3067	162.3067	11.3067	 2.48	 0.29	201.47	 2.10	 2.11	 1.00	10.77	 1.07	326.39	277.24	282.99	 0.00	282.63	0	54.00
2013	6	12	8.731	6737.3638	162.3638	11.3638	 3.00	 0.37	202.02	 1.51	 7.16	 0.99	10.75	 1.08	326.51	277.80	282.94	259.93	 0.00	0	51.99
2013	6	12	9.616	6737.4007	162.4007	11.4007	 2.78	 0.39	199.49	 1.99	 6.09	 1.00	10.75	 1.07	326.45	278.00	282.35	259.25	283.30	0	51.85
2013	6	12	10.495	6737.4373	162.4373	11.4373	 2.78	 0.32	201.56	 1.66	12.00	 0.97	10.77	 1.14	326.42	278.19	283.08	259.15	282.23	0	51.83
2013	6	12	10.961	6737.4567	162.4567	11.4567	 3.02	 0.57	196.94	 2.20	 1.16	 1.00	10.83	 1.02	326.48	277.96	281.62	258.52	283.34	0	51.70
2013	6	12	11.401	6737.4750	162.4750	11.4750	 2.68	 0.21	207.63	 1.27	 1.55	 1.00	10.75	 1.17	326.43	278.06	285.35	259.09	 0.00	0	51.82
2013	6	12	11.842	6737.4934	162.4934	11.4934	 2.84	 0.32	197.03	 1.53	 4.32	 1.00	10.78	 1.08	326.48	278.54	280.63	259.81	283.55	0	51.96
2013	6	12	14.062	6737.5859	162.5859	11.5859	 2.34	 0.24	195.89	 1.98	 4.50	 1.00	10.75	 1.01	326.66	284.71	287.33	264.80	289.59	0	52.96
2013	6	12	15.401	6737.6417	162.6417	11.6417	 2.63	 0.29	198.58	 1.71	 3.09	 1.00	10.77	 1.05	326.96	289.46	293.86	268.83	294.72	0	53.77
2013	6	12	16.281	6737.6784	162.6784	11.6784	 2.53	 0.23	197.48	 1.51	 3.90	 1.00	10.73	 1.00	326.66	291.93	296.24	 0.00	297.49	0	54.00
2013	6	12	16.718	6737.6966	162.6966	11.6966	 3.07	 0.41	207.04	 1.59	 2.99	 1.00	10.72	 1.18	325.51	293.25	301.67	 0.00	298.36	0	54.00
2013	6	12	17.158	6737.7149	162.7149	11.7149	 2.73	 0.33	200.28	 1.77	 2.69	 1.00	10.78	 1.03	325.60	294.15	302.87	 0.00	299.04	0	54.00
2013	6	12	18.496	6737.7707	162.7707	11.7707	 2.64	 0.30	198.58	 1.78	 2.89	 1.00	10.75	 1.08	326.93	295.13	303.11	273.60	300.91	0	54.72
2013	6	12	22.495	6737.9373	162.9373	11.9373	 2.50	 0.34	185.50	 2.19	 0.81	 1.00	10.77	 0.81	326.70	284.39	288.29	260.89	290.37	0	52.18
2013	6	13	1.157	6738.0482	163.0482	12.0482	 2.72	 0.38	199.03	 2.08	 1.29	 1.00	10.73	 1.01	326.68	280.35	286.09	261.04	286.13	0	52.21
2013	6	13	2.506	6738.1044	163.1044	12.1044	 2.65	 0.27	203.92	 1.60	 1.83	 1.00	10.77	 1.06	326.57	279.55	284.84	260.63	285.33	0	52.13
2013	6	13	2.946	6738.1227	163.1227	12.1227	 3.38	 0.52	201.67	 1.42	 4.54	 0.99	10.75	 1.09	326.54	279.39	284.58	260.56	286.47	0	52.11
2013	6	13	5.166	6738.2153	163.2153	12.2153	 4.00	 1.17	204.61	 1.69	 4.22	 1.00	10.75	 1.07	326.56	278.82	284.69	260.71	284.45	0	52.14
2013	6	13	5.606	6738.2336	163.2336	12.2336	 4.19	 0.99	203.69	 1.18	 2.07	 1.00	10.77	 1.11	326.59	278.79	283.51	260.56	283.01	0	52.11
2013	6	13	6.045	6738.2519	163.2519	12.2519	 4.41	 1.95	205.61	 1.88	 4.65	 1.00	10.77	 1.14	326.73	278.75	284.38	260.42	285.61	0	52.08
2013	6	13	6.949	6738.2896	163.2896	12.2896	 3.46	 0.77	206.97	 1.98	 5.37	 1.00	10.78	 1.06	326.66	278.61	287.94	260.23	285.48	0	52.05
2013	6	13	7.836	6738.3265	163.3265	12.3265	 3.44	 0.49	203.60	 1.26	 2.67	 1.00	10.78	 1.13	326.57	278.66	283.92	260.64	285.48	0	52.13
2013	6	13	8.276	6738.3448	163.3448	12.3448	 4.03	 1.20	200.98	 1.66	 0.13	 1.00	10.77	 1.12	326.57	278.74	283.15	 0.00	284.19	0	54.00
2013	6	13	9.204	6738.3835	163.3835	12.3835	 5.25	 4.51	204.61	 1.84	 2.73	 1.00	10.78	 1.06	322.78	279.14	285.35	261.54	284.26	0	52.31
2013	6	13	12.308	6738.5128	163.5128	12.5128	 2.44	 0.26	211.09	 2.04	36.07	 0.87	10.87	 1.05	326.47	277.20	276.90	265.16	281.91	0	53.03
2013	6	13	14.964	6738.6235	163.6235	12.6235	 3.21	 0.55	204.12	 1.82	 4.58	 1.00	10.73	 1.14	326.76	285.35	290.50	270.54	291.07	0	54.11
2013	6	13	15.402	6738.6418	163.6418	12.6418	23.96	372483844.87	204.71	 1.13	 7.26	 0.97	10.72	 1.20	326.74	287.14	293.32	272.67	292.99	0	54.53
2013	6	13	16.742	6738.6976	163.6976	12.6976	 3.55	 1.11	196.81	 2.45	 6.21	 1.00	10.77	 1.01	326.86	289.54	297.72	265.86	295.43	0	53.17
2013	6	13	17.182	6738.7159	163.7159	12.7159	16.81	341769.36	200.25	 1.30	 1.90	 1.00	10.73	 1.12	326.76	289.29	295.20	265.70	297.11	0	53.14
2013	6	13	18.082	6738.7534	163.7534	12.7534	 4.74	 1.64	202.21	 1.11	 3.09	 0.99	10.78	 1.08	326.80	288.80	297.32	265.89	293.09	0	53.18
2013	6	13	19.406	6738.8086	163.8086	12.8086	 4.33	 1.67	200.39	 1.69	12.30	 0.98	10.80	 1.09	326.71	287.46	294.04	266.24	293.51	0	53.25
2013	6	13	19.848	6738.8270	163.8270	12.8270	15.74	118704.43	201.16	 1.31	 1.50	 1.00	10.80	 1.09	326.70	287.13	295.31	265.75	293.25	0	53.15
2013	6	13	20.316	6738.8465	163.8465	12.8465	 3.96	 1.76	205.24	 2.67	 5.48	 1.00	10.78	 1.18	326.74	286.52	295.40	264.62	292.55	0	52.92
2013	6	13	20.754	6738.8648	163.8648	12.8648	16.80	985836.25	201.63	 3.81	26.63	 1.00	10.85	 1.12	326.66	285.80	292.46	262.94	293.17	0	52.59
2013	6	13	21.196	6738.8832	163.8832	12.8832	 4.41	 1.72	205.44	 1.65	 1.56	 1.00	10.75	 1.19	326.66	285.10	292.86	262.62	290.87	0	52.52
2013	6	13	22.079	6738.9199	163.9199	12.9199	18.44	1753237.47	201.22	 1.31	 7.52	 0.98	10.78	 1.08	326.68	283.91	290.36	262.41	290.91	0	52.48
2013	6	13	22.985	6738.9577	163.9577	12.9577	 4.50	 2.09	203.72	 1.82	 1.78	 1.00	10.82	 1.06	326.69	283.03	287.88	262.36	 0.00	0	52.47
2013	6	14	1.217	6739.0507	164.0507	13.0507	 2.69	 0.29	200.89	 1.66	 1.08	 1.00	10.87	 1.03	326.61	281.61	286.94	261.41	 0.00	0	52.28
2013	6	14	2.096	6739.0873	164.0873	13.0873	 3.34	 0.63	200.97	 1.78	 0.82	 1.00	10.75	 1.12	326.62	281.19	287.20	 0.00	 0.00	0	54.00
2013	6	14	2.537	6739.1057	164.1057	13.1057	 4.01	 0.96	206.57	 1.39	 4.34	 1.00	10.78	 1.12	326.63	281.07	285.86	261.40	 0.00	0	52.28
2013	6	14	3.003	6739.1251	164.1251	13.1251	 2.64	 0.25	202.36	 1.49	 1.37	 1.00	10.90	 1.15	326.68	280.89	285.60	261.34	284.97	0	52.27
2013	6	14	3.443	6739.1435	164.1435	13.1435	 2.78	 0.38	202.69	 1.98	 6.03	 1.00	10.73	 1.01	326.63	280.73	286.29	261.13	286.05	0	52.23
2013	6	14	3.885	6739.1619	164.1619	13.1619	 4.20	 1.46	202.78	 1.71	 2.55	 1.00	10.83	 1.16	326.61	280.56	285.55	 0.00	287.18	0	54.00
2013	6	14	4.326	6739.1802	164.1802	13.1802	 4.30	 1.93	199.83	 2.02	 7.48	 1.00	10.85	 1.06	326.59	280.48	282.86	261.29	286.91	0	52.26
2013	6	14	5.233	6739.2181	164.2181	13.2181	 2.18	 0.41	190.32	 3.92	10.36	 1.00	10.93	 0.97	326.55	280.19	281.20	260.73	284.25	0	52.15
2013	6	14	5.675	6739.2365	164.2365	13.2365	 2.00	 0.17	200.91	 2.13	 3.60	 1.00	10.70	 1.14	326.57	280.00	284.48	260.56	284.01	0	52.11
2013	6	14	6.554	6739.2731	164.2731	13.2731	 2.89	 0.42	207.29	 1.97	 0.38	 1.00	10.73	 1.19	326.61	279.76	288.17	260.49	284.89	0	52.10
2013	6	14	7.458	6739.3108	164.3108	13.3108	 2.09	 0.21	199.44	 2.28	17.98	 0.98	10.80	 1.10	326.66	279.46	283.87	260.33	284.58	0	52.07
2013	6	14	8.342	6739.3476	164.3476	13.3476	 3.29	 0.41	205.94	 1.26	 6.41	 0.98	10.75	 1.20	326.56	279.18	285.87	259.54	283.02	0	51.91
2013	6	14	8.786	6739.3661	164.3661	13.3661	 2.45	 0.25	202.08	 1.84	 1.18	 1.00	10.78	 1.14	326.61	279.08	284.90	259.89	282.91	0	51.98
2013	6	14	9.719	6739.4050	164.4050	13.4050	 2.38	 0.25	200.60	 2.01	 6.16	 1.00	10.83	 1.11	321.63	278.76	282.54	259.70	284.18	0	51.94
2013	6	14	13.259	6739.5525	164.5525	13.5525	 2.29	 0.31	192.47	 2.63	 3.22	 1.00	10.75	 1.08	326.59	277.11	279.77	261.71	 0.00	0	52.34
2013	6	14	13.701	6739.5709	164.5709	13.5709	 2.88	 0.41	200.97	 1.91	 6.79	 1.00	10.75	 1.13	326.66	278.47	283.72	263.27	283.46	0	52.65
2013	6	14	14.165	6739.5902	164.5902	13.5902	 2.97	 0.48	198.44	 1.98	 1.48	 1.00	10.77	 1.12	326.75	279.98	283.72	264.87	285.16	0	52.97
2013	6	14	17.264	6739.7193	164.7193	13.7193	14.45	68726.58	204.62	 2.81	14.80	 1.00	10.73	 1.20	326.83	285.72	295.08	266.02	291.32	0	53.20
2013	6	14	17.702	6739.7376	164.7376	13.7376	 4.18	 1.55	199.57	 1.82	 7.77	 0.99	10.80	 1.15	326.67	285.58	292.62	265.39	293.29	0	53.08
2013	6	14	18.126	6739.7552	164.7552	13.7552	 6.41	15.22	198.00	 1.88	 6.22	 1.00	10.75	 1.05	326.75	285.47	291.79	265.84	 0.00	0	53.17
2013	6	14	19.445	6739.8102	164.8102	13.8102	 2.70	 0.48	206.74	 2.76	 2.55	 1.00	10.75	 1.15	326.66	285.28	293.51	264.19	292.79	0	52.84
2013	6	14	20.795	6739.8665	164.8665	13.8665	 2.95	 0.74	201.27	 3.16	21.75	 0.99	10.75	 1.00	326.60	284.11	291.16	262.28	291.28	0	52.46
2013	6	14	22.584	6739.9410	164.9410	13.9410	 2.43	 0.34	198.47	 2.52	11.72	 1.00	10.82	 1.06	326.59	281.80	286.73	260.67	287.45	0	52.13
2013	6	15	0.346	6740.0144	165.0144	14.0144	 3.29	 0.70	199.44	 2.07	 4.40	 1.00	10.73	 1.13	326.48	280.17	285.95	 0.00	285.65	0	54.00
2013	6	15	0.812	6740.0338	165.0338	14.0338	 3.33	 1.07	202.57	 3.05	21.77	 0.99	10.77	 1.07	326.53	279.84	286.04	259.50	284.02	0	51.90
2013	6	15	1.253	6740.0522	165.0522	14.0522	 2.25	 0.25	203.95	 2.31	21.99	 0.97	10.73	 1.10	326.49	279.48	285.04	259.32	286.45	0	51.86
2013	6	15	1.694	6740.0706	165.0706	14.0706	 3.29	 1.18	194.77	 3.38	 7.57	 1.00	10.95	 1.06	326.48	279.15	283.11	 0.00	284.58	0	54.00
2013	6	15	2.138	6740.0891	165.0891	14.0891	 3.48	 0.98	201.95	 2.41	19.93	 0.99	10.87	 1.16	326.46	278.88	284.45	259.00	283.01	0	51.80
2013	6	15	3.045	6740.1269	165.1269	14.1269	 2.42	 0.46	200.02	 3.52	 3.04	 1.00	10.77	 1.13	326.52	278.28	284.94	 0.00	284.96	0	54.00
2013	6	15	6.614	6740.2756	165.2756	14.2756	 1.03	 0.15	186.60	 7.38	30.60	 1.00	10.75	 1.00	326.35	275.15	280.52	255.66	279.55	0	51.13
2013	6	15	9.752	6740.4063	165.4063	14.4063	 2.46	 0.49	196.48	 3.51	 5.81	 1.00	10.80	 0.95	326.33	274.90	277.92	257.38	279.69	0	51.48
2013	6	15	11.992	6740.4997	165.4997	14.4997	 2.14	 0.41	199.40	 4.27	16.14	 1.00	10.93	 1.01	326.43	276.04	282.39	257.36	282.00	0	51.47
2013	6	15	12.876	6740.5365	165.5365	14.5365	 1.80	 0.32	185.29	 4.73	29.14	 1.00	10.75	 0.99	326.44	277.02	280.65	258.33	281.49	0	51.67
2013	6	15	13.315	6740.5548	165.5548	14.5548	 1.99	 0.24	191.08	 2.89	14.30	 0.99	10.77	 1.21	326.50	277.79	281.82	259.22	282.61	0	51.84
2013	6	15	15.097	6740.6291	165.6291	14.6291	 1.31	 0.18	184.63	 5.18	 3.62	 1.00	10.73	 1.04	326.62	281.74	287.94	261.96	286.69	0	52.39
2013	6	15	15.975	6740.6656	165.6656	14.6656	 1.19	 0.25	165.08	 7.94	24.54	 1.00	10.77	 0.97	326.67	283.44	286.33	262.23	288.40	0	52.45
2013	6	15	21.327	6740.8886	165.8886	14.8886	 0.79	 0.10	175.77	 7.08	14.91	 1.00	10.80	 1.00	322.33	276.44	282.22	257.81	280.95	0	51.56
2013	6	15	23.994	6740.9998	165.9998	14.9998	 0.61	 0.04	188.50	 5.26	 9.85	 0.98	10.80	 1.02	326.41	274.89	279.75	257.62	281.68	0	51.52
2013	6	16	0.878	6741.0366	166.0366	15.0366	 0.89	 0.03	173.67	 2.04	 1.98	 1.00	10.73	 1.06	326.38	274.99	278.78	258.19	280.44	0	51.64
2013	6	16	1.788	6741.0745	166.0745	15.0745	 0.81	 0.05	180.06	 3.30	 6.60	 0.99	10.85	 1.04	326.43	274.85	280.61	258.03	280.33	0	51.61
2013	6	16	2.229	6741.0929	166.0929	15.0929	 0.67	 0.06	187.25	 6.45	 3.40	 1.00	10.78	 0.99	326.43	274.88	279.42	258.04	280.22	0	51.61
2013	6	16	2.669	6741.1112	166.1112	15.1112	 0.73	 0.04	180.50	 3.94	 0.50	 1.00	10.73	 0.99	326.41	274.84	280.01	257.67	278.94	0	51.53
2013	6	16	4.019	6741.1675	166.1675	15.1675	 0.71	 0.05	184.29	 5.05	10.06	 0.99	10.80	 1.00	326.38	274.78	281.79	258.32	280.19	0	51.66
2013	6	16	4.457	6741.1857	166.1857	15.1857	 0.79	 0.05	182.45	 4.28	 6.37	 1.00	10.75	 1.02	326.38	274.71	280.58	257.45	281.44	0	51.49
2013	6	16	5.342	6741.2226	166.2226	15.2226	 0.76	 0.06	178.69	 4.73	 2.82	 1.00	10.77	 1.00	326.39	274.84	280.74	259.51	 0.00	0	51.90
2013	6	16	6.689	6741.2787	166.2787	15.2787	 0.67	 0.06	185.49	 6.60	 5.63	 1.00	10.82	 1.00	326.36	275.15	279.22	258.85	281.96	0	51.77
2013	6	16	8.039	6741.3350	166.3350	15.3350	 0.61	 0.05	185.56	 6.22	 3.98	 1.00	10.92	 0.99	326.36	275.21	280.23	257.87	279.45	0	51.57
2013	6	16	8.921	6741.3717	166.3717	15.3717	 0.75	 0.04	172.47	 3.49	 5.50	 0.99	10.80	 1.08	326.40	275.21	281.17	258.44	279.42	0	51.69
2013	6	16	9.363	6741.3901	166.3901	15.3901	 0.58	 0.07	177.31	 9.11	 7.71	 1.00	10.82	 0.99	326.40	275.21	280.14	257.90	280.66	0	51.58
2013	6	16	11.153	6741.4647	166.4647	15.4647	 0.66	 0.04	180.41	 4.08	 6.98	 0.98	10.82	 1.02	326.41	275.10	280.82	258.72	281.61	0	51.74
2013	6	16	12.499	6741.5208	166.5208	15.5208	 0.58	 0.05	172.36	 6.54	 6.84	 1.00	10.75	 0.99	322.82	278.15	279.64	261.97	282.38	0	52.39
2013	6	16	16.468	6741.6862	166.6862	15.6862	 0.61	 0.05	178.29	 5.61	19.50	 0.93	10.73	 1.11	326.85	287.22	291.65	270.97	292.48	0	54.19
2013	6	16	17.371	6741.7238	166.7238	15.7238	 0.65	 0.06	174.99	 6.66	21.01	 0.97	10.73	 1.07	326.89	289.87	295.05	269.85	295.06	0	53.97
2013	6	16	17.811	6741.7421	166.7421	15.7421	 0.53	 0.06	177.96	 8.89	13.34	 0.99	10.73	 1.00	326.83	290.57	297.07	269.80	297.64	0	53.96
2013	6	16	20.056	6741.8357	166.8357	15.8357	 0.71	 0.05	173.54	 4.23	 3.26	 1.00	10.75	 1.08	326.78	289.37	294.39	264.00	292.49	0	52.80
2013	6	16	20.934	6741.8722	166.8722	15.8722	 0.58	 0.07	174.71	 8.36	 3.49	 1.00	10.73	 1.03	326.62	286.36	289.04	262.26	292.75	0	52.45
2013	6	16	23.153	6741.9647	166.9647	15.9647	 0.80	 0.06	176.79	 4.25	 2.69	 1.00	10.73	 1.16	326.48	280.53	288.30	260.11	287.70	0	52.02
2013	6	17	4.941	6742.2059	167.2059	16.2059	 0.57	 0.06	181.05	 7.68	 5.37	 1.00	10.73	 0.80	324.46	270.12	276.53	259.82	275.28	0	51.96
2013	6	17	5.818	6742.2424	167.2424	16.2424	 0.70	 0.07	168.64	 5.91	 3.87	 1.00	10.88	 0.93	324.71	272.20	276.03	259.65	276.83	0	51.93
2013	6	17	6.726	6742.2802	167.2802	16.2802	 0.70	 0.05	175.56	 4.95	 4.64	 1.00	10.75	 1.05	324.65	273.52	280.19	259.54	280.91	0	51.91
2013	6	17	7.608	6742.3170	167.3170	16.3170	 0.52	 0.04	177.24	 6.94	 9.36	 0.98	10.75	 0.95	324.68	274.37	278.61	259.64	280.27	0	51.93
2013	6	17	11.614	6742.4839	167.4839	16.4839	 0.80	 0.04	172.75	 2.98	 7.73	 0.97	10.75	 0.94	324.90	271.60	280.35	259.70	276.13	0	51.94
2013	6	17	13.392	6742.5580	167.5580	16.5580	 0.66	 0.07	173.35	 7.15	 4.63	 1.00	10.75	 1.13	325.31	278.19	284.37	261.43	285.52	0	52.29
2013	6	17	13.831	6742.5763	167.5763	16.5763	 0.62	 0.04	172.47	 4.57	 2.15	 1.00	10.72	 1.11	325.41	279.85	283.77	261.96	282.64	0	52.39
2013	6	17	14.706	6742.6128	167.6128	16.6128	 0.48	 0.05	175.31	 9.56	28.51	 0.92	10.80	 1.03	325.64	282.21	283.91	263.35	287.76	0	52.67
2013	6	17	16.923	6742.7051	167.7051	16.7051	 0.59	 0.06	172.90	 7.87	11.11	 0.99	10.73	 1.04	326.15	289.14	293.76	269.98	294.37	0	54.00
2013	6	17	17.388	6742.7245	167.7245	16.7245	 0.70	 0.07	177.31	 6.24	10.59	 1.00	10.75	 1.11	326.16	290.03	295.74	269.43	295.22	0	53.89
2013	6	17	17.827	6742.7428	167.7428	16.7428	 0.66	 0.08	169.19	 7.63	 8.57	 1.00	10.72	 1.04	325.95	290.64	297.30	270.87	295.89	0	54.17
2013	6	17	18.266	6742.7611	167.7611	16.7611	 0.60	 0.03	184.37	 3.90	10.47	 0.91	10.80	 1.07	326.04	291.00	300.55	270.54	298.76	0	54.11
2013	6	17	18.706	6742.7794	167.7794	16.7794	 0.59	 0.07	182.60	 8.57	 8.65	 1.00	10.78	 1.04	326.04	291.06	299.28	269.17	 0.00	0	53.83
2013	6	17	20.072	6742.8363	167.8363	16.8363	 0.66	 0.10	174.25	 9.80	18.03	 1.00	10.73	 1.01	325.79	289.13	297.56	261.68	295.04	0	52.34
2013	6	17	23.169	6742.9654	167.9654	16.9654	 0.78	 0.05	188.72	 4.06	 4.39	 1.00	10.75	 1.08	325.58	279.31	285.72	257.94	285.17	0	51.59
2013	6	17	23.608	6742.9837	167.9837	16.9837	 0.92	 0.05	183.93	 2.66	 4.86	 0.99	10.73	 1.18	325.57	278.51	287.12	257.50	284.36	0	51.50
2013	6	18	0.077	6743.0032	168.0032	17.0032	 0.81	 0.05	182.28	 3.63	10.51	 0.98	10.75	 1.09	325.70	277.78	286.54	257.71	283.62	0	51.54
2013	6	18	2.295	6743.0956	168.0956	17.0956	 0.72	 0.08	174.54	 6.74	 3.65	 1.00	10.78	 1.00	325.74	275.89	279.67	257.86	280.32	0	51.57
2013	6	18	3.172	6743.1322	168.1322	17.1322	 0.83	 0.05	183.84	 3.55	10.87	 0.98	10.75	 1.11	325.64	275.54	283.34	257.57	280.03	0	51.51
2013	6	18	4.951	6743.2063	168.2063	17.2063	 0.88	 0.06	185.53	 3.88	 4.84	 1.00	10.75	 1.01	325.59	275.00	280.78	257.03	280.65	0	51.41
2013	6	18	7.178	6743.2991	168.2991	17.2991	 0.68	 0.08	176.13	 7.35	 3.28	 1.00	10.78	 0.99	325.65	274.43	278.65	257.25	281.18	0	51.45
2013	6	18	7.619	6743.3175	168.3175	17.3175	 0.60	 0.06	180.24	 7.27	 6.92	 1.00	10.75	 1.00	325.59	274.33	280.11	257.09	279.82	0	51.42
2013	6	18	8.968	6743.3737	168.3737	17.3737	 0.74	 0.05	179.34	 4.54	 6.13	 1.00	10.80	 0.99	325.60	273.89	281.13	256.55	280.51	0	51.31
2013	6	18	10.285	6743.4286	168.4286	17.4286	 0.71	 0.07	190.06	 6.81	11.02	 1.00	10.78	 0.96	325.58	273.52	280.18	255.90	278.85	0	51.18
2013	6	18	11.628	6743.4845	168.4845	17.4845	 0.71	 0.08	177.39	 7.45	 8.37	 1.00	10.78	 0.86	325.45	273.74	274.75	256.19	280.05	0	51.24
2013	6	18	12.068	6743.5028	168.5028	17.5028	 0.86	 0.09	182.24	 5.70	 3.30	 1.00	10.73	 1.06	325.46	274.53	279.52	256.64	279.33	0	51.33
2013	6	18	12.943	6743.5393	168.5393	17.5393	 0.76	 0.06	181.42	 4.78	 3.34	 1.00	10.73	 1.06	325.60	276.64	280.48	257.28	281.05	0	51.46
2013	6	18	15.157	6743.6316	168.6316	17.6316	 0.98	 0.06	189.03	 3.11	11.18	 0.98	10.78	 1.17	326.02	282.39	287.58	260.96	287.20	0	52.19
2013	6	18	15.621	6743.6509	168.6509	17.6509	 1.17	 0.07	189.58	 2.65	 2.90	 1.00	10.77	 1.13	326.07	283.73	291.66	264.77	288.33	0	52.95
2013	6	18	16.061	6743.6692	168.6692	17.6692	 0.98	 0.07	189.99	 4.05	 2.90	 1.00	10.77	 1.06	326.06	284.71	289.39	266.46	292.36	0	53.29
2013	6	18	18.284	6743.7618	168.7618	17.7618	 1.49	 0.14	190.65	 3.25	 5.30	 1.00	10.75	 1.02	326.18	289.04	293.82	266.97	291.66	0	53.39
2013	6	18	18.723	6743.7801	168.7801	17.7801	 1.92	 0.21	194.65	 2.76	10.56	 1.00	10.73	 1.04	326.06	289.17	296.71	266.33	294.35	0	53.27
2013	6	19	2.280	6744.0950	169.0950	18.0950	 1.02	 0.06	190.98	 3.24	 7.49	 0.99	10.73	 0.86	326.05	271.28	276.08	256.13	276.99	0	51.23
2013	6	19	3.624	6744.1510	169.1510	18.1510	 0.97	 0.09	191.83	 4.70	 4.76	 1.00	10.75	 0.88	326.03	272.33	277.85	256.21	276.61	0	51.24
2013	6	19	5.418	6744.2257	169.2257	18.2257	 1.44	 0.11	192.46	 2.83	11.70	 0.99	10.85	 0.88	326.11	273.01	277.18	256.31	278.53	0	51.26
2013	6	19	7.647	6744.3186	169.3186	18.3186	 1.18	 0.10	188.22	 3.84	 6.96	 1.00	10.77	 0.88	326.13	273.31	276.22	256.16	277.49	0	51.23
2013	6	19	8.091	6744.3371	169.3371	18.3371	 1.31	 0.12	195.81	 3.73	 7.96	 1.00	10.85	 1.00	326.12	273.32	278.45	256.18	278.66	0	51.24
2013	6	19	10.756	6744.4481	169.4481	18.4481	 3.91	 2.13	197.96	 3.27	10.10	 1.00	10.73	 0.90	326.05	273.59	275.50	257.97	278.59	0	51.59
2013	6	19	11.198	6744.4666	169.4666	18.4666	 3.59	 1.49	200.12	 3.21	 7.22	 1.00	10.75	 0.87	326.04	274.11	277.94	258.04	278.92	0	51.61
2013	6	19	11.665	6744.4860	169.4860	18.4860	 2.54	 0.73	189.36	 4.62	29.43	 1.00	10.77	 0.80	326.14	274.73	274.44	258.64	279.77	0	51.73
2013	6	19	12.104	6744.5044	169.5044	18.5044	26.66	21094876820.11	199.28	 4.21	54.25	 0.99	10.73	 0.95	326.11	275.30	280.16	258.74	281.72	0	51.75
2013	6	19	18.066	6744.7528	169.7528	18.7528	 3.44	 1.37	195.42	 3.39	38.66	 0.99	10.85	 1.06	326.15	280.37	283.05	 0.00	284.09	0	54.00
2013	6	19	18.949	6744.7896	169.7896	18.7896	 4.69	 6.07	207.52	 4.43	26.87	 1.00	10.88	 1.16	326.16	280.46	289.36	 0.00	285.55	0	54.00
2013	6	19	21.728	6744.9053	169.9053	18.9053	 3.05	 1.19	198.70	 4.49	18.98	 1.00	10.93	 1.10	325.01	278.92	284.61	259.39	 0.00	0	51.88
2013	6	20	0.445	6745.0185	170.0185	19.0185	 3.39	 1.61	188.51	 4.02	17.40	 1.00	10.77	 0.94	326.09	277.77	276.69	258.47	281.67	0	51.69
2013	6	20	0.888	6745.0370	170.0370	19.0370	17.61	1480827.08	203.18	 2.57	10.33	 1.00	10.92	 1.17	326.12	277.64	284.86	258.50	 0.00	0	51.70
2013	6	20	1.775	6745.0740	170.0740	19.0740	31.19	1723676226755.18	191.87	 3.56	29.09	 1.00	10.87	 0.95	326.09	277.49	285.38	 0.00	281.36	0	54.00
2013	6	20	2.686	6745.1119	170.1119	19.1119	 2.33	 0.44	194.80	 3.64	28.60	 0.99	10.82	 0.95	326.08	277.36	281.87	 0.00	 0.00	0	54.00
