2012	4	22	19.824	6321.8262	112.8260	21.8260	 1.44	 0.11	199.60	 2.88	 5.34	 1.00	10.77	 1.15	324.92	285.70	288.95	275.07	290.51	0	55.01
2012	4	22	20.266	6321.8442	112.8444	21.8444	 1.36	 0.08	201.89	 2.47	 6.84	 1.00	10.87	 1.13	324.30	286.04	289.44	 0.00	289.67	0	54.00
2012	4	22	22.054	6321.9189	112.9189	21.9189	 1.32	 0.08	200.21	 2.36	 7.21	 0.99	10.88	 1.18	324.23	283.15	288.47	264.19	288.35	0	52.84
2012	4	22	22.934	6321.9556	112.9556	21.9556	 1.34	 0.06	199.88	 1.86	 4.38	 0.99	10.75	 1.18	324.16	281.68	286.64	263.08	288.06	0	52.62
2012	4	22	23.373	6321.9741	112.9739	21.9739	 1.42	 0.09	198.51	 2.34	10.97	 0.98	10.83	 1.19	324.19	281.05	284.73	262.55	286.63	0	52.51
2012	4	23	0.719	6322.0298	113.0300	22.0300	18.44	8750083.17	199.40	 6.47	55.56	 1.00	10.78	 1.21	324.15	279.71	284.64	261.83	286.22	0	52.37
2012	4	23	1.603	6322.0669	113.0668	22.0668	 1.32	 0.06	200.94	 2.02	 4.70	 0.99	10.75	 1.18	324.07	279.13	285.66	262.55	284.62	0	52.51
2012	4	23	2.947	6322.1226	113.1228	22.1228	 1.40	 0.06	206.99	 1.79	 2.49	 1.00	10.85	 1.26	324.10	278.70	286.26	262.63	284.19	0	52.53
2012	4	23	3.824	6322.1592	113.1593	22.1593	 1.54	 0.10	201.17	 2.36	 3.37	 1.00	10.77	 1.23	324.05	278.57	283.68	263.32	 0.00	0	52.66
2012	4	23	5.168	6322.2153	113.2153	22.2153	 1.47	 0.08	202.12	 2.01	 8.20	 0.98	10.73	 1.23	323.91	278.48	281.88	264.01	283.95	0	52.80
2012	4	23	6.491	6322.2705	113.2704	22.2704	 1.51	 0.09	201.93	 2.04	 1.98	 1.00	10.73	 1.21	324.02	278.44	286.15	 0.00	 0.00	0	54.00
2012	4	23	8.716	6322.3633	113.3632	22.3632	 1.27	 0.08	199.61	 2.75	 3.59	 1.00	10.85	 1.19	324.01	278.20	283.26	262.44	282.64	0	52.49
2012	4	23	9.621	6322.4009	113.4009	22.4009	 1.17	 0.07	202.31	 3.02	 0.91	 1.00	10.82	 1.19	324.07	277.99	282.61	261.24	283.36	0	52.25
2012	4	23	10.061	6322.4194	113.4192	22.4192	 1.28	 0.06	203.56	 2.14	 1.06	 1.00	10.73	 1.19	324.04	277.86	283.14	261.02	283.18	0	52.20
2012	4	23	10.501	6322.4375	113.4375	22.4375	 1.51	 0.07	204.26	 1.68	 1.28	 1.00	10.72	 1.25	324.03	277.74	285.56	260.90	283.09	0	52.18
2012	4	23	16.302	6322.6792	113.6792	22.6792	 2.41	 0.29	198.31	 2.20	 0.80	 1.00	10.73	 1.14	322.23	290.85	296.24	273.95	295.29	0	54.79
2012	4	23	16.744	6322.6978	113.6977	22.6977	 2.14	 0.30	188.42	 3.00	 5.96	 1.00	10.75	 0.87	320.16	291.75	294.20	275.49	294.25	0	55.10
2012	4	23	17.186	6322.7163	113.7161	22.7161	 2.34	 0.24	204.36	 2.07	 3.74	 1.00	10.80	 1.16	319.22	292.33	297.23	 0.00	294.04	0	54.00
2012	4	23	19.878	6322.8281	113.8283	22.8283	 2.67	 0.28	205.94	 1.66	 3.30	 1.00	10.77	 1.21	318.45	291.07	298.20	272.37	295.35	0	54.47
2012	4	23	20.343	6322.8477	113.8476	22.8476	 2.57	 0.25	200.59	 1.63	 4.14	 1.00	10.77	 1.16	318.51	290.10	295.46	268.59	295.77	0	53.72
2012	4	23	22.570	6322.9404	113.9404	22.9404	 3.19	 0.61	203.45	 2.05	 2.39	 1.00	10.92	 1.22	318.89	283.07	288.47	262.74	289.64	0	52.55
2012	4	24	1.246	6323.0518	114.0519	23.0519	 3.01	 0.50	201.99	 2.02	 6.71	 1.00	10.80	 1.11	319.14	279.23	283.55	262.90	 0.00	0	52.58
2012	4	24	4.811	6323.2007	114.2004	23.2004	 3.14	 0.60	205.43	 2.14	 1.26	 1.00	10.75	 1.20	319.15	278.57	283.97	262.46	285.22	0	52.49
2012	4	24	5.281	6323.2202	114.2200	23.2200	 2.92	 0.44	200.29	 1.93	 1.75	 1.00	10.92	 1.13	319.20	278.51	283.10	262.15	 0.00	0	52.43
2012	4	24	6.168	6323.2568	114.2570	23.2570	 2.89	 0.45	205.49	 2.10	 4.65	 1.00	10.75	 1.23	318.98	278.33	285.69	261.67	 0.00	0	52.33
2012	4	24	6.608	6323.2754	114.2753	23.2753	 2.77	 0.35	203.67	 1.83	 0.25	 1.00	10.73	 1.20	318.96	278.20	282.81	261.66	282.77	0	52.33
2012	4	24	7.052	6323.2939	114.2938	23.2938	 2.75	 0.33	206.91	 1.77	 2.74	 1.00	10.87	 1.22	318.97	278.11	285.10	261.56	 0.00	0	52.31
2012	4	24	7.966	6323.3320	114.3319	23.3319	 2.69	 0.33	204.63	 1.91	 2.92	 1.00	10.80	 1.16	318.93	277.57	284.12	260.80	282.25	0	52.16
2012	4	24	8.408	6323.3501	114.3503	23.3503	 2.75	 0.31	205.87	 1.67	 3.00	 1.00	10.77	 1.18	318.81	277.35	284.81	260.83	283.96	0	52.17
2012	4	24	9.289	6323.3872	114.3870	23.3870	 2.45	 0.25	202.73	 1.85	 1.09	 1.00	10.77	 1.18	318.75	276.97	281.12	260.72	283.50	0	52.14
2012	4	24	9.752	6323.4062	114.4064	23.4064	 2.52	 0.25	203.61	 1.76	 2.74	 1.00	10.83	 1.01	318.72	276.81	282.54	260.81	282.42	0	52.16
2012	4	24	10.195	6323.4248	114.4248	23.4248	 2.35	 0.24	203.08	 1.98	 6.08	 1.00	10.77	 1.11	318.75	276.73	280.58	261.06	 0.00	0	52.21
2012	4	24	10.636	6323.4434	114.4432	23.4432	 2.60	 0.28	204.47	 1.79	 7.57	 0.99	10.75	 1.09	318.59	276.71	282.99	261.36	 0.00	0	52.27
2012	4	24	11.080	6323.4614	114.4617	23.4617	 2.74	 0.24	203.85	 1.29	 3.82	 0.99	10.75	 1.19	318.68	276.94	283.30	 0.00	283.50	0	54.00
2012	4	24	11.520	6323.4800	114.4800	23.4800	 2.14	 0.51	211.16	 5.69	57.82	 0.99	10.75	 1.22	318.72	277.75	280.25	263.77	281.51	0	52.75
2012	4	24	15.077	6323.6284	114.6282	23.6282	 2.67	 0.32	201.74	 1.83	10.35	 0.99	10.83	 1.16	318.78	283.08	287.82	266.61	287.25	0	53.32
2012	4	24	15.519	6323.6465	114.6466	23.6466	 2.72	 0.29	201.55	 1.62	 5.39	 0.99	10.85	 1.23	318.68	283.87	286.76	267.75	288.10	0	53.55
2012	4	24	15.960	6323.6650	114.6650	23.6650	 2.51	 0.39	199.52	 2.66	 3.60	 1.00	10.87	 1.06	318.66	284.63	288.81	268.02	287.86	0	53.60
2012	4	24	21.363	6323.8901	114.8901	23.8901	 2.40	 0.24	206.43	 1.97	 5.14	 1.00	10.75	 1.25	318.09	283.20	289.25	263.29	288.35	0	52.66
2012	4	24	22.682	6323.9453	114.9451	23.9451	 3.53	 0.89	205.44	 2.11	10.72	 0.99	10.73	 1.27	318.06	280.72	288.40	261.27	 0.00	0	52.25
2012	4	25	2.235	6324.0933	115.0931	24.0931	 2.20	 0.17	202.63	 1.65	 0.91	 1.00	10.92	 1.02	317.21	275.85	281.32	261.24	 0.00	0	52.25
2012	4	25	2.676	6324.1113	115.1115	24.1115	 2.76	 0.31	206.95	 1.69	 7.55	 0.99	10.77	 1.13	317.25	276.30	283.20	261.23	 0.00	0	52.25
2012	4	25	3.116	6324.1299	115.1299	24.1299	 2.57	 0.31	205.91	 2.06	 0.54	 1.00	10.78	 1.08	317.31	276.72	281.76	261.24	 0.00	0	52.25
# Unit 3, Cerro Chajnantor CCAT, Filter  0,  Slot 1, 350 um (616) & yellow
#				days
#				since		day of	day of
# yr	mo	dy	 time	1/1/1995	year	month	Tau	unc	Tatm	unc	mse	fitgood	Etime	R	Thot	Twarm	Tchop	Tamb	<Tint>	Filter	Toff
# 1	2	3	4	5		6	7	8	9	10	11	12	13	14	15	16	17	18	19	20	21	22
