2012	6	1	0.296	6361.0122	152.0123	0.0123	 1.19	 0.34	234.89	15.39	993.59	 0.87	10.75	 1.12	320.74	282.75	290.88	 0.00	288.48	0	54.00
2012	6	1	3.422	6361.1426	152.1426	0.1426	 1.51	 0.07	206.90	 1.76	 4.39	 0.99	10.90	 1.16	318.22	280.15	286.75	262.53	 0.00	0	52.51
2012	6	1	4.305	6361.1792	152.1794	0.1794	 1.50	 0.10	205.68	 2.46	11.40	 0.99	10.83	 1.16	318.06	279.72	285.27	263.24	287.70	0	52.65
# Unit 3, Cerro Chajnantor CCAT, Filter  0,  Slot 1, 350 um (616) & yellow
#				days
#				since		day of	day of
# yr	mo	dy	 time	1/1/1995	year	month	Tau	unc	Tatm	unc	mse	fitgood	Etime	R	Thot	Twarm	Tchop	Tamb	<Tint>	Filter	Toff
# 1	2	3	4	5		6	7	8	9	10	11	12	13	14	15	16	17	18	19	20	21	22
2012	6	1	5.242	6361.2183	152.2184	0.2184	24.11	2752633757.03	271.40	 9.56	4271.42	 0.17	10.83	 1.26	318.22	279.31	285.38	263.41	285.87	0	52.68
2012	6	1	5.689	6361.2368	152.2371	0.2371	 1.62	 0.08	207.90	 1.71	 6.61	 0.99	11.00	 1.26	317.94	279.11	286.19	263.53	284.23	0	52.71
2012	6	1	6.584	6361.2744	152.2743	0.2743	 1.53	 0.08	204.26	 1.85	 8.64	 0.98	10.90	 1.22	317.65	278.87	284.53	 0.00	283.94	0	54.00
2012	6	1	7.054	6361.2939	152.2939	0.2939	 1.50	 0.07	206.61	 1.80	 1.20	 1.00	10.80	 1.21	318.01	278.93	284.65	264.77	 0.00	0	52.95
2012	6	1	7.497	6361.3125	152.3124	0.3124	 1.51	 0.10	208.87	 2.39	 5.66	 1.00	10.73	 1.27	317.95	279.04	286.62	264.70	287.16	0	52.94
2012	6	1	7.940	6361.3311	152.3308	0.3308	 1.47	 0.09	204.67	 2.19	 0.47	 1.00	10.83	 1.24	318.11	279.18	284.70	264.76	 0.00	0	52.95
2012	6	1	8.382	6361.3491	152.3492	0.3492	 1.37	 0.09	201.18	 2.50	 2.15	 1.00	10.75	 1.13	318.10	279.32	282.09	264.82	287.44	0	52.96
2012	6	1	8.826	6361.3677	152.3678	0.3678	 1.49	 0.07	203.73	 1.66	 5.46	 0.99	10.75	 1.19	318.07	279.41	286.78	264.78	 0.00	0	52.96
2012	6	1	9.292	6361.3872	152.3872	0.3872	 1.38	 0.07	203.01	 2.10	 3.36	 1.00	10.78	 1.19	318.15	279.51	285.64	 0.00	284.75	0	54.00
2012	6	1	10.176	6361.4238	152.4240	0.4240	 1.42	 0.06	204.38	 1.64	 8.03	 0.96	10.85	 1.23	317.95	279.50	285.17	265.02	286.33	0	53.00
2012	6	1	12.854	6361.5356	152.5356	0.5356	508.64	 1.00	210.95	 0.00	428.37	 0.00	10.72	 1.25	318.56	283.70	291.83	265.87	288.05	0	53.17
2012	6	1	18.618	6361.7759	152.7758	0.7758	 1.53	 0.06	204.46	 1.48	15.30	 0.83	10.72	 1.11	316.52	293.93	304.05	280.88	298.67	0	56.18
2012	6	1	19.056	6361.7939	152.7940	0.7940	 1.54	 0.07	200.79	 1.68	 1.51	 1.00	10.85	 1.03	316.42	293.88	303.91	277.73	299.40	0	55.55
2012	6	1	19.495	6361.8125	152.8123	0.8123	 1.69	 0.10	206.08	 1.97	 2.32	 1.00	10.75	 1.17	316.35	293.59	302.51	274.77	299.53	0	54.95
2012	6	1	21.278	6361.8867	152.8866	0.8866	 1.58	 0.15	210.17	 3.39	 8.77	 1.00	10.75	 1.25	316.28	288.48	299.42	265.37	295.90	0	53.07
2012	6	1	22.624	6361.9429	152.9427	0.9427	 1.68	 0.34	204.54	 6.54	130.99	 0.97	10.85	 1.23	317.97	284.78	294.51	265.71	291.84	0	53.14
2012	6	1	23.945	6361.9976	152.9977	0.9977	 1.17	 0.40	227.87	18.20	362.98	 0.99	10.82	 1.28	318.07	282.74	291.77	 0.00	 0.00	0	54.00
2012	6	2	0.388	6362.0161	153.0162	1.0162	 1.57	 0.09	199.36	 2.04	 2.79	 1.00	10.87	 1.19	318.30	282.37	288.96	265.07	291.00	0	53.01
2012	6	2	0.856	6362.0356	153.0357	1.0357	 1.40	 0.08	205.05	 2.34	 5.54	 1.00	10.88	 1.16	318.31	281.98	289.49	265.07	290.76	0	53.01
2012	6	2	1.743	6362.0728	153.0726	1.0726	 2.27	 1.32	222.26	13.28	1361.98	 0.88	10.75	 1.22	318.23	281.42	289.88	265.10	287.01	0	53.02
2012	6	2	3.093	6362.1289	153.1289	1.1289	 1.47	 0.08	204.16	 1.98	 2.68	 1.00	10.78	 1.15	319.05	280.80	289.56	265.08	287.90	0	53.02
2012	6	2	5.804	6362.2417	153.2418	1.2418	 1.46	 0.08	203.81	 1.99	 3.29	 1.00	10.77	 1.17	318.78	279.89	287.56	265.00	288.41	0	53.00
2012	6	2	6.244	6362.2603	153.2601	1.2602	 1.32	 0.06	198.89	 1.90	 6.19	 0.99	10.88	 1.11	318.99	279.89	286.37	 0.00	288.19	0	54.00
2012	6	2	6.688	6362.2788	153.2787	1.2787	 1.35	 0.06	204.23	 1.85	 2.43	 1.00	10.78	 1.18	319.03	279.88	288.24	264.98	 0.00	0	53.00
2012	6	2	7.129	6362.2969	153.2971	1.2971	 1.35	 0.06	202.30	 1.76	 7.74	 0.97	10.73	 1.24	319.04	279.82	287.61	 0.00	 0.00	0	54.00
2012	6	2	7.600	6362.3169	153.3167	1.3167	 1.19	 0.06	200.90	 2.34	 2.46	 1.00	10.82	 1.13	319.20	279.73	287.32	265.05	287.93	0	53.01
2012	6	2	8.491	6362.3540	153.3538	1.3538	 1.03	 0.05	198.40	 2.49	 2.81	 1.00	10.78	 1.17	318.90	279.50	286.07	 0.00	286.33	0	54.00
2012	6	2	8.933	6362.3721	153.3722	1.3722	 1.00	 0.04	195.88	 2.40	 1.77	 1.00	10.80	 1.23	318.88	279.21	288.77	264.96	287.44	0	52.99
2012	6	2	9.376	6362.3906	153.3907	1.3907	 0.88	 0.05	195.10	 3.09	 0.61	 1.00	10.85	 1.23	318.93	279.08	285.85	265.00	284.83	0	53.00
2012	6	2	9.844	6362.4102	153.4102	1.4102	 0.80	 0.05	190.60	 4.31	 2.86	 1.00	10.83	 1.14	318.82	278.99	285.11	264.89	284.75	0	52.98
2012	6	2	10.285	6362.4287	153.4285	1.4285	 0.80	 0.04	190.83	 2.95	 3.08	 1.00	10.73	 1.15	318.78	278.96	286.00	264.97	287.29	0	52.99
2012	6	2	10.730	6362.4473	153.4471	1.4471	 0.89	 0.03	195.03	 2.22	 3.00	 0.99	10.95	 1.27	318.69	278.91	286.81	265.02	 0.00	0	53.00
2012	6	2	11.178	6362.4658	153.4658	1.4658	 0.83	 0.04	190.64	 3.27	 6.36	 0.99	10.92	 1.25	318.83	278.92	285.35	 0.00	 0.00	0	54.00
2012	6	2	11.627	6362.4844	153.4845	1.4844	 0.71	 0.04	194.03	 4.21	 1.71	 1.00	10.82	 1.20	318.89	279.57	286.11	 0.00	287.25	0	54.00
2012	6	2	12.093	6362.5039	153.5039	1.5039	24.46	3040879234.91	184.70	 5.04	102.72	 0.98	10.77	 1.07	318.98	280.54	285.48	265.43	289.00	0	53.09
2012	6	2	12.533	6362.5220	153.5222	1.5222	 0.59	 0.04	195.76	 5.48	 8.82	 0.98	10.75	 1.10	318.97	281.74	286.35	265.68	288.31	0	53.14
2012	6	2	12.973	6362.5405	153.5406	1.5406	 0.80	 0.05	189.35	 4.16	 1.68	 1.00	10.73	 1.21	319.01	283.05	290.36	265.84	289.55	0	53.17
2012	6	2	13.849	6362.5771	153.5771	1.5771	 0.88	 0.06	189.98	 3.89	 8.52	 0.99	10.73	 1.29	318.48	285.70	293.20	266.39	292.29	0	53.28
2012	6	2	14.314	6362.5962	153.5964	1.5964	 0.85	 0.05	191.63	 3.63	 1.92	 1.00	10.80	 1.17	318.43	286.63	295.24	267.55	293.65	0	53.51
2012	6	2	19.181	6362.7993	153.7992	1.7992	 0.68	 0.05	185.76	 5.24	10.17	 0.99	10.73	 1.03	317.13	293.52	302.75	276.51	298.50	0	55.30
2012	6	2	20.960	6362.8735	153.8733	1.8733	 0.74	 0.04	192.11	 4.10	16.18	 0.94	10.77	 1.16	316.92	288.88	300.10	265.90	297.83	0	53.18
2012	6	2	22.283	6362.9282	153.9285	1.9284	 0.61	 0.03	188.12	 4.48	 6.88	 0.98	10.80	 1.15	318.49	284.88	295.43	265.73	291.18	0	53.15
2012	6	3	1.876	6363.0781	154.0782	2.0782	 0.64	 0.04	181.67	 4.42	 7.93	 0.98	10.85	 1.13	318.85	280.80	287.38	 0.00	 0.00	0	54.00
2012	6	3	2.763	6363.1152	154.1151	2.1151	 0.64	 0.04	185.52	 4.85	 3.74	 1.00	10.93	 1.14	318.75	280.27	288.22	265.04	289.01	0	53.01
2012	6	3	4.115	6363.1714	154.1714	2.1714	 0.67	 0.03	188.67	 3.57	 1.47	 1.00	10.90	 1.24	318.90	279.64	289.36	265.02	288.29	0	53.00
2012	6	3	5.000	6363.2085	154.2083	2.2083	 0.71	 0.05	179.12	 4.48	 7.35	 0.99	10.75	 1.28	319.09	279.36	286.14	264.98	286.42	0	53.00
2012	6	3	5.931	6363.2471	154.2471	2.2471	 0.46	 0.05	181.83	 9.64	12.24	 0.98	10.82	 1.08	319.05	279.21	285.61	265.00	284.76	0	53.00
2012	6	3	6.375	6363.2656	154.2656	2.2656	 0.53	 0.06	172.46	 9.15	 5.82	 1.00	10.77	 1.15	319.01	279.12	285.62	 0.00	286.24	0	54.00
2012	6	3	7.263	6363.3027	154.3026	2.3026	 0.67	 0.03	172.65	 3.32	 3.01	 0.99	10.80	 1.25	318.96	278.92	290.77	 0.00	 0.00	0	54.00
2012	6	3	8.179	6363.3408	154.3408	2.3408	 0.48	 0.04	178.38	 7.97	 5.04	 1.00	10.78	 1.11	318.99	278.82	285.78	264.94	285.75	0	52.99
2012	6	3	10.418	6363.4341	154.4341	2.4341	 0.58	 0.04	182.41	 5.08	 9.27	 0.97	10.78	 1.25	319.36	278.24	286.82	 0.00	286.45	0	54.00
2012	6	3	14.874	6363.6196	154.6197	2.6197	 0.52	 0.05	180.13	 7.62	 4.66	 1.00	10.77	 1.13	318.54	286.71	296.04	265.58	 0.00	0	53.12
2012	6	3	15.313	6363.6382	154.6380	2.6380	 0.77	 0.06	169.09	 4.18	11.64	 0.98	10.73	 1.29	317.50	288.05	297.14	265.55	293.98	0	53.11
2012	6	3	16.187	6363.6743	154.6745	2.6745	 0.35	 0.06	192.42	20.00	46.21	 0.91	10.73	 0.99	317.62	289.48	295.13	271.89	295.13	0	54.38
2012	6	3	17.089	6363.7119	154.7120	2.7120	 0.69	 0.03	179.72	 3.16	 7.88	 0.95	10.80	 1.24	317.92	291.51	301.03	274.69	296.98	0	54.94
2012	6	3	17.527	6363.7305	154.7303	2.7303	 0.46	 0.06	195.29	13.57	16.30	 0.99	10.75	 1.10	318.21	292.19	299.57	275.88	297.56	0	55.18
2012	6	3	17.968	6363.7485	154.7487	2.7487	 0.61	 0.39	194.51	50.69	676.13	 0.99	10.75	 1.18	318.04	292.65	301.77	275.98	298.31	0	55.20
2012	6	3	18.406	6363.7671	154.7669	2.7669	 0.57	 0.05	183.66	 6.41	 4.27	 1.00	10.73	 1.14	318.19	292.83	301.72	275.50	298.57	0	55.10
2012	6	3	19.309	6363.8047	154.8046	2.8046	 0.49	 0.04	177.69	 6.32	12.23	 0.94	10.78	 1.03	317.95	292.34	301.43	272.67	298.37	0	54.53
2012	6	3	20.189	6363.8413	154.8412	2.8412	 0.39	 0.06	186.16	15.17	14.54	 0.99	10.77	 0.99	317.95	290.55	298.08	 0.00	297.08	0	54.00
2012	6	3	20.627	6363.8594	154.8595	2.8595	 0.45	 0.05	176.70	10.67	24.28	 0.94	10.73	 1.03	318.14	288.94	297.93	265.61	295.93	0	53.12
2012	6	3	23.769	6363.9902	154.9904	2.9904	 0.79	 0.05	171.07	 3.55	 2.58	 1.00	10.82	 1.20	319.64	280.12	287.35	260.64	285.46	0	52.13
2012	6	4	1.548	6364.0645	155.0645	3.0645	 0.64	 0.07	172.73	 7.26	 5.18	 1.00	10.73	 1.22	319.30	277.84	283.80	259.77	284.34	0	51.95
2012	6	4	2.017	6364.0840	155.0841	3.0841	 0.56	 0.06	174.44	 7.75	 4.96	 1.00	11.05	 1.14	319.37	277.46	282.55	259.54	285.44	0	51.91
2012	6	4	2.471	6364.1030	155.1029	3.1029	 0.58	 0.05	175.16	 5.90	14.19	 0.96	10.75	 1.18	319.05	276.99	281.95	258.89	 0.00	0	51.78
2012	6	4	3.358	6364.1401	155.1399	3.1399	 0.62	 0.06	172.85	 6.40	 4.16	 1.00	10.80	 1.24	319.12	276.39	283.96	259.54	 0.00	0	51.91
2012	6	4	4.273	6364.1782	155.1781	3.1781	 0.63	 0.04	168.47	 3.96	 4.33	 0.99	10.80	 1.27	319.21	276.14	283.12	 0.00	282.65	0	54.00
2012	6	4	5.173	6364.2153	155.2155	3.2155	 0.61	 0.05	168.62	 6.09	 8.40	 0.99	10.90	 1.22	319.11	275.80	284.56	 0.00	283.90	0	54.00
2012	6	4	5.619	6364.2344	155.2341	3.2341	 0.47	 0.04	180.55	 7.63	12.24	 0.96	10.72	 1.15	318.94	275.63	282.61	 0.00	280.76	0	54.00
2012	6	4	7.011	6364.2920	155.2921	3.2921	 0.54	 0.03	175.61	 4.23	 3.63	 0.99	10.77	 1.16	323.50	275.21	282.25	 0.00	282.58	0	54.00
2012	6	4	7.898	6364.3291	155.3291	3.3291	 0.54	 0.06	177.57	 8.35	 7.50	 1.00	10.90	 1.16	323.68	275.05	283.08	257.93	279.84	0	51.59
2012	6	4	9.257	6364.3857	155.3857	3.3857	 0.60	 0.05	188.21	 6.00	 2.58	 1.00	10.87	 1.22	323.71	274.86	278.86	257.35	282.15	0	51.47
2012	6	4	9.705	6364.4043	155.4044	3.4044	 0.54	 0.05	178.38	 7.88	 7.39	 1.00	10.90	 1.11	323.84	274.85	280.56	257.47	 0.00	0	51.49
2012	6	4	10.148	6364.4229	155.4228	3.4228	 0.61	 0.04	170.61	 4.45	 8.70	 0.97	10.80	 1.18	323.83	274.68	281.10	 0.00	280.47	0	54.00
2012	6	4	11.066	6364.4609	155.4611	3.4611	 0.53	 0.04	171.35	 6.26	 4.19	 1.00	10.88	 1.09	323.90	274.45	279.19	256.89	278.86	0	51.38
2012	6	4	11.512	6364.4795	155.4797	3.4797	 0.67	 0.05	164.57	 4.54	 5.83	 0.99	10.85	 1.22	323.81	274.87	279.93	258.00	 0.00	0	51.60
2012	6	4	12.834	6364.5347	155.5347	3.5347	 0.58	 0.04	169.31	 5.35	 2.11	 1.00	10.82	 1.23	323.99	278.36	281.30	260.33	283.96	0	52.07
2012	6	4	13.738	6364.5723	155.5724	3.5724	 0.63	 0.05	166.90	 5.45	 2.71	 1.00	10.75	 1.21	324.18	281.10	286.32	262.63	284.51	0	52.53
2012	6	4	14.614	6364.6089	155.6089	3.6089	 0.38	 0.05	192.10	14.22	31.85	 0.90	10.73	 1.11	324.13	283.35	289.26	264.05	289.52	0	52.81
2012	6	4	15.520	6364.6465	155.6467	3.6467	 0.59	 0.05	165.88	 6.01	10.51	 0.98	10.77	 1.15	323.82	286.25	291.97	266.51	292.18	0	53.30
2012	6	4	15.959	6364.6650	155.6650	3.6650	 0.65	 0.08	168.55	 8.63	 8.05	 1.00	10.85	 1.19	323.92	287.13	294.62	266.14	292.96	0	53.23
2012	6	4	16.837	6364.7017	155.7016	3.7016	 0.63	 0.06	173.30	 6.51	 3.94	 1.00	10.73	 1.21	322.65	289.04	295.80	265.65	294.39	0	53.13
2012	6	4	17.739	6364.7393	155.7391	3.7391	 0.73	 0.10	175.29	 8.77	19.62	 1.00	10.77	 1.23	322.56	289.99	297.29	268.90	295.29	0	53.78
2012	6	4	19.962	6364.8315	155.8318	3.8318	 0.96	 0.08	185.42	 4.64	 2.18	 1.00	10.80	 1.16	323.64	288.12	298.09	261.97	291.55	0	52.39
2012	6	5	3.143	6365.1309	156.1310	4.1310	 0.56	 0.06	173.09	 7.65	38.24	 0.87	10.83	 1.08	323.95	274.47	273.82	256.77	280.54	0	51.35
2012	6	5	4.030	6365.1680	156.1679	4.1679	 0.55	 0.05	180.25	 6.70	 9.59	 0.99	10.82	 1.10	323.91	274.17	280.75	256.77	278.75	0	51.35
2012	6	5	4.474	6365.1865	156.1864	4.1864	 0.62	 0.06	175.98	 6.69	12.72	 0.99	10.97	 1.14	323.95	274.05	278.14	256.68	281.30	0	51.34
2012	6	5	5.388	6365.2246	156.2245	4.2245	 0.69	 0.06	176.81	 5.70	 7.93	 1.00	10.80	 1.15	323.90	273.84	280.32	256.40	 0.00	0	51.28
2012	6	5	6.290	6365.2622	156.2621	4.2621	 0.71	 0.04	178.22	 3.84	 2.21	 1.00	10.83	 1.11	323.80	273.68	279.25	256.43	 0.00	0	51.29
2012	6	5	7.230	6365.3013	156.3012	4.3012	 0.76	 0.05	183.06	 4.39	 9.48	 0.99	10.92	 1.11	323.98	273.49	278.70	256.10	280.72	0	51.22
2012	6	5	7.674	6365.3198	156.3198	4.3198	 0.66	 0.04	190.93	 4.85	 1.97	 1.00	10.75	 1.03	324.01	273.46	276.76	255.91	 0.00	0	51.18
2012	6	5	9.007	6365.3755	156.3753	4.3753	 0.69	 0.06	186.39	 5.61	 7.97	 1.00	10.83	 1.03	324.18	273.27	277.27	 0.00	278.85	0	54.00
2012	6	5	9.476	6365.3950	156.3948	4.3948	 0.61	 0.04	189.68	 5.15	17.71	 0.92	10.77	 0.95	323.94	273.16	276.14	 0.00	278.81	0	54.00
2012	6	5	9.921	6365.4136	156.4134	4.4134	 0.86	 0.04	192.52	 2.58	 6.71	 0.97	10.75	 1.11	323.61	273.08	279.87	 0.00	278.64	0	54.00
2012	6	5	10.364	6365.4316	156.4319	4.4319	 0.88	 0.04	194.62	 2.64	 0.80	 1.00	11.12	 1.10	323.66	273.06	279.45	255.32	278.59	0	51.06
2012	6	5	11.259	6365.4692	156.4691	4.4691	 0.99	 0.07	190.76	 3.70	 8.98	 0.99	10.75	 1.13	324.09	273.17	279.12	256.02	278.51	0	51.20
2012	6	5	13.949	6365.5811	156.5812	4.5812	 0.68	 0.05	186.23	 5.71	18.60	 0.97	10.77	 1.07	324.62	280.64	285.00	260.32	286.16	0	52.06
2012	6	5	14.389	6365.5996	156.5995	4.5995	 0.79	 0.05	187.09	 3.81	 7.97	 0.99	10.77	 1.21	324.53	281.44	285.59	260.66	287.68	0	52.13
2012	6	5	15.265	6365.6362	156.6360	4.6360	 0.65	 0.05	185.72	 5.56	11.44	 0.98	10.72	 1.08	324.52	284.47	289.45	264.83	289.93	0	52.97
2012	6	5	16.603	6365.6919	156.6918	4.6918	 0.78	 0.05	181.80	 4.06	 3.97	 1.00	10.73	 1.23	323.43	287.95	291.45	268.90	295.87	0	53.78
2012	6	5	17.480	6365.7285	156.7283	4.7283	 0.75	 0.06	181.20	 4.99	 5.61	 1.00	10.73	 1.12	323.51	289.39	296.70	267.23	292.06	0	53.45
2012	6	5	18.381	6365.7661	156.7659	4.7659	 0.64	 0.06	175.64	 6.13	17.76	 0.97	10.75	 1.05	323.46	289.96	296.93	265.29	295.37	0	53.06
2012	6	5	20.137	6365.8389	156.8391	4.8391	 0.83	 0.08	165.89	 5.25	 9.80	 1.00	10.73	 1.19	323.78	287.47	296.75	260.90	292.86	0	52.18
2012	6	5	22.842	6365.9517	156.9518	4.9518	 0.84	 0.09	173.74	 5.87	13.06	 1.00	11.00	 1.23	320.60	278.93	286.40	257.57	285.64	0	51.51
2012	6	6	2.420	6366.1011	157.1008	5.1008	 0.62	 0.04	174.44	 5.10	 9.52	 0.98	10.77	 1.05	325.06	271.77	278.46	 0.00	278.80	0	54.00
2012	6	6	4.222	6366.1758	157.1759	5.1759	 0.47	 0.06	183.94	11.15	 4.91	 1.00	10.90	 1.00	325.12	273.11	276.49	257.38	 0.00	0	51.48
2012	6	6	6.024	6366.2510	157.2510	5.2510	 0.50	 0.06	185.57	10.40	26.24	 0.96	10.87	 1.01	325.11	273.82	278.44	257.44	280.93	0	51.49
2012	6	6	6.475	6366.2700	157.2698	5.2698	 0.66	 0.05	179.03	 5.06	 5.43	 1.00	10.85	 1.12	325.11	273.93	279.56	257.48	278.25	0	51.50
2012	6	6	6.921	6366.2886	157.2884	5.2884	 0.64	 0.05	176.29	 5.98	12.77	 0.98	10.87	 1.11	325.09	273.98	279.05	257.39	278.32	0	51.48
2012	6	6	8.755	6366.3647	157.3648	5.3648	 0.76	 0.05	184.00	 4.45	 2.77	 1.00	10.77	 1.19	325.01	274.09	279.95	257.83	279.60	0	51.57
2012	6	6	9.201	6366.3833	157.3834	5.3834	 0.66	 0.04	188.03	 4.35	13.50	 0.94	10.83	 1.13	325.09	274.15	281.51	 0.00	280.97	0	54.00
2012	6	6	10.116	6366.4214	157.4215	5.4215	 0.68	 0.05	190.03	 4.93	 4.72	 1.00	10.90	 1.11	325.18	274.23	280.76	257.91	 0.00	0	51.58
2012	6	6	10.562	6366.4399	157.4401	5.4401	 0.66	 0.05	192.17	 5.87	 6.06	 1.00	10.98	 1.09	325.12	274.25	279.11	257.80	278.41	0	51.56
2012	6	6	11.011	6366.4590	157.4588	5.4588	 0.81	 0.04	192.30	 3.35	 3.50	 1.00	10.87	 1.18	325.11	274.38	279.47	257.89	 0.00	0	51.58
2012	6	6	11.455	6366.4771	157.4773	5.4773	 0.73	 0.04	191.86	 3.67	11.22	 0.96	10.83	 1.19	325.17	274.79	277.53	258.33	281.47	0	51.67
2012	6	6	13.686	6366.5703	157.5703	5.5703	 0.70	 0.05	196.30	 5.26	13.74	 0.98	10.75	 1.18	325.36	280.67	282.40	261.19	 0.00	0	52.24
2012	6	6	14.125	6366.5884	157.5885	5.5885	 0.91	 0.05	195.83	 3.14	 3.69	 1.00	10.73	 1.28	325.27	281.76	288.68	261.93	287.22	0	52.39
2012	6	6	14.588	6366.6079	157.6078	5.6078	 0.86	 0.06	192.89	 3.90	 4.02	 1.00	10.77	 1.21	321.80	282.55	288.18	262.66	289.71	0	52.53
2012	6	6	18.555	6366.7729	157.7731	5.7731	 1.01	 0.11	195.35	 5.71	 1.66	 1.00	10.72	 1.19	324.89	287.58	292.52	265.93	289.89	0	53.19
2012	6	6	19.019	6366.7925	157.7925	5.7925	 1.07	 0.12	189.53	 5.67	12.83	 1.00	10.77	 1.11	325.05	287.79	290.45	265.80	295.50	0	53.16
2012	6	6	20.774	6366.8657	157.8656	5.8656	 1.44	 0.14	196.84	 3.50	 3.51	 1.00	10.75	 1.26	324.89	284.93	291.07	261.24	290.69	0	52.25
2012	6	6	22.119	6366.9214	157.9216	5.9216	 1.27	 0.19	198.88	 6.48	17.80	 1.00	10.75	 1.26	324.96	281.06	287.65	 0.00	287.07	0	54.00
2012	6	7	1.241	6367.0518	158.0517	6.0517	 1.49	 0.11	198.34	 2.61	 7.49	 1.00	10.77	 1.24	324.68	277.29	281.96	259.39	281.80	0	51.88
2012	6	7	1.711	6367.0713	158.0713	6.0713	 1.52	 0.10	202.98	 2.42	 2.94	 1.00	10.93	 1.26	324.71	277.05	284.87	259.34	284.52	0	51.87
2012	6	7	2.156	6367.0898	158.0898	6.0898	 1.28	 0.10	197.77	 3.29	 4.12	 1.00	10.82	 1.15	324.66	276.91	282.62	259.48	281.72	0	51.90
2012	6	7	3.048	6367.1270	158.1270	6.1270	 1.31	 0.07	198.75	 2.12	 4.03	 1.00	10.75	 1.19	324.76	276.67	281.32	259.41	 0.00	0	51.88
2012	6	7	3.495	6367.1455	158.1456	6.1456	 1.38	 0.09	193.95	 2.61	 7.40	 1.00	10.80	 1.19	324.60	276.46	282.28	 0.00	281.14	0	54.00
2012	6	7	3.965	6367.1650	158.1652	6.1652	 1.30	 0.09	200.50	 2.78	 8.47	 0.99	10.88	 1.17	324.67	276.39	284.27	259.41	283.89	0	51.88
2012	6	7	4.411	6367.1836	158.1838	6.1838	 1.13	 0.08	198.33	 3.50	24.31	 0.96	10.77	 1.10	324.62	276.39	281.74	259.28	283.69	0	51.86
2012	6	7	5.299	6367.2207	158.2208	6.2208	 1.26	 0.07	200.89	 2.48	 9.03	 0.99	10.95	 1.20	324.69	276.28	281.91	259.29	283.53	0	51.86
2012	6	7	5.750	6367.2397	158.2396	6.2396	 1.44	 0.09	199.01	 2.33	 6.35	 1.00	11.33	 1.28	324.73	276.25	284.41	 0.00	280.77	0	54.00
2012	6	7	6.226	6367.2593	158.2594	6.2594	 1.32	 0.08	198.16	 2.54	 2.62	 1.00	10.80	 1.20	324.76	276.21	281.42	259.31	282.12	0	51.86
2012	6	7	6.670	6367.2778	158.2779	6.2779	 1.35	 0.08	195.02	 2.45	 3.83	 1.00	10.77	 1.22	324.63	276.20	281.75	 0.00	280.72	0	54.00
2012	6	7	7.110	6367.2964	158.2963	6.2963	 1.32	 0.06	196.34	 1.74	 2.57	 1.00	10.78	 1.18	324.65	276.17	280.26	259.02	 0.00	0	51.80
2012	6	7	7.997	6367.3330	158.3332	6.3332	 1.40	 0.08	198.65	 2.31	 0.85	 1.00	10.85	 1.21	324.68	276.07	283.05	258.83	281.85	0	51.77
2012	6	7	8.935	6367.3721	158.3723	6.3723	 1.44	 0.08	197.66	 2.19	 8.88	 0.99	10.98	 1.21	324.76	275.96	281.33	258.62	281.75	0	51.72
2012	6	7	11.184	6367.4658	158.4660	6.4660	 1.42	 0.07	197.09	 1.77	 8.20	 0.97	10.88	 1.21	324.80	275.93	281.14	258.74	 0.00	0	51.75
2012	6	7	11.634	6367.4849	158.4847	6.4847	 1.32	 0.07	203.61	 2.34	 9.69	 0.98	10.90	 1.24	324.86	276.56	283.37	259.62	283.37	0	51.92
2012	6	7	13.858	6367.5776	158.5774	6.5774	 1.18	 0.07	191.72	 2.64	 1.17	 1.00	10.78	 1.18	325.03	282.74	287.35	263.56	291.46	0	52.71
2012	6	7	14.734	6367.6138	158.6139	6.6139	 0.20	 0.24	1068.36	950.94	30193.27	 0.63	10.75	 1.09	325.02	284.98	289.31	266.46	290.99	0	53.29
2012	6	7	16.514	6367.6880	158.6881	6.6881	 1.42	 0.07	194.65	 1.89	11.54	 0.95	10.75	 1.18	325.30	290.10	294.69	271.02	295.43	0	54.20
2012	6	7	19.634	6367.8179	158.8181	6.8181	 1.32	 0.11	193.31	 3.20	 6.94	 1.00	10.83	 1.10	324.65	291.37	298.73	265.89	298.94	0	53.18
2012	6	7	20.513	6367.8545	158.8547	6.8547	 1.33	 0.08	195.06	 2.40	 9.17	 0.99	10.72	 1.11	324.49	288.77	297.12	262.93	292.90	0	52.59
2012	6	7	22.747	6367.9478	158.9478	6.9478	 1.13	 0.14	182.50	 5.50	23.79	 1.00	10.77	 1.12	324.46	281.57	287.55	 0.00	289.07	0	54.00
2012	6	7	23.191	6367.9663	158.9663	6.9663	 0.86	 0.08	201.41	 5.93	20.58	 0.99	10.72	 1.26	324.42	280.53	284.03	 0.00	285.38	0	54.00
2012	6	8	0.108	6368.0044	159.0045	7.0045	 1.07	 0.11	193.13	 5.02	 8.88	 1.00	10.97	 1.21	324.29	279.03	285.34	 0.00	283.71	0	54.00
2012	6	8	0.555	6368.0229	159.0231	7.0231	 1.20	 0.07	191.01	 2.49	 4.24	 1.00	10.78	 1.20	324.18	278.38	284.79	 0.00	283.12	0	54.00
2012	6	8	0.998	6368.0415	159.0416	7.0416	 1.28	 0.08	195.32	 2.64	 6.70	 1.00	10.90	 1.28	324.22	277.96	283.81	 0.00	285.39	0	54.00
2012	6	8	5.514	6368.2300	159.2298	7.2298	 1.23	 0.07	201.84	 2.59	 8.84	 0.99	11.00	 1.29	324.34	275.99	281.59	259.26	283.05	0	51.85
2012	6	8	5.962	6368.2485	159.2484	7.2484	 1.27	 0.14	185.45	 4.28	10.38	 1.00	10.88	 1.05	324.33	275.89	280.86	 0.00	281.68	0	54.00
2012	6	8	6.881	6368.2866	159.2867	7.2867	 1.20	 0.08	194.11	 3.00	 9.70	 0.99	10.88	 1.10	324.40	275.76	278.08	259.12	 0.00	0	51.82
2012	6	8	9.612	6368.4004	159.4005	7.4005	 1.55	 0.08	196.35	 1.84	15.47	 0.92	10.78	 1.20	324.24	275.43	281.05	258.47	279.80	0	51.69
2012	6	8	10.503	6368.4375	159.4376	7.4376	 1.27	 0.12	191.65	 3.89	 3.54	 1.00	10.83	 1.03	324.26	275.31	280.65	 0.00	282.19	0	54.00
2012	6	8	11.870	6368.4946	159.4946	7.4946	 1.91	 0.44	196.81	 6.04	109.00	 0.98	10.75	 1.23	324.51	276.17	281.60	259.05	 0.00	0	51.81
2012	6	8	14.097	6368.5874	159.5874	7.5874	 1.73	 0.22	190.39	 3.75	12.49	 1.00	10.73	 1.19	324.41	281.84	284.74	261.54	287.73	0	52.31
2012	6	8	15.414	6368.6421	159.6423	7.6423	 1.58	 0.29	197.57	 6.13	18.37	 1.00	10.75	 1.27	324.11	285.33	289.52	 0.00	290.69	0	54.00
2012	6	8	15.877	6368.6616	159.6616	7.6616	 1.65	 0.13	188.57	 2.37	12.38	 0.99	10.77	 1.15	324.22	286.22	290.11	266.34	289.16	0	53.27
2012	6	8	16.754	6368.6982	159.6981	7.6981	 1.40	 0.11	192.54	 2.87	 5.97	 1.00	10.78	 1.16	324.63	288.60	294.93	266.59	293.67	0	53.32
2012	6	8	20.756	6368.8647	159.8648	7.8648	 1.41	 0.17	191.62	 4.44	11.07	 1.00	10.75	 1.08	324.65	282.29	287.66	261.27	286.97	0	52.25
2012	6	8	22.085	6368.9204	159.9202	7.9202	 1.30	 0.07	201.26	 2.27	 5.43	 1.00	10.73	 1.24	324.57	279.86	285.92	259.03	287.09	0	51.81
2012	6	8	22.551	6368.9395	159.9396	7.9396	 1.56	 0.16	196.73	 3.44	 1.63	 1.00	10.75	 1.23	324.77	279.19	283.87	258.65	 0.00	0	51.73
2012	6	8	22.990	6368.9580	159.9579	7.9579	 1.42	 0.10	197.15	 2.68	 1.94	 1.00	10.77	 1.18	324.58	278.61	284.63	258.39	 0.00	0	51.68
2012	6	8	23.432	6368.9766	159.9763	7.9763	 1.47	 0.10	197.00	 2.43	 3.49	 1.00	10.93	 1.26	324.59	278.26	284.62	 0.00	285.65	0	54.00
2012	6	8	23.878	6368.9951	159.9949	7.9949	 1.43	 0.09	198.47	 2.29	 1.10	 1.00	10.83	 1.22	324.78	278.03	283.05	258.33	285.38	0	51.67
2012	6	9	0.792	6369.0332	160.0330	8.0330	 1.19	 0.08	186.31	 2.72	12.24	 0.98	10.92	 1.14	324.53	277.36	281.74	 0.00	 0.00	0	54.00
2012	6	9	2.581	6369.1074	160.1075	8.1075	 1.58	 0.10	196.98	 2.22	 8.19	 0.99	10.87	 1.23	324.39	276.69	280.97	257.38	283.91	0	51.48
2012	6	9	4.830	6369.2012	160.2012	8.2013	 1.28	 0.08	192.16	 2.71	 3.63	 1.00	10.95	 1.17	324.37	275.80	281.14	257.33	 0.00	0	51.47
2012	6	9	5.301	6369.2207	160.2209	8.2209	 1.29	 0.09	192.48	 2.73	 4.42	 1.00	10.80	 1.18	324.42	275.59	283.27	 0.00	281.43	0	54.00
2012	6	9	6.196	6369.2583	160.2582	8.2582	 1.33	 0.09	188.81	 2.70	 1.93	 1.00	10.77	 1.16	324.35	275.27	280.05	 0.00	279.70	0	54.00
2012	6	9	6.637	6369.2764	160.2766	8.2766	 1.38	 0.09	185.03	 2.42	 1.89	 1.00	10.85	 1.10	324.39	275.15	280.10	 0.00	280.89	0	54.00
2012	6	9	7.548	6369.3145	160.3145	8.3145	 1.41	 0.09	188.33	 2.21	11.43	 0.98	10.78	 1.15	321.28	274.83	277.97	 0.00	 0.00	0	54.00
2012	6	9	11.574	6369.4824	160.4823	8.4823	 1.60	 0.10	196.00	 1.97	 5.04	 1.00	10.88	 1.15	324.58	273.81	276.54	257.42	277.59	0	51.48
2012	6	9	12.046	6369.5020	160.5019	8.5019	 1.64	 0.10	193.63	 1.95	 4.43	 1.00	10.85	 1.24	324.83	275.07	279.66	 0.00	278.53	0	54.00
2012	6	9	13.380	6369.5576	160.5575	8.5575	 1.33	 0.09	195.75	 2.64	 7.87	 0.99	10.77	 1.18	324.93	279.28	280.79	260.03	282.23	0	52.01
2012	6	9	13.821	6369.5757	160.5759	8.5759	 1.66	 0.11	197.04	 2.10	 7.20	 0.99	10.88	 1.20	324.96	280.49	284.45	261.73	285.93	0	52.35
2012	6	9	14.286	6369.5952	160.5952	8.5952	 1.15	 0.15	200.07	 6.17	59.35	 0.98	10.78	 1.12	325.07	281.34	278.53	261.81	286.98	0	52.36
2012	6	9	15.166	6369.6318	160.6319	8.6319	 1.65	 0.12	198.82	 2.41	 4.66	 1.00	10.73	 1.21	324.97	283.79	290.94	261.51	289.39	0	52.30
2012	6	9	18.727	6369.7803	160.7803	8.7803	 1.92	 0.15	196.76	 2.04	11.03	 0.98	10.82	 1.18	325.09	289.20	290.35	266.09	297.27	0	53.22
2012	6	9	20.044	6369.8350	160.8351	8.8352	 2.90	 0.47	197.64	 2.07	 2.23	 1.00	10.98	 1.10	324.85	286.87	293.04	261.97	293.15	0	52.39
2012	6	9	22.286	6369.9287	160.9286	8.9286	 2.94	 2.12	200.35	 9.09	60.51	 1.00	11.08	 1.11	324.99	282.74	286.74	259.94	290.16	0	51.99
2012	6	9	23.204	6369.9668	160.9668	8.9668	 3.09	 0.70	196.06	 2.50	 4.31	 1.00	10.92	 1.09	324.92	281.74	285.58	 0.00	289.16	0	54.00
2012	6	10	3.707	6370.1543	161.1545	9.1545	 1.59	 0.09	198.96	 1.89	 5.24	 0.99	10.77	 1.24	324.79	277.38	284.33	256.33	284.64	0	51.27
2012	6	10	4.591	6370.1914	161.1913	9.1913	 1.34	 0.07	194.35	 2.17	 6.36	 0.99	10.77	 1.28	324.82	276.43	282.88	 0.00	280.90	0	54.00
2012	6	10	5.476	6370.2280	161.2282	9.2282	 1.06	 0.06	185.90	 2.74	 8.04	 0.99	10.80	 1.12	324.89	275.76	277.79	 0.00	 0.00	0	54.00
2012	6	10	6.839	6370.2852	161.2849	9.2849	 1.20	 0.06	192.97	 2.25	14.81	 0.94	10.83	 1.22	324.83	275.03	280.92	256.50	280.60	0	51.30
2012	6	10	8.637	6370.3599	161.3599	9.3599	 0.87	 0.08	187.77	 5.16	 2.64	 1.00	10.77	 1.03	324.92	274.59	278.99	257.22	278.79	0	51.44
2012	6	10	9.966	6370.4150	161.4152	9.4152	 0.88	 0.05	187.43	 3.08	12.65	 0.95	10.93	 1.07	324.93	274.69	278.93	 0.00	280.07	0	54.00
2012	6	10	10.462	6370.4360	161.4359	9.4359	 0.80	 0.06	193.68	 4.85	 7.42	 1.00	10.77	 1.03	324.95	274.64	280.07	258.13	278.80	0	51.63
2012	6	10	10.904	6370.4546	161.4543	9.4544	 0.95	 0.05	191.23	 2.73	 3.64	 1.00	10.82	 1.16	324.91	274.72	281.14	258.28	278.90	0	51.66
2012	6	10	12.239	6370.5098	161.5100	9.5100	 0.89	 0.06	187.80	 3.88	 4.94	 1.00	10.80	 1.16	325.15	277.05	280.31	259.84	 0.00	0	51.97
2012	6	10	13.142	6370.5474	161.5476	9.5476	 1.04	 0.06	188.24	 3.03	 1.53	 1.00	10.73	 1.25	325.17	279.87	284.73	262.20	283.01	0	52.44
2012	6	10	13.580	6370.5659	161.5658	9.5658	 0.92	 0.06	190.75	 3.62	 5.24	 1.00	10.75	 1.20	325.23	281.25	286.20	262.51	286.93	0	52.50
2012	6	10	14.019	6370.5840	161.5841	9.5841	 1.04	 0.05	187.67	 2.51	 6.39	 0.99	10.77	 1.28	325.20	282.65	286.54	263.14	288.35	0	52.63
2012	6	10	16.237	6370.6768	161.6765	9.6765	 0.94	 0.72	236.41	52.66	4345.18	 0.95	10.75	 1.19	325.30	288.98	295.46	270.05	297.22	0	54.01
2012	6	10	16.675	6370.6948	161.6948	9.6948	 0.95	 0.04	192.39	 2.07	 6.42	 0.96	10.75	 1.14	325.08	290.15	296.79	271.09	295.73	0	54.22
2012	6	10	17.137	6370.7139	161.7141	9.7141	 1.10	 0.06	192.27	 2.79	10.85	 0.98	10.78	 1.20	324.95	291.14	297.84	271.17	296.37	0	54.23
2012	6	10	17.576	6370.7324	161.7323	9.7323	 1.17	 0.05	198.33	 2.11	 2.76	 1.00	10.75	 1.28	324.84	291.76	300.03	272.03	294.31	0	54.41
2012	6	10	20.235	6370.8433	161.8431	9.8431	 1.34	 0.08	195.47	 2.26	 2.10	 1.00	10.78	 1.19	324.58	289.46	297.52	263.08	295.28	0	52.62
2012	6	10	22.033	6370.9180	161.9180	9.9180	 1.07	 0.18	195.74	 8.65	18.99	 1.00	10.77	 1.22	324.65	283.36	287.18	 0.00	290.89	0	54.00
2012	6	10	22.478	6370.9365	161.9366	9.9366	 1.14	 0.06	194.16	 2.53	 4.95	 1.00	10.87	 1.28	324.76	282.15	288.71	 0.00	286.98	0	54.00
2012	6	10	23.834	6370.9932	161.9931	9.9931	 1.09	 0.07	194.24	 2.93	14.31	 0.97	10.90	 1.21	324.75	279.67	287.37	260.14	285.94	0	52.03
2012	6	11	0.725	6371.0303	162.0302	10.0302	 0.94	 0.06	192.52	 3.43	 4.35	 1.00	10.90	 1.20	324.61	278.81	284.76	260.36	283.54	0	52.07
2012	6	11	1.169	6371.0488	162.0487	10.0487	 0.98	 0.05	195.54	 3.06	 3.73	 1.00	10.85	 1.23	324.62	278.43	284.91	260.36	286.20	0	52.07
2012	6	11	1.611	6371.0669	162.0671	10.0671	 0.92	 0.06	192.59	 3.77	 4.21	 1.00	10.77	 1.20	324.66	278.17	282.68	260.17	282.86	0	52.03
2012	6	11	2.082	6371.0869	162.0867	10.0867	 0.94	 0.05	192.83	 2.98	 3.26	 1.00	10.85	 1.26	324.76	277.87	285.04	 0.00	 0.00	0	54.00
2012	6	11	2.533	6371.1055	162.1056	10.1056	 0.84	 0.05	189.67	 3.75	 3.29	 1.00	10.95	 1.15	324.62	277.62	283.52	 0.00	283.82	0	54.00
2012	6	11	3.424	6371.1426	162.1427	10.1427	 0.73	 0.06	187.76	 5.94	 6.07	 1.00	10.88	 1.13	324.62	277.23	280.56	 0.00	 0.00	0	54.00
2012	6	11	4.780	6371.1992	162.1992	10.1992	 0.80	 0.05	192.49	 4.15	 6.91	 1.00	10.77	 1.22	324.73	276.80	282.71	259.49	284.34	0	51.90
2012	6	11	6.124	6371.2554	162.2552	10.2552	 0.75	 0.05	182.66	 4.11	 3.57	 1.00	10.92	 1.19	324.64	276.45	281.45	 0.00	281.05	0	54.00
2012	6	11	6.596	6371.2749	162.2748	10.2748	 0.76	 0.04	184.17	 3.65	 6.56	 0.99	10.93	 1.18	324.63	276.33	281.70	 0.00	 0.00	0	54.00
2012	6	11	7.044	6371.2935	162.2935	10.2935	 0.65	 0.04	187.81	 4.70	 3.42	 1.00	10.88	 1.14	324.62	276.20	279.18	 0.00	 0.00	0	54.00
2012	6	11	7.491	6371.3120	162.3121	10.3121	 0.81	 0.05	187.77	 3.94	 3.22	 1.00	10.95	 1.23	324.58	276.11	282.67	258.77	280.76	0	51.75
2012	6	11	7.937	6371.3306	162.3307	10.3307	 0.88	 0.05	189.32	 3.51	 4.66	 1.00	10.83	 1.28	324.59	276.02	282.86	258.65	283.40	0	51.73
2012	6	11	11.127	6371.4634	162.4636	10.4636	 0.81	 0.07	185.31	 5.58	11.64	 1.00	10.87	 1.08	324.64	275.54	280.26	 0.00	281.38	0	54.00
2012	6	11	12.899	6371.5376	162.5375	10.5375	 1.05	 0.15	184.10	 6.72	18.79	 1.00	10.80	 1.24	324.90	279.33	283.93	260.76	284.83	0	52.15
2012	6	11	14.683	6371.6118	162.6118	10.6118	 1.40	 0.24	179.11	 5.89	305.11	 0.69	10.73	 0.98	324.98	283.44	282.57	263.34	289.19	0	52.67
2012	6	11	15.587	6371.6494	162.6495	10.6495	 0.83	 0.24	209.93	19.22	163.92	 0.99	10.75	 1.17	325.10	286.42	294.19	266.11	292.01	0	53.22
2012	6	11	16.028	6371.6680	162.6678	10.6678	 0.91	 0.07	194.96	 4.74	22.99	 0.98	10.72	 1.15	325.14	287.36	294.53	265.68	293.00	0	53.14
2012	6	11	16.466	6371.6860	162.6861	10.6861	 1.09	 0.06	187.58	 2.79	18.68	 0.94	10.73	 1.23	325.03	288.52	292.47	267.44	296.46	0	53.49
2012	6	11	17.343	6371.7227	162.7226	10.7226	 1.22	 0.09	193.69	 3.28	 7.53	 1.00	10.75	 1.27	325.10	290.26	297.71	270.23	292.90	0	54.05
2012	6	12	3.602	6372.1499	163.1501	11.1501	23.55	369925001.72	202.57	 1.67	 1.98	 1.00	10.93	 1.02	324.53	271.92	275.63	260.34	277.46	0	52.07
2012	6	12	4.494	6372.1875	163.1873	11.1873	 2.87	 0.40	201.21	 1.87	 4.52	 1.00	10.87	 1.13	324.64	274.53	276.58	260.24	280.27	0	52.05
2012	6	12	5.413	6372.2256	163.2255	11.2255	 3.04	 0.38	202.59	 1.48	 0.64	 1.00	10.90	 1.20	324.67	276.29	281.15	259.78	283.25	0	51.96
2012	6	12	5.858	6372.2441	163.2441	11.2441	 2.59	 0.23	198.27	 1.42	 3.21	 1.00	10.92	 1.22	324.69	276.82	279.41	 0.00	 0.00	0	54.00
2012	6	12	7.661	6372.3193	163.3192	11.3192	 2.86	 0.39	201.05	 1.82	 6.32	 1.00	10.73	 1.23	324.69	277.76	283.39	258.41	 0.00	0	51.68
2012	6	12	8.552	6372.3564	163.3563	11.3563	 1.96	 0.16	201.09	 2.09	 6.67	 1.00	10.95	 1.16	324.60	277.74	283.73	258.12	283.40	0	51.62
2012	6	12	9.914	6372.4131	163.4131	11.4131	 2.33	 0.19	200.59	 1.61	 7.10	 0.99	10.75	 1.21	324.70	278.04	282.15	259.49	284.97	0	51.90
2012	6	12	10.806	6372.4502	163.4503	11.4503	 2.10	 0.16	198.39	 1.75	 0.71	 1.00	11.15	 1.13	324.69	277.99	282.00	258.81	284.91	0	51.76
2012	6	12	14.846	6372.6187	163.6186	11.6186	 1.67	 0.11	195.75	 2.13	 3.29	 1.00	10.75	 1.18	325.03	281.71	285.39	263.20	286.81	0	52.64
2012	6	12	15.723	6372.6553	163.6551	11.6551	 1.66	 0.17	196.88	 3.17	 5.18	 1.00	10.73	 1.16	324.99	284.65	288.49	265.18	292.67	0	53.04
2012	6	12	17.942	6372.7476	163.7476	11.7476	 1.63	 0.13	201.13	 2.65	12.88	 0.99	10.75	 1.28	325.10	289.27	298.25	266.77	294.39	0	53.35
2012	6	12	19.722	6372.8218	163.8217	11.8217	 2.16	 0.27	189.63	 2.59	11.45	 1.00	10.73	 1.00	325.20	288.90	293.25	264.66	292.33	0	52.93
2012	6	12	21.069	6372.8779	163.8779	11.8779	 1.99	 0.15	195.00	 1.89	 5.10	 1.00	10.72	 1.08	325.04	286.02	293.26	262.33	290.67	0	52.47
2012	6	12	23.769	6372.9902	163.9904	11.9904	 1.83	 0.21	199.28	 3.20	 6.16	 1.00	10.77	 1.26	325.10	281.12	288.68	 0.00	 0.00	0	54.00
2012	6	13	1.128	6373.0469	164.0470	12.0470	 2.11	 0.20	197.55	 2.10	 2.24	 1.00	10.75	 1.14	325.21	280.16	283.29	259.32	286.05	0	51.86
2012	6	13	1.574	6373.0654	164.0656	12.0656	 2.33	 0.18	200.74	 1.52	 1.86	 1.00	10.70	 1.27	325.09	279.82	285.77	 0.00	287.15	0	54.00
2012	6	13	2.903	6373.1211	164.1210	12.1210	 1.87	 0.14	204.71	 2.16	 0.88	 1.00	10.82	 1.29	324.82	278.43	285.98	258.82	 0.00	0	51.76
2012	6	13	3.817	6373.1592	164.1591	12.1591	 1.90	 0.18	202.60	 2.59	 9.32	 1.00	10.80	 1.14	325.04	277.80	284.39	258.60	282.34	0	51.72
2012	6	13	4.704	6373.1958	164.1960	12.1960	 2.34	 0.20	199.88	 1.67	 1.73	 1.00	10.77	 1.18	324.88	277.41	283.57	258.47	 0.00	0	51.69
2012	6	13	6.505	6373.2710	164.2711	12.2711	 2.55	 0.22	198.02	 1.43	 1.95	 1.00	10.92	 1.13	325.11	278.05	280.18	259.31	 0.00	0	51.86
2012	6	13	6.951	6373.2896	164.2896	12.2896	 2.48	 0.27	200.43	 1.90	 3.29	 1.00	10.78	 1.17	324.99	278.14	282.75	259.46	 0.00	0	51.89
2012	6	13	8.304	6373.3462	164.3460	12.3460	 2.05	 0.16	195.88	 1.89	 2.47	 1.00	10.78	 1.20	325.05	278.42	282.57	 0.00	284.11	0	54.00
2012	6	13	8.750	6373.3647	164.3646	12.3646	 2.25	 0.22	200.59	 2.04	 1.61	 1.00	10.77	 1.24	325.00	278.32	284.24	259.03	285.41	0	51.81
2012	6	13	9.194	6373.3833	164.3831	12.3831	 2.05	 0.16	196.43	 1.89	12.85	 0.97	10.72	 1.17	325.01	278.19	282.15	 0.00	285.29	0	54.00
2012	6	13	9.642	6373.4019	164.4017	12.4017	 1.96	 0.23	200.93	 3.04	 3.47	 1.00	10.87	 1.14	324.99	278.22	284.68	259.16	283.86	0	51.83
2012	6	13	11.441	6373.4766	164.4767	12.4767	 1.81	 0.14	195.16	 2.22	14.89	 0.98	10.82	 1.09	324.97	277.72	280.63	258.67	283.35	0	51.73
2012	6	13	14.604	6373.6084	164.6085	12.6085	 1.96	 0.12	194.45	 1.52	 1.32	 1.00	10.80	 1.11	325.60	284.98	289.95	264.55	 0.00	0	52.91
2012	6	13	15.481	6373.6450	164.6450	12.6450	 1.55	 0.11	201.27	 2.56	11.37	 0.99	10.73	 1.23	325.75	287.02	294.74	265.19	295.43	0	53.04
2012	6	13	15.919	6373.6631	164.6633	12.6633	 1.68	 0.18	187.75	 3.10	 2.60	 1.00	10.73	 1.08	325.85	287.72	291.45	265.99	293.49	0	53.20
2012	6	13	19.908	6373.8296	164.8295	12.8295	 2.06	 0.22	200.48	 2.54	 3.49	 1.00	10.78	 1.24	325.80	284.91	291.38	263.40	290.22	0	52.68
2012	6	13	20.350	6373.8481	164.8479	12.8479	 1.64	 0.18	196.22	 3.53	 3.57	 1.00	10.73	 1.09	325.76	284.38	289.13	262.60	290.37	0	52.52
2012	6	13	20.789	6373.8662	164.8662	12.8662	 1.36	 0.23	192.62	 6.52	 7.56	 1.00	10.80	 1.02	325.72	283.65	288.27	262.00	292.28	0	52.40
2012	6	13	21.256	6373.8857	164.8857	12.8857	 2.13	 0.28	198.77	 3.01	 2.71	 1.00	10.85	 1.23	325.68	282.75	285.90	260.79	287.35	0	52.16
2012	6	13	23.519	6373.9800	164.9800	12.9800	 1.21	 0.12	189.47	 4.09	 2.69	 1.00	10.90	 1.06	325.45	278.91	280.79	258.65	284.84	0	51.73
2012	6	14	0.854	6374.0356	165.0356	13.0356	 1.44	 0.09	193.19	 2.40	 6.52	 1.00	10.85	 1.23	325.12	277.88	281.69	 0.00	 0.00	0	54.00
2012	6	14	1.767	6374.0737	165.0736	13.0736	 1.29	 0.11	198.27	 3.60	 3.24	 1.00	10.80	 1.07	325.08	277.30	283.09	258.52	281.76	0	51.70
2012	6	14	2.209	6374.0923	165.0920	13.0920	 1.58	 0.14	197.38	 2.98	 7.03	 1.00	10.82	 1.22	325.14	277.10	283.29	258.68	281.55	0	51.74
2012	6	14	3.099	6374.1289	165.1291	13.1291	 1.57	 0.13	199.21	 2.74	 9.85	 1.00	10.88	 1.25	324.89	276.74	281.97	258.54	281.17	0	51.71
2012	6	14	4.015	6374.1675	165.1673	13.1673	 1.72	 0.15	195.89	 2.55	14.44	 0.99	10.90	 1.16	325.11	276.52	280.88	 0.00	283.86	0	54.00
2012	6	14	4.465	6374.1860	165.1861	13.1861	 1.84	 0.16	200.29	 2.37	 5.53	 1.00	11.03	 1.25	325.08	276.57	281.76	258.83	 0.00	0	51.77
2012	6	14	4.914	6374.2046	165.2048	13.2048	 1.79	 0.10	199.11	 1.68	 5.08	 0.99	10.82	 1.13	325.17	276.71	281.86	259.13	 0.00	0	51.83
2012	6	14	5.361	6374.2236	165.2234	13.2234	 1.80	 0.14	199.78	 2.17	 3.75	 1.00	10.83	 1.17	325.39	276.78	283.12	258.99	284.00	0	51.80
2012	6	14	5.812	6374.2422	165.2422	13.2422	 1.74	 0.18	198.67	 3.01	 3.02	 1.00	10.77	 1.22	325.08	276.72	281.91	 0.00	283.91	0	54.00
2012	6	14	7.167	6374.2988	165.2986	13.2986	 1.63	 0.14	195.63	 2.69	 9.00	 1.00	10.92	 1.15	325.16	276.79	280.75	 0.00	281.10	0	54.00
2012	6	14	8.528	6374.3555	165.3553	13.3553	 1.52	 0.12	193.52	 2.79	 1.38	 1.00	10.90	 1.19	325.31	276.72	281.57	 0.00	 0.00	0	54.00
2012	6	14	8.972	6374.3740	165.3738	13.3738	 1.61	 0.10	195.69	 2.03	12.59	 0.97	10.83	 1.21	325.12	276.73	282.06	 0.00	282.42	0	54.00
2012	6	14	9.864	6374.4111	165.4110	13.4110	 1.66	 0.12	201.11	 2.42	 8.10	 1.00	10.78	 1.30	325.21	276.71	282.18	258.23	283.80	0	51.65
2012	6	14	10.310	6374.4297	165.4296	13.4296	 1.79	 0.14	193.50	 2.14	 9.42	 0.99	10.80	 1.21	325.12	276.64	280.12	257.93	 0.00	0	51.59
2012	6	14	13.052	6374.5439	165.5438	13.5438	 1.21	 0.07	196.13	 2.58	 5.52	 1.00	10.78	 1.20	325.42	279.37	285.66	259.68	287.10	0	51.94
2012	6	14	13.489	6374.5620	165.5621	13.5621	 1.12	 0.06	191.65	 2.35	 1.14	 1.00	10.75	 1.17	325.38	280.65	282.99	259.71	285.80	0	51.94
2012	6	14	15.270	6374.6362	165.6362	13.6362	 1.30	 0.07	191.85	 2.11	 4.71	 1.00	10.75	 1.17	326.12	285.86	290.96	266.09	290.83	0	53.22
2012	6	14	15.710	6374.6548	165.6546	13.6546	 1.51	 0.12	185.96	 2.53	24.15	 0.95	10.77	 1.18	326.02	287.02	291.78	 0.00	292.57	0	54.00
2012	6	14	21.943	6374.9141	165.9143	13.9143	 1.35	 0.58	211.52	18.13	455.81	 0.99	10.78	 1.21	324.79	283.50	299.98	 0.00	291.37	0	54.00
2012	6	14	22.834	6374.9512	165.9514	13.9514	 1.60	 0.12	200.59	 2.46	 7.95	 1.00	10.88	 1.28	325.37	281.30	286.57	258.98	288.71	0	51.80
2012	6	14	23.727	6374.9888	165.9886	13.9886	 1.44	 0.08	194.83	 2.14	 3.22	 1.00	10.97	 1.23	325.34	279.71	285.83	 0.00	285.70	0	54.00
2012	6	15	1.095	6375.0454	166.0456	14.0456	 1.58	 0.10	195.75	 2.13	 1.79	 1.00	10.82	 1.23	325.28	278.06	284.90	257.97	282.54	0	51.59
2012	6	15	1.543	6375.0645	166.0643	14.0643	 1.25	 0.06	197.84	 2.06	 1.31	 1.00	11.00	 1.27	325.18	277.62	283.27	257.81	283.53	0	51.56
2012	6	15	2.464	6375.1025	166.1027	14.1027	 1.26	 0.06	195.07	 2.18	 0.35	 1.00	10.75	 1.26	325.26	276.98	282.61	 0.00	282.89	0	54.00
2012	6	15	3.363	6375.1401	166.1401	14.1401	 1.17	 0.07	194.32	 2.64	 0.86	 1.00	10.88	 1.20	325.14	276.66	281.09	258.54	283.96	0	51.71
2012	6	15	4.263	6375.1777	166.1776	14.1776	 1.13	 0.10	191.62	 4.04	 8.18	 1.00	10.80	 1.14	325.16	276.47	281.60	258.86	283.84	0	51.77
2012	6	15	6.510	6375.2715	166.2713	14.2712	 1.54	 0.07	200.47	 1.56	 3.53	 0.99	10.82	 1.22	325.27	276.18	284.07	258.42	283.49	0	51.68
2012	6	15	7.430	6375.3096	166.3096	14.3096	 1.48	 0.09	199.09	 2.10	 7.75	 0.99	10.93	 1.19	325.12	276.04	282.81	258.49	283.21	0	51.70
2012	6	15	7.876	6375.3281	166.3282	14.3281	 1.59	 0.09	187.41	 1.78	 2.88	 1.00	11.13	 1.15	325.26	275.99	278.29	 0.00	 0.00	0	54.00
2012	6	15	8.328	6375.3472	166.3470	14.3470	 1.40	 0.07	196.83	 2.01	 7.07	 0.99	10.72	 1.22	325.05	275.89	281.99	 0.00	 0.00	0	54.00
2012	6	15	9.683	6375.4033	166.4035	14.4035	 1.02	 0.05	192.32	 2.47	 2.42	 1.00	11.02	 1.11	324.98	275.58	278.31	 0.00	282.68	0	54.00
2012	6	15	10.575	6375.4404	166.4406	14.4406	 0.95	 0.05	190.63	 2.99	 6.39	 0.99	10.78	 1.06	324.87	275.32	277.97	257.33	279.67	0	51.47
2012	6	15	11.018	6375.4590	166.4591	14.4591	 1.07	 0.08	192.33	 3.57	 1.39	 1.00	10.78	 1.12	324.92	275.23	280.55	257.28	 0.00	0	51.46
2012	6	15	11.486	6375.4785	166.4786	14.4786	 1.06	 0.04	194.46	 2.03	 8.55	 0.95	10.83	 1.15	324.93	275.46	279.20	257.36	 0.00	0	51.47
2012	6	15	11.930	6375.4971	166.4971	14.4971	 1.10	 0.07	189.04	 2.81	 5.86	 1.00	10.78	 1.23	324.98	276.18	279.58	 0.00	280.01	0	54.00
2012	6	15	17.284	6375.7202	166.7202	14.7202	 1.05	 0.07	189.63	 3.14	 2.25	 1.00	10.73	 1.16	325.06	290.15	297.40	272.54	292.69	0	54.51
2012	6	15	17.724	6375.7383	166.7385	14.7385	 1.02	 0.06	192.23	 3.11	 9.02	 0.99	10.75	 1.23	324.99	290.85	298.08	 0.00	296.06	0	54.00
2012	6	15	21.275	6375.8862	166.8865	14.8865	 1.11	 0.06	183.75	 2.41	 8.89	 0.98	10.70	 1.14	325.60	281.29	285.72	 0.00	287.00	0	54.00
2012	6	15	21.719	6375.9048	166.9050	14.9050	 1.12	 0.05	196.05	 2.30	 4.62	 0.99	10.83	 1.26	325.55	280.46	286.99	259.70	 0.00	0	51.94
2012	6	16	1.329	6376.0552	167.0554	15.0554	 0.45	 0.06	200.45	13.12	29.20	 0.97	10.73	 0.86	316.35	271.45	277.53	 0.00	276.61	0	54.00
2012	6	16	1.770	6376.0737	167.0738	15.0738	 0.66	 0.05	185.42	 5.43	 0.87	 1.00	10.83	 1.01	324.51	272.03	274.48	 0.00	 0.00	0	54.00
2012	6	16	2.218	6376.0923	167.0924	15.0924	 0.71	 0.04	191.34	 3.73	 5.15	 0.99	10.97	 1.04	324.64	272.54	276.05	257.54	279.62	0	51.51
2012	6	16	2.666	6376.1108	167.1111	15.1111	 0.72	 0.04	187.52	 4.08	 2.91	 1.00	10.83	 1.04	324.63	272.92	276.22	256.98	280.12	0	51.40
2012	6	16	3.134	6376.1304	167.1306	15.1306	 0.67	 0.06	187.62	 6.90	 5.29	 1.00	10.73	 1.04	324.72	273.25	277.35	258.54	 0.00	0	51.71
2012	6	16	3.580	6376.1494	167.1492	15.1492	 0.75	 0.05	184.64	 4.11	17.25	 0.94	10.77	 1.12	324.69	273.62	276.45	259.27	277.98	0	51.85
2012	6	16	4.025	6376.1675	167.1677	15.1677	 0.57	 0.04	192.86	 5.19	 6.27	 0.99	10.75	 1.03	324.68	273.93	275.67	259.84	279.89	0	51.97
2012	6	16	4.471	6376.1860	167.1863	15.1863	 0.67	 0.06	187.33	 6.19	11.97	 0.99	10.80	 1.10	324.61	274.25	277.90	259.29	280.28	0	51.86
2012	6	16	5.831	6376.2432	167.2430	15.2430	 0.72	 0.04	184.81	 3.91	 1.62	 1.00	10.83	 1.21	324.69	274.92	281.73	258.71	280.96	0	51.74
2012	6	16	6.721	6376.2803	167.2800	15.2800	 0.68	 0.06	178.04	 5.67	 0.27	 1.00	10.75	 1.19	324.82	274.94	280.35	257.60	 0.00	0	51.52
2012	6	16	8.086	6376.3369	167.3369	15.3369	 0.66	 0.04	177.98	 4.33	 8.12	 0.98	10.87	 1.16	324.65	274.88	281.23	 0.00	 0.00	0	54.00
2012	6	16	8.533	6376.3555	167.3555	15.3555	 0.58	 0.05	179.03	 6.78	13.00	 0.98	10.87	 1.07	324.64	274.91	279.10	258.57	280.74	0	51.71
2012	6	16	9.425	6376.3926	167.3927	15.3927	 0.72	 0.06	181.74	 5.64	 6.14	 1.00	10.82	 1.23	324.63	274.93	281.45	258.91	281.96	0	51.78
2012	6	16	10.340	6376.4307	167.4308	15.4308	 0.64	 0.06	177.82	 6.13	 1.26	 1.00	10.87	 1.08	324.59	274.91	278.64	258.61	 0.00	0	51.72
2012	6	16	10.785	6376.4492	167.4494	15.4494	 0.71	 0.05	176.33	 4.14	12.78	 0.96	10.78	 1.11	324.62	274.92	278.92	258.62	 0.00	0	51.72
2012	6	16	12.139	6376.5059	167.5058	15.5058	 0.55	 0.08	197.50	12.04	25.02	 0.99	10.80	 1.12	324.84	276.33	279.31	259.31	283.39	0	51.86
2012	6	16	13.017	6376.5425	167.5424	15.5424	 0.80	 0.06	183.29	 4.43	 3.61	 1.00	10.75	 1.28	324.83	278.52	282.89	260.16	281.65	0	52.03
2012	6	16	15.276	6376.6367	167.6365	15.6365	 0.78	 0.08	182.34	 6.28	 6.74	 1.00	10.75	 1.24	324.84	284.36	289.18	263.46	289.69	0	52.69
2012	6	16	16.151	6376.6729	167.6730	15.6730	 0.78	 0.07	189.09	 5.45	 1.61	 1.00	10.73	 1.26	325.22	286.39	294.65	266.47	291.66	0	53.29
2012	6	16	17.494	6376.7290	167.7289	15.7289	 0.92	 0.11	186.93	 6.62	16.84	 1.00	10.75	 1.28	325.54	288.90	295.26	266.21	291.39	0	53.24
2012	6	16	17.932	6376.7471	167.7471	15.7472	 0.59	 0.12	181.99	16.21	71.72	 0.99	10.72	 0.93	325.44	289.45	291.10	265.62	294.40	0	53.12
2012	6	16	18.369	6376.7651	167.7654	15.7654	 0.94	 0.09	194.06	 5.55	 3.61	 1.00	10.73	 1.25	325.48	289.59	295.81	265.79	294.51	0	53.16
2012	6	16	19.271	6376.8027	167.8030	15.8030	 0.96	 0.11	188.22	 5.85	23.28	 0.99	10.73	 1.20	325.28	288.95	297.55	266.01	296.65	0	53.20
2012	6	17	0.632	6377.0264	168.0263	16.0263	 1.16	 0.10	195.65	 4.13	18.68	 0.99	10.87	 1.24	325.05	276.23	283.57	256.91	282.04	0	51.38
2012	6	17	1.083	6377.0449	168.0451	16.0451	 1.02	 0.08	193.29	 4.15	14.11	 0.99	10.95	 1.19	325.06	275.69	279.03	 0.00	281.55	0	54.00
2012	6	17	1.554	6377.0649	168.0648	16.0648	 1.15	 0.10	184.99	 3.88	 1.57	 1.00	10.83	 1.11	325.07	275.32	278.29	 0.00	281.04	0	54.00
2012	6	17	2.892	6377.1206	168.1205	16.1205	 1.12	 0.09	195.45	 3.74	18.65	 0.98	10.77	 1.22	325.07	274.36	279.48	255.56	278.67	0	51.11
2012	6	17	6.513	6377.2715	168.2714	16.2714	 1.00	 0.09	195.92	 5.00	11.82	 1.00	10.92	 1.00	324.85	273.40	279.66	 0.00	 0.00	0	54.00
2012	6	17	6.959	6377.2900	168.2900	16.2900	 1.23	 0.08	189.57	 2.90	 5.85	 1.00	10.75	 1.06	324.80	273.53	277.58	 0.00	279.01	0	54.00
2012	6	17	7.851	6377.3271	168.3271	16.3271	 1.10	 0.14	198.23	 6.06	27.32	 1.00	10.92	 1.10	324.83	273.54	279.54	 0.00	 0.00	0	54.00
2012	6	17	9.212	6377.3838	168.3839	16.3838	 1.27	 0.10	195.35	 3.47	 8.66	 1.00	10.88	 1.16	324.86	273.49	280.70	 0.00	280.21	0	54.00
2012	6	17	9.656	6377.4023	168.4023	16.4023	 1.06	 0.17	179.57	 7.19	34.93	 1.00	10.73	 0.90	324.77	273.41	277.10	 0.00	 0.00	0	54.00
2012	6	17	11.470	6377.4780	168.4779	16.4779	 1.03	 0.12	189.15	 5.83	 6.27	 1.00	10.87	 0.97	324.81	273.40	273.92	254.93	 0.00	0	50.99
2012	6	17	12.361	6377.5151	168.5150	16.5150	 1.26	 0.16	203.15	 5.60	 7.58	 1.00	10.97	 1.29	325.07	274.79	285.54	256.47	278.29	0	51.29
2012	6	17	12.830	6377.5347	168.5346	16.5346	 1.12	 0.14	193.70	 6.06	 5.02	 1.00	10.77	 1.15	325.29	275.55	278.38	256.80	279.11	0	51.36
2012	6	17	13.274	6377.5532	168.5531	16.5531	 1.21	 0.14	187.18	 4.80	49.36	 0.97	10.78	 1.08	325.15	276.62	278.15	257.23	284.12	0	51.45
2012	6	17	15.082	6377.6284	168.6284	16.6284	 1.28	 0.12	190.69	 3.70	 9.36	 1.00	10.75	 1.17	321.72	281.05	287.80	259.60	284.19	0	51.92
2012	6	17	17.733	6377.7388	168.7389	16.7389	 1.22	 0.12	192.81	 4.09	 8.31	 1.00	10.87	 1.18	325.24	282.11	285.70	266.09	283.87	0	53.22
2012	6	17	18.173	6377.7573	168.7572	16.7572	 1.30	 0.13	197.25	 4.24	 0.69	 1.00	10.77	 1.20	325.36	283.05	289.03	266.34	287.14	0	53.27
2012	6	17	18.613	6377.7754	168.7755	16.7755	 1.64	 0.27	191.50	 5.11	13.45	 1.00	10.80	 1.27	325.29	283.80	288.77	265.05	290.74	0	53.01
2012	6	17	20.400	6377.8501	168.8500	16.8500	 2.08	 0.40	197.11	 4.52	 5.99	 1.00	10.77	 1.26	325.13	283.01	289.22	259.33	288.89	0	51.87
2012	6	17	21.754	6377.9062	168.9064	16.9064	 1.73	 0.14	194.66	 2.40	 2.47	 1.00	10.80	 1.17	325.28	280.41	284.65	257.35	288.73	0	51.47
2012	6	17	22.196	6377.9248	168.9248	16.9248	 1.67	 0.10	194.82	 1.90	 5.43	 0.99	10.75	 1.10	325.21	279.70	284.65	257.13	 0.00	0	51.43
2012	6	17	23.089	6377.9619	168.9621	16.9620	 1.60	 0.13	197.01	 2.75	 6.23	 1.00	11.02	 1.20	325.07	278.60	285.69	 0.00	 0.00	0	54.00
2012	6	18	2.681	6378.1118	169.1117	17.1117	 1.09	 0.11	193.91	 4.77	12.92	 1.00	10.75	 0.87	316.01	271.74	277.61	256.54	276.95	0	51.31
2012	6	18	3.124	6378.1304	169.1302	17.1302	 1.05	 0.05	195.91	 2.32	 3.37	 1.00	10.95	 0.98	324.99	272.34	274.84	256.11	276.44	0	51.22
2012	6	18	3.566	6378.1484	169.1486	17.1486	 1.26	 0.10	196.75	 3.46	 7.53	 1.00	10.98	 1.07	324.84	272.94	276.77	256.29	279.18	0	51.26
2012	6	18	5.812	6378.2422	169.2422	17.2422	 0.99	 0.05	185.96	 2.50	 3.65	 1.00	10.82	 1.11	324.87	273.98	279.38	254.03	 0.00	0	50.81
2012	6	18	6.263	6378.2607	169.2610	17.2610	 0.96	 0.05	190.45	 2.71	 3.37	 1.00	10.87	 1.16	324.80	273.81	280.14	254.21	280.84	0	50.84
2012	6	18	6.735	6378.2808	169.2806	17.2806	 0.90	 0.08	183.26	 4.73	 4.04	 1.00	10.85	 1.04	324.92	273.67	276.27	254.49	279.35	0	50.90
2012	6	18	8.517	6378.3550	169.3549	17.3549	 0.82	 0.07	185.65	 5.16	10.86	 1.00	10.85	 1.00	324.89	273.15	276.82	254.18	 0.00	0	50.84
2012	6	18	8.986	6378.3745	169.3744	17.3744	 0.96	 0.05	188.14	 2.96	 4.06	 1.00	10.93	 1.05	324.89	273.04	279.95	254.28	278.50	0	50.86
2012	6	18	9.433	6378.3931	169.3931	17.3930	 0.91	 0.07	186.52	 4.13	 3.08	 1.00	10.82	 1.02	324.82	272.97	278.50	254.59	277.07	0	50.92
2012	6	18	11.682	6378.4868	169.4867	17.4867	 0.80	 0.10	176.17	 7.03	 7.15	 1.00	10.83	 1.00	324.86	272.97	278.89	256.33	276.79	0	51.27
2012	6	18	12.576	6378.5239	169.5240	17.5240	 0.79	 0.06	183.59	 4.25	 4.60	 1.00	10.80	 1.22	325.12	275.47	280.70	258.20	280.19	0	51.64
2012	6	18	14.799	6378.6167	169.6166	17.6166	 0.64	 0.07	188.18	 8.25	 4.42	 1.00	10.73	 1.18	325.27	281.90	287.62	260.97	287.54	0	52.19
2012	6	18	16.610	6378.6919	169.6921	17.6921	 0.85	 0.06	191.44	 4.04	16.95	 0.97	10.72	 1.21	325.55	286.98	294.45	265.95	291.96	0	53.19
2012	6	18	17.953	6378.7480	169.7481	17.7481	 1.34	 0.10	193.64	 2.90	10.47	 0.99	10.78	 1.12	325.54	289.21	296.17	266.47	294.13	0	53.29
2012	6	18	18.831	6378.7847	169.7846	17.7846	 1.66	 0.14	203.79	 2.84	 7.23	 1.00	10.77	 1.27	325.48	289.23	297.14	266.18	294.20	0	53.24
2012	6	18	19.274	6378.8032	169.8031	17.8031	 1.96	 0.15	194.88	 1.90	 2.45	 1.00	10.75	 1.11	325.50	288.63	296.08	265.81	291.57	0	53.16
2012	6	18	21.063	6378.8774	169.8776	17.8776	 2.37	 0.16	202.36	 1.34	 5.79	 0.98	10.82	 1.24	325.24	284.70	293.72	260.34	290.68	0	52.07
2012	6	18	21.508	6378.8960	169.8962	17.8962	 2.91	 0.38	199.65	 1.69	13.24	 0.97	10.80	 1.23	325.22	283.81	293.69	 0.00	288.29	0	54.00
2012	6	18	22.865	6378.9526	169.9527	17.9527	 2.64	 1.59	191.65	 9.03	40.08	 1.00	10.85	 1.06	325.28	281.50	286.84	258.44	288.73	0	51.69
2012	6	19	0.200	6379.0083	170.0083	18.0083	 3.25	 0.76	190.76	 2.24	 2.26	 1.00	10.90	 1.10	325.24	279.91	280.72	258.19	284.47	0	51.64
2012	6	19	0.672	6379.0278	170.0280	18.0280	 3.06	 0.34	197.05	 1.27	 5.32	 0.99	10.87	 1.20	325.22	279.48	284.71	258.20	 0.00	0	51.64
2012	6	19	2.009	6379.0835	170.0837	18.0837	 2.33	 0.27	200.19	 2.24	 9.43	 0.99	10.78	 1.16	325.37	278.36	284.75	 0.00	283.93	0	54.00
2012	6	19	2.925	6379.1221	170.1219	18.1219	 1.97	 0.19	198.19	 2.40	 5.24	 1.00	10.88	 1.14	325.43	277.99	282.10	257.87	282.18	0	51.57
2012	6	19	3.371	6379.1406	170.1404	18.1404	 3.16	 0.57	198.62	 1.92	 3.62	 1.00	10.88	 1.19	325.38	277.84	281.79	257.77	284.96	0	51.55
2012	6	19	4.704	6379.1958	170.1960	18.1960	 2.91	 0.48	194.46	 2.05	 9.71	 0.99	10.77	 1.17	325.44	277.50	281.96	 0.00	283.07	0	54.00
2012	6	19	5.175	6379.2158	170.2156	18.2156	 3.07	 0.53	201.10	 2.01	 2.06	 1.00	10.97	 1.23	325.63	277.34	282.28	256.94	282.94	0	51.39
2012	6	19	5.617	6379.2339	170.2340	18.2340	 2.52	 0.30	201.09	 2.04	 6.24	 1.00	10.75	 1.24	325.45	277.24	282.37	256.86	282.81	0	51.37
2012	6	19	6.510	6379.2710	170.2712	18.2712	 4.43	 1.89	202.23	 1.75	 2.43	 1.00	10.72	 1.27	325.47	277.05	283.52	256.83	281.17	0	51.37
2012	6	19	6.953	6379.2896	170.2897	18.2897	18.49	3007892.66	198.00	 2.10	 2.84	 1.00	10.90	 1.13	325.53	277.06	283.01	256.80	283.89	0	51.36
2012	6	19	11.449	6379.4771	170.4770	18.4770	 1.98	 0.35	195.38	 4.37	22.82	 1.00	10.95	 1.15	325.48	276.26	281.37	 0.00	281.60	0	54.00
2012	6	19	11.924	6379.4971	170.4969	18.4969	 3.65	 1.63	194.39	 3.23	14.06	 1.00	10.80	 1.15	325.71	276.60	281.85	257.51	 0.00	0	51.50
2012	6	19	14.612	6379.6089	170.6088	18.6088	 2.36	 0.30	196.70	 2.42	 2.34	 1.00	10.75	 1.21	325.64	278.96	284.04	258.80	286.67	0	51.76
2012	6	19	16.868	6379.7026	170.7028	18.7028	 2.89	 0.46	200.98	 2.12	 5.76	 1.00	10.82	 1.28	325.71	281.95	289.69	262.04	285.86	0	52.41
2012	6	19	17.308	6379.7212	170.7211	18.7211	 2.75	 0.48	194.02	 2.48	 2.43	 1.00	10.83	 1.22	325.70	282.56	288.39	261.94	288.91	0	52.39
2012	6	19	17.749	6379.7397	170.7395	18.7395	 2.31	 0.25	188.57	 2.01	10.54	 0.99	10.75	 1.11	325.64	282.96	285.87	 0.00	291.84	0	54.00
2012	6	19	19.992	6379.8330	170.8330	18.8330	 3.22	 0.50	197.37	 1.57	 3.80	 1.00	10.83	 1.14	325.43	281.97	288.63	258.97	286.50	0	51.79
2012	6	19	20.435	6379.8516	170.8515	18.8515	34.15	 1.00	197.24	 0.00	 6.42	 0.00	10.82	 1.21	325.50	281.54	287.31	258.41	287.57	0	51.68
2012	6	19	20.904	6379.8711	170.8710	18.8710	 3.74	 1.13	195.01	 2.04	 4.91	 1.00	10.97	 1.16	325.57	280.99	285.24	258.16	285.50	0	51.63
2012	6	19	21.354	6379.8896	170.8898	18.8898	 2.64	 0.37	199.49	 2.23	 2.00	 1.00	11.10	 1.21	325.45	280.49	286.64	257.48	 0.00	0	51.50
2012	6	19	21.804	6379.9087	170.9085	18.9085	 3.01	 0.40	201.33	 1.59	 2.44	 1.00	10.77	 1.23	325.56	280.01	287.52	257.26	285.86	0	51.45
2012	6	19	22.245	6379.9268	170.9269	18.9269	 2.80	 0.38	200.06	 1.88	 5.20	 1.00	10.83	 1.20	325.46	279.56	284.85	257.18	 0.00	0	51.44
2012	6	19	22.689	6379.9453	170.9454	18.9454	 3.76	 0.76	191.81	 1.32	 0.72	 1.00	10.92	 1.12	325.49	279.24	282.01	 0.00	283.52	0	54.00
2012	6	19	23.599	6379.9834	170.9833	18.9833	14.60	55248.89	194.65	 1.85	 0.87	 1.00	10.95	 1.18	325.51	278.62	282.83	256.64	285.74	0	51.33
2012	6	20	0.042	6380.0020	171.0018	19.0017	 3.20	 0.44	198.43	 1.42	10.17	 0.97	10.75	 1.23	325.56	278.38	283.37	256.69	282.62	0	51.34
2012	6	20	0.488	6380.0205	171.0203	19.0203	 4.18	 1.32	192.78	 1.50	 0.33	 1.00	10.80	 1.12	325.60	278.21	281.74	256.61	 0.00	0	51.32
2012	6	20	0.936	6380.0391	171.0390	19.0390	 2.84	 0.41	198.59	 1.96	 4.03	 1.00	10.73	 1.20	325.47	278.03	283.86	256.66	285.07	0	51.33
2012	6	20	1.850	6380.0771	171.0771	19.0771	 3.45	 0.97	190.80	 2.33	 5.27	 1.00	10.92	 1.13	325.54	277.57	281.75	256.66	 0.00	0	51.33
2012	6	20	2.295	6380.0957	171.0956	19.0956	 1.90	 0.20	191.90	 2.66	 3.03	 1.00	10.78	 1.15	325.57	277.38	280.77	256.68	282.94	0	51.34
2012	6	20	3.186	6380.1328	171.1327	19.1327	 2.74	 0.41	194.74	 2.12	10.75	 0.99	10.87	 1.17	325.59	277.05	281.46	256.55	 0.00	0	51.31
2012	6	20	4.101	6380.1709	171.1709	19.1709	 3.07	 0.64	197.33	 2.36	 2.64	 1.00	10.88	 1.26	325.54	276.81	280.48	256.58	282.20	0	51.32
2012	6	20	4.990	6380.2080	171.2079	19.2079	 2.40	 0.35	188.45	 2.52	 9.40	 1.00	10.78	 1.17	325.51	276.64	280.02	 0.00	280.63	0	54.00
2012	6	20	10.376	6380.4321	171.4323	19.4323	 1.97	 0.20	197.38	 2.58	12.21	 0.99	10.80	 1.01	325.31	273.44	279.30	255.77	279.84	0	51.15
2012	6	20	11.259	6380.4692	171.4691	19.4691	 2.02	 0.16	191.51	 1.88	21.39	 0.92	10.88	 0.98	325.20	274.13	276.73	255.66	277.83	0	51.13
2012	6	20	11.702	6380.4878	171.4876	19.4876	 2.17	 0.26	192.15	 2.55	20.00	 0.98	10.78	 1.06	325.19	274.49	277.45	255.91	279.42	0	51.18
2012	6	20	12.144	6380.5059	171.5060	19.5060	 2.11	 0.26	193.68	 2.76	 7.76	 1.00	10.87	 1.09	325.22	274.72	278.65	256.41	278.39	0	51.28
2012	6	20	13.507	6380.5630	171.5628	19.5628	 2.53	 0.35	188.29	 2.23	 4.37	 1.00	10.82	 1.10	325.47	276.81	278.28	 0.00	280.25	0	54.00
2012	6	20	13.948	6380.5811	171.5812	19.5812	 1.91	 0.19	196.45	 2.64	18.31	 0.98	10.82	 1.15	325.43	277.58	279.45	258.46	 0.00	0	51.69
2012	6	20	14.392	6380.5996	171.5997	19.5997	 2.23	 0.28	197.66	 2.61	 0.81	 1.00	10.82	 1.26	325.52	278.45	281.20	259.57	 0.00	0	51.91
2012	6	20	14.862	6380.6191	171.6193	19.6193	 2.95	 0.79	193.09	 3.25	15.03	 1.00	10.80	 1.18	325.56	279.38	284.25	260.14	282.94	0	52.03
2012	6	20	15.742	6380.6558	171.6559	19.6559	 2.88	 0.41	195.55	 1.84	 9.22	 0.99	10.73	 1.22	325.57	280.96	286.25	260.89	 0.00	0	52.18
2012	6	20	17.552	6380.7314	171.7313	19.7313	51.34	 1.00	198.54	 0.00	 4.71	 0.00	10.75	 1.24	325.49	283.49	290.82	262.68	290.24	0	52.54
2012	6	20	17.992	6380.7495	171.7496	19.7497	 3.02	 0.49	197.39	 1.91	 2.81	 1.00	10.73	 1.21	325.50	283.62	290.75	261.86	290.40	0	52.37
2012	6	20	18.430	6380.7681	171.7679	19.7679	 3.01	 0.56	195.32	 2.17	 2.05	 1.00	10.75	 1.19	325.56	283.75	289.28	261.67	290.55	0	52.33
2012	6	20	20.219	6380.8423	171.8424	19.8424	19.85	8226248.81	198.74	 1.48	 4.05	 1.00	10.72	 1.26	325.46	282.39	289.65	258.51	290.31	0	51.70
2012	6	20	22.015	6380.9175	171.9173	19.9173	 3.02	 0.76	198.17	 2.99	15.00	 1.00	10.78	 1.22	325.55	279.97	284.66	256.87	287.20	0	51.37
2012	6	20	22.462	6380.9360	171.9359	19.9359	 2.10	 0.83	188.03	 8.63	64.38	 1.00	10.77	 1.04	325.51	279.45	279.12	 0.00	283.82	0	54.00
2012	6	20	23.356	6380.9731	171.9732	19.9732	 2.24	 0.28	197.70	 2.56	21.85	 0.98	10.88	 1.22	325.48	278.63	285.24	256.53	282.90	0	51.31
2012	6	20	23.829	6380.9927	171.9929	19.9929	 1.82	 0.19	195.61	 2.93	74.30	 0.81	10.95	 1.20	325.53	278.25	284.03	256.05	 0.00	0	51.21
2012	6	21	0.277	6381.0117	172.0115	20.0115	107.69	 0.93	184.84	 0.00	39.18	 0.00	10.75	 1.26	325.52	277.99	285.48	 0.00	283.60	0	54.00
2012	6	21	2.084	6381.0869	172.0869	20.0869	 1.19	 0.08	183.29	 2.95	 5.82	 1.00	10.80	 1.19	325.58	276.95	284.12	255.30	282.55	0	51.06
2012	6	21	4.336	6381.1807	172.1807	20.1807	 0.46	 0.06	191.04	12.88	19.03	 0.99	10.75	 1.05	325.32	274.05	281.79	252.51	 0.00	0	50.50
2012	6	21	4.778	6381.1992	172.1991	20.1991	 0.49	 0.06	172.64	10.12	31.26	 0.93	10.78	 1.03	325.25	273.53	278.89	252.47	 0.00	0	50.49
2012	6	21	6.114	6381.2549	172.2548	20.2548	 0.35	 0.04	188.02	13.11	13.55	 0.96	10.78	 0.86	325.20	272.39	274.38	 0.00	276.53	0	54.00
2012	6	21	7.478	6381.3115	172.3116	20.3116	 0.72	 0.05	176.75	 4.26	 4.25	 1.00	10.87	 0.99	325.03	272.19	277.29	252.83	278.68	0	50.57
2012	6	21	7.924	6381.3301	172.3302	20.3302	 0.67	 0.04	182.80	 4.25	 7.15	 0.99	10.83	 0.98	325.09	271.86	275.36	251.50	277.23	0	50.30
2012	6	21	9.276	6381.3867	172.3865	20.3865	 0.81	 0.05	187.00	 3.67	 2.56	 1.00	10.73	 0.86	325.38	271.55	276.02	253.51	276.65	0	50.70
2012	6	21	12.417	6381.5176	172.5174	20.5174	 0.59	 0.05	165.11	 6.58	12.17	 0.98	10.88	 1.23	325.57	274.14	277.79	 0.00	279.12	0	54.00
2012	6	21	12.856	6381.5356	172.5357	20.5357	 0.56	 0.05	176.16	 6.37	 3.01	 1.00	10.75	 1.24	325.60	275.24	281.71	256.77	282.37	0	51.35
2012	6	21	21.324	6381.8887	172.8885	20.8885	 0.46	 0.05	176.38	 9.06	 9.14	 0.99	10.93	 1.14	325.33	283.24	289.70	257.99	290.40	0	51.60
2012	6	21	23.576	6381.9824	172.9823	20.9823	 0.50	 0.07	172.08	10.92	11.91	 1.00	10.85	 1.24	325.66	277.38	284.46	255.56	282.33	0	51.11
2012	6	22	1.387	6382.0576	173.0578	21.0578	 0.48	 0.04	164.90	 7.05	 3.68	 1.00	10.73	 1.25	325.85	275.15	282.13	255.47	 0.00	0	51.09
2012	6	22	1.831	6382.0762	173.0763	21.0763	 0.45	 0.04	153.93	 6.80	 2.99	 1.00	10.83	 1.16	325.87	274.80	281.15	 0.00	281.91	0	54.00
2012	6	22	5.016	6382.2090	173.2090	21.2090	 0.45	 0.05	166.19	 8.55	 7.79	 0.99	10.83	 1.13	325.96	273.91	280.25	256.80	279.72	0	51.36
2012	6	22	5.458	6382.2275	173.2274	21.2274	 0.48	 0.05	162.79	 9.06	 6.57	 1.00	10.72	 1.20	325.76	273.89	279.31	256.96	281.08	0	51.39
2012	6	22	6.348	6382.2646	173.2645	21.2645	 0.52	 0.04	156.72	 5.87	 5.62	 0.99	10.87	 1.12	326.05	273.93	278.33	257.25	 0.00	0	51.45
2012	6	22	7.259	6382.3022	173.3025	21.3025	 0.56	 0.05	152.91	 5.97	 9.67	 0.98	10.85	 1.16	325.96	273.95	277.73	257.31	281.15	0	51.46
2012	6	22	8.601	6382.3584	173.3584	21.3584	 0.43	 0.04	175.71	 8.70	15.10	 0.94	10.75	 1.12	326.00	274.00	280.46	257.59	 0.00	0	51.52
2012	6	22	9.046	6382.3770	173.3769	21.3769	 0.20	 0.05	253.84	46.36	24.30	 0.95	10.90	 1.02	326.01	274.14	277.50	257.70	278.38	0	51.54
2012	6	22	11.773	6382.4907	173.4905	21.4905	 0.98	 0.30	158.74	13.71	1169.90	 0.55	10.78	 0.93	326.17	275.07	266.93	258.55	 0.00	0	51.71
2012	6	22	12.657	6382.5273	173.5274	21.5274	 0.43	 0.05	178.35	11.42	36.15	 0.88	10.78	 1.12	326.25	277.22	278.73	259.49	280.44	0	51.90
2012	6	22	14.001	6382.5835	173.5834	21.5834	 0.53	 0.09	188.95	15.10	136.02	 0.86	10.75	 1.13	326.58	280.88	285.32	261.39	287.96	0	52.28
2012	6	22	14.441	6382.6016	173.6017	21.6017	 0.59	 0.05	178.56	 6.57	 1.95	 1.00	10.73	 1.19	326.39	281.57	288.18	261.72	287.43	0	52.34
2012	6	22	14.880	6382.6201	173.6200	21.6200	 0.56	 0.04	178.35	 5.01	 6.59	 0.98	10.72	 1.16	326.50	283.14	290.41	262.45	288.59	0	52.49
2012	6	22	17.102	6382.7124	173.7126	21.7126	 0.14	 0.41	609.48	1405.93	5972.76	 0.95	10.77	 1.15	325.74	289.94	295.32	276.24	292.27	0	55.25
2012	6	22	19.793	6382.8247	173.8247	21.8247	 0.67	 0.06	163.06	 5.36	 4.08	 1.00	10.73	 1.26	324.51	291.54	301.03	266.05	297.18	0	53.21
2012	6	22	20.231	6382.8428	173.8429	21.8429	 0.56	 0.04	167.22	 5.43	 6.44	 0.99	10.75	 1.22	324.54	290.30	298.83	263.86	296.21	0	52.77
2012	6	22	22.940	6382.9561	173.9558	21.9558	 0.56	 0.05	160.57	 5.98	 4.23	 1.00	10.88	 1.20	325.19	281.16	288.90	 0.00	 0.00	0	54.00
2012	6	23	1.185	6383.0493	174.0494	22.0494	 0.54	 0.04	163.77	 5.94	 6.31	 0.99	10.82	 1.21	325.49	277.65	283.23	258.67	 0.00	0	51.73
2012	6	23	2.070	6383.0864	174.0862	22.0862	 0.36	 0.04	184.60	11.16	 7.72	 0.98	10.83	 1.15	325.36	276.99	283.24	258.84	282.93	0	51.77
2012	6	23	3.884	6383.1616	174.1618	22.1618	 0.41	 0.05	157.78	10.10	 9.98	 0.98	10.80	 1.17	325.48	275.54	280.57	 0.00	281.26	0	54.00
2012	6	23	4.329	6383.1802	174.1804	22.1804	 0.42	 0.06	160.70	12.45	11.43	 0.99	10.80	 1.18	325.60	275.20	281.18	255.94	281.08	0	51.19
2012	6	23	4.772	6383.1987	174.1988	22.1988	 0.32	 0.04	174.53	14.33	11.52	 0.96	10.95	 1.14	325.58	274.95	280.10	255.81	 0.00	0	51.16
2012	6	23	6.151	6383.2563	174.2563	22.2563	 0.20	 0.06	207.84	43.38	14.90	 0.98	10.85	 1.10	325.53	274.46	277.80	 0.00	 0.00	0	54.00
2012	6	23	6.592	6383.2749	174.2747	22.2747	 0.44	 0.03	146.39	 5.97	 7.22	 0.94	10.82	 1.18	325.59	274.36	281.44	 0.00	281.34	0	54.00
2012	6	23	7.955	6383.3315	174.3315	22.3315	 0.34	 0.05	157.83	14.13	18.88	 0.93	10.90	 1.10	325.56	274.00	279.19	257.86	279.63	0	51.57
2012	6	23	8.398	6383.3501	174.3499	22.3499	 0.43	 0.05	150.11	 8.48	 3.08	 1.00	10.88	 1.19	325.49	274.12	281.87	 0.00	279.78	0	54.00
2012	6	23	8.844	6383.3687	174.3685	22.3685	 0.31	 0.04	165.46	14.85	16.58	 0.91	10.78	 1.11	325.66	274.24	278.26	258.51	279.94	0	51.70
2012	6	23	10.204	6383.4253	174.4252	22.4251	 0.50	 0.06	151.73	 8.23	 2.62	 1.00	10.90	 1.26	325.64	274.36	280.99	258.96	281.53	0	51.79
2012	6	23	10.647	6383.4438	174.4436	22.4436	 0.20	 0.06	205.60	42.75	17.79	 0.97	10.78	 1.07	325.49	274.43	278.91	 0.00	278.93	0	54.00
2012	6	23	11.537	6383.4805	174.4807	22.4807	 0.47	 0.05	150.75	 7.78	 3.66	 1.00	10.92	 1.21	325.55	274.78	281.03	258.58	281.65	0	51.72
2012	6	23	12.447	6383.5186	174.5186	22.5186	 0.15	 0.06	241.38	80.98	25.91	 0.94	10.75	 1.06	325.83	277.22	276.00	 0.00	280.03	0	54.00
2012	6	23	12.889	6383.5371	174.5370	22.5370	 0.35	 0.05	162.91	13.52	12.05	 0.97	10.77	 1.18	325.87	278.84	282.20	263.29	284.53	0	52.66
2012	6	23	13.327	6383.5552	174.5553	22.5553	 0.47	 0.09	158.26	14.53	67.14	 0.90	10.73	 1.23	325.83	280.57	281.64	265.22	288.90	0	53.04
2012	6	23	14.671	6383.6113	174.6113	22.6113	 0.60	 0.05	146.61	 4.86	 2.38	 1.00	10.77	 1.29	326.09	284.56	291.11	266.23	 0.00	0	53.25
2012	6	23	17.331	6383.7222	174.7221	22.7221	 0.57	 0.05	165.51	 6.40	13.17	 0.97	10.75	 1.24	324.96	292.46	299.10	281.72	300.53	0	56.34
2012	6	23	19.583	6383.8159	174.8160	22.8160	 0.83	 0.04	180.62	 2.70	 3.34	 0.99	10.73	 1.11	322.86	293.42	303.12	268.20	297.51	0	53.64
2012	6	23	22.706	6383.9463	174.9461	22.9461	 1.09	 0.05	195.38	 2.30	 3.95	 1.00	10.83	 1.27	324.32	283.03	290.97	259.72	289.27	0	51.94
2012	6	24	2.764	6384.1152	175.1152	23.1152	 0.83	 0.05	191.23	 3.98	 2.49	 1.00	10.88	 1.20	325.42	276.88	281.41	 0.00	281.13	0	54.00
2012	6	24	12.163	6384.5068	175.5068	23.5068	 0.55	 0.04	182.29	 5.96	 5.67	 0.99	10.75	 1.03	319.42	269.95	273.01	260.29	276.15	0	52.06
2012	6	24	13.067	6384.5444	175.5444	23.5445	 0.72	 0.05	186.30	 4.61	 2.40	 1.00	10.77	 1.23	319.11	274.71	279.79	261.34	280.90	0	52.27
2012	6	24	16.608	6384.6919	175.6920	23.6920	 0.50	 0.25	181.67	44.14	270.52	 0.99	10.77	 1.14	324.02	287.96	292.06	274.54	293.30	0	54.91
2012	6	24	18.392	6384.7661	175.7663	23.7663	 0.78	 0.04	170.79	 3.26	 9.03	 0.97	10.73	 1.20	326.31	292.33	300.49	273.87	297.94	0	54.77
2012	6	24	20.206	6384.8418	175.8419	23.8419	 0.53	 0.05	161.43	 6.67	 1.60	 1.00	10.75	 1.18	326.10	290.11	299.76	262.48	295.65	0	52.50
2012	6	25	0.681	6385.0283	176.0284	24.0284	 0.54	 0.05	175.91	 6.79	 2.38	 1.00	10.97	 1.17	326.74	277.61	282.20	257.28	281.91	0	51.46
2012	6	25	1.129	6385.0469	176.0470	24.0470	 0.69	 0.04	179.03	 3.98	 5.04	 0.99	10.83	 1.27	326.76	277.08	284.24	256.28	 0.00	0	51.26
2012	6	25	3.384	6385.1411	176.1410	24.1410	 0.62	 0.04	183.71	 4.57	 4.17	 1.00	10.83	 1.20	326.44	275.70	280.50	 0.00	281.28	0	54.00
2012	6	25	4.267	6385.1777	176.1778	24.1778	 0.68	 0.04	167.43	 3.75	 8.25	 0.97	10.95	 1.18	326.77	275.69	278.98	 0.00	281.33	0	54.00
2012	6	25	4.736	6385.1973	176.1973	24.1973	 0.71	 0.04	172.96	 3.19	10.45	 0.92	10.77	 1.22	322.42	275.62	280.44	258.78	281.05	0	51.76
2012	6	25	7.414	6385.3091	176.3089	24.3089	 0.74	 0.04	195.95	 3.82	 7.55	 0.99	10.87	 0.94	315.43	270.39	279.67	257.99	 0.00	0	51.60
2012	6	25	8.298	6385.3457	176.3458	24.3458	 0.64	 0.04	194.68	 4.41	 3.33	 1.00	10.93	 0.96	325.96	271.99	273.91	258.89	277.38	0	51.78
2012	6	25	9.212	6385.3838	176.3839	24.3839	 0.70	 0.05	190.29	 5.20	 1.38	 1.00	10.77	 1.04	326.05	273.07	275.88	258.98	 0.00	0	51.80
2012	6	25	9.655	6385.4023	176.4023	24.4023	 0.70	 0.04	186.89	 4.30	 5.70	 0.99	10.78	 1.07	326.01	273.34	277.57	258.84	 0.00	0	51.77
2012	6	25	10.983	6385.4575	176.4576	24.4576	 0.59	 0.05	181.38	 6.16	 3.18	 1.00	10.80	 1.12	325.98	274.19	278.12	258.47	279.89	0	51.69
2012	6	25	12.774	6385.5322	176.5322	24.5322	 0.54	 0.04	175.20	 5.54	 1.68	 1.00	10.77	 1.24	326.42	278.60	282.93	262.62	284.55	0	52.52
2012	6	25	13.674	6385.5698	176.5698	24.5698	 1.52	 0.66	138.00	10.67	585.67	 0.90	10.78	 1.08	326.39	281.88	284.48	265.97	285.26	0	53.19
2012	6	25	15.431	6385.6431	176.6429	24.6429	 0.58	 0.03	166.12	 4.02	 3.78	 0.99	10.75	 1.23	327.44	287.86	292.81	267.28	293.73	0	53.46
2012	6	25	15.893	6385.6621	176.6622	24.6622	 0.49	 0.07	175.78	11.37	10.17	 1.00	10.80	 1.11	324.27	289.08	286.57	271.81	294.80	0	54.36
2012	6	25	19.429	6385.8096	176.8095	24.8095	 0.76	 0.04	186.38	 3.43	 2.99	 1.00	10.73	 1.14	327.18	290.13	296.21	 0.00	295.11	0	54.00
2012	6	25	20.367	6385.8486	176.8486	24.8486	 0.75	 0.04	187.70	 3.80	 4.02	 1.00	10.75	 1.15	327.21	288.69	295.46	263.62	292.31	0	52.72
2012	6	25	22.598	6385.9414	176.9416	24.9416	 1.10	 0.07	192.17	 3.05	 2.45	 1.00	10.78	 1.23	327.32	282.01	286.65	259.84	289.44	0	51.97
2012	6	25	23.933	6385.9971	176.9972	24.9972	 1.08	 0.06	188.61	 2.73	 3.03	 1.00	10.87	 1.19	327.23	279.80	285.10	 0.00	 0.00	0	54.00
2012	6	26	0.383	6386.0161	177.0159	25.0159	 1.13	 0.05	194.13	 2.21	 2.85	 1.00	10.92	 1.20	327.22	279.25	285.19	259.15	283.68	0	51.83
2012	6	26	1.747	6386.0728	177.0728	25.0728	 1.37	 0.06	201.59	 1.73	 1.79	 1.00	10.90	 1.30	327.19	278.20	285.11	258.86	 0.00	0	51.77
2012	6	26	5.339	6386.2227	177.2225	25.2225	 1.31	 0.06	197.26	 1.87	 1.21	 1.00	10.77	 1.29	327.15	277.10	282.29	 0.00	282.82	0	54.00
2012	6	26	5.783	6386.2407	177.2410	25.2410	 1.46	 0.06	198.05	 1.51	 1.43	 1.00	10.90	 1.21	327.13	277.01	282.75	258.63	 0.00	0	51.73
2012	6	26	6.679	6386.2783	177.2783	25.2783	 1.14	 0.07	196.39	 2.69	 2.47	 1.00	10.98	 1.18	327.26	276.85	280.50	258.07	282.46	0	51.61
2012	6	26	7.594	6386.3164	177.3164	25.3164	 1.37	 0.05	199.00	 1.42	 2.90	 0.99	10.78	 1.27	327.22	276.61	281.98	258.23	282.23	0	51.65
2012	6	26	8.475	6386.3530	177.3531	25.3531	 1.35	 0.07	195.57	 2.17	 3.01	 1.00	10.77	 1.18	327.16	276.56	280.23	258.42	 0.00	0	51.68
2012	6	26	8.919	6386.3716	177.3716	25.3716	 1.54	 0.09	197.08	 1.99	 1.94	 1.00	10.80	 1.29	327.05	276.51	282.89	 0.00	282.02	0	54.00
2012	6	26	10.270	6386.4277	177.4279	25.4279	 1.45	 0.07	197.60	 1.69	 4.57	 0.99	10.97	 1.28	327.19	276.47	281.75	 0.00	 0.00	0	54.00
2012	6	26	10.717	6386.4463	177.4465	25.4465	 1.38	 0.08	200.95	 2.24	 4.54	 1.00	10.80	 1.28	327.15	276.44	282.83	 0.00	281.85	0	54.00
2012	6	26	16.042	6386.6685	177.6684	25.6684	 1.14	 0.06	189.46	 2.54	 4.26	 1.00	10.73	 1.11	327.50	288.40	292.92	274.28	296.89	0	54.86
2012	6	26	16.506	6386.6875	177.6877	25.6877	 1.02	 0.08	190.04	 4.04	 1.03	 1.00	10.77	 1.05	326.91	290.30	293.11	277.15	 0.00	0	55.43
2012	6	26	17.822	6386.7427	177.7426	25.7426	 1.22	 0.06	194.66	 2.24	 3.54	 1.00	10.73	 1.18	325.85	293.46	302.12	278.07	299.09	0	55.61
2012	6	26	18.261	6386.7607	177.7609	25.7609	 1.11	 0.06	189.91	 2.54	 3.06	 1.00	10.75	 1.08	325.72	293.93	301.26	276.20	299.51	0	55.24
2012	6	26	18.728	6386.7803	177.7803	25.7803	 1.27	 0.07	188.67	 2.29	 3.46	 1.00	10.80	 1.09	325.69	293.94	301.46	274.74	299.74	0	54.95
2012	6	26	19.167	6386.7988	177.7986	25.7986	 1.31	 0.09	191.29	 2.84	 1.26	 1.00	10.73	 1.13	325.56	293.67	302.11	271.72	299.41	0	54.34
2012	6	26	20.489	6386.8535	177.8537	25.8537	 1.02	 0.05	190.92	 2.64	 5.08	 0.99	10.75	 1.04	325.34	290.44	297.66	263.32	296.41	0	52.66
2012	6	27	3.211	6387.1338	178.1338	26.1338	 1.11	 0.06	195.54	 2.78	 7.51	 0.99	10.72	 1.20	326.15	273.39	278.00	 0.00	 0.00	0	54.00
2012	6	27	4.565	6387.1904	178.1902	26.1902	 1.21	 0.07	200.26	 2.54	 1.24	 1.00	10.82	 1.28	326.20	275.05	282.02	259.65	279.45	0	51.93
2012	6	27	5.458	6387.2275	178.2274	26.2274	 1.09	 0.06	196.00	 2.56	 2.05	 1.00	10.75	 1.14	326.23	275.69	281.02	259.42	 0.00	0	51.88
2012	6	27	5.927	6387.2471	178.2470	26.2470	 1.14	 0.07	194.18	 2.74	 3.42	 1.00	10.85	 1.15	326.44	275.91	280.53	259.28	 0.00	0	51.86
2012	6	27	6.818	6387.2842	178.2841	26.2841	 1.11	 0.04	192.83	 1.87	 5.20	 0.98	10.77	 1.17	326.37	276.21	280.13	259.02	282.05	0	51.80
2012	6	27	7.260	6387.3027	178.3025	26.3025	 1.25	 0.07	195.74	 2.47	 0.69	 1.00	10.90	 1.30	326.21	276.28	282.36	259.06	 0.00	0	51.81
2012	6	27	7.704	6387.3208	178.3210	26.3210	 1.20	 0.06	196.43	 2.12	 1.04	 1.00	10.80	 1.20	326.20	276.33	282.15	259.13	283.52	0	51.83
2012	6	27	10.428	6387.4346	178.4345	26.4345	 1.05	 0.07	196.84	 3.22	 8.61	 0.99	10.95	 1.18	326.23	276.37	283.96	258.19	 0.00	0	51.64
2012	6	27	10.877	6387.4531	178.4532	26.4532	 1.14	 0.06	197.45	 2.52	 2.41	 1.00	10.87	 1.27	326.18	276.28	283.89	258.25	283.24	0	51.65
2012	6	27	16.212	6387.6753	178.6755	26.6755	 0.85	 0.04	196.54	 2.98	 1.97	 1.00	10.73	 1.25	324.97	290.22	299.06	271.32	 0.00	0	54.26
2012	6	27	17.118	6387.7134	178.7132	26.7132	 0.78	 0.05	188.53	 4.00	 2.06	 1.00	10.77	 1.09	325.06	292.29	297.22	274.37	297.74	0	54.87
2012	6	27	18.437	6387.7681	178.7682	26.7682	 0.87	 0.03	189.96	 2.32	 5.77	 0.97	10.73	 1.12	325.86	293.25	303.46	272.24	301.14	0	54.45
2012	6	27	20.658	6387.8608	178.8608	26.8608	 1.17	 0.10	187.54	 3.81	 2.32	 1.00	10.73	 1.26	325.50	288.59	296.22	262.86	294.94	0	52.57
2012	6	27	22.477	6387.9365	178.9365	26.9365	 1.10	 0.06	190.84	 2.59	 8.72	 0.98	10.85	 1.21	325.77	282.49	290.96	260.09	287.27	0	52.02
2012	6	27	22.919	6387.9551	178.9549	26.9549	 1.08	 0.07	197.91	 3.10	 7.59	 0.99	10.78	 1.30	325.82	281.48	289.90	260.07	286.26	0	52.01
2012	6	27	23.362	6387.9736	178.9734	26.9734	 0.87	 0.07	191.37	 4.62	 5.67	 1.00	10.72	 1.12	325.80	280.68	284.76	259.97	288.06	0	51.99
2012	6	28	0.714	6388.0298	179.0297	27.0297	 1.13	 0.07	196.26	 3.11	 6.92	 1.00	10.85	 1.22	325.87	278.92	284.66	260.01	284.89	0	52.00
2012	6	28	1.157	6388.0483	179.0482	27.0482	 1.22	 0.06	197.40	 2.10	 3.40	 1.00	10.82	 1.29	325.91	278.58	285.60	260.21	285.96	0	52.04
2012	6	28	1.598	6388.0664	179.0666	27.0666	 1.16	 0.05	197.77	 2.04	 2.74	 1.00	10.75	 1.29	325.83	278.31	283.32	260.30	282.87	0	52.06
2012	6	28	2.947	6388.1226	179.1228	27.1228	 1.16	 0.07	196.99	 2.63	 1.77	 1.00	10.78	 1.21	325.80	277.84	283.79	260.16	285.29	0	52.03
2012	6	28	3.391	6388.1411	179.1413	27.1413	 1.14	 0.07	195.16	 2.79	 8.97	 0.99	10.80	 1.17	325.87	277.63	283.45	260.16	 0.00	0	52.03
2012	6	28	7.431	6388.3096	179.3096	27.3096	 1.38	 0.07	202.98	 1.90	 2.63	 1.00	10.77	 1.24	326.01	277.39	284.62	260.24	284.65	0	52.05
2012	6	28	12.369	6388.5156	179.5154	27.5154	 1.07	 0.05	201.75	 2.49	 5.39	 0.99	10.75	 1.27	325.98	279.61	284.99	262.58	287.13	0	52.52
2012	6	28	15.490	6388.6455	179.6454	27.6454	 1.03	 0.06	197.80	 3.27	 1.73	 1.00	10.77	 1.20	325.72	290.12	297.72	269.64	295.98	0	53.93
2012	6	28	16.805	6388.7002	179.7002	27.7002	 1.09	 0.05	194.97	 2.04	 2.14	 1.00	10.75	 1.19	325.92	292.96	300.11	273.52	298.65	0	54.70
2012	6	28	17.245	6388.7187	179.7185	27.7185	 1.15	 0.03	197.09	 1.34	 0.98	 1.00	10.73	 1.27	326.17	293.92	301.75	276.62	299.37	0	55.32
2012	6	28	18.587	6388.7744	179.7744	27.7744	 1.00	 0.04	191.11	 2.32	 1.07	 1.00	10.75	 1.08	326.12	295.12	303.95	275.12	300.81	0	55.02
2012	6	28	19.026	6388.7930	179.7927	27.7927	 0.99	 0.06	194.51	 2.99	 4.25	 1.00	10.78	 1.12	325.88	294.91	303.66	274.38	298.46	0	54.88
2012	6	28	19.468	6388.8110	179.8112	27.8112	 1.12	 0.05	193.86	 2.26	 1.37	 1.00	10.75	 1.19	325.90	294.40	302.98	271.63	302.17	0	54.33
2012	6	28	20.810	6388.8672	179.8671	27.8671	 0.94	 0.06	192.66	 3.72	 9.28	 0.99	10.73	 1.09	326.38	290.53	300.99	266.20	296.77	0	53.24
2012	6	29	0.427	6389.0176	180.0178	28.0178	 0.97	 0.04	197.20	 2.47	 3.41	 1.00	10.78	 1.22	327.15	282.11	287.32	265.15	289.70	0	53.03
2012	6	29	1.318	6389.0547	180.0549	28.0549	 0.77	 0.10	217.34	 9.83	207.55	 0.78	10.75	 1.12	327.09	281.56	286.55	264.14	287.67	0	52.83
2012	6	29	1.757	6389.0732	180.0732	28.0732	 0.94	 0.05	193.30	 2.82	 2.80	 1.00	10.75	 1.19	327.14	281.30	285.15	 0.00	288.83	0	54.00
2012	6	29	2.667	6389.1113	180.1111	28.1111	 0.98	 0.07	194.91	 3.65	12.43	 0.99	10.88	 1.16	327.22	280.87	285.75	263.66	 0.00	0	52.73
2012	6	29	5.357	6389.2231	180.2232	28.2232	 0.96	 0.04	191.33	 2.07	 3.23	 0.99	10.83	 1.23	327.08	280.00	284.30	 0.00	286.06	0	54.00
2012	6	29	6.236	6389.2598	180.2598	28.2598	 0.89	 0.05	196.20	 3.20	 1.09	 1.00	10.83	 1.21	327.09	279.79	284.17	262.86	284.34	0	52.57
2012	6	29	9.822	6389.4092	180.4092	28.4092	 0.85	 0.04	199.50	 2.62	 4.11	 0.99	10.80	 1.07	317.65	274.11	282.84	262.07	 0.00	0	52.41
2012	6	29	10.270	6389.4277	180.4279	28.4279	 1.08	 0.07	196.11	 3.16	 1.75	 1.00	10.83	 1.25	327.13	274.91	282.46	262.21	279.46	0	52.44
2012	6	29	10.715	6389.4463	180.4465	28.4465	 0.99	 0.05	196.73	 2.99	 4.77	 1.00	10.80	 1.26	327.24	275.67	282.27	262.31	279.97	0	52.46
2012	6	29	13.387	6389.5576	180.5578	28.5578	 1.47	 0.18	173.96	 3.99	109.33	 0.81	10.75	 1.29	327.55	283.43	289.44	266.25	289.02	0	53.25
2012	6	29	13.850	6389.5771	180.5771	28.5771	 0.34	 0.22	289.23	109.70	1443.75	 0.88	10.78	 1.14	327.57	285.12	288.82	265.69	 0.00	0	53.14
2012	6	29	14.291	6389.5952	180.5955	28.5955	 0.67	 0.05	182.21	 4.86	 2.11	 1.00	10.78	 1.16	327.39	286.36	291.30	266.13	292.62	0	53.23
2012	6	29	15.168	6389.6318	180.6320	28.6320	 0.48	 0.30	228.68	67.91	276.56	 1.00	10.73	 1.14	327.27	289.80	295.15	270.46	294.80	0	54.09
2012	6	29	16.069	6389.6694	180.6696	28.6696	 0.74	 0.06	175.34	 5.27	 0.63	 1.00	10.75	 1.23	327.24	292.35	295.62	276.93	298.49	0	55.39
2012	6	29	16.509	6389.6880	180.6879	28.6879	 0.72	 0.04	178.61	 3.55	 2.06	 1.00	10.75	 1.23	326.98	293.67	300.57	278.80	 0.00	0	55.76
2012	6	29	18.286	6389.7617	180.7619	28.7619	 0.86	 0.05	184.41	 3.08	 3.66	 1.00	10.77	 1.26	318.83	295.85	306.88	 0.00	301.75	0	54.00
2012	6	29	20.507	6389.8545	180.8545	28.8545	 0.56	 0.05	184.23	 7.28	 7.49	 1.00	10.75	 1.10	319.75	291.64	300.87	265.69	300.13	0	53.14
2012	6	29	21.833	6389.9097	180.9097	28.9097	 0.78	 0.05	170.25	 3.77	 2.02	 1.00	10.95	 1.23	321.78	286.62	296.89	 0.00	293.52	0	54.00
2012	6	29	23.211	6389.9673	180.9671	28.9671	 0.73	 0.04	171.25	 3.25	 1.63	 1.00	10.87	 1.28	321.85	283.13	291.82	264.10	289.96	0	52.82
2012	6	30	1.007	6390.0420	181.0419	29.0419	 0.48	 0.04	173.03	 7.62	10.99	 0.97	10.82	 1.04	322.46	280.84	286.06	263.69	288.91	0	52.74
2012	6	30	2.780	6390.1157	181.1158	29.1158	 0.66	 0.05	177.23	 4.86	 8.09	 0.99	10.72	 1.28	322.51	280.02	286.90	 0.00	288.21	0	54.00
2012	6	30	3.247	6390.1353	181.1353	29.1353	 0.57	 0.04	179.51	 5.51	 2.84	 1.00	10.83	 1.15	322.59	279.97	288.40	264.96	285.23	0	52.99
2012	6	30	3.691	6390.1538	181.1538	29.1538	 0.54	 0.03	180.43	 4.98	 1.43	 1.00	10.80	 1.20	322.58	279.94	285.27	 0.00	 0.00	0	54.00
2012	6	30	5.021	6390.2090	181.2092	29.2092	 0.48	 0.04	180.63	 6.99	 3.54	 1.00	10.77	 1.09	322.67	279.84	287.16	265.02	286.51	0	53.00
2012	6	30	5.934	6390.2471	181.2473	29.2473	 0.54	 0.03	179.86	 5.08	 0.91	 1.00	10.73	 1.16	322.60	279.71	286.77	265.05	287.80	0	53.01
2012	6	30	6.817	6390.2842	181.2840	29.2840	 0.55	 0.05	176.74	 6.58	12.03	 0.97	10.85	 1.16	322.50	279.52	286.13	263.96	284.76	0	52.79
2012	6	30	9.060	6390.3774	181.3775	29.3775	 0.60	 0.04	175.93	 4.45	 2.10	 1.00	10.82	 1.23	322.80	279.16	284.06	 0.00	287.03	0	54.00
2012	6	30	11.304	6390.4712	181.4710	29.4710	 0.58	 0.04	173.42	 5.39	 5.89	 0.99	10.77	 1.20	322.90	279.28	283.00	 0.00	284.19	0	54.00
2012	6	30	11.752	6390.4897	181.4897	29.4897	 0.66	 0.45	195.72	52.60	2583.35	 0.90	10.80	 1.17	322.99	279.95	285.46	265.03	 0.00	0	53.01
2012	6	30	17.524	6390.7300	181.7302	29.7302	 0.53	 0.04	180.97	 5.61	 7.65	 0.98	10.73	 1.10	319.82	293.04	300.08	281.43	298.55	0	56.29
2012	6	30	17.962	6390.7485	181.7484	29.7484	 0.60	 0.05	179.07	 6.50	 8.36	 0.99	10.72	 1.13	319.73	293.82	302.75	279.99	302.05	0	56.00
2012	6	30	18.863	6390.7861	181.7859	29.7859	 0.67	 0.04	173.58	 3.52	 4.03	 0.99	10.75	 1.12	320.01	294.45	305.64	277.93	300.86	0	55.59
2012	6	30	21.082	6390.8784	181.8784	29.8784	 0.56	 0.06	180.10	 7.97	 9.11	 1.00	10.75	 1.11	321.76	289.50	299.34	266.07	296.68	0	53.21
2012	6	30	22.404	6390.9336	181.9335	29.9335	 0.75	 0.03	177.67	 2.81	 3.42	 0.99	10.77	 1.19	322.05	285.86	296.81	 0.00	294.18	0	54.00
2012	6	30	22.846	6390.9521	181.9519	29.9519	 0.57	 0.05	186.62	 6.86	 7.63	 0.99	10.88	 1.13	321.51	284.95	293.43	265.40	290.64	0	53.08
2012	6	30	23.339	6390.9727	181.9725	29.9725	 0.62	 0.04	181.57	 4.91	 4.42	 1.00	10.75	 1.16	321.57	284.11	292.47	265.25	292.58	0	53.05
