2011	9	1	0.384	6087.0161	243.0160	0.0160	 0.61	 0.04	162.14	 4.18	 4.19	 0.99	10.73	 1.24	325.95	283.56	292.58	265.16	290.18	0	53.03
2011	9	1	0.824	6087.0342	243.0343	0.0343	 0.60	 0.04	166.06	 4.19	 2.15	 1.00	10.75	 1.25	325.48	282.89	291.05	265.14	290.83	0	53.03
2011	9	1	1.288	6087.0537	243.0537	0.0537	 0.42	 0.05	176.94	10.11	 6.27	 0.99	10.78	 1.14	324.42	282.20	291.41	265.05	290.16	0	53.01
2011	9	1	2.163	6087.0903	243.0901	0.0901	 0.52	 0.03	167.55	 4.30	 1.30	 1.00	10.75	 1.24	320.45	281.18	289.71	264.96	287.91	0	52.99
2011	9	1	2.601	6087.1084	243.1084	0.1084	 0.33	 0.05	191.30	17.09	26.12	 0.92	10.77	 1.15	324.50	280.74	287.70	264.98	286.70	0	53.00
2011	9	1	4.819	6087.2007	243.2008	0.2008	 0.53	 0.05	164.90	 7.22	 3.92	 1.00	10.73	 1.25	319.72	279.31	286.63	264.02	285.48	0	52.80
2011	9	1	7.034	6087.2930	243.2931	0.2931	 0.37	 0.04	181.20	 9.90	 6.40	 0.98	10.73	 1.17	325.50	278.51	285.14	264.86	284.59	0	52.97
2011	9	1	7.472	6087.3115	243.3113	0.3113	 0.52	 0.06	165.60	 8.38	 3.10	 1.00	10.72	 1.26	325.48	278.56	284.47	264.77	286.18	0	52.95
2011	9	1	8.374	6087.3491	243.3489	0.3489	 0.50	 0.05	165.39	 7.61	 6.59	 0.99	10.80	 1.25	325.48	278.57	285.09	264.51	284.74	0	52.90
2011	9	1	9.252	6087.3857	243.3855	0.3855	 0.29	 0.05	196.62	22.50	30.12	 0.91	10.73	 1.12	325.48	278.60	284.69	264.86	286.15	0	52.97
2011	9	1	9.691	6087.4038	243.4038	0.4038	 0.35	 0.05	182.41	13.60	15.95	 0.95	10.75	 1.18	325.44	278.59	283.29	264.51	283.33	0	52.90
2011	9	1	12.373	6087.5156	243.5155	0.5155	 0.61	 0.03	173.39	 4.04	 4.56	 0.99	10.77	 1.27	325.77	282.10	287.82	268.39	290.91	0	53.68
2011	9	1	12.813	6087.5337	243.5339	0.5339	 0.37	 0.03	215.66	10.98	 8.98	 0.97	10.73	 1.17	325.82	283.86	289.79	270.05	290.55	0	54.01
2011	9	1	14.128	6087.5889	243.5887	0.5887	 0.47	 0.10	214.76	22.24	74.21	 0.98	10.73	 1.10	325.85	289.43	296.65	273.55	 0.00	0	54.71
2011	9	1	14.592	6087.6079	243.6080	0.6080	 0.92	 0.04	191.75	 2.53	 5.91	 0.98	10.75	 1.24	325.67	291.66	300.34	274.73	298.94	0	54.95
2011	9	1	15.030	6087.6265	243.6263	0.6262	 0.76	 0.04	196.16	 3.17	20.81	 0.79	10.75	 1.16	323.77	293.32	300.83	276.06	300.53	0	55.21
2011	9	1	16.343	6087.6812	243.6809	0.6809	 0.46	 0.05	200.95	11.11	48.67	 0.85	10.72	 0.89	315.90	295.44	307.53	284.78	301.40	0	56.96
2011	9	1	18.118	6087.7549	243.7549	0.7549	 0.99	 0.06	191.69	 2.95	 2.69	 1.00	10.73	 1.14	318.24	298.04	307.78	285.55	305.58	0	57.11
2011	9	1	18.555	6087.7729	243.7731	0.7731	 1.13	 0.05	193.24	 2.24	 2.84	 1.00	10.73	 1.15	317.54	297.80	308.61	283.61	304.03	0	56.72
2011	9	1	19.017	6087.7925	243.7924	0.7924	 1.08	 0.05	197.32	 2.30	 1.39	 1.00	10.78	 1.15	317.44	297.36	307.86	284.63	304.02	0	56.93
2011	9	1	19.454	6087.8105	243.8106	0.8106	 1.07	 0.05	198.37	 2.56	10.87	 0.97	10.73	 1.09	317.30	296.79	308.99	282.08	303.82	0	56.42
2011	9	1	19.892	6087.8286	243.8288	0.8288	 0.89	 0.06	192.01	 3.86	16.07	 0.97	10.73	 0.91	317.29	295.97	308.58	279.17	303.39	0	55.83
2011	9	1	20.767	6087.8652	243.8653	0.8653	 1.24	 0.09	196.94	 3.02	 3.91	 1.00	10.72	 1.11	317.63	293.87	305.65	271.14	301.55	0	54.23
2011	9	1	22.982	6087.9575	243.9576	0.9576	 1.22	 0.07	201.11	 2.49	 2.50	 1.00	10.75	 1.23	322.21	286.83	297.44	265.46	294.00	0	53.09
# Unit 3, Cerro Chajnantor CCAT, Filter  0,  Slot 1, 350 um (616) & yellow
#				days
#				since		day of	day of
# yr	mo	dy	 time	1/1/1995	year	month	Tau	unc	Tatm	unc	mse	fitgood	Etime	R	Thot	Twarm	Tchop	Tamb	<Tint>	Filter	Toff
# 1	2	3	4	5		6	7	8	9	10	11	12	13	14	15	16	17	18	19	20	21	22
2011	9	2	0.346	6088.0146	244.0144	1.0144	 1.08	 0.14	225.28	 7.47	295.13	 0.73	10.72	 1.19	321.18	284.23	291.69	265.12	291.11	0	53.02
2011	9	2	0.784	6088.0327	244.0327	1.0327	 1.33	 0.08	189.72	 2.35	 7.01	 0.99	10.72	 1.13	319.73	283.59	284.14	264.99	291.79	0	53.00
2011	9	2	1.222	6088.0508	244.0509	1.0509	 1.28	 0.05	207.62	 1.69	 7.05	 0.96	10.75	 1.26	318.92	283.11	291.96	264.95	289.96	0	52.99
2011	9	2	2.561	6088.1069	244.1067	1.1067	 1.21	 0.06	195.81	 2.35	 5.51	 0.99	10.75	 1.18	318.63	281.85	287.53	 0.00	288.85	0	54.00
2011	9	2	4.779	6088.1992	244.1991	1.1991	 1.57	 0.12	200.26	 2.61	 2.15	 1.00	10.77	 1.15	326.02	281.54	286.14	264.97	287.92	0	52.99
2011	9	2	5.217	6088.2173	244.2174	1.2174	 1.73	 0.11	202.03	 1.89	 6.70	 0.99	10.82	 1.24	326.02	281.56	287.84	265.00	289.33	0	53.00
2011	9	2	6.120	6088.2549	244.2550	1.2550	 1.78	 0.12	199.34	 2.00	 9.57	 0.99	10.77	 1.17	326.05	281.50	287.62	265.05	289.31	0	53.01
2011	9	2	8.339	6088.3477	244.3475	1.3475	 2.13	 0.16	206.58	 1.74	 3.81	 1.00	10.75	 1.23	325.78	281.00	288.29	264.27	287.14	0	52.85
2011	9	2	9.657	6088.4023	244.4024	1.4024	 1.88	 0.13	200.31	 1.94	 3.75	 1.00	10.73	 1.13	325.69	280.64	283.91	263.86	 0.00	0	52.77
2011	9	2	10.558	6088.4399	244.4399	1.4399	 1.90	 0.13	203.26	 1.90	 1.00	 1.00	10.75	 1.22	324.86	280.42	287.32	 0.00	285.08	0	54.00
2011	9	2	10.997	6088.4580	244.4582	1.4582	 1.87	 0.09	205.12	 1.40	 9.84	 0.94	10.73	 1.28	323.46	280.44	285.93	264.62	286.45	0	52.92
2011	9	2	11.435	6088.4766	244.4765	1.4765	 1.81	 0.10	202.72	 1.68	 3.26	 1.00	10.73	 1.21	323.39	281.01	284.94	265.09	286.61	0	53.02
2011	9	2	12.312	6088.5132	244.5130	1.5130	 1.67	 0.07	206.32	 1.42	 1.91	 1.00	10.72	 1.24	323.57	283.26	289.26	267.06	289.73	0	53.41
2011	9	2	13.212	6088.5503	244.5505	1.5505	 1.86	 0.10	207.12	 1.47	 5.62	 0.98	10.73	 1.19	324.83	286.49	292.62	270.48	290.97	0	54.10
2011	9	2	13.649	6088.5688	244.5687	1.5687	 1.86	 0.13	205.45	 1.96	 3.83	 1.00	10.70	 1.22	325.70	288.43	295.41	271.67	295.54	0	54.33
2011	9	2	14.087	6088.5869	244.5870	1.5870	 1.97	 0.12	208.29	 1.61	 5.55	 0.99	10.72	 1.22	326.13	290.16	298.33	272.37	297.42	0	54.47
2011	9	2	14.525	6088.6050	244.6052	1.6052	 2.03	 0.15	205.29	 1.86	 4.72	 1.00	10.75	 1.11	326.04	292.03	300.12	272.39	299.09	0	54.48
2011	9	2	14.987	6088.6245	244.6245	1.6245	 2.02	 0.12	205.45	 1.51	 1.81	 1.00	10.77	 1.13	326.00	293.53	301.75	272.96	300.57	0	54.59
2011	9	2	15.862	6088.6611	244.6609	1.6609	 2.26	 0.14	209.22	 1.32	 0.99	 1.00	10.75	 1.21	326.35	296.04	306.24	277.74	302.56	0	55.55
2011	9	2	16.739	6088.6973	244.6974	1.6975	 2.94	 0.49	227.75	 2.38	59.03	 0.84	10.82	 1.19	323.69	297.52	298.43	282.01	305.78	0	56.40
2011	9	2	18.079	6088.7534	244.7533	1.7533	 2.13	 0.16	199.42	 1.66	 1.15	 1.00	10.73	 1.07	316.71	298.15	307.03	282.28	306.19	0	56.46
2011	9	2	22.067	6088.9194	244.9194	1.9194	 1.54	 0.14	204.70	 3.19	 1.64	 1.00	10.73	 1.16	321.20	288.61	300.20	265.87	294.62	0	53.17
2011	9	2	22.505	6088.9375	244.9377	1.9377	 1.28	 0.31	228.21	11.75	418.88	 0.94	10.75	 1.10	321.21	287.43	299.42	265.72	294.93	0	53.14
2011	9	3	0.748	6089.0312	245.0312	2.0312	 1.82	 0.09	205.79	 1.44	 0.77	 1.00	10.78	 1.18	320.94	283.23	290.03	264.98	290.33	0	53.00
2011	9	3	1.186	6089.0493	245.0494	2.0494	 1.84	 0.13	201.90	 2.06	 1.42	 1.00	10.73	 1.12	321.15	282.90	290.95	264.98	288.29	0	53.00
2011	9	3	3.401	6089.1416	245.1417	2.1417	 2.16	 0.17	206.39	 1.86	 4.02	 1.00	10.73	 1.17	317.02	281.31	289.94	265.08	288.25	0	53.02
2011	9	3	4.299	6089.1792	245.1791	2.1791	 2.14	 0.19	204.09	 2.00	 1.70	 1.00	10.75	 1.23	321.76	280.86	287.27	265.16	285.89	0	53.03
2011	9	3	6.961	6089.2900	245.2900	2.2900	 1.51	 0.10	197.47	 2.29	 4.35	 1.00	10.77	 1.06	318.64	275.42	282.85	 0.00	280.90	0	54.00
2011	9	3	7.842	6089.3267	245.3267	2.3267	 1.69	 0.10	202.09	 1.89	 2.39	 1.00	10.73	 1.20	322.26	276.39	281.22	263.18	282.57	0	52.64
2011	9	3	9.182	6089.3828	245.3826	2.3826	 1.77	 0.10	200.46	 1.71	 2.27	 1.00	10.80	 1.24	321.65	277.26	282.04	262.46	283.55	0	52.49
2011	9	3	10.501	6089.4375	245.4375	2.4375	 1.68	 0.09	200.60	 1.73	 4.04	 1.00	10.72	 1.18	321.57	277.67	282.20	262.46	284.02	0	52.49
2011	9	3	10.964	6089.4570	245.4568	2.4568	 1.88	 0.09	203.62	 1.36	 5.61	 0.98	10.75	 1.28	321.60	277.94	284.03	263.27	282.55	0	52.65
2011	9	3	11.839	6089.4932	245.4933	2.4933	 1.49	 0.11	198.75	 2.60	 4.99	 1.00	10.75	 1.19	321.81	279.37	283.17	265.70	283.84	0	53.14
2011	9	3	14.055	6089.5854	245.5856	2.5856	 1.69	 0.12	206.71	 2.29	 6.93	 1.00	10.75	 1.21	323.38	286.35	295.60	265.67	293.25	0	53.13
2011	9	3	14.494	6089.6040	245.6039	2.6039	 1.49	 0.09	200.48	 2.08	 7.66	 0.99	10.72	 1.12	323.31	287.91	294.68	266.09	294.65	0	53.22
2011	9	3	14.933	6089.6221	245.6222	2.6222	 1.74	 0.13	200.64	 2.21	 2.46	 1.00	10.77	 1.19	323.26	289.24	295.08	265.60	295.90	0	53.12
2011	9	3	17.610	6089.7339	245.7337	2.7337	 1.81	 0.16	198.90	 2.47	 8.42	 1.00	10.77	 1.16	319.17	294.41	303.24	277.75	300.09	0	55.55
2011	9	3	21.574	6089.8989	245.8989	2.8989	 1.99	 0.21	202.58	 2.63	 4.23	 1.00	10.73	 1.15	319.84	288.84	299.79	268.94	294.58	0	53.79
2011	9	3	22.916	6089.9551	245.9548	2.9548	 2.29	 0.19	200.99	 1.71	 0.35	 1.00	10.73	 1.14	319.62	284.84	295.31	263.15	291.91	0	52.63
2011	9	3	23.795	6089.9917	245.9915	2.9915	 2.24	 0.16	198.94	 1.52	 4.15	 1.00	10.73	 1.21	320.11	282.88	288.99	261.97	289.99	0	52.39
2011	9	4	0.722	6090.0303	246.0301	3.0301	 3.04	 0.42	200.60	 1.62	 2.53	 1.00	10.73	 1.12	320.24	281.26	288.99	261.49	288.01	0	52.30
2011	9	4	1.160	6090.0483	246.0483	3.0483	 2.76	 0.23	206.72	 1.25	10.61	 0.93	10.82	 1.27	320.19	280.74	289.19	262.25	285.97	0	52.45
2011	9	4	2.037	6090.0850	246.0849	3.0849	 2.43	 0.22	204.50	 1.71	 1.51	 1.00	10.82	 1.22	319.85	280.06	286.68	262.68	285.24	0	52.54
2011	9	4	2.942	6090.1226	246.1226	3.1226	 2.66	 0.25	206.06	 1.47	 6.40	 0.99	10.73	 1.26	319.77	279.50	288.30	262.80	286.24	0	52.56
2011	9	4	3.821	6090.1592	246.1592	3.1592	 2.68	 0.27	205.59	 1.59	 1.79	 1.00	10.72	 1.30	320.26	279.11	286.16	262.48	285.78	0	52.50
2011	9	4	4.258	6090.1772	246.1774	3.1774	 2.37	 0.19	202.42	 1.57	 2.20	 1.00	10.72	 1.19	320.39	278.97	286.22	262.29	287.10	0	52.46
2011	9	4	4.722	6090.1968	246.1967	3.1967	 2.24	 0.16	206.48	 1.51	 2.26	 1.00	10.77	 1.22	320.42	278.79	286.78	262.28	283.93	0	52.46
2011	9	4	5.601	6090.2334	246.2334	3.2334	 2.09	 0.16	203.08	 1.82	 2.15	 1.00	10.73	 1.15	320.40	278.49	286.06	261.94	285.12	0	52.39
2011	9	4	6.480	6090.2700	246.2700	3.2700	 2.28	 0.19	203.70	 1.70	 7.18	 0.99	10.77	 1.20	320.31	278.20	285.47	261.79	283.34	0	52.36
2011	9	4	6.945	6090.2896	246.2894	3.2894	 2.06	 0.15	205.03	 1.76	 7.96	 0.99	10.77	 1.14	320.32	278.04	286.78	261.60	 0.00	0	52.32
2011	9	4	7.383	6090.3076	246.3076	3.3076	 2.34	 0.19	203.92	 1.62	 1.86	 1.00	10.72	 1.22	320.48	277.94	285.44	261.98	284.55	0	52.40
2011	9	4	8.704	6090.3628	246.3627	3.3627	 1.95	 0.17	197.83	 2.19	 5.33	 1.00	10.75	 1.11	320.59	277.65	282.37	261.32	285.57	0	52.26
2011	9	4	9.167	6090.3818	246.3819	3.3819	 2.09	 0.18	201.05	 2.05	 2.56	 1.00	10.73	 1.19	320.80	277.56	282.64	261.29	282.57	0	52.26
2011	9	4	9.607	6090.4004	246.4003	3.4003	 2.21	 0.21	204.38	 2.08	 7.78	 1.00	10.72	 1.29	320.68	277.50	284.67	261.23	283.90	0	52.25
2011	9	4	10.047	6090.4185	246.4186	3.4186	 2.36	 0.19	203.10	 1.54	 3.55	 1.00	10.83	 1.27	320.54	277.42	285.14	 0.00	282.40	0	54.00
2011	9	4	10.486	6090.4370	246.4369	3.4369	 2.30	 0.17	205.95	 1.54	 3.67	 1.00	10.78	 1.30	320.44	277.36	284.98	261.27	 0.00	0	52.25
2011	9	4	11.389	6090.4746	246.4745	3.4745	 1.97	 0.20	203.08	 2.65	 2.11	 1.00	10.82	 1.16	320.60	277.91	284.33	262.89	284.19	0	52.58
2011	9	4	12.266	6090.5112	246.5111	3.5111	 1.62	 0.09	196.41	 1.84	 2.90	 1.00	10.73	 1.13	320.89	279.71	285.48	264.94	288.50	0	52.99
2011	9	4	12.704	6090.5293	246.5293	3.5293	 1.61	 0.08	200.17	 1.70	 3.15	 1.00	10.73	 1.24	321.14	280.87	288.60	266.12	287.66	0	53.22
2011	9	4	13.142	6090.5474	246.5476	3.5476	 1.83	 0.13	198.83	 2.02	 5.37	 1.00	10.73	 1.24	321.46	282.21	286.42	266.19	286.58	0	53.24
2011	9	4	13.604	6090.5669	246.5668	3.5668	 1.70	 0.10	203.80	 1.82	 4.55	 1.00	10.77	 1.23	319.10	283.61	291.63	266.14	290.07	0	53.23
2011	9	4	16.250	6090.6772	246.6771	3.6771	 1.70	 0.14	199.17	 2.60	12.17	 0.99	10.78	 1.22	321.78	287.05	292.14	272.43	291.75	0	54.49
2011	9	4	16.688	6090.6953	246.6953	3.6953	 1.88	 0.12	201.40	 1.71	 2.06	 1.00	10.73	 1.28	321.78	288.54	295.68	273.56	293.88	0	54.71
2011	9	4	18.026	6090.7510	246.7511	3.7511	 1.90	 0.18	191.86	 2.45	13.68	 0.99	10.75	 1.10	318.78	291.34	297.14	275.73	294.87	0	55.15
2011	9	4	18.464	6090.7695	246.7693	3.7694	 1.72	 0.16	197.91	 2.85	12.15	 0.99	10.73	 1.16	319.24	291.62	300.34	276.11	299.45	0	55.22
2011	9	4	19.341	6090.8057	246.8059	3.8059	 1.89	 0.23	195.03	 3.19	29.27	 0.98	10.75	 1.07	320.51	291.51	299.48	274.10	297.84	0	54.82
2011	9	4	20.680	6090.8618	246.8616	3.8617	 2.02	 0.09	207.37	 1.18	 5.58	 0.96	10.75	 1.28	320.09	289.38	299.86	267.79	296.86	0	53.56
2011	9	4	21.557	6090.8984	246.8982	3.8982	 2.20	 0.20	204.62	 1.99	 2.40	 1.00	10.73	 1.25	320.41	287.00	297.87	267.27	296.64	0	53.45
2011	9	4	22.458	6090.9355	246.9357	3.9357	 1.50	 0.42	195.85	 9.93	17.52	 1.00	10.77	 1.10	320.60	284.28	293.05	261.75	291.50	0	52.35
2011	9	4	23.334	6090.9722	246.9723	3.9723	 1.51	 0.10	204.98	 2.45	19.04	 0.96	10.73	 1.24	321.58	282.08	290.27	260.10	288.82	0	52.02
2011	9	5	0.703	6091.0293	247.0293	4.0293	 1.45	 0.09	198.52	 2.24	 1.77	 1.00	10.82	 1.22	321.66	279.46	286.72	259.26	286.26	0	51.85
2011	9	5	1.142	6091.0474	247.0476	4.0476	 1.13	 0.05	195.11	 2.20	 1.35	 1.00	10.70	 1.17	321.44	278.83	284.95	259.26	286.68	0	51.85
2011	9	5	3.357	6091.1396	247.1399	4.1399	 1.21	 0.06	201.72	 2.36	 4.53	 1.00	10.75	 1.30	321.28	277.12	285.66	260.19	283.58	0	52.04
2011	9	5	4.235	6091.1763	247.1765	4.1764	 1.28	 0.08	197.25	 2.71	 4.49	 1.00	10.70	 1.27	321.93	276.77	284.18	259.97	284.65	0	51.99
2011	9	5	5.134	6091.2139	247.2139	4.2139	 1.22	 0.11	199.51	 3.86	 5.57	 1.00	10.77	 1.22	322.41	276.51	282.72	259.83	 0.00	0	51.97
2011	9	5	5.574	6091.2324	247.2322	4.2322	 1.18	 0.08	199.77	 3.17	 2.38	 1.00	10.75	 1.26	322.82	276.37	284.81	259.49	282.56	0	51.90
2011	9	5	6.893	6091.2871	247.2872	4.2872	 1.26	 0.06	204.37	 1.98	20.84	 0.82	10.73	 1.29	322.92	276.02	283.04	259.11	282.20	0	51.82
2011	9	5	7.355	6091.3066	247.3065	4.3065	 1.28	 0.08	194.00	 2.46	10.70	 0.98	10.78	 1.20	323.06	275.92	282.49	259.00	282.07	0	51.80
2011	9	5	8.234	6091.3433	247.3431	4.3431	 1.24	 0.07	199.61	 2.55	 1.35	 1.00	10.80	 1.29	323.42	275.75	283.38	258.85	281.81	0	51.77
2011	9	5	9.576	6091.3989	247.3990	4.3990	 1.10	 0.07	193.05	 2.96	 2.20	 1.00	10.77	 1.14	323.21	275.51	280.04	258.65	 0.00	0	51.73
2011	9	5	10.019	6091.4175	247.4175	4.4175	 1.08	 0.05	194.16	 2.18	 2.71	 1.00	10.90	 1.17	323.22	275.44	280.32	258.61	280.08	0	51.72
2011	9	5	10.899	6091.4541	247.4541	4.4541	 1.14	 0.06	201.09	 2.46	 1.78	 1.00	10.72	 1.27	323.22	275.47	285.47	259.23	279.91	0	51.85
2011	9	5	11.799	6091.4917	247.4916	4.4916	 1.18	 0.05	197.63	 1.88	 3.69	 0.99	10.77	 1.26	323.44	276.67	283.11	260.72	282.29	0	52.14
2011	9	5	12.239	6091.5098	247.5099	4.5100	 1.15	 0.06	190.62	 2.32	13.81	 0.94	10.73	 1.22	323.40	277.72	282.96	261.30	286.10	0	52.26
2011	9	5	13.114	6091.5464	247.5464	4.5464	 1.22	 0.07	193.96	 2.31	 4.51	 1.00	10.73	 1.24	323.52	280.19	284.96	263.35	289.07	0	52.67
2011	9	5	14.014	6091.5840	247.5839	4.5839	 1.24	 0.06	199.99	 2.18	 2.04	 1.00	10.77	 1.28	324.00	283.28	289.44	264.28	 0.00	0	52.86
2011	9	5	14.453	6091.6021	247.6022	4.6022	 1.21	 0.07	201.76	 2.70	 2.52	 1.00	10.72	 1.28	324.15	284.80	292.17	265.43	290.79	0	53.09
2011	9	5	14.890	6091.6206	247.6204	4.6204	 1.21	 0.06	200.46	 2.21	 8.54	 0.98	10.73	 1.26	324.24	286.20	292.91	266.06	292.36	0	53.21
2011	9	5	15.327	6091.6387	247.6386	4.6386	 1.71	 0.15	191.05	 2.56	 5.74	 1.00	10.70	 1.21	323.82	287.54	293.52	265.87	293.53	0	53.17
2011	9	5	16.230	6091.6763	247.6762	4.6762	 1.00	 0.07	205.33	 4.13	16.86	 0.99	10.83	 1.11	323.56	289.43	296.91	269.40	295.45	0	53.88
2011	9	5	17.107	6091.7129	247.7128	4.7128	 1.53	 0.15	196.02	 3.45	 6.69	 1.00	10.77	 1.16	322.98	291.38	301.47	272.79	294.74	0	54.56
2011	9	5	18.446	6091.7686	247.7686	4.7686	 1.70	 0.20	194.68	 3.49	 7.74	 1.00	10.77	 1.08	322.26	292.47	300.28	274.75	298.21	0	54.95
2011	9	5	21.099	6091.8789	247.8791	4.8791	 1.22	 0.08	189.91	 2.82	 3.51	 1.00	10.77	 1.08	322.33	288.36	296.54	266.66	293.51	0	53.33
2011	9	5	23.319	6091.9717	247.9716	4.9716	 1.15	 0.13	197.70	 5.43	13.19	 1.00	10.80	 1.16	323.29	281.71	280.40	259.38	286.82	0	51.88
2011	9	5	23.757	6091.9897	247.9899	4.9899	 1.13	 0.08	207.37	 3.50	32.07	 0.94	10.73	 1.23	323.19	280.81	287.67	259.16	287.17	0	51.83
2011	9	6	1.123	6092.0469	248.0468	5.0468	 1.00	 0.06	187.14	 3.16	 7.70	 0.99	10.75	 1.10	323.23	278.68	277.75	259.40	283.44	0	51.88
2011	9	6	1.562	6092.0649	248.0651	5.0651	 0.98	 0.06	190.06	 3.14	 2.43	 1.00	10.72	 1.26	322.88	278.14	284.07	259.32	285.87	0	51.86
2011	9	6	2.876	6092.1196	248.1198	5.1198	 0.87	 0.05	191.92	 3.62	 7.49	 0.99	10.72	 1.18	322.90	276.93	282.92	259.15	283.13	0	51.83
2011	9	6	3.342	6092.1392	248.1392	5.1392	 0.77	 0.05	185.77	 4.32	 7.95	 0.99	10.80	 1.11	322.97	276.59	281.31	259.07	282.81	0	51.81
2011	9	6	3.781	6092.1577	248.1575	5.1575	 0.72	 0.06	185.86	 5.89	 8.13	 1.00	10.73	 1.21	322.99	276.35	282.43	 0.00	282.51	0	54.00
2011	9	6	5.560	6092.2314	248.2317	5.2317	 0.86	 0.05	195.99	 3.87	 5.12	 1.00	10.78	 1.21	323.13	275.61	284.72	258.36	280.29	0	51.67
2011	9	6	5.999	6092.2500	248.2500	5.2500	 0.81	 0.06	191.41	 4.34	26.59	 0.93	10.75	 1.19	323.12	275.46	281.86	258.11	 0.00	0	51.62
2011	9	6	7.316	6092.3047	248.3048	5.3048	 1.03	 0.05	189.13	 2.59	 0.85	 1.00	10.73	 1.21	322.04	274.96	281.85	257.62	280.89	0	51.52
2011	9	6	7.783	6092.3242	248.3243	5.3243	 0.90	 0.06	192.44	 3.54	10.47	 0.99	10.83	 1.27	318.44	274.66	283.99	257.62	281.36	0	51.52
2011	9	6	13.552	6092.5645	248.5647	5.5647	 1.09	 0.13	175.12	 5.07	 8.46	 1.00	10.73	 1.27	325.45	275.85	279.66	262.81	282.07	0	52.56
2011	9	6	14.455	6092.6021	248.6023	5.6023	 0.82	 0.06	185.59	 4.58	13.10	 0.99	10.78	 1.15	321.84	280.76	281.93	 0.00	286.37	0	54.00
2011	9	6	19.316	6092.8047	248.8048	5.8048	 1.21	 0.10	199.31	 3.79	 3.82	 1.00	10.77	 1.19	322.99	289.79	296.77	273.88	293.41	0	54.78
2011	9	6	20.191	6092.8413	248.8413	5.8413	 1.16	 0.07	194.76	 2.93	 6.63	 1.00	10.73	 1.17	322.66	289.06	297.24	270.23	295.42	0	54.05
2011	9	7	0.183	6093.0078	249.0076	6.0076	 0.80	 0.04	187.85	 3.47	 4.92	 0.99	10.72	 1.21	324.41	279.61	286.17	260.04	 0.00	0	52.01
2011	9	7	0.621	6093.0259	249.0259	6.0259	 0.70	 0.05	188.36	 4.80	 9.17	 0.99	10.73	 1.16	324.48	279.04	284.69	 0.00	285.27	0	54.00
2011	9	7	3.767	6093.1567	249.1570	6.1569	 0.69	 0.06	185.27	 6.51	 2.17	 1.00	10.82	 1.16	324.81	276.72	283.46	259.47	282.83	0	51.89
2011	9	7	4.205	6093.1753	249.1752	6.1752	 0.73	 0.06	181.02	 5.19	11.62	 0.99	10.73	 1.20	324.74	276.54	282.78	259.51	282.58	0	51.90
2011	9	7	5.084	6093.2119	249.2119	6.2119	 0.75	 0.04	185.97	 3.11	10.73	 0.93	10.75	 1.28	324.77	276.18	283.20	259.25	283.58	0	51.85
2011	9	7	5.523	6093.2300	249.2301	6.2301	 0.62	 0.06	187.74	 6.87	 4.13	 1.00	10.78	 1.19	324.82	276.03	282.04	259.19	282.06	0	51.84
2011	9	7	5.987	6093.2495	249.2495	6.2495	 0.66	 0.07	183.03	 7.42	 8.24	 1.00	10.75	 1.19	324.83	275.90	282.04	259.25	281.91	0	51.85
2011	9	7	6.426	6093.2676	249.2677	6.2677	 0.70	 0.06	183.86	 5.99	 3.27	 1.00	10.77	 1.25	324.91	275.83	279.98	259.49	281.82	0	51.90
2011	9	7	7.741	6093.3228	249.3225	6.3225	 0.80	 0.06	181.67	 4.48	 3.66	 1.00	10.73	 1.24	324.85	275.61	283.09	259.30	 0.00	0	51.86
2011	9	7	9.085	6093.3784	249.3786	6.3786	 0.63	 0.04	183.53	 4.88	 3.99	 1.00	10.78	 1.15	324.89	275.43	278.49	259.05	282.68	0	51.81
2011	9	7	9.524	6093.3970	249.3968	6.3968	 0.72	 0.04	181.79	 3.94	 8.02	 0.98	10.75	 1.21	324.90	275.36	280.62	258.70	279.91	0	51.74
2011	9	7	9.964	6093.4150	249.4152	6.4152	 0.79	 0.05	183.29	 3.77	 2.40	 1.00	10.80	 1.22	324.98	275.33	282.64	258.85	281.14	0	51.77
2011	9	7	10.430	6093.4346	249.4346	6.4346	 0.64	 0.05	188.20	 5.43	 6.18	 1.00	10.73	 1.10	324.99	275.26	280.98	258.78	281.12	0	51.76
2011	9	7	11.308	6093.4712	249.4712	6.4712	 0.82	 0.05	190.18	 3.45	 4.67	 1.00	10.80	 1.24	325.06	275.79	284.33	260.06	279.91	0	52.01
2011	9	7	12.649	6093.5269	249.5270	6.5270	 0.91	 0.06	187.48	 3.95	 1.88	 1.00	10.75	 1.22	325.34	278.80	284.10	261.87	286.52	0	52.37
2011	9	7	13.090	6093.5454	249.5454	6.5454	 0.90	 0.04	185.88	 2.62	 3.56	 1.00	10.72	 1.24	325.34	280.14	285.02	262.83	286.41	0	52.57
2011	9	7	14.869	6093.6196	249.6196	6.6195	 1.08	 0.05	193.40	 2.27	10.39	 0.96	10.77	 1.29	324.54	286.32	295.42	266.05	294.65	0	53.21
2011	9	7	16.184	6093.6743	249.6743	6.6743	 1.19	 0.07	194.14	 2.56	 8.15	 0.99	10.73	 1.19	321.85	289.27	296.88	269.39	292.89	0	53.88
2011	9	7	16.622	6093.6924	249.6926	6.6926	 1.33	 0.11	199.71	 3.51	 9.72	 1.00	10.72	 1.26	320.59	290.17	298.49	271.83	298.45	0	54.37
2011	9	7	20.172	6093.8403	249.8405	6.8405	 1.56	 0.11	198.81	 2.29	 3.80	 1.00	10.75	 1.27	320.13	289.33	298.07	266.08	295.95	0	53.22
2011	9	7	20.611	6093.8589	249.8588	6.8588	 1.36	 0.08	188.88	 2.17	 7.20	 0.99	10.73	 1.04	321.23	288.32	295.87	265.80	295.08	0	53.16
2011	9	7	21.047	6093.8770	249.8770	6.8770	 1.59	 0.10	194.88	 2.00	 7.69	 0.99	10.73	 1.20	321.54	286.99	295.06	265.58	294.16	0	53.12
2011	9	8	0.163	6094.0068	250.0068	7.0068	 1.28	 0.08	188.65	 2.54	 1.60	 1.00	10.73	 0.99	317.55	273.54	280.28	256.83	278.76	0	51.37
2011	9	8	2.844	6094.1187	250.1185	7.1185	 1.47	 0.12	194.07	 2.98	 5.13	 1.00	10.72	 1.09	323.76	273.41	278.76	255.33	279.25	0	51.07
2011	9	8	3.281	6094.1367	250.1367	7.1367	 1.53	 0.12	197.99	 2.75	 2.12	 1.00	10.73	 1.19	323.71	273.29	280.31	255.43	279.15	0	51.09
2011	9	8	3.719	6094.1548	250.1550	7.1550	 1.57	 0.08	196.44	 1.80	 6.21	 0.99	10.73	 1.20	323.75	273.21	280.37	255.56	278.99	0	51.11
2011	9	8	4.621	6094.1924	250.1925	7.1925	 1.28	 0.08	196.54	 2.53	 1.20	 1.00	10.70	 1.17	323.74	273.07	280.64	255.41	278.85	0	51.08
2011	9	8	5.499	6094.2290	250.2291	7.2291	 1.04	 0.07	199.06	 3.70	 7.32	 1.00	10.72	 1.15	323.76	272.97	276.13	 0.00	278.71	0	54.00
2011	9	8	5.937	6094.2476	250.2474	7.2474	 1.13	 0.08	190.54	 3.20	 7.77	 1.00	10.73	 1.12	323.66	272.91	277.84	255.14	277.24	0	51.03
2011	9	8	6.402	6094.2666	250.2668	7.2668	 1.14	 0.07	188.38	 2.61	 6.49	 0.99	11.15	 1.06	319.31	272.71	279.37	 0.00	279.24	0	54.00
2011	9	8	9.521	6094.3965	250.3967	7.3967	 0.99	 0.12	174.43	 5.73	 3.68	 1.00	10.72	 0.71	321.45	267.73	274.51	254.02	273.36	0	50.80
2011	9	8	10.396	6094.4331	250.4332	7.4332	 0.85	 0.07	171.34	 4.42	 8.04	 1.00	10.73	 0.75	322.36	268.90	273.37	253.45	275.87	0	50.69
2011	9	8	11.301	6094.4707	250.4709	7.4709	 0.72	 0.08	165.23	 6.59	22.35	 0.98	10.73	 0.90	322.52	270.08	273.27	255.02	276.99	0	51.00
2011	9	8	11.741	6094.4893	250.4892	7.4892	 0.76	 0.06	156.53	 4.34	 1.56	 1.00	10.73	 1.14	322.58	271.01	275.32	256.10	276.61	0	51.22
2011	9	8	12.178	6094.5073	250.5074	7.5074	 0.49	 0.05	162.66	 8.83	12.27	 0.98	10.73	 1.16	323.11	272.26	275.33	257.10	278.05	0	51.42
2011	9	8	12.616	6094.5259	250.5257	7.5257	 0.58	 0.05	160.67	 6.29	13.48	 0.97	10.78	 1.26	323.12	273.85	277.09	257.85	279.86	0	51.57
2011	9	8	13.083	6094.5449	250.5451	7.5451	 0.78	 0.07	154.16	 4.64	 5.29	 1.00	10.77	 1.29	323.35	275.58	280.74	258.89	284.53	0	51.78
2011	9	8	13.522	6094.5635	250.5634	7.5634	 0.61	 0.05	154.23	 5.24	10.69	 0.98	10.73	 1.20	322.67	277.36	282.05	259.87	283.85	0	51.97
2011	9	8	13.960	6094.5815	250.5816	7.5817	 0.57	 0.06	160.11	 7.17	 0.89	 1.00	10.72	 1.23	321.90	279.08	284.23	261.53	285.69	0	52.31
2011	9	8	14.397	6094.6001	250.5999	7.5999	 0.55	 0.05	167.65	 7.04	 8.49	 0.99	10.73	 1.22	321.93	280.88	287.99	262.27	284.59	0	52.45
2011	9	8	14.835	6094.6182	250.6181	7.6181	 0.51	 0.05	161.57	 8.16	 7.67	 0.99	10.73	 1.20	321.16	282.52	289.11	263.72	288.90	0	52.74
2011	9	8	15.297	6094.6372	250.6374	7.6374	 0.62	 0.07	152.77	 6.79	 5.67	 1.00	10.77	 1.19	322.44	284.31	291.09	266.50	290.39	0	53.30
2011	9	8	16.610	6094.6919	250.6921	7.6921	 0.56	 0.04	170.03	 5.83	 6.11	 0.99	10.75	 1.25	318.65	288.07	295.28	271.98	293.85	0	54.40
2011	9	8	17.047	6094.7104	250.7103	7.7103	 0.60	 0.05	159.55	 5.09	 3.84	 1.00	10.73	 1.21	318.88	288.64	297.32	272.14	294.13	0	54.43
2011	9	8	17.509	6094.7295	250.7295	7.7295	 0.47	 0.04	181.05	 8.39	 6.48	 0.99	10.75	 1.15	320.72	289.42	296.29	 0.00	294.97	0	54.00
2011	9	8	20.160	6094.8398	250.8400	7.8400	 0.84	 0.08	170.96	 4.94	54.84	 0.84	10.77	 1.11	321.47	288.75	299.09	270.42	295.57	0	54.08
2011	9	8	20.596	6094.8584	250.8582	7.8582	 0.66	 0.04	195.81	 4.13	 9.26	 0.97	10.72	 1.15	321.57	287.85	298.10	265.81	294.78	0	53.16
2011	9	8	21.034	6094.8765	250.8764	7.8764	 0.88	 0.05	192.22	 3.68	20.34	 0.94	10.77	 1.22	321.42	286.70	297.81	265.39	293.76	0	53.08
2011	9	8	22.815	6094.9507	250.9506	7.9506	 1.06	 0.13	182.77	 5.89	22.56	 1.00	10.73	 1.30	322.30	280.99	291.73	257.94	287.55	0	51.59
2011	9	8	23.254	6094.9687	250.9689	7.9689	 0.70	 0.06	180.83	 5.35	 7.55	 1.00	10.80	 1.12	322.55	279.76	287.80	257.60	284.97	0	51.52
2011	9	8	23.694	6094.9873	250.9873	7.9873	 0.63	 0.06	198.72	 7.98	 9.03	 1.00	10.73	 1.28	322.65	278.69	286.79	256.96	285.62	0	51.39
2011	9	9	1.471	6095.0615	251.0613	8.0613	 0.63	 0.07	173.26	 7.89	 2.92	 1.00	10.72	 1.23	322.70	275.57	281.69	255.16	282.94	0	51.03
2011	9	9	1.909	6095.0796	251.0796	8.0796	 0.50	 0.06	185.18	 9.83	30.87	 0.93	10.73	 1.14	322.61	275.04	284.17	255.16	280.98	0	51.03
2011	9	9	2.399	6095.1001	251.0999	8.0999	 0.54	 0.05	182.28	 8.27	 3.94	 1.00	10.75	 1.20	322.88	274.60	282.29	256.58	280.67	0	51.32
2011	9	9	2.838	6095.1182	251.1182	8.1182	 0.56	 0.04	176.36	 5.35	 5.89	 0.99	10.75	 1.25	322.69	274.40	280.89	 0.00	280.46	0	54.00
2011	9	9	3.276	6095.1367	251.1365	8.1365	 0.48	 0.04	180.23	 7.03	 8.11	 0.98	10.75	 1.12	322.62	274.21	278.84	256.45	280.34	0	51.29
2011	9	9	3.714	6095.1548	251.1547	8.1547	 0.73	 0.05	165.41	 3.98	 9.12	 0.98	10.78	 1.24	322.59	274.05	280.50	256.86	280.16	0	51.37
2011	9	9	4.153	6095.1729	251.1730	8.1730	 0.66	 0.04	177.06	 3.91	 5.24	 0.99	10.75	 1.25	322.62	273.93	280.73	256.94	280.03	0	51.39
2011	9	9	4.617	6095.1924	251.1924	8.1924	 0.68	 0.04	174.90	 3.79	 0.69	 1.00	10.78	 1.23	318.87	273.75	279.70	256.69	 0.00	0	51.34
2011	9	9	11.271	6095.4697	251.4696	8.4696	 0.76	 0.04	176.78	 3.33	 4.89	 0.99	10.80	 0.98	323.91	270.72	272.91	258.54	276.40	0	51.71
2011	9	9	12.584	6095.5244	251.5243	8.5243	 0.76	 0.04	182.41	 3.32	 1.01	 1.00	10.73	 1.23	324.36	275.41	280.25	260.53	281.44	0	52.11
2011	9	9	13.022	6095.5425	251.5426	8.5426	 0.81	 0.05	183.16	 3.60	 4.53	 1.00	10.73	 1.30	324.32	277.11	281.61	260.96	283.30	0	52.19
2011	9	9	13.923	6095.5801	251.5801	8.5801	 0.72	 0.05	181.50	 4.18	 5.95	 0.99	10.73	 1.26	323.50	280.74	286.77	263.25	287.09	0	52.65
2011	9	9	14.363	6095.5986	251.5984	8.5984	 0.61	 0.06	184.93	 7.95	 7.98	 1.00	10.75	 1.22	322.88	282.41	287.79	263.66	285.82	0	52.73
2011	9	9	14.802	6095.6167	251.6167	8.6167	 0.68	 0.09	186.58	 9.15	 6.77	 1.00	10.87	 1.29	322.44	284.02	290.51	264.58	290.09	0	52.92
2011	9	9	16.140	6095.6724	251.6725	8.6725	 0.67	 0.07	179.68	 7.66	10.47	 1.00	10.73	 1.18	320.83	287.46	297.16	267.54	293.54	0	53.51
2011	9	9	17.016	6095.7090	251.7090	8.7090	 0.47	 0.07	193.39	13.93	46.37	 0.95	10.73	 1.04	320.00	289.30	298.68	271.64	295.16	0	54.33
2011	9	9	17.454	6095.7271	251.7272	8.7272	 0.67	 0.06	190.60	 6.86	27.02	 0.97	10.73	 1.21	320.91	290.00	299.00	271.49	297.98	0	54.30
2011	9	9	17.917	6095.7466	251.7466	8.7466	 0.79	 0.05	188.17	 4.22	10.47	 0.99	10.73	 1.27	321.20	290.38	297.90	272.06	295.89	0	54.41
2011	9	9	19.667	6095.8193	251.8195	8.8195	 0.79	 0.05	186.15	 4.08	13.01	 0.97	10.75	 1.20	321.19	289.66	294.80	271.04	296.13	0	54.21
2011	9	10	0.558	6096.0234	252.0232	9.0232	 1.59	 0.11	194.16	 2.28	10.91	 0.99	10.77	 1.09	321.88	278.20	284.40	257.54	284.53	0	51.51
2011	9	10	1.434	6096.0596	252.0598	9.0598	 1.60	 0.08	198.17	 1.68	 5.20	 0.99	10.72	 1.19	322.04	277.05	283.49	257.04	284.65	0	51.41
2011	9	10	2.309	6096.0962	252.0962	9.0962	 1.57	 0.07	196.45	 1.44	 7.29	 0.96	10.73	 1.26	321.61	276.15	283.42	256.97	283.75	0	51.39
2011	9	10	2.798	6096.1167	252.1166	9.1166	 1.28	 0.08	194.08	 2.56	 6.06	 1.00	10.77	 1.20	321.16	275.73	281.39	257.03	281.98	0	51.41
2011	9	10	3.674	6096.1528	252.1531	9.1531	 1.27	 0.06	194.69	 2.05	 5.37	 0.99	10.75	 1.23	321.10	275.18	280.94	256.95	281.38	0	51.39
2011	9	10	4.113	6096.1714	252.1714	9.1714	 1.17	 0.06	193.31	 2.44	 7.29	 0.99	10.77	 1.21	321.29	274.96	281.75	257.25	279.62	0	51.45
2011	9	10	4.551	6096.1895	252.1896	9.1896	 0.99	 0.06	194.89	 3.21	 8.67	 0.99	10.73	 1.17	321.10	274.81	281.22	257.25	280.95	0	51.45
2011	9	10	5.012	6096.2090	252.2088	9.2089	 1.21	 0.07	193.72	 2.58	 8.19	 0.99	10.78	 1.23	321.26	274.63	283.06	257.33	279.32	0	51.47
2011	9	10	5.889	6096.2456	252.2454	9.2454	 1.02	 0.06	197.23	 2.96	 1.40	 1.00	10.73	 1.19	321.12	274.31	280.96	256.91	280.49	0	51.38
2011	9	10	6.327	6096.2637	252.2636	9.2636	 1.16	 0.06	196.03	 2.34	 2.77	 1.00	10.75	 1.25	321.24	274.17	282.83	256.59	281.74	0	51.32
2011	9	10	9.456	6096.3940	252.3940	9.3940	 1.04	 0.07	189.57	 3.23	 9.99	 0.99	10.82	 1.07	321.28	273.43	277.77	256.24	280.77	0	51.25
2011	9	10	9.895	6096.4121	252.4123	9.4123	 0.89	 0.05	188.47	 3.02	 5.36	 0.99	10.73	 1.12	321.27	273.37	281.59	258.00	277.94	0	51.60
2011	9	10	10.776	6096.4492	252.4490	9.4490	 0.77	 0.06	187.10	 5.35	 5.76	 1.00	10.73	 1.14	321.44	273.67	281.56	259.00	279.40	0	51.80
2011	9	10	11.678	6096.4868	252.4866	9.4866	 0.68	 0.04	182.51	 4.49	 5.53	 0.99	10.75	 1.14	321.34	274.33	280.14	260.55	280.63	0	52.11
2011	9	10	12.991	6096.5415	252.5413	9.5413	 0.74	 0.04	186.82	 3.96	 3.02	 1.00	10.75	 1.21	321.58	276.84	284.55	262.09	283.64	0	52.42
2011	9	10	13.429	6096.5596	252.5596	9.5596	 0.74	 0.05	188.51	 4.55	 5.24	 1.00	10.75	 1.19	321.79	278.02	286.38	263.02	285.27	0	52.60
2011	9	10	13.893	6096.5791	252.5789	9.5789	 0.81	 0.05	192.06	 3.72	 8.20	 0.99	10.77	 1.23	318.37	279.41	286.82	264.07	286.03	0	52.81
2011	9	10	16.979	6096.7075	252.7075	9.7075	 0.69	 0.05	190.00	 4.94	 7.25	 0.99	10.73	 1.20	321.70	286.25	291.37	272.63	 0.00	0	54.53
2011	9	10	17.855	6096.7441	252.7440	9.7440	 0.77	 0.03	184.21	 2.44	 2.45	 0.99	10.73	 1.28	322.05	288.85	296.55	273.99	294.39	0	54.80
2011	9	10	18.317	6096.7632	252.7632	9.7632	 0.79	 0.03	180.59	 2.62	 4.68	 0.98	10.75	 1.26	322.05	289.79	298.32	274.38	295.19	0	54.88
2011	9	10	18.754	6096.7812	252.7814	9.7814	 0.49	 0.05	192.97	 8.53	46.88	 0.74	10.72	 1.13	320.26	290.15	296.88	273.45	296.11	0	54.69
2011	9	10	20.068	6096.8359	252.8362	9.8362	 0.79	 0.05	180.81	 3.64	 2.17	 1.00	10.72	 1.18	321.67	289.81	297.66	274.33	299.05	0	54.87
2011	9	10	20.530	6096.8555	252.8554	9.8554	 0.75	 0.04	201.87	 3.71	14.82	 0.94	10.77	 1.24	321.56	289.32	300.17	273.04	296.71	0	54.61
2011	9	11	2.279	6097.0947	253.0949	10.0949	 0.47	 0.05	160.21	 7.65	 3.22	 1.00	10.77	 1.20	322.56	278.09	285.08	261.35	284.43	0	52.27
2011	9	11	2.716	6097.1133	253.1132	10.1132	 0.28	 0.06	189.66	25.05	18.56	 0.97	10.75	 1.12	322.73	277.92	283.56	262.13	282.82	0	52.43
2011	9	11	3.642	6097.1519	253.1518	10.1518	 0.35	 0.04	170.29	12.70	14.48	 0.95	10.83	 1.15	322.82	277.73	285.34	261.81	 0.00	0	52.36
2011	9	11	4.084	6097.1699	253.1702	10.1702	 0.50	 0.05	152.48	 7.64	 5.94	 1.00	10.73	 1.24	322.74	277.55	286.27	260.89	 0.00	0	52.18
2011	9	11	4.959	6097.2065	253.2066	10.2066	 0.38	 0.05	172.91	12.56	13.83	 0.97	10.73	 1.22	322.77	277.43	284.34	262.43	283.87	0	52.49
2011	9	11	5.860	6097.2441	253.2442	10.2442	 0.40	 0.07	168.61	14.95	 4.87	 1.00	10.75	 1.20	322.78	277.34	283.07	262.62	283.80	0	52.52
2011	9	11	6.298	6097.2622	253.2624	10.2624	 0.37	 0.06	165.70	14.05	10.02	 0.99	10.75	 1.16	322.63	277.25	283.29	263.32	283.80	0	52.66
2011	9	11	6.736	6097.2808	253.2807	10.2807	 0.48	 0.05	166.47	 8.81	 4.22	 1.00	10.75	 1.24	322.55	277.16	284.12	263.07	282.25	0	52.61
2011	9	11	8.515	6097.3550	253.3548	10.3548	 0.47	 0.06	168.34	 9.79	 5.78	 1.00	10.73	 1.20	322.69	276.81	282.59	261.98	283.46	0	52.40
2011	9	11	8.952	6097.3730	253.3730	10.3730	 0.47	 0.05	161.89	 9.39	 6.61	 1.00	10.72	 1.19	322.81	276.77	283.21	 0.00	284.97	0	54.00
2011	9	11	9.853	6097.4106	253.4105	10.4105	 0.63	 0.04	161.95	 4.46	 1.93	 1.00	10.80	 1.29	322.85	276.92	285.07	263.17	283.56	0	52.63
2011	9	11	11.607	6097.4834	253.4836	10.4836	 0.52	 0.04	164.42	 5.92	 4.93	 0.99	10.75	 1.21	322.76	278.29	284.67	265.43	284.91	0	53.09
2011	9	11	13.386	6097.5576	253.5577	10.5577	 0.41	 0.05	165.89	12.12	14.91	 0.98	10.80	 1.15	323.54	284.03	290.53	265.82	291.25	0	53.16
2011	9	11	15.601	6097.6499	253.6500	10.6500	 0.56	 0.06	154.55	 7.22	 6.69	 1.00	10.73	 1.08	322.37	291.66	299.52	273.72	297.53	0	54.74
2011	9	11	16.937	6097.7056	253.7057	10.7057	 0.22	 0.06	223.93	45.37	89.57	 0.68	10.72	 0.90	319.53	293.81	303.50	278.30	299.39	0	55.66
2011	9	11	17.812	6097.7422	253.7422	10.7422	 0.40	 0.06	177.61	14.01	14.63	 0.99	10.73	 1.03	319.96	294.59	303.63	278.40	299.86	0	55.68
2011	9	11	23.135	6097.9639	253.9640	10.9640	 0.82	 0.04	191.88	 3.42	 5.20	 0.99	10.77	 1.16	316.63	283.55	294.10	265.42	290.68	0	53.08
2011	9	12	0.011	6098.0005	254.0005	11.0005	 0.77	 0.05	190.38	 4.10	 2.08	 1.00	10.75	 1.18	317.51	282.01	288.27	265.25	289.15	0	53.05
2011	9	12	0.448	6098.0186	254.0187	11.0187	 0.82	 0.05	184.16	 3.84	 8.75	 0.99	10.75	 1.15	317.89	281.43	289.02	265.21	288.49	0	53.04
2011	9	12	1.348	6098.0562	254.0562	11.0562	 0.88	 0.06	188.00	 3.93	10.15	 0.99	10.75	 1.15	318.42	280.36	288.38	263.10	288.69	0	52.62
2011	9	12	1.787	6098.0742	254.0744	11.0744	 0.84	 0.05	192.80	 3.38	10.48	 0.98	10.73	 1.21	318.56	279.96	288.10	263.22	 0.00	0	52.64
2011	9	12	2.225	6098.0928	254.0927	11.0927	 0.87	 0.04	190.70	 2.85	 4.07	 0.99	10.73	 1.23	318.45	279.58	287.40	261.83	286.48	0	52.37
2011	9	12	2.662	6098.1108	254.1109	11.1109	 0.89	 0.06	192.25	 4.15	 1.64	 1.00	10.73	 1.24	318.41	279.25	286.50	261.76	285.99	0	52.35
2011	9	12	3.588	6098.1494	254.1495	11.1495	 0.76	 0.05	193.31	 4.02	 1.69	 1.00	10.75	 1.18	318.75	278.76	285.72	262.46	285.56	0	52.49
2011	9	12	4.025	6098.1675	254.1677	11.1677	 1.08	 0.08	190.24	 3.63	 9.56	 1.00	10.72	 1.30	318.60	278.48	284.76	261.94	286.90	0	52.39
2011	9	12	4.464	6098.1860	254.1860	11.1860	 0.77	 0.04	186.13	 3.15	 1.66	 1.00	10.73	 1.16	318.44	278.28	283.92	262.51	286.51	0	52.50
2011	9	12	4.906	6098.2046	254.2044	11.2044	 0.83	 0.04	189.04	 2.64	 3.53	 0.99	10.77	 1.27	318.75	278.17	285.91	262.55	284.81	0	52.51
2011	9	12	5.343	6098.2227	254.2226	11.2226	 0.78	 0.04	189.52	 3.50	 1.48	 1.00	10.73	 1.28	318.77	278.09	285.83	262.80	284.76	0	52.56
2011	9	12	8.896	6098.3706	254.3707	11.3707	 0.72	 0.03	186.09	 3.06	 2.55	 1.00	10.87	 1.15	323.10	274.18	278.68	263.49	280.12	0	52.70
2011	9	12	9.335	6098.3892	254.3890	11.3890	 0.72	 0.04	187.21	 4.04	 5.09	 0.99	10.73	 1.17	323.14	274.93	279.84	263.75	282.58	0	52.75
2011	9	12	9.774	6098.4072	254.4073	11.4073	 0.73	 0.04	187.60	 3.74	 5.86	 0.99	10.75	 1.21	323.21	275.67	281.16	263.87	281.84	0	52.77
2011	9	12	10.238	6098.4268	254.4266	11.4266	 0.76	 0.05	190.34	 4.07	 6.44	 0.99	10.75	 1.27	323.24	276.23	280.64	264.58	284.09	0	52.92
2011	9	12	11.554	6098.4814	254.4814	11.4814	 0.82	 0.07	191.89	 5.21	 9.22	 1.00	10.73	 1.28	322.89	278.72	285.18	265.26	284.96	0	53.05
2011	9	12	11.993	6098.4995	254.4997	11.4997	 0.73	 0.04	192.28	 4.25	10.26	 0.98	10.75	 1.22	323.04	279.98	284.98	265.52	286.59	0	53.10
2011	9	12	12.894	6098.5371	254.5373	11.5373	 0.57	 0.04	191.45	 6.19	 5.71	 1.00	10.78	 1.10	324.51	283.32	284.19	268.04	287.69	0	53.61
2011	9	12	13.333	6098.5557	254.5555	11.5555	 0.79	 0.04	196.46	 3.70	 0.83	 1.00	10.73	 1.26	324.85	285.00	291.63	269.22	292.17	0	53.84
2011	9	12	13.770	6098.5737	254.5737	11.5737	 0.89	 0.06	194.15	 3.69	 9.31	 0.99	10.73	 1.19	324.18	286.93	293.74	270.19	291.29	0	54.04
2011	9	12	14.668	6098.6113	254.6112	11.6112	 1.03	 0.04	202.00	 2.08	 4.04	 0.99	10.75	 1.23	319.60	290.13	296.14	272.07	296.45	0	54.41
2011	9	12	18.193	6098.7578	254.7580	11.7580	 1.01	 0.04	200.02	 2.15	 6.70	 0.97	10.75	 1.13	317.46	295.62	304.84	283.98	300.80	0	56.80
2011	9	14	10.954	6100.4565	256.4564	13.4564	 1.40	 0.08	199.70	 2.08	 7.74	 0.99	10.77	 1.23	320.20	275.93	283.37	261.36	 0.00	0	52.27
2011	9	14	11.394	6100.4746	256.4747	13.4747	 1.19	 0.06	190.85	 2.06	 6.27	 0.99	10.77	 1.29	320.03	276.56	282.15	262.55	282.69	0	52.51
2011	9	14	12.706	6100.5293	256.5294	13.5294	 1.28	 0.08	190.36	 2.49	25.24	 0.90	10.72	 1.29	320.24	280.40	286.33	265.71	287.26	0	53.14
2011	9	14	13.168	6100.5488	256.5487	13.5487	 1.04	 0.06	192.27	 2.78	 8.99	 0.99	10.77	 1.24	320.61	282.14	288.27	266.13	286.58	0	53.23
2011	9	14	13.606	6100.5669	256.5669	13.5669	 1.02	 0.06	196.75	 2.95	 4.07	 1.00	10.73	 1.20	319.84	283.81	289.50	265.91	293.75	0	53.18
2011	9	14	14.043	6100.5850	256.5851	13.5851	 1.13	 0.06	203.15	 2.49	10.10	 0.98	10.78	 1.27	319.04	285.54	294.46	266.09	292.57	0	53.22
2011	9	14	15.819	6100.6592	256.6591	13.6591	 1.31	 0.07	196.62	 2.32	 9.40	 0.98	10.70	 1.16	321.55	291.75	299.95	274.07	298.52	0	54.81
2011	9	14	16.256	6100.6772	256.6773	13.6773	 1.22	 0.10	189.50	 3.40	19.24	 0.98	10.75	 1.09	318.06	292.24	300.30	273.98	298.72	0	54.80
2011	9	14	16.693	6100.6953	256.6956	13.6956	 0.94	 0.06	191.01	 3.65	28.69	 0.91	10.73	 0.97	316.64	292.86	301.76	276.09	299.00	0	55.22
2011	9	14	18.029	6100.7515	256.7512	13.7512	 1.29	 0.05	206.87	 1.76	 3.45	 0.99	10.75	 1.25	315.60	293.60	304.40	277.73	299.68	0	55.55
2011	9	14	18.466	6100.7695	256.7694	13.7694	 1.80	 0.12	194.39	 1.90	 5.21	 1.00	10.73	 1.09	315.63	293.50	303.80	279.03	299.76	0	55.81
2011	9	14	18.903	6100.7876	256.7876	13.7876	 1.71	 0.09	204.17	 1.74	 5.97	 0.99	10.73	 1.24	316.02	293.21	304.36	277.07	297.89	0	55.41
2011	9	14	19.340	6100.8057	256.8058	13.8058	 1.97	 0.16	200.59	 2.08	 3.17	 1.00	10.72	 1.18	316.32	292.72	303.76	276.03	299.02	0	55.21
2011	9	14	20.677	6100.8613	256.8615	13.8615	 1.63	 0.11	205.24	 2.28	15.78	 0.97	10.73	 1.28	315.77	290.00	303.12	271.93	297.73	0	54.39
2011	9	14	22.455	6100.9355	256.9356	13.9356	 1.11	 0.05	193.36	 1.99	 6.36	 0.98	10.73	 1.11	318.14	284.13	295.74	262.11	291.57	0	52.42
2011	9	14	22.893	6100.9541	256.9539	13.9539	 1.13	 0.10	192.20	 4.27	10.30	 1.00	10.73	 1.25	318.80	282.85	292.20	 0.00	289.48	0	54.00
2011	9	14	23.330	6100.9722	256.9721	13.9721	 1.13	 0.07	194.09	 2.95	 2.91	 1.00	10.72	 1.14	320.10	281.80	290.98	259.96	288.35	0	51.99
2011	9	15	0.669	6101.0278	257.0279	14.0279	 0.32	 0.05	429.10	37.91	380.96	 0.46	10.73	 1.29	322.10	279.26	286.48	259.00	285.69	0	51.80
2011	9	15	1.546	6101.0645	257.0644	14.0644	 1.18	 0.06	192.11	 2.12	 1.28	 1.00	10.73	 1.16	322.40	278.29	283.91	259.18	286.00	0	51.84
2011	9	15	1.984	6101.0825	257.0827	14.0827	 1.13	 0.05	190.60	 2.01	 4.99	 0.99	10.73	 1.22	322.40	277.86	284.80	259.60	284.11	0	51.92
2011	9	15	2.448	6101.1021	257.1020	14.1020	 0.99	 0.05	190.32	 2.79	 2.76	 1.00	10.77	 1.19	322.50	277.54	285.06	260.09	 0.00	0	52.02
2011	9	15	2.888	6101.1201	257.1203	14.1203	 0.97	 0.05	182.32	 2.75	 9.95	 0.97	10.77	 1.21	322.59	277.33	283.95	260.07	282.11	0	52.01
2011	9	15	4.201	6101.1748	257.1750	14.1750	 0.73	 0.05	172.94	 4.36	 5.20	 1.00	10.73	 1.28	322.69	276.74	283.19	260.01	283.06	0	52.00
2011	9	15	5.128	6101.2139	257.2137	14.2137	 0.40	 0.04	187.44	10.84	20.16	 0.92	10.73	 1.19	322.82	276.32	281.75	259.38	282.67	0	51.88
2011	9	15	6.006	6101.2505	257.2502	14.2503	 0.42	 0.05	164.61	10.76	10.11	 0.99	10.73	 1.22	323.15	275.96	282.15	259.48	282.25	0	51.90
2011	9	15	8.228	6101.3428	257.3428	14.3428	 0.39	 0.05	159.32	10.30	12.97	 0.96	10.73	 1.19	323.45	275.70	282.71	259.56	283.36	0	51.91
2011	9	15	8.664	6101.3608	257.3610	14.3610	 0.36	 0.04	152.82	10.61	12.58	 0.93	10.73	 1.17	323.04	275.63	280.98	 0.00	281.84	0	54.00
2011	9	15	9.127	6101.3804	257.3803	14.3803	 0.55	 0.05	148.75	 5.78	 6.95	 0.99	10.77	 1.28	322.10	275.49	281.63	259.64	281.81	0	51.93
2011	9	16	3.253	6102.1357	258.1355	15.1355	 0.60	 0.04	171.86	 4.71	 4.64	 0.99	10.72	 1.24	316.07	274.40	283.73	257.90	280.86	0	51.58
2011	9	16	4.569	6102.1904	258.1904	15.1904	 0.77	 0.05	167.96	 3.64	 9.38	 0.98	10.75	 1.26	319.10	274.19	282.87	258.15	 0.00	0	51.63
2011	9	16	5.497	6102.2290	258.2290	15.2290	 0.61	 0.05	170.57	 6.16	 0.83	 1.00	10.77	 1.17	319.24	274.01	280.44	257.59	280.62	0	51.52
2011	9	16	5.937	6102.2476	258.2474	15.2474	 0.74	 0.03	172.69	 2.75	 5.59	 0.97	10.73	 1.29	319.32	273.91	282.43	257.22	280.43	0	51.44
2011	9	16	7.277	6102.3032	258.3032	15.3032	 0.69	 0.04	169.79	 3.93	 7.21	 0.98	10.77	 1.19	325.11	273.90	281.08	257.10	279.84	0	51.42
2011	9	16	8.598	6102.3584	258.3582	15.3582	 0.58	 0.03	176.37	 4.19	 3.52	 0.99	10.85	 1.12	325.59	273.82	278.68	255.90	279.42	0	51.18
2011	9	16	10.375	6102.4321	258.4323	15.4323	 0.41	 0.04	171.03	 9.86	23.64	 0.86	10.75	 1.05	325.64	273.58	277.69	255.92	279.15	0	51.18
2011	9	16	11.717	6102.4883	258.4882	15.4882	 0.28	 0.09	197.64	39.05	 5.66	 1.00	10.80	 1.15	325.64	275.31	279.44	260.82	281.13	0	52.16
2011	9	16	12.155	6102.5063	258.5064	15.5064	 0.45	 0.05	160.12	 8.72	12.38	 0.97	10.75	 1.22	325.71	276.68	282.55	262.13	282.83	0	52.43
2011	9	16	13.469	6102.5610	258.5612	15.5612	 0.46	 0.05	159.14	 8.59	11.52	 0.98	10.75	 1.25	326.34	282.19	287.89	265.91	291.62	0	53.18
2011	9	16	16.581	6102.6909	258.6909	15.6909	 0.48	 0.05	184.38	 9.04	10.73	 0.99	10.80	 1.15	326.26	287.62	294.13	274.10	291.95	0	54.82
2011	9	16	17.457	6102.7275	258.7274	15.7274	 0.52	 0.05	191.88	 8.04	25.89	 0.93	10.73	 1.13	325.98	290.19	297.30	273.97	295.57	0	54.79
2011	9	16	18.358	6102.7651	258.7649	15.7649	 0.63	 0.06	185.15	 6.46	21.46	 0.96	10.77	 1.15	326.03	291.36	300.59	273.05	294.97	0	54.61
2011	9	16	19.234	6102.8013	258.8014	15.8014	 0.72	 0.05	182.26	 4.90	 4.85	 1.00	10.75	 1.15	326.03	291.55	298.85	274.28	298.22	0	54.86
2011	9	16	19.672	6102.8198	258.8197	15.8197	 0.69	 0.05	185.36	 5.14	 9.13	 0.99	10.73	 1.11	326.01	291.24	299.23	273.60	298.22	0	54.72
2011	9	16	20.112	6102.8379	258.8380	15.8380	 0.58	 0.05	198.39	 8.05	 6.32	 1.00	10.72	 1.06	326.00	290.75	300.13	272.45	297.95	0	54.49
2011	9	16	21.013	6102.8755	258.8755	15.8756	 1.17	 0.08	182.87	 3.03	15.23	 0.98	10.78	 1.29	325.83	288.88	298.38	266.15	295.99	0	53.23
2011	9	16	21.451	6102.8936	258.8938	15.8938	 0.61	 0.07	189.31	 9.32	12.58	 1.00	10.73	 0.97	325.77	287.61	294.31	266.21	295.06	0	53.24
2011	9	16	22.794	6102.9497	258.9497	15.9497	 0.90	 0.27	210.28	18.60	328.94	 0.98	10.77	 1.20	325.56	283.62	293.55	261.64	290.46	0	52.33
2011	9	16	23.670	6102.9863	258.9862	15.9862	 0.66	 0.05	186.03	 5.38	16.32	 0.97	10.77	 1.13	325.37	281.40	287.79	260.05	287.64	0	52.01
2011	9	17	0.108	6103.0044	259.0045	16.0045	 0.82	 0.04	177.27	 3.10	 4.39	 0.99	10.75	 1.24	325.30	280.49	287.22	259.51	286.89	0	51.90
2011	9	17	1.011	6103.0420	259.0421	16.0421	 0.60	 0.05	166.81	 5.43	 2.02	 1.00	10.75	 1.27	325.37	278.94	278.46	258.43	285.17	0	51.69
2011	9	17	1.888	6103.0786	259.0786	16.0786	 0.46	 0.06	175.45	11.30	 6.79	 1.00	10.75	 1.21	325.25	278.05	283.79	260.91	285.57	0	52.18
2011	9	17	3.227	6103.1343	259.1345	16.1345	 0.58	 0.07	163.47	 8.79	 6.13	 1.00	10.80	 1.21	321.24	277.20	283.59	259.62	 0.00	0	51.92
2011	9	17	6.344	6103.2642	259.2643	16.2643	 0.61	 0.04	165.32	 5.06	 5.15	 0.99	10.77	 1.19	319.31	271.68	279.59	 0.00	276.51	0	54.00
2011	9	17	6.783	6103.2827	259.2826	16.2826	 0.45	 0.06	166.77	11.97	16.35	 0.99	10.72	 1.07	319.36	272.11	277.74	 0.00	278.46	0	54.00
2011	9	17	7.684	6103.3203	259.3202	16.3202	 0.53	 0.04	167.52	 5.56	11.01	 0.95	10.77	 1.14	319.40	273.18	280.69	260.80	279.78	0	52.16
2011	9	17	10.346	6103.4312	259.4311	16.4311	 0.39	 0.05	163.34	10.86	 9.38	 0.98	10.77	 1.17	319.35	275.00	280.17	 0.00	281.66	0	54.00
2011	9	17	11.221	6103.4678	259.4676	16.4675	 0.55	 0.06	153.98	 7.72	16.61	 0.97	10.73	 1.27	319.47	275.85	282.21	262.51	282.42	0	52.50
2011	9	17	14.335	6103.5972	259.5973	16.5973	 0.46	 0.05	179.96	 9.09	 8.32	 0.99	10.78	 1.20	320.09	285.79	294.57	265.95	295.50	0	53.19
2011	9	17	14.773	6103.6157	259.6156	16.6156	 0.54	 0.03	168.68	 4.67	12.79	 0.87	10.73	 1.24	320.17	287.45	295.51	265.91	294.33	0	53.18
2011	9	17	16.987	6103.7080	259.7078	16.7078	 0.60	 0.05	174.96	 6.00	43.86	 0.74	10.72	 1.12	325.93	293.00	301.46	276.62	299.11	0	55.32
2011	9	17	19.199	6103.7998	259.8000	16.8000	 0.55	 0.06	189.74	 9.07	29.31	 0.96	10.73	 0.98	317.30	292.98	302.37	274.30	300.11	0	54.86
2011	9	17	19.636	6103.8184	259.8181	16.8181	 0.73	 0.05	187.36	 4.30	 5.73	 1.00	10.72	 1.13	317.38	292.23	301.24	273.47	299.60	0	54.69
2011	9	17	20.511	6103.8545	259.8546	16.8546	 0.79	 0.08	186.91	 6.05	 3.79	 1.00	10.73	 1.11	317.58	290.12	301.64	270.32	297.27	0	54.06
2011	9	17	20.974	6103.8740	259.8739	16.8739	 0.69	 0.06	190.43	 6.07	12.85	 0.99	10.78	 1.09	318.20	288.78	298.84	269.37	298.04	0	53.87
2011	9	17	23.189	6103.9663	259.9662	16.9662	 0.72	 0.06	191.24	 5.74	 3.56	 1.00	10.75	 1.12	321.18	282.03	288.68	261.83	290.17	0	52.37
2011	9	18	1.405	6104.0586	260.0586	17.0586	 0.81	 0.04	189.78	 2.73	 6.43	 0.97	10.77	 1.24	321.81	278.74	286.11	261.56	286.73	0	52.31
2011	9	18	1.844	6104.0767	260.0768	17.0768	 0.80	 0.05	185.76	 3.57	 4.07	 1.00	10.73	 1.18	321.74	278.45	286.01	261.93	286.55	0	52.39
2011	9	18	2.282	6104.0952	260.0951	17.0951	 0.64	 0.03	190.82	 3.99	 5.17	 0.99	10.73	 1.12	321.77	278.26	281.98	261.96	284.80	0	52.39
2011	9	18	3.624	6104.1509	260.1510	17.1510	 0.75	 0.04	191.34	 3.66	 2.84	 1.00	10.78	 1.24	321.69	277.81	285.44	261.79	284.41	0	52.36
2011	9	18	4.941	6104.2061	260.2059	17.2059	 0.81	 0.04	188.20	 2.83	 6.30	 0.98	10.73	 1.29	321.53	277.34	284.98	260.97	282.43	0	52.19
2011	9	18	5.378	6104.2241	260.2241	17.2241	 0.80	 0.04	185.64	 3.18	 6.82	 0.98	10.72	 1.27	321.54	277.18	284.25	260.86	283.73	0	52.17
2011	9	18	5.866	6104.2446	260.2444	17.2444	 0.67	 0.05	186.50	 5.60	11.55	 0.99	10.77	 1.14	321.66	276.99	283.65	260.78	283.04	0	52.16
2011	9	18	6.305	6104.2627	260.2627	17.2627	 0.77	 0.03	190.65	 2.75	 1.41	 1.00	10.75	 1.27	321.77	276.82	284.81	260.56	283.18	0	52.11
2011	9	18	6.744	6104.2812	260.2810	17.2810	 0.69	 0.04	190.08	 3.73	 7.93	 0.97	10.73	 1.18	321.99	276.68	283.11	260.40	283.00	0	52.08
2011	9	18	7.182	6104.2993	260.2993	17.2993	 0.75	 0.04	188.80	 3.16	 4.77	 0.99	10.78	 1.23	322.05	276.51	283.54	260.21	282.82	0	52.04
2011	9	18	8.084	6104.3369	260.3369	17.3369	 0.70	 0.07	182.30	 6.37	 3.12	 1.00	10.78	 1.17	321.82	276.26	281.58	259.88	 0.00	0	51.98
2011	9	18	12.058	6104.5024	260.5024	17.5024	 0.77	 0.04	187.31	 3.54	 1.38	 1.00	10.75	 1.20	325.17	275.74	278.95	263.68	281.64	0	52.74
2011	9	18	12.959	6104.5400	260.5399	17.5400	 0.83	 0.04	189.43	 3.01	 2.51	 1.00	10.73	 1.24	325.57	279.47	284.06	 0.00	285.53	0	54.00
2011	9	18	15.172	6104.6323	260.6321	17.6322	 0.83	 0.04	190.62	 2.85	14.80	 0.89	10.75	 1.17	325.95	288.80	295.54	266.26	295.12	0	53.25
2011	9	18	16.486	6104.6870	260.6869	17.6869	 1.04	 0.06	193.28	 2.84	 4.62	 1.00	10.73	 1.30	326.39	291.88	300.25	273.93	298.11	0	54.79
2011	9	18	16.948	6104.7061	260.7061	17.7062	 0.76	 0.06	185.06	 5.28	15.88	 0.98	10.75	 1.05	326.60	292.92	299.39	276.02	299.08	0	55.20
2011	9	18	17.823	6104.7427	260.7426	17.7426	 1.12	 0.07	194.50	 3.00	 4.40	 1.00	10.75	 1.26	326.21	294.13	305.12	276.55	300.39	0	55.31
2011	9	18	18.698	6104.7793	260.7791	17.7791	 1.06	 0.07	186.36	 3.09	 7.12	 1.00	10.75	 1.12	320.99	294.11	302.88	276.78	299.98	0	55.36
2011	9	18	20.036	6104.8350	260.8348	17.8348	 0.87	 0.05	185.61	 3.25	13.55	 0.96	10.73	 0.97	321.02	292.09	303.67	272.92	299.50	0	54.58
2011	9	18	22.688	6104.9453	260.9453	17.9453	 1.12	 0.12	192.54	 5.19	36.77	 0.98	10.73	 1.19	322.18	284.02	292.84	261.61	290.81	0	52.32
2011	9	18	23.588	6104.9829	260.9828	17.9828	 0.99	 0.06	191.36	 3.25	 7.71	 0.99	10.75	 1.10	323.77	281.65	290.01	259.87	287.50	0	51.97
2011	9	19	0.904	6105.0376	261.0377	18.0377	 0.95	 0.05	192.35	 3.15	 1.50	 1.00	10.72	 1.22	325.51	279.25	287.64	258.49	286.76	0	51.70
2011	9	19	1.805	6105.0752	261.0752	18.0752	 0.93	 0.06	194.40	 3.37	 3.00	 1.00	10.82	 1.20	326.00	278.15	282.69	259.06	284.14	0	51.81
2011	9	19	4.901	6105.2041	261.2042	18.2042	 1.13	 0.06	197.27	 2.64	 5.35	 1.00	10.77	 1.30	326.11	276.93	282.21	 0.00	282.81	0	54.00
2011	9	19	6.267	6105.2612	261.2611	18.2611	 1.28	 0.09	195.24	 3.10	 1.81	 1.00	10.77	 1.22	326.18	276.43	281.27	258.43	282.32	0	51.69
2011	9	19	9.803	6105.4087	261.4085	18.4085	 1.41	 0.06	199.54	 1.59	 4.59	 0.99	10.73	 1.21	325.94	275.73	280.48	258.18	281.34	0	51.64
2011	9	19	10.243	6105.4268	261.4268	18.4268	 1.49	 0.08	197.19	 1.84	 1.65	 1.00	10.70	 1.22	326.03	275.68	281.56	258.07	281.23	0	51.61
2011	9	19	11.145	6105.4644	261.4644	18.4644	 1.35	 0.13	198.18	 3.70	19.11	 0.99	10.78	 1.24	326.02	276.24	281.34	260.27	281.72	0	52.05
2011	9	19	16.448	6105.6855	261.6853	18.6853	 1.04	 0.05	188.08	 2.63	 9.67	 0.98	10.80	 1.08	326.31	289.59	292.49	275.44	298.23	0	55.09
2011	9	19	16.887	6105.7036	261.7036	18.7036	 1.14	 0.06	195.06	 2.61	12.71	 0.97	10.75	 1.22	326.27	291.02	297.90	274.79	299.74	0	54.96
2011	9	19	18.226	6105.7593	261.7594	18.7594	 1.13	 0.10	191.35	 4.06	22.99	 0.98	10.77	 1.20	326.17	293.50	299.61	275.51	299.74	0	55.10
2011	9	19	19.564	6105.8149	261.8152	18.8152	 0.99	 0.06	197.52	 3.35	 2.33	 1.00	10.77	 1.15	326.18	293.14	301.67	275.03	300.11	0	55.01
2011	9	19	20.439	6105.8516	261.8517	18.8516	 1.17	 0.12	194.09	 4.52	 9.11	 1.00	10.72	 1.18	325.97	291.76	302.52	272.39	298.97	0	54.48
2011	9	19	21.315	6105.8882	261.8881	18.8881	 1.23	 0.07	193.26	 2.42	 0.60	 1.00	10.72	 1.15	325.95	289.45	299.54	269.64	294.95	0	53.93
2011	9	19	22.656	6105.9438	261.9440	18.9440	 1.15	 0.12	200.01	 4.92	29.16	 0.99	10.73	 1.16	325.80	285.20	294.18	262.34	290.54	0	52.47
2011	9	19	23.095	6105.9624	261.9623	18.9623	 1.14	 0.11	193.90	 4.33	 5.24	 1.00	10.77	 1.15	325.71	284.03	292.36	261.54	290.49	0	52.31
2011	9	20	0.871	6106.0361	262.0363	19.0363	 0.97	 0.06	188.34	 3.53	 3.04	 1.00	10.73	 1.28	325.78	280.31	288.27	259.61	286.41	0	51.92
2011	9	20	1.750	6106.0728	262.0729	19.0729	 0.83	 0.04	183.04	 3.16	 5.31	 0.99	10.73	 1.24	325.88	278.98	287.00	259.81	285.02	0	51.96
2011	9	20	2.651	6106.1104	262.1104	19.1104	 0.81	 0.05	181.32	 3.51	 2.02	 1.00	10.80	 1.22	325.97	278.15	284.93	260.05	282.73	0	52.01
2011	9	20	3.529	6106.1470	262.1470	19.1470	 0.81	 0.05	181.27	 3.42	 2.03	 1.00	10.73	 1.25	326.09	277.63	284.10	260.06	283.61	0	52.01
2011	9	20	6.183	6106.2578	262.2576	19.2576	 0.75	 0.05	178.98	 4.15	 5.68	 1.00	10.72	 1.26	326.08	276.65	282.66	259.42	282.59	0	51.88
2011	9	20	6.671	6106.2778	262.2780	19.2780	 0.84	 0.05	176.63	 3.16	 4.31	 1.00	10.77	 1.28	326.17	276.51	283.74	259.54	282.50	0	51.91
2011	9	20	7.988	6106.3330	262.3328	19.3328	 0.73	 0.05	179.32	 4.58	 2.66	 1.00	10.75	 1.19	325.98	276.21	283.62	259.02	280.67	0	51.80
2011	9	20	10.204	6106.4253	262.4251	19.4251	 0.63	 0.04	176.71	 4.32	 1.06	 1.00	10.82	 1.20	326.05	275.76	281.63	259.12	281.45	0	51.82
2011	9	20	10.644	6106.4434	262.4435	19.4435	 0.68	 0.05	175.12	 4.78	12.29	 0.97	10.82	 1.25	326.10	275.81	282.34	259.64	281.40	0	51.93
2011	9	20	11.108	6106.4629	262.4628	19.4628	 0.61	 0.06	174.59	 6.68	 7.85	 1.00	10.73	 1.18	326.18	276.21	281.35	261.17	281.78	0	52.23
2011	9	20	11.549	6106.4814	262.4812	19.4812	 0.54	 0.05	180.18	 7.62	 2.78	 1.00	10.80	 1.22	326.24	276.92	280.01	261.80	282.67	0	52.36
2011	9	20	12.426	6106.5176	262.5177	19.5177	 0.67	 0.05	174.35	 4.48	 2.40	 1.00	10.78	 1.27	326.42	279.15	286.07	263.60	285.41	0	52.72
2011	9	20	13.765	6106.5737	262.5735	19.5735	 0.60	 0.05	175.96	 5.94	 8.04	 0.99	10.73	 1.18	326.69	283.73	289.38	266.19	290.21	0	53.24
2011	9	20	14.203	6106.5918	262.5918	19.5918	 0.55	 0.05	181.11	 8.02	26.63	 0.94	10.75	 1.17	326.68	285.27	290.59	266.07	291.67	0	53.21
2011	9	20	15.541	6106.6475	262.6476	19.6476	 0.56	 0.04	185.17	 5.35	10.08	 0.97	10.78	 1.18	326.47	289.70	295.65	266.68	295.99	0	53.34
2011	9	20	15.981	6106.6660	262.6659	19.6659	 0.61	 0.04	171.97	 4.63	 7.40	 0.98	10.73	 1.14	326.36	290.80	297.83	 0.00	297.17	0	54.00
2011	9	20	17.757	6106.7397	262.7399	19.7399	 0.58	 0.05	186.35	 6.71	 9.91	 0.99	10.77	 1.10	326.05	293.94	301.19	276.54	302.87	0	55.31
2011	9	20	18.633	6106.7764	262.7764	19.7764	 0.75	 0.08	179.52	 6.49	 6.34	 1.00	10.73	 1.08	325.43	294.19	299.81	275.61	300.78	0	55.12
2011	9	20	19.969	6106.8320	262.8320	19.8320	 1.02	 0.07	185.81	 3.54	 8.43	 1.00	10.75	 1.16	322.43	292.67	303.71	273.31	297.77	0	54.66
2011	9	20	22.616	6106.9424	262.9423	19.9423	 0.75	 0.04	187.71	 3.39	 9.28	 0.96	10.73	 1.12	322.98	281.42	288.65	263.21	286.67	0	52.64
2011	9	20	23.492	6106.9790	262.9788	19.9788	 0.88	 0.04	187.29	 2.81	 4.12	 0.99	10.77	 1.21	325.76	280.32	284.87	261.30	286.48	0	52.26
2011	9	21	0.833	6107.0347	263.0347	20.0347	 0.59	 0.05	162.76	 5.77	10.27	 0.98	10.78	 1.22	325.81	279.14	286.34	261.93	283.90	0	52.39
2011	9	21	1.709	6107.0713	263.0712	20.0712	 0.47	 0.05	167.40	 8.01	13.61	 0.96	10.73	 1.21	325.88	278.48	283.83	260.75	286.12	0	52.15
2011	9	21	2.609	6107.1089	263.1087	20.1087	 0.54	 0.05	154.64	 6.85	 7.20	 0.99	10.75	 1.25	325.95	278.09	283.38	262.26	284.32	0	52.45
2011	9	21	3.047	6107.1270	263.1270	20.1270	 0.48	 0.06	160.12	 8.99	12.00	 0.99	10.77	 1.22	325.94	278.01	285.94	262.38	284.21	0	52.48
2011	9	21	3.485	6107.1450	263.1452	20.1452	 0.42	 0.04	156.56	 8.41	 9.30	 0.97	10.75	 1.18	325.86	277.94	284.05	262.63	284.19	0	52.53
2011	9	21	5.699	6107.2373	263.2375	20.2374	 0.54	 0.05	166.15	 7.08	 6.04	 1.00	10.72	 1.21	326.03	277.17	284.29	260.49	281.89	0	52.10
2011	9	21	6.576	6107.2739	263.2740	20.2740	 0.56	 0.05	176.68	 6.58	 8.62	 0.99	10.75	 1.27	326.02	277.11	283.86	260.31	284.50	0	52.06
2011	9	21	7.065	6107.2944	263.2944	20.2944	 0.55	 0.03	173.51	 4.25	 5.30	 0.97	10.77	 1.21	326.15	277.09	283.47	260.11	284.62	0	52.02
2011	9	21	9.281	6107.3867	263.3867	20.3867	 0.42	 0.06	161.00	11.29	 7.56	 1.00	10.78	 1.16	326.14	276.70	281.08	259.15	281.29	0	51.83
2011	9	21	10.158	6107.4233	263.4232	20.4233	 0.35	 0.04	178.91	10.87	14.83	 0.90	10.77	 1.17	326.12	276.52	280.27	258.94	283.64	0	51.79
2011	9	21	11.498	6107.4790	263.4791	20.4791	 0.51	 0.04	163.96	 6.55	 4.79	 1.00	10.77	 1.22	326.39	277.92	283.15	265.32	281.97	0	53.06
2011	9	21	11.936	6107.4976	263.4973	20.4973	 0.50	 0.04	168.74	 6.65	 4.43	 1.00	10.73	 1.28	326.48	279.12	283.91	265.83	285.46	0	53.17
2011	9	21	12.374	6107.5156	263.5156	20.5156	 0.43	 0.05	164.20	 9.13	15.51	 0.95	10.72	 1.19	326.50	280.68	283.53	265.98	286.74	0	53.20
2011	9	21	12.812	6107.5337	263.5338	20.5338	 0.58	 0.03	156.17	 3.72	 3.43	 0.99	10.73	 1.26	326.49	282.30	287.35	265.53	288.94	0	53.11
2011	9	21	13.714	6107.5713	263.5714	20.5714	 0.60	 0.05	164.29	 5.40	 2.61	 1.00	10.78	 1.21	323.43	285.71	290.79	267.28	292.14	0	53.46
2011	9	21	16.362	6107.6816	263.6817	20.6817	 0.70	 0.03	198.95	 3.67	 1.66	 1.00	10.73	 1.19	326.45	290.35	297.68	280.84	296.95	0	56.17
2011	9	21	16.798	6107.6997	263.6999	20.6999	 0.74	 0.05	192.57	 4.48	 0.61	 1.00	10.73	 1.22	325.55	292.12	298.55	283.53	296.27	0	56.71
2011	9	21	17.235	6107.7183	263.7181	20.7181	 0.91	 0.04	189.31	 2.30	 3.17	 0.99	10.75	 1.27	320.56	293.62	301.93	284.73	299.03	0	56.95
2011	9	21	17.672	6107.7363	263.7363	20.7363	 0.88	 0.06	185.97	 3.75	 5.97	 1.00	10.73	 1.20	323.47	294.54	303.34	284.29	299.86	0	56.86
2011	9	21	18.571	6107.7739	263.7738	20.7738	 0.62	 0.05	193.83	 6.31	13.24	 0.98	10.73	 1.02	318.21	294.83	304.55	278.78	301.16	0	55.76
2011	9	21	19.446	6107.8101	263.8102	20.8102	 0.95	 0.07	197.50	 4.41	 3.67	 1.00	10.73	 1.17	317.58	293.84	306.99	275.43	301.07	0	55.09
2011	9	21	20.344	6107.8477	263.8477	20.8477	 0.61	 0.07	190.64	 9.40	39.80	 0.96	10.77	 0.96	318.28	291.93	303.22	271.57	299.59	0	54.31
2011	9	21	21.221	6107.8843	263.8842	20.8842	 0.77	 0.06	191.17	 4.78	11.49	 0.99	10.77	 1.10	318.53	289.42	300.08	269.70	296.99	0	53.94
2011	9	21	22.998	6107.9580	263.9583	20.9582	 1.30	 0.12	184.17	 3.61	33.70	 0.96	10.73	 1.27	320.26	283.84	287.89	262.79	289.40	0	52.56
2011	9	21	23.435	6107.9766	263.9765	20.9765	 0.81	 0.05	172.57	 3.31	 4.54	 1.00	10.75	 1.14	321.19	282.71	290.70	261.93	289.17	0	52.39
2011	9	22	0.774	6108.0322	264.0322	21.0322	 0.60	 0.04	184.17	 5.38	 5.64	 0.99	10.77	 1.17	319.27	280.20	285.34	262.39	287.28	0	52.48
2011	9	22	3.426	6108.1426	264.1427	21.1427	 0.33	 0.05	210.59	18.11	26.96	 0.94	10.75	 1.04	317.77	273.73	283.10	262.00	279.71	0	52.40
2011	9	22	4.744	6108.1978	264.1977	21.1977	 0.46	 0.05	172.35	 9.80	23.30	 0.94	10.73	 1.15	324.79	275.24	279.35	261.49	 0.00	0	52.30
2011	9	22	6.084	6108.2534	264.2535	21.2535	 0.62	 0.06	170.41	 6.23	 8.27	 0.99	10.72	 1.29	324.80	275.90	280.97	260.65	280.62	0	52.13
2011	9	22	6.959	6108.2900	264.2900	21.2900	 0.49	 0.06	171.29	 9.79	10.94	 0.99	10.73	 1.13	324.81	275.84	282.33	 0.00	281.91	0	54.00
2011	9	22	8.324	6108.3467	264.3468	21.3468	 0.82	 0.06	186.37	 4.47	 4.85	 1.00	10.72	 1.16	324.77	275.81	281.26	259.57	281.78	0	51.91
2011	9	22	9.663	6108.4028	264.4026	21.4026	 0.85	 0.08	186.07	 5.23	 1.02	 1.00	10.75	 1.04	324.84	275.86	279.37	259.36	281.81	0	51.87
2011	9	22	10.101	6108.4209	264.4209	21.4209	 1.11	 0.06	195.80	 2.78	 3.48	 1.00	10.77	 1.27	324.78	275.85	282.20	259.07	281.75	0	51.81
2011	9	22	10.538	6108.4390	264.4391	21.4391	 0.91	 0.04	191.94	 2.65	 0.98	 1.00	10.73	 1.12	324.78	275.86	278.24	259.47	280.28	0	51.89
2011	9	22	11.879	6108.4951	264.4950	21.4950	 0.84	 0.06	186.71	 4.08	 5.89	 1.00	10.78	 1.24	325.05	277.46	280.79	261.74	283.60	0	52.35
2011	9	22	12.756	6108.5312	264.5315	21.5315	 0.88	 0.05	187.31	 3.50	 3.07	 1.00	10.75	 1.21	325.09	279.77	284.42	262.55	288.50	0	52.51
2011	9	22	13.194	6108.5498	264.5498	21.5498	 0.89	 0.05	186.09	 3.33	 4.16	 1.00	10.75	 1.20	325.12	281.15	284.37	263.19	287.68	0	52.64
2011	9	22	17.179	6108.7158	264.7158	21.7158	 0.89	 0.05	188.43	 3.20	 9.77	 0.98	10.78	 1.20	324.94	288.57	293.54	 0.00	293.92	0	54.00
2011	9	22	17.616	6108.7339	264.7340	21.7340	 0.84	 0.07	185.30	 5.22	24.84	 0.98	10.78	 1.12	324.73	289.67	295.81	274.09	295.48	0	54.82
2011	9	22	21.602	6108.8999	264.9001	21.9001	 0.92	 0.05	194.12	 3.06	 7.84	 0.99	10.73	 1.18	324.20	283.22	290.88	266.45	289.54	0	53.29
2011	9	22	22.041	6108.9185	264.9184	21.9184	 0.96	 0.07	187.51	 3.65	 1.67	 1.00	10.80	 1.16	324.04	282.33	289.31	261.93	290.27	0	52.39
2011	9	22	22.480	6108.9365	264.9366	21.9367	 0.85	 0.08	191.64	 5.51	 6.40	 1.00	10.75	 1.21	323.99	281.45	287.64	260.83	287.98	0	52.17
2011	9	22	22.942	6108.9561	264.9559	21.9559	 0.88	 0.04	188.69	 2.78	 3.19	 1.00	10.77	 1.22	324.14	280.62	286.60	260.31	287.02	0	52.06
2011	9	23	0.260	6109.0107	265.0108	22.0108	 1.02	 0.10	181.14	 4.93	57.68	 0.92	10.77	 1.23	324.36	278.44	284.07	258.65	284.71	0	51.73
2011	9	23	2.476	6109.1030	265.1032	22.1032	 0.48	 0.05	174.21	 9.16	 3.62	 1.00	10.78	 1.12	324.70	276.62	282.06	259.52	282.77	0	51.90
2011	9	23	2.914	6109.1216	265.1214	22.1214	 0.47	 0.03	185.67	 6.82	11.97	 0.94	10.73	 1.18	324.66	276.51	281.30	259.65	281.25	0	51.93
2011	9	23	3.816	6109.1592	265.1590	22.1590	 0.63	 0.05	174.96	 5.12	18.41	 0.93	10.73	 1.22	324.62	276.31	282.79	259.36	281.01	0	51.87
2011	9	23	5.591	6109.2329	265.2329	22.2330	 0.60	 0.04	171.66	 4.43	 1.23	 1.00	10.75	 1.26	324.66	275.92	281.42	258.70	282.00	0	51.74
2011	9	23	6.029	6109.2510	265.2512	22.2512	 0.55	 0.05	168.80	 7.11	 5.91	 1.00	10.73	 1.24	324.64	275.78	279.66	258.38	281.87	0	51.68
2011	9	23	6.467	6109.2695	265.2694	22.2694	 0.52	 0.04	177.33	 6.20	 2.37	 1.00	10.73	 1.27	324.67	275.66	283.06	258.39	280.39	0	51.68
2011	9	23	7.343	6109.3062	265.3060	22.3060	 0.54	 0.04	174.07	 5.95	 3.50	 1.00	10.73	 1.27	324.66	275.46	282.26	258.00	281.44	0	51.60
2011	9	23	8.273	6109.3447	265.3447	22.3447	 0.55	 0.05	178.23	 7.35	 6.73	 1.00	10.75	 1.26	324.68	275.18	283.85	257.85	279.87	0	51.57
2011	9	23	8.711	6109.3628	265.3630	22.3630	 0.54	 0.05	172.58	 6.77	 4.48	 1.00	10.77	 1.23	324.77	275.13	280.62	258.30	281.01	0	51.66
2011	9	23	10.050	6109.4189	265.4188	22.4188	 0.44	 0.05	175.51	10.12	 6.89	 1.00	10.77	 1.11	324.70	275.13	280.39	258.24	279.65	0	51.65
2011	9	23	12.271	6109.5112	265.5113	22.5113	 0.48	 0.08	165.69	12.63	 4.74	 1.00	10.75	 1.18	325.13	278.74	282.58	266.09	285.29	0	53.22
2011	9	23	14.488	6109.6035	265.6036	22.6036	 0.72	 0.05	176.62	 4.46	 3.75	 1.00	10.77	 1.22	325.26	288.30	294.57	271.01	295.46	0	54.20
2011	9	23	15.364	6109.6401	265.6402	22.6402	 0.74	 0.04	176.16	 3.22	 7.89	 0.97	10.72	 1.15	318.00	291.31	300.06	273.70	297.89	0	54.74
2011	9	23	16.701	6109.6958	265.6959	22.6959	 0.89	 0.03	185.32	 2.05	 2.31	 0.99	10.77	 1.24	316.56	293.01	304.54	278.22	299.31	0	55.64
2011	9	23	19.788	6109.8247	265.8245	22.8245	 0.96	 0.05	192.54	 3.07	 0.47	 1.00	10.78	 1.20	318.73	290.51	301.24	275.19	297.32	0	55.04
2011	9	23	20.227	6109.8428	265.8428	22.8428	 1.04	 0.05	192.54	 2.61	 1.29	 1.00	10.73	 1.21	318.71	289.97	298.78	273.20	297.32	0	54.64
2011	9	23	21.126	6109.8804	265.8802	22.8803	 0.82	 0.06	191.50	 4.47	 2.79	 1.00	10.78	 1.02	318.66	288.23	299.67	270.76	295.92	0	54.15
2011	9	24	1.559	6110.0649	266.0650	23.0650	 0.78	 0.05	191.25	 4.17	 7.59	 0.99	10.77	 1.22	319.99	278.82	286.65	259.39	 0.00	0	51.88
2011	9	24	3.311	6110.1382	266.1380	23.1380	 0.73	 0.04	190.62	 3.72	 3.89	 1.00	10.77	 1.26	319.55	277.70	285.27	260.64	284.37	0	52.13
2011	9	24	4.213	6110.1758	266.1755	23.1755	 0.67	 0.05	192.10	 5.19	 4.24	 1.00	10.82	 1.15	319.70	277.32	281.74	260.16	283.95	0	52.03
2011	9	24	5.528	6110.2305	266.2303	23.2303	 0.85	 0.03	188.41	 1.76	 5.16	 0.92	10.73	 1.28	320.24	276.81	284.44	259.99	283.24	0	52.00
2011	9	24	6.866	6110.2861	266.2861	23.2861	 0.78	 0.03	189.41	 2.51	 7.09	 0.94	10.73	 1.19	320.30	276.27	282.87	258.52	282.54	0	51.70
2011	9	24	7.743	6110.3228	266.3226	23.3226	 0.90	 0.04	188.87	 2.58	 7.57	 0.97	10.75	 1.28	320.70	276.01	282.92	259.08	282.22	0	51.82
2011	9	24	8.230	6110.3428	266.3429	23.3429	 0.80	 0.04	189.91	 3.08	 2.25	 1.00	10.77	 1.25	320.84	275.94	281.70	259.19	282.25	0	51.84
2011	9	24	9.107	6110.3794	266.3795	23.3794	 0.65	 0.05	182.95	 5.53	 9.16	 0.99	10.73	 1.22	321.10	276.04	281.86	 0.00	282.28	0	54.00
2011	9	24	9.984	6110.4160	266.4160	23.4160	 0.54	 0.05	193.85	 7.95	 3.24	 1.00	10.77	 1.18	321.18	275.92	281.66	259.43	282.12	0	51.89
2011	9	24	10.447	6110.4351	266.4353	23.4353	 0.96	 0.05	195.88	 2.75	 6.48	 0.99	10.78	 1.16	321.08	275.95	283.18	260.30	283.50	0	52.06
2011	9	24	10.886	6110.4536	266.4536	23.4536	 1.18	 0.05	196.28	 2.12	 3.54	 1.00	10.72	 1.27	320.99	276.41	282.57	264.84	283.91	0	52.97
2011	9	24	13.538	6110.5640	266.5641	23.5641	 1.28	 0.05	197.84	 1.67	 6.40	 0.97	10.75	 1.27	321.50	284.61	291.13	266.62	 0.00	0	53.32
2011	9	24	13.976	6110.5825	266.5823	23.5823	 1.22	 0.07	203.73	 2.45	 4.54	 1.00	10.77	 1.22	321.40	286.51	296.17	268.48	293.56	0	53.70
2011	9	24	14.414	6110.6006	266.6006	23.6006	 1.23	 0.05	203.13	 1.85	 1.86	 1.00	10.75	 1.19	320.30	288.19	295.80	270.17	297.52	0	54.03
2011	9	24	17.088	6110.7119	266.7120	23.7120	 1.95	 0.10	204.74	 1.41	 0.74	 1.00	10.80	 1.25	321.64	295.61	303.51	283.53	299.77	0	56.71
2011	9	24	22.822	6110.9507	266.9509	23.9509	 1.92	 0.15	203.70	 2.10	 1.86	 1.00	10.73	 1.18	315.64	284.97	295.79	265.62	292.09	0	53.12
2011	9	24	23.261	6110.9692	266.9692	23.9692	 2.38	 0.31	203.67	 2.46	23.53	 0.97	10.73	 1.24	316.22	283.95	293.32	265.46	291.00	0	53.09
2011	9	25	0.601	6111.0249	267.0250	24.0250	 1.60	 0.10	196.27	 1.95	 3.64	 1.00	10.75	 1.12	317.06	281.59	289.84	265.26	288.67	0	53.05
2011	9	25	2.813	6111.1172	267.1172	24.1172	 1.67	 0.07	205.78	 1.44	 6.89	 0.97	10.73	 1.17	317.74	279.50	287.39	262.91	286.29	0	52.58
2011	9	25	3.251	6111.1353	267.1354	24.1355	 1.76	 0.17	204.62	 2.89	10.00	 1.00	10.72	 1.19	318.05	279.40	282.99	263.18	286.19	0	52.64
2011	9	25	5.028	6111.2095	267.2095	24.2095	 2.12	 0.15	204.97	 1.69	 0.41	 1.00	10.75	 1.27	317.68	279.27	285.85	263.36	286.17	0	52.67
2011	9	25	5.466	6111.2275	267.2278	24.2278	 1.86	 0.12	200.49	 1.72	 5.36	 0.99	10.83	 1.12	317.72	279.19	284.78	263.14	284.55	0	52.63
2011	9	25	5.904	6111.2461	267.2460	24.2460	 1.96	 0.12	205.63	 1.59	 2.14	 1.00	10.70	 1.23	318.17	279.10	286.79	263.22	287.54	0	52.64
2011	9	25	6.366	6111.2651	267.2652	24.2652	 1.83	 0.09	203.90	 1.45	 0.84	 1.00	10.77	 1.21	318.25	279.05	283.75	263.22	285.86	0	52.64
2011	9	25	6.804	6111.2837	267.2835	24.2835	 1.83	 0.10	203.27	 1.63	 3.29	 1.00	10.75	 1.23	317.92	278.99	283.99	263.13	285.78	0	52.63
2011	9	25	7.242	6111.3018	267.3018	24.3017	 1.73	 0.11	204.41	 1.92	 2.58	 1.00	10.75	 1.23	317.81	278.88	285.25	262.89	285.62	0	52.58
2011	9	25	7.681	6111.3198	267.3200	24.3200	 1.60	 0.08	204.85	 1.63	 3.22	 1.00	10.73	 1.21	317.87	278.80	286.85	263.04	285.54	0	52.61
2011	9	25	11.265	6111.4692	267.4694	24.4694	 1.37	 0.11	204.27	 3.40	 2.30	 1.00	10.75	 1.03	317.68	274.64	280.07	265.18	279.88	0	53.04
2011	9	25	11.702	6111.4878	267.4876	24.4876	 1.70	 0.10	205.51	 1.83	 2.71	 1.00	10.72	 1.27	323.57	276.47	279.81	265.52	280.82	0	53.10
2011	9	25	12.577	6111.5239	267.5240	24.5241	 1.83	 0.11	202.94	 1.65	 2.81	 1.00	10.73	 1.25	324.27	280.93	285.12	269.71	285.08	0	53.94
2011	9	25	13.918	6111.5801	267.5799	24.5799	 1.64	 0.10	204.74	 2.09	 2.82	 1.00	10.73	 1.17	322.40	287.74	292.79	273.12	295.06	0	54.62
2011	9	25	15.254	6111.6357	267.6356	24.6356	 1.66	 0.09	203.02	 1.76	 4.09	 1.00	10.75	 1.04	323.86	292.68	299.92	279.07	299.50	0	55.81
2011	9	25	15.692	6111.6538	267.6538	24.6538	 2.30	 0.15	198.83	 1.31	 4.81	 0.99	10.73	 1.19	317.87	294.16	293.50	281.61	299.64	0	56.32
2011	9	25	16.128	6111.6719	267.6720	24.6720	 1.95	 0.18	198.46	 2.38	 1.64	 1.00	10.73	 0.98	315.67	294.81	303.02	284.71	300.48	0	56.94
2011	9	25	17.466	6111.7275	267.7278	24.7278	 1.99	 0.15	199.01	 1.94	 0.83	 1.00	10.75	 1.02	322.58	297.04	307.83	283.25	301.83	0	56.65
2011	9	25	20.552	6111.8564	267.8563	24.8563	 2.22	 0.31	194.79	 2.86	 2.06	 1.00	10.73	 1.00	326.24	292.20	297.86	275.53	298.74	0	55.11
2011	9	25	21.429	6111.8931	267.8929	24.8929	 2.33	 0.19	203.11	 1.62	 5.04	 0.99	10.75	 1.12	326.15	290.81	301.53	273.49	296.11	0	54.70
2011	9	25	22.768	6111.9487	267.9487	24.9487	 1.71	 0.13	186.72	 2.18	12.16	 0.98	10.75	 0.93	326.12	287.50	288.14	265.56	294.55	0	53.11
2011	9	26	0.109	6112.0044	268.0045	25.0045	 1.87	 0.11	203.24	 1.63	 2.86	 1.00	10.77	 1.15	326.44	284.89	292.73	265.34	290.02	0	53.07
2011	9	26	0.548	6112.0229	268.0228	25.0228	 1.99	 0.09	205.39	 1.22	 0.62	 1.00	10.73	 1.29	326.32	284.21	290.52	265.29	290.67	0	53.06
2011	9	26	2.763	6112.1152	268.1151	25.1151	 1.71	 0.10	204.40	 1.75	 3.09	 1.00	10.72	 1.28	326.60	282.48	288.07	265.04	288.79	0	53.01
2011	9	26	3.202	6112.1333	268.1334	25.1334	 1.72	 0.09	204.93	 1.66	 3.39	 1.00	10.82	 1.25	326.57	282.30	289.67	265.00	288.56	0	53.00
2011	9	26	4.079	6112.1699	268.1700	25.1700	 1.55	 0.09	201.87	 2.09	 3.04	 1.00	10.77	 1.18	326.54	281.97	287.18	265.02	288.09	0	53.00
2011	9	26	4.542	6112.1895	268.1893	25.1893	 1.67	 0.08	201.55	 1.63	 4.67	 0.99	10.85	 1.20	326.62	281.79	287.09	265.02	287.99	0	53.00
2011	9	26	4.982	6112.2075	268.2076	25.2076	 1.59	 0.08	204.25	 1.76	 6.61	 0.99	10.75	 1.18	326.58	281.65	286.68	265.00	287.88	0	53.00
2011	9	26	6.302	6112.2627	268.2626	25.2626	 1.70	 0.08	200.79	 1.45	 2.49	 1.00	10.83	 1.22	326.51	281.26	285.97	265.02	285.86	0	53.00
2011	9	26	6.766	6112.2817	268.2819	25.2819	 1.49	 0.08	204.70	 1.92	 5.30	 0.99	10.82	 1.17	326.47	281.12	287.40	265.07	287.28	0	53.01
2011	9	26	8.520	6112.3550	268.3550	25.3550	 1.34	 0.05	201.13	 1.53	 2.79	 0.99	10.72	 1.26	326.26	280.63	285.46	264.92	287.96	0	52.98
2011	9	26	9.011	6112.3755	268.3755	25.3755	 1.18	 0.07	203.21	 2.67	 0.45	 1.00	10.78	 1.18	326.50	280.51	286.29	264.94	287.89	0	52.99
2011	9	26	9.449	6112.3936	268.3937	25.3937	 1.12	 0.05	204.92	 2.39	 4.92	 0.99	10.73	 1.21	326.46	280.36	285.44	262.88	286.28	0	52.58
2011	9	26	9.889	6112.4121	268.4120	25.4120	 1.04	 0.06	198.98	 2.80	 1.92	 1.00	10.75	 1.16	326.49	280.17	284.12	262.42	287.28	0	52.48
2011	9	26	16.091	6112.6704	268.6705	25.6705	 1.76	 0.11	208.42	 1.93	 2.27	 1.00	10.73	 1.24	326.54	295.61	303.39	284.72	302.76	0	56.94
2011	9	26	21.825	6112.9092	268.9094	25.9094	 1.97	 0.19	210.90	 2.66	14.13	 0.99	10.73	 1.17	320.06	290.76	300.93	269.42	298.18	0	53.88
2011	9	27	2.267	6113.0942	269.0945	26.0944	 1.77	 0.13	206.51	 2.24	 0.90	 1.00	10.73	 1.19	323.60	281.99	288.18	265.02	286.93	0	53.00
2011	9	27	3.606	6113.1504	269.1502	26.1502	 2.08	 0.13	206.94	 1.47	 5.35	 0.99	10.73	 1.28	323.59	281.76	288.56	265.09	289.79	0	53.02
2011	9	27	5.824	6113.2427	269.2427	26.2427	 1.72	 0.10	203.24	 1.76	 3.66	 1.00	10.73	 1.23	317.85	280.70	287.80	265.09	288.14	0	53.02
2011	9	27	6.262	6113.2607	269.2609	26.2609	 1.64	 0.08	201.79	 1.62	 5.32	 0.99	10.73	 1.22	315.90	280.30	289.20	265.11	286.44	0	53.02
2011	9	27	7.164	6113.2983	269.2985	26.2985	 1.43	 0.08	202.98	 2.08	 7.42	 0.99	10.75	 1.20	317.07	279.52	287.84	265.07	285.16	0	53.01
2011	9	27	7.603	6113.3169	269.3168	26.3168	 1.46	 0.08	201.70	 2.07	 5.31	 1.00	10.72	 1.16	316.77	279.27	285.75	265.07	285.31	0	53.01
2011	9	27	8.919	6113.3716	269.3716	26.3716	 1.48	 0.07	199.18	 1.73	11.43	 0.94	10.77	 1.28	316.10	278.93	286.27	265.08	285.52	0	53.02
2011	9	27	9.406	6113.3921	269.3919	26.3919	 1.32	 0.05	201.06	 1.71	 3.88	 0.99	10.77	 1.28	315.94	278.81	285.80	265.07	285.55	0	53.01
2011	9	27	10.285	6113.4287	269.4285	26.4285	 1.13	 0.05	195.45	 2.25	 3.72	 1.00	10.77	 1.17	316.28	278.73	286.54	265.05	283.96	0	53.01
2011	9	27	11.161	6113.4648	269.4650	26.4650	 1.10	 0.05	191.59	 2.10	 3.59	 0.99	10.73	 1.15	315.79	279.49	285.09	 0.00	285.96	0	54.00
2011	9	27	17.357	6113.7231	269.7232	26.7232	 2.61	 0.33	197.91	 2.04	 1.39	 1.00	10.73	 0.88	319.91	297.06	306.66	287.12	302.64	0	57.42
2011	9	27	17.795	6113.7412	269.7415	26.7414	 2.24	 0.14	205.53	 1.39	 7.26	 0.97	10.77	 1.02	321.33	298.07	308.40	291.31	303.77	0	58.26
2011	9	27	18.257	6113.7607	269.7607	26.7607	 2.39	 0.23	205.43	 1.85	 6.42	 1.00	10.75	 1.10	317.20	298.50	308.09	284.46	304.06	0	56.89
2011	9	27	18.694	6113.7788	269.7789	26.7789	 2.06	 0.18	206.51	 2.11	26.64	 0.92	10.73	 1.06	316.10	298.46	307.02	285.13	304.89	0	57.03
2011	9	27	20.911	6113.8711	269.8713	26.8713	 3.03	 0.48	211.40	 1.97	 4.26	 1.00	10.78	 1.25	321.12	295.46	308.04	278.91	303.51	0	55.78
2011	9	27	21.786	6113.9077	269.9077	26.9078	 3.00	 0.44	205.34	 1.82	 2.94	 1.00	10.73	 1.06	319.40	292.92	303.44	 0.00	301.90	0	54.00
2011	9	28	1.347	6114.0562	270.0562	27.0561	 2.68	 0.18	207.29	 1.04	 2.28	 0.99	10.77	 1.20	319.80	283.86	292.28	265.19	290.78	0	53.04
2011	9	28	1.787	6114.0747	270.0745	27.0745	 2.84	 0.25	205.64	 1.24	 7.44	 0.96	10.80	 1.23	319.75	283.36	290.06	265.18	290.16	0	53.04
2011	9	28	3.129	6114.1304	270.1304	27.1304	 2.95	 0.35	209.33	 1.58	 1.27	 1.00	10.77	 1.26	319.56	282.34	290.12	265.09	289.16	0	53.02
2011	9	28	4.444	6114.1851	270.1852	27.1852	 3.58	 0.67	208.80	 1.54	 0.45	 1.00	10.73	 1.21	318.84	281.95	289.61	264.94	288.65	0	52.99
2011	9	28	4.885	6114.2036	270.2035	27.2035	 3.09	 0.35	208.96	 1.34	 3.52	 1.00	10.83	 1.27	319.06	282.17	287.56	264.98	288.95	0	53.00
2011	9	28	5.348	6114.2227	270.2228	27.2228	 3.36	 0.51	207.90	 1.46	 2.22	 1.00	10.73	 1.18	319.12	282.39	289.21	264.99	 0.00	0	53.00
2011	9	28	6.223	6114.2593	270.2593	27.2593	 2.79	 0.28	207.15	 1.45	 4.86	 0.99	10.73	 1.21	319.23	282.21	290.28	265.16	287.49	0	53.03
2011	9	28	6.663	6114.2778	270.2776	27.2776	 3.14	 0.44	205.45	 1.56	 4.54	 1.00	10.77	 1.21	319.13	282.16	289.06	264.93	 0.00	0	52.99
2011	9	28	8.881	6114.3701	270.3701	27.3700	 3.00	 0.35	203.79	 1.45	 1.84	 1.00	10.73	 1.19	320.46	280.91	287.93	265.02	286.05	0	53.00
2011	9	28	10.246	6114.4268	270.4269	27.4269	 2.67	 0.25	206.77	 1.48	 3.26	 1.00	10.75	 1.24	319.77	280.46	288.43	 0.00	287.23	0	54.00
2011	9	28	10.684	6114.4453	270.4452	27.4452	 2.47	 0.20	205.50	 1.46	 1.94	 1.00	10.77	 1.20	319.85	280.56	286.78	264.90	287.27	0	52.98
2011	9	28	11.124	6114.4634	270.4635	27.4635	 2.58	 0.21	206.90	 1.36	 1.43	 1.00	10.73	 1.29	319.94	281.05	287.74	265.01	287.69	0	53.00
2011	9	28	12.025	6114.5010	270.5010	27.5010	 1.97	 0.16	203.80	 2.13	 9.41	 0.99	10.77	 1.11	320.22	283.20	288.75	270.07	292.69	0	54.01
2011	9	28	12.462	6114.5190	270.5193	27.5193	 2.05	 0.12	203.79	 1.43	 5.75	 0.98	10.75	 1.17	320.28	284.64	290.87	271.08	289.74	0	54.22
2011	9	28	13.338	6114.5557	270.5558	27.5558	 2.15	 0.14	204.54	 1.53	 5.89	 0.99	10.73	 1.22	320.84	288.22	295.45	273.45	295.57	0	54.69
2011	9	28	13.776	6114.5742	270.5740	27.5740	 2.10	 0.14	204.12	 1.57	 0.65	 1.00	10.73	 1.19	321.07	290.04	296.90	274.13	297.47	0	54.83
2011	9	28	14.237	6114.5933	270.5932	27.5932	 2.60	 0.24	208.24	 1.58	 2.15	 1.00	10.75	 1.19	321.39	291.78	300.39	275.75	299.78	0	55.15
2011	9	28	14.674	6114.6113	270.6114	27.6114	 2.69	 0.23	207.11	 1.36	 8.57	 0.97	10.77	 1.17	320.83	293.42	302.66	275.71	301.30	0	55.14
2011	9	28	15.112	6114.6299	270.6297	27.6297	 2.00	 0.47	211.94	 6.18	112.01	 0.98	10.77	 1.01	320.40	294.68	305.74	276.66	299.95	0	55.33
2011	9	28	15.549	6114.6479	270.6479	27.6479	 2.63	 0.22	207.88	 1.38	 1.80	 1.00	10.70	 1.20	316.38	295.87	306.15	279.19	302.38	0	55.84
2011	9	28	16.447	6114.6851	270.6853	27.6853	 2.18	 0.23	192.87	 2.28	 3.90	 1.00	10.75	 0.83	316.90	296.74	308.96	282.58	303.52	0	56.52
2011	9	28	17.322	6114.7217	270.7218	27.7218	 1.99	 0.14	204.83	 1.79	 2.79	 1.00	10.73	 1.03	319.36	297.70	308.07	281.99	304.47	0	56.40
2011	9	28	17.759	6114.7397	270.7400	27.7400	 2.03	 0.14	202.64	 1.66	 7.39	 0.99	10.73	 1.08	319.19	298.03	307.00	284.77	305.12	0	56.95
2011	9	28	18.658	6114.7773	270.7774	27.7774	 1.65	 0.13	196.41	 2.44	18.87	 0.97	10.75	 0.96	315.48	297.81	311.46	285.13	305.03	0	57.03
2011	9	28	21.745	6114.9062	270.9060	27.9060	 1.36	 0.18	208.71	 5.53	19.37	 1.00	10.73	 1.11	316.17	290.44	305.63	268.51	299.14	0	53.70
2011	9	28	23.522	6114.9800	270.9801	27.9801	 1.38	 0.06	209.27	 1.79	 1.80	 1.00	10.73	 1.21	319.56	284.85	296.97	265.45	292.05	0	53.09
2011	9	29	0.401	6115.0166	271.0167	28.0167	 1.23	 0.07	207.63	 2.52	 2.48	 1.00	10.72	 1.24	319.12	283.12	292.90	265.29	289.92	0	53.06
2011	9	29	2.178	6115.0908	271.0907	28.0907	 1.69	 0.10	205.23	 2.00	 1.11	 1.00	10.77	 1.21	317.18	280.78	289.85	265.11	287.80	0	53.02
2011	9	29	3.055	6115.1274	271.1273	28.1273	 1.63	 0.09	207.99	 1.86	 1.99	 1.00	10.83	 1.22	317.80	280.26	290.41	265.09	285.63	0	53.02
2011	9	29	4.397	6115.1831	271.1832	28.1832	 1.85	 0.10	211.55	 1.53	10.45	 0.95	10.78	 1.20	318.19	279.77	288.42	265.09	288.11	0	53.02
2011	9	29	6.613	6115.2754	271.2755	28.2756	 2.01	 0.14	204.73	 1.72	 1.54	 1.00	10.73	 1.21	318.23	279.08	287.31	264.10	285.65	0	52.82
2011	9	29	7.488	6115.3120	271.3120	28.3120	 1.71	 0.09	200.36	 1.69	 2.46	 1.00	10.73	 1.11	317.93	278.76	283.88	263.72	287.02	0	52.74
2011	9	29	7.951	6115.3311	271.3313	28.3313	 1.96	 0.15	203.94	 2.01	 7.22	 0.99	10.77	 1.18	317.00	278.60	286.23	263.11	285.29	0	52.62
2011	9	29	12.844	6115.5352	271.5352	28.5352	 1.18	 0.06	206.24	 2.28	 2.06	 1.00	10.72	 1.18	316.26	279.93	286.74	272.01	286.11	0	54.40
2011	9	29	14.154	6115.5898	271.5898	28.5898	 1.58	 0.12	205.83	 2.70	 2.82	 1.00	10.73	 1.16	315.72	286.91	295.70	274.63	291.71	0	54.93
2011	9	29	15.054	6115.6274	271.6273	28.6273	 1.84	 0.11	207.63	 1.78	 2.74	 1.00	10.72	 1.23	317.26	290.88	299.60	278.68	297.34	0	55.74
2011	9	29	15.931	6115.6636	271.6638	28.6638	 1.64	 0.09	204.54	 1.76	 2.33	 1.00	10.73	 1.09	316.74	293.58	302.92	283.80	298.99	0	56.76
2011	9	29	16.367	6115.6821	271.6820	28.6820	 2.31	 0.15	204.99	 1.31	 3.27	 0.99	10.75	 1.12	316.98	293.97	302.44	283.20	300.48	0	56.64
2011	9	29	17.267	6115.7192	271.7195	28.7194	 3.07	 0.49	201.76	 1.83	 3.07	 1.00	10.75	 1.07	315.73	296.20	306.79	284.80	302.11	0	56.96
2011	9	29	23.466	6115.9775	271.9778	28.9777	 3.05	 0.38	201.68	 1.48	 1.74	 1.00	10.77	 1.12	320.22	285.64	295.71	 0.00	293.00	0	54.00
2011	9	29	23.906	6115.9961	271.9961	28.9961	 2.95	 0.31	209.64	 1.38	 1.16	 1.00	10.75	 1.29	320.34	284.73	294.57	265.40	291.85	0	53.08
2011	9	30	0.345	6116.0142	272.0144	29.0144	 3.05	 0.25	209.21	 1.00	 6.58	 0.94	10.77	 1.20	320.02	283.99	293.46	265.33	291.17	0	53.07
2011	9	30	2.123	6116.0884	272.0885	29.0885	 3.19	 0.45	210.11	 1.54	 3.24	 1.00	10.73	 1.23	318.46	283.13	291.06	265.01	288.33	0	53.00
2011	9	30	2.561	6116.1069	272.1067	29.1067	 3.24	 0.33	209.51	 1.09	 1.49	 1.00	10.72	 1.24	318.60	283.34	291.45	 0.00	288.43	0	54.00
2011	9	30	2.997	6116.1250	272.1249	29.1249	 3.49	 0.48	209.41	 1.20	 4.91	 0.99	10.72	 1.26	318.58	283.30	291.82	265.11	290.24	0	53.02
2011	9	30	3.899	6116.1626	272.1625	29.1625	 2.90	 0.35	205.14	 1.60	 1.82	 1.00	10.77	 1.15	318.27	282.42	290.47	264.51	289.34	0	52.90
2011	9	30	4.776	6116.1992	272.1990	29.1990	 2.82	 0.35	207.45	 1.79	 2.24	 1.00	10.77	 1.22	318.04	281.48	290.32	264.70	286.78	0	52.94
2011	9	30	5.652	6116.2354	272.2355	29.2355	 2.64	 0.22	207.61	 1.37	 0.85	 1.00	10.75	 1.25	316.26	280.58	289.66	263.40	287.39	0	52.68
2011	9	30	11.898	6116.4956	272.4958	29.4958	 1.68	 0.10	205.41	 2.00	 5.46	 1.00	10.78	 1.23	322.69	276.72	281.56	266.40	282.77	0	53.28
2011	9	30	12.337	6116.5142	272.5140	29.5140	 1.68	 0.09	205.95	 1.76	 4.56	 0.99	10.75	 1.26	322.76	278.90	283.60	269.63	285.91	0	53.93
2011	9	30	12.799	6116.5332	272.5333	29.5333	 1.87	 0.12	204.52	 1.87	 2.10	 1.00	10.78	 1.21	322.82	281.63	287.32	271.46	288.90	0	54.29
2011	9	30	14.117	6116.5884	272.5882	29.5882	 1.52	 0.08	202.28	 1.84	 2.13	 1.00	10.72	 1.19	320.52	288.04	295.25	271.49	295.09	0	54.30
2011	9	30	14.554	6116.6064	272.6064	29.6064	 1.69	 0.10	201.96	 1.80	 3.41	 1.00	10.75	 1.16	320.53	289.90	297.61	272.69	296.26	0	54.54
2011	9	30	15.016	6116.6255	272.6257	29.6257	 1.57	 0.09	202.61	 1.90	 2.22	 1.00	10.77	 1.18	321.96	291.51	299.56	273.80	299.74	0	54.76
2011	9	30	15.454	6116.6440	272.6439	29.6439	 1.60	 0.06	204.09	 1.17	 2.57	 0.99	10.73	 1.25	320.46	292.76	302.54	275.37	298.99	0	55.07
2011	9	30	16.766	6116.6987	272.6986	29.6986	 1.40	 0.06	195.14	 1.61	 5.76	 0.98	10.73	 1.19	322.06	294.89	302.69	278.63	301.15	0	55.73
2011	9	30	18.102	6116.7544	272.7543	29.7543	 0.99	 0.10	191.64	 5.50	 6.21	 1.00	10.75	 0.98	319.20	295.79	305.27	277.95	302.33	0	55.59
2011	9	30	19.439	6116.8101	272.8099	29.8099	 1.42	 0.13	192.92	 3.48	 6.32	 1.00	10.77	 1.11	317.00	294.31	303.24	278.96	301.75	0	55.79
2011	9	30	19.877	6116.8281	272.8282	29.8282	 1.33	 0.07	201.39	 2.32	 4.15	 1.00	10.73	 1.17	317.01	293.54	305.28	277.35	303.36	0	55.47
2011	9	30	20.313	6116.8462	272.8464	29.8464	 1.15	 0.07	197.31	 2.67	18.28	 0.94	10.75	 1.06	316.85	292.60	304.21	276.58	300.55	0	55.32
2011	9	30	20.752	6116.8647	272.8647	29.8647	 1.27	 0.10	198.78	 3.54	 8.96	 1.00	10.73	 1.15	316.81	291.48	304.75	274.89	299.77	0	54.98
2011	9	30	21.652	6116.9023	272.9022	29.9022	 1.62	 0.29	203.26	 5.87	30.18	 1.00	10.75	 1.27	318.57	288.76	304.59	271.62	296.67	0	54.32
2011	9	30	22.092	6116.9204	272.9205	29.9205	 1.15	 0.44	188.09	17.23	32.28	 1.00	10.82	 1.04	320.21	287.34	294.57	266.12	293.79	0	53.22
2011	9	30	23.408	6116.9756	272.9753	29.9753	 1.00	 0.06	196.12	 3.29	 4.63	 1.00	10.75	 1.21	321.76	283.56	291.83	262.29	289.28	0	52.46
2011	9	30	23.871	6116.9946	272.9946	29.9946	 0.89	 0.08	193.99	 5.08	 1.15	 1.00	10.80	 1.14	321.84	282.39	291.35	261.49	289.33	0	52.30
