2011	7	1	0.311	6025.0132	181.0130	0.0130	 0.98	 0.08	184.74	 4.21	 3.58	 1.00	10.80	 1.07	323.45	274.26	278.94	 0.00	281.55	0	54.00
2011	7	1	0.751	6025.0312	181.0313	0.0313	 1.02	 0.05	187.26	 2.55	 7.02	 0.99	10.73	 1.20	323.36	273.78	280.85	253.31	 0.00	0	50.66
2011	7	1	1.661	6025.0693	181.0692	0.0692	 0.72	 0.05	179.95	 4.18	13.60	 0.96	10.82	 1.15	323.50	272.91	279.73	253.68	280.14	0	50.74
2011	7	1	2.545	6025.1060	181.1060	0.1060	 0.60	 0.05	181.14	 6.11	 9.88	 0.99	10.92	 1.13	323.44	272.29	280.99	253.88	 0.00	0	50.78
2011	7	1	3.427	6025.1426	181.1428	0.1428	 0.52	 0.04	170.21	 6.60	11.88	 0.96	10.75	 1.06	323.39	271.91	277.84	254.12	279.09	0	50.82
2011	7	1	3.894	6025.1621	181.1622	0.1622	 0.40	 0.05	173.68	12.92	11.80	 0.99	10.92	 0.97	323.44	271.75	277.71	254.39	277.54	0	50.88
2011	7	1	4.338	6025.1807	181.1807	0.1807	 0.34	 0.04	183.53	11.74	22.44	 0.79	10.75	 0.99	323.32	271.64	275.97	254.31	277.46	0	50.86
2011	7	1	4.778	6025.1992	181.1991	0.1991	 0.39	 0.05	171.49	12.12	 5.73	 1.00	10.78	 0.99	323.32	271.57	277.62	254.21	276.01	0	50.84
2011	7	1	5.215	6025.2173	181.2173	0.2173	 0.44	 0.05	166.03	10.56	13.47	 0.98	10.73	 1.02	323.31	271.46	276.45	253.97	277.33	0	50.79
2011	7	1	6.122	6025.2549	181.2551	0.2551	 0.47	 0.04	162.82	 6.20	 5.02	 0.99	10.82	 1.00	323.40	271.29	276.82	253.94	277.17	0	50.79
2011	7	1	7.008	6025.2920	181.2920	0.2920	 0.44	 0.04	172.55	 8.37	 6.36	 0.99	10.77	 1.04	323.22	271.14	277.08	253.65	 0.00	0	50.73
2011	7	1	7.450	6025.3105	181.3104	0.3104	 0.45	 0.06	159.22	10.52	 3.33	 1.00	10.73	 0.95	323.27	271.06	276.49	253.41	275.41	0	50.68
2011	7	1	7.894	6025.3291	181.3289	0.3289	 0.55	 0.05	158.83	 6.66	 7.32	 0.99	10.72	 0.98	323.26	270.94	278.13	253.29	276.67	0	50.66
2011	7	1	8.363	6025.3486	181.3484	0.3484	 0.46	 0.06	173.26	10.97	 7.38	 1.00	10.82	 0.93	323.22	270.79	277.28	253.23	276.54	0	50.65
2011	7	1	9.246	6025.3853	181.3853	0.3853	 0.59	 0.08	160.01	 9.61	 9.01	 1.00	10.80	 0.90	323.34	270.59	276.85	252.78	277.52	0	50.56
2011	7	1	10.134	6025.4224	181.4222	0.4222	 0.65	 0.06	178.58	 6.29	 7.18	 1.00	10.78	 0.89	323.27	270.39	279.40	252.54	275.88	0	50.51
2011	7	1	11.042	6025.4600	181.4601	0.4601	 0.75	 0.07	175.18	 5.71	 6.59	 1.00	10.75	 0.85	323.24	270.27	277.46	252.62	274.38	0	50.52
2011	7	1	12.366	6025.5151	181.5153	0.5153	 0.36	 0.15	244.04	58.87	111.79	 1.00	10.72	 1.09	323.45	272.29	272.76	254.24	277.71	0	50.85
2011	7	1	14.145	6025.5894	181.5894	0.5894	 0.73	 0.05	184.74	 4.28	10.33	 0.98	10.75	 1.13	323.58	277.31	278.41	256.55	283.38	0	51.31
2011	7	1	15.919	6025.6631	181.6633	0.6633	 1.03	 0.10	196.57	 5.12	56.38	 0.94	10.73	 1.27	322.58	282.98	287.61	266.11	288.71	0	53.22
2011	7	1	16.359	6025.6816	181.6816	0.6816	 1.01	 0.05	188.95	 2.68	 1.02	 1.00	10.72	 1.22	322.41	284.12	289.28	266.26	292.62	0	53.25
2011	7	1	17.259	6025.7192	181.7191	0.7191	 1.40	 0.06	187.89	 1.68	 3.02	 1.00	10.77	 1.22	319.99	286.08	291.79	266.25	291.53	0	53.25
2011	7	1	17.697	6025.7373	181.7374	0.7374	 1.46	 0.10	192.20	 2.41	 3.29	 1.00	10.73	 1.20	318.47	286.58	293.31	266.02	292.07	0	53.20
2011	7	1	18.572	6025.7739	181.7738	0.7738	 1.55	 0.10	188.52	 2.13	 1.20	 1.00	10.73	 1.17	317.35	286.90	296.44	265.86	292.72	0	53.17
2011	7	1	19.010	6025.7920	181.7921	0.7921	 1.16	 0.11	183.21	 4.25	 8.43	 1.00	10.72	 0.99	317.62	286.63	293.69	 0.00	292.73	0	54.00
2011	7	1	20.787	6025.8662	181.8661	0.8661	 1.36	 0.10	185.09	 2.63	 3.99	 1.00	10.75	 1.08	320.19	282.92	289.82	257.53	291.83	0	51.51
# Unit 3, Cerro Chajnantor CCAT, Filter  0,  Slot 1, 350 um (616) & yellow
#				days
#				since		day of	day of
# yr	mo	dy	 time	1/1/1995	year	month	Tau	unc	Tatm	unc	mse	fitgood	Etime	R	Thot	Twarm	Tchop	Tamb	<Tint>	Filter	Toff
# 1	2	3	4	5		6	7	8	9	10	11	12	13	14	15	16	17	18	19	20	21	22
2011	7	2	5.297	6026.2207	182.2207	1.2207	 0.93	 0.09	188.49	 5.25	 1.39	 1.00	10.77	 0.78	323.25	269.19	270.17	252.95	274.82	0	50.59
2011	7	2	5.737	6026.2393	182.2390	1.2391	 0.87	 0.07	186.97	 4.49	 8.28	 1.00	10.82	 0.77	323.34	269.52	270.19	252.94	273.76	0	50.59
2011	7	2	6.177	6026.2573	182.2574	1.2574	 1.07	 0.07	193.28	 3.30	 3.55	 1.00	10.87	 0.88	323.38	269.81	275.32	252.88	276.87	0	50.58
2011	7	2	6.646	6026.2769	182.2769	1.2769	 1.21	 0.11	184.35	 3.69	 9.29	 1.00	10.75	 0.86	323.50	269.97	276.35	252.74	275.66	0	50.55
2011	7	2	8.418	6026.3506	182.3508	1.3508	 1.04	 0.09	186.31	 4.23	10.28	 1.00	10.85	 0.98	323.35	270.72	276.45	253.89	276.15	0	50.78
2011	7	2	9.335	6026.3892	182.3889	1.3889	 0.99	 0.06	188.98	 3.41	11.56	 0.99	10.85	 0.97	323.07	271.23	277.15	 0.00	276.68	0	54.00
2011	7	2	11.127	6026.4634	182.4636	1.4636	 1.08	 0.08	194.52	 3.47	 1.35	 1.00	10.77	 0.91	322.89	271.10	274.05	252.99	277.94	0	50.60
2011	7	2	11.566	6026.4819	182.4819	1.4819	 1.33	 0.13	189.46	 3.89	11.48	 1.00	10.73	 1.04	322.69	271.32	277.79	 0.00	 0.00	0	54.00
2011	7	2	12.447	6026.5186	182.5186	1.5186	 1.20	 0.08	187.29	 2.88	 8.60	 0.99	10.73	 1.25	322.26	273.04	276.65	254.43	 0.00	0	50.89
2011	7	2	15.568	6026.6484	182.6487	1.6487	 1.68	 0.16	191.43	 2.89	 9.14	 1.00	10.75	 1.17	318.13	281.96	282.59	261.91	287.28	0	52.38
2011	7	2	21.107	6026.8794	182.8795	1.8795	 1.95	 0.18	200.58	 2.33	 2.66	 1.00	10.73	 1.23	321.99	276.14	284.74	258.81	282.69	0	51.76
2011	7	2	21.546	6026.8979	182.8978	1.8978	 1.85	 0.45	210.72	 7.20	156.37	 0.98	10.77	 1.27	321.87	276.26	285.22	257.90	283.27	0	51.58
2011	7	2	21.987	6026.9160	182.9161	1.9161	 1.86	 0.16	191.83	 2.28	 9.70	 0.99	10.78	 1.12	321.88	275.99	282.18	256.45	 0.00	0	51.29
2011	7	2	22.427	6026.9346	182.9345	1.9345	 1.64	 0.11	204.88	 2.24	22.00	 0.94	10.73	 1.25	321.98	275.60	285.30	255.76	282.19	0	51.15
2011	7	2	22.893	6026.9541	182.9539	1.9539	 1.60	 0.09	193.61	 1.75	 2.56	 1.00	10.83	 1.15	322.37	275.17	281.46	255.39	280.14	0	51.08
2011	7	3	0.659	6027.0273	183.0275	2.0275	 1.34	 0.08	193.94	 2.38	 3.96	 1.00	10.72	 1.18	322.58	273.79	278.72	255.15	279.79	0	51.03
2011	7	3	1.125	6027.0469	183.0469	2.0469	 1.25	 0.08	193.19	 2.84	 1.69	 1.00	10.77	 1.11	322.66	273.54	277.90	255.13	 0.00	0	51.03
2011	7	3	2.891	6027.1206	183.1205	2.1205	 1.17	 0.10	194.30	 3.71	11.85	 1.00	10.77	 1.08	322.74	272.91	279.36	255.16	277.57	0	51.03
2011	7	3	3.356	6027.1396	183.1398	2.1398	 1.32	 0.11	192.12	 3.35	 3.66	 1.00	10.77	 1.11	323.07	272.76	280.62	255.08	278.73	0	51.02
2011	7	3	3.797	6027.1582	183.1582	2.1582	 1.30	 0.08	198.38	 2.71	 3.43	 1.00	10.82	 1.24	322.99	272.67	282.29	254.97	278.57	0	50.99
2011	7	3	4.241	6027.1768	183.1767	2.1767	 1.11	 0.06	194.54	 2.68	 7.64	 0.99	10.90	 1.14	323.11	272.64	279.93	 0.00	278.51	0	54.00
2011	7	3	4.684	6027.1953	183.1952	2.1952	 1.08	 0.06	188.51	 2.61	 9.61	 0.98	10.93	 1.13	323.12	272.65	277.22	255.41	 0.00	0	51.08
2011	7	3	5.597	6027.2334	183.2332	2.2332	 1.05	 0.05	196.54	 2.41	 7.11	 0.98	10.83	 1.07	323.12	272.64	279.43	255.46	279.86	0	51.09
2011	7	3	6.042	6027.2520	183.2518	2.2517	 1.14	 0.06	196.59	 2.43	 4.70	 1.00	10.90	 1.18	323.02	272.67	279.83	255.54	279.90	0	51.11
2011	7	3	6.490	6027.2705	183.2704	2.2704	 1.02	 0.09	189.98	 4.32	 3.31	 1.00	10.82	 1.03	323.03	272.76	279.09	255.71	278.51	0	51.14
2011	7	3	6.931	6027.2886	183.2888	2.2888	 0.98	 0.07	189.40	 3.70	 2.89	 1.00	10.77	 1.06	322.88	272.75	277.66	 0.00	277.11	0	54.00
2011	7	3	7.371	6027.3071	183.3071	2.3071	 1.11	 0.07	192.17	 2.95	 5.49	 1.00	10.83	 1.12	322.94	272.73	278.97	255.41	 0.00	0	51.08
2011	7	3	7.840	6027.3267	183.3267	2.3267	 0.95	 0.07	196.71	 3.89	 9.48	 0.99	10.88	 1.06	323.05	272.69	278.74	255.52	278.46	0	51.10
2011	7	3	8.725	6027.3638	183.3635	2.3635	 1.14	 0.10	187.04	 3.94	 9.65	 1.00	10.78	 1.04	323.02	272.64	277.96	255.35	278.40	0	51.07
2011	7	3	9.169	6027.3818	183.3820	2.3820	 1.03	 0.08	189.91	 3.87	 6.47	 1.00	10.73	 1.04	323.01	272.61	277.13	255.25	278.34	0	51.05
2011	7	3	9.608	6027.4004	183.4003	2.4003	 1.22	 0.09	188.57	 3.27	 3.69	 1.00	10.75	 1.05	323.00	272.56	277.34	255.23	279.59	0	51.05
2011	7	3	10.071	6027.4194	183.4196	2.4196	 1.16	 0.08	193.29	 3.27	 9.54	 0.99	10.78	 1.05	323.04	272.50	277.36	255.40	279.45	0	51.08
2011	7	3	10.514	6027.4380	183.4381	2.4381	 1.23	 0.09	191.52	 3.30	 3.57	 1.00	10.87	 1.01	322.94	272.49	276.99	255.45	276.86	0	51.09
2011	7	3	10.957	6027.4565	183.4566	2.4566	 1.35	 0.14	189.28	 4.03	 5.08	 1.00	10.82	 1.00	322.97	272.50	276.23	255.56	279.27	0	51.11
2011	7	3	12.749	6027.5312	183.5312	2.5312	 1.20	 0.09	190.77	 3.33	 5.56	 1.00	10.85	 1.15	323.12	275.41	279.18	257.90	 0.00	0	51.58
2011	7	3	14.066	6027.5859	183.5861	2.5861	 1.17	 0.09	199.89	 3.48	21.69	 0.98	10.73	 1.19	322.95	279.30	282.32	259.24	282.58	0	51.85
2011	7	3	15.845	6027.6602	183.6602	2.6602	 1.71	 0.12	196.14	 2.04	 3.87	 1.00	10.78	 1.20	321.14	284.33	288.71	265.04	289.96	0	53.01
2011	7	9	5.947	6033.2476	189.2478	8.2478	 3.70	 1.67	185.19	 2.99	38.81	 0.98	10.78	 1.06	316.49	275.44	275.72	258.09	281.45	0	51.62
2011	7	9	8.171	6033.3403	189.3404	8.3404	 2.10	 0.36	197.39	 3.94	26.86	 1.00	10.72	 1.14	317.02	274.84	278.90	256.85	280.97	0	51.37
2011	7	9	10.396	6033.4331	189.4332	8.4332	 3.37	 1.56	190.50	 4.06	13.17	 1.00	10.72	 1.27	317.01	274.37	278.14	256.30	280.35	0	51.26
2011	7	9	14.427	6033.6011	189.6011	8.6011	 2.99	 1.18	196.32	 4.70	19.04	 1.00	10.78	 1.22	318.08	277.30	281.91	259.44	283.72	0	51.89
2011	7	9	15.758	6033.6567	189.6566	8.6566	 6.35	47.30	198.03	 6.18	46.18	 1.00	10.98	 1.27	318.09	278.98	285.00	260.66	283.47	0	52.13
2011	7	9	19.766	6033.8237	189.8236	8.8236	 2.30	 0.30	191.37	 2.47	 1.50	 1.00	10.75	 1.14	316.52	282.17	287.50	261.76	287.46	0	52.35
2011	7	9	20.650	6033.8604	189.8604	8.8604	 2.17	 0.15	201.30	 1.49	13.44	 0.92	10.75	 1.30	315.87	281.45	291.79	259.77	290.30	0	51.95
2011	7	9	21.563	6033.8984	189.8985	8.8985	 1.98	 0.27	192.27	 3.26	 8.86	 1.00	10.80	 1.18	315.86	280.32	286.83	 0.00	287.19	0	54.00
2011	7	9	22.004	6033.9170	189.9169	8.9169	 1.69	 0.18	187.28	 3.08	 9.14	 1.00	10.72	 1.07	316.22	279.78	287.20	 0.00	286.56	0	54.00
2011	7	9	23.795	6033.9917	189.9915	8.9915	 0.97	 0.08	181.41	 4.13	 5.86	 1.00	10.88	 1.23	316.63	277.63	288.30	 0.00	284.36	0	54.00
2011	7	10	1.119	6034.0464	190.0466	9.0466	 0.68	 0.10	172.39	 9.82	13.04	 1.00	10.75	 1.17	317.16	276.04	285.06	 0.00	 0.00	0	54.00
2011	7	10	1.590	6034.0664	190.0663	9.0662	 0.46	 0.09	175.65	16.66	18.02	 1.00	10.85	 1.02	316.86	275.39	282.01	256.39	283.41	0	51.28
2011	7	10	2.032	6034.0845	190.0847	9.0847	 0.47	 0.06	184.18	11.03	 7.40	 1.00	10.75	 1.09	317.09	274.89	280.00	255.97	 0.00	0	51.19
2011	7	10	3.353	6034.1396	190.1397	9.1397	 0.67	 0.05	170.58	 5.18	 1.85	 1.00	10.80	 1.20	317.62	273.93	281.45	256.02	 0.00	0	51.20
2011	7	10	3.819	6034.1592	190.1591	9.1591	 0.70	 0.07	162.28	 5.76	 6.02	 1.00	10.77	 1.14	317.68	273.75	280.64	256.41	 0.00	0	51.28
2011	7	10	4.699	6034.1958	190.1958	9.1958	 0.61	 0.05	165.97	 6.06	 7.11	 0.99	10.82	 1.14	317.48	273.57	280.99	256.89	278.66	0	51.38
2011	7	10	6.076	6034.2534	190.2532	9.2532	 0.41	 0.06	173.27	12.37	23.81	 0.95	10.77	 1.01	318.10	273.52	280.24	257.57	280.00	0	51.51
2011	7	10	6.517	6034.2715	190.2715	9.2715	 0.53	 0.05	163.63	 6.51	 2.54	 1.00	10.73	 1.10	318.26	273.55	280.43	257.67	280.03	0	51.53
2011	7	10	7.841	6034.3267	190.3267	9.3267	 0.58	 0.05	166.25	 6.08	 3.38	 1.00	10.75	 1.17	318.08	273.80	282.81	258.51	280.23	0	51.70
2011	7	10	8.309	6034.3462	190.3462	9.3462	 0.57	 0.06	167.96	 7.71	 8.23	 1.00	10.88	 1.13	318.19	273.86	282.99	258.71	 0.00	0	51.74
2011	7	10	8.751	6034.3647	190.3646	9.3646	 0.55	 0.04	172.34	 5.81	 8.59	 0.98	10.78	 1.16	318.43	273.94	281.32	258.76	280.44	0	51.75
2011	7	10	9.193	6034.3828	190.3830	9.3830	 0.54	 0.03	169.93	 4.70	 2.36	 1.00	10.83	 1.11	318.34	274.01	283.09	258.81	281.69	0	51.76
2011	7	10	10.075	6034.4199	190.4198	9.4198	 0.57	 0.05	171.20	 6.41	10.61	 0.98	10.82	 1.14	318.50	274.11	283.47	 0.00	 0.00	0	54.00
2011	7	10	11.866	6034.4946	190.4944	9.4944	 0.55	 0.06	183.31	 9.27	 6.12	 1.00	10.87	 1.24	318.65	275.47	281.48	260.50	 0.00	0	52.10
2011	7	10	12.309	6034.5127	190.5129	9.5129	 0.47	 0.07	177.06	12.43	 4.25	 1.00	10.85	 1.10	318.61	276.61	282.18	 0.00	284.87	0	54.00
2011	7	10	13.660	6034.5693	190.5692	9.5692	 0.69	 0.04	165.70	 3.93	 2.79	 1.00	10.75	 1.26	317.54	280.58	286.75	264.37	289.57	0	52.87
2011	7	10	14.100	6034.5874	190.5875	9.5875	 0.58	 0.05	170.12	 6.63	 3.94	 1.00	10.72	 1.23	317.51	282.05	288.83	265.72	288.63	0	53.14
2011	7	10	15.000	6034.6250	190.6250	9.6250	 0.56	 0.06	165.75	 7.62	 9.29	 0.99	10.77	 1.17	315.71	284.27	291.59	266.48	290.85	0	53.30
2011	7	10	15.437	6034.6431	190.6432	9.6432	 0.58	 0.05	172.12	 6.00	 6.58	 0.99	10.72	 1.25	315.71	285.75	295.00	266.64	294.30	0	53.33
2011	7	10	15.874	6034.6616	190.6614	9.6614	 0.19	 0.05	235.60	45.19	53.07	 0.71	10.75	 0.97	315.91	286.57	294.79	267.23	292.52	0	53.45
2011	7	10	16.312	6034.6797	190.6797	9.6797	 0.37	 0.07	176.18	19.87	32.42	 0.97	10.75	 1.08	315.02	287.23	294.92	267.29	293.45	0	53.46
2011	7	10	17.651	6034.7354	190.7355	9.7355	 0.33	 0.08	191.33	26.33	44.06	 0.96	10.72	 1.03	315.53	289.23	295.86	269.55	294.90	0	53.91
2011	7	10	19.430	6034.8096	190.8096	9.8096	 0.76	 0.06	183.04	 5.34	 5.07	 1.00	10.77	 1.27	316.99	288.80	298.47	265.98	292.79	0	53.20
2011	7	10	21.189	6034.8828	190.8829	9.8829	 0.68	 0.17	171.56	16.41	 4.79	 1.00	10.77	 1.13	316.73	283.91	290.49	 0.00	291.16	0	54.00
2011	7	10	23.420	6034.9756	190.9758	9.9758	 0.76	 0.04	182.74	 3.28	 1.68	 1.00	10.75	 1.23	316.11	278.17	286.10	259.92	 0.00	0	51.98
2011	7	10	23.890	6034.9956	190.9954	9.9954	 0.67	 0.07	177.80	 7.36	 6.57	 1.00	11.05	 1.18	316.83	277.51	284.48	259.65	282.96	0	51.93
2011	7	11	1.659	6035.0693	191.0691	10.0691	 0.50	 0.03	182.18	 5.14	 6.28	 0.97	10.75	 1.18	317.01	276.23	280.19	261.01	284.71	0	52.20
2011	7	11	2.126	6035.0884	191.0886	10.0886	 0.69	 0.05	168.40	 4.26	 4.86	 1.00	10.80	 1.25	316.95	276.08	283.75	261.00	281.56	0	52.20
2011	7	11	2.570	6035.1069	191.1071	10.1071	 0.66	 0.07	172.07	 6.67	 6.73	 1.00	10.80	 1.30	317.22	276.02	286.31	260.99	283.04	0	52.20
2011	7	11	3.016	6035.1255	191.1257	10.1257	 0.62	 0.04	169.32	 4.38	 9.53	 0.96	10.83	 1.28	317.24	275.96	284.11	261.36	281.44	0	52.27
2011	7	11	4.375	6035.1821	191.1823	10.1823	 0.58	 0.04	170.53	 4.84	17.43	 0.87	10.75	 1.19	317.29	275.86	284.81	261.19	 0.00	0	52.24
2011	7	11	5.254	6035.2187	191.2189	10.2189	 0.56	 0.06	171.68	 8.06	 1.47	 1.00	10.80	 1.21	317.35	275.78	282.38	260.84	284.24	0	52.17
2011	7	11	5.699	6035.2373	191.2375	10.2375	 0.54	 0.04	173.46	 6.47	20.20	 0.91	10.78	 1.19	317.22	275.61	282.88	259.87	284.00	0	51.97
2011	7	11	6.140	6035.2559	191.2558	10.2558	 0.48	 0.04	184.98	 7.59	18.93	 0.92	10.83	 1.17	316.96	275.40	284.43	259.54	 0.00	0	51.91
2011	7	11	6.633	6035.2764	191.2764	10.2764	 0.54	 0.06	174.32	 9.45	 8.01	 1.00	10.83	 1.17	317.06	275.13	282.70	259.39	282.02	0	51.88
2011	7	11	7.076	6035.2949	191.2948	10.2948	 0.60	 0.06	167.38	 7.50	 2.73	 1.00	10.78	 1.17	317.09	274.91	283.77	259.04	281.70	0	51.81
2011	7	11	8.403	6035.3501	191.3501	10.3501	 0.59	 0.06	171.18	 6.69	 2.27	 1.00	10.80	 1.13	316.89	274.28	282.42	258.68	282.09	0	51.74
2011	7	11	8.870	6035.3696	191.3696	10.3696	 0.63	 0.06	174.05	 6.30	12.67	 0.99	10.77	 1.16	316.19	274.09	282.59	259.02	280.54	0	51.80
2011	7	11	10.638	6035.4434	191.4433	10.4433	 0.57	 0.05	172.94	 6.48	 1.90	 1.00	10.85	 1.20	318.45	273.78	280.86	 0.00	280.00	0	54.00
2011	7	11	11.106	6035.4629	191.4627	10.4627	 0.54	 0.07	176.61	10.52	 8.37	 1.00	10.82	 1.15	318.61	273.76	281.28	258.87	 0.00	0	51.77
2011	7	11	12.873	6035.5361	191.5364	10.5364	 0.73	 0.15	167.95	12.18	12.45	 1.00	10.72	 1.21	318.53	277.06	282.98	 0.00	280.94	0	54.00
2011	7	11	13.339	6035.5557	191.5558	10.5558	 0.77	 0.06	180.00	 4.56	 0.89	 1.00	10.78	 1.25	318.54	278.30	286.21	260.82	284.45	0	52.16
2011	7	11	15.092	6035.6289	191.6289	10.6289	 0.73	 0.06	176.79	 5.10	10.50	 0.99	10.78	 1.24	318.67	282.69	291.21	262.97	288.80	0	52.59
2011	7	11	15.556	6035.6479	191.6482	10.6482	 0.61	 0.06	180.91	 7.75	16.17	 0.99	10.82	 1.08	315.79	283.90	291.46	264.20	289.23	0	52.84
2011	7	11	18.208	6035.7588	191.7587	10.7587	 0.85	 0.09	172.08	 5.47	 3.37	 1.00	10.73	 1.21	318.53	284.39	287.10	265.77	288.23	0	53.15
2011	7	11	19.082	6035.7949	191.7951	10.7951	 0.85	 0.08	177.19	 5.39	 3.60	 1.00	10.77	 1.22	318.31	285.31	293.46	265.77	290.64	0	53.15
2011	7	11	20.424	6035.8511	191.8510	10.8510	 0.69	 0.09	175.71	 8.31	18.16	 1.00	10.78	 1.09	318.03	284.11	292.28	261.86	290.28	0	52.37
2011	7	11	21.303	6035.8877	191.8876	10.8876	 0.86	 0.11	183.99	 7.53	18.91	 1.00	10.78	 1.27	317.91	281.57	291.10	261.13	288.94	0	52.23
2011	7	11	21.745	6035.9062	191.9060	10.9060	 0.81	 0.09	172.06	 6.10	43.40	 0.95	10.93	 1.19	318.06	280.57	286.34	 0.00	 0.00	0	54.00
2011	7	11	23.991	6035.9995	191.9996	10.9996	 0.56	 0.08	179.71	10.93	25.45	 0.99	10.98	 1.02	318.00	276.66	275.92	259.19	284.93	0	51.84
2011	7	12	0.463	6036.0190	192.0193	11.0193	 0.87	 0.04	178.65	 2.49	 2.58	 1.00	10.80	 1.18	317.89	276.34	283.68	258.93	283.05	0	51.79
2011	7	12	0.904	6036.0376	192.0377	11.0377	 0.92	 0.08	173.61	 4.73	15.14	 0.99	10.77	 1.24	318.11	275.99	281.24	258.97	284.16	0	51.79
2011	7	12	1.346	6036.0562	192.0561	11.0561	 0.78	 0.06	179.55	 4.78	 5.19	 1.00	10.82	 1.26	318.68	275.71	282.09	259.00	282.33	0	51.80
2011	7	12	1.786	6036.0742	192.0744	11.0744	 0.55	 0.05	172.54	 7.27	 6.83	 1.00	10.73	 1.18	318.95	275.47	280.75	 0.00	 0.00	0	54.00
2011	7	12	2.701	6036.1123	192.1125	11.1125	 0.63	 0.03	161.58	 3.41	 3.10	 0.99	10.88	 1.20	318.70	275.12	282.92	258.57	281.62	0	51.71
2011	7	12	4.029	6036.1680	192.1679	11.1679	 0.50	 0.05	167.76	 7.84	11.70	 0.98	10.72	 1.21	318.67	274.96	283.25	261.83	280.07	0	52.37
2011	7	12	5.386	6036.2246	192.2244	11.2244	 0.35	 0.04	189.66	12.93	 1.63	 1.00	10.90	 1.13	318.68	275.83	279.07	 0.00	282.66	0	54.00
2011	7	12	5.829	6036.2427	192.2429	11.2429	 0.59	 0.05	169.02	 5.85	 3.97	 1.00	10.90	 1.22	318.62	276.11	284.15	262.87	282.93	0	52.57
2011	7	12	6.274	6036.2612	192.2614	11.2614	 0.36	 0.06	190.42	18.06	14.78	 0.99	10.77	 1.13	318.63	276.39	282.68	263.79	284.84	0	52.76
2011	7	12	7.213	6036.3003	192.3005	11.3005	 0.60	 0.04	169.80	 5.04	 9.68	 0.97	10.85	 1.22	318.69	276.99	285.37	264.27	282.48	0	52.85
2011	7	12	8.542	6036.3560	192.3559	11.3559	 0.34	 0.05	197.73	17.31	 9.39	 0.99	10.92	 1.09	318.79	277.51	285.74	264.98	282.94	0	53.00
2011	7	12	9.458	6036.3940	192.3941	11.3941	 0.53	 0.04	181.47	 5.80	 7.06	 0.98	10.73	 1.24	318.74	277.76	285.35	264.91	286.20	0	52.98
2011	7	12	9.895	6036.4121	192.4123	11.4123	 0.57	 0.04	176.26	 5.36	 5.55	 0.99	10.75	 1.25	318.69	277.89	285.91	265.09	284.73	0	53.02
2011	7	12	11.226	6036.4678	192.4677	11.4677	 0.42	 0.05	182.23	10.33	13.89	 0.97	10.78	 1.10	318.67	278.21	284.56	265.11	283.62	0	53.02
2011	7	12	11.695	6036.4873	192.4873	11.4873	 0.49	 0.03	177.14	 5.55	 4.51	 0.99	10.83	 1.14	318.70	278.48	285.61	 0.00	285.35	0	54.00
2011	7	12	13.018	6036.5425	192.5424	11.5424	 0.62	 0.03	188.28	 3.92	 3.29	 0.99	10.73	 1.25	318.52	281.77	288.94	265.98	288.04	0	53.20
2011	7	12	13.456	6036.5605	192.5607	11.5607	 0.64	 0.03	189.98	 3.59	 3.25	 0.99	10.73	 1.23	317.87	283.19	289.77	266.06	289.86	0	53.21
2011	7	12	14.357	6036.5981	192.5982	11.5982	 0.58	 0.04	185.80	 5.70	14.82	 0.95	10.73	 1.14	316.38	285.99	293.71	268.85	294.57	0	53.77
2011	7	12	15.669	6036.6528	192.6529	11.6529	 0.56	 0.03	187.03	 4.73	 2.71	 1.00	10.73	 1.22	318.63	290.21	298.01	274.72	295.40	0	54.94
2011	7	12	16.133	6036.6724	192.6722	11.6722	 0.49	 0.03	188.31	 6.09	11.33	 0.94	10.77	 1.14	318.11	291.14	299.52	278.61	295.31	0	55.72
2011	7	12	16.570	6036.6904	192.6904	11.6904	 0.44	 0.03	194.88	 7.45	13.56	 0.92	10.73	 1.12	315.05	292.33	299.79	281.15	297.24	0	56.23
2011	7	12	17.007	6036.7085	192.7086	11.7086	 0.71	 0.04	180.38	 3.55	 1.08	 1.00	10.77	 1.28	318.17	293.40	301.85	283.35	297.77	0	56.67
2011	7	12	17.446	6036.7271	192.7269	11.7269	 0.68	 0.04	183.36	 4.44	 3.46	 1.00	10.73	 1.27	320.38	294.41	303.92	283.59	299.11	0	56.72
2011	7	12	18.786	6036.7827	192.7827	11.7827	 0.51	 0.04	187.33	 7.38	 8.68	 0.99	10.73	 1.06	317.06	295.11	303.52	278.23	300.29	0	55.65
2011	7	12	20.567	6036.8569	192.8569	11.8570	 0.51	 0.04	187.52	 6.88	11.35	 0.97	10.75	 1.04	316.99	291.57	303.14	265.80	300.38	0	53.16
2011	7	13	1.911	6037.0796	193.0796	12.0796	 0.62	 0.06	190.63	 6.91	 6.89	 1.00	10.80	 1.16	315.07	281.06	289.31	264.97	290.30	0	52.99
2011	7	13	2.350	6037.0981	193.0979	12.0979	 0.58	 0.04	188.67	 5.97	 4.47	 1.00	10.72	 1.11	315.31	280.90	289.56	264.96	287.09	0	52.99
2011	7	13	2.791	6037.1162	193.1163	12.1163	 0.67	 0.04	190.58	 4.09	 6.43	 0.99	10.80	 1.21	315.21	280.75	291.09	 0.00	288.41	0	54.00
2011	7	13	3.260	6037.1357	193.1358	12.1358	 0.58	 0.03	194.91	 4.85	 6.10	 0.99	10.77	 1.10	315.61	280.60	288.42	264.95	 0.00	0	52.99
2011	7	13	3.702	6037.1543	193.1543	12.1543	 0.58	 0.03	192.42	 4.68	 4.10	 0.99	10.78	 1.13	315.49	280.51	288.99	 0.00	288.13	0	54.00
2011	7	13	4.142	6037.1724	193.1726	12.1726	 0.70	 0.05	193.74	 5.21	 4.86	 1.00	10.68	 1.26	315.60	280.45	288.22	 0.00	288.02	0	54.00
2011	7	13	11.738	6037.4893	193.4891	12.4891	 0.58	 0.04	178.99	 5.59	 9.36	 0.98	10.80	 1.20	315.72	279.90	287.28	265.02	 0.00	0	53.00
2011	7	13	12.204	6037.5083	193.5085	12.5085	 0.61	 0.05	178.82	 6.06	10.93	 0.99	10.83	 1.25	315.66	280.82	289.13	265.47	287.78	0	53.09
2011	7	13	13.519	6037.5635	193.5633	12.5633	 0.64	 0.03	176.38	 3.78	 4.11	 0.99	10.72	 1.24	315.17	284.28	293.32	266.33	289.18	0	53.27
2011	7	13	22.815	6037.9507	193.9506	12.9506	 0.86	 0.09	200.62	 6.67	 7.27	 1.00	10.77	 1.19	317.59	281.18	292.04	 0.00	288.81	0	54.00
2011	7	14	0.167	6038.0068	194.0069	13.0069	 0.88	 0.07	191.92	 4.38	 4.75	 1.00	10.93	 1.16	319.64	279.36	285.22	264.77	284.57	0	52.95
2011	7	14	2.404	6038.1001	194.1002	13.1002	 1.04	 0.07	194.74	 3.26	 6.76	 1.00	10.83	 1.27	319.55	278.52	286.65	263.84	286.84	0	52.77
2011	7	14	3.752	6038.1562	194.1563	13.1563	 0.90	 0.06	194.33	 3.89	 7.58	 1.00	10.82	 1.17	320.16	277.96	284.30	262.60	286.09	0	52.52
2011	7	14	4.195	6038.1748	194.1748	13.1748	 0.91	 0.08	190.95	 5.01	19.23	 0.99	10.98	 1.18	320.79	277.77	283.56	262.18	 0.00	0	52.44
2011	7	14	5.080	6038.2114	194.2117	13.2117	 0.96	 0.05	187.66	 2.95	10.41	 0.98	10.73	 1.21	321.56	277.55	281.91	262.10	283.97	0	52.42
2011	7	14	5.524	6038.2300	194.2302	13.2302	 0.78	 0.07	192.18	 6.24	 7.83	 1.00	10.80	 1.11	322.01	277.50	282.97	 0.00	285.35	0	54.00
2011	7	14	5.991	6038.2495	194.2496	13.2496	 0.93	 0.05	191.41	 2.82	 2.70	 1.00	10.85	 1.21	322.29	277.49	281.69	262.66	 0.00	0	52.53
2011	7	14	6.438	6038.2681	194.2682	13.2682	 0.75	 0.07	188.60	 6.12	 9.31	 1.00	10.73	 1.10	322.36	277.51	278.41	 0.00	 0.00	0	54.00
2011	7	14	7.322	6038.3052	194.3051	13.3051	 0.74	 0.06	189.32	 5.65	13.37	 0.99	10.73	 1.02	322.37	277.55	281.34	 0.00	283.92	0	54.00
2011	7	14	9.146	6038.3809	194.3811	13.3811	 0.84	 0.07	191.94	 5.18	 8.82	 1.00	10.85	 1.14	322.36	277.73	281.86	263.20	284.07	0	52.64
2011	7	14	9.591	6038.3994	194.3996	13.3996	 0.95	 0.06	189.07	 3.49	 1.99	 1.00	10.83	 1.22	322.24	277.76	281.85	 0.00	282.68	0	54.00
2011	7	14	10.039	6038.4185	194.4183	13.4183	 0.94	 0.08	188.76	 4.43	 9.08	 1.00	10.95	 1.19	322.51	277.77	280.81	263.28	282.68	0	52.66
2011	7	14	13.180	6038.5493	194.5492	13.5492	 0.90	 0.05	199.70	 3.50	 9.14	 0.99	10.75	 1.14	316.65	277.37	284.66	266.46	282.35	0	53.29
2011	7	14	14.054	6038.5854	194.5856	13.5856	 1.10	 0.07	194.01	 3.26	 0.93	 1.00	10.75	 1.29	316.62	280.65	287.53	266.37	289.54	0	53.27
2011	7	14	14.956	6038.6230	194.6232	13.6232	 0.80	 0.08	192.98	 6.73	13.08	 1.00	10.75	 1.04	315.21	283.29	288.88	265.99	291.83	0	53.20
2011	7	14	15.393	6038.6416	194.6414	13.6414	 0.94	 0.09	197.45	 5.24	 7.68	 1.00	10.75	 1.27	315.42	284.83	291.35	266.25	290.69	0	53.25
2011	7	14	16.267	6038.6777	194.6778	13.6778	 1.00	 0.08	191.86	 4.37	18.03	 0.99	10.73	 1.29	315.78	286.44	291.59	265.84	292.34	0	53.17
2011	7	14	16.704	6038.6958	194.6960	13.6960	 0.77	 0.10	189.91	 8.50	 6.68	 1.00	10.73	 1.05	315.67	287.31	295.38	265.81	293.06	0	53.16
2011	7	14	18.479	6038.7700	194.7700	13.7700	 0.91	 0.08	196.02	 5.12	 3.14	 1.00	10.73	 1.21	315.34	288.60	299.11	266.00	294.44	0	53.20
2011	7	14	19.378	6038.8076	194.8074	13.8074	 1.10	 0.14	187.06	 5.82	 5.15	 1.00	10.77	 1.22	315.06	287.66	294.57	266.21	293.82	0	53.24
2011	7	14	21.600	6038.8999	194.9000	13.9000	 0.84	 0.34	191.85	24.66	135.99	 1.00	10.77	 1.23	315.84	281.34	285.25	 0.00	286.90	0	54.00
2011	7	14	22.480	6038.9365	194.9367	13.9367	 0.99	 0.08	193.00	 4.23	 1.10	 1.00	10.73	 1.20	316.14	279.00	289.61	 0.00	284.54	0	54.00
2011	7	14	23.373	6038.9741	194.9739	13.9739	 1.02	 0.05	191.60	 2.77	10.69	 0.97	10.83	 1.27	317.83	277.24	284.62	258.30	283.77	0	51.66
2011	7	14	23.837	6038.9932	194.9932	13.9932	 1.04	 0.08	191.05	 3.68	 5.36	 1.00	10.82	 1.21	317.96	276.64	284.38	258.76	281.83	0	51.75
2011	7	15	0.282	6039.0117	195.0118	14.0118	 0.80	 0.05	190.85	 4.09	 7.38	 0.99	10.92	 1.13	317.85	276.21	284.40	 0.00	 0.00	0	54.00
2011	7	15	0.722	6039.0303	195.0301	14.0301	 0.77	 0.05	188.21	 4.38	 4.58	 1.00	10.83	 1.16	318.07	275.94	281.97	259.02	281.13	0	51.80
2011	7	15	1.603	6039.0669	195.0668	14.0668	 0.71	 0.06	191.93	 5.61	12.51	 0.99	10.73	 1.20	317.77	275.40	283.07	 0.00	280.66	0	54.00
2011	7	15	2.073	6039.0864	195.0864	14.0864	 0.61	 0.06	198.74	 7.81	 1.83	 1.00	10.88	 1.14	317.60	275.09	281.17	258.48	283.28	0	51.70
2011	7	15	2.518	6039.1050	195.1049	14.1049	 0.59	 0.06	190.41	 8.64	 6.37	 1.00	10.83	 1.09	316.73	274.85	280.36	258.31	281.44	0	51.66
2011	7	15	2.964	6039.1235	195.1235	14.1235	 0.70	 0.07	191.83	 6.57	 2.11	 1.00	10.75	 1.17	318.21	274.50	283.64	 0.00	 0.00	0	54.00
2011	7	15	4.769	6039.1987	195.1987	14.1987	 0.55	 0.06	191.31	 8.62	 2.06	 1.00	10.78	 1.16	319.13	274.15	278.93	 0.00	279.28	0	54.00
2011	7	15	6.093	6039.2539	195.2539	14.2539	 0.53	 0.07	184.45	11.25	13.12	 1.00	10.88	 1.10	319.50	273.86	280.62	257.58	280.37	0	51.52
2011	7	15	6.566	6039.2734	195.2736	14.2736	 0.58	 0.06	182.17	 7.50	 2.16	 1.00	10.90	 1.10	319.53	273.74	279.21	257.35	280.36	0	51.47
2011	7	15	7.451	6039.3105	195.3104	14.3104	 0.62	 0.05	173.26	 5.77	 4.15	 1.00	10.73	 1.13	319.27	273.50	280.94	 0.00	 0.00	0	54.00
2011	7	15	7.895	6039.3291	195.3290	14.3290	 0.56	 0.07	178.75	 9.23	10.57	 1.00	10.75	 1.09	319.12	273.37	280.34	256.83	281.28	0	51.37
2011	7	15	8.338	6039.3477	195.3474	14.3474	 0.54	 0.05	182.21	 6.97	 1.91	 1.00	10.80	 1.11	318.74	273.25	280.69	 0.00	278.31	0	54.00
2011	7	15	8.829	6039.3677	195.3679	14.3679	 0.70	 0.06	170.49	 5.45	 5.29	 1.00	10.77	 1.07	318.36	273.08	280.25	256.44	278.21	0	51.29
2011	7	15	9.272	6039.3862	195.3863	14.3863	 0.50	 0.07	182.44	11.43	16.79	 0.99	10.72	 1.01	317.95	272.97	278.07	256.52	278.05	0	51.30
2011	7	15	9.717	6039.4048	195.4049	14.4049	 0.68	 0.06	182.86	 6.16	 2.03	 1.00	10.97	 1.15	318.71	272.89	280.04	256.41	279.29	0	51.28
2011	7	15	10.157	6039.4233	195.4232	14.4232	 0.74	 0.05	181.43	 4.06	 5.22	 1.00	10.85	 1.17	319.15	272.85	280.24	256.83	280.62	0	51.37
2011	7	15	10.599	6039.4414	195.4416	14.4416	 0.70	 0.04	178.35	 4.14	 1.06	 1.00	10.78	 1.09	319.13	272.88	278.01	256.81	277.74	0	51.36
2011	7	15	11.064	6039.4609	195.4610	14.4610	 0.70	 0.05	182.51	 4.98	 1.82	 1.00	10.78	 1.12	319.23	272.86	278.58	256.91	 0.00	0	51.38
2011	7	15	13.306	6039.5542	195.5544	14.5544	 0.69	 0.04	192.31	 4.34	11.41	 0.97	10.75	 1.13	319.38	277.86	281.56	260.30	286.76	0	52.06
2011	7	15	13.744	6039.5728	195.5727	14.5727	 0.84	 0.05	187.39	 3.72	 1.83	 1.00	10.72	 1.18	319.47	279.27	283.50	261.19	285.35	0	52.24
2011	7	15	14.181	6039.5908	195.5909	14.5909	 0.75	 0.04	189.84	 3.98	 3.54	 1.00	10.75	 1.16	319.22	280.60	282.53	261.61	287.27	0	52.32
2011	7	15	15.056	6039.6274	195.6273	14.6273	 0.95	 0.05	189.66	 2.97	 1.29	 1.00	10.75	 1.24	318.85	282.83	288.99	262.77	291.90	0	52.55
2011	7	15	15.957	6039.6650	195.6649	14.6649	 1.09	 0.11	187.87	 4.57	 3.27	 1.00	10.75	 1.28	318.78	285.03	291.52	266.07	291.42	0	53.21
2011	7	15	17.734	6039.7388	195.7389	14.7389	 1.22	 0.08	194.30	 2.71	 5.78	 1.00	10.77	 1.16	318.35	288.29	295.72	269.35	296.79	0	53.87
2011	7	15	18.171	6039.7573	195.7571	14.7571	 1.26	 0.06	195.06	 2.07	 4.91	 0.99	10.75	 1.16	318.38	288.68	297.14	269.02	294.60	0	53.80
2011	7	15	19.048	6039.7935	195.7937	14.7937	 1.51	 0.10	195.86	 2.24	 1.81	 1.00	10.75	 1.23	318.38	288.60	297.36	265.82	294.83	0	53.16
2011	7	15	19.486	6039.8120	195.8119	14.8119	 1.53	 0.10	189.54	 2.19	 4.97	 1.00	10.73	 1.08	318.44	288.13	295.49	266.08	294.51	0	53.22
2011	7	15	19.948	6039.8311	195.8311	14.8311	 1.74	 0.18	191.32	 2.99	 2.96	 1.00	10.77	 1.13	318.37	287.31	292.67	 0.00	296.16	0	54.00
2011	7	15	20.388	6039.8496	195.8495	14.8495	 1.74	 0.12	193.28	 1.97	 1.23	 1.00	10.73	 1.19	318.27	286.15	294.38	259.10	290.75	0	51.82
2011	7	15	23.963	6039.9985	195.9985	14.9985	 1.72	 0.11	196.90	 1.85	12.70	 0.96	11.03	 1.29	319.02	275.60	282.04	255.10	282.05	0	51.02
2011	7	16	0.438	6040.0181	196.0183	15.0183	 1.58	 0.08	193.94	 1.74	 4.45	 0.99	10.82	 1.10	318.80	275.08	281.92	256.52	283.03	0	51.30
2011	7	16	0.881	6040.0366	196.0367	15.0367	 1.64	 0.10	197.12	 2.00	 3.22	 1.00	10.90	 1.25	318.77	274.72	282.38	256.33	282.72	0	51.27
2011	7	16	1.772	6040.0737	196.0738	15.0738	 1.27	 0.09	189.69	 2.83	 3.82	 1.00	10.82	 1.12	318.87	274.12	279.80	256.15	279.20	0	51.23
2011	7	16	2.684	6040.1118	196.1118	15.1119	 1.03	 0.07	189.59	 3.54	 9.57	 0.99	10.75	 1.16	315.52	273.51	279.89	 0.00	278.62	0	54.00
2011	7	16	6.236	6040.2598	196.2598	15.2598	 0.73	 0.07	177.63	 5.75	 1.58	 1.00	10.78	 0.84	322.53	269.63	274.29	255.87	 0.00	0	51.17
2011	7	16	6.684	6040.2783	196.2785	15.2785	 0.70	 0.08	178.16	 7.36	 1.13	 1.00	10.82	 0.89	322.76	270.13	274.87	255.86	277.52	0	51.17
2011	7	16	7.153	6040.2979	196.2980	15.2981	 0.97	 0.08	169.35	 4.07	 7.36	 1.00	10.87	 0.99	322.81	270.58	277.16	 0.00	276.29	0	54.00
2011	7	16	8.047	6040.3354	196.3353	15.3353	 0.85	 0.06	178.20	 3.78	 2.87	 1.00	10.75	 1.02	322.76	271.23	277.92	255.66	278.63	0	51.13
2011	7	16	8.491	6040.3540	196.3538	15.3538	 0.70	 0.07	174.22	 6.79	 2.31	 1.00	10.85	 0.92	322.91	271.48	273.05	255.64	275.73	0	51.13
2011	7	16	9.871	6040.4111	196.4113	15.4113	 0.90	 0.05	179.33	 3.21	 9.66	 0.98	10.85	 1.12	322.78	271.99	278.42	256.05	 0.00	0	51.21
2011	7	16	10.315	6040.4297	196.4298	15.4298	 0.87	 0.05	184.09	 3.34	 2.76	 1.00	10.95	 1.16	322.91	272.11	280.95	255.85	278.03	0	51.17
2011	7	16	11.210	6040.4673	196.4671	15.4671	 0.79	 0.06	176.03	 4.46	 6.70	 1.00	10.77	 1.09	322.88	272.26	278.53	256.27	278.16	0	51.25
2011	7	16	12.568	6040.5234	196.5237	15.5237	 0.79	 0.07	176.87	 4.96	 2.91	 1.00	10.73	 1.30	321.62	275.29	280.08	258.32	279.04	0	51.66
2011	7	16	13.911	6040.5796	196.5796	15.5796	 0.70	 0.04	181.62	 3.66	 1.20	 1.00	10.77	 1.28	318.11	279.19	284.80	259.70	285.07	0	51.94
2011	7	16	16.563	6040.6899	196.6901	15.6901	 0.75	 0.04	175.22	 3.10	12.65	 0.90	10.73	 1.26	321.41	281.74	285.39	 0.00	284.90	0	54.00
2011	7	16	18.340	6040.7642	196.7642	15.7642	 0.62	 0.05	179.75	 5.27	29.74	 0.83	10.77	 1.10	320.67	286.46	295.24	265.63	294.50	0	53.13
2011	7	16	18.778	6040.7822	196.7824	15.7824	 0.65	 0.09	168.54	 8.67	19.39	 0.99	10.72	 1.13	319.08	286.70	290.60	265.37	292.35	0	53.07
2011	7	16	19.215	6040.8008	196.8006	15.8006	 0.67	 0.06	173.31	 5.74	 4.41	 1.00	10.73	 1.22	318.90	286.63	293.65	 0.00	292.46	0	54.00
2011	7	16	20.092	6040.8374	196.8372	15.8372	 0.82	 0.06	182.63	 4.18	 4.00	 1.00	10.75	 1.28	319.15	285.72	295.13	261.01	291.95	0	52.20
2011	7	16	21.001	6040.8750	196.8750	15.8750	 0.81	 0.05	188.49	 3.54	 6.16	 0.99	10.75	 1.17	320.91	283.14	291.79	259.54	291.87	0	51.91
2011	7	16	21.441	6040.8936	196.8934	15.8934	 0.70	 0.06	187.78	 6.27	 6.50	 1.00	10.78	 1.07	321.11	281.87	288.91	259.00	286.91	0	51.80
2011	7	16	22.329	6040.9302	196.9304	15.9304	 0.64	 0.12	199.27	15.08	34.38	 1.00	10.88	 1.08	321.67	279.39	286.48	257.58	 0.00	0	51.52
2011	7	17	0.138	6041.0059	197.0058	16.0058	 0.73	 0.06	181.73	 5.49	10.97	 0.99	10.82	 1.22	321.99	276.25	283.06	 0.00	283.81	0	54.00
2011	7	17	1.055	6041.0439	197.0440	16.0440	 0.79	 0.07	181.97	 5.15	 2.98	 1.00	10.82	 1.25	322.26	275.35	283.01	257.39	282.97	0	51.48
2011	7	17	1.503	6041.0625	197.0626	16.0626	 0.79	 0.05	182.96	 4.21	 8.26	 0.99	10.75	 1.25	322.25	275.07	280.72	257.45	281.29	0	51.49
2011	7	17	1.946	6041.0811	197.0811	16.0811	 0.80	 0.05	185.72	 3.88	 6.49	 0.99	10.78	 1.20	322.35	274.81	282.09	257.31	 0.00	0	51.46
2011	7	17	2.392	6041.0996	197.0997	16.0997	 0.83	 0.05	180.20	 3.49	 6.40	 0.99	10.92	 1.19	322.34	274.60	281.81	 0.00	279.39	0	54.00
2011	7	17	2.840	6041.1182	197.1183	16.1183	 0.91	 0.04	183.57	 2.48	14.84	 0.88	10.82	 1.21	322.54	274.41	282.86	256.89	281.74	0	51.38
2011	7	17	3.751	6041.1562	197.1563	16.1563	 0.74	 0.04	179.58	 3.63	 1.90	 1.00	10.80	 1.21	322.46	274.05	279.37	 0.00	280.14	0	54.00
2011	7	17	4.193	6041.1748	197.1747	16.1747	 0.80	 0.04	184.65	 3.41	 5.50	 0.99	10.78	 1.24	322.61	273.92	281.44	 0.00	 0.00	0	54.00
2011	7	17	5.077	6041.2114	197.2116	16.2116	 0.80	 0.05	194.92	 4.38	 1.50	 1.00	10.83	 1.19	322.58	273.69	279.02	256.44	 0.00	0	51.29
2011	7	17	5.996	6041.2500	197.2498	16.2498	 0.93	 0.05	188.32	 2.85	 4.07	 1.00	10.92	 1.19	322.56	273.50	280.84	256.12	278.05	0	51.22
2011	7	17	6.443	6041.2686	197.2684	16.2684	 0.92	 0.05	181.61	 3.10	 3.11	 1.00	10.85	 1.16	322.69	273.37	278.79	 0.00	 0.00	0	54.00
2011	7	17	6.888	6041.2871	197.2870	16.2870	 0.73	 0.05	188.19	 5.07	 3.23	 1.00	10.75	 1.02	322.66	273.25	277.06	255.86	279.17	0	51.17
2011	7	17	7.798	6041.3247	197.3249	16.3249	 0.91	 0.04	183.72	 2.36	 1.57	 1.00	10.78	 1.11	322.81	272.97	279.54	 0.00	 0.00	0	54.00
2011	7	17	8.687	6041.3618	197.3619	16.3619	 0.87	 0.06	188.35	 4.20	 4.68	 1.00	10.78	 1.02	322.95	272.72	277.46	255.39	278.48	0	51.08
2011	7	17	9.580	6041.3989	197.3992	16.3992	 0.88	 0.05	175.15	 2.77	 6.11	 0.99	10.75	 1.03	322.83	272.50	277.49	254.90	279.54	0	50.98
2011	7	17	10.070	6041.4194	197.4196	16.4196	 0.76	 0.05	180.26	 3.71	 1.57	 1.00	10.78	 0.99	322.90	272.38	278.42	254.89	278.21	0	50.98
2011	7	17	10.955	6041.4565	197.4565	16.4564	 0.80	 0.04	188.50	 3.27	 4.35	 0.99	10.77	 1.07	323.05	272.24	279.58	254.83	276.66	0	50.97
2011	7	17	11.398	6041.4751	197.4749	16.4749	 0.87	 0.04	186.75	 2.64	 7.62	 0.97	10.78	 1.14	322.99	272.35	278.92	254.87	278.01	0	50.97
2011	7	17	12.313	6041.5132	197.5131	16.5131	 1.06	 0.38	207.66	19.32	827.84	 0.94	10.87	 1.25	323.25	274.19	278.78	256.48	277.84	0	51.30
2011	7	17	13.198	6041.5498	197.5499	16.5499	 0.88	 0.08	183.40	 4.87	16.52	 0.99	10.73	 1.21	323.26	276.80	280.95	257.78	282.57	0	51.56
2011	7	17	14.538	6041.6060	197.6057	16.6057	 0.88	 0.05	184.95	 3.15	 4.75	 1.00	10.77	 1.28	323.17	280.38	287.24	260.23	286.85	0	52.05
2011	7	17	14.978	6041.6240	197.6241	16.6241	 0.84	 0.05	181.17	 3.23	 0.64	 1.00	10.80	 1.24	323.13	281.94	286.12	261.30	288.15	0	52.26
2011	7	17	16.292	6041.6787	197.6788	16.6788	 0.87	 0.04	183.72	 2.81	 3.24	 1.00	10.77	 1.19	320.31	285.84	292.46	268.54	291.48	0	53.71
2011	7	17	16.756	6041.6982	197.6982	16.6982	 0.77	 0.06	182.34	 4.76	12.07	 0.99	10.77	 1.10	319.87	286.87	292.06	266.00	292.60	0	53.20
2011	7	17	17.194	6041.7163	197.7164	16.7164	 0.89	 0.03	184.39	 2.17	 4.87	 0.98	10.73	 1.21	319.07	287.65	293.84	269.10	293.15	0	53.82
2011	7	17	17.631	6041.7349	197.7346	16.7346	 0.91	 0.06	183.88	 3.70	 1.33	 1.00	10.73	 1.26	319.03	288.15	293.49	 0.00	291.34	0	54.00
2011	7	17	18.068	6041.7529	197.7528	16.7528	 0.91	 0.08	182.81	 4.79	 1.78	 1.00	10.72	 1.22	318.43	288.43	296.85	270.19	294.04	0	54.04
2011	7	17	18.506	6041.7710	197.7711	16.7711	 0.76	 0.05	178.51	 4.45	 5.69	 1.00	10.78	 1.12	317.61	288.42	293.77	267.57	294.07	0	53.51
2011	7	17	18.970	6041.7905	197.7904	16.7904	 0.66	 0.06	194.27	 6.51	10.45	 0.99	10.82	 1.10	317.52	288.09	295.15	265.87	295.69	0	53.17
2011	7	17	19.408	6041.8086	197.8087	16.8087	 0.80	 0.05	183.21	 4.04	 3.82	 1.00	10.73	 1.10	317.40	287.56	293.55	266.13	291.34	0	53.23
2011	7	17	19.846	6041.8267	197.8269	16.8269	 0.95	 0.08	186.45	 4.48	 4.35	 1.00	10.73	 1.17	317.84	286.91	296.28	263.61	294.82	0	52.72
2011	7	17	20.283	6041.8452	197.8451	16.8451	 0.92	 0.07	176.74	 3.79	 5.18	 1.00	10.73	 1.13	318.99	286.01	295.06	259.39	289.90	0	51.88
2011	7	17	22.511	6041.9380	197.9380	16.9380	 0.52	 0.10	189.06	17.10	47.42	 0.99	10.70	 0.99	322.17	279.01	279.94	 0.00	286.73	0	54.00
2011	7	17	23.422	6041.9761	197.9759	16.9759	 0.85	 0.05	178.87	 3.43	 6.00	 0.99	10.97	 1.15	322.92	277.15	282.08	255.39	285.23	0	51.08
2011	7	18	0.308	6042.0127	198.0128	17.0128	 0.72	 0.04	180.40	 4.03	 6.00	 0.99	10.83	 1.21	322.89	275.75	279.99	254.91	280.51	0	50.98
2011	7	18	0.752	6042.0312	198.0314	17.0314	 0.77	 0.06	176.96	 4.84	 1.86	 1.00	10.90	 1.21	322.78	275.20	280.58	254.96	281.23	0	50.99
2011	7	18	1.197	6042.0498	198.0499	17.0499	 0.79	 0.05	178.94	 3.78	 1.39	 1.00	10.77	 1.23	323.16	274.72	281.58	254.99	279.36	0	51.00
2011	7	18	1.669	6042.0693	198.0695	17.0695	 0.89	 0.07	173.43	 3.81	 2.69	 1.00	10.87	 1.16	323.20	274.30	278.71	 0.00	281.78	0	54.00
2011	7	18	2.113	6042.0879	198.0880	17.0880	 0.80	 0.05	177.92	 3.38	 4.79	 0.99	10.78	 1.28	322.93	274.00	280.99	 0.00	278.62	0	54.00
2011	7	18	2.561	6042.1069	198.1067	17.1067	 0.68	 0.04	183.52	 3.70	 6.67	 0.98	10.90	 1.17	323.00	273.72	279.71	255.24	 0.00	0	51.05
2011	7	18	3.004	6042.1250	198.1252	17.1252	 0.75	 0.04	176.00	 3.26	 4.64	 0.99	11.00	 1.16	323.12	273.52	279.66	254.77	279.51	0	50.95
2011	7	18	3.926	6042.1636	198.1636	17.1636	 0.70	 0.04	176.99	 4.19	 5.26	 0.99	10.82	 1.13	323.17	273.09	280.13	254.74	280.91	0	50.95
2011	7	18	4.371	6042.1821	198.1821	17.1821	 0.44	 0.06	180.33	11.77	12.50	 0.99	10.93	 0.99	323.18	272.94	274.38	254.50	 0.00	0	50.90
2011	7	18	5.259	6042.2192	198.2191	17.2191	 0.60	 0.05	169.84	 5.75	 5.29	 1.00	10.88	 1.08	323.15	272.64	277.80	 0.00	277.16	0	54.00
2011	7	18	5.701	6042.2373	198.2375	17.2375	 0.51	 0.07	185.25	12.03	98.43	 0.77	10.87	 1.04	323.16	272.53	276.27	 0.00	 0.00	0	54.00
2011	7	18	6.173	6042.2573	198.2572	17.2572	 0.64	 0.04	178.03	 4.68	 5.20	 0.99	10.82	 1.04	323.20	272.40	278.38	254.27	279.77	0	50.85
2011	7	18	6.620	6042.2759	198.2758	17.2758	 0.71	 0.04	172.44	 3.75	12.48	 0.94	10.75	 1.09	322.98	272.30	279.92	 0.00	 0.00	0	54.00
2011	7	18	7.062	6042.2944	198.2942	17.2942	 0.52	 0.06	175.92	 9.09	11.89	 0.99	10.73	 0.99	323.00	272.18	276.66	 0.00	276.63	0	54.00
2011	7	18	7.949	6042.3311	198.3312	17.3312	 0.57	 0.04	172.38	 5.72	 2.35	 1.00	10.92	 1.01	323.14	272.00	275.88	 0.00	276.43	0	54.00
2011	7	18	8.861	6042.3691	198.3692	17.3692	 0.61	 0.04	173.74	 5.26	 4.85	 1.00	10.85	 0.98	323.14	271.78	278.05	253.78	277.48	0	50.76
2011	7	18	9.309	6042.3877	198.3879	17.3879	 0.61	 0.03	175.06	 3.46	 8.13	 0.92	10.90	 1.01	323.11	271.69	277.86	 0.00	277.40	0	54.00
2011	7	18	9.753	6042.4062	198.4064	17.4064	 0.59	 0.04	173.96	 5.13	 8.69	 0.98	10.88	 0.97	323.10	271.54	278.58	 0.00	278.60	0	54.00
2011	7	18	10.206	6042.4253	198.4252	17.4253	 0.57	 0.05	180.28	 7.31	 4.67	 1.00	10.82	 0.96	323.01	271.62	277.99	253.91	278.54	0	50.78
2011	7	18	10.700	6042.4458	198.4458	17.4458	 0.63	 0.05	173.57	 5.79	 5.49	 1.00	10.83	 0.95	323.03	271.49	276.10	254.03	278.60	0	50.81
2011	7	18	11.595	6042.4829	198.4831	17.4831	 0.48	 0.05	188.86	 9.46	 5.67	 1.00	10.72	 1.01	322.86	272.26	274.85	 0.00	276.24	0	54.00
2011	7	18	12.946	6042.5396	198.5394	17.5394	 0.72	 0.05	173.57	 4.62	 3.98	 1.00	10.78	 1.20	323.01	276.24	281.15	258.76	282.19	0	51.75
2011	7	18	13.386	6042.5576	198.5577	17.5577	 0.58	 0.04	179.84	 5.50	10.18	 0.97	10.75	 1.16	323.16	277.87	282.26	260.03	281.35	0	52.01
2011	7	18	13.824	6042.5762	198.5760	17.5760	 0.70	 0.05	179.02	 4.54	 5.57	 1.00	10.73	 1.30	323.21	279.50	284.37	260.10	285.77	0	52.02
2011	7	18	14.262	6042.5942	198.5942	17.5942	 0.64	 0.05	176.35	 4.90	 0.88	 1.00	10.73	 1.24	323.13	281.08	285.98	262.13	287.55	0	52.43
2011	7	18	15.163	6042.6318	198.6318	17.6318	 0.63	 0.04	173.71	 4.53	 8.81	 0.97	10.77	 1.14	319.94	283.94	287.71	263.21	289.73	0	52.64
2011	7	18	17.812	6042.7422	198.7422	17.7422	 0.73	 0.03	190.46	 2.45	 2.22	 0.99	10.78	 1.24	322.86	286.02	293.50	271.26	288.51	0	54.25
2011	7	18	19.590	6042.8164	198.8163	17.8163	 0.74	 0.04	185.17	 3.68	10.22	 0.97	10.77	 1.11	318.22	287.81	296.37	266.16	296.37	0	53.23
2011	7	18	20.029	6042.8345	198.8345	17.8345	 0.69	 0.05	180.42	 4.88	 7.35	 0.99	10.75	 1.03	317.94	287.27	295.82	263.89	293.86	0	52.78
2011	7	18	20.905	6042.8711	198.8710	17.8710	 0.77	 0.06	181.82	 4.56	 7.52	 1.00	10.72	 1.10	318.96	284.84	293.04	260.94	 0.00	0	52.19
2011	7	18	21.343	6042.8892	198.8893	17.8893	 0.57	 0.07	214.40	11.99	181.03	 0.65	10.77	 1.05	320.79	283.33	284.94	260.46	292.32	0	52.09
2011	7	18	21.810	6042.9087	198.9087	17.9087	 0.69	 0.09	186.79	 8.79	 8.76	 1.00	10.78	 1.12	321.70	281.94	291.13	259.55	287.41	0	51.91
2011	7	18	23.138	6042.9639	198.9641	17.9641	 0.66	 0.09	182.99	 9.79	 9.45	 1.00	10.88	 1.04	322.26	278.98	280.90	258.81	284.02	0	51.76
2011	7	19	0.053	6043.0020	199.0022	18.0022	 0.83	 0.06	187.81	 4.52	 1.52	 1.00	10.90	 1.17	322.99	277.70	284.56	258.44	282.59	0	51.69
2011	7	19	1.395	6043.0581	199.0581	18.0581	 0.83	 0.04	189.88	 2.83	10.61	 0.94	10.78	 1.26	322.70	276.54	282.87	259.29	284.33	0	51.86
2011	7	19	2.306	6043.0962	199.0961	18.0961	 0.70	 0.04	191.03	 4.47	 9.18	 0.98	11.07	 1.15	323.05	276.32	282.62	260.49	282.74	0	52.10
2011	7	19	4.554	6043.1899	199.1897	18.1897	 0.68	 0.05	186.09	 5.54	14.35	 0.98	10.88	 1.16	323.13	276.04	280.41	259.33	280.96	0	51.87
2011	7	19	5.888	6043.2451	199.2453	18.2453	 0.75	 0.05	179.32	 4.34	 7.83	 0.99	10.75	 1.25	322.90	275.66	280.64	 0.00	283.22	0	54.00
2011	7	19	6.800	6043.2832	199.2833	18.2833	 0.86	 0.06	182.96	 4.10	 5.07	 1.00	10.90	 1.28	323.07	275.42	282.82	259.12	283.08	0	51.82
2011	7	19	7.249	6043.3022	199.3020	18.3020	 0.63	 0.05	187.11	 6.17	 4.55	 1.00	10.82	 1.20	323.07	275.39	280.76	 0.00	281.56	0	54.00
2011	7	19	7.691	6043.3203	199.3204	18.3204	 0.68	 0.04	183.58	 4.05	 4.16	 1.00	10.73	 1.17	323.09	275.35	281.60	 0.00	281.51	0	54.00
2011	7	19	8.135	6043.3389	199.3390	18.3390	 0.50	 0.05	193.86	 9.44	43.27	 0.86	10.92	 1.06	323.11	275.35	278.31	259.15	280.10	0	51.83
2011	7	19	9.047	6043.3770	199.3770	18.3770	 0.76	 0.06	186.00	 5.10	 2.76	 1.00	10.77	 1.19	323.27	275.25	283.46	259.16	 0.00	0	51.83
2011	7	19	9.488	6043.3955	199.3953	18.3953	 0.75	 0.06	185.35	 4.93	 7.33	 1.00	10.83	 1.23	323.14	275.23	281.55	259.29	282.69	0	51.86
2011	7	19	11.319	6043.4717	199.4716	18.4716	 0.65	 0.04	184.97	 4.09	 7.56	 0.98	10.95	 1.12	323.24	275.30	281.69	 0.00	282.59	0	54.00
2011	7	19	12.645	6043.5269	199.5269	18.5269	 0.84	 0.11	175.61	 7.24	64.98	 0.95	10.75	 1.18	323.49	278.03	280.16	261.59	283.94	0	52.32
2011	7	19	13.986	6043.5825	199.5827	18.5827	 0.73	 0.05	177.94	 4.34	 2.86	 1.00	10.75	 1.19	323.16	281.82	288.46	262.61	290.69	0	52.52
2011	7	19	14.424	6043.6011	199.6010	18.6010	 0.76	 0.04	184.23	 3.55	 3.06	 1.00	10.75	 1.26	322.82	282.63	290.57	262.99	288.98	0	52.60
2011	7	19	16.203	6043.6753	199.6751	18.6751	 0.92	 0.06	188.12	 3.46	 3.05	 1.00	10.73	 1.26	321.18	286.57	294.23	266.05	292.61	0	53.21
2011	7	19	16.640	6043.6934	199.6933	18.6933	 0.90	 0.07	186.32	 4.27	 1.98	 1.00	10.72	 1.16	319.57	287.35	295.99	265.46	290.74	0	53.09
2011	7	19	19.729	6043.8223	199.8221	18.8221	 1.64	 0.10	192.39	 1.88	 2.10	 1.00	10.73	 1.08	318.68	287.76	295.70	266.09	294.51	0	53.22
2011	7	19	20.192	6043.8413	199.8413	18.8413	 1.59	 0.08	195.71	 1.68	 4.51	 0.99	10.78	 1.10	318.66	286.93	294.36	265.25	296.58	0	53.05
2011	7	19	21.517	6043.8965	199.8965	18.8966	 1.65	 0.22	203.37	 4.38	20.29	 1.00	10.92	 1.25	320.07	283.55	296.79	 0.00	291.79	0	54.00
2011	7	19	23.316	6043.9717	199.9715	18.9715	 1.78	 0.14	195.34	 2.17	 8.28	 0.99	10.72	 1.12	322.04	279.84	286.04	258.18	 0.00	0	51.64
2011	7	19	23.756	6043.9897	199.9899	18.9898	 1.88	 0.17	196.88	 2.36	 1.62	 1.00	10.70	 1.17	322.16	279.19	285.04	258.81	 0.00	0	51.76
2011	7	20	0.203	6044.0083	200.0085	19.0084	 1.96	 0.18	199.42	 2.37	 1.53	 1.00	10.87	 1.18	322.37	278.66	284.04	258.52	 0.00	0	51.70
2011	7	20	1.117	6044.0464	200.0466	19.0466	 1.88	 0.18	199.28	 2.53	 7.63	 1.00	10.82	 1.26	322.57	277.57	283.67	258.64	 0.00	0	51.73
2011	7	20	2.450	6044.1021	200.1021	19.1021	 2.01	 0.20	196.98	 2.41	 0.82	 1.00	10.82	 1.25	322.75	276.33	281.85	257.06	283.83	0	51.41
2011	7	20	4.247	6044.1768	200.1770	19.1770	 2.95	 0.60	202.86	 2.59	 7.74	 1.00	10.75	 1.23	323.10	275.03	281.46	257.00	280.86	0	51.40
2011	7	20	4.692	6044.1953	200.1955	19.1955	 2.38	 0.36	193.92	 2.81	 3.71	 1.00	10.73	 1.02	323.22	275.03	279.66	257.80	282.22	0	51.56
2011	7	20	5.164	6044.2153	200.2151	19.2152	 2.51	 0.47	199.76	 3.20	11.56	 1.00	10.90	 1.17	323.19	275.06	280.47	257.61	280.84	0	51.52
2011	7	20	6.489	6044.2705	200.2704	19.2704	 2.04	 0.12	199.90	 1.48	 0.92	 1.00	10.75	 1.24	323.11	274.91	282.83	255.41	280.55	0	51.08
2011	7	20	6.933	6044.2891	200.2889	19.2889	 2.54	 0.39	195.11	 2.50	 5.18	 1.00	10.73	 1.15	323.20	274.78	278.54	255.22	 0.00	0	51.04
2011	7	20	7.843	6044.3267	200.3268	19.3268	 1.90	 0.18	192.75	 2.44	 8.13	 1.00	10.82	 1.14	323.24	274.42	275.85	255.58	279.91	0	51.12
2011	7	20	9.174	6044.3823	200.3822	19.3822	 1.82	 0.22	189.40	 3.25	 8.73	 1.00	10.73	 1.08	323.38	273.60	274.69	254.47	279.01	0	50.89
2011	7	20	9.647	6044.4019	200.4020	19.4020	 1.36	 0.15	193.97	 4.40	 2.28	 1.00	10.78	 1.10	323.65	273.16	286.12	 0.00	279.81	0	54.00
2011	7	20	10.088	6044.4204	200.4203	19.4203	 1.58	 0.21	185.50	 4.19	 6.27	 1.00	10.77	 0.99	323.37	272.84	279.57	254.46	278.22	0	50.89
2011	7	20	10.531	6044.4390	200.4388	19.4388	 1.04	 0.13	187.48	 6.38	47.70	 0.98	10.75	 0.96	323.24	272.43	279.45	 0.00	278.99	0	54.00
2011	7	20	12.361	6044.5151	200.5150	19.5150	 1.05	 0.07	188.70	 3.34	 7.43	 1.00	10.93	 1.19	323.34	273.07	277.60	253.99	280.48	0	50.80
2011	7	20	13.246	6044.5518	200.5519	19.5519	 1.35	 0.23	172.20	 6.01	36.16	 1.00	10.78	 1.14	323.35	275.04	276.60	254.74	280.44	0	50.95
2011	7	20	19.030	6044.7930	200.7929	19.7929	 1.17	 0.08	183.19	 2.89	 3.96	 1.00	10.75	 1.18	322.41	286.38	291.64	 0.00	291.67	0	54.00
2011	7	20	19.916	6044.8301	200.8298	19.8298	 1.23	 0.06	193.45	 2.21	 4.46	 1.00	10.77	 1.20	322.49	285.75	292.75	262.70	293.53	0	52.54
2011	7	20	20.359	6044.8481	200.8483	19.8483	 1.07	 0.07	193.25	 3.05	 6.08	 1.00	10.77	 1.28	322.68	284.95	292.30	259.05	 0.00	0	51.81
2011	7	20	21.707	6044.9043	200.9045	19.9045	 0.86	 0.21	163.41	12.55	39.26	 1.00	10.73	 1.10	322.98	280.59	275.99	256.05	287.11	0	51.21
2011	7	20	23.066	6044.9609	200.9611	19.9611	 0.76	 0.06	174.44	 4.51	 8.98	 0.99	10.78	 1.25	323.56	276.99	281.55	254.14	281.77	0	50.83
2011	7	20	23.955	6044.9980	200.9981	19.9981	 0.52	 0.04	151.23	 5.71	 5.27	 0.99	10.87	 1.15	323.52	275.46	279.69	255.24	280.05	0	51.05
2011	7	21	0.399	6045.0166	201.0166	20.0166	 0.66	 0.07	144.12	 6.30	 2.42	 1.00	10.78	 1.27	323.54	274.88	281.88	255.43	279.48	0	51.09
2011	7	21	1.311	6045.0547	201.0546	20.0546	 0.43	 0.05	154.23	 9.23	12.57	 0.96	10.92	 1.18	323.38	273.97	279.01	255.75	280.08	0	51.15
2011	7	21	2.201	6045.0918	201.0917	20.0917	 0.39	 0.07	155.99	16.37	21.45	 0.98	10.87	 1.17	323.40	273.54	280.77	 0.00	 0.00	0	54.00
2011	7	21	3.089	6045.1289	201.1287	20.1287	 0.48	 0.05	147.09	 7.70	 0.58	 1.00	10.77	 1.23	323.43	273.27	279.76	 0.00	277.93	0	54.00
2011	7	21	3.554	6045.1479	201.1481	20.1481	 0.59	 0.06	145.72	 6.10	 6.01	 1.00	10.92	 1.23	323.41	273.22	281.87	256.64	 0.00	0	51.33
2011	7	21	3.997	6045.1665	201.1665	20.1666	 0.24	 0.06	188.86	31.75	15.19	 0.98	10.80	 1.07	323.40	273.21	278.86	256.75	279.33	0	51.35
2011	7	21	6.690	6045.2788	201.2788	20.2788	 0.45	 0.04	164.72	 8.21	 4.16	 1.00	10.97	 1.20	323.36	273.45	281.61	257.26	278.11	0	51.45
2011	7	21	7.133	6045.2974	201.2972	20.2972	 0.23	 0.06	192.82	35.18	 5.81	 1.00	10.73	 1.05	323.34	273.43	276.46	257.18	278.11	0	51.44
2011	7	21	7.574	6045.3154	201.3156	20.3156	 0.43	 0.07	165.60	13.27	11.30	 0.99	10.85	 1.17	323.32	273.44	279.77	256.68	 0.00	0	51.34
2011	7	21	8.045	6045.3354	201.3352	20.3352	 0.43	 0.04	166.93	 7.92	13.34	 0.93	10.82	 1.10	323.36	273.40	280.79	256.87	278.13	0	51.37
2011	7	21	8.496	6045.3540	201.3540	20.3540	 0.58	 0.05	159.86	 5.75	 6.43	 0.99	10.93	 1.19	323.30	273.33	279.83	256.80	 0.00	0	51.36
2011	7	21	9.388	6045.3911	201.3912	20.3912	 0.47	 0.05	171.65	 8.67	 2.20	 1.00	10.78	 1.13	323.36	273.44	281.22	256.83	280.83	0	51.37
2011	7	21	9.831	6045.4097	201.4096	20.4096	 0.47	 0.04	170.42	 6.66	 3.26	 1.00	10.92	 1.12	323.32	273.43	280.31	256.89	280.80	0	51.38
2011	7	21	10.300	6045.4292	201.4292	20.4292	 0.42	 0.05	170.62	11.41	 7.99	 0.99	10.82	 1.04	323.39	273.40	277.02	257.12	279.42	0	51.42
2011	7	21	10.743	6045.4478	201.4476	20.4476	 0.27	 0.05	202.04	22.12	 5.46	 1.00	10.83	 1.02	323.39	273.39	278.35	 0.00	280.80	0	54.00
2011	7	21	11.185	6045.4658	201.4660	20.4660	 0.58	 0.04	163.48	 5.13	 6.67	 0.99	10.75	 1.21	323.38	273.46	280.69	 0.00	280.84	0	54.00
2011	7	21	11.624	6045.4844	201.4843	20.4844	 0.59	 0.05	155.66	 5.91	 3.47	 1.00	10.80	 1.21	323.44	274.07	280.35	258.47	278.38	0	51.69
2011	7	21	12.561	6045.5234	201.5234	20.5234	 0.64	 0.04	159.54	 4.18	 1.97	 1.00	10.82	 1.28	323.59	276.54	281.05	260.70	280.44	0	52.14
2011	7	21	13.006	6045.5420	201.5419	20.5419	 0.53	 0.05	157.69	 6.26	 5.81	 0.99	10.78	 1.21	323.54	277.99	281.11	261.07	284.23	0	52.21
2011	7	21	13.883	6045.5786	201.5785	20.5785	 0.57	 0.04	152.07	 5.08	10.36	 0.96	10.75	 1.24	323.76	280.74	285.33	262.86	284.75	0	52.57
2011	7	21	14.323	6045.5967	201.5968	20.5968	 0.24	 0.05	203.64	28.24	23.34	 0.90	10.77	 1.11	323.54	282.24	285.16	263.27	288.88	0	52.65
2011	7	21	16.866	6045.7026	201.7027	20.7027	 0.12	 0.11	351.39	254.89	122.02	 0.94	10.73	 1.05	319.33	288.39	292.50	274.21	293.77	0	54.84
2011	7	21	17.303	6045.7212	201.7210	20.7210	 0.55	 0.03	163.01	 4.36	 3.19	 0.99	10.73	 1.27	318.15	289.30	297.38	274.49	297.30	0	54.90
2011	7	21	18.641	6045.7769	201.7767	20.7767	 0.51	 0.06	158.45	 8.84	11.31	 0.99	10.73	 1.14	319.47	290.66	298.93	273.35	296.84	0	54.67
2011	7	21	19.078	6045.7949	201.7949	20.7949	 0.73	 0.05	160.26	 3.61	 3.50	 1.00	10.73	 1.27	319.84	290.56	300.14	273.28	296.94	0	54.66
2011	7	21	19.517	6045.8130	201.8132	20.8132	 0.68	 0.04	165.45	 3.85	 1.18	 1.00	10.73	 1.26	319.83	290.21	300.22	271.58	296.82	0	54.32
2011	7	21	19.956	6045.8315	201.8315	20.8315	 0.67	 0.05	159.19	 4.78	35.04	 0.77	10.77	 1.12	319.90	289.52	295.59	265.83	296.32	0	53.17
2011	7	21	22.182	6045.9243	201.9243	20.9243	 0.38	 0.12	192.23	32.54	30.90	 1.00	10.93	 1.22	320.52	281.94	285.10	259.15	288.79	0	51.83
2011	7	22	0.900	6046.0376	202.0375	21.0375	 0.58	 0.06	145.98	 6.72	 2.17	 1.00	10.75	 1.18	317.17	276.80	285.11	258.65	 0.00	0	51.73
2011	7	22	7.589	6046.3164	202.3162	21.3162	 0.26	 0.07	161.67	27.13	21.69	 0.95	10.78	 0.82	322.62	269.38	273.65	256.69	273.93	0	51.34
2011	7	22	8.922	6046.3716	202.3718	21.3718	 0.50	 0.07	132.61	 8.38	 4.94	 1.00	10.70	 1.07	322.46	271.22	278.95	 0.00	278.86	0	54.00
2011	7	22	10.279	6046.4282	202.4283	21.4283	 0.34	 0.05	146.69	13.80	 7.82	 0.99	10.78	 1.09	322.58	272.14	278.99	 0.00	279.68	0	54.00
2011	7	22	10.721	6046.4468	202.4467	21.4467	 0.35	 0.06	138.38	14.65	12.27	 0.98	10.83	 1.07	322.56	272.35	277.48	257.07	277.03	0	51.41
2011	7	22	11.164	6046.4653	202.4652	21.4652	 0.44	 0.06	130.80	 8.89	12.64	 0.97	10.72	 1.12	322.57	272.58	278.30	256.93	277.17	0	51.39
2011	7	22	12.077	6046.5034	202.5032	21.5032	 0.27	 0.07	158.35	27.69	12.19	 0.99	10.80	 1.14	321.44	274.59	279.23	 0.00	278.63	0	54.00
2011	7	22	19.188	6046.7993	202.7995	21.7995	 0.15	 0.04	292.58	60.85	49.78	 0.51	10.73	 0.93	322.18	286.87	293.06	272.71	290.47	0	54.54
2011	7	22	20.067	6046.8359	202.8361	21.8361	 0.57	 0.04	179.30	 5.60	 4.28	 1.00	10.73	 1.16	322.70	287.04	293.94	 0.00	292.80	0	54.00
2011	7	23	0.972	6047.0405	203.0405	22.0405	 0.75	 0.06	200.87	 5.76	23.57	 0.97	10.75	 0.93	322.46	277.96	262.49	260.16	285.81	0	52.03
2011	7	23	1.441	6047.0601	203.0600	22.0600	 1.03	 0.06	195.11	 2.98	 4.93	 1.00	10.78	 1.19	322.83	277.66	284.40	 0.00	285.48	0	54.00
2011	7	23	2.323	6047.0967	203.0968	22.0968	 1.00	 0.07	194.33	 3.78	 2.98	 1.00	10.73	 1.25	322.73	277.26	283.70	260.58	282.19	0	52.12
2011	7	23	2.767	6047.1152	203.1153	22.1153	 0.80	 0.04	199.47	 3.11	 3.11	 1.00	10.77	 1.13	322.89	277.14	282.37	260.79	283.50	0	52.16
2011	7	23	3.674	6047.1533	203.1531	22.1531	 0.85	 0.07	190.96	 4.79	 4.41	 1.00	10.77	 1.06	323.04	277.03	280.35	260.94	284.91	0	52.19
2011	7	23	4.557	6047.1899	203.1899	22.1899	 1.09	 0.05	198.75	 2.19	 1.63	 1.00	10.75	 1.22	322.91	277.07	284.08	261.16	281.98	0	52.23
2011	7	23	5.002	6047.2085	203.2084	22.2084	 0.92	 0.06	194.01	 3.98	21.16	 0.96	10.80	 1.14	322.92	277.10	277.22	260.81	284.94	0	52.16
2011	7	23	5.444	6047.2271	203.2268	22.2268	 1.04	 0.06	196.72	 3.13	 1.07	 1.00	10.78	 1.22	322.89	277.07	282.87	 0.00	281.93	0	54.00
2011	7	23	5.911	6047.2461	203.2463	22.2463	 1.05	 0.05	195.74	 2.59	10.22	 0.97	10.73	 1.17	319.21	276.97	281.81	260.66	281.91	0	52.13
2011	7	23	9.907	6047.4126	203.4128	22.4128	 1.08	 0.05	194.18	 2.42	 2.58	 1.00	10.73	 1.19	323.13	274.16	278.10	 0.00	 0.00	0	54.00
2011	7	23	10.376	6047.4321	203.4323	22.4324	 1.03	 0.06	191.13	 2.86	11.36	 0.98	10.83	 1.07	323.21	274.66	278.61	260.33	 0.00	0	52.07
2011	7	23	14.828	6047.6177	203.6178	22.6178	 0.89	 0.07	185.58	 4.12	 7.54	 1.00	10.80	 1.11	323.56	285.63	290.40	266.16	292.43	0	53.23
2011	7	23	15.706	6047.6543	203.6544	22.6544	 1.03	 0.05	193.32	 2.63	 9.92	 0.97	10.73	 1.25	323.69	288.89	297.00	269.57	292.42	0	53.91
2011	7	23	17.520	6047.7300	203.7300	22.7300	 0.91	 0.05	186.76	 2.80	 5.40	 0.99	10.73	 1.20	323.35	293.28	300.71	277.45	299.23	0	55.49
2011	7	23	18.396	6047.7666	203.7665	22.7665	 0.83	 0.05	188.15	 3.87	 1.23	 1.00	10.75	 1.15	321.28	293.93	302.18	276.60	297.70	0	55.32
2011	7	23	19.736	6047.8223	203.8223	22.8223	 1.13	 0.20	189.84	 8.25	103.89	 0.98	10.73	 1.02	321.03	292.72	298.64	270.13	298.95	0	54.03
2011	7	23	20.174	6047.8408	203.8406	22.8406	 0.86	 0.04	195.06	 3.19	 2.47	 1.00	10.75	 1.09	321.14	291.85	301.88	266.07	296.15	0	53.21
2011	7	23	20.612	6047.8589	203.8588	22.8588	 1.08	 0.06	188.59	 2.68	 4.73	 1.00	10.73	 1.20	321.29	290.48	299.04	266.48	297.09	0	53.30
2011	7	23	21.051	6047.8770	203.8771	22.8771	 0.99	 0.06	189.31	 3.18	 3.36	 1.00	10.87	 1.14	321.05	288.80	297.43	265.87	298.32	0	53.17
2011	7	24	2.849	6048.1187	204.1187	23.1187	 0.85	 0.05	193.73	 3.38	 5.30	 1.00	10.92	 1.08	324.47	273.09	278.88	262.51	280.35	0	52.50
2011	7	24	4.201	6048.1748	204.1750	23.1750	 0.92	 0.05	192.16	 2.84	 4.13	 1.00	10.78	 1.21	324.66	275.29	279.47	261.51	280.08	0	52.30
2011	7	24	4.641	6048.1934	204.1934	23.1934	 0.84	 0.04	200.63	 3.36	 5.86	 0.99	10.75	 1.22	324.64	275.77	278.67	261.77	283.64	0	52.35
2011	7	24	5.530	6048.2305	204.2304	23.2304	 0.88	 0.07	190.77	 4.67	 3.15	 1.00	10.72	 1.16	324.63	276.34	280.00	 0.00	284.22	0	54.00
2011	7	24	7.320	6048.3052	204.3050	23.3050	 1.19	 0.07	191.10	 2.51	 4.59	 1.00	10.85	 1.15	324.62	277.17	280.02	 0.00	283.34	0	54.00
2011	7	24	7.766	6048.3237	204.3236	23.3236	 1.47	 0.07	197.57	 1.68	12.52	 0.92	10.75	 1.21	324.62	277.27	283.16	261.14	284.84	0	52.23
2011	7	24	9.120	6048.3799	204.3800	23.3800	 1.55	 0.08	202.84	 1.75	 1.03	 1.00	10.73	 1.26	324.61	277.45	282.30	260.70	283.55	0	52.14
2011	7	24	9.561	6048.3984	204.3984	23.3984	 1.56	 0.07	193.58	 1.60	 8.53	 0.96	10.78	 1.07	324.59	277.49	280.72	260.80	284.93	0	52.16
2011	7	24	10.004	6048.4170	204.4168	23.4168	 1.21	 0.05	204.86	 1.88	68.23	 0.13	10.87	 1.18	324.58	277.47	275.82	260.24	283.47	0	52.05
2011	7	24	10.917	6048.4551	204.4549	23.4549	 1.74	 0.13	202.33	 2.20	 2.83	 1.00	10.88	 1.21	324.54	277.40	283.15	260.06	283.37	0	52.01
2011	7	24	12.249	6048.5103	204.5104	23.5104	 1.60	 0.11	197.02	 2.36	 7.48	 1.00	10.80	 1.10	323.93	279.35	280.46	263.20	285.19	0	52.64
2011	7	24	12.689	6048.5288	204.5287	23.5287	 1.64	 0.13	201.53	 2.52	 1.92	 1.00	10.78	 1.15	322.93	280.57	283.79	263.91	286.53	0	52.78
2011	7	24	13.592	6048.5664	204.5663	23.5663	 1.68	 0.08	201.83	 1.45	 4.29	 0.99	10.77	 1.19	322.62	283.34	288.39	266.22	287.11	0	53.24
2011	7	24	14.030	6048.5845	204.5846	23.5846	 1.65	 0.10	203.27	 2.01	 2.93	 1.00	10.77	 1.26	321.41	284.77	290.30	266.02	291.23	0	53.20
2011	7	24	14.467	6048.6030	204.6028	23.6028	 1.64	 0.09	198.38	 1.81	 3.22	 1.00	10.73	 1.11	321.61	285.69	289.98	266.13	292.19	0	53.23
2011	7	24	14.904	6048.6211	204.6210	23.6210	 1.65	 0.14	196.68	 2.76	 3.10	 1.00	10.75	 1.17	321.64	286.68	292.08	266.16	293.37	0	53.23
2011	7	24	15.804	6048.6587	204.6585	23.6585	 1.77	 0.11	203.43	 1.87	 3.02	 1.00	10.72	 1.24	321.95	289.43	296.17	271.59	295.79	0	54.32
2011	7	24	16.680	6048.6948	204.6950	23.6950	 1.93	 0.18	203.00	 2.48	 6.15	 1.00	10.72	 1.13	321.45	291.39	301.64	 0.00	297.54	0	54.00
2011	7	24	18.052	6048.7520	204.7522	23.7522	 1.88	 0.18	194.30	 2.57	 5.82	 1.00	10.77	 1.05	320.97	293.37	300.59	275.57	299.05	0	55.11
2011	7	24	18.490	6048.7705	204.7704	23.7704	 1.64	 0.13	193.93	 2.48	 4.35	 1.00	10.78	 1.03	320.90	293.41	301.51	275.68	299.25	0	55.14
2011	7	24	18.927	6048.7886	204.7886	23.7886	 1.71	 0.17	193.80	 2.90	 4.33	 1.00	10.73	 1.00	320.96	293.20	301.27	274.71	299.20	0	54.94
2011	7	24	20.268	6048.8447	204.8445	23.8445	 1.87	 0.11	197.94	 1.56	 2.90	 1.00	10.73	 1.12	321.27	291.15	298.43	265.73	297.71	0	53.15
2011	7	24	21.146	6048.8809	204.8811	23.8811	 1.94	 0.31	196.49	 4.10	12.30	 1.00	10.92	 1.10	318.79	288.02	297.10	265.57	294.96	0	53.11
2011	7	24	22.929	6048.9556	204.9554	23.9554	 1.69	 0.09	198.21	 1.72	 4.71	 0.99	10.78	 1.17	320.83	282.36	291.79	260.97	 0.00	0	52.19
2011	7	24	23.368	6048.9736	204.9737	23.9737	 1.53	 0.11	193.56	 2.42	 9.38	 0.99	10.72	 1.14	320.85	281.50	285.63	260.70	288.31	0	52.14
2011	7	24	23.806	6048.9917	204.9919	23.9919	 1.80	 0.10	203.03	 1.56	 6.76	 0.98	10.75	 1.26	321.27	280.61	289.31	260.11	288.54	0	52.02
2011	7	25	0.271	6049.0112	205.0113	24.0113	 1.77	 0.11	196.33	 1.82	 2.58	 1.00	10.75	 1.24	321.60	279.85	283.77	260.09	286.42	0	52.02
2011	7	25	3.385	6049.1411	205.1411	24.1411	 1.19	 0.07	196.61	 2.55	 4.50	 1.00	10.78	 1.15	323.04	277.38	281.08	259.89	282.23	0	51.98
2011	7	25	5.183	6049.2158	205.2159	24.2160	 1.25	 0.06	197.71	 2.20	 3.65	 1.00	10.73	 1.15	322.53	276.81	281.29	259.41	283.07	0	51.88
2011	7	25	6.502	6049.2710	205.2709	24.2709	 1.42	 0.05	198.51	 1.41	 4.25	 0.98	10.82	 1.24	322.48	276.47	283.35	259.38	281.10	0	51.88
2011	7	25	6.967	6049.2900	205.2903	24.2903	 1.37	 0.05	195.82	 1.53	 2.00	 1.00	10.78	 1.22	322.15	276.38	281.81	 0.00	282.55	0	54.00
2011	7	25	7.851	6049.3271	205.3271	24.3271	 1.23	 0.09	194.17	 3.12	 2.75	 1.00	10.75	 1.18	321.89	276.19	281.35	 0.00	283.83	0	54.00
2011	7	25	8.289	6049.3452	205.3454	24.3454	 1.28	 0.07	197.87	 2.33	 5.13	 1.00	10.73	 1.23	321.93	276.09	281.39	259.39	282.28	0	51.88
2011	7	25	9.638	6049.4014	205.4016	24.4016	 1.42	 0.10	192.00	 2.46	 1.78	 1.00	10.73	 1.17	321.40	275.90	280.53	259.07	 0.00	0	51.81
2011	7	25	10.078	6049.4199	205.4199	24.4199	 1.06	 0.06	189.41	 2.80	 4.02	 1.00	10.97	 1.02	321.58	275.85	278.27	 0.00	282.02	0	54.00
2011	7	25	10.959	6049.4565	205.4566	24.4566	 1.41	 0.08	192.05	 2.21	 6.93	 0.99	10.77	 1.19	321.93	275.82	282.46	258.96	283.33	0	51.79
2011	7	25	11.426	6049.4761	205.4761	24.4761	 1.16	 0.06	191.31	 2.37	 7.60	 0.99	10.80	 1.14	322.15	276.01	280.40	259.57	283.39	0	51.91
2011	7	25	11.865	6049.4941	205.4944	24.4944	 1.34	 0.07	193.60	 2.03	11.09	 0.96	10.73	 1.25	321.87	276.76	282.84	260.61	282.69	0	52.12
2011	7	25	12.743	6049.5308	205.5309	24.5309	 1.21	 0.08	189.33	 2.74	 1.76	 1.00	10.78	 1.16	321.86	279.10	281.13	262.29	287.49	0	52.46
2011	7	25	13.180	6049.5493	205.5491	24.5492	 1.20	 0.07	189.51	 2.48	 7.44	 0.99	10.75	 1.15	322.03	280.31	284.84	262.56	286.52	0	52.51
2011	7	25	13.642	6049.5684	205.5684	24.5684	 1.03	 0.06	192.29	 3.08	 3.96	 1.00	10.75	 1.09	321.85	281.59	288.49	263.42	288.02	0	52.68
2011	7	25	14.081	6049.5869	205.5867	24.5867	 0.95	 0.04	192.54	 2.34	 2.43	 1.00	10.75	 1.15	321.85	283.05	287.99	264.08	289.51	0	52.82
2011	7	25	14.519	6049.6050	205.6049	24.6049	 1.09	 0.08	184.12	 3.46	 3.97	 1.00	10.78	 1.11	321.77	283.93	288.29	264.95	287.43	0	52.99
2011	7	25	14.958	6049.6230	205.6232	24.6233	 1.03	 0.07	183.60	 3.49	10.59	 0.99	10.72	 1.11	322.06	285.00	290.54	265.59	291.56	0	53.12
2011	7	25	15.396	6049.6416	205.6415	24.6415	 1.08	 0.07	193.76	 2.98	 2.27	 1.00	10.72	 1.23	322.14	286.50	292.96	265.71	292.79	0	53.14
2011	7	25	15.858	6049.6606	205.6607	24.6607	 0.98	 0.06	188.95	 3.07	 9.72	 0.98	10.77	 1.06	321.89	287.84	292.74	267.45	294.15	0	53.49
2011	7	25	17.174	6049.7158	205.7156	24.7156	 1.15	 0.05	192.93	 2.02	 1.59	 1.00	10.73	 1.27	322.03	291.14	298.10	275.39	297.05	0	55.08
2011	7	25	17.611	6049.7339	205.7338	24.7338	 1.23	 0.04	191.82	 1.57	 9.61	 0.90	10.72	 1.19	321.61	291.82	299.13	276.45	297.76	0	55.29
2011	7	25	18.108	6049.7544	205.7545	24.7545	 1.07	 0.06	189.65	 2.55	12.20	 0.96	10.77	 1.19	320.90	292.43	299.47	276.49	298.44	0	55.30
2011	7	25	18.545	6049.7729	205.7727	24.7727	 0.85	 0.04	188.41	 2.71	 8.88	 0.96	10.77	 1.05	319.56	292.59	299.72	278.54	298.80	0	55.71
2011	7	25	19.421	6049.8091	205.8092	24.8092	 1.04	 0.06	195.29	 2.96	 3.48	 1.00	10.77	 1.16	319.12	292.11	302.09	272.63	298.78	0	54.53
2011	7	25	20.758	6049.8647	205.8649	24.8649	 1.17	 0.06	192.05	 2.17	 1.12	 1.00	10.75	 1.11	320.01	288.93	299.87	262.63	296.31	0	52.53
2011	7	25	22.078	6049.9199	205.9199	24.9199	 0.63	 0.11	179.12	12.59	14.73	 1.00	10.82	 0.94	320.95	284.07	285.07	260.50	290.91	0	52.10
2011	7	26	0.301	6050.0127	206.0125	25.0125	 0.63	 0.04	165.57	 4.70	 6.19	 0.99	10.85	 1.18	321.91	278.96	287.06	259.74	286.78	0	51.95
2011	7	26	1.646	6050.0684	206.0686	25.0686	 0.62	 0.05	141.62	 4.80	 4.72	 0.99	10.73	 1.28	322.71	277.45	284.63	259.62	 0.00	0	51.92
2011	7	26	2.529	6050.1055	206.1054	25.1054	 0.27	 0.07	157.83	27.12	22.21	 0.96	10.73	 1.21	322.50	276.68	281.87	259.38	 0.00	0	51.88
2011	7	26	2.994	6050.1245	206.1247	25.1247	 0.26	 0.07	145.41	28.08	25.53	 0.93	10.80	 1.11	322.48	276.29	280.10	259.78	284.22	0	51.96
2011	7	26	3.435	6050.1431	206.1431	25.1431	 0.36	 0.06	130.62	11.83	 7.45	 0.99	10.73	 1.19	322.04	276.04	282.20	260.07	282.51	0	52.01
2011	7	26	5.662	6050.2358	206.2359	25.2359	 0.45	 0.06	134.37	 8.95	 6.86	 0.99	10.73	 1.27	322.33	275.12	284.02	259.42	280.27	0	51.88
2011	7	26	6.102	6050.2544	206.2543	25.2543	 0.50	 0.06	128.29	 7.54	 7.09	 0.99	10.85	 1.27	322.23	275.03	283.54	259.47	281.44	0	51.89
2011	7	26	7.450	6050.3105	206.3104	25.3104	 0.42	 0.06	128.43	10.30	15.85	 0.96	10.77	 1.18	321.64	274.65	283.37	259.60	279.63	0	51.92
2011	7	26	7.890	6050.3286	206.3288	25.3288	 0.40	 0.06	132.24	10.46	12.81	 0.97	10.83	 1.23	321.42	274.62	281.69	259.70	279.62	0	51.94
2011	7	26	8.331	6050.3472	206.3471	25.3471	 0.07	 0.06	365.80	284.22	33.21	 0.76	10.77	 1.06	321.49	274.67	280.51	260.08	282.55	0	52.02
2011	7	26	8.772	6050.3657	206.3655	25.3655	 0.32	 0.06	150.23	16.95	14.98	 0.96	10.75	 1.22	321.56	274.70	282.40	260.01	 0.00	0	52.00
2011	7	26	9.212	6050.3838	206.3838	25.3838	 0.43	 0.06	135.44	10.41	13.64	 0.98	10.83	 1.25	321.55	274.70	283.51	260.13	281.15	0	52.03
2011	7	26	9.679	6050.4033	206.4033	25.4033	 0.39	 0.06	145.17	12.82	11.05	 0.99	10.78	 1.24	321.73	274.67	281.93	 0.00	 0.00	0	54.00
2011	7	26	10.119	6050.4219	206.4216	25.4216	 0.37	 0.06	143.82	12.92	 5.17	 1.00	10.73	 1.21	322.07	274.61	282.93	259.18	282.40	0	51.84
2011	7	26	11.002	6050.4585	206.4584	25.4584	 0.35	 0.04	139.30	 9.60	 7.60	 0.95	10.82	 1.15	324.01	274.55	280.37	258.58	280.69	0	51.72
2011	7	26	12.786	6050.5327	206.5328	25.5328	 0.20	 0.07	257.70	67.77	233.58	 0.43	10.80	 1.22	324.21	278.28	283.63	262.86	286.91	0	52.57
2011	7	26	13.224	6050.5508	206.5510	25.5510	 0.43	 0.26	124.48	38.00	77.33	 1.00	10.73	 1.11	323.32	279.76	284.52	263.57	286.10	0	52.71
2011	7	26	14.126	6050.5884	206.5886	25.5886	 0.52	 0.05	139.36	 6.11	12.37	 0.95	10.75	 1.24	321.92	282.70	290.92	266.04	289.31	0	53.21
2011	7	26	15.878	6050.6616	206.6616	25.6616	 0.59	 0.05	148.81	 4.92	 4.22	 0.99	10.73	 1.28	321.89	287.67	295.19	267.82	296.98	0	53.56
2011	7	26	16.779	6050.6992	206.6991	25.6991	 0.63	 0.04	165.97	 3.97	 4.80	 0.99	10.72	 1.21	321.88	290.08	298.57	274.65	296.32	0	54.93
2011	7	26	17.654	6050.7354	206.7356	25.7356	 0.63	 0.04	162.77	 4.62	11.30	 0.96	10.73	 1.17	321.83	291.97	300.47	277.20	295.66	0	55.44
2011	7	26	18.091	6050.7539	206.7538	25.7538	 0.50	 0.04	175.50	 6.98	 7.74	 0.99	10.73	 1.14	321.72	292.45	303.29	276.77	296.28	0	55.35
2011	7	26	19.024	6050.7925	206.7927	25.7927	 0.46	 0.05	178.60	 9.16	 4.93	 1.00	10.75	 1.12	321.09	292.46	300.73	274.01	299.03	0	54.80
2011	7	26	19.461	6050.8110	206.8109	25.8109	 0.68	 0.05	161.10	 4.78	 3.83	 1.00	10.72	 1.15	321.11	292.06	301.58	271.72	298.80	0	54.34
2011	7	26	20.335	6050.8472	206.8473	25.8473	 0.61	 0.04	181.80	 5.39	 3.90	 1.00	10.73	 1.20	321.23	290.46	301.17	266.21	297.45	0	53.24
2011	7	26	20.797	6050.8667	206.8665	25.8665	 0.68	 0.05	178.92	 5.11	 0.85	 1.00	10.75	 1.17	321.44	288.85	297.90	263.03	295.28	0	52.61
2011	7	26	22.548	6050.9395	206.9395	25.9395	 0.86	 0.05	186.46	 3.40	 5.15	 1.00	10.73	 1.26	321.84	282.59	294.51	260.09	287.97	0	52.02
2011	7	26	23.013	6050.9590	206.9589	25.9589	 0.93	 0.03	188.93	 1.98	 6.35	 0.95	10.77	 1.30	318.26	281.32	289.85	259.96	288.66	0	51.99
2011	7	27	1.670	6051.0698	207.0696	26.0696	 0.57	 0.04	185.62	 5.94	 0.77	 1.00	10.75	 1.08	317.28	273.25	279.76	259.99	278.56	0	52.00
2011	7	27	4.339	6051.1807	207.1808	26.1808	 0.60	 0.05	182.05	 6.04	 5.53	 1.00	10.73	 1.20	323.75	275.39	282.10	 0.00	 0.00	0	54.00
2011	7	27	5.224	6051.2178	207.2177	26.2177	 0.66	 0.05	181.67	 5.50	 4.28	 1.00	10.75	 1.20	323.74	275.74	281.95	259.87	282.01	0	51.97
2011	7	27	5.688	6051.2368	207.2370	26.2370	 0.67	 0.04	179.38	 4.22	 5.97	 0.99	10.78	 1.21	323.90	275.84	282.00	259.89	282.15	0	51.98
2011	7	27	6.127	6051.2554	207.2553	26.2553	 0.65	 0.04	183.49	 4.47	 2.98	 1.00	10.75	 1.27	323.75	275.94	280.27	259.84	282.19	0	51.97
2011	7	27	6.568	6051.2734	207.2737	26.2737	 0.64	 0.04	186.85	 5.06	 1.09	 1.00	10.77	 1.28	323.82	275.99	281.99	259.80	282.27	0	51.96
2011	7	27	7.449	6051.3105	207.3104	26.3104	 0.64	 0.04	182.73	 4.36	 5.55	 0.99	10.77	 1.22	323.81	276.08	282.55	259.77	282.31	0	51.95
2011	7	27	7.919	6051.3301	207.3300	26.3300	 0.61	 0.04	181.65	 5.05	 9.42	 0.98	10.87	 1.20	323.90	276.11	280.61	259.76	282.36	0	51.95
2011	7	27	8.801	6051.3667	207.3667	26.3667	 0.59	 0.04	176.84	 4.97	 4.23	 0.99	10.73	 1.22	323.89	276.04	280.64	259.79	283.71	0	51.96
2011	7	27	9.239	6051.3848	207.3850	26.3850	 0.58	 0.05	179.60	 6.19	10.85	 0.98	10.75	 1.22	323.90	276.02	283.77	259.93	280.79	0	51.99
2011	7	27	13.684	6051.5703	207.5702	26.5702	 0.56	 0.04	174.94	 4.93	 3.96	 0.99	10.73	 1.21	323.11	281.31	286.18	262.04	289.60	0	52.41
2011	7	27	14.121	6051.5884	207.5884	26.5884	 0.57	 0.08	181.02	11.52	14.06	 1.00	10.75	 1.23	323.06	282.52	287.15	262.45	288.87	0	52.49
2011	7	27	15.021	6051.6260	207.6259	26.6259	 0.66	 0.05	178.24	 4.98	 2.21	 1.00	10.75	 1.30	323.01	284.38	291.71	264.55	290.66	0	52.91
2011	7	27	15.458	6051.6440	207.6441	26.6441	 0.50	 0.06	182.72	 9.91	 8.68	 1.00	10.72	 1.15	322.31	285.83	293.15	 0.00	291.83	0	54.00
2011	7	27	17.237	6051.7183	207.7182	26.7182	 0.60	 0.04	189.66	 5.95	11.31	 0.98	10.75	 1.12	322.34	289.29	295.30	268.83	294.82	0	53.77
2011	7	27	17.674	6051.7363	207.7364	26.7364	 1.00	 0.09	178.83	 4.27	 5.03	 1.00	10.73	 1.17	322.22	290.11	297.07	271.31	295.75	0	54.26
2011	7	27	18.551	6051.7729	207.7729	26.7729	 0.65	 0.07	181.60	 8.08	104.15	 0.73	10.75	 0.92	322.27	290.58	298.30	269.53	293.91	0	53.91
2011	7	27	20.360	6051.8481	207.8483	26.8483	 0.84	 0.08	185.10	 5.35	 9.88	 1.00	10.75	 1.17	322.12	288.42	298.37	263.38	295.09	0	52.68
2011	7	27	20.799	6051.8667	207.8666	26.8666	 0.51	 0.06	194.63	10.76	21.68	 0.98	10.77	 0.95	322.10	287.04	292.40	262.72	293.72	0	52.54
2011	7	27	21.264	6051.8857	207.8860	26.8860	 1.02	 0.19	186.82	 9.27	17.08	 1.00	10.77	 1.16	322.24	285.35	292.30	262.25	292.27	0	52.45
2011	7	28	0.800	6052.0332	208.0333	27.0333	 0.90	 0.06	175.90	 3.46	 4.51	 1.00	10.83	 1.11	322.77	277.92	282.19	259.04	284.30	0	51.81
2011	7	28	1.239	6052.0518	208.0517	27.0516	 0.72	 0.06	176.23	 5.09	10.52	 0.99	10.73	 1.11	322.77	277.50	279.68	259.41	283.70	0	51.88
2011	7	28	1.702	6052.0708	208.0709	27.0709	 0.74	 0.07	174.99	 5.62	 5.14	 1.00	10.77	 1.12	322.94	277.05	282.76	 0.00	284.78	0	54.00
2011	7	28	3.024	6052.1260	208.1260	27.1260	 0.75	 0.04	182.14	 3.66	 6.44	 0.99	10.80	 1.26	323.37	276.13	283.09	258.67	282.28	0	51.73
2011	7	28	4.374	6052.1821	208.1822	27.1822	 0.64	 0.06	178.00	 6.61	12.31	 0.99	10.77	 1.16	323.58	275.50	280.05	258.51	281.62	0	51.70
2011	7	28	4.814	6052.2007	208.2006	27.2006	 0.68	 0.04	184.59	 4.49	 5.00	 1.00	10.72	 1.20	323.42	275.37	282.58	258.36	283.02	0	51.67
2011	7	28	6.166	6052.2568	208.2569	27.2569	 0.51	 0.04	198.38	 7.04	 2.79	 1.00	10.77	 1.14	323.62	274.85	279.43	257.71	280.97	0	51.54
2011	7	28	7.043	6052.2935	208.2935	27.2935	 0.65	 0.04	182.06	 4.92	 6.09	 0.99	10.78	 1.21	323.71	274.56	280.36	257.51	281.96	0	51.50
2011	7	28	7.483	6052.3120	208.3118	27.3118	 0.74	 0.05	176.68	 4.51	11.11	 0.98	10.77	 1.23	323.80	274.43	280.58	257.41	 0.00	0	51.48
2011	7	28	8.390	6052.3496	208.3496	27.3496	 0.63	 0.05	184.06	 5.57	 3.89	 1.00	10.77	 1.13	323.80	274.18	279.19	257.49	280.10	0	51.50
2011	7	28	8.829	6052.3677	208.3679	27.3679	 0.77	 0.05	187.92	 3.91	 4.27	 1.00	10.75	 1.26	323.71	274.10	282.27	257.36	278.63	0	51.47
2011	7	28	9.269	6052.3862	208.3862	27.3862	 0.76	 0.04	187.35	 3.72	 2.65	 1.00	10.78	 1.18	323.66	274.07	280.14	257.68	278.58	0	51.54
2011	7	28	10.151	6052.4229	208.4230	27.4230	 0.71	 0.05	182.84	 5.09	 8.59	 0.99	10.78	 1.08	323.46	274.09	277.68	257.79	281.25	0	51.56
2011	7	28	11.052	6052.4604	208.4605	27.4605	 0.84	 0.07	184.51	 4.63	 4.80	 1.00	10.77	 1.17	323.39	274.24	281.55	258.16	280.17	0	51.63
2011	7	28	11.933	6052.4971	208.4972	27.4972	 0.70	 0.06	189.41	 6.49	13.43	 0.99	10.72	 1.19	323.49	275.59	276.83	259.71	281.35	0	51.94
2011	7	28	12.834	6052.5347	208.5347	27.5347	 0.84	 0.04	183.94	 2.79	 3.94	 0.99	10.77	 1.20	323.62	277.97	281.23	260.49	284.05	0	52.10
2011	7	28	13.711	6052.5713	208.5713	27.5713	 0.76	 0.06	190.27	 4.76	16.86	 0.97	10.80	 1.20	323.62	280.56	285.91	261.77	286.80	0	52.35
2011	7	28	15.929	6052.6636	208.6637	27.6637	 0.57	 0.03	188.71	 4.95	25.16	 0.74	10.78	 1.15	322.94	286.36	289.83	266.29	294.77	0	53.26
2011	7	28	16.368	6052.6821	208.6820	27.6820	 0.78	 0.04	186.75	 3.32	 2.26	 1.00	10.77	 1.28	322.92	287.28	294.94	266.00	292.97	0	53.20
2011	7	28	16.806	6052.7002	208.7002	27.7002	 0.66	 0.05	180.85	 5.49	 9.59	 0.99	10.73	 1.13	322.83	288.05	293.25	266.08	296.48	0	53.22
2011	7	28	17.267	6052.7192	208.7195	27.7195	 0.61	 0.04	189.33	 5.10	 5.56	 0.99	10.77	 1.18	322.71	288.90	294.60	267.38	294.85	0	53.48
2011	7	28	18.142	6052.7559	208.7559	27.7559	 0.70	 0.15	239.15	19.45	594.32	 0.80	10.73	 1.22	322.22	289.61	296.28	265.84	295.64	0	53.17
2011	7	28	19.017	6052.7925	208.7924	27.7924	 0.68	 0.05	192.41	 4.90	 7.13	 0.99	10.73	 1.23	322.31	289.10	300.43	265.87	295.46	0	53.17
2011	7	28	21.731	6052.9053	208.9055	27.9055	 0.31	 0.65	192.36	251.04	2514.33	 0.98	10.78	 0.81	323.00	282.59	276.21	258.81	288.78	0	51.76
2011	7	28	23.053	6052.9604	208.9606	27.9606	 1.21	 0.44	160.63	13.39	132.60	 1.00	10.73	 1.18	323.85	279.09	283.62	257.07	285.39	0	51.41
2011	7	28	23.492	6052.9790	208.9788	27.9788	 0.86	 0.06	178.35	 3.98	 3.61	 1.00	10.72	 1.30	323.73	278.14	285.88	256.68	285.78	0	51.34
2011	7	29	0.396	6053.0166	209.0165	28.0165	 0.49	 0.05	181.03	 9.20	24.60	 0.94	10.78	 1.09	323.87	276.66	280.44	257.23	284.27	0	51.45
2011	7	29	0.840	6053.0352	209.0350	28.0350	 0.50	 0.06	188.20	10.67	 9.39	 1.00	10.77	 1.08	323.77	276.20	280.92	257.27	282.35	0	51.45
2011	7	29	1.279	6053.0532	209.0533	28.0533	 0.69	 0.06	179.04	 5.53	11.42	 0.99	10.77	 1.22	323.76	275.78	282.98	257.14	280.49	0	51.43
2011	7	29	1.717	6053.0718	209.0715	28.0716	 0.76	 0.05	178.77	 4.16	 7.46	 0.99	10.73	 1.27	323.65	275.43	282.70	256.93	281.71	0	51.39
2011	7	29	2.182	6053.0908	209.0909	28.0909	 0.70	 0.04	186.35	 4.32	 2.94	 1.00	10.75	 1.24	323.86	275.10	281.21	256.77	281.41	0	51.35
2011	7	29	2.621	6053.1094	209.1092	28.1092	 0.75	 0.06	184.00	 5.41	 6.14	 1.00	10.78	 1.25	323.92	274.84	282.34	256.44	280.98	0	51.29
2011	7	29	3.062	6053.1274	209.1276	28.1276	 0.76	 0.05	181.90	 4.15	 2.49	 1.00	10.72	 1.20	323.75	274.62	283.41	256.41	280.69	0	51.28
2011	7	29	3.503	6053.1460	209.1460	28.1460	 0.65	 0.06	182.91	 6.14	 6.09	 1.00	10.78	 1.18	323.74	274.42	280.34	 0.00	280.46	0	54.00
2011	7	29	3.945	6053.1646	209.1644	28.1644	 0.80	 0.04	181.25	 3.20	 6.40	 0.99	10.75	 1.24	323.74	274.21	281.11	256.28	280.18	0	51.26
2011	7	29	4.411	6053.1836	209.1838	28.1838	 0.75	 0.11	186.08	 9.37	21.23	 1.00	10.77	 1.14	323.71	274.05	281.22	256.11	280.10	0	51.22
2011	7	29	4.852	6053.2021	209.2022	28.2022	 0.77	 0.05	186.91	 4.33	 2.32	 1.00	10.92	 1.19	323.69	273.90	281.74	256.11	279.90	0	51.22
2011	7	29	5.731	6053.2388	209.2388	28.2388	 0.70	 0.04	186.57	 3.73	 7.54	 0.98	10.73	 1.09	323.68	273.61	278.95	255.69	279.62	0	51.14
2011	7	29	6.636	6053.2764	209.2765	28.2765	 0.76	 0.06	182.28	 4.77	 6.52	 1.00	10.90	 1.08	323.57	273.37	278.16	255.74	279.38	0	51.15
2011	7	29	7.081	6053.2949	209.2950	28.2950	 0.74	 0.05	184.79	 4.62	 2.17	 1.00	10.73	 1.11	323.37	273.25	278.20	255.52	279.18	0	51.10
2011	7	29	7.520	6053.3135	209.3133	28.3133	 0.70	 0.04	188.03	 4.02	 3.38	 1.00	10.77	 1.11	323.30	273.12	278.09	255.27	277.63	0	51.05
2011	7	29	8.398	6053.3501	209.3499	28.3499	 0.88	 0.06	182.80	 3.84	 3.45	 1.00	10.73	 1.15	324.09	272.95	279.86	255.59	280.15	0	51.12
2011	7	29	9.741	6053.4058	209.4059	28.4059	 0.88	 0.05	184.81	 2.98	 3.26	 1.00	10.73	 1.09	324.40	272.67	277.99	255.09	278.33	0	51.02
2011	7	29	10.181	6053.4243	209.4242	28.4242	 0.93	 0.04	185.29	 2.30	 2.86	 1.00	10.73	 1.09	324.68	272.61	279.07	255.05	278.26	0	51.01
2011	7	29	10.621	6053.4424	209.4426	28.4426	 0.67	 0.05	185.40	 5.88	 2.40	 1.00	10.72	 0.92	324.96	272.53	276.54	255.03	 0.00	0	51.01
2011	7	29	11.088	6053.4619	209.4620	28.4620	 0.85	 0.06	180.94	 4.23	 4.61	 1.00	10.77	 0.97	325.01	272.48	276.31	255.11	277.96	0	51.02
2011	7	29	11.529	6053.4805	209.4804	28.4804	 0.86	 0.05	183.89	 3.51	 3.99	 1.00	10.72	 1.13	324.89	272.83	279.05	 0.00	278.15	0	54.00
2011	7	29	13.745	6053.5728	209.5727	28.5727	 0.56	 0.03	187.11	 5.00	11.25	 0.94	10.73	 1.04	325.17	278.41	277.68	258.26	284.28	0	51.65
2011	7	29	15.523	6053.6470	209.6468	28.6468	 0.82	 0.05	185.30	 3.94	 7.46	 0.99	10.80	 1.16	324.73	283.56	287.01	262.27	289.08	0	52.45
2011	7	29	16.401	6053.6836	209.6833	28.6834	 0.94	 0.07	183.75	 3.69	 1.78	 1.00	10.73	 1.14	323.92	285.82	291.77	267.34	290.97	0	53.47
2011	7	29	16.837	6053.7017	209.7016	28.7016	 0.99	 0.07	187.13	 3.70	 2.79	 1.00	10.75	 1.24	323.00	286.99	291.81	266.26	292.57	0	53.25
2011	7	29	17.276	6053.7197	209.7198	28.7198	 0.96	 0.05	189.68	 3.00	 1.99	 1.00	10.75	 1.23	322.63	287.98	294.47	268.72	293.51	0	53.74
2011	7	29	18.177	6053.7573	209.7574	28.7574	 1.15	 0.06	187.47	 2.40	 2.94	 1.00	10.75	 1.14	322.44	289.19	294.40	271.83	294.89	0	54.37
2011	7	29	19.052	6053.7939	209.7939	28.7939	 1.32	 0.06	183.53	 1.73	 1.72	 1.00	10.70	 1.03	322.56	289.25	295.45	271.51	295.23	0	54.30
2011	7	29	20.864	6053.8691	209.8693	28.8693	 1.75	 0.11	193.82	 1.78	 0.46	 1.00	10.75	 1.21	322.61	285.16	292.83	259.51	292.02	0	51.90
2011	7	29	23.525	6053.9800	209.9802	28.9802	 1.53	 0.14	189.09	 3.07	22.79	 0.98	10.75	 1.13	324.24	277.40	280.07	254.65	284.59	0	50.93
2011	7	30	0.430	6054.0181	210.0179	29.0179	 1.01	 0.05	188.68	 2.40	 3.48	 1.00	10.82	 1.11	324.80	275.88	279.98	254.64	282.00	0	50.93
2011	7	30	0.871	6054.0361	210.0363	29.0363	 1.01	 0.11	188.88	 5.57	22.12	 0.99	10.80	 1.13	324.92	275.29	280.21	254.19	282.50	0	50.84
2011	7	30	2.188	6054.0913	210.0912	29.0912	 0.99	 0.06	187.43	 3.38	 3.83	 1.00	10.77	 1.17	324.99	273.98	277.11	254.64	279.72	0	50.93
2011	7	30	2.654	6054.1104	210.1106	29.1106	 0.99	 0.05	190.12	 2.83	 1.55	 1.00	10.80	 1.12	325.12	273.61	278.88	254.36	279.34	0	50.87
2011	7	30	3.535	6054.1475	210.1473	29.1473	 1.08	 0.05	186.94	 2.40	 1.59	 1.00	10.75	 1.15	324.93	273.13	278.14	254.27	278.75	0	50.85
2011	7	30	4.413	6054.1841	210.1839	29.1839	 1.08	 0.07	191.53	 3.20	11.38	 0.99	10.78	 1.15	324.91	272.72	281.08	254.24	276.90	0	50.85
2011	7	30	6.202	6054.2583	210.2584	29.2584	 0.76	 0.06	185.28	 4.89	11.27	 0.99	10.88	 0.96	324.71	272.10	277.73	254.35	 0.00	0	50.87
2011	7	30	8.425	6054.3511	210.3511	29.3511	 0.84	 0.06	188.63	 4.05	 6.95	 1.00	10.78	 1.04	324.40	271.83	277.07	254.46	278.68	0	50.89
2011	7	30	9.332	6054.3887	210.3888	29.3888	 0.79	 0.05	188.33	 4.29	 0.62	 1.00	10.78	 0.97	324.65	271.82	276.76	254.44	277.37	0	50.89
2011	7	30	10.652	6054.4438	210.4438	29.4438	 0.95	 0.06	185.16	 3.31	 1.35	 1.00	10.80	 0.98	324.53	271.94	278.30	254.37	277.26	0	50.87
2011	7	30	13.317	6054.5547	210.5549	29.5549	 1.05	 0.05	182.87	 2.43	 7.87	 0.98	10.73	 1.25	325.06	276.14	281.05	 0.00	281.48	0	54.00
2011	7	30	13.779	6054.5742	210.5741	29.5741	 0.99	 0.08	187.10	 3.94	 2.53	 1.00	10.77	 1.18	325.20	277.18	280.29	258.65	284.40	0	51.73
2011	7	30	15.529	6054.6470	210.6471	29.6471	 1.08	 0.09	192.85	 4.28	 8.79	 1.00	10.75	 1.21	324.31	281.53	288.03	261.80	287.43	0	52.36
2011	7	30	15.993	6054.6665	210.6664	29.6664	 1.39	 0.11	189.52	 3.05	 6.81	 1.00	10.78	 1.21	323.73	282.68	289.44	264.19	288.85	0	52.84
2011	7	30	16.430	6054.6846	210.6846	29.6846	 1.25	 0.09	189.12	 3.05	 9.31	 0.99	10.75	 1.14	322.77	283.81	288.84	266.25	289.97	0	53.25
2011	7	30	18.646	6054.7769	210.7769	29.7769	 1.66	 0.13	186.40	 2.31	 2.73	 1.00	10.78	 1.06	324.17	286.61	291.64	266.34	293.23	0	53.27
2011	7	30	19.523	6054.8135	210.8134	29.8134	 1.81	 0.20	194.80	 3.10	 7.81	 1.00	10.73	 1.17	324.15	286.96	294.59	265.87	293.62	0	53.17
2011	7	30	19.961	6054.8315	210.8317	29.8317	 1.68	 0.20	195.52	 3.74	 7.44	 1.00	10.75	 1.11	324.15	286.85	294.42	262.32	293.57	0	52.46
2011	7	30	20.458	6054.8525	210.8524	29.8524	 1.64	 0.10	188.88	 1.84	 8.12	 0.98	10.77	 1.11	324.19	285.94	292.20	260.54	292.86	0	52.11
2011	7	30	23.555	6054.9814	210.9815	29.9815	 1.77	 0.10	192.14	 1.67	 6.43	 0.99	10.78	 1.17	323.84	277.99	283.02	254.70	283.88	0	50.94
2011	7	31	13.377	6055.5571	211.5574	30.5574	 1.43	 0.18	182.78	 4.41	28.78	 0.99	10.77	 1.05	326.73	268.30	264.97	255.91	274.30	0	51.18
2011	7	31	13.814	6055.5757	211.5756	30.5756	 1.44	 0.18	185.44	 4.46	13.74	 1.00	10.73	 1.16	326.57	271.09	274.92	256.53	272.93	0	51.31
2011	7	31	17.367	6055.7236	211.7236	30.7236	 1.50	 0.28	181.17	 6.23	34.61	 1.00	10.75	 1.25	325.99	283.28	286.24	265.43	288.23	0	53.09
2011	7	31	19.146	6055.7979	211.7978	30.7978	 1.01	 0.11	189.62	 5.77	12.05	 1.00	10.73	 1.24	326.02	284.66	289.06	264.94	289.95	0	52.99
2011	7	31	21.032	6055.8765	211.8763	30.8763	 0.88	 0.15	167.64	 8.87	22.27	 1.00	10.77	 1.07	325.92	281.03	283.51	255.84	287.27	0	51.17
2011	7	31	23.254	6055.9687	211.9689	30.9689	 1.03	 0.12	181.26	 5.64	 9.05	 1.00	10.78	 1.30	325.83	274.24	284.80	252.06	279.28	0	50.41
