2012	11	1	0.976	6514.0405	305.0407	0.0407	 0.88	 0.05	185.20	 2.98	 0.91	 1.00	10.72	 1.17	321.14	283.14	292.73	264.97	289.98	0	52.99
2012	11	1	2.294	6514.0957	305.0956	0.0956	 0.74	 0.04	186.93	 3.93	 4.93	 1.00	10.77	 1.09	321.73	281.90	288.55	265.01	288.77	0	53.00
2012	11	1	4.075	6514.1699	305.1698	0.1698	 0.66	 0.03	189.57	 2.92	 3.38	 0.98	10.85	 1.03	320.03	280.55	288.12	265.12	285.75	0	53.02
2012	11	1	5.857	6514.2441	305.2440	0.2440	 0.78	 0.05	189.89	 4.25	 3.49	 1.00	10.75	 1.15	324.47	279.64	286.87	263.04	285.84	0	52.61
2012	11	1	6.296	6514.2622	305.2623	0.2623	 0.77	 0.05	187.99	 4.29	 0.78	 1.00	10.73	 1.08	324.34	279.60	287.23	264.14	285.82	0	52.83
2012	11	1	7.201	6514.2998	305.3000	0.3000	 0.91	 0.06	188.88	 3.67	21.14	 0.95	10.80	 1.16	324.07	279.42	288.48	 0.00	287.03	0	54.00
2012	11	1	12.085	6514.5034	305.5035	0.5035	 0.77	 0.02	188.22	 2.00	 5.16	 0.92	10.75	 1.14	322.46	283.61	289.08	271.47	290.51	0	54.29
2012	11	1	12.960	6514.5400	305.5400	0.5400	 0.84	 0.39	177.86	26.19	1658.67	 0.82	10.75	 0.93	322.34	286.70	292.13	273.48	293.79	0	54.70
2012	11	1	13.398	6514.5581	305.5582	0.5582	120.29	 1.00	186.03	 0.00	429.25	 0.00	10.73	 1.21	323.41	288.39	298.05	274.19	297.97	0	54.84
2012	11	1	14.736	6514.6138	305.6140	0.6140	 0.85	 0.05	188.76	 3.65	 0.80	 1.00	10.73	 1.10	322.34	293.10	303.14	275.22	300.43	0	55.04
2012	11	1	16.514	6514.6880	305.6881	0.6881	 0.90	 0.09	194.44	 5.70	 5.03	 1.00	10.75	 1.13	322.21	296.74	307.74	279.73	303.52	0	55.95
2012	11	1	19.167	6514.7988	305.7986	0.7986	 0.72	 0.14	195.46	13.77	22.93	 1.00	10.77	 0.97	318.69	296.08	311.08	277.29	303.80	0	55.46
2012	11	1	20.945	6514.8726	305.8727	0.8727	 1.02	 0.10	192.85	 4.87	18.64	 0.99	10.73	 1.02	319.76	292.25	300.87	276.06	300.07	0	55.21
2012	11	1	22.260	6514.9272	305.9275	0.9275	 1.07	 0.09	197.26	 4.24	10.79	 1.00	10.77	 1.01	322.54	288.48	298.31	265.79	296.73	0	53.16
# Unit 3, Cerro Chajnantor CCAT, Filter  0,  Slot 1, 350 um (616) & yellow
#				days
#				since		day of	day of
# yr	mo	dy	 time	1/1/1995	year	month	Tau	unc	Tatm	unc	mse	fitgood	Etime	R	Thot	Twarm	Tchop	Tamb	<Tint>	Filter	Toff
# 1	2	3	4	5		6	7	8	9	10	11	12	13	14	15	16	17	18	19	20	21	22
2012	11	1	23.188	6514.9663	305.9662	0.9662	 1.08	 0.06	200.26	 2.65	 1.27	 1.00	10.73	 1.24	323.67	285.87	297.85	265.66	293.98	0	53.13
2012	11	1	23.627	6514.9844	305.9845	0.9845	 0.87	 0.12	190.44	 7.96	31.71	 0.99	10.77	 1.06	322.87	284.73	293.98	263.79	290.22	0	52.76
2012	11	2	0.064	6515.0024	306.0027	1.0027	 0.57	 0.06	211.65	10.35	24.95	 0.99	10.73	 1.09	321.79	283.67	292.77	262.98	290.36	0	52.60
2012	11	2	0.502	6515.0210	306.0209	1.0209	 0.57	 0.04	192.12	 5.97	 7.13	 0.99	10.75	 1.11	321.61	282.78	291.63	264.11	289.23	0	52.82
2012	11	2	0.966	6515.0400	306.0403	1.0402	 0.77	 0.04	181.74	 3.33	 2.01	 1.00	10.78	 1.14	321.54	282.24	289.57	264.97	287.39	0	52.99
2012	11	2	1.404	6515.0586	306.0585	1.0585	 0.57	 0.05	187.37	 7.28	 4.58	 1.00	10.77	 1.01	321.59	281.82	288.23	264.97	287.02	0	52.99
2012	11	2	2.723	6515.1133	306.1134	1.1134	 0.60	 0.06	180.38	 8.08	 1.93	 1.00	10.75	 1.01	321.51	280.91	285.74	265.04	287.62	0	53.01
2012	11	2	3.186	6515.1328	306.1328	1.1328	 0.74	 0.04	183.89	 3.35	10.78	 0.95	10.85	 1.10	321.60	280.58	289.09	265.08	288.74	0	53.02
2012	11	2	4.067	6515.1694	306.1695	1.1695	 0.77	 0.05	182.76	 4.06	 1.66	 1.00	10.85	 1.14	322.48	280.07	289.01	264.70	287.91	0	52.94
2012	11	2	7.628	6515.3179	306.3178	1.3178	 0.68	 0.05	181.32	 4.70	 3.39	 1.00	10.77	 1.07	322.17	278.57	285.70	 0.00	283.50	0	54.00
2012	11	2	8.065	6515.3359	306.3361	1.3361	 0.75	 0.05	176.60	 4.29	 2.31	 1.00	10.77	 1.10	323.16	278.40	287.33	262.55	285.93	0	52.51
2012	11	2	11.160	6515.4648	306.4650	1.4650	 0.59	 0.05	181.54	 6.91	12.76	 0.99	10.78	 1.08	321.18	280.01	285.86	267.61	286.30	0	53.52
2012	11	2	12.503	6515.5210	306.5210	1.5210	 0.32	 0.11	307.90	63.10	346.78	 0.89	10.78	 1.13	321.21	284.39	293.64	 0.00	291.55	0	54.00
2012	11	2	12.942	6515.5391	306.5392	1.5392	 0.69	 0.06	178.16	 5.62	11.91	 0.99	10.73	 1.12	320.31	285.99	294.50	273.48	293.29	0	54.70
2012	11	2	14.280	6515.5952	306.5950	1.5950	 0.89	 0.04	193.39	 2.44	 7.73	 0.96	10.78	 1.23	322.20	291.09	302.09	274.65	296.01	0	54.93
2012	11	2	15.596	6515.6499	306.6498	1.6498	 0.89	 0.04	188.25	 2.76	13.91	 0.92	10.73	 1.05	322.40	295.43	304.90	280.24	305.11	0	56.05
2012	11	2	16.494	6515.6870	306.6873	1.6872	 0.64	 0.06	191.73	 6.76	21.81	 0.97	10.75	 0.90	322.54	297.26	310.51	281.67	304.03	0	56.33
2012	11	2	17.372	6515.7236	306.7238	1.7238	 0.46	 0.06	185.57	12.61	97.56	 0.68	10.73	 0.76	319.87	298.08	308.26	282.30	302.95	0	56.46
2012	11	2	19.587	6515.8159	306.8161	1.8161	 0.82	 0.08	174.61	 5.58	10.92	 1.00	10.73	 1.00	320.19	295.86	306.57	277.37	303.68	0	55.47
2012	11	2	21.364	6515.8901	306.8902	1.8902	 0.93	 0.14	197.23	 8.61	39.07	 1.00	10.75	 1.15	321.53	291.77	306.10	274.99	299.83	0	55.00
2012	11	2	23.166	6515.9653	306.9652	1.9653	 1.19	 0.10	189.72	 3.76	 6.30	 1.00	10.75	 1.15	323.47	286.31	295.10	265.50	292.87	0	53.10
2012	11	3	0.043	6516.0020	307.0018	2.0018	 1.27	 0.10	169.73	 2.88	20.39	 0.96	10.73	 1.06	323.91	284.10	267.05	263.25	290.73	0	52.65
2012	11	3	0.923	6516.0386	307.0385	2.0384	 1.12	 0.05	181.82	 2.18	 5.75	 0.99	10.80	 1.28	324.03	282.46	284.55	264.86	287.45	0	52.97
2012	11	3	1.386	6516.0576	307.0578	2.0578	 0.62	 0.06	186.96	 6.79	 8.47	 1.00	10.77	 0.98	323.99	281.93	289.52	265.07	286.94	0	53.01
2012	11	3	1.826	6516.0762	307.0760	2.0761	 0.75	 0.04	189.74	 3.81	 8.14	 0.98	10.73	 1.14	323.80	281.54	289.32	265.02	288.01	0	53.00
2012	11	3	2.264	6516.0942	307.0943	2.0943	 0.74	 0.03	187.38	 2.94	 2.11	 1.00	10.75	 1.11	323.58	281.26	287.81	264.95	287.88	0	52.99
2012	11	3	3.610	6516.1504	307.1504	2.1504	 0.80	 0.05	188.00	 3.57	 4.50	 1.00	10.75	 1.12	323.65	280.78	288.14	264.87	287.34	0	52.97
2012	11	3	5.826	6516.2427	307.2428	2.2428	 0.81	 0.04	187.76	 3.02	 6.88	 0.98	10.78	 1.10	323.70	280.47	287.39	264.89	287.14	0	52.98
2012	11	3	6.264	6516.2612	307.2610	2.2610	 0.83	 0.05	185.76	 3.76	 2.46	 1.00	10.73	 1.14	323.59	280.45	289.11	 0.00	287.11	0	54.00
2012	11	3	6.704	6516.2793	307.2793	2.2793	 0.80	 0.04	189.30	 3.11	 1.95	 1.00	10.73	 1.17	323.50	280.42	287.23	264.91	285.61	0	52.98
2012	11	3	7.143	6516.2979	307.2976	2.2976	 0.77	 0.05	188.91	 3.95	10.65	 0.98	10.73	 1.12	323.54	280.36	289.59	 0.00	285.56	0	54.00
2012	11	3	8.043	6516.3350	307.3351	2.3351	 0.65	 0.04	192.77	 4.25	 1.41	 1.00	10.77	 1.04	323.54	280.22	288.71	264.91	 0.00	0	52.98
2012	11	3	8.919	6516.3716	307.3716	2.3716	 0.81	 0.06	181.92	 4.35	 2.49	 1.00	10.75	 1.12	323.54	280.07	287.69	264.91	286.59	0	52.98
2012	11	3	10.259	6516.4272	307.4275	2.4275	 0.82	 0.04	187.10	 2.98	 7.22	 0.98	10.78	 1.11	323.36	280.16	287.25	264.86	286.45	0	52.97
2012	11	3	10.698	6516.4458	307.4457	2.4457	 0.74	 0.06	189.75	 5.51	 1.80	 1.00	10.73	 1.09	323.22	280.83	287.76	267.18	288.66	0	53.44
2012	11	3	12.479	6516.5200	307.5199	2.5199	 0.79	 0.07	192.55	 5.79	14.94	 0.99	10.77	 1.13	323.73	286.39	293.59	275.09	293.59	0	55.02
2012	11	3	12.916	6516.5381	307.5382	2.5382	 0.86	 0.04	188.92	 2.62	 5.10	 0.99	10.75	 1.19	323.96	288.07	296.88	275.22	297.85	0	55.04
2012	11	3	13.794	6516.5747	307.5748	2.5748	 0.83	 0.05	184.37	 3.76	 1.30	 1.00	10.80	 1.09	324.08	291.39	298.27	277.64	298.85	0	55.53
2012	11	3	14.696	6516.6123	307.6123	2.6123	 0.92	 0.05	197.26	 2.91	 1.43	 1.00	10.77	 1.22	323.11	294.73	305.14	279.51	301.85	0	55.90
2012	11	3	15.134	6516.6304	307.6306	2.6306	 0.79	 0.03	192.28	 2.85	 1.94	 1.00	10.73	 1.04	321.96	296.19	307.29	281.06	303.39	0	56.21
2012	11	3	15.572	6516.6489	307.6488	2.6488	 0.82	 0.05	194.20	 3.60	 9.05	 0.98	10.75	 1.10	322.77	297.34	309.13	282.40	304.44	0	56.48
2012	11	3	16.449	6516.6855	307.6854	2.6854	 0.68	 0.07	176.83	 7.33	 2.16	 1.00	10.77	 0.92	319.73	298.71	311.29	282.66	305.60	0	56.53
2012	11	3	19.567	6516.8154	307.8153	2.8153	 0.65	 0.08	185.40	 9.37	36.53	 0.98	10.77	 0.96	321.11	297.25	311.31	279.63	307.28	0	55.93
2012	11	3	20.442	6516.8516	307.8518	2.8518	 0.97	 0.12	196.36	 7.03	10.48	 1.00	10.75	 1.22	321.40	295.29	312.36	277.59	303.28	0	55.52
2012	11	3	20.881	6516.8701	307.8700	2.8700	 0.62	 0.08	191.09	10.56	39.22	 0.98	10.73	 0.96	321.41	294.17	305.34	276.45	 0.00	0	55.29
2012	11	4	2.678	6517.1118	308.1116	3.1116	 0.97	 0.05	184.18	 2.64	 2.56	 1.00	10.73	 1.23	322.68	281.45	291.47	265.84	289.73	0	53.17
2012	11	4	3.117	6517.1299	308.1299	3.1299	 0.84	 0.04	187.49	 3.14	 2.09	 1.00	10.73	 1.17	322.93	281.50	289.80	266.05	289.71	0	53.21
2012	11	4	3.556	6517.1479	308.1482	3.1481	 0.76	 0.05	185.58	 4.16	 4.48	 1.00	10.72	 1.09	323.09	281.55	290.48	266.12	288.24	0	53.22
2012	11	4	4.458	6517.1855	308.1857	3.1857	 0.88	 0.05	184.74	 3.14	 3.86	 1.00	10.75	 1.16	322.95	281.51	289.89	264.89	288.20	0	52.98
2012	11	4	4.897	6517.2041	308.2040	3.2040	 0.68	 0.03	190.36	 3.64	 3.70	 0.99	10.73	 1.08	322.97	281.44	286.92	264.88	289.63	0	52.98
2012	11	4	6.238	6517.2598	308.2599	3.2599	 0.76	 0.04	186.24	 3.76	 7.76	 0.99	10.75	 1.09	323.03	281.21	289.17	264.82	287.90	0	52.96
2012	11	4	7.116	6517.2964	308.2965	3.2965	 0.73	 0.03	180.61	 3.05	 3.66	 0.99	10.75	 1.07	323.04	281.06	287.99	264.93	289.17	0	52.99
2012	11	4	7.553	6517.3149	308.3147	3.3147	 0.92	 0.05	189.37	 3.16	 9.59	 0.98	10.72	 1.22	323.12	280.87	290.98	265.00	287.45	0	53.00
2012	11	4	9.332	6517.3887	308.3888	3.3888	 0.70	 0.05	177.06	 4.53	 3.34	 1.00	10.73	 0.99	324.62	279.62	277.11	 0.00	285.58	0	54.00
2012	11	4	9.770	6517.4072	308.4071	3.4071	 0.66	 0.05	183.87	 5.73	 2.95	 1.00	10.77	 1.03	324.10	279.28	283.21	259.84	 0.00	0	51.97
2012	11	4	13.325	6517.5552	308.5552	3.5552	 0.70	 0.06	199.02	 6.10	 5.87	 1.00	10.75	 1.12	323.91	285.21	291.70	278.05	290.20	0	55.61
2012	11	4	15.541	6517.6475	308.6476	3.6475	 0.75	 0.04	189.73	 3.35	11.72	 0.94	10.73	 1.06	322.92	295.84	307.05	282.89	303.17	0	56.58
2012	11	4	16.416	6517.6841	308.6840	3.6840	 0.90	 0.05	201.88	 3.50	 2.06	 1.00	10.73	 1.18	323.32	298.27	310.66	285.25	303.12	0	57.05
2012	11	4	16.853	6517.7021	308.7022	3.7022	 0.71	 0.04	201.92	 3.85	 7.18	 0.98	10.75	 1.00	322.76	299.06	313.15	286.18	307.33	0	57.24
2012	11	4	17.317	6517.7217	308.7216	3.7216	 0.88	 0.05	199.48	 3.57	 7.98	 0.99	10.77	 1.01	322.39	299.57	311.54	287.13	304.51	0	57.43
2012	11	4	18.193	6517.7578	308.7581	3.7580	 0.67	 0.09	182.62	 8.97	43.62	 0.97	10.77	 0.82	324.50	299.95	313.27	286.59	307.16	0	57.32
2012	11	4	18.632	6517.7764	308.7763	3.7763	 1.05	 0.13	191.42	 5.97	23.22	 1.00	10.73	 1.12	324.01	299.82	312.82	285.66	307.33	0	57.13
2012	11	4	20.410	6517.8506	308.8504	3.8504	 0.83	 0.07	200.37	 5.70	 7.32	 1.00	10.77	 1.12	323.85	297.07	309.66	281.01	307.48	0	56.20
2012	11	4	20.847	6517.8687	308.8686	3.8686	 0.96	 0.08	193.52	 4.35	 8.49	 1.00	10.73	 1.14	323.80	295.89	311.65	279.71	303.91	0	55.94
2012	11	4	23.995	6518.0000	308.9998	3.9998	 1.14	 0.05	204.24	 2.33	 2.58	 1.00	10.77	 1.11	324.69	286.20	296.78	265.39	294.19	0	53.08
2012	11	5	0.435	6518.0181	309.0181	4.0181	 1.15	 0.04	199.82	 1.68	 6.20	 0.96	10.77	 1.17	324.51	285.46	293.71	265.14	293.44	0	53.03
2012	11	5	0.874	6518.0366	309.0364	4.0364	 1.29	 0.08	199.96	 2.47	 3.55	 1.00	10.73	 1.12	325.06	284.91	293.31	 0.00	291.90	0	54.00
2012	11	5	1.751	6518.0728	309.0730	4.0730	 1.19	 0.07	200.86	 2.79	 6.49	 1.00	10.72	 1.09	325.07	283.96	291.75	264.99	290.34	0	53.00
2012	11	5	2.219	6518.0923	309.0925	4.0925	 1.15	 0.07	203.31	 2.81	 7.27	 0.99	10.85	 1.15	324.83	283.63	292.28	266.64	290.08	0	53.33
2012	11	5	2.659	6518.1108	309.1108	4.1108	 1.09	 0.07	194.46	 3.05	 3.73	 1.00	10.80	 1.05	324.76	283.46	288.89	266.65	289.93	0	53.33
2012	11	5	3.537	6518.1475	309.1474	4.1474	 1.16	 0.06	198.90	 2.27	 4.96	 0.99	10.73	 1.12	324.78	283.21	291.87	266.77	289.72	0	53.35
2012	11	5	3.975	6518.1655	309.1656	4.1656	 0.89	 0.04	192.52	 2.46	 4.08	 0.99	10.73	 0.97	324.76	283.10	288.32	266.30	289.59	0	53.26
2012	11	5	5.317	6518.2217	309.2215	4.2215	 0.92	 0.05	187.26	 2.74	 4.09	 1.00	10.73	 1.03	324.30	282.74	290.04	266.03	 0.00	0	53.21
2012	11	5	5.755	6518.2397	309.2398	4.2398	 0.91	 0.05	191.92	 2.91	 6.52	 0.99	10.75	 1.05	323.46	282.57	292.23	265.00	289.20	0	53.00
2012	11	5	6.194	6518.2583	309.2581	4.2581	 0.94	 0.04	189.89	 2.40	 3.89	 0.99	10.73	 1.09	324.88	282.37	290.20	264.91	288.77	0	52.98
2012	11	5	7.979	6518.3325	309.3325	4.3325	 0.74	 0.05	184.96	 4.11	 4.80	 1.00	10.80	 1.15	324.89	281.71	289.20	264.86	288.10	0	52.97
2012	11	5	8.416	6518.3506	309.3507	4.3507	 0.64	 0.04	183.37	 5.02	 3.80	 1.00	10.73	 1.07	324.89	281.57	288.39	264.87	287.91	0	52.97
2012	11	5	9.757	6518.4067	309.4065	4.4065	 0.69	 0.04	184.14	 3.80	 7.42	 0.98	10.78	 1.06	325.04	281.12	289.88	264.85	285.97	0	52.97
2012	11	5	13.314	6518.5547	309.5547	4.5547	 0.95	 0.06	196.47	 3.40	 7.92	 0.99	10.73	 1.18	325.36	289.83	299.31	 0.00	296.93	0	54.00
2012	11	5	14.189	6518.5913	309.5912	4.5912	 0.92	 0.04	198.27	 2.44	 8.99	 0.95	10.72	 1.16	323.80	293.09	300.63	276.51	297.94	0	55.30
2012	11	5	17.745	6518.7393	309.7394	4.7394	 1.25	 0.08	200.63	 2.84	 6.96	 1.00	10.77	 1.13	322.93	300.24	311.41	284.34	307.51	0	56.87
2012	11	5	18.621	6518.7759	309.7759	4.7759	 1.15	 0.08	201.08	 3.27	 5.04	 1.00	10.73	 1.12	323.20	299.79	313.64	283.70	307.43	0	56.74
2012	11	5	19.496	6518.8125	309.8123	4.8123	 1.25	 0.08	198.14	 2.74	 3.86	 1.00	10.73	 1.10	323.13	298.61	311.84	284.75	304.55	0	56.95
2012	11	6	0.859	6519.0356	310.0358	5.0358	 1.00	 0.05	199.50	 2.98	 2.04	 1.00	10.73	 1.17	324.01	283.84	294.69	264.34	291.60	0	52.87
2012	11	6	1.299	6519.0542	310.0541	5.0541	 0.95	 0.05	193.93	 3.05	 5.34	 1.00	10.78	 1.14	323.61	283.17	291.83	265.02	289.54	0	53.00
2012	11	6	1.737	6519.0723	310.0724	5.0724	 1.01	 0.05	191.10	 2.36	 6.84	 0.98	10.75	 1.17	323.63	282.77	292.04	264.91	290.70	0	52.98
2012	11	6	2.177	6519.0908	310.0907	5.0907	 0.91	 0.04	189.16	 2.74	 6.40	 0.99	10.73	 1.12	323.59	282.38	291.05	264.91	288.90	0	52.98
2012	11	6	3.078	6519.1284	310.1283	5.1283	 0.89	 0.05	192.23	 3.25	 4.19	 1.00	10.73	 1.09	323.80	281.84	290.01	264.93	288.48	0	52.99
2012	11	6	3.954	6519.1646	310.1648	5.1648	 0.94	 0.04	192.17	 2.66	 6.22	 0.99	10.73	 1.14	324.54	281.47	288.31	264.96	286.46	0	52.99
2012	11	6	4.857	6519.2021	310.2024	5.2024	 0.88	 0.05	191.70	 3.25	10.41	 0.98	10.78	 1.08	324.02	281.09	289.08	264.93	 0.00	0	52.99
2012	11	6	5.733	6519.2388	310.2389	5.2389	 0.93	 0.06	194.05	 3.67	 8.66	 0.99	10.73	 1.18	323.01	280.77	288.84	264.96	285.86	0	52.99
2012	11	6	6.172	6519.2573	310.2571	5.2572	 0.86	 0.05	189.52	 3.44	 7.74	 0.99	10.73	 1.11	323.33	280.62	285.56	265.00	285.76	0	53.00
2012	11	6	7.077	6519.2949	310.2949	5.2949	 0.91	 0.05	197.75	 3.20	 2.18	 1.00	10.83	 1.06	321.46	280.21	289.16	264.96	285.58	0	52.99
2012	11	6	14.590	6519.6079	310.6079	5.6079	 0.76	 0.06	183.73	 4.85	 6.28	 1.00	10.75	 1.13	324.28	285.51	291.84	274.47	292.20	0	54.89
2012	11	6	15.029	6519.6260	310.6262	5.6262	 0.96	 0.04	184.24	 2.14	 0.60	 1.00	10.85	 1.23	322.93	288.08	296.00	275.43	292.17	0	55.09
2012	11	6	16.371	6519.6821	310.6821	5.6821	 0.54	 0.05	180.32	 6.95	13.91	 0.97	10.73	 0.98	324.48	293.44	304.86	279.87	299.98	0	55.97
2012	11	6	20.364	6519.8486	310.8485	5.8485	 0.86	 0.07	188.84	 4.82	26.48	 0.97	10.80	 1.04	323.60	294.49	307.51	278.84	304.22	0	55.77
2012	11	6	23.019	6519.9590	310.9591	5.9591	 0.98	 0.09	186.84	 4.68	 3.84	 1.00	10.72	 1.01	324.70	287.42	296.87	265.58	294.45	0	53.12
2012	11	7	2.142	6520.0894	311.0892	6.0892	 0.59	 0.06	170.30	 6.82	 6.03	 1.00	10.75	 1.09	325.34	280.98	287.34	262.75	287.22	0	52.55
2012	11	7	3.923	6520.1636	311.1635	6.1634	 0.74	 0.06	161.69	 4.56	 8.74	 0.99	10.78	 1.19	325.32	279.66	286.26	263.39	287.31	0	52.68
2012	11	7	4.361	6520.1816	311.1817	6.1817	 0.55	 0.04	161.44	 4.61	 8.76	 0.94	10.72	 1.04	325.30	279.46	286.92	263.52	285.60	0	52.70
2012	11	7	5.263	6520.2192	311.2193	6.2193	 0.71	 0.05	163.22	 4.41	 3.61	 1.00	10.77	 1.11	325.37	279.13	285.94	263.55	286.81	0	52.71
2012	11	7	6.579	6520.2739	311.2741	6.2741	 0.67	 0.05	174.31	 4.59	 6.12	 0.99	10.70	 1.15	325.29	278.78	286.24	 0.00	284.89	0	54.00
2012	11	7	7.482	6520.3115	311.3118	6.3118	 0.58	 0.05	164.28	 6.42	 7.51	 0.99	10.80	 1.11	325.39	278.56	284.60	263.45	284.65	0	52.69
2012	11	7	9.243	6520.3853	311.3851	6.3851	 0.72	 0.05	164.31	 3.88	16.15	 0.92	10.82	 1.20	325.16	278.25	287.00	 0.00	283.00	0	54.00
2012	11	7	9.707	6520.4043	311.4044	6.4045	 0.59	 0.06	165.81	 6.63	 2.81	 1.00	10.75	 1.09	325.27	278.20	285.82	264.84	284.24	0	52.97
2012	11	7	10.146	6520.4229	311.4228	6.4228	 0.50	 0.05	177.23	 7.67	16.89	 0.95	10.77	 1.11	325.25	278.70	286.38	264.75	284.52	0	52.95
2012	11	7	11.024	6520.4595	311.4594	6.4593	 0.51	 0.04	176.34	 6.87	 8.00	 0.99	10.75	 1.13	325.19	280.14	286.98	266.79	 0.00	0	53.36
2012	11	7	14.579	6520.6074	311.6075	6.6075	 0.88	 0.03	203.91	 2.42	13.43	 0.87	10.73	 1.23	325.72	288.41	297.34	279.02	292.62	0	55.80
2012	11	7	15.016	6520.6255	311.6257	6.6257	 1.14	 0.07	179.69	 2.56	24.35	 0.88	10.73	 1.03	325.89	290.95	297.14	280.98	297.49	0	56.20
2012	11	7	15.892	6520.6621	311.6622	6.6622	 1.30	 0.08	182.69	 2.51	20.31	 0.94	10.73	 1.08	324.32	294.69	303.98	281.02	301.45	0	56.20
2012	11	7	18.105	6520.7544	311.7544	6.7544	 0.55	 0.07	194.64	10.80	20.85	 0.99	10.75	 0.89	320.57	297.54	306.98	280.50	304.42	0	56.10
2012	11	7	19.448	6520.8105	311.8103	6.8103	 0.64	 0.07	204.74	 8.48	14.37	 1.00	10.78	 1.05	320.45	296.11	309.45	 0.00	304.07	0	54.00
2012	11	7	19.886	6520.8286	311.8286	6.8286	 0.92	 0.07	192.74	 4.37	 1.05	 1.00	10.73	 1.18	320.48	295.33	310.00	 0.00	303.67	0	54.00
2012	11	7	20.326	6520.8472	311.8469	6.8469	 0.71	 0.07	174.76	 6.11	23.51	 0.97	10.77	 1.04	320.44	294.37	310.94	 0.00	302.32	0	54.00
2012	11	7	23.006	6520.9585	311.9586	6.9586	 1.12	 0.05	188.33	 2.20	 2.55	 1.00	10.80	 1.06	324.23	286.29	299.22	264.29	293.21	0	52.86
2012	11	7	23.445	6520.9771	311.9769	6.9769	 0.92	 0.06	193.31	 3.45	 9.20	 0.99	10.73	 1.07	324.06	284.95	294.29	262.63	292.00	0	52.53
2012	11	7	23.883	6520.9951	311.9951	6.9951	 0.99	 0.05	196.76	 2.56	 6.17	 0.99	10.75	 1.22	323.36	283.87	294.73	262.60	290.22	0	52.52
2012	11	8	0.322	6521.0132	312.0134	7.0134	 0.82	 0.05	188.08	 3.40	 7.44	 0.99	10.73	 1.10	323.89	283.01	290.59	263.03	290.21	0	52.61
2012	11	8	1.250	6521.0522	312.0521	7.0521	 0.90	 0.05	190.33	 3.28	 6.68	 0.99	10.77	 1.11	324.93	281.87	288.51	265.11	288.04	0	53.02
2012	11	8	2.567	6521.1069	312.1069	7.1069	 0.99	 0.04	195.64	 1.93	 2.71	 0.99	10.75	 1.20	324.80	281.08	289.81	265.04	287.38	0	53.01
2012	11	8	3.912	6521.1631	312.1630	7.1630	 0.94	 0.04	191.14	 2.21	 4.85	 0.98	10.77	 1.10	324.90	280.68	288.33	264.96	287.11	0	52.99
2012	11	8	5.228	6521.2178	312.2178	7.2178	 1.00	 0.07	194.36	 3.43	 3.83	 1.00	10.73	 1.17	324.97	280.51	288.55	264.94	285.39	0	52.99
2012	11	8	5.693	6521.2373	312.2372	7.2372	 0.94	 0.06	193.57	 3.26	 5.27	 1.00	10.78	 1.18	324.99	280.44	288.18	264.94	286.72	0	52.99
2012	11	8	7.009	6521.2920	312.2921	7.2920	 0.77	 0.05	189.60	 4.62	 1.87	 1.00	10.77	 1.09	324.84	280.23	286.83	264.92	286.41	0	52.98
2012	11	8	7.449	6521.3105	312.3104	7.3104	 0.75	 0.04	187.85	 3.07	10.74	 0.93	10.75	 1.05	324.86	280.17	285.01	264.91	286.37	0	52.98
2012	11	8	8.790	6521.3662	312.3663	7.3663	 0.54	 0.04	184.26	 6.69	11.17	 0.98	10.77	 1.00	324.93	280.01	284.23	264.90	286.35	0	52.98
2012	11	8	10.573	6521.4404	312.4406	7.4406	 0.50	 0.05	184.57	 8.30	 6.14	 1.00	10.73	 1.04	324.89	280.96	286.87	267.12	288.74	0	53.42
2012	11	8	11.454	6521.4771	312.4773	7.4773	 0.55	 0.05	183.92	 6.70	 3.00	 1.00	10.78	 1.14	325.06	282.94	289.49	269.91	289.36	0	53.98
2012	11	8	12.357	6521.5146	312.5149	7.5149	 0.61	 0.05	173.51	 5.54	 4.26	 1.00	10.77	 1.09	325.30	285.96	293.36	274.89	295.16	0	54.98
2012	11	8	13.233	6521.5513	312.5514	7.5514	 0.65	 0.04	173.45	 4.25	 3.72	 1.00	10.85	 1.08	325.39	289.29	298.72	277.10	296.06	0	55.42
2012	11	8	13.672	6521.5698	312.5697	7.5697	 0.71	 0.03	179.21	 2.73	 2.46	 0.99	10.75	 1.11	324.72	290.99	299.87	275.95	298.26	0	55.19
2012	11	8	14.111	6521.5879	312.5880	7.5880	 0.83	 0.04	174.72	 2.95	 8.23	 0.97	10.75	 1.12	325.26	292.59	301.19	277.03	299.55	0	55.41
2012	11	8	15.454	6521.6440	312.6439	7.6439	 0.48	 0.06	193.34	12.49	21.61	 0.99	10.73	 1.04	324.68	295.89	305.87	276.24	302.99	0	55.25
2012	11	8	17.230	6521.7178	312.7179	7.7179	 0.43	 0.06	195.64	13.97	49.84	 0.90	10.75	 0.93	321.11	297.60	309.82	278.28	306.61	0	55.66
2012	11	8	19.009	6521.7920	312.7920	7.7920	 0.86	 0.07	195.87	 4.62	11.85	 0.99	10.82	 1.27	321.27	296.33	308.69	277.34	303.99	0	55.47
2012	11	8	19.884	6521.8286	312.8285	7.8285	 0.55	 0.12	189.40	19.06	11.41	 1.00	10.73	 0.88	321.23	294.84	307.19	277.89	300.67	0	55.58
2012	11	8	20.323	6521.8467	312.8468	7.8468	 0.85	 0.09	181.12	 6.29	32.21	 0.98	10.78	 1.06	321.17	294.00	306.99	278.15	304.17	0	55.63
2012	11	8	22.978	6521.9575	312.9574	7.9574	 0.95	 0.10	187.02	 5.54	 6.84	 1.00	10.73	 1.17	324.32	286.43	294.54	264.34	293.17	0	52.87
2012	11	8	23.440	6521.9766	312.9767	7.9767	 0.61	 0.09	188.03	10.83	23.50	 0.99	10.78	 0.92	324.17	284.91	293.76	262.69	291.51	0	52.54
2012	11	8	23.880	6521.9951	312.9950	7.9950	 0.56	 0.06	183.74	 8.17	 4.31	 1.00	10.73	 1.09	323.48	283.65	289.74	261.89	290.05	0	52.38
2012	11	9	0.318	6522.0132	313.0132	8.0132	 0.41	 0.06	194.19	16.07	25.63	 0.98	10.73	 0.99	325.36	282.48	290.20	261.63	288.47	0	52.33
2012	11	9	1.682	6522.0703	313.0701	8.0701	 0.60	 0.04	173.09	 5.11	 3.75	 1.00	10.77	 1.03	325.26	280.71	288.23	263.57	288.31	0	52.71
2012	11	9	2.558	6522.1064	313.1066	8.1066	 0.77	 0.04	179.80	 3.13	 5.50	 0.99	10.72	 1.23	325.11	280.19	289.81	264.99	286.51	0	53.00
2012	11	9	3.437	6522.1431	313.1432	8.1432	 0.54	 0.05	182.09	 6.98	 9.03	 0.99	10.80	 1.05	325.19	279.76	285.56	263.58	286.15	0	52.72
2012	11	9	4.781	6522.1992	313.1992	8.1992	 0.65	 0.05	181.88	 5.68	 3.74	 1.00	10.75	 1.20	325.37	279.07	287.50	262.77	285.26	0	52.55
2012	11	9	5.222	6522.2178	313.2176	8.2176	 0.51	 0.06	174.94	 9.22	 6.36	 1.00	10.75	 1.06	325.30	278.88	283.61	263.03	285.04	0	52.61
2012	11	9	5.664	6522.2358	313.2360	8.2360	 0.65	 0.04	173.65	 4.67	 2.37	 1.00	10.72	 1.19	325.20	278.76	286.36	263.41	284.89	0	52.68
2012	11	9	7.444	6522.3101	313.3102	8.3102	 0.51	 0.05	170.81	 8.26	17.40	 0.97	10.73	 1.07	325.01	278.41	283.85	262.95	284.53	0	52.59
2012	11	9	8.782	6522.3657	313.3659	8.3659	 0.68	 0.05	167.21	 4.93	 9.04	 0.99	10.78	 1.23	324.99	278.28	285.74	 0.00	285.78	0	54.00
2012	11	9	9.222	6522.3843	313.3842	8.3843	 0.72	 0.05	166.96	 3.75	 5.24	 0.99	10.73	 1.22	324.89	278.30	286.26	263.57	284.36	0	52.71
2012	11	9	10.101	6522.4209	313.4209	8.4209	 0.62	 0.06	160.90	 5.91	 7.11	 0.99	10.73	 1.13	325.04	278.59	283.18	264.94	283.08	0	52.99
2012	11	9	11.442	6522.4766	313.4767	8.4768	 0.50	 0.04	167.68	 6.73	 8.72	 0.98	10.80	 1.08	325.09	280.95	286.80	265.96	287.04	0	53.19
2012	11	9	11.881	6522.4951	313.4950	8.4950	 0.49	 0.04	169.58	 7.09	 2.06	 1.00	10.77	 1.08	325.21	282.34	288.74	269.72	288.59	0	53.94
2012	11	9	12.782	6522.5327	313.5326	8.5326	 0.61	 0.05	167.08	 5.60	10.08	 0.98	10.80	 1.15	325.32	285.52	291.68	272.25	292.24	0	54.45
2012	11	9	13.221	6522.5508	313.5508	8.5509	 0.64	 0.05	162.63	 5.58	 6.93	 0.99	10.75	 1.15	325.47	286.99	294.45	271.14	293.96	0	54.23
2012	11	9	14.098	6522.5874	313.5874	8.5874	 0.61	 0.05	178.07	 5.49	 6.86	 0.99	10.75	 1.17	325.67	289.84	299.25	270.97	296.76	0	54.19
2012	11	9	14.537	6522.6060	313.6057	8.6057	 0.76	 0.07	168.31	 5.75	12.82	 0.99	10.87	 1.23	325.74	291.26	299.96	271.82	297.76	0	54.36
2012	11	9	15.001	6522.6250	313.6250	8.6250	 0.61	 0.08	169.34	 8.90	30.86	 0.98	10.80	 1.06	325.71	292.47	301.68	272.79	299.23	0	54.56
2012	11	9	15.439	6522.6431	313.6433	8.6433	 0.67	 0.05	180.06	 5.42	 9.45	 0.99	10.75	 1.21	325.95	293.54	302.33	274.26	300.23	0	54.85
2012	11	9	16.316	6522.6797	313.6798	8.6798	 0.51	 0.09	178.51	14.15	86.26	 0.91	10.75	 1.01	325.74	295.23	305.58	275.48	301.60	0	55.10
2012	11	9	16.753	6522.6982	313.6981	8.6981	 0.46	 0.08	184.29	15.68	22.81	 0.99	10.73	 0.99	325.76	295.77	305.31	276.35	302.33	0	55.27
2012	11	9	17.655	6522.7358	313.7356	8.7356	 0.69	 0.07	174.25	 7.00	11.74	 1.00	10.73	 1.10	325.86	296.42	307.44	278.01	303.21	0	55.60
2012	11	9	19.431	6522.8096	313.8096	8.8096	 0.60	 0.08	191.14	10.30	13.94	 1.00	10.78	 1.08	325.62	295.50	305.16	279.29	305.29	0	55.86
2012	11	9	19.871	6522.8281	313.8280	8.8280	 1.12	 0.12	181.51	 4.69	13.87	 1.00	10.80	 1.24	325.49	294.99	306.85	277.83	302.67	0	55.57
2012	11	9	21.653	6522.9023	313.9022	8.9022	 0.97	 0.08	196.95	 4.47	 4.89	 1.00	10.78	 1.13	325.34	291.42	303.92	274.67	298.88	0	54.93
2012	11	9	22.967	6522.9570	313.9570	8.9570	 1.06	 0.05	201.29	 2.67	 5.88	 0.99	10.73	 1.21	325.57	287.30	299.44	265.68	292.90	0	53.14
2012	11	9	23.404	6522.9751	313.9752	8.9752	 0.91	 0.06	188.31	 3.96	 3.78	 1.00	10.75	 1.23	325.46	285.95	297.20	264.05	292.59	0	52.81
2012	11	9	23.866	6522.9946	313.9944	8.9944	 0.84	 0.06	170.49	 3.64	 7.80	 0.99	10.77	 1.11	325.58	284.62	295.22	262.91	292.36	0	52.58
2012	11	10	0.304	6523.0127	314.0127	9.0127	 0.70	 0.05	172.11	 4.82	 2.12	 1.00	10.73	 1.18	325.39	283.72	292.62	265.16	290.06	0	53.03
2012	11	10	0.741	6523.0308	314.0309	9.0309	 0.61	 0.04	176.39	 5.14	10.10	 0.98	10.73	 1.14	325.33	283.06	291.70	265.04	288.76	0	53.01
2012	11	10	3.862	6523.1611	314.1609	9.1609	 0.62	 0.04	172.57	 4.92	 1.02	 1.00	10.73	 1.15	325.18	280.64	288.22	264.93	285.65	0	52.99
2012	11	10	4.762	6523.1982	314.1984	9.1984	 0.71	 0.06	175.25	 5.36	 6.82	 1.00	10.73	 1.24	325.07	280.35	289.21	264.93	286.73	0	52.99
2012	11	10	6.540	6523.2725	314.2725	9.2725	 0.81	 0.07	173.03	 5.06	 8.89	 1.00	10.75	 1.17	325.34	279.85	288.23	264.93	284.84	0	52.99
2012	11	10	7.856	6523.3271	314.3273	9.3273	 0.56	 0.04	177.73	 5.76	 6.97	 0.99	10.80	 1.07	325.42	279.70	284.33	264.94	285.97	0	52.99
2012	11	10	8.295	6523.3457	314.3456	9.3456	 0.49	 0.06	181.27	10.34	 4.04	 1.00	10.75	 1.03	325.37	279.62	284.98	264.93	285.81	0	52.99
2012	11	10	10.079	6523.4199	314.4200	9.4200	 0.48	 0.04	183.34	 7.34	 7.19	 0.99	10.73	 1.04	325.59	279.70	284.07	264.83	285.59	0	52.97
2012	11	10	10.517	6523.4380	314.4382	9.4382	 0.63	 0.05	177.45	 5.71	 9.84	 0.99	10.75	 1.13	325.63	280.26	286.18	265.36	284.69	0	53.07
2012	11	10	11.418	6523.4756	314.4757	9.4757	 0.66	 0.07	176.41	 7.42	 4.95	 1.00	10.78	 1.11	325.71	282.12	289.10	267.32	286.53	0	53.46
2012	11	10	14.513	6523.6045	314.6047	9.6047	 0.57	 0.06	188.72	 8.42	 4.25	 1.00	10.73	 1.04	325.76	291.44	302.29	273.01	298.27	0	54.60
2012	11	10	15.413	6523.6421	314.6422	9.6422	 0.70	 0.07	184.10	 6.38	 7.64	 1.00	10.75	 1.13	325.97	293.99	303.65	276.43	300.49	0	55.29
2012	11	10	16.727	6523.6968	314.6970	9.6970	 0.69	 0.05	184.16	 5.12	12.89	 0.98	10.82	 1.10	326.10	296.75	308.28	280.21	305.94	0	56.04
2012	11	10	17.165	6523.7153	314.7152	9.7152	 0.49	 0.08	192.27	14.15	36.86	 0.98	10.73	 0.99	325.28	297.26	306.92	279.48	304.01	0	55.90
2012	11	10	17.626	6523.7344	314.7344	9.7344	 0.70	 0.07	192.33	 7.69	26.92	 0.98	10.77	 1.09	324.52	297.61	307.21	281.99	304.44	0	56.40
2012	11	10	18.065	6523.7529	314.7527	9.7527	 0.79	 0.06	195.66	 5.13	 5.67	 1.00	10.72	 1.07	324.17	297.74	308.84	281.35	304.77	0	56.27
2012	11	10	19.377	6523.8076	314.8074	9.8074	 0.68	 0.05	195.11	 5.98	 2.36	 1.00	10.73	 1.02	324.41	297.03	310.30	280.32	304.66	0	56.06
2012	11	10	19.841	6523.8267	314.8267	9.8267	 0.88	 0.09	194.14	 6.40	10.80	 1.00	10.75	 1.03	324.39	296.34	311.30	 0.00	306.45	0	54.00
2012	11	10	20.720	6523.8633	314.8633	9.8633	 0.93	 0.10	186.77	 6.04	10.82	 1.00	10.82	 0.98	324.19	294.69	307.23	278.51	302.41	0	55.70
2012	11	10	21.596	6523.8999	314.8998	9.8998	 0.98	 0.07	197.02	 3.72	12.04	 0.99	10.90	 1.10	324.25	292.63	305.26	275.99	301.76	0	55.20
2012	11	10	22.939	6523.9556	314.9558	9.9558	 1.00	 0.07	199.84	 3.71	 2.64	 1.00	10.72	 1.10	324.93	288.26	300.06	265.65	296.09	0	53.13
2012	11	11	0.721	6524.0303	315.0300	10.0300	 0.76	 0.06	183.09	 4.86	 4.26	 1.00	10.82	 1.16	324.67	284.01	294.02	265.12	290.50	0	53.02
2012	11	11	1.161	6524.0483	315.0484	10.0484	 0.65	 0.05	178.51	 5.38	 6.47	 1.00	10.75	 1.12	324.67	283.43	290.83	264.86	289.82	0	52.97
2012	11	11	2.037	6524.0850	315.0849	10.0849	 0.69	 0.05	174.48	 4.78	 4.55	 1.00	10.73	 1.09	324.17	282.61	290.82	264.96	289.16	0	52.99
2012	11	11	2.525	6524.1050	315.1052	10.1052	 0.66	 0.04	180.95	 4.50	 1.86	 1.00	10.77	 1.14	324.28	282.24	290.51	 0.00	288.71	0	54.00
2012	11	11	3.401	6524.1416	315.1417	10.1417	 0.55	 0.04	176.65	 6.09	 7.70	 0.99	10.73	 1.09	324.93	281.70	286.65	264.91	289.56	0	52.98
2012	11	11	3.840	6524.1602	315.1600	10.1600	 0.55	 0.04	181.96	 6.19	 7.32	 0.99	10.80	 1.10	325.20	281.48	289.18	264.94	286.50	0	52.99
2012	11	11	4.742	6524.1978	315.1976	10.1976	 0.64	 0.04	177.62	 4.64	 6.95	 0.99	10.78	 1.14	325.32	281.12	287.44	264.89	287.50	0	52.98
2012	11	11	5.182	6524.2158	315.2159	10.2159	 0.65	 0.04	177.49	 4.06	 3.05	 1.00	10.73	 1.19	325.25	281.04	288.96	264.86	287.42	0	52.97
2012	11	11	5.622	6524.2344	315.2343	10.2343	 0.75	 0.05	172.40	 3.70	 4.69	 0.99	10.75	 1.21	325.28	280.92	288.51	264.91	285.90	0	52.98
2012	11	11	6.964	6524.2900	315.2902	10.2902	 0.62	 0.05	173.76	 5.60	 1.70	 1.00	10.75	 1.06	325.03	280.62	288.92	264.87	287.03	0	52.97
2012	11	11	7.403	6524.3086	315.3084	10.3084	 0.55	 0.04	175.09	 5.98	16.52	 0.93	10.77	 1.05	325.00	280.65	285.57	264.84	285.64	0	52.97
2012	11	11	7.843	6524.3267	315.3268	10.3268	 0.62	 0.04	176.19	 4.97	 5.74	 0.99	10.75	 1.09	325.15	280.62	288.14	264.82	 0.00	0	52.96
2012	11	11	8.281	6524.3452	315.3451	10.3451	 0.65	 0.04	179.92	 3.90	 1.39	 1.00	10.78	 1.13	325.18	280.58	288.02	264.82	288.26	0	52.96
2012	11	11	10.063	6524.4194	315.4193	10.4193	 0.62	 0.05	176.66	 6.26	10.99	 0.99	10.73	 1.15	325.32	281.18	288.53	266.59	287.20	0	53.32
2012	11	11	10.502	6524.4375	315.4376	10.4376	 0.81	 0.06	175.98	 4.08	 5.39	 1.00	10.77	 1.27	325.42	281.84	290.71	268.74	287.95	0	53.75
2012	11	11	10.940	6524.4561	315.4558	10.4558	 0.62	 0.04	180.17	 4.40	 4.63	 0.99	10.75	 1.17	325.46	282.86	289.49	270.91	288.94	0	54.18
2012	11	11	11.843	6524.4937	315.4934	10.4934	 0.72	 0.04	172.26	 3.49	 1.53	 1.00	10.73	 1.12	325.65	285.42	291.54	274.13	292.04	0	54.83
2012	11	11	12.721	6524.5303	315.5301	10.5300	 0.81	 0.03	179.02	 2.53	 5.33	 0.98	10.75	 1.22	325.55	288.36	298.32	276.58	293.17	0	55.32
2012	11	11	13.623	6524.5674	315.5676	10.5676	 0.69	 0.04	175.10	 3.81	 4.06	 0.99	10.80	 1.07	325.91	291.87	301.53	278.29	301.58	0	55.66
2012	11	11	14.062	6524.5859	315.5859	10.5859	 0.84	 0.06	178.51	 3.86	 3.19	 1.00	10.75	 1.14	325.54	293.42	303.95	278.97	 0.00	0	55.79
2012	11	11	14.501	6524.6040	315.6042	10.6042	 0.83	 0.04	182.07	 3.07	 3.70	 1.00	10.73	 1.10	324.45	295.04	306.04	280.31	302.46	0	56.06
2012	11	11	15.377	6524.6406	315.6407	10.6407	 0.93	 0.05	191.91	 3.21	 3.94	 1.00	10.73	 1.00	323.47	297.57	309.03	283.94	304.56	0	56.79
2012	11	11	16.281	6524.6782	315.6783	10.6784	 1.25	 0.07	204.09	 2.62	 1.89	 1.00	10.73	 1.20	323.57	299.74	311.17	286.29	305.49	0	57.26
2012	11	11	16.718	6524.6968	315.6966	10.6966	 1.32	 0.05	197.52	 1.71	10.16	 0.93	10.72	 1.12	319.46	300.25	311.71	285.96	305.63	0	57.19
2012	11	11	17.155	6524.7148	315.7148	10.7148	 0.96	 0.06	186.39	 3.51	 4.69	 1.00	10.73	 0.86	316.97	300.37	313.63	287.49	306.02	0	57.50
2012	11	11	18.494	6524.7705	315.7706	10.7706	 1.19	 0.10	190.88	 3.52	15.15	 0.99	10.73	 0.83	317.79	299.86	314.89	284.52	305.24	0	56.90
2012	11	11	21.586	6524.8994	315.8994	10.8994	 1.58	 0.09	209.34	 2.01	 5.82	 0.99	10.73	 1.20	321.41	294.07	309.00	278.43	301.93	0	55.69
2012	11	12	2.468	6525.1030	316.1028	11.1028	 1.91	 0.14	208.41	 2.03	 1.47	 1.00	10.80	 1.11	318.53	285.17	295.39	268.20	292.30	0	53.64
2012	11	12	2.956	6525.1230	316.1232	11.1232	 2.01	 0.13	209.74	 1.63	 4.75	 0.99	10.77	 1.18	319.22	284.76	295.69	267.93	291.97	0	53.59
2012	11	12	3.395	6525.1416	316.1414	11.1415	 1.70	 0.09	207.02	 1.71	 5.55	 0.99	10.78	 1.12	320.38	284.47	293.13	267.50	291.47	0	53.50
2012	11	12	4.271	6525.1777	316.1780	11.1780	 1.78	 0.10	206.78	 1.65	 4.36	 0.99	10.75	 1.15	320.82	283.94	291.50	266.65	290.54	0	53.33
2012	11	12	5.612	6525.2339	316.2338	11.2338	 1.76	 0.12	202.15	 2.12	 4.58	 1.00	10.73	 0.98	320.61	283.39	289.51	267.79	289.93	0	53.56
2012	11	12	6.928	6525.2886	316.2887	11.2887	 1.76	 0.09	213.58	 1.67	 2.03	 1.00	10.75	 1.21	320.65	283.15	293.28	266.99	288.48	0	53.40
2012	11	12	8.267	6525.3442	316.3445	11.3444	 2.21	 0.19	207.14	 1.89	 5.08	 1.00	10.73	 1.16	320.71	282.79	290.97	266.57	289.62	0	53.31
2012	11	12	8.705	6525.3628	316.3627	11.3627	 2.37	 0.16	208.50	 1.38	 1.74	 1.00	10.75	 1.19	320.99	282.73	290.96	266.68	289.42	0	53.34
2012	11	12	9.145	6525.3809	316.3810	11.3810	 2.26	 0.20	204.17	 1.89	 0.76	 1.00	10.73	 1.07	321.16	282.67	288.69	266.47	290.63	0	53.29
2012	11	12	9.609	6525.4004	316.4004	11.4004	 2.33	 0.17	203.80	 1.46	 1.02	 1.00	10.77	 1.01	320.75	282.62	290.37	266.68	289.26	0	53.34
2012	11	12	10.485	6525.4370	316.4369	11.4369	 2.47	 0.18	203.08	 1.33	 1.14	 1.00	10.77	 1.12	319.89	283.39	289.68	 0.00	288.35	0	54.00
2012	11	12	10.922	6525.4551	316.4551	11.4551	 2.19	 0.19	205.53	 2.00	 1.59	 1.00	10.73	 1.11	320.09	284.19	291.76	272.18	290.84	0	54.44
2012	11	12	11.360	6525.4731	316.4734	11.4733	 2.13	 0.14	204.68	 1.50	 4.81	 0.99	10.75	 1.07	320.29	285.18	292.30	273.81	293.86	0	54.76
2012	11	12	11.823	6525.4927	316.4926	11.4926	 2.41	 0.23	206.27	 1.82	 3.67	 1.00	10.78	 1.07	320.25	286.52	295.51	275.65	293.64	0	55.13
2012	11	12	12.261	6525.5107	316.5109	11.5109	 2.39	 0.24	207.32	 1.95	 1.92	 1.00	10.73	 1.08	320.32	287.84	295.25	275.72	295.15	0	55.14
2012	11	12	12.699	6525.5293	316.5291	11.5291	 2.03	 0.14	204.82	 1.71	 2.89	 1.00	10.72	 1.02	321.09	289.34	297.92	277.55	296.74	0	55.51
2012	11	12	13.575	6525.5654	316.5656	11.5656	 2.19	 0.13	205.84	 1.34	 5.23	 0.98	10.77	 1.07	321.73	292.57	301.16	280.22	302.39	0	56.04
2012	11	12	14.038	6525.5850	316.5849	11.5849	 2.01	 0.12	207.11	 1.53	 5.15	 0.99	10.77	 1.13	318.37	294.07	303.46	280.72	301.15	0	56.14
2012	11	12	16.687	6525.6953	316.6953	11.6953	 2.59	 0.17	207.84	 1.14	 4.44	 0.98	10.75	 1.17	319.24	298.33	308.60	287.36	304.45	0	57.47
2012	11	12	17.124	6525.7134	316.7135	11.7135	 2.32	 0.23	201.00	 2.02	 2.48	 1.00	10.73	 1.08	316.85	299.07	307.94	288.02	305.25	0	57.60
2012	11	12	17.563	6525.7319	316.7318	11.7318	 2.54	 0.23	202.49	 1.53	 1.19	 1.00	10.73	 1.10	317.58	299.46	312.03	287.15	306.14	0	57.43
2012	11	12	18.463	6525.7695	316.7693	11.7693	 2.12	 0.18	196.28	 1.92	 1.28	 1.00	10.78	 0.91	318.60	299.68	309.94	286.95	306.35	0	57.39
2012	11	12	23.326	6525.9717	316.9719	11.9719	 2.54	 0.25	209.59	 1.71	 0.94	 1.00	10.75	 1.17	322.87	288.80	300.49	267.04	295.99	0	53.41
2012	11	13	0.201	6526.0083	317.0084	12.0084	 2.62	 0.28	209.06	 1.77	 2.85	 1.00	10.73	 1.11	322.72	287.02	296.95	266.41	293.91	0	53.28
2012	11	13	0.639	6526.0264	317.0266	12.0266	 2.80	 0.23	210.96	 1.20	 4.22	 0.99	10.75	 1.12	322.22	286.37	296.35	266.15	293.19	0	53.23
2012	11	13	1.101	6526.0459	317.0459	12.0459	 3.24	 0.35	211.81	 1.16	 2.01	 1.00	10.77	 1.20	320.38	285.73	294.32	266.81	292.57	0	53.36
2012	11	13	2.417	6526.1006	317.1007	12.1007	 2.71	 0.31	208.77	 1.75	 6.21	 0.99	10.73	 1.06	321.44	284.43	293.17	265.12	291.12	0	53.02
2012	11	13	2.855	6526.1191	317.1190	12.1190	 3.24	 0.39	210.09	 1.27	 3.36	 1.00	10.73	 1.09	322.32	284.13	293.60	264.97	290.83	0	52.99
2012	11	13	3.344	6526.1392	317.1393	12.1393	 2.48	 0.28	209.65	 2.08	 0.64	 1.00	10.73	 1.09	322.45	283.91	290.75	265.62	289.06	0	53.12
2012	11	13	4.224	6526.1758	317.1760	12.1760	 2.48	 0.22	211.62	 1.69	 4.75	 1.00	10.73	 1.18	322.39	283.52	291.60	264.94	290.12	0	52.99
2012	11	13	5.563	6526.2319	317.2318	12.2318	 2.67	 0.19	211.60	 1.18	 4.90	 0.98	10.77	 1.15	323.32	283.09	289.92	265.12	289.61	0	53.02
2012	11	13	6.004	6526.2500	317.2502	12.2502	 2.70	 0.28	208.08	 1.61	 2.55	 1.00	10.82	 1.08	323.64	282.99	290.33	265.32	289.43	0	53.06
2012	11	13	6.881	6526.2866	317.2867	12.2867	 2.57	 0.26	213.49	 1.81	 2.53	 1.00	10.77	 1.17	323.80	282.84	291.33	265.12	289.21	0	53.02
2012	11	13	8.220	6526.3423	317.3425	12.3425	 2.52	 0.19	212.30	 1.40	 4.15	 0.99	10.78	 1.24	323.04	282.45	290.97	264.90	288.82	0	52.98
2012	11	13	8.659	6526.3608	317.3608	12.3608	 2.75	 0.38	204.02	 2.03	 4.30	 1.00	10.73	 0.98	322.76	282.40	287.35	267.26	290.11	0	53.45
2012	11	13	9.096	6526.3789	317.3790	12.3790	 2.76	 0.37	207.36	 2.02	 0.52	 1.00	10.73	 1.10	322.71	282.42	287.92	267.52	288.84	0	53.50
2012	11	13	9.534	6526.3975	317.3972	12.3972	 2.60	 0.25	211.31	 1.62	 2.54	 1.00	10.77	 1.20	322.46	282.51	290.93	267.66	288.96	0	53.53
2012	11	13	10.436	6526.4351	317.4348	12.4348	 2.83	 0.32	207.79	 1.63	 2.35	 1.00	10.72	 1.20	321.96	283.34	288.91	269.64	289.75	0	53.93
2012	11	13	11.313	6526.4712	317.4714	12.4714	 2.54	 0.23	208.49	 1.58	 0.93	 1.00	10.75	 1.22	322.09	284.90	292.51	271.39	289.83	0	54.28
2012	11	13	12.215	6526.5088	317.5089	12.5089	 2.49	 0.29	209.32	 2.15	 1.23	 1.00	10.75	 1.14	322.12	287.30	295.62	273.55	294.25	0	54.71
2012	11	13	12.653	6526.5273	317.5272	12.5272	 2.36	 0.22	207.57	 1.82	 0.35	 1.00	10.72	 1.15	322.33	288.81	296.66	276.08	295.51	0	55.22
2012	11	13	15.747	6526.6562	317.6561	12.6561	 1.91	 0.18	203.20	 2.53	 3.88	 1.00	10.73	 0.99	323.21	298.59	310.37	284.71	305.39	0	56.94
2012	11	13	17.521	6526.7300	317.7301	12.7301	 1.39	 0.09	208.78	 2.77	 1.63	 1.00	10.75	 1.06	317.03	300.48	312.29	287.65	307.06	0	57.53
2012	11	13	18.396	6526.7666	317.7665	12.7665	 1.16	 0.08	202.26	 3.26	20.30	 0.97	10.73	 0.89	315.99	300.16	313.01	286.62	307.53	0	57.32
2012	11	13	20.169	6526.8403	317.8404	12.8404	 1.59	 0.10	204.24	 2.08	12.41	 0.97	10.75	 1.15	316.21	297.60	311.08	285.33	305.96	0	57.07
2012	11	13	20.608	6526.8589	317.8586	12.8587	 1.58	 0.12	206.34	 2.71	 8.58	 1.00	10.73	 1.07	316.17	296.60	313.47	283.11	305.07	0	56.62
2012	11	13	22.383	6526.9326	317.9326	12.9326	 1.49	 0.20	208.07	 5.08	 9.47	 1.00	10.77	 1.05	316.20	291.33	303.93	269.09	299.63	0	53.82
2012	11	13	23.726	6526.9888	317.9886	12.9886	 1.70	 0.17	201.79	 3.16	 2.66	 1.00	10.75	 1.14	320.00	287.25	297.16	265.41	294.90	0	53.08
2012	11	14	0.166	6527.0068	318.0069	13.0069	 1.52	 0.09	202.54	 2.23	 1.41	 1.00	10.73	 1.07	320.84	286.15	295.92	265.26	293.16	0	53.05
2012	11	14	1.506	6527.0630	318.0628	13.0628	 1.44	 0.13	208.87	 3.53	 1.91	 1.00	10.78	 1.17	315.71	283.26	292.96	264.94	289.08	0	52.99
2012	11	14	1.944	6527.0811	318.0810	13.0810	 1.34	 0.12	205.94	 3.68	 3.49	 1.00	10.73	 1.15	315.82	282.38	290.69	 0.00	 0.00	0	54.00
2012	11	14	3.260	6527.1357	318.1358	13.1358	 1.35	 0.13	204.06	 4.02	 6.61	 1.00	10.75	 1.24	321.37	280.47	290.56	264.93	288.73	0	52.99
2012	11	14	3.749	6527.1562	318.1562	13.1562	 1.47	 0.11	205.41	 2.86	 2.76	 1.00	10.75	 1.22	318.73	280.44	289.23	265.05	286.16	0	53.01
2012	11	14	9.501	6527.3960	318.3958	13.3959	 0.84	 0.05	193.79	 3.54	 4.80	 1.00	10.73	 0.94	324.02	274.82	279.21	264.93	281.01	0	52.99
2012	11	14	9.938	6527.4141	318.4141	13.4141	 0.94	 0.05	194.73	 2.95	 5.78	 0.99	10.73	 1.05	324.05	275.90	281.78	264.87	282.02	0	52.97
2012	11	14	11.721	6527.4883	318.4884	13.4884	 0.96	 0.06	189.11	 3.43	 1.75	 1.00	10.77	 1.07	324.27	281.62	284.12	269.83	287.94	0	53.97
2012	11	14	12.160	6527.5068	318.5067	13.5067	 1.15	 0.04	198.20	 1.61	 4.36	 0.98	10.73	 1.16	324.64	283.28	290.89	270.97	287.67	0	54.19
2012	11	14	13.939	6527.5806	318.5808	13.5808	 0.99	 0.06	196.12	 3.33	 2.55	 1.00	10.75	 0.98	324.19	290.76	298.29	 0.00	296.72	0	54.00
2012	11	14	14.377	6527.5991	318.5990	13.5990	 1.06	 0.06	200.51	 3.09	 3.04	 1.00	10.75	 0.99	324.56	292.69	301.34	279.71	299.45	0	55.94
2012	11	14	14.839	6527.6182	318.6183	13.6183	 1.26	 0.04	201.25	 1.37	 3.00	 0.99	10.77	 1.03	324.62	294.44	305.04	281.77	303.08	0	56.35
2012	11	14	15.277	6527.6367	318.6365	13.6365	 1.20	 0.06	196.82	 2.21	 7.21	 0.99	10.73	 0.99	323.28	295.84	303.26	280.44	301.88	0	56.09
2012	11	14	16.594	6527.6914	318.6914	13.6914	 1.41	 0.06	200.82	 1.69	 5.90	 0.98	10.73	 1.03	321.28	298.34	309.44	 0.00	304.12	0	54.00
2012	11	14	17.056	6527.7104	318.7107	13.7107	 1.36	 0.08	202.28	 2.28	 2.23	 1.00	10.78	 1.04	320.22	298.75	312.10	285.08	304.75	0	57.02
2012	11	15	0.571	6528.0239	319.0238	14.0238	 1.39	 0.11	205.87	 3.25	 1.55	 1.00	10.75	 1.11	317.99	283.60	296.44	265.21	290.47	0	53.04
2012	11	15	3.228	6528.1343	319.1345	14.1345	 1.50	 0.10	203.05	 2.39	 1.55	 1.00	10.85	 1.07	318.18	280.17	289.76	265.04	288.10	0	53.01
2012	11	15	9.461	6528.3940	319.3942	14.3942	 1.40	 0.11	199.02	 3.12	 6.82	 1.00	10.75	 0.93	322.86	272.61	277.34	264.82	279.56	0	52.96
2012	11	15	10.804	6528.4502	319.4502	14.4502	 1.25	 0.07	198.34	 2.51	 4.18	 1.00	10.83	 1.16	322.63	276.19	283.71	 0.00	281.91	0	54.00
2012	11	15	11.244	6528.4683	319.4685	14.4685	 1.17	 0.06	201.81	 2.50	 1.80	 1.00	10.72	 1.18	322.57	277.34	284.45	265.58	283.72	0	53.12
2012	11	15	11.682	6528.4868	319.4868	14.4868	 1.13	 0.05	197.52	 2.30	 5.55	 0.99	10.80	 1.19	322.59	278.61	285.46	265.79	285.56	0	53.16
2012	11	15	12.560	6528.5234	319.5233	14.5233	 1.13	 0.05	194.94	 2.02	 2.96	 1.00	10.73	 1.15	323.11	281.77	287.91	267.65	288.76	0	53.53
2012	11	15	13.461	6528.5610	319.5609	14.5609	 1.38	 0.07	198.62	 1.89	 6.67	 0.98	10.75	 1.21	324.04	285.53	293.91	269.59	292.42	0	53.92
2012	11	15	14.335	6528.5972	319.5973	14.5973	 1.23	 0.06	192.73	 1.94	 3.60	 1.00	10.75	 1.09	324.29	289.02	295.40	271.91	298.42	0	54.38
2012	11	15	14.773	6528.6157	319.6155	14.6155	 1.23	 0.06	193.53	 2.04	 1.82	 1.00	10.72	 1.08	324.47	290.77	297.05	273.48	299.95	0	54.70
2012	11	15	15.673	6528.6528	319.6530	14.6530	 1.11	 0.07	200.48	 3.14	15.50	 0.98	10.73	 1.03	324.87	293.94	305.62	279.60	299.90	0	55.92
2012	11	15	16.110	6528.6714	319.6713	14.6713	 1.32	 0.06	203.42	 1.97	12.05	 0.95	10.75	 1.17	322.88	295.18	304.81	281.48	300.85	0	56.30
2012	11	15	16.986	6528.7075	319.7078	14.7078	 1.22	 0.06	206.30	 2.41	 4.58	 1.00	10.73	 1.24	321.23	296.88	306.38	282.65	303.00	0	56.53
2012	11	15	20.096	6528.8374	319.8373	14.8373	 1.40	 0.08	201.94	 2.12	21.08	 0.90	10.73	 1.12	321.01	293.36	305.27	281.39	299.76	0	56.28
2012	11	15	20.972	6528.8740	319.8738	14.8738	 1.56	 0.06	205.24	 1.43	 4.07	 0.99	10.73	 1.22	320.96	292.45	305.19	280.33	300.04	0	56.07
2012	11	15	23.190	6528.9663	319.9662	14.9663	 1.45	 0.12	205.09	 3.18	 7.87	 1.00	10.75	 1.14	320.90	286.65	296.22	265.66	293.90	0	53.13
2012	11	15	23.628	6528.9844	319.9845	14.9845	 1.63	 0.11	203.15	 2.29	 8.49	 0.99	10.75	 1.17	320.81	285.48	295.62	265.64	292.43	0	53.13
2012	11	16	0.969	6529.0405	320.0404	15.0404	 1.20	 0.06	198.64	 2.17	 6.78	 0.99	10.80	 1.24	322.05	282.42	292.82	263.15	287.78	0	52.63
2012	11	16	1.847	6529.0771	320.0770	15.0770	 0.84	 0.06	188.52	 4.38	 1.64	 1.00	10.75	 1.04	322.38	280.99	287.95	263.43	288.69	0	52.69
2012	11	16	2.313	6529.0962	320.0964	15.0964	 0.94	 0.05	189.43	 3.10	 1.36	 1.00	10.77	 1.09	322.36	280.52	287.55	264.07	 0.00	0	52.81
2012	11	16	3.190	6529.1328	320.1329	15.1329	 1.02	 0.05	193.64	 2.45	11.49	 0.95	10.72	 1.20	322.54	279.97	288.48	264.26	286.32	0	52.85
2012	11	16	3.627	6529.1514	320.1511	15.1511	 0.88	 0.05	190.85	 3.29	 7.33	 0.99	10.73	 1.06	322.55	279.75	287.07	264.19	286.05	0	52.84
2012	11	16	4.992	6529.2080	320.2080	15.2080	 0.92	 0.05	189.14	 3.09	 2.37	 1.00	10.75	 1.08	322.10	279.25	284.26	263.82	285.69	0	52.76
2012	11	16	6.769	6529.2822	320.2821	15.2821	 0.87	 0.06	184.47	 3.93	 7.28	 1.00	10.78	 1.06	322.29	278.82	284.36	263.53	285.18	0	52.71
2012	11	16	7.209	6529.3003	320.3004	15.3004	 0.85	 0.05	185.53	 3.20	 2.08	 1.00	10.77	 1.12	321.94	278.72	286.27	263.52	285.07	0	52.70
2012	11	16	7.648	6529.3188	320.3187	15.3187	 0.88	 0.04	188.87	 2.83	 6.59	 0.98	10.87	 1.17	322.26	278.62	286.74	263.22	 0.00	0	52.64
2012	11	16	8.089	6529.3369	320.3370	15.3370	 0.89	 0.06	183.49	 3.83	 6.75	 1.00	10.75	 1.11	322.26	278.50	285.41	262.65	 0.00	0	52.53
2012	11	16	8.994	6529.3750	320.3748	15.3748	 1.05	 0.06	190.76	 2.70	 4.28	 1.00	10.83	 1.26	318.68	278.18	287.16	262.32	284.13	0	52.46
2012	11	16	12.530	6529.5220	320.5221	15.5221	 0.60	 0.04	186.09	 4.83	 4.20	 0.99	10.73	 1.11	322.60	280.61	285.24	271.64	285.00	0	54.33
2012	11	16	12.970	6529.5405	320.5404	15.5404	 0.82	 0.04	188.17	 3.16	 2.05	 1.00	10.78	 1.23	322.75	282.91	291.00	273.04	292.32	0	54.61
2012	11	16	13.432	6529.5596	320.5597	15.5597	 0.74	 0.04	184.03	 3.86	10.36	 0.97	10.78	 1.00	324.21	285.38	290.57	273.20	292.30	0	54.64
2012	11	16	13.871	6529.5781	320.5780	15.5780	 0.95	 0.06	194.32	 3.50	 3.70	 1.00	10.73	 1.07	324.15	287.44	294.43	274.65	294.60	0	54.93
2012	11	16	14.310	6529.5962	320.5963	15.5962	 1.12	 0.08	196.55	 3.47	 8.13	 1.00	10.73	 1.12	323.09	289.58	298.20	274.78	299.32	0	54.96
2012	11	16	16.962	6529.7065	320.7068	15.7068	 0.87	 0.07	202.14	 4.74	 4.39	 1.00	10.73	 1.08	320.25	297.09	309.74	280.61	305.47	0	56.12
2012	11	16	18.301	6529.7627	320.7625	15.7625	 0.93	 0.05	184.30	 2.63	30.59	 0.67	10.73	 1.09	319.68	297.12	310.23	281.98	304.37	0	56.40
2012	11	16	20.956	6529.8730	320.8732	15.8732	 1.58	 0.13	204.11	 2.76	13.56	 0.99	10.75	 1.13	320.25	293.32	308.10	279.76	301.33	0	55.95
2012	11	17	0.051	6530.0020	321.0021	16.0021	 1.15	 0.07	196.87	 2.78	19.31	 0.95	10.72	 1.00	322.01	283.75	294.96	263.13	291.44	0	52.63
2012	11	17	0.515	6530.0215	321.0215	16.0214	 1.21	 0.07	193.30	 2.68	 5.17	 1.00	10.78	 1.18	322.56	282.53	293.20	261.98	288.89	0	52.40
2012	11	17	0.955	6530.0396	321.0398	16.0398	 1.03	 0.06	189.65	 2.77	 4.59	 1.00	10.80	 1.18	322.97	281.59	290.81	261.47	289.19	0	52.29
2012	11	17	1.394	6530.0581	321.0581	16.0581	 1.00	 0.06	189.72	 3.07	 7.46	 0.99	10.77	 1.19	323.52	280.88	289.68	263.72	287.21	0	52.74
2012	11	17	2.270	6530.0947	321.0946	16.0946	 0.90	 0.05	187.87	 2.98	 3.66	 1.00	10.72	 1.13	323.52	280.19	287.75	264.89	 0.00	0	52.98
2012	11	17	4.492	6530.1870	321.1872	16.1872	 0.79	 0.06	183.85	 4.66	 6.87	 1.00	10.73	 1.12	323.85	279.19	287.41	262.49	286.89	0	52.50
2012	11	17	5.860	6530.2441	321.2441	16.2442	 0.72	 0.05	183.92	 4.43	14.47	 0.96	10.77	 1.13	323.36	278.51	285.59	263.59	284.70	0	52.72
2012	11	17	6.303	6530.2627	321.2626	16.2626	 0.70	 0.04	179.61	 4.08	 1.46	 1.00	10.80	 1.08	323.39	278.45	284.96	263.28	285.99	0	52.66
2012	11	17	7.206	6530.3003	321.3003	16.3003	 0.75	 0.04	184.75	 3.78	 0.64	 1.00	10.75	 1.11	323.80	278.28	286.05	262.51	284.38	0	52.50
2012	11	17	7.647	6530.3188	321.3186	16.3186	 0.72	 0.05	182.51	 4.27	 1.45	 1.00	10.75	 1.12	323.79	278.39	282.37	263.20	284.43	0	52.64
2012	11	17	8.084	6530.3369	321.3369	16.3368	 0.55	 0.04	188.83	 6.43	10.30	 0.98	10.77	 1.03	323.73	278.52	282.37	263.16	285.93	0	52.63
2012	11	17	9.425	6530.3926	321.3927	16.3927	 0.82	 0.06	178.00	 4.06	 3.55	 1.00	10.77	 1.08	323.78	278.65	284.71	263.24	284.65	0	52.65
2012	11	17	9.866	6530.4111	321.4111	16.4111	 0.69	 0.04	180.88	 3.88	 3.12	 1.00	10.77	 1.08	323.80	278.82	286.27	264.89	 0.00	0	52.98
2012	11	17	10.745	6530.4478	321.4477	16.4477	 0.73	 0.05	179.96	 4.35	 2.96	 1.00	10.72	 1.13	323.89	280.16	285.23	266.68	284.48	0	53.34
2012	11	17	11.647	6530.4854	321.4853	16.4853	 0.76	 0.03	181.69	 2.77	 5.59	 0.97	10.85	 1.12	324.09	282.77	289.71	271.57	291.15	0	54.31
2012	11	17	12.086	6530.5034	321.5036	16.5036	 0.75	 0.05	184.34	 4.53	 3.14	 1.00	10.77	 1.13	324.06	284.25	292.90	272.22	288.71	0	54.44
2012	11	17	12.526	6530.5220	321.5219	16.5219	 0.86	 0.04	183.23	 2.77	 4.40	 0.99	10.75	 1.24	324.20	285.86	294.08	274.41	292.70	0	54.88
2012	11	17	13.865	6530.5776	321.5777	16.5777	 1.07	 0.04	179.56	 1.90	 2.50	 1.00	10.77	 1.23	321.39	290.82	301.04	276.51	299.71	0	55.30
2012	11	17	16.513	6530.6880	321.6880	16.6881	 0.70	 0.07	183.14	 6.72	10.13	 1.00	10.72	 0.95	323.75	294.73	303.16	280.91	300.36	0	56.18
2012	11	17	17.387	6530.7246	321.7245	16.7245	 0.57	 0.06	205.13	 9.27	50.46	 0.91	10.72	 0.95	323.65	296.43	306.61	284.12	303.24	0	56.82
2012	11	17	19.167	6530.7988	321.7986	16.7986	 1.06	 0.05	193.92	 2.59	11.49	 0.97	10.73	 1.20	321.12	297.05	309.97	283.80	304.76	0	56.76
2012	11	17	19.606	6530.8169	321.8169	16.8169	 1.07	 0.06	189.91	 2.86	 8.96	 0.99	10.73	 1.09	321.08	296.59	311.92	281.78	304.68	0	56.36
2012	11	17	20.044	6530.8350	321.8352	16.8352	 1.08	 0.04	191.02	 1.99	 5.22	 0.98	10.75	 1.20	321.12	295.89	308.45	279.48	303.92	0	55.90
2012	11	17	21.383	6530.8911	321.8910	16.8910	 0.89	 0.06	184.89	 3.52	 4.68	 1.00	10.82	 0.87	321.37	293.29	305.16	279.43	301.38	0	55.89
2012	11	17	21.823	6530.9092	321.9093	16.9093	 1.19	 0.08	201.53	 3.04	 0.98	 1.00	10.75	 1.09	321.51	292.23	304.50	276.56	300.15	0	55.31
2012	11	17	23.164	6530.9653	321.9651	16.9652	 1.40	 0.07	201.73	 2.07	 3.72	 1.00	10.73	 1.10	322.65	287.82	300.66	265.67	296.15	0	53.13
2012	11	18	0.044	6531.0020	322.0018	17.0018	 1.03	 0.07	196.38	 3.39	 4.32	 1.00	10.78	 1.05	323.59	285.47	296.47	264.80	292.23	0	52.96
2012	11	18	0.946	6531.0396	322.0394	17.0394	 0.92	 0.08	181.77	 4.65	 5.02	 1.00	10.80	 1.14	319.90	283.34	290.68	 0.00	290.51	0	54.00
2012	11	18	3.601	6531.1499	322.1501	17.1501	 0.80	 0.06	187.51	 4.30	 7.46	 0.99	10.75	 1.04	319.46	276.21	284.51	264.96	281.80	0	52.99
2012	11	18	4.479	6531.1865	322.1866	17.1866	 0.87	 0.05	184.52	 3.43	 5.72	 1.00	10.73	 1.12	326.01	277.45	283.74	265.04	283.39	0	53.01
2012	11	18	4.917	6531.2051	322.2049	17.2049	 0.85	 0.06	186.23	 3.82	 2.36	 1.00	10.75	 1.11	325.99	278.04	284.02	265.02	283.89	0	53.00
2012	11	18	8.501	6531.3540	322.3542	17.3542	 0.93	 0.06	186.15	 3.76	10.99	 0.99	10.73	 1.05	325.81	275.83	282.69	264.83	281.50	0	52.97
2012	11	18	8.940	6531.3726	322.3725	17.3725	 0.78	 0.05	189.29	 3.96	 4.22	 1.00	10.75	 1.05	325.93	276.77	281.66	264.86	282.69	0	52.97
2012	11	18	9.843	6531.4102	322.4101	17.4101	 0.80	 0.05	188.04	 3.67	 2.74	 1.00	10.75	 1.08	325.94	278.13	280.15	264.83	283.92	0	52.97
2012	11	18	10.721	6531.4468	322.4467	17.4467	 0.82	 0.03	189.76	 2.47	 2.43	 1.00	10.73	 1.09	326.06	280.16	284.72	267.41	286.06	0	53.48
2012	11	18	11.162	6531.4648	322.4651	17.4651	 0.82	 0.05	193.92	 3.69	 4.61	 1.00	10.75	 1.13	326.15	281.45	289.33	269.80	287.47	0	53.96
2012	11	18	11.601	6531.4834	322.4834	17.4834	 0.97	 0.06	187.96	 3.10	 2.19	 1.00	10.75	 1.20	326.32	282.92	290.29	 0.00	287.06	0	54.00
2012	11	18	12.064	6531.5024	322.5027	17.5027	 0.75	 0.06	189.80	 5.26	 6.50	 1.00	10.77	 1.02	326.66	284.55	290.76	273.15	293.27	0	54.63
2012	11	18	12.502	6531.5210	322.5209	17.5209	 0.96	 0.05	189.20	 2.73	 8.06	 0.98	10.75	 1.23	326.76	286.15	294.97	273.25	292.02	0	54.65
2012	11	18	12.940	6531.5391	322.5392	17.5392	 0.84	 0.05	190.03	 3.40	10.60	 0.97	10.73	 1.15	326.84	287.86	296.17	274.80	294.69	0	54.96
2012	11	18	15.595	6531.6499	322.6498	17.6498	 0.88	 0.07	189.00	 4.58	26.72	 0.96	10.73	 0.97	320.41	297.02	306.62	282.12	303.74	0	56.42
2012	11	18	16.032	6531.6680	322.6680	17.6680	 0.98	 0.06	196.24	 3.45	11.07	 0.99	10.73	 1.04	321.91	297.94	310.29	282.86	304.03	0	56.57
2012	11	18	17.372	6531.7236	322.7238	17.7238	 1.12	 0.12	190.21	 5.16	11.50	 1.00	10.73	 1.04	318.46	299.35	312.45	284.89	304.13	0	56.98
2012	11	18	17.809	6531.7422	322.7421	17.7421	 0.86	 0.05	187.08	 3.54	 3.79	 1.00	10.78	 1.00	321.31	299.36	310.86	284.78	307.22	0	56.96
2012	11	18	18.247	6531.7603	322.7603	17.7603	 0.78	 0.07	196.86	 5.88	30.61	 0.97	10.80	 1.06	322.31	299.33	310.55	284.83	306.25	0	56.97
2012	11	18	18.710	6531.7798	322.7796	17.7796	 0.61	 0.07	199.16	 9.83	33.87	 0.98	10.77	 0.97	322.77	299.07	312.01	283.96	306.31	0	56.79
2012	11	18	20.024	6531.8345	322.8343	17.8343	 1.09	 0.11	188.72	 4.74	30.62	 0.98	10.73	 1.24	321.99	297.13	309.79	280.30	303.27	0	56.06
2012	11	18	23.143	6531.9644	322.9643	17.9643	 0.96	 0.07	179.19	 3.55	11.37	 0.99	10.80	 1.04	324.31	287.97	300.48	265.43	296.15	0	53.09
2012	11	19	0.024	6532.0010	323.0010	18.0010	 0.72	 0.05	167.64	 3.84	 1.88	 1.00	10.75	 1.04	322.24	285.33	295.51	265.32	292.01	0	53.06
2012	11	19	0.902	6532.0376	323.0376	18.0376	 0.57	 0.05	184.10	 7.08	 2.82	 1.00	10.73	 1.09	322.81	283.73	293.41	264.98	291.76	0	53.00
2012	11	19	2.248	6532.0937	323.0937	18.0937	 0.66	 0.05	173.43	 5.04	 7.59	 0.99	10.73	 1.12	323.24	282.30	291.00	264.97	290.41	0	52.99
2012	11	19	3.128	6532.1304	323.1303	18.1303	 0.56	 0.03	180.31	 4.62	 5.56	 0.98	10.85	 1.08	323.71	281.84	289.65	264.82	288.44	0	52.96
2012	11	19	4.905	6532.2046	323.2044	18.2044	 0.71	 0.04	178.14	 4.09	 0.25	 1.00	10.73	 1.17	323.36	281.12	291.45	264.82	287.79	0	52.96
2012	11	19	5.343	6532.2227	323.2226	18.2226	 0.63	 0.04	172.49	 4.30	 1.51	 1.00	10.73	 1.10	323.12	281.00	287.59	264.83	287.59	0	52.97
2012	11	19	5.832	6532.2432	323.2430	18.2430	 0.73	 0.05	179.13	 4.23	 5.35	 1.00	10.77	 1.16	320.08	280.66	289.03	264.96	286.95	0	52.99
2012	11	19	8.481	6532.3535	323.3534	18.3534	 0.52	 0.04	188.81	 7.10	 3.94	 1.00	10.80	 0.97	316.66	274.73	283.70	264.84	280.32	0	52.97
2012	11	19	8.919	6532.3716	323.3716	18.3716	 0.63	 0.03	182.43	 3.96	 1.97	 1.00	10.77	 1.06	324.10	275.41	280.70	264.63	280.60	0	52.93
2012	11	19	10.698	6532.4458	323.4458	18.4458	 0.71	 0.05	182.41	 4.50	10.68	 0.98	10.75	 1.14	324.23	278.87	285.04	267.69	283.09	0	53.54
2012	11	19	11.136	6532.4639	323.4640	18.4640	 0.68	 0.05	174.69	 4.66	 1.81	 1.00	10.75	 1.08	324.39	280.23	284.98	269.00	288.13	0	53.80
2012	11	19	14.695	6532.6123	323.6123	18.6123	 0.64	 0.04	181.98	 4.82	16.28	 0.93	10.77	 0.95	321.87	294.71	304.94	281.06	301.47	0	56.21
2012	11	19	18.657	6532.7773	323.7774	18.7774	 0.91	 0.06	182.96	 3.81	33.63	 0.88	10.73	 1.16	321.63	297.25	309.84	281.55	302.28	0	56.31
2012	11	19	19.119	6532.7969	323.7966	18.7966	 0.49	 0.09	183.16	16.04	36.08	 0.99	10.70	 0.86	322.82	296.97	310.71	280.54	304.47	0	56.11
2012	11	19	19.558	6532.8149	323.8149	18.8149	 0.84	 0.13	181.78	 8.62	13.12	 1.00	10.77	 1.18	322.88	296.54	307.59	279.97	304.37	0	55.99
2012	11	19	19.996	6532.8330	323.8332	18.8332	 0.70	 0.07	186.32	 7.08	17.08	 0.99	10.75	 0.98	322.72	295.76	309.15	275.96	303.67	0	55.19
2012	11	19	22.215	6532.9258	323.9256	18.9256	 0.93	 0.18	192.79	11.00	 2.88	 1.00	10.78	 1.03	323.39	290.06	300.11	266.07	296.15	0	53.21
2012	11	19	23.093	6532.9624	323.9622	18.9622	 0.93	 0.06	175.90	 3.34	15.72	 0.96	10.75	 1.05	323.23	287.51	297.70	265.41	294.29	0	53.08
2012	11	20	0.432	6533.0181	324.0180	19.0180	 0.51	 0.06	180.95	10.59	 7.74	 1.00	10.83	 0.95	323.89	284.69	291.53	265.09	291.39	0	53.02
2012	11	20	1.311	6533.0547	324.0546	19.0546	 0.64	 0.04	178.92	 3.96	 0.93	 1.00	10.73	 1.09	324.01	283.65	292.33	264.95	291.97	0	52.99
2012	11	20	1.776	6533.0742	324.0740	19.0740	 0.73	 0.05	168.39	 4.04	 1.63	 1.00	10.75	 1.13	324.40	283.25	290.87	266.02	289.92	0	53.20
2012	11	20	2.216	6533.0923	324.0923	19.0923	 0.55	 0.04	184.10	 6.13	 4.16	 1.00	10.73	 1.09	324.47	283.05	289.67	266.82	289.69	0	53.36
2012	11	20	2.654	6533.1104	324.1106	19.1106	 0.72	 0.04	181.59	 4.11	 3.88	 1.00	10.75	 1.18	324.51	282.90	292.35	266.45	289.56	0	53.29
2012	11	20	3.093	6533.1289	324.1289	19.1289	 0.63	 0.05	182.53	 5.60	 5.05	 1.00	10.75	 1.13	324.47	282.76	289.49	 0.00	289.39	0	54.00
2012	11	20	4.432	6533.1846	324.1847	19.1847	 0.77	 0.05	174.13	 4.08	 1.37	 1.00	10.73	 1.12	324.53	282.36	291.74	 0.00	288.98	0	54.00
2012	11	20	5.746	6533.2393	324.2394	19.2394	 0.78	 0.06	176.61	 4.40	 3.42	 1.00	10.75	 1.17	324.50	282.14	290.28	266.33	288.74	0	53.27
2012	11	20	8.885	6533.3701	324.3702	19.3702	 0.57	 0.06	181.25	 7.75	 9.95	 0.99	10.82	 1.03	317.80	276.56	288.71	265.23	282.44	0	53.05
2012	11	20	9.763	6533.4067	324.4068	19.4068	 0.65	 0.05	165.41	 5.37	 5.03	 1.00	10.75	 1.08	325.36	277.72	281.13	264.79	 0.00	0	52.96
2012	11	20	11.987	6533.4995	324.4995	19.4994	 0.65	 0.04	178.16	 4.52	 1.22	 1.00	10.75	 1.12	325.76	284.08	290.96	274.06	290.69	0	54.81
2012	11	20	13.326	6533.5552	324.5552	19.5552	 0.45	 0.04	199.57	 8.94	17.39	 0.95	10.75	 1.07	325.77	289.32	297.39	278.02	294.07	0	55.60
2012	11	20	14.206	6533.5918	324.5919	19.5919	 0.61	 0.05	191.53	 6.57	10.94	 0.99	10.72	 1.04	325.53	293.15	302.89	282.08	303.01	0	56.42
2012	11	20	14.644	6533.6104	324.6102	19.6102	 0.74	 0.06	175.45	 4.71	 4.58	 1.00	10.75	 0.96	325.13	294.89	303.81	282.22	302.29	0	56.44
2012	11	20	15.981	6533.6660	324.6659	19.6659	 1.20	 0.07	194.83	 2.72	 0.81	 1.00	10.72	 1.09	323.45	299.19	309.58	286.99	305.74	0	57.40
2012	11	20	16.419	6533.6841	324.6841	19.6841	 1.13	 0.05	192.03	 2.03	 7.52	 0.97	10.75	 1.07	321.20	299.84	310.93	287.18	306.19	0	57.44
2012	11	20	17.319	6533.7217	324.7216	19.7216	 1.06	 0.06	192.15	 2.57	34.69	 0.72	10.77	 1.12	315.75	300.26	312.87	285.12	306.67	0	57.02
2012	11	20	19.967	6533.8320	324.8319	19.8319	 0.86	 0.05	192.15	 3.20	14.76	 0.94	10.73	 1.20	316.93	295.31	309.09	282.41	302.31	0	56.48
2012	11	20	20.842	6533.8682	324.8684	19.8684	 0.73	 0.08	176.81	 6.94	10.18	 1.00	10.72	 1.00	316.72	293.62	308.48	277.98	301.75	0	55.60
2012	11	20	22.616	6533.9424	324.9424	19.9424	 0.76	 0.07	187.32	 5.62	 2.18	 1.00	10.77	 1.03	320.29	288.69	302.62	265.62	297.60	0	53.12
2012	11	20	23.956	6533.9980	324.9982	19.9982	 0.68	 0.04	192.20	 4.72	17.06	 0.94	10.77	 0.99	315.67	284.84	295.29	267.00	290.79	0	53.40
2012	11	21	0.832	6534.0347	325.0347	20.0347	 0.84	 0.04	188.16	 2.71	 3.79	 0.99	10.73	 1.03	315.53	283.83	294.02	269.22	291.25	0	53.84
2012	11	21	3.486	6534.1450	325.1453	20.1453	 0.88	 0.05	200.18	 3.25	 6.34	 0.99	10.73	 1.15	318.79	281.86	292.72	264.98	289.67	0	53.00
2012	11	21	3.926	6534.1636	325.1636	20.1636	 0.91	 0.06	196.35	 3.56	 1.89	 1.00	10.73	 1.05	318.48	281.60	289.80	264.98	289.60	0	53.00
2012	11	21	4.388	6534.1826	325.1829	20.1828	 0.98	 0.05	197.84	 2.91	 4.33	 1.00	10.80	 1.10	318.68	281.41	290.75	264.96	288.13	0	52.99
2012	11	21	6.144	6534.2559	325.2560	20.2560	 1.47	 0.09	197.61	 2.29	 2.87	 1.00	10.77	 1.00	321.41	281.06	286.36	264.90	287.40	0	52.98
2012	11	21	7.075	6534.2949	325.2948	20.2948	 1.79	 0.09	207.92	 1.59	 3.22	 1.00	10.75	 1.11	320.93	281.03	289.89	264.91	287.50	0	52.98
2012	11	21	8.853	6534.3687	325.3689	20.3689	 2.96	 0.35	206.82	 1.50	 4.81	 0.99	10.77	 1.09	320.56	281.16	287.50	265.04	287.56	0	53.01
2012	11	21	9.293	6534.3872	325.3872	20.3872	 2.51	 0.20	208.55	 1.47	 4.41	 0.99	10.73	 1.10	320.62	281.19	287.92	265.00	289.00	0	53.00
2012	11	21	9.733	6534.4058	325.4055	20.4055	 2.51	 0.22	210.02	 1.62	 8.99	 0.98	10.77	 1.06	320.73	281.17	289.97	264.98	 0.00	0	53.00
2012	11	21	10.173	6534.4238	325.4239	20.4239	 2.69	 0.29	206.85	 1.70	 8.41	 0.99	10.77	 1.06	321.03	281.54	288.50	264.91	289.23	0	52.98
2012	11	21	10.614	6534.4424	325.4423	20.4423	 2.83	 0.31	208.24	 1.55	 1.16	 1.00	10.78	 1.13	320.46	281.87	288.37	265.39	288.19	0	53.08
2012	11	21	11.078	6534.4614	325.4616	20.4616	 2.40	 0.25	208.66	 2.03	 1.40	 1.00	10.77	 1.07	320.43	282.65	289.71	268.79	288.85	0	53.76
2012	11	21	11.516	6534.4800	325.4798	20.4798	 2.39	 0.23	209.24	 1.89	 1.49	 1.00	10.73	 1.14	320.34	283.40	291.61	268.43	289.66	0	53.69
2012	11	21	13.730	6534.5723	325.5721	20.5721	 2.24	 0.20	204.94	 1.91	 4.77	 1.00	10.77	 1.07	317.09	290.35	298.99	278.08	299.58	0	55.62
2012	11	21	15.041	6534.6270	325.6267	20.6267	 2.75	 0.26	210.33	 1.43	 2.51	 1.00	10.75	 1.19	317.11	294.43	304.04	280.16	301.62	0	56.03
2012	11	21	21.679	6534.9033	325.9033	20.9033	 2.85	 0.57	204.85	 2.73	30.81	 0.98	10.75	 1.15	315.17	288.46	297.89	265.69	294.39	0	53.14
2012	11	21	23.897	6534.9956	325.9957	20.9957	 3.47	 0.78	204.80	 1.96	 2.44	 1.00	10.73	 1.09	316.24	283.07	292.01	263.28	289.55	0	52.66
2012	11	22	0.362	6535.0151	326.0151	21.0151	 4.36	 1.75	207.35	 1.78	 0.89	 1.00	10.82	 1.18	316.85	282.24	290.69	263.52	289.93	0	52.70
2012	11	22	1.238	6535.0518	326.0516	21.0516	 3.07	 0.36	203.47	 1.37	 7.75	 0.98	10.72	 1.03	317.71	281.37	287.40	265.08	289.33	0	53.02
2012	11	22	1.677	6535.0698	326.0699	21.0699	 3.19	 0.44	207.68	 1.49	 3.16	 1.00	10.75	 1.12	317.64	281.28	288.74	265.14	289.40	0	53.03
2012	11	22	3.457	6535.1440	326.1440	21.1441	 3.61	 0.64	209.80	 1.43	 2.97	 1.00	10.73	 1.22	317.86	281.12	289.33	265.11	289.50	0	53.02
2012	11	22	6.118	6535.2549	326.2549	21.2549	 2.62	 0.29	206.94	 1.85	 3.15	 1.00	10.73	 1.14	317.69	280.02	287.57	264.29	286.55	0	52.86
2012	11	22	6.556	6535.2729	326.2732	21.2732	 2.62	 0.23	207.68	 1.43	 0.78	 1.00	10.78	 1.17	317.48	279.86	286.70	265.07	286.28	0	53.01
2012	11	22	7.923	6535.3301	326.3301	21.3301	 2.29	 0.14	209.31	 1.29	 1.08	 1.00	10.75	 1.20	319.11	279.56	287.83	264.62	285.96	0	52.92
2012	11	22	8.802	6535.3667	326.3668	21.3668	 2.01	 0.17	199.20	 2.10	 7.68	 0.99	10.82	 1.13	321.01	279.43	283.42	264.73	285.72	0	52.95
2012	11	22	9.267	6535.3862	326.3861	21.3861	 1.87	 0.12	199.48	 1.77	11.53	 0.97	10.78	 0.97	321.32	279.44	286.05	264.93	285.70	0	52.99
2012	11	22	11.025	6535.4595	326.4594	21.4594	 1.98	 0.13	206.42	 1.72	 2.81	 1.00	10.70	 1.15	321.04	280.67	287.50	 0.00	286.77	0	54.00
2012	11	22	11.487	6535.4785	326.4786	21.4786	 2.32	 0.11	203.23	 0.98	 5.65	 0.93	10.77	 1.11	320.75	281.43	287.72	266.23	285.90	0	53.25
2012	11	22	12.363	6535.5151	326.5151	21.5151	 2.31	 0.21	204.80	 1.86	 1.97	 1.00	10.82	 1.15	321.07	283.42	290.25	269.41	291.82	0	53.88
2012	11	22	13.239	6535.5518	326.5516	21.5516	 2.34	 0.14	203.73	 1.17	 1.40	 1.00	10.75	 1.06	320.90	286.42	292.29	274.71	292.97	0	54.94
2012	11	22	15.452	6535.6440	326.6438	21.6438	 1.74	 0.12	200.87	 2.08	 1.22	 1.00	10.75	 1.08	316.42	294.10	302.16	279.91	300.85	0	55.98
2012	11	22	18.129	6535.7554	326.7554	21.7554	 1.39	 0.18	195.63	 4.90	10.98	 1.00	10.75	 0.91	317.73	297.11	310.46	279.19	306.69	0	55.84
2012	11	22	18.567	6535.7734	326.7736	21.7736	 1.30	 0.11	187.88	 3.30	11.64	 0.99	10.73	 0.91	317.21	296.80	310.56	279.18	306.38	0	55.84
2012	11	22	19.004	6535.7920	326.7918	21.7918	 0.89	 0.09	204.60	 6.32	19.17	 1.00	10.73	 0.92	317.21	296.40	308.44	277.77	304.17	0	55.55
2012	11	22	21.657	6535.9023	326.9024	21.9024	 1.33	 0.14	202.52	 4.33	 6.18	 1.00	10.73	 1.07	317.95	290.88	300.66	274.99	298.48	0	55.00
2012	11	22	23.875	6535.9946	326.9948	21.9948	 0.44	 0.05	194.49	10.42	32.27	 0.87	10.75	 0.89	318.39	283.46	292.35	263.65	290.23	0	52.73
2012	11	23	0.313	6536.0132	327.0130	22.0130	 0.87	 0.05	178.29	 3.39	10.03	 0.98	10.73	 1.16	318.72	282.36	291.20	262.65	288.87	0	52.53
2012	11	23	1.214	6536.0508	327.0506	22.0506	 0.64	 0.05	187.13	 5.71	 3.53	 1.00	10.75	 1.06	320.18	280.78	287.46	263.21	288.49	0	52.64
2012	11	23	1.656	6536.0688	327.0690	22.0690	 0.82	 0.06	187.06	 4.35	 7.92	 1.00	10.80	 1.21	320.68	280.32	289.83	265.01	286.79	0	53.00
2012	11	23	2.535	6536.1055	327.1056	22.1056	 0.66	 0.05	183.82	 5.01	 9.78	 0.98	10.73	 1.11	321.53	279.59	287.46	263.74	286.13	0	52.75
2012	11	23	2.999	6536.1250	327.1250	22.1250	 0.78	 0.05	181.07	 3.56	 4.11	 1.00	10.75	 1.17	321.77	279.35	290.19	263.70	284.48	0	52.74
2012	11	23	3.438	6536.1431	327.1432	22.1433	 0.74	 0.05	167.11	 4.23	 4.92	 1.00	10.77	 1.11	322.15	279.14	286.88	263.59	284.22	0	52.72
2012	11	23	4.316	6536.1797	327.1798	22.1798	 0.50	 0.04	176.65	 7.36	 6.17	 0.99	10.72	 1.04	321.93	278.68	285.84	262.59	285.14	0	52.52
2012	11	23	5.217	6536.2173	327.2174	22.2174	 0.57	 0.05	177.67	 7.26	 3.41	 1.00	10.75	 1.05	321.36	278.22	284.80	 0.00	284.09	0	54.00
2012	11	23	6.974	6536.2905	327.2906	22.2906	 0.76	 0.05	177.83	 4.17	12.80	 0.97	10.75	 1.07	320.87	277.45	284.50	261.64	283.74	0	52.33
2012	11	23	7.467	6536.3110	327.3111	22.3111	 0.89	 0.06	176.47	 3.63	 3.99	 1.00	10.82	 1.15	321.80	277.29	284.97	261.61	284.24	0	52.32
2012	11	23	7.907	6536.3296	327.3294	22.3294	 0.69	 0.05	167.11	 4.18	 5.12	 0.99	10.72	 1.01	321.48	277.19	282.56	261.63	283.31	0	52.33
2012	11	23	9.225	6536.3843	327.3844	22.3844	 0.57	 0.06	168.43	 7.35	 5.87	 1.00	10.83	 1.09	321.67	276.75	284.36	261.09	 0.00	0	52.22
2012	11	23	12.353	6536.5146	327.5147	22.5147	 0.40	 0.04	178.51	 9.56	 3.77	 1.00	10.73	 1.03	322.18	282.91	289.85	269.65	292.17	0	53.93
2012	11	23	12.792	6536.5332	327.5330	22.5330	 0.65	 0.05	171.95	 4.77	 6.67	 0.99	10.73	 1.09	322.13	284.52	292.90	272.12	289.29	0	54.42
2012	11	23	15.446	6536.6436	327.6436	22.6436	 0.80	 0.03	200.97	 2.16	16.52	 0.61	10.73	 1.20	319.60	294.37	304.86	279.41	301.41	0	55.88
2012	11	23	16.344	6536.6812	327.6810	22.6810	 0.71	 0.06	192.73	 5.61	16.30	 0.98	10.75	 1.05	319.46	296.03	307.84	281.29	300.84	0	56.26
2012	11	23	16.782	6536.6992	327.6992	22.6992	 0.63	 0.06	191.10	 7.20	17.04	 0.99	10.73	 0.96	319.41	296.66	309.10	282.20	302.57	0	56.44
2012	11	23	17.657	6536.7358	327.7357	22.7357	 1.02	 0.04	193.96	 2.05	 5.39	 0.98	10.73	 1.24	321.96	297.35	308.21	282.98	302.08	0	56.60
2012	11	23	18.995	6536.7915	327.7914	22.7914	 0.94	 0.07	191.55	 4.07	10.22	 0.99	10.77	 1.02	322.22	297.46	309.43	284.94	305.02	0	56.99
2012	11	23	19.433	6536.8096	327.8097	22.8097	 1.06	 0.05	192.56	 2.37	 0.79	 1.00	10.72	 1.12	322.24	297.11	308.35	283.52	307.23	0	56.70
2012	11	23	20.771	6536.8652	327.8654	22.8655	 1.16	 0.05	188.03	 2.02	 3.59	 1.00	10.77	 0.94	322.20	295.18	309.90	281.46	303.51	0	56.29
2012	11	23	22.991	6536.9580	327.9579	22.9580	 1.44	 0.11	196.95	 2.88	 2.00	 1.00	10.77	 1.16	319.77	288.74	300.29	265.75	295.79	0	53.15
2012	11	24	5.645	6537.2354	328.2352	23.2352	 0.79	 0.06	188.73	 4.78	 4.08	 1.00	10.77	 1.03	322.54	276.26	280.51	264.87	282.60	0	52.97
2012	11	24	6.524	6537.2720	328.2718	23.2718	 0.86	 0.04	192.18	 2.69	 4.39	 0.99	10.75	 1.13	322.46	277.41	283.73	264.87	283.84	0	52.97
2012	11	24	7.401	6537.3086	328.3083	23.3084	 0.85	 0.06	193.38	 4.00	11.07	 0.99	10.73	 1.13	322.49	278.25	286.54	264.84	284.65	0	52.97
2012	11	24	7.889	6537.3286	328.3287	23.3287	 0.91	 0.06	192.69	 3.99	10.48	 0.99	10.80	 1.15	322.63	278.54	287.50	264.93	285.04	0	52.99
2012	11	24	9.206	6537.3838	328.3836	23.3836	 0.88	 0.05	190.29	 3.00	 8.33	 0.98	10.75	 1.17	322.51	279.08	285.53	264.81	286.83	0	52.96
2012	11	24	9.644	6537.4019	328.4018	23.4018	 0.86	 0.05	184.48	 3.23	 4.07	 1.00	10.77	 1.12	322.61	279.32	286.36	264.79	285.60	0	52.96
2012	11	24	10.111	6537.4214	328.4213	23.4213	 0.88	 0.06	185.56	 3.58	 6.60	 0.99	10.78	 1.13	322.69	279.88	286.43	265.17	286.16	0	53.03
2012	11	24	10.551	6537.4395	328.4396	23.4396	 0.87	 0.04	179.52	 2.89	 3.88	 1.00	10.73	 1.10	322.60	280.65	288.34	267.05	 0.00	0	53.41
2012	11	24	13.209	6537.5503	328.5504	23.5504	 0.63	 0.03	190.54	 4.16	 9.90	 0.95	10.75	 1.00	323.50	289.02	298.40	277.23	294.03	0	55.45
2012	11	24	13.647	6537.5688	328.5686	23.5686	 0.69	 0.04	191.88	 4.34	 9.64	 0.98	10.80	 1.06	322.33	290.73	299.55	277.76	297.76	0	55.55
2012	11	24	14.085	6537.5869	328.5869	23.5869	 0.91	 0.05	189.48	 2.82	 2.04	 1.00	10.72	 1.09	322.59	292.16	303.73	277.58	301.64	0	55.52
2012	11	24	15.859	6537.6606	328.6608	23.6608	 0.89	 0.07	188.72	 4.29	 4.90	 1.00	10.75	 1.13	320.34	296.85	306.49	280.59	303.46	0	56.12
2012	11	24	16.757	6537.6982	328.6982	23.6982	 0.97	 0.07	182.91	 3.70	20.51	 0.96	10.77	 1.06	322.67	298.05	309.79	282.57	304.57	0	56.51
2012	11	24	17.634	6537.7349	328.7348	23.7348	 0.58	 0.04	193.89	 5.91	26.29	 0.87	10.82	 0.92	322.65	298.87	308.08	284.26	305.34	0	56.85
2012	11	24	18.072	6537.7529	328.7530	23.7530	 1.22	 0.08	195.96	 2.98	12.02	 0.99	10.72	 1.26	321.61	298.95	309.67	285.79	305.38	0	57.16
2012	11	24	18.972	6537.7905	328.7905	23.7905	 0.68	 0.05	197.61	 5.41	15.26	 0.97	10.77	 0.89	317.57	298.33	310.85	286.22	305.34	0	57.24
2012	11	24	22.498	6537.9375	328.9374	23.9374	 1.73	 0.09	201.11	 1.63	 0.78	 1.00	10.77	 1.06	321.54	288.83	298.60	266.54	297.26	0	53.31
2012	11	24	22.937	6537.9556	328.9557	23.9557	 1.48	 0.07	197.28	 1.76	13.45	 0.92	10.72	 1.07	321.44	287.79	296.92	265.74	293.55	0	53.15
2012	11	25	0.717	6538.0298	329.0299	24.0299	 0.82	 0.05	189.86	 3.82	 5.86	 1.00	10.75	 1.13	323.43	283.70	293.04	265.12	 0.00	0	53.02
2012	11	25	2.061	6538.0859	329.0859	24.0859	 0.78	 0.04	187.12	 3.58	 1.96	 1.00	10.82	 1.05	323.80	282.75	290.03	264.97	287.91	0	52.99
2012	11	25	2.499	6538.1040	329.1042	24.1041	 0.87	 0.06	186.81	 3.67	 4.77	 1.00	10.82	 1.14	324.08	282.49	291.94	264.91	289.12	0	52.98
2012	11	25	2.940	6538.1226	329.1225	24.1225	 0.75	 0.04	185.17	 3.11	 0.83	 1.00	10.77	 1.05	324.20	282.27	288.29	264.91	290.31	0	52.98
2012	11	25	3.841	6538.1602	329.1600	24.1600	 0.83	 0.06	191.27	 4.22	 3.47	 1.00	10.80	 1.09	323.14	281.69	291.38	264.94	286.82	0	52.99
2012	11	25	5.159	6538.2148	329.2149	24.2149	 0.73	 0.04	186.21	 3.64	 0.81	 1.00	10.75	 1.10	323.29	281.14	288.10	264.94	287.62	0	52.99
2012	11	25	6.501	6538.2710	329.2709	24.2709	 0.73	 0.06	185.43	 5.25	 5.42	 1.00	10.73	 1.07	323.50	280.57	286.80	265.01	287.01	0	53.00
2012	11	25	6.938	6538.2891	329.2891	24.2891	 0.83	 0.06	180.04	 3.92	 3.60	 1.00	10.72	 1.06	323.92	280.44	286.45	264.93	288.14	0	52.99
2012	11	25	7.377	6538.3071	329.3074	24.3074	 0.72	 0.06	191.89	 5.31	 2.91	 1.00	10.77	 1.10	324.62	280.39	289.10	264.87	 0.00	0	52.97
2012	11	25	8.304	6538.3462	329.3460	24.3460	 0.72	 0.04	186.15	 3.75	 8.14	 0.98	10.77	 1.05	324.39	280.35	288.18	 0.00	286.66	0	54.00
2012	11	25	11.398	6538.4751	329.4749	24.4749	 0.79	 0.05	181.62	 3.96	 1.51	 1.00	10.75	 1.19	324.65	283.08	289.12	269.61	291.18	0	53.92
2012	11	25	13.176	6538.5488	329.5490	24.5490	 0.79	 0.04	187.28	 3.12	 3.42	 1.00	10.73	 1.16	324.63	288.75	299.02	274.53	295.86	0	54.91
2012	11	25	15.834	6538.6597	329.6598	24.6598	 0.78	 0.05	192.58	 4.33	 7.44	 0.99	10.75	 1.11	322.78	296.71	309.07	281.83	303.40	0	56.37
2012	11	25	16.272	6538.6782	329.6780	24.6780	 1.06	 0.05	180.21	 2.25	90.86	 0.08	10.73	 1.09	323.06	297.56	310.37	282.12	306.49	0	56.42
2012	11	25	16.712	6538.6963	329.6963	24.6963	 0.51	 0.04	185.88	 7.62	13.80	 0.97	10.75	 0.85	322.24	298.18	311.13	282.43	304.67	0	56.49
2012	11	25	17.611	6538.7339	329.7338	24.7338	 0.76	 0.06	191.47	 4.97	 7.95	 1.00	10.75	 0.96	321.58	298.81	311.97	283.74	305.49	0	56.75
2012	11	25	18.049	6538.7520	329.7521	24.7521	 1.08	 0.05	203.90	 2.54	 1.90	 1.00	10.73	 1.25	321.39	298.82	309.24	283.39	306.06	0	56.68
2012	11	25	18.489	6538.7705	329.7704	24.7704	 0.92	 0.06	193.38	 3.51	 7.51	 0.99	10.73	 1.04	321.88	298.67	309.82	282.39	306.06	0	56.48
2012	11	25	19.825	6538.8262	329.8260	24.8261	 1.30	 0.14	200.34	 4.50	 5.80	 1.00	10.75	 1.19	321.87	297.15	311.24	280.22	305.32	0	56.04
2012	11	25	21.142	6538.8809	329.8809	24.8809	 1.22	 0.07	187.06	 2.47	 5.73	 1.00	10.73	 0.99	322.75	294.26	304.01	278.94	302.12	0	55.79
2012	11	25	21.605	6538.9004	329.9002	24.9002	 1.42	 0.11	196.55	 2.84	 7.99	 1.00	10.75	 1.11	323.54	293.11	303.95	276.58	301.19	0	55.32
2012	11	26	0.704	6539.0293	330.0293	25.0293	 0.77	 0.06	192.17	 4.99	 3.74	 1.00	10.78	 1.06	324.60	283.79	292.07	264.41	288.83	0	52.88
2012	11	26	1.143	6539.0479	330.0476	25.0476	 0.90	 0.04	192.39	 2.77	10.99	 0.95	10.73	 1.11	324.60	283.23	291.67	264.94	289.56	0	52.99
2012	11	26	2.043	6539.0850	330.0851	25.0851	 0.87	 0.05	195.28	 3.34	 4.18	 1.00	10.75	 1.07	324.59	282.37	290.37	 0.00	290.21	0	54.00
2012	11	26	2.481	6539.1035	330.1034	25.1034	 1.03	 0.06	198.21	 3.02	 3.55	 1.00	10.77	 1.18	324.51	282.07	293.83	264.98	288.49	0	53.00
2012	11	26	3.362	6539.1401	330.1401	25.1401	 1.14	 0.06	198.70	 2.40	 0.13	 1.00	10.75	 1.24	323.92	281.53	290.73	265.01	287.99	0	53.00
2012	11	26	4.269	6539.1777	330.1779	25.1779	 0.97	 0.05	195.99	 2.63	 0.84	 1.00	10.77	 1.07	320.54	280.92	287.98	265.05	288.06	0	53.01
2012	11	26	10.041	6539.4185	330.4184	25.4184	 0.98	 0.06	189.95	 3.50	 3.64	 1.00	10.73	 1.02	321.94	275.32	279.66	264.84	281.58	0	52.97
2012	11	26	10.946	6539.4561	330.4561	25.4561	 1.16	 0.07	194.39	 2.59	 5.05	 1.00	10.78	 1.24	322.00	278.36	283.53	267.04	284.27	0	53.41
2012	11	26	11.383	6539.4741	330.4743	25.4743	 1.07	 0.06	197.96	 2.90	 4.95	 1.00	10.73	 1.20	322.02	279.97	288.30	268.87	286.36	0	53.77
2012	11	26	11.821	6539.4927	330.4925	25.4925	 0.96	 0.06	193.68	 3.23	 4.51	 1.00	10.75	 1.10	322.11	281.53	287.37	269.68	288.13	0	53.94
2012	11	26	13.601	6539.5669	330.5667	25.5667	 1.09	 0.07	200.11	 2.98	 2.67	 1.00	10.73	 1.22	322.07	288.33	296.14	273.81	297.98	0	54.76
2012	11	26	14.038	6539.5850	330.5849	25.5849	 1.09	 0.06	198.38	 2.54	10.11	 0.98	10.75	 1.15	322.32	290.02	299.94	274.43	296.87	0	54.89
2012	11	26	15.376	6539.6406	330.6407	25.6407	 1.06	 0.06	198.51	 2.75	 8.30	 0.99	10.75	 1.13	324.83	294.59	306.24	279.28	301.70	0	55.86
2012	11	26	18.469	6539.7695	330.7695	25.7695	 1.21	 0.08	200.55	 3.04	12.40	 0.99	10.72	 1.17	323.80	298.62	310.10	283.05	305.76	0	56.61
2012	11	26	19.808	6539.8252	330.8253	25.8253	 0.91	 0.17	197.57	11.17	42.45	 1.00	10.77	 0.86	323.74	297.33	314.23	280.66	307.48	0	56.13
2012	11	26	21.560	6539.8984	330.8983	25.8983	 0.93	 0.11	190.84	 6.64	 8.53	 1.00	10.73	 0.90	324.23	293.81	303.10	278.16	301.48	0	55.63
2012	11	26	23.339	6539.9727	330.9725	25.9725	 1.17	 0.07	198.46	 2.81	 5.59	 1.00	10.73	 1.17	324.08	288.02	298.60	265.59	293.79	0	53.12
2012	11	26	23.782	6539.9907	330.9909	25.9909	 1.20	 0.07	200.22	 2.60	 4.27	 1.00	10.72	 1.27	324.31	286.70	297.34	265.48	293.43	0	53.10
2012	11	27	0.683	6540.0283	331.0285	26.0285	 1.09	 0.06	195.93	 2.81	 2.44	 1.00	10.77	 1.12	323.74	284.41	293.37	264.58	290.87	0	52.92
2012	11	27	1.123	6540.0469	331.0468	26.0468	 1.08	 0.06	195.92	 2.58	 3.04	 1.00	10.77	 1.14	323.57	283.60	292.74	265.08	290.02	0	53.02
2012	11	27	1.999	6540.0835	331.0833	26.0833	 0.89	 0.05	196.34	 3.63	 7.69	 0.99	10.77	 1.06	323.18	282.57	289.56	264.98	288.95	0	53.00
2012	11	27	3.338	6540.1392	331.1391	26.1391	 0.92	 0.07	193.44	 4.29	 2.15	 1.00	10.73	 1.04	323.92	281.74	288.39	264.90	288.28	0	52.98
2012	11	27	4.679	6540.1948	331.1950	26.1950	 1.03	 0.05	193.15	 2.32	 3.23	 1.00	10.77	 1.18	324.69	281.25	288.64	264.97	287.57	0	52.99
2012	11	27	5.120	6540.2134	331.2133	26.2133	 0.84	 0.04	196.53	 3.06	 1.99	 1.00	10.73	 1.10	324.60	281.15	288.62	264.93	287.50	0	52.99
2012	11	27	6.437	6540.2681	331.2682	26.2682	 0.91	 0.04	194.98	 2.77	 1.07	 1.00	10.77	 1.17	324.77	280.89	287.46	264.95	287.10	0	52.99
2012	11	27	9.589	6540.3994	331.3995	26.3995	 1.00	 0.06	197.37	 2.96	 2.86	 1.00	10.73	 1.23	324.84	280.64	289.54	264.79	286.87	0	52.96
2012	11	27	10.026	6540.4180	331.4178	26.4178	 0.88	 0.05	190.02	 3.44	 8.93	 0.99	10.77	 1.11	324.88	281.06	286.06	266.05	285.79	0	53.21
2012	11	27	11.369	6540.4736	331.4737	26.4737	 0.91	 0.05	193.21	 3.01	 3.80	 1.00	10.77	 1.15	321.83	283.64	291.74	270.75	290.94	0	54.15
2012	11	27	14.894	6540.6206	331.6206	26.6206	 0.69	 0.04	193.61	 4.64	 7.04	 0.99	10.75	 0.98	324.69	293.14	300.47	282.60	301.68	0	56.52
2012	11	27	15.331	6540.6387	331.6388	26.6388	 0.92	 0.06	188.82	 3.45	 2.50	 1.00	10.75	 1.14	324.16	295.00	304.06	282.98	302.21	0	56.60
2012	11	27	19.768	6540.8237	331.8237	26.8237	 1.22	 0.07	202.09	 2.50	 9.32	 0.99	10.75	 1.21	319.28	298.76	311.56	284.00	307.00	0	56.80
2012	11	27	20.672	6540.8613	331.8613	26.8613	 1.35	 0.13	198.86	 3.90	19.04	 0.99	10.73	 1.18	319.09	297.39	307.78	283.28	303.94	0	56.66
2012	11	27	23.767	6540.9902	331.9903	26.9903	 1.07	 0.07	194.15	 3.40	 2.86	 1.00	10.77	 1.01	322.62	287.19	299.00	265.55	296.41	0	53.11
2012	11	28	0.206	6541.0088	332.0086	27.0086	 1.14	 0.06	196.98	 2.33	 1.15	 1.00	10.73	 1.11	323.26	285.94	295.07	265.43	293.14	0	53.09
2012	11	28	1.107	6541.0459	332.0461	27.0461	 1.15	 0.06	195.55	 2.62	 5.54	 1.00	10.75	 1.20	323.29	283.86	291.34	264.40	290.33	0	52.88
2012	11	28	1.548	6541.0645	332.0645	27.0645	 1.10	 0.23	199.41	10.41	70.15	 1.00	10.73	 1.09	323.68	283.10	292.29	265.14	290.57	0	53.03
2012	11	28	2.426	6541.1011	332.1011	27.1011	 1.20	 0.07	202.58	 2.53	 8.20	 0.99	10.88	 1.16	324.14	282.19	290.40	265.09	288.51	0	53.02
2012	11	28	3.328	6541.1387	332.1387	27.1387	 1.24	 0.10	192.96	 3.43	 8.07	 1.00	10.73	 1.06	324.32	281.37	286.56	265.08	286.27	0	53.02
2012	11	28	4.645	6541.1934	332.1935	27.1936	 1.21	 0.08	194.79	 2.95	12.70	 0.99	10.75	 1.15	324.72	280.47	288.77	264.32	287.83	0	52.86
2012	11	28	5.549	6541.2314	332.2312	27.2312	 1.00	 0.06	197.62	 3.27	 6.63	 1.00	10.73	 1.07	324.68	280.34	284.99	264.98	286.50	0	53.00
2012	11	28	5.989	6541.2495	332.2496	27.2496	 1.07	 0.05	196.62	 2.40	11.27	 0.96	10.72	 1.12	324.68	280.29	286.61	265.02	286.48	0	53.00
2012	11	28	6.428	6541.2681	332.2679	27.2678	 0.95	 0.05	196.45	 3.21	 7.29	 0.99	10.75	 1.09	324.64	280.18	287.05	265.02	284.95	0	53.00
2012	11	28	6.866	6541.2861	332.2861	27.2861	 1.12	 0.05	194.98	 2.33	 7.72	 0.98	10.73	 1.17	324.47	280.06	286.58	265.01	287.67	0	53.00
2012	11	28	7.330	6541.3052	332.3054	27.3054	 1.02	 0.05	201.24	 2.91	 4.58	 1.00	10.77	 1.08	324.81	279.92	286.80	264.80	284.71	0	52.96
2012	11	28	7.771	6541.3237	332.3238	27.3238	 1.22	 0.05	197.42	 1.95	 5.05	 0.99	10.75	 1.14	324.98	279.86	287.46	264.22	285.96	0	52.84
2012	11	28	8.211	6541.3423	332.3421	27.3421	 1.16	 0.08	195.27	 3.09	 4.57	 1.00	10.75	 1.05	324.99	279.80	285.51	263.77	285.89	0	52.75
2012	11	28	8.649	6541.3604	332.3604	27.3604	 1.15	 0.08	191.10	 3.06	 3.82	 1.00	10.73	 0.98	325.16	279.69	284.22	263.34	287.13	0	52.67
2012	11	28	11.336	6541.4722	332.4724	27.4723	 1.53	 0.09	197.51	 2.05	 5.09	 1.00	10.77	 1.14	325.16	282.27	288.27	267.19	287.98	0	53.44
2012	11	28	12.238	6541.5098	332.5099	27.5099	 1.62	 0.09	193.23	 1.86	 7.48	 0.99	10.75	 1.01	325.33	285.15	290.49	272.59	291.52	0	54.52
2012	11	28	13.117	6541.5464	332.5465	27.5466	 1.94	 0.13	204.53	 1.80	 1.48	 1.00	10.73	 1.18	325.12	288.49	296.97	 0.00	295.26	0	54.00
2012	11	28	13.555	6541.5649	332.5648	27.5648	 1.76	 0.14	197.59	 2.30	 4.63	 1.00	10.75	 1.04	324.94	290.26	297.41	275.79	296.70	0	55.16
2012	11	28	14.020	6541.5840	332.5842	27.5842	 2.02	 0.14	203.25	 1.77	 2.34	 1.00	10.77	 1.18	322.31	291.93	300.33	277.45	298.60	0	55.49
2012	11	28	17.985	6541.7495	332.7494	27.7494	 2.36	 0.24	200.68	 1.96	 3.58	 1.00	10.73	 1.13	323.62	298.09	307.32	283.19	304.71	0	56.64
2012	11	28	18.447	6541.7686	332.7686	27.7686	 2.31	 0.31	202.78	 2.67	 8.33	 1.00	10.77	 0.99	324.08	297.88	311.07	278.43	305.00	0	55.69
2012	11	28	18.886	6541.7871	332.7869	27.7869	 2.35	 0.26	210.58	 2.29	14.84	 0.99	10.73	 1.27	323.91	298.04	309.48	281.93	305.38	0	56.39
2012	11	29	8.656	6542.3608	333.3607	28.3607	 2.71	 0.26	205.13	 1.46	 4.02	 1.00	10.72	 1.00	325.61	273.32	278.19	264.70	278.38	0	52.94
2012	11	29	9.098	6542.3789	333.3791	28.3791	 2.94	 0.41	209.67	 1.83	 3.55	 1.00	10.73	 1.13	325.73	274.57	282.86	264.11	280.39	0	52.82
2012	11	29	9.538	6542.3975	333.3974	28.3974	 2.73	 0.25	209.17	 1.42	 4.98	 0.99	10.87	 1.10	325.82	275.58	281.87	263.96	281.31	0	52.79
2012	11	29	11.353	6542.4731	333.4731	28.4730	 3.36	 0.51	208.07	 1.47	 0.89	 1.00	10.77	 1.20	326.01	280.44	286.86	267.55	 0.00	0	53.51
2012	11	29	12.259	6542.5107	333.5108	28.5108	 2.55	 0.27	206.40	 1.85	 8.20	 0.99	10.83	 1.08	326.31	283.84	289.82	269.65	289.82	0	53.93
2012	11	29	12.698	6542.5293	333.5291	28.5291	 2.49	 0.22	203.96	 1.55	 3.90	 1.00	10.73	 1.12	326.30	285.48	291.39	270.93	291.66	0	54.19
2012	11	29	13.577	6542.5659	333.5657	28.5657	 2.51	 0.24	205.31	 1.70	 4.47	 1.00	10.73	 1.18	326.19	288.97	295.17	272.92	298.11	0	54.58
2012	11	29	14.479	6542.6035	333.6033	28.6033	 2.17	 0.15	203.24	 1.50	 5.01	 0.99	10.85	 1.15	326.35	292.29	299.52	274.93	301.66	0	54.99
2012	11	29	14.919	6542.6216	333.6216	28.6216	 2.13	 0.16	198.47	 1.66	 4.03	 1.00	10.80	 1.01	324.95	293.51	301.37	275.45	303.04	0	55.09
2012	11	29	16.702	6542.6958	333.6959	28.6959	 2.54	 0.23	199.05	 1.52	 7.68	 0.98	10.77	 1.14	323.11	296.29	305.20	278.08	303.11	0	55.62
2012	11	29	17.144	6542.7144	333.7144	28.7143	 1.91	 0.27	189.10	 3.61	 4.28	 1.00	10.77	 0.99	320.18	296.69	307.83	279.02	303.32	0	55.80
2012	11	29	17.582	6542.7324	333.7326	28.7326	 1.96	 0.25	203.53	 3.36	 4.36	 1.00	10.73	 1.30	318.36	296.69	307.23	278.00	303.29	0	55.60
2012	11	29	18.021	6542.7510	333.7509	28.7509	 1.65	 0.15	194.08	 2.79	 3.26	 1.00	10.73	 1.12	318.98	296.23	305.46	275.74	303.27	0	55.15
2012	11	29	19.803	6542.8252	333.8251	28.8251	 1.82	 0.24	197.88	 3.67	22.51	 0.99	10.78	 1.05	320.17	294.66	304.97	281.12	301.80	0	56.22
2012	11	29	20.682	6542.8618	333.8617	28.8617	 1.73	 0.12	199.08	 2.16	 1.85	 1.00	10.80	 1.09	319.73	294.36	303.22	280.21	300.19	0	56.04
2012	11	29	21.146	6542.8809	333.8811	28.8811	 2.29	 0.17	206.50	 1.56	 5.76	 0.99	10.75	 1.22	320.99	293.74	306.32	276.97	303.48	0	55.39
2012	11	29	22.466	6542.9360	333.9361	28.9361	 1.82	 0.50	205.73	 8.06	48.42	 1.00	10.75	 0.89	321.23	289.68	308.24	264.96	297.03	0	52.99
2012	11	30	1.601	6543.0669	334.0667	29.0667	 1.04	 0.07	195.85	 3.27	 6.35	 1.00	10.85	 1.07	324.67	281.20	288.01	262.61	287.33	0	52.52
2012	11	30	2.481	6543.1035	334.1034	29.1034	 1.30	 0.07	200.00	 2.32	 2.62	 1.00	10.80	 1.18	324.57	280.37	289.11	262.70	286.60	0	52.54
2012	11	30	2.923	6543.1216	334.1218	29.1218	 1.14	 0.08	200.12	 3.28	 2.63	 1.00	10.72	 1.10	324.75	280.07	288.93	262.76	286.18	0	52.55
2012	11	30	4.268	6543.1777	334.1779	29.1778	 1.19	 0.06	197.91	 2.20	 5.68	 0.99	10.73	 1.16	324.57	279.34	287.17	262.82	284.23	0	52.56
2012	11	30	6.053	6543.2524	334.2522	29.2522	 0.90	 0.06	182.98	 3.67	 1.30	 1.00	10.78	 1.09	323.98	278.77	283.25	263.31	284.93	0	52.66
2012	11	30	6.491	6543.2705	334.2705	29.2705	 0.89	 0.05	191.36	 3.23	 3.53	 1.00	10.77	 1.17	323.97	278.71	286.46	263.41	283.48	0	52.68
2012	11	30	7.369	6543.3071	334.3070	29.3070	 0.88	 0.08	191.43	 5.08	 9.15	 1.00	10.75	 1.12	324.14	278.63	285.25	263.07	284.75	0	52.61
2012	11	30	7.811	6543.3257	334.3255	29.3255	 0.92	 0.05	188.22	 3.00	11.47	 0.97	10.85	 1.17	324.16	278.55	285.60	262.91	284.64	0	52.58
2012	11	30	8.278	6543.3447	334.3449	29.3449	 0.88	 0.05	188.21	 3.28	27.24	 0.84	10.77	 1.09	324.18	278.49	286.40	262.65	 0.00	0	52.53
2012	11	30	8.722	6543.3633	334.3634	29.3634	 1.06	 0.07	190.10	 3.13	 8.27	 0.99	10.78	 1.28	324.17	278.46	286.20	263.15	284.52	0	52.63
2012	11	30	9.163	6543.3818	334.3818	29.3818	 0.98	 0.06	181.49	 2.96	 9.63	 0.98	10.88	 1.14	324.36	278.44	285.71	262.77	 0.00	0	52.55
2012	11	30	9.605	6543.4004	334.4002	29.4002	 0.79	 0.07	180.78	 5.27	 4.24	 1.00	10.77	 1.04	324.15	278.44	284.12	263.20	285.78	0	52.64
2012	11	30	11.415	6543.4756	334.4756	29.4756	 0.67	 0.05	181.82	 5.56	 4.29	 1.00	10.73	 1.13	324.41	281.46	288.02	265.34	285.75	0	53.07
2012	11	30	11.858	6543.4941	334.4941	29.4941	 0.79	 0.05	178.14	 3.59	 2.12	 1.00	10.77	 1.22	324.47	282.65	290.13	267.59	288.91	0	53.52
2012	11	30	16.729	6543.6973	334.6971	29.6971	 0.63	 0.09	179.45	 9.88	46.24	 0.97	10.73	 1.00	325.02	295.51	304.08	279.17	302.43	0	55.83
2012	11	30	18.509	6543.7710	334.7712	29.7712	 0.62	 0.09	181.17	11.08	20.62	 1.00	10.77	 0.99	321.81	296.95	307.41	280.02	304.08	0	56.00
2012	11	30	18.946	6543.7896	334.7894	29.7894	 0.61	 0.08	188.89	10.24	 9.63	 1.00	10.75	 1.03	321.92	296.73	308.57	280.11	304.14	0	56.02
2012	11	30	23.857	6543.9941	334.9940	29.9940	 0.76	 0.05	172.01	 3.88	 7.02	 0.99	10.85	 1.13	324.03	285.30	295.44	264.65	292.11	0	52.93
