2006	11	1	0.280	4322.0117	304.0117	0.0117	 0.55	 0.03	174.88	 4.75	 3.08	 1.00	10.75	 2.14	328.03	283.53	291.88	262.65	291.10	0	52.53
2006	11	1	0.723	4322.0303	304.0301	0.0301	 0.60	 0.03	173.56	 3.68	 4.82	 0.98	10.90	 2.13	327.63	282.63	289.88	262.47	290.24	0	52.49
2006	11	1	1.169	4322.0488	304.0487	0.0487	 0.49	 0.03	166.31	 4.88	 3.49	 0.99	10.92	 2.05	327.66	281.99	289.51	 0.00	288.14	0	54.00
2006	11	1	1.634	4322.0679	304.0681	0.0681	 0.39	 0.03	175.23	 7.75	16.57	 0.77	10.88	 1.98	327.74	281.48	287.74	264.57	 0.00	0	52.91
2006	11	1	2.079	4322.0864	304.0866	0.0866	 0.50	 0.02	175.30	 4.11	 7.22	 0.88	10.90	 2.14	327.49	281.16	287.88	264.58	 0.00	0	52.92
2006	11	1	2.521	4322.1050	304.1050	0.1050	 0.57	 0.03	166.78	 3.88	 6.84	 0.94	10.78	 2.19	327.20	280.86	288.71	264.58	287.10	0	52.92
2006	11	1	2.962	4322.1235	304.1234	0.1234	 0.47	 0.03	167.61	 4.88	 8.45	 0.89	10.83	 2.07	327.54	280.56	287.93	263.84	285.48	0	52.77
2006	11	1	3.403	4322.1416	304.1418	0.1418	 0.43	 0.04	163.26	 7.22	 4.33	 0.99	10.75	 2.05	327.51	280.30	286.55	264.55	285.16	0	52.91
2006	11	1	3.871	4322.1611	304.1613	0.1613	 0.46	 0.04	157.87	 5.98	 5.60	 0.98	10.80	 2.10	327.39	280.10	285.93	264.55	 0.00	0	52.91
2006	11	1	4.314	4322.1797	304.1797	0.1797	 0.42	 0.03	160.54	 6.42	 9.88	 0.89	10.77	 2.06	327.28	279.95	286.30	264.56	286.23	0	52.91
2006	11	1	4.756	4322.1982	304.1982	0.1982	 0.50	 0.04	154.13	 5.93	 6.26	 0.98	10.83	 2.14	327.27	279.80	286.26	264.58	287.41	0	52.92
2006	11	1	5.196	4322.2163	304.2165	0.2165	 0.45	 0.03	162.87	 5.45	 4.49	 0.97	10.80	 2.12	327.22	279.68	287.94	264.59	285.91	0	52.92
2006	11	1	5.641	4322.2349	304.2350	0.2350	 0.59	 0.04	154.06	 4.37	 1.03	 1.00	10.77	 2.26	327.32	279.56	287.25	264.58	287.10	0	52.92
2006	11	1	6.111	4322.2544	304.2546	0.2546	 0.51	 0.03	157.81	 4.78	 5.15	 0.98	10.88	 2.20	327.28	279.45	286.67	 0.00	284.43	0	54.00
2006	11	1	6.552	4322.2729	304.2730	0.2730	 0.45	 0.03	162.48	 4.96	 1.91	 0.99	10.75	 2.09	327.65	279.36	286.78	264.10	285.57	0	52.82
2006	11	1	6.993	4322.2915	304.2914	0.2914	 0.41	 0.02	170.71	 4.76	 4.86	 0.89	10.75	 2.09	327.03	279.24	285.91	 0.00	286.84	0	54.00
2006	11	1	7.436	4322.3101	304.3098	0.3098	 0.57	 0.03	162.13	 3.22	 3.14	 0.98	10.80	 2.25	327.76	279.15	286.20	263.79	286.41	0	52.76
2006	11	1	7.877	4322.3281	304.3282	0.3282	 0.46	 0.03	167.89	 5.80	 5.14	 0.98	10.78	 2.10	327.47	279.06	285.36	263.52	286.47	0	52.70
2006	11	1	8.342	4322.3477	304.3476	0.3476	 0.44	 0.02	170.69	 4.61	 6.98	 0.86	10.83	 2.06	327.39	278.91	285.47	262.55	283.65	0	52.51
2006	11	1	8.787	4322.3662	304.3661	0.3661	 0.46	 0.02	165.27	 4.36	 5.76	 0.91	10.95	 2.09	327.87	278.80	284.59	262.46	284.71	0	52.49
2006	11	1	9.234	4322.3848	304.3847	0.3847	 0.44	 0.02	170.15	 4.71	 9.06	 0.78	10.87	 2.07	328.26	278.68	284.11	262.18	284.55	0	52.44
2006	11	1	9.678	4322.4033	304.4032	0.4032	 0.44	 0.03	173.11	 6.44	 3.13	 0.99	10.73	 2.06	328.24	278.56	283.95	 0.00	284.32	0	54.00
2006	11	1	10.117	4322.4214	304.4215	0.4216	 0.56	 0.03	163.09	 3.92	 4.30	 0.98	10.78	 2.16	327.67	278.71	284.72	264.52	284.33	0	52.90
2006	11	1	10.583	4322.4409	304.4409	0.4409	 0.64	 0.02	160.50	 2.40	 3.35	 0.96	10.80	 2.24	327.81	279.30	285.80	264.46	286.41	0	52.89
2006	11	1	11.023	4322.4595	304.4593	0.4593	 0.54	 0.03	164.94	 4.12	 4.13	 0.98	10.77	 2.16	327.81	280.20	285.19	265.62	 0.00	0	53.12
2006	11	1	11.465	4322.4775	304.4777	0.4777	 0.59	 0.03	160.35	 3.38	 1.69	 1.00	10.75	 2.22	327.88	281.41	287.46	269.28	288.14	0	53.86
2006	11	1	11.905	4322.4961	304.4961	0.4961	 0.50	 0.02	163.91	 3.15	 1.93	 0.98	10.77	 2.13	328.01	282.86	288.33	270.91	288.98	0	54.18
2006	11	1	12.344	4322.5142	304.5143	0.5143	 0.58	 0.03	161.91	 3.38	 4.72	 0.96	10.73	 2.21	328.01	284.25	291.96	270.17	292.84	0	54.03
2006	11	1	12.807	4322.5337	304.5336	0.5336	 0.49	 0.03	168.13	 5.44	 4.40	 0.99	10.78	 2.15	328.09	285.74	292.44	270.28	292.32	0	54.06
2006	11	1	13.246	4322.5518	304.5519	0.5519	 0.60	 0.03	161.80	 3.48	 1.99	 1.00	10.78	 2.20	328.07	287.24	295.11	269.90	293.95	0	53.98
2006	11	1	13.684	4322.5703	304.5702	0.5702	 0.60	 0.03	169.59	 3.84	 1.32	 1.00	10.78	 2.28	328.08	288.74	297.92	271.06	295.47	0	54.21
2006	11	1	14.123	4322.5884	304.5884	0.5884	 0.60	 0.03	169.67	 3.82	 0.72	 1.00	10.75	 2.20	328.06	290.29	298.72	272.17	297.08	0	54.43
2006	11	1	14.560	4322.6064	304.6067	0.6067	 0.60	 0.03	165.39	 3.47	 4.73	 0.97	10.75	 2.13	328.01	291.78	300.48	272.96	298.71	0	54.59
2006	11	1	15.023	4322.6260	304.6259	0.6259	 0.56	 0.03	168.23	 3.90	 9.01	 0.90	10.80	 2.16	328.16	293.12	302.03	274.51	300.11	0	54.90
2006	11	1	15.461	4322.6440	304.6442	0.6442	 0.45	 0.03	179.64	 7.14	10.08	 0.95	10.77	 2.01	328.09	294.36	303.38	275.04	301.29	0	55.01
2006	11	1	15.899	4322.6626	304.6624	0.6625	 0.64	 0.05	163.38	 4.97	 0.22	 1.00	10.75	 2.10	328.35	295.34	306.02	276.40	302.22	0	55.28
2006	11	1	17.237	4322.7183	304.7182	0.7182	 0.43	 0.05	175.51	10.34	63.73	 0.58	10.80	 1.93	328.44	297.21	308.01	278.56	 0.00	0	55.71
2006	11	1	17.675	4322.7363	304.7365	0.7365	 0.62	 0.04	172.60	 4.03	16.88	 0.82	10.73	 2.20	328.29	297.50	308.92	280.38	302.00	0	56.08
2006	11	1	18.113	4322.7549	304.7547	0.7547	 0.74	 0.06	162.58	 4.51	11.66	 0.98	10.75	 2.04	328.31	297.67	308.32	279.48	304.56	0	55.90
2006	11	1	18.552	4322.7729	304.7730	0.7730	 1.05	 0.04	171.38	 1.78	 4.03	 0.98	10.75	 2.25	328.35	297.42	308.92	278.87	306.73	0	55.77
2006	11	1	18.990	4322.7910	304.7912	0.7912	 0.94	 0.06	166.38	 3.24	 9.34	 0.99	10.77	 2.06	328.34	297.16	308.68	282.04	304.45	0	56.41
2006	11	1	19.453	4322.8105	304.8105	0.8106	 0.72	 0.04	191.72	 3.36	 9.69	 0.95	10.80	 2.08	328.35	296.68	308.90	279.90	304.24	0	55.98
2006	11	1	19.892	4322.8286	304.8289	0.8289	 0.87	 0.06	187.20	 3.81	 4.50	 1.00	10.77	 1.99	328.26	296.07	306.54	278.39	303.83	0	55.68
2006	11	1	20.331	4322.8472	304.8471	0.8471	 0.99	 0.04	194.64	 1.92	14.48	 0.78	10.73	 2.14	328.23	295.39	306.29	278.76	305.46	0	55.75
2006	11	1	20.769	4322.8652	304.8654	0.8654	 1.02	 0.04	197.03	 2.29	12.76	 0.92	10.78	 2.11	328.13	294.61	307.19	278.28	302.79	0	55.66
2006	11	1	21.208	4322.8838	304.8837	0.8837	 1.18	 0.04	194.80	 1.66	 3.05	 0.99	10.82	 2.16	328.04	293.70	305.80	277.90	300.04	0	55.58
2006	11	1	21.674	4322.9033	304.9031	0.9031	 1.18	 0.04	190.64	 1.54	15.47	 0.71	10.82	 2.04	328.02	292.54	303.12	272.24	300.51	0	54.45
2006	11	1	22.116	4322.9214	304.9215	0.9215	 0.91	 0.05	191.75	 3.32	 0.89	 1.00	10.75	 1.94	327.93	291.06	301.53	265.22	298.64	0	53.04
2006	11	1	23.003	4322.9585	304.9584	0.9584	 1.24	 0.06	183.58	 2.03	16.15	 0.89	10.80	 2.12	327.82	288.21	298.22	265.25	296.29	0	53.05
2006	11	1	23.446	4322.9771	304.9769	0.9769	 1.03	 0.03	171.14	 1.55	 6.22	 0.91	10.75	 2.20	327.64	286.74	296.27	264.13	 0.00	0	52.83
# Unit 3, Cerro Chajnantor CCAT, Filter  0,  Slot 1, 350 um (616) & yellow
#				days
#				since		day of	day of
# yr	mo	dy	 time	1/1/1995	year	month	Tau	unc	Tatm	unc	mse	fitgood	Etime	R	Thot	Twarm	Tchop	Tamb	<Tint>	Filter	Toff
# 1	2	3	4	5		6	7	8	9	10	11	12	13	14	15	16	17	18	19	20	21	22
2006	11	1	23.935	4322.9971	304.9973	0.9973	 0.65	 0.03	152.07	 2.84	 3.03	 0.98	10.82	 2.13	327.66	285.19	294.47	262.87	291.84	0	52.57
2006	11	2	0.377	4323.0156	305.0157	1.0157	 0.43	 0.02	159.98	 3.89	 4.45	 0.86	10.92	 2.11	327.68	284.08	292.96	263.94	290.54	0	52.79
2006	11	2	0.821	4323.0342	305.0342	1.0342	 0.47	 0.03	153.25	 4.12	 4.84	 0.92	10.72	 2.14	327.78	283.35	291.43	264.49	288.41	0	52.90
2006	11	2	1.263	4323.0527	305.0526	1.0526	 0.46	 0.03	152.54	 4.44	 3.14	 0.97	10.82	 2.15	327.81	282.76	290.84	 0.00	289.19	0	54.00
2006	11	2	1.708	4323.0713	305.0712	1.0712	 0.40	 0.03	160.84	 5.42	 7.20	 0.85	10.85	 2.05	327.79	282.40	289.67	264.39	290.13	0	52.88
2006	11	2	2.176	4323.0908	305.0907	1.0907	 0.48	 0.02	158.82	 3.88	 5.61	 0.89	10.83	 2.14	327.89	282.13	290.44	265.05	288.60	0	53.01
2006	11	2	2.616	4323.1089	305.1090	1.1090	 0.50	 0.02	159.80	 2.76	 3.67	 0.85	10.77	 2.13	327.78	281.98	289.91	265.16	287.13	0	53.03
2006	11	2	3.057	4323.1274	305.1274	1.1274	 0.52	 0.02	162.52	 3.11	 2.77	 0.96	10.90	 2.15	327.77	281.88	289.53	264.89	287.00	0	52.98
2006	11	2	3.502	4323.1460	305.1459	1.1459	 0.62	 0.02	157.25	 2.52	 2.74	 0.97	10.87	 2.20	327.76	281.67	289.91	264.57	 0.00	0	52.91
2006	11	2	3.943	4323.1641	305.1643	1.1643	 0.49	 0.02	169.15	 3.91	 3.64	 0.96	10.90	 2.08	327.79	281.58	288.80	264.38	287.95	0	52.88
2006	11	2	4.408	4323.1836	305.1837	1.1837	 0.51	 0.03	163.22	 4.76	 1.97	 1.00	10.78	 2.12	327.88	281.47	288.12	264.51	286.49	0	52.90
2006	11	2	4.853	4323.2021	305.2022	1.2022	 0.50	 0.03	164.44	 4.00	 4.04	 0.96	11.02	 2.12	327.80	281.36	288.09	 0.00	289.01	0	54.00
2006	11	2	5.741	4323.2393	305.2392	1.2392	 0.53	 0.02	165.84	 2.73	 2.95	 0.93	10.82	 2.14	327.79	281.19	288.95	264.39	287.56	0	52.88
2006	11	2	6.183	4323.2578	305.2576	1.2576	 0.55	 0.02	164.40	 2.83	 3.07	 0.95	10.93	 2.13	327.85	281.12	288.70	264.32	286.16	0	52.86
2006	11	2	6.649	4323.2769	305.2770	1.2770	 0.52	 0.03	160.53	 4.63	10.71	 0.89	10.78	 2.06	327.93	281.05	287.77	264.38	287.47	0	52.88
2006	11	2	7.092	4323.2954	305.2955	1.2955	 0.52	 0.02	164.84	 2.99	 5.26	 0.84	10.80	 2.11	327.85	281.01	288.50	264.31	288.73	0	52.86
2006	11	2	7.533	4323.3140	305.3138	1.3139	 0.56	 0.03	163.69	 3.38	 1.91	 0.99	10.83	 2.18	327.74	280.93	288.89	264.31	288.64	0	52.86
2006	11	2	7.976	4323.3325	305.3323	1.3323	 0.58	 0.03	162.22	 3.15	 1.30	 1.00	10.77	 2.19	327.82	280.88	289.00	264.34	287.21	0	52.87
2006	11	2	8.423	4323.3511	305.3510	1.3509	 0.47	 0.03	162.48	 4.31	 4.38	 0.95	10.88	 2.06	327.84	280.77	287.18	 0.00	288.34	0	54.00
2006	11	2	8.886	4323.3701	305.3703	1.3703	 0.51	 0.03	163.85	 4.02	 2.01	 0.99	10.77	 2.09	327.72	280.64	286.16	264.44	286.95	0	52.89
2006	11	2	9.328	4323.3887	305.3887	1.3887	 0.54	 0.03	163.80	 4.48	 2.44	 1.00	10.77	 2.14	327.82	280.43	286.43	264.48	 0.00	0	52.90
2006	11	2	9.769	4323.4072	305.4070	1.4070	 0.50	 0.02	160.74	 3.44	 2.90	 0.96	10.92	 2.04	327.76	280.31	285.78	264.31	 0.00	0	52.86
2006	11	2	10.211	4323.4253	305.4255	1.4255	 0.58	 0.02	163.86	 2.72	 1.57	 0.99	10.77	 2.16	327.84	280.55	287.18	264.32	286.52	0	52.86
2006	11	2	10.654	4323.4438	305.4439	1.4439	 0.48	 0.03	168.24	 4.67	 4.68	 0.97	10.73	 2.08	327.81	281.14	287.16	267.36	285.56	0	53.47
2006	11	2	11.559	4323.4814	305.4816	1.4816	 0.62	 0.02	161.94	 2.50	 1.68	 0.99	10.82	 2.18	327.96	283.22	289.61	270.75	289.33	0	54.15
2006	11	2	11.998	4323.5000	305.4999	1.4999	 0.60	 0.03	170.53	 3.58	 1.67	 1.00	10.77	 2.21	328.11	284.57	292.04	272.20	290.98	0	54.44
2006	11	2	12.437	4323.5181	305.5182	1.5182	 0.58	 0.03	174.19	 4.20	 3.35	 0.99	10.75	 2.10	328.21	286.15	293.59	273.58	290.55	0	54.72
2006	11	2	12.874	4323.5366	305.5364	1.5364	 0.74	 0.03	172.45	 2.11	 4.57	 0.94	10.75	 2.17	328.29	287.91	294.73	276.47	297.02	0	55.29
2006	11	2	13.778	4323.5742	305.5741	1.5741	 0.80	 0.05	189.52	 3.66	17.97	 0.93	10.77	 2.21	328.44	291.79	297.74	278.46	296.47	0	55.69
2006	11	2	14.217	4323.5923	305.5924	1.5924	 0.92	 0.03	180.62	 1.84	 3.17	 0.98	10.75	 2.18	328.40	293.60	302.84	276.36	298.41	0	55.27
2006	11	2	14.655	4323.6108	305.6106	1.6106	 0.78	 0.02	192.00	 2.04	 7.90	 0.84	10.77	 2.14	328.60	295.28	304.64	279.18	302.76	0	55.84
2006	11	2	15.093	4323.6289	305.6289	1.6289	 0.74	 0.03	189.28	 2.26	10.86	 0.76	10.75	 2.24	327.81	296.68	306.61	279.67	304.14	0	55.93
2006	11	2	15.556	4323.6479	305.6482	1.6482	 0.66	 0.03	180.99	 3.05	51.40	 0.09	10.80	 1.95	327.67	297.89	307.58	281.06	305.31	0	56.21
2006	11	2	15.994	4323.6665	305.6664	1.6664	 0.84	 0.05	173.31	 3.02	22.88	 0.81	10.77	 2.03	326.53	298.84	309.28	282.57	303.85	0	56.51
2006	11	2	16.433	4323.6846	305.6847	1.6847	 0.80	 0.05	184.36	 4.00	23.18	 0.91	10.77	 2.14	326.60	299.55	310.97	283.87	309.01	0	56.77
2006	11	2	17.309	4323.7212	305.7212	1.7212	 0.61	 0.05	196.30	 6.25	 5.34	 1.00	10.77	 2.07	326.13	300.00	312.10	281.76	307.31	0	56.35
2006	11	2	17.771	4323.7402	305.7405	1.7405	 0.67	 0.04	178.72	 3.65	 5.86	 0.98	10.77	 1.94	325.95	299.88	311.63	279.91	307.31	0	55.98
2006	11	2	18.210	4323.7588	305.7588	1.7588	 0.62	 0.08	193.85	10.46	29.67	 0.99	10.77	 1.86	325.89	299.51	312.37	278.43	307.00	0	55.69
2006	11	2	19.086	4323.7954	305.7953	1.7953	 0.78	 0.10	178.96	 8.02	19.22	 1.00	10.77	 1.84	325.86	298.20	310.55	277.64	305.78	0	55.53
2006	11	2	19.524	4323.8135	305.8135	1.8135	 1.00	 0.08	194.18	 4.02	35.86	 0.93	10.80	 2.23	325.83	297.45	309.34	278.01	305.12	0	55.60
2006	11	2	19.987	4323.8330	305.8328	1.8328	 1.11	 0.04	189.60	 1.83	 8.27	 0.94	10.80	 2.25	325.94	296.53	308.12	277.28	 0.00	0	55.46
2006	11	2	20.426	4323.8511	305.8511	1.8511	 0.88	 0.04	191.62	 2.82	 5.64	 0.99	10.78	 1.96	325.77	295.61	306.75	278.52	301.72	0	55.70
2006	11	2	20.866	4323.8696	305.8694	1.8694	 1.12	 0.06	194.02	 2.47	 7.85	 0.99	10.85	 1.99	325.81	294.59	305.67	275.96	302.49	0	55.19
2006	11	2	21.306	4323.8877	305.8878	1.8877	 1.21	 0.06	198.01	 2.09	 8.38	 0.98	10.77	 2.13	326.03	293.51	305.60	274.21	303.08	0	54.84
2006	11	2	22.209	4323.9253	305.9254	1.9254	 1.45	 0.21	201.97	 5.57	16.01	 1.00	10.87	 2.29	326.11	290.66	301.16	266.40	299.43	0	53.28
2006	11	2	22.649	4323.9438	305.9437	1.9437	 1.43	 0.06	203.31	 1.57	 4.92	 0.98	10.73	 2.36	326.14	289.17	298.17	265.32	296.45	0	53.06
2006	11	2	23.089	4323.9619	305.9620	1.9620	 1.14	 0.08	193.06	 3.19	 3.66	 1.00	10.73	 1.99	326.41	287.72	297.22	 0.00	294.71	0	54.00
2006	11	2	23.529	4323.9805	305.9804	1.9804	 0.95	 0.04	191.17	 2.27	 4.98	 0.99	10.73	 2.14	326.34	286.33	296.26	263.76	291.93	0	52.75
2006	11	2	23.970	4323.9985	305.9987	1.9987	 0.86	 0.07	171.32	 4.54	17.60	 0.98	10.80	 2.16	326.64	285.17	295.17	264.80	290.49	0	52.96
2006	11	3	0.458	4324.0190	306.0191	2.0191	 0.70	 0.03	176.78	 2.70	 3.11	 0.99	10.83	 2.21	327.23	284.18	293.31	 0.00	 0.00	0	54.00
2006	11	3	0.901	4324.0376	306.0375	2.0375	 0.53	 0.02	174.62	 3.63	 3.02	 0.98	10.77	 2.00	327.16	283.52	290.89	264.54	290.00	0	52.91
2006	11	3	1.346	4324.0562	306.0561	2.0561	 0.61	 0.02	175.05	 2.35	 1.97	 0.98	10.78	 2.13	327.39	283.09	290.73	264.49	289.55	0	52.90
2006	11	3	1.789	4324.0747	306.0746	2.0745	 0.61	 0.03	177.81	 3.39	 1.16	 1.00	10.78	 2.10	327.30	282.81	291.13	264.45	289.31	0	52.89
2006	11	3	2.230	4324.0928	306.0929	2.0929	 0.52	 0.04	182.70	 5.87	 0.56	 1.00	10.90	 2.01	327.36	282.58	288.10	264.46	290.44	0	52.89
2006	11	3	2.697	4324.1123	306.1124	2.1124	 0.71	 0.03	176.47	 3.17	 3.04	 0.99	10.88	 2.19	327.15	282.35	288.80	264.49	288.89	0	52.90
2006	11	3	3.141	4324.1309	306.1309	2.1309	 0.66	 0.03	180.27	 3.46	 4.00	 0.99	10.73	 2.11	327.04	282.10	290.02	264.53	287.24	0	52.91
2006	11	3	3.582	4324.1494	306.1492	2.1492	 0.59	 0.03	186.64	 3.81	 6.38	 0.96	10.75	 2.07	327.31	281.84	288.44	264.60	288.27	0	52.92
2006	11	3	4.025	4324.1675	306.1677	2.1677	 0.60	 0.03	181.69	 4.23	 4.89	 0.99	10.83	 2.00	327.50	281.59	287.86	264.60	287.88	0	52.92
2006	11	3	4.464	4324.1860	306.1860	2.1860	 0.64	 0.03	180.65	 3.49	 3.16	 0.99	10.77	 2.10	327.37	281.38	288.04	264.52	286.24	0	52.90
2006	11	3	4.930	4324.2056	306.2054	2.2054	 0.64	 0.03	182.20	 3.10	 4.19	 0.98	10.80	 2.14	327.40	281.15	287.77	264.56	287.44	0	52.91
2006	11	3	5.370	4324.2236	306.2238	2.2238	 0.61	 0.02	178.61	 2.87	 4.32	 0.95	10.73	 2.04	327.20	280.97	287.50	 0.00	288.61	0	54.00
2006	11	3	5.811	4324.2422	306.2421	2.2421	 0.67	 0.04	179.55	 3.90	 2.93	 1.00	10.92	 2.13	327.05	280.78	288.64	264.58	 0.00	0	52.92
2006	11	3	6.254	4324.2607	306.2606	2.2606	 0.57	 0.03	180.50	 4.68	 5.26	 0.99	10.92	 2.04	326.98	280.64	288.38	264.52	286.97	0	52.90
2006	11	3	6.697	4324.2788	306.2791	2.2791	 0.72	 0.02	176.17	 2.22	 0.60	 1.00	10.78	 2.17	326.90	280.41	287.08	264.58	288.19	0	52.92
2006	11	3	7.161	4324.2983	306.2984	2.2984	 0.67	 0.02	177.21	 2.31	 1.39	 0.99	10.80	 2.17	326.85	280.31	287.10	264.65	285.39	0	52.93
2006	11	3	7.604	4324.3169	306.3168	2.3168	 0.66	 0.03	172.36	 2.99	 3.58	 0.98	10.77	 2.13	326.97	280.14	286.39	264.54	286.42	0	52.91
2006	11	3	8.045	4324.3354	306.3352	2.3352	 0.68	 0.03	168.50	 3.23	 2.66	 1.00	10.90	 2.12	327.07	279.99	286.60	264.55	 0.00	0	52.91
2006	11	3	8.487	4324.3535	306.3536	2.3536	 0.67	 0.03	171.53	 3.24	 1.60	 1.00	10.78	 2.14	327.33	279.89	285.56	264.24	287.33	0	52.85
2006	11	3	8.928	4324.3721	306.3720	2.3720	 0.65	 0.03	172.48	 2.70	 2.98	 0.98	10.73	 2.07	327.31	279.74	286.62	264.11	287.16	0	52.82
2006	11	3	9.396	4324.3916	306.3915	2.3915	 0.63	 0.03	170.57	 3.18	 9.05	 0.88	10.83	 2.12	327.42	279.62	283.96	264.08	286.99	0	52.82
2006	11	3	9.839	4324.4102	306.4100	2.4100	 0.72	 0.03	169.85	 2.51	 0.93	 1.00	10.77	 2.21	327.87	279.60	286.42	264.55	286.83	0	52.91
2006	11	3	10.283	4324.4282	306.4285	2.4285	 0.67	 0.03	170.59	 3.15	 3.37	 0.99	10.82	 2.16	328.12	279.93	285.97	264.56	285.65	0	52.91
2006	11	3	10.723	4324.4468	306.4468	2.4468	 0.65	 0.04	170.63	 3.70	 4.31	 0.99	10.80	 2.14	328.15	280.32	286.32	264.67	286.04	0	52.93
2006	11	3	11.164	4324.4653	306.4652	2.4652	 0.69	 0.04	172.97	 3.28	 2.98	 1.00	10.82	 2.25	328.20	281.04	287.07	264.87	288.14	0	52.97
2006	11	3	11.630	4324.4844	306.4846	2.4846	 0.61	 0.02	179.81	 2.96	 2.66	 0.99	10.78	 2.12	328.32	281.86	286.38	265.18	285.90	0	53.04
2006	11	3	12.070	4324.5029	306.5029	2.5029	 0.69	 0.03	176.26	 2.67	 1.72	 1.00	10.77	 2.19	328.38	282.89	287.75	265.18	288.86	0	53.04
2006	11	3	12.509	4324.5210	306.5212	2.5212	 0.70	 0.03	174.86	 3.07	 3.23	 0.99	10.77	 2.14	328.46	284.12	289.24	266.36	290.20	0	53.27
2006	11	3	12.946	4324.5396	306.5394	2.5394	 0.68	 0.03	178.61	 2.98	 1.78	 1.00	10.77	 2.16	328.51	285.47	291.29	267.48	291.60	0	53.50
2006	11	3	13.384	4324.5576	306.5576	2.5577	 0.72	 0.03	181.81	 2.69	 1.51	 1.00	10.70	 2.22	328.55	286.91	293.48	269.12	293.13	0	53.82
2006	11	3	13.845	4324.5767	306.5769	2.5769	 0.72	 0.04	183.94	 3.29	 2.12	 1.00	10.78	 2.20	328.67	288.52	295.88	269.65	294.89	0	53.93
2006	11	3	14.283	4324.5952	306.5952	2.5951	 0.68	 0.03	187.99	 2.70	 3.32	 0.98	10.73	 2.11	328.66	290.12	297.64	271.35	296.65	0	54.27
2006	11	3	14.722	4324.6133	306.6134	2.6134	 0.73	 0.03	186.58	 2.28	 2.62	 0.99	10.77	 2.17	328.57	291.80	299.52	274.24	301.10	0	54.85
2006	11	3	15.161	4324.6318	306.6317	2.6317	 0.86	 0.03	187.84	 1.99	 4.99	 0.95	10.75	 2.25	328.47	293.43	301.35	276.27	300.15	0	55.25
2006	11	3	15.599	4324.6499	306.6500	2.6500	 0.89	 0.02	185.13	 1.38	 1.55	 0.99	10.77	 2.13	328.36	294.83	302.33	277.47	298.91	0	55.49
2006	11	3	16.062	4324.6694	306.6693	2.6693	 0.86	 0.05	184.39	 3.10	 4.35	 1.00	10.80	 2.10	328.28	296.05	306.21	277.54	302.85	0	55.51
2006	11	3	16.502	4324.6875	306.6876	2.6876	 0.73	 0.03	188.53	 2.69	15.16	 0.75	10.75	 1.99	327.81	296.81	306.43	277.21	303.63	0	55.44
2006	11	3	16.941	4324.7061	306.7059	2.7059	 0.70	 0.04	183.85	 3.97	 9.68	 0.97	10.75	 1.94	327.63	297.43	305.80	278.48	304.25	0	55.70
2006	11	3	17.379	4324.7241	306.7241	2.7241	 0.85	 0.04	200.21	 2.78	 1.25	 1.00	10.78	 2.26	327.49	297.82	308.20	279.22	304.76	0	55.84
2006	11	3	17.817	4324.7422	306.7424	2.7424	 0.82	 0.05	194.66	 3.85	33.92	 0.82	10.78	 1.99	327.47	297.98	307.62	278.28	304.97	0	55.66
2006	11	3	18.280	4324.7617	306.7617	2.7617	 0.73	 0.05	206.83	 4.59	19.62	 0.94	10.80	 2.00	327.49	297.86	309.97	278.91	305.05	0	55.78
2006	11	3	19.155	4324.7983	306.7981	2.7981	 0.89	 0.06	187.47	 3.73	17.45	 0.96	10.77	 1.83	327.40	297.26	309.03	278.47	 0.00	0	55.69
2006	11	3	19.594	4324.8164	306.8164	2.8164	 1.23	 0.06	204.32	 2.34	 4.90	 1.00	10.73	 2.39	327.32	296.69	310.51	276.98	304.33	0	55.40
2006	11	3	20.495	4324.8540	306.8540	2.8540	 1.14	 0.05	192.96	 2.10	 4.18	 0.99	10.80	 2.02	327.34	294.99	305.93	276.53	302.89	0	55.31
2006	11	3	21.373	4324.8906	306.8905	2.8905	 1.22	 0.05	197.28	 1.91	 8.59	 0.96	10.80	 2.30	327.01	293.09	305.71	274.26	302.90	0	54.85
2006	11	3	21.812	4324.9087	306.9088	2.9088	 1.32	 0.05	195.46	 1.64	 3.37	 0.99	10.78	 2.22	326.98	291.86	303.19	270.49	299.74	0	54.10
2006	11	3	23.163	4324.9653	306.9651	2.9651	 1.04	 0.05	199.56	 2.45	11.37	 0.96	10.75	 2.22	327.18	287.69	298.89	265.11	295.86	0	53.02
2006	11	3	23.602	4324.9834	306.9834	2.9834	 1.06	 0.03	193.88	 1.51	 1.85	 0.99	10.77	 2.12	327.18	286.42	296.18	264.60	293.20	0	52.92
2006	11	4	0.046	4325.0020	307.0019	3.0019	 0.90	 0.03	191.07	 2.14	15.82	 0.75	10.85	 2.08	327.14	285.27	293.80	263.93	 0.00	0	52.79
2006	11	4	0.489	4325.0205	307.0204	3.0204	 0.77	 0.02	187.64	 1.81	 6.60	 0.81	10.82	 2.15	327.31	284.32	291.39	264.65	291.91	0	52.93
2006	11	4	0.983	4325.0410	307.0410	3.0410	 0.76	 0.04	187.72	 3.16	 0.75	 1.00	10.78	 2.13	327.47	283.60	291.54	264.63	288.58	0	52.93
2006	11	4	1.426	4325.0596	307.0594	3.0594	 0.69	 0.03	185.82	 2.81	 1.91	 1.00	10.75	 2.04	327.29	283.10	289.33	264.59	289.40	0	52.92
2006	11	4	1.864	4325.0776	307.0777	3.0777	 0.74	 0.02	189.92	 1.96	 4.29	 0.93	10.80	 2.17	327.31	282.78	290.59	264.48	287.78	0	52.90
2006	11	4	2.309	4325.0962	307.0962	3.0962	 0.81	 0.02	189.27	 1.76	 3.31	 0.96	10.80	 2.22	327.29	282.50	290.76	264.53	288.88	0	52.91
2006	11	4	2.750	4325.1147	307.1146	3.1146	 0.78	 0.03	194.36	 2.29	 0.53	 1.00	10.85	 2.26	327.29	282.26	289.70	264.55	288.59	0	52.91
2006	11	4	3.213	4325.1338	307.1339	3.1339	 0.80	 0.03	193.27	 2.10	 0.63	 1.00	10.77	 2.21	327.35	282.00	290.24	264.56	286.94	0	52.91
2006	11	4	3.654	4325.1523	307.1523	3.1522	 0.81	 0.03	188.45	 2.29	 2.03	 1.00	10.85	 2.21	327.37	281.82	288.50	264.51	 0.00	0	52.90
2006	11	4	4.097	4325.1709	307.1707	3.1707	 0.84	 0.03	183.80	 2.01	 2.84	 0.99	10.78	 2.16	327.39	281.77	287.73	264.45	289.36	0	52.89
2006	11	4	4.541	4325.1895	307.1892	3.1892	 0.85	 0.03	193.16	 2.20	 2.31	 0.99	10.88	 2.18	327.44	281.81	287.98	264.54	288.01	0	52.91
2006	11	4	4.983	4325.2075	307.2076	3.2076	 0.91	 0.04	195.76	 2.23	 1.88	 1.00	10.75	 2.22	327.39	281.73	287.88	264.45	288.02	0	52.89
2006	11	4	5.449	4325.2271	307.2271	3.2270	 0.95	 0.02	199.05	 1.30	 2.09	 0.97	10.88	 2.11	327.47	281.68	288.77	264.49	289.40	0	52.90
2006	11	4	5.892	4325.2456	307.2455	3.2455	 0.93	 0.03	200.67	 1.66	 1.72	 0.99	10.82	 2.14	327.40	281.62	287.86	264.46	286.52	0	52.89
2006	11	4	6.334	4325.2637	307.2639	3.2639	 1.25	 0.03	204.35	 1.13	 3.24	 0.96	10.73	 2.21	327.41	281.64	288.90	264.87	289.27	0	52.97
2006	11	4	6.774	4325.2822	307.2823	3.2823	 1.30	 0.04	198.94	 1.25	11.98	 0.70	10.87	 2.04	327.36	281.63	287.66	265.03	287.98	0	53.01
2006	11	4	7.218	4325.3008	307.3007	3.3007	 1.84	 0.09	207.14	 1.45	 2.94	 1.00	10.77	 2.16	327.43	281.84	288.90	264.46	288.05	0	52.89
2006	11	4	7.685	4325.3203	307.3202	3.3202	 2.46	 0.17	209.41	 1.27	 4.83	 0.99	10.87	 2.23	327.50	281.88	288.56	264.46	288.12	0	52.89
2006	11	4	8.127	4325.3384	307.3386	3.3386	 2.75	 0.17	207.35	 0.90	 8.36	 0.84	10.83	 2.19	327.43	281.91	289.20	 0.00	289.46	0	54.00
2006	11	4	8.565	4325.3569	307.3569	3.3569	 2.72	 0.20	210.16	 1.13	 1.89	 1.00	10.77	 2.23	327.45	281.92	289.08	264.47	286.68	0	52.89
2006	11	4	9.008	4325.3755	307.3753	3.3753	 2.65	 0.21	207.82	 1.29	 0.97	 1.00	10.85	 2.13	327.36	281.93	287.93	264.49	286.63	0	52.90
2006	11	4	9.448	4325.3936	307.3936	3.3937	 2.66	 0.21	207.13	 1.26	 0.77	 1.00	10.80	 2.06	327.43	281.99	286.94	264.41	287.99	0	52.88
2006	11	4	9.912	4325.4131	307.4130	3.4130	 2.93	 0.29	211.15	 1.31	 2.01	 1.00	10.80	 2.29	327.50	282.16	289.74	264.73	288.14	0	52.95
2006	11	4	10.352	4325.4312	307.4314	3.4314	 2.81	 0.23	204.76	 1.16	 1.33	 1.00	10.75	 2.20	327.46	282.47	288.26	 0.00	288.38	0	54.00
2006	11	4	10.795	4325.4497	307.4498	3.4498	 2.33	 0.12	203.66	 1.06	 0.75	 1.00	10.78	 2.07	327.51	283.02	288.22	267.09	287.39	0	53.42
2006	11	4	11.235	4325.4683	307.4681	3.4681	 2.24	 0.12	205.04	 1.19	 2.11	 1.00	10.75	 2.12	327.55	283.72	289.25	267.86	287.99	0	53.57
2006	11	4	11.675	4325.4863	307.4865	3.4864	 2.48	 0.16	204.95	 1.20	 3.20	 0.99	10.83	 2.09	327.64	284.51	289.86	 0.00	292.35	0	54.00
2006	11	4	12.140	4325.5059	307.5058	3.5058	 2.46	 0.17	206.42	 1.29	 1.99	 1.00	10.77	 2.18	327.76	285.62	292.40	268.48	291.86	0	53.70
2006	11	4	12.579	4325.5239	307.5241	3.5241	 2.33	 0.17	206.84	 1.49	 0.76	 1.00	10.75	 2.13	327.73	286.73	292.72	269.35	293.07	0	53.87
2006	11	4	13.018	4325.5425	307.5424	3.5424	 2.60	 0.19	208.21	 1.25	 2.47	 1.00	10.77	 2.20	327.78	287.97	295.64	270.03	296.58	0	54.01
2006	11	4	13.456	4325.5605	307.5607	3.5607	 2.65	 0.16	206.35	 0.95	 1.37	 1.00	10.75	 2.13	327.87	289.31	295.85	270.99	298.02	0	54.20
2006	11	4	13.895	4325.5791	307.5789	3.5790	 2.32	 0.12	209.02	 1.03	 2.22	 0.99	10.73	 2.20	327.92	290.69	298.72	271.33	299.61	0	54.27
2006	11	4	14.358	4325.5981	307.5982	3.5982	 2.56	 0.13	206.01	 0.86	 1.33	 1.00	10.78	 2.08	328.11	292.23	300.05	273.22	298.93	0	54.64
2006	11	4	14.796	4325.6167	307.6165	3.6165	 2.45	 0.14	200.53	 1.07	 0.91	 1.00	10.77	 1.99	327.86	293.63	300.41	274.35	300.44	0	54.87
2006	11	4	15.234	4325.6348	307.6348	3.6348	 2.53	 0.18	202.77	 1.21	 0.87	 1.00	10.77	 1.98	327.72	294.94	303.76	275.73	301.82	0	55.15
2006	11	4	15.672	4325.6528	307.6530	3.6530	 2.62	 0.16	206.61	 1.02	 3.47	 0.98	10.75	 2.15	327.79	296.19	304.18	277.14	302.90	0	55.43
2006	11	4	16.110	4325.6714	307.6713	3.6713	 2.83	 0.20	209.60	 1.01	 0.78	 1.00	10.77	 2.31	327.61	297.19	305.98	278.07	304.06	0	55.61
2006	11	4	16.573	4325.6904	307.6906	3.6906	 2.65	 0.21	206.76	 1.26	 3.14	 1.00	10.78	 2.18	327.57	297.87	307.97	278.77	304.82	0	55.75
2006	11	4	17.449	4325.7271	307.7271	3.7271	 2.65	 0.27	200.60	 1.62	 6.87	 0.99	10.75	 1.86	327.58	298.74	309.83	278.20	305.96	0	55.64
2006	11	4	17.888	4325.7451	307.7453	3.7453	 2.59	 0.20	204.64	 1.27	 4.89	 0.99	10.78	 2.01	326.70	298.81	308.85	276.99	306.14	0	55.40
2006	11	4	18.327	4325.7637	307.7636	3.7636	 3.24	 0.50	200.88	 1.58	 1.18	 1.00	10.77	 1.99	326.45	298.48	309.03	279.09	305.90	0	55.82
2006	11	4	18.789	4325.7827	307.7829	3.7829	 2.92	 0.43	209.30	 1.97	 6.58	 1.00	10.77	 2.38	326.50	298.01	308.02	276.67	303.45	0	55.33
2006	11	4	19.667	4325.8193	307.8195	3.8195	 2.54	 0.39	203.31	 2.66	 3.73	 1.00	10.72	 2.03	326.48	296.62	310.98	274.35	302.16	0	54.87
2006	11	4	20.546	4325.8560	307.8561	3.8561	 2.80	 0.54	215.91	 2.93	 7.12	 1.00	10.77	 2.67	326.44	294.81	306.47	273.21	302.27	0	54.64
2006	11	4	21.013	4325.8755	307.8755	3.8755	 2.71	 1.08	185.63	 5.51	40.89	 1.00	10.80	 1.54	326.94	293.50	300.93	271.90	302.78	0	54.38
2006	11	4	21.452	4325.8940	307.8938	3.8938	 2.82	 0.53	205.30	 2.65	 8.13	 1.00	10.78	 2.17	326.89	292.39	301.41	271.41	299.95	0	54.28
2006	11	4	22.779	4325.9492	307.9491	3.9491	 5.75	 8.48	202.23	 2.06	 2.24	 1.00	10.72	 2.15	327.08	287.90	297.13	 0.00	294.66	0	54.00
2006	11	4	23.241	4325.9683	307.9684	3.9684	 4.09	 1.25	216.46	 1.74	10.57	 0.99	10.78	 2.68	327.00	286.38	300.93	 0.00	294.16	0	54.00
2006	11	4	23.682	4325.9868	307.9868	3.9868	 2.87	 0.50	197.88	 2.27	15.63	 0.99	10.78	 1.88	326.47	285.05	291.94	262.69	290.47	0	52.54
2006	11	5	0.121	4326.0049	308.0050	4.0050	 3.10	 0.41	204.11	 1.49	 5.83	 0.99	10.78	 2.08	325.79	283.86	291.21	261.79	290.29	0	52.36
2006	11	5	0.562	4326.0234	308.0234	4.0234	 2.75	 0.27	204.69	 1.43	 4.13	 1.00	10.72	 2.22	326.13	282.86	287.78	261.46	289.11	0	52.29
2006	11	5	1.003	4326.0420	308.0418	4.0418	 3.12	 0.44	206.20	 1.61	 1.32	 1.00	10.85	 2.15	326.78	282.14	288.45	262.15	286.98	0	52.43
2006	11	5	1.492	4326.0620	308.0622	4.0622	 3.47	 0.42	205.34	 1.06	 1.46	 1.00	10.80	 2.10	326.83	281.69	288.10	264.53	 0.00	0	52.91
2006	11	5	1.935	4326.0806	308.0806	4.0806	 3.21	 0.37	208.88	 1.25	 1.84	 1.00	10.82	 2.21	326.71	281.47	288.68	263.58	288.96	0	52.72
2006	11	5	2.378	4326.0991	308.0991	4.0991	 3.30	 0.34	205.57	 1.02	 3.28	 0.99	10.75	 2.16	326.96	281.15	288.84	 0.00	288.64	0	54.00
2006	11	5	2.820	4326.1177	308.1175	4.1175	 2.94	 0.25	206.93	 1.13	 2.44	 1.00	10.88	 2.12	326.96	280.94	287.97	263.21	287.01	0	52.64
2006	11	5	3.261	4326.1357	308.1359	4.1359	 2.97	 0.46	203.69	 1.93	 3.21	 1.00	10.80	 1.95	326.88	280.73	285.14	263.42	285.41	0	52.68
2006	11	5	3.728	4326.1553	308.1553	4.1553	 3.20	 0.32	205.93	 1.06	 0.97	 1.00	10.87	 2.10	327.14	280.62	286.24	264.07	285.28	0	52.81
2006	11	5	4.613	4326.1924	308.1922	4.1922	 3.97	 0.75	203.62	 1.11	 2.04	 1.00	10.87	 2.04	327.37	280.41	286.81	263.13	287.74	0	52.63
2006	11	5	5.056	4326.2104	308.2107	4.2107	 2.63	 0.19	206.97	 1.19	 1.19	 1.00	10.77	 2.15	327.52	280.27	286.15	 0.00	286.20	0	54.00
2006	11	5	5.497	4326.2290	308.2291	4.2291	 2.86	 0.33	201.73	 1.53	 3.64	 1.00	10.73	 2.00	327.52	280.15	284.41	263.17	286.07	0	52.63
2006	11	5	5.964	4326.2485	308.2485	4.2485	 3.02	 0.33	203.94	 1.35	 2.81	 1.00	10.82	 2.11	327.61	280.01	286.30	263.15	285.94	0	52.63
2006	11	5	6.406	4326.2671	308.2669	4.2669	 2.35	 0.17	204.93	 1.41	 3.59	 1.00	10.73	 2.13	327.70	279.89	285.77	263.14	285.81	0	52.63
2006	11	5	6.847	4326.2852	308.2853	4.2853	 2.23	 0.16	203.33	 1.56	 0.48	 1.00	10.77	 2.04	327.80	279.79	284.65	263.10	 0.00	0	52.62
2006	11	5	7.288	4326.3037	308.3036	4.3037	 2.16	 0.15	201.84	 1.54	 1.69	 1.00	10.80	 2.05	327.85	279.67	284.26	262.66	286.81	0	52.53
2006	11	5	7.731	4326.3223	308.3221	4.3221	 2.06	 0.12	200.33	 1.38	 2.12	 1.00	10.77	 1.99	327.68	279.51	284.12	262.15	284.11	0	52.43
2006	11	5	8.197	4326.3413	308.3416	4.3415	 1.82	 0.08	199.20	 1.31	 4.42	 0.98	10.83	 2.05	327.73	279.33	283.52	261.68	285.18	0	52.34
2006	11	5	8.640	4326.3599	308.3600	4.3600	 1.60	 0.09	198.56	 1.88	 4.56	 1.00	10.83	 2.12	328.05	279.11	283.92	261.13	284.91	0	52.23
2006	11	5	9.083	4326.3784	308.3785	4.3785	 1.37	 0.07	199.75	 2.00	 1.16	 1.00	10.93	 2.10	328.46	278.90	285.11	260.90	285.64	0	52.18
2006	11	5	9.527	4326.3970	308.3969	4.3970	 1.50	 0.09	195.82	 2.09	 1.99	 1.00	10.77	 2.12	328.16	278.66	285.09	261.09	283.23	0	52.22
2006	11	5	9.966	4326.4150	308.4153	4.4153	 1.35	 0.06	194.59	 1.78	 2.38	 1.00	10.73	 2.22	328.18	278.57	284.36	 0.00	284.12	0	54.00
2006	11	5	10.428	4326.4346	308.4345	4.4345	 1.13	 0.05	192.19	 1.93	 5.54	 0.98	10.78	 2.22	328.16	278.82	283.52	262.22	 0.00	0	52.44
2006	11	5	10.870	4326.4531	308.4529	4.4529	 0.81	 0.05	183.99	 4.01	 4.85	 1.00	10.80	 2.01	328.16	279.30	282.07	263.51	283.34	0	52.70
2006	11	5	11.310	4326.4712	308.4713	4.4713	 0.76	 0.04	184.50	 3.28	 1.63	 1.00	10.75	 2.13	328.20	279.92	286.49	 0.00	286.87	0	54.00
2006	11	5	11.752	4326.4897	308.4897	4.4897	 0.67	 0.04	184.22	 3.98	 3.54	 1.00	10.83	 2.09	328.24	280.76	286.44	 0.00	288.14	0	54.00
2006	11	5	12.191	4326.5078	308.5080	4.5080	 0.72	 0.03	185.09	 2.70	 1.86	 1.00	10.78	 2.24	328.33	281.79	289.96	265.64	289.54	0	53.13
2006	11	5	12.656	4326.5273	308.5273	4.5273	 0.65	 0.03	182.50	 3.82	 2.77	 1.00	10.80	 2.14	328.42	283.11	287.85	265.52	289.05	0	53.10
2006	11	5	13.096	4326.5459	308.5457	4.5457	 0.73	 0.05	185.09	 4.59	 2.16	 1.00	10.85	 2.13	328.44	284.54	292.26	265.25	288.35	0	53.05
2006	11	5	13.537	4326.5640	308.5640	4.5640	 0.80	 0.03	183.40	 2.51	 2.41	 1.00	10.77	 2.17	328.48	286.03	293.13	266.81	292.17	0	53.36
2006	11	5	13.975	4326.5825	308.5823	4.5823	 0.75	 0.06	180.55	 4.95	 9.13	 0.99	10.77	 2.06	328.50	287.54	293.45	267.82	293.83	0	53.56
2006	11	5	14.413	4326.6006	308.6006	4.6005	 0.82	 0.03	185.24	 2.31	 5.38	 0.96	10.77	 2.11	328.53	289.08	297.44	269.63	295.55	0	53.93
2006	11	5	14.875	4326.6196	308.6198	4.6198	 0.91	 0.04	195.18	 2.74	14.92	 0.91	10.82	 2.24	328.65	290.69	300.21	271.67	294.54	0	54.33
2006	11	5	15.314	4326.6382	308.6381	4.6381	 0.97	 0.04	194.52	 2.35	24.71	 0.71	10.78	 2.38	328.68	292.03	301.88	271.99	298.64	0	54.40
2006	11	5	15.751	4326.6562	308.6563	4.6563	 0.95	 0.05	186.40	 2.76	 4.17	 1.00	10.77	 2.11	328.68	293.16	301.19	273.20	299.65	0	54.64
2006	11	5	16.629	4326.6929	308.6929	4.6929	 1.42	 0.07	192.79	 1.72	14.27	 0.90	10.75	 2.16	328.44	294.94	304.13	275.66	301.45	0	55.13
2006	11	5	17.093	4326.7124	308.7122	4.7122	 1.21	 0.09	204.42	 3.42	12.94	 0.99	10.77	 2.23	328.41	295.63	305.38	276.79	302.24	0	55.36
2006	11	5	17.531	4326.7305	308.7304	4.7304	 0.80	 0.05	207.11	 4.30	20.22	 0.95	10.73	 1.99	328.22	296.06	303.52	277.29	305.25	0	55.46
2006	11	5	18.407	4326.7671	308.7670	4.7670	 1.46	 0.18	200.15	 4.56	 4.13	 1.00	10.78	 1.97	328.27	296.46	305.76	277.70	301.02	0	55.54
2006	11	5	18.846	4326.7852	308.7852	4.7853	 1.93	 0.17	200.28	 2.31	 6.82	 1.00	10.78	 2.12	328.19	296.32	306.84	278.51	303.43	0	55.70
2006	11	5	19.310	4326.8047	308.8046	4.8046	 1.47	 0.11	193.24	 2.79	 7.32	 1.00	10.83	 1.99	328.20	295.97	306.97	277.93	303.30	0	55.59
2006	11	5	19.749	4326.8228	308.8228	4.8229	 1.48	 0.12	196.50	 2.86	28.45	 0.95	10.77	 2.20	328.06	295.38	306.48	277.01	303.00	0	55.40
2006	11	5	20.187	4326.8413	308.8411	4.8411	 1.23	 0.09	194.45	 3.27	 6.89	 1.00	10.78	 2.08	328.04	294.65	305.51	276.01	302.44	0	55.20
2006	11	5	20.629	4326.8594	308.8596	4.8595	 1.21	 0.04	196.04	 1.35	 3.22	 0.98	10.77	 2.16	327.93	293.78	305.10	276.16	299.48	0	55.23
2006	11	5	21.069	4326.8779	308.8779	4.8779	 1.60	 0.10	194.59	 2.07	 6.23	 0.99	10.85	 2.16	327.91	292.80	303.90	 0.00	298.61	0	54.00
2006	11	5	21.534	4326.8975	308.8972	4.8972	 1.31	 0.08	197.23	 2.44	 8.38	 0.99	10.87	 2.09	327.95	291.65	302.54	 0.00	297.58	0	54.00
2006	11	5	21.974	4326.9155	308.9156	4.9156	 1.29	 0.17	202.10	 5.57	48.58	 0.99	10.75	 2.08	327.93	290.22	300.36	265.29	298.89	0	53.06
2006	11	5	22.854	4326.9521	308.9523	4.9523	 1.49	 0.05	197.57	 1.23	 3.55	 0.98	10.80	 2.22	327.93	287.35	296.49	 0.00	295.21	0	54.00
2006	11	5	23.295	4326.9707	308.9706	4.9706	 1.46	 0.06	194.41	 1.42	 1.80	 1.00	10.82	 2.15	327.93	286.01	294.62	262.86	293.69	0	52.57
2006	11	5	23.761	4326.9902	308.9901	4.9901	 1.36	 0.04	195.67	 1.20	 4.16	 0.96	10.82	 2.08	328.06	284.76	293.33	262.18	292.31	0	52.44
2006	11	6	0.202	4327.0083	309.0084	5.0084	 1.05	 0.04	190.22	 1.84	 1.16	 1.00	10.85	 2.03	328.07	283.69	291.22	261.43	288.68	0	52.29
2006	11	6	0.645	4327.0269	309.0269	5.0269	 1.13	 0.03	180.71	 1.33	 1.47	 1.00	10.77	 2.15	328.02	282.73	290.67	260.84	290.01	0	52.17
2006	11	6	1.088	4327.0454	309.0453	5.0453	 0.75	 0.03	176.42	 2.43	 2.94	 0.99	10.92	 2.07	328.03	281.82	289.60	260.61	289.07	0	52.12
2006	11	6	1.529	4327.0640	309.0637	5.0637	 0.55	 0.03	172.13	 3.83	 6.57	 0.93	10.85	 2.06	328.07	281.10	288.88	262.91	286.98	0	52.58
2006	11	6	2.020	4327.0840	309.0842	5.0842	 0.49	 0.02	176.91	 3.89	 5.11	 0.92	10.85	 2.07	328.12	280.57	286.53	262.65	287.91	0	52.53
2006	11	6	2.907	4327.1211	309.1211	5.1211	 0.46	 0.03	167.89	 5.79	10.46	 0.89	10.82	 2.05	328.02	279.82	286.68	262.25	287.09	0	52.45
2006	11	6	3.347	4327.1396	309.1395	5.1395	 0.47	 0.02	172.39	 4.44	 5.96	 0.92	10.85	 2.08	328.05	279.46	285.02	262.08	285.42	0	52.42
2006	11	6	3.789	4327.1577	309.1579	5.1579	 0.54	 0.03	168.14	 3.58	 3.21	 0.98	10.75	 2.12	328.10	279.28	286.07	261.40	285.08	0	52.28
2006	11	6	4.253	4327.1772	309.1772	5.1772	 0.65	 0.02	159.15	 2.11	 4.04	 0.90	10.83	 2.19	323.91	278.79	285.25	261.04	 0.00	0	52.21
2006	11	6	7.371	4327.3071	309.3071	5.3071	 0.47	 0.03	163.31	 4.60	 5.29	 0.94	10.80	 2.04	327.61	273.73	278.00	262.08	278.45	0	52.42
2006	11	6	7.816	4327.3257	309.3257	5.3257	 0.55	 0.02	162.31	 2.38	 2.60	 0.93	10.78	 2.18	327.65	274.48	280.58	261.96	278.98	0	52.39
2006	11	6	8.258	4327.3442	309.3441	5.3441	 0.45	 0.04	163.12	 6.64	 2.70	 1.00	10.75	 2.05	327.67	275.12	278.89	263.11	279.55	0	52.62
2006	11	6	8.723	4327.3633	309.3635	5.3635	 0.48	 0.02	164.14	 3.88	 5.45	 0.90	10.78	 2.08	327.76	275.72	280.88	262.56	282.93	0	52.51
2006	11	6	9.165	4327.3818	309.3819	5.3819	 0.49	 0.03	153.94	 3.96	 3.33	 0.97	11.02	 2.08	327.71	276.09	280.30	262.53	 0.00	0	52.51
2006	11	6	9.606	4327.4004	309.4003	5.4003	 0.53	 0.03	153.89	 4.49	 0.90	 1.00	10.75	 2.17	327.67	276.57	281.91	262.60	283.69	0	52.52
2006	11	6	10.048	4327.4185	309.4187	5.4187	 0.50	 0.03	158.27	 4.43	 3.54	 0.98	10.75	 2.12	327.72	277.13	283.29	264.26	 0.00	0	52.85
2006	11	6	10.488	4327.4370	309.4370	5.4370	 0.50	 0.03	155.21	 4.40	 3.43	 0.98	10.77	 2.09	327.74	277.98	283.40	264.55	 0.00	0	52.91
2006	11	6	10.951	4327.4565	309.4563	5.4563	 0.55	 0.02	161.97	 2.84	 4.57	 0.89	10.78	 2.20	327.82	279.05	285.78	264.75	284.71	0	52.95
2006	11	6	11.391	4327.4746	309.4746	5.4746	 0.45	 0.02	164.01	 4.43	 5.17	 0.92	10.75	 2.11	327.78	280.21	285.06	 0.00	284.23	0	54.00
2006	11	6	11.832	4327.4932	309.4930	5.4930	 0.45	 0.02	163.57	 3.93	 8.30	 0.71	10.87	 2.11	327.81	281.49	286.31	266.39	289.44	0	53.28
2006	11	6	12.273	4327.5112	309.5114	5.5114	 0.68	 0.07	144.30	 6.00	110.29	 0.43	10.80	 2.09	327.74	282.92	289.48	268.18	289.10	0	53.64
2006	11	6	12.715	4327.5298	309.5298	5.5298	 0.40	 0.02	176.33	 4.75	 9.56	 0.61	10.77	 2.06	327.47	284.51	291.06	270.08	290.87	0	54.02
2006	11	6	14.055	4327.5854	309.5856	5.5856	 0.43	 0.03	165.60	 6.13	18.51	 0.65	10.77	 2.00	326.37	289.48	296.73	271.25	296.49	0	54.25
2006	11	6	14.493	4327.6040	309.6039	5.6039	 0.60	 0.05	167.71	 5.47	11.28	 0.97	10.77	 2.17	325.99	290.95	299.53	272.72	297.95	0	54.54
2006	11	6	14.932	4327.6221	309.6222	5.6222	 0.53	 0.04	176.37	 6.74	17.67	 0.94	10.80	 2.06	325.80	292.37	300.87	274.26	296.81	0	54.85
2006	11	6	15.394	4327.6416	309.6414	5.6414	 0.67	 0.04	174.17	 4.05	16.31	 0.90	10.78	 2.19	326.09	293.73	303.96	275.10	300.72	0	55.02
2006	11	6	15.833	4327.6597	309.6597	5.6597	 0.67	 0.06	163.68	 5.54	38.82	 0.84	10.77	 2.09	326.64	294.94	305.83	277.79	301.66	0	55.56
2006	11	6	16.269	4327.6777	309.6779	5.6779	 0.76	 0.04	179.90	 3.63	22.59	 0.84	10.75	 2.32	327.08	295.99	305.16	280.08	302.60	0	56.02
2006	11	6	16.708	4327.6963	309.6962	5.6962	 0.75	 0.05	175.02	 3.93	12.46	 0.96	10.77	 2.24	328.71	296.85	306.90	279.62	301.26	0	55.92
2006	11	6	17.146	4327.7144	309.7144	5.7144	 0.77	 0.05	189.36	 4.18	 4.40	 1.00	10.77	 2.27	327.17	297.46	308.67	279.97	304.10	0	55.99
2006	11	6	17.609	4327.7339	309.7337	5.7337	 0.88	 0.05	183.94	 3.18	 6.25	 0.99	10.80	 2.13	325.38	297.71	308.32	279.27	306.33	0	55.85
2006	11	6	18.047	4327.7520	309.7520	5.7520	 0.76	 0.04	193.84	 3.94	50.70	 0.58	10.75	 1.99	325.84	297.80	309.61	280.13	304.74	0	56.03
2006	11	6	18.485	4327.7700	309.7702	5.7702	 0.84	 0.04	188.21	 2.94	 2.01	 1.00	10.75	 2.02	326.58	297.74	309.29	279.41	307.16	0	55.88
2006	11	6	18.923	4327.7886	309.7885	5.7885	 0.78	 0.06	189.54	 4.86	12.63	 0.99	10.75	 1.94	327.01	297.46	309.05	278.54	302.78	0	55.71
2006	11	6	19.824	4327.8262	309.8260	5.8260	 0.87	 0.07	185.56	 4.46	18.64	 0.98	10.82	 1.92	327.07	296.19	308.61	278.29	303.97	0	55.66
2006	11	6	20.263	4327.8442	309.8443	5.8443	 1.03	 0.06	202.03	 3.15	14.55	 0.97	10.75	 2.34	326.91	295.43	305.58	277.47	303.31	0	55.49
2006	11	6	20.702	4327.8628	309.8626	5.8626	 0.93	 0.07	196.73	 4.40	 4.45	 1.00	10.77	 1.93	326.89	294.58	305.01	276.52	300.59	0	55.30
2006	11	6	21.143	4327.8809	309.8810	5.8809	 1.03	 0.05	193.79	 2.28	 1.98	 1.00	10.72	 1.90	326.92	293.65	303.74	275.67	299.76	0	55.13
2006	11	6	21.582	4327.8994	309.8993	5.8992	 1.12	 0.06	196.89	 2.81	 5.30	 1.00	10.85	 1.92	326.98	292.63	302.10	275.06	300.38	0	55.01
2006	11	6	22.485	4327.9370	309.9369	5.9369	 0.74	 0.28	191.07	26.10	174.98	 1.00	10.75	 1.64	326.99	289.88	291.70	265.34	295.83	0	53.07
2006	11	6	22.927	4327.9551	309.9553	5.9553	 1.25	 0.05	201.64	 1.83	 8.79	 0.96	10.77	 2.17	326.66	288.40	299.01	265.26	 0.00	0	53.05
2006	11	6	23.369	4327.9736	309.9737	5.9737	 1.16	 0.06	201.88	 2.60	 2.25	 1.00	10.75	 2.08	326.02	287.07	297.00	265.11	292.81	0	53.02
2006	11	6	23.812	4327.9922	309.9922	5.9922	 1.10	 0.05	197.26	 2.28	 4.61	 0.99	10.82	 2.10	325.51	285.87	293.65	265.02	292.63	0	53.00
2006	11	7	0.275	4328.0112	310.0114	6.0114	 1.07	 0.05	185.43	 2.38	 8.46	 0.98	10.82	 1.98	325.91	284.75	291.72	263.84	292.63	0	52.77
2006	11	7	0.715	4328.0298	310.0298	6.0298	 1.02	 0.03	186.47	 1.54	 0.72	 1.00	10.88	 2.12	325.63	283.72	292.23	262.39	 0.00	0	52.48
2006	11	7	1.159	4328.0483	310.0483	6.0483	 0.89	 0.04	179.78	 2.21	 4.32	 0.98	10.83	 2.13	325.24	282.82	290.65	 0.00	290.50	0	54.00
2006	11	7	1.601	4328.0669	310.0667	6.0667	 0.83	 0.04	176.63	 2.47	 8.83	 0.93	10.80	 2.04	324.99	281.95	289.06	 0.00	288.23	0	54.00
2006	11	7	2.043	4328.0850	310.0851	6.0851	 0.73	 0.02	185.31	 2.23	 1.12	 1.00	10.75	 2.13	324.95	281.22	289.19	261.34	286.08	0	52.27
2006	11	7	2.531	4328.1055	310.1055	6.1055	 0.67	 0.02	183.50	 2.52	 3.83	 0.96	10.80	 2.11	325.11	280.53	287.59	261.60	285.43	0	52.32
2006	11	7	2.972	4328.1240	310.1238	6.1238	 0.70	 0.02	174.80	 1.85	 2.29	 0.96	10.77	 2.14	326.04	280.09	288.54	 0.00	287.20	0	54.00
2006	11	7	3.414	4328.1421	310.1422	6.1422	 0.55	 0.02	181.82	 2.80	 1.96	 0.98	10.85	 2.05	326.53	279.77	284.26	262.18	 0.00	0	52.44
2006	11	7	3.855	4328.1606	310.1606	6.1606	 0.71	 0.03	171.48	 2.31	 3.21	 0.97	10.77	 2.16	326.18	279.47	286.18	262.17	286.80	0	52.43
2006	11	7	4.298	4328.1792	310.1791	6.1791	 0.65	 0.03	165.89	 2.94	 2.27	 0.99	10.83	 2.12	326.80	279.24	285.68	 0.00	283.90	0	54.00
2006	11	7	4.766	4328.1987	310.1986	6.1986	 0.53	 0.03	172.76	 4.16	 2.25	 0.99	10.80	 2.04	327.01	279.02	284.19	262.51	286.32	0	52.50
2006	11	7	5.205	4328.2168	310.2169	6.2169	 0.61	 0.02	170.43	 2.43	 1.31	 0.99	10.78	 2.15	326.90	278.87	285.52	262.11	284.78	0	52.42
2006	11	7	5.646	4328.2354	310.2352	6.2352	 0.59	 0.02	172.73	 2.45	 1.75	 0.98	10.78	 2.14	327.17	278.79	284.31	262.59	286.06	0	52.52
2006	11	7	6.088	4328.2534	310.2536	6.2536	 0.61	 0.02	170.69	 2.62	 1.20	 1.00	10.77	 2.17	327.07	278.75	285.61	263.14	284.59	0	52.63
2006	11	7	6.528	4328.2720	310.2720	6.2720	 0.61	 0.03	166.97	 3.47	 2.63	 0.99	10.78	 2.12	327.04	278.75	283.51	263.27	283.22	0	52.65
2006	11	7	6.993	4328.2915	310.2914	6.2914	 0.53	 0.03	174.89	 3.93	 1.92	 0.99	10.87	 2.05	327.06	278.74	284.63	263.62	283.26	0	52.72
2006	11	7	7.881	4328.3286	310.3284	6.3284	 0.57	 0.03	170.79	 3.88	 1.78	 1.00	10.78	 2.11	327.25	278.77	285.36	 0.00	 0.00	0	54.00
2006	11	7	8.321	4328.3467	310.3467	6.3467	 0.56	 0.03	174.22	 4.43	 3.63	 0.99	10.75	 2.11	327.03	278.80	283.30	264.15	283.36	0	52.83
2006	11	7	8.763	4328.3652	310.3651	6.3651	 0.60	 0.03	174.37	 3.23	 2.28	 0.99	10.75	 2.15	327.07	278.84	286.19	264.27	283.43	0	52.85
2006	11	7	9.229	4328.3848	310.3845	6.3845	 0.61	 0.03	170.37	 3.35	 1.54	 1.00	10.82	 2.13	327.37	278.87	284.62	263.91	283.46	0	52.78
2006	11	7	9.674	4328.4033	310.4031	6.4031	 0.68	 0.03	173.31	 2.63	 1.05	 1.00	10.82	 2.20	327.19	278.94	285.39	264.27	 0.00	0	52.85
2006	11	7	10.112	4328.4214	310.4214	6.4213	 0.58	 0.03	171.69	 3.29	 4.34	 0.96	10.75	 2.05	327.36	279.21	284.12	264.50	284.99	0	52.90
2006	11	7	10.996	4328.4580	310.4582	6.4582	 0.65	 0.03	173.13	 2.91	 2.13	 0.99	10.80	 2.15	327.33	280.72	285.09	 0.00	284.82	0	54.00
2006	11	7	11.462	4328.4775	310.4776	6.4776	 0.59	 0.02	172.30	 2.97	 2.05	 0.99	10.78	 2.05	327.50	281.96	287.01	269.39	285.94	0	53.88
2006	11	7	12.787	4328.5327	310.5328	6.5328	 0.52	 0.04	173.51	 6.50	46.72	 0.58	10.85	 1.74	327.86	286.44	273.97	273.07	290.64	0	54.61
2006	11	7	13.225	4328.5513	310.5511	6.5511	 0.71	 0.05	172.42	 4.09	 0.85	 1.00	10.75	 2.12	327.89	288.07	293.61	273.07	294.63	0	54.61
2006	11	7	13.688	4328.5703	310.5703	6.5703	 0.65	 0.02	179.55	 2.68	 3.26	 0.98	10.80	 2.14	328.10	289.73	295.93	273.57	296.46	0	54.71
2006	11	7	14.127	4328.5884	310.5886	6.5886	 0.76	 0.03	185.65	 2.57	 0.72	 1.00	10.78	 2.13	327.82	291.39	299.28	275.19	298.13	0	55.04
2006	11	7	15.002	4328.6250	310.6251	6.6251	 0.96	 0.03	194.70	 1.73	 2.36	 0.99	10.77	 2.21	326.04	294.15	304.05	276.49	303.97	0	55.30
2006	11	7	15.441	4328.6436	310.6434	6.6434	 0.90	 0.05	192.92	 3.27	13.50	 0.96	10.73	 1.99	326.20	295.24	304.44	277.28	305.01	0	55.46
2006	11	7	15.903	4328.6626	310.6626	6.6626	 1.22	 0.03	192.66	 1.11	 6.20	 0.83	10.78	 2.26	325.98	295.93	305.05	277.93	303.27	0	55.59
2006	11	7	16.341	4328.6807	310.6809	6.6809	 1.01	 0.05	186.80	 2.71	 2.11	 1.00	10.77	 1.96	326.56	296.67	306.73	278.29	303.91	0	55.66
2006	11	7	16.781	4328.6992	310.6992	6.6992	 1.19	 0.06	197.44	 2.35	13.41	 0.96	10.75	 2.12	326.51	297.55	307.40	278.54	304.57	0	55.71
2006	11	7	17.219	4328.7173	310.7175	6.7175	 1.31	 0.06	198.17	 1.79	22.09	 0.75	10.78	 2.18	324.78	298.07	307.81	281.21	305.51	0	56.24
2006	11	7	17.658	4328.7358	310.7357	6.7357	 1.51	 0.04	200.66	 0.93	 2.99	 0.95	10.80	 2.22	326.00	298.30	308.58	280.15	305.45	0	56.03
2006	11	7	18.122	4328.7549	310.7551	6.7551	 1.43	 0.09	193.89	 2.36	 3.97	 1.00	10.78	 1.89	327.39	298.43	309.32	279.04	307.78	0	55.81
2006	11	7	18.559	4328.7734	310.7733	6.7733	 1.55	 0.05	204.02	 1.09	 0.51	 1.00	10.75	 2.30	327.19	298.33	308.02	280.04	307.91	0	56.01
2006	11	7	18.998	4328.7915	310.7916	6.7916	 1.50	 0.10	195.46	 2.40	12.18	 0.98	10.78	 1.93	327.15	298.02	308.64	277.64	 0.00	0	55.53
2006	11	7	19.436	4328.8101	310.8098	6.8098	 1.41	 0.06	201.69	 1.56	 1.99	 1.00	10.75	 2.10	327.20	297.57	309.37	277.54	305.25	0	55.51
2006	11	7	20.341	4328.8477	310.8475	6.8475	 1.67	 0.07	201.11	 1.43	 2.14	 1.00	10.78	 1.97	327.33	296.26	307.97	276.01	304.25	0	55.20
2006	11	7	20.780	4328.8657	310.8658	6.8658	 1.65	 0.11	201.23	 2.17	10.47	 0.99	10.75	 2.02	327.18	295.52	302.01	273.90	305.47	0	54.78
2006	11	7	21.219	4328.8843	310.8841	6.8841	 1.99	 0.08	202.30	 0.97	 3.16	 0.98	10.75	 2.07	327.25	294.65	306.40	276.14	302.45	0	55.23
2006	11	7	21.659	4328.9023	310.9025	6.9025	 2.07	 0.11	206.24	 1.27	 6.64	 0.96	10.80	 2.27	327.09	293.78	304.77	273.50	301.68	0	54.70
2006	11	7	22.099	4328.9209	310.9208	6.9208	 2.12	 0.11	204.74	 1.24	 4.78	 0.98	10.73	 2.08	327.08	292.62	303.31	268.60	300.05	0	53.72
2006	11	7	23.004	4328.9585	310.9585	6.9585	 2.00	 0.14	204.00	 1.77	 3.30	 1.00	10.75	 2.08	327.06	289.97	298.02	265.14	295.72	0	53.03
2006	11	7	23.444	4328.9771	310.9768	6.9768	 2.12	 0.08	207.53	 0.85	 3.09	 0.96	10.78	 2.16	327.13	288.73	298.93	265.09	294.32	0	53.02
2006	11	7	23.885	4328.9951	310.9952	6.9952	 1.98	 0.08	202.99	 1.04	 5.76	 0.94	10.80	 2.11	327.03	287.67	295.59	265.08	294.23	0	53.02
2006	11	8	0.329	4329.0137	311.0137	7.0137	 1.53	 0.05	203.08	 1.28	 0.83	 1.00	10.75	 2.08	326.96	286.64	293.98	264.15	293.03	0	52.83
2006	11	8	0.795	4329.0332	311.0331	7.0331	 1.60	 0.05	205.38	 1.03	 3.44	 0.97	10.82	 2.17	326.95	285.63	293.29	264.24	290.66	0	52.85
2006	11	8	1.235	4329.0513	311.0515	7.0515	 1.67	 0.04	207.12	 0.87	 1.59	 0.99	10.77	 2.27	326.95	284.90	292.65	264.73	289.79	0	52.95
2006	11	8	2.120	4329.0884	311.0883	7.0883	 1.20	 0.03	200.59	 1.32	 2.23	 0.99	10.87	 2.05	326.97	283.78	290.12	264.65	 0.00	0	52.93
2006	11	8	2.562	4329.1069	311.1068	7.1068	 1.39	 0.03	201.63	 0.72	 2.65	 0.88	10.78	 2.12	326.97	283.41	290.01	264.59	289.51	0	52.92
2006	11	8	3.053	4329.1274	311.1272	7.1272	 1.36	 0.03	202.24	 0.88	 1.21	 0.99	10.80	 2.08	326.93	283.02	289.39	264.60	290.61	0	52.92
2006	11	8	3.492	4329.1455	311.1455	7.1455	 1.42	 0.04	202.82	 1.10	 2.46	 0.98	10.80	 2.11	326.76	282.77	288.95	264.55	290.30	0	52.91
2006	11	8	3.933	4329.1641	311.1639	7.1639	 1.51	 0.04	203.95	 0.92	 4.29	 0.90	10.73	 2.17	326.63	282.55	289.37	 0.00	288.68	0	54.00
2006	11	8	4.376	4329.1821	311.1823	7.1823	 1.69	 0.07	203.54	 1.34	 3.24	 0.99	10.85	 2.14	326.51	282.33	288.60	264.48	 0.00	0	52.90
2006	11	8	4.818	4329.2007	311.2007	7.2007	 1.68	 0.05	203.13	 1.01	 5.71	 0.90	10.78	 2.19	326.49	282.19	288.81	264.49	288.36	0	52.90
2006	11	8	5.281	4329.2202	311.2200	7.2200	 1.67	 0.05	202.78	 1.01	 8.02	 0.81	10.80	 2.11	326.60	282.06	288.76	264.51	288.27	0	52.90
2006	11	8	5.723	4329.2383	311.2384	7.2384	 1.74	 0.07	202.91	 1.22	 4.32	 0.98	10.88	 2.08	326.52	281.94	288.59	264.52	288.16	0	52.90
2006	11	8	6.164	4329.2568	311.2568	7.2568	 2.01	 0.09	204.20	 1.11	 1.95	 1.00	10.83	 2.04	326.49	281.88	287.15	264.52	289.44	0	52.90
2006	11	8	6.605	4329.2754	311.2752	7.2752	 2.11	 0.12	204.18	 1.28	 1.61	 1.00	10.85	 2.07	326.49	281.87	287.69	264.49	286.60	0	52.90
2006	11	8	7.051	4329.2939	311.2938	7.2938	 1.99	 0.07	206.43	 0.97	 0.81	 1.00	10.82	 2.11	326.48	281.87	287.66	264.48	289.47	0	52.90
2006	11	8	7.515	4329.3130	311.3131	7.3131	 2.19	 0.08	205.70	 0.86	 1.76	 0.99	10.77	 2.14	326.55	281.88	287.36	264.53	288.07	0	52.91
2006	11	8	7.959	4329.3315	311.3316	7.3316	 2.27	 0.11	206.32	 1.05	 1.64	 1.00	10.78	 2.22	326.46	281.85	288.30	264.51	286.63	0	52.90
2006	11	8	8.401	4329.3501	311.3500	7.3500	 2.07	 0.10	204.76	 1.11	 1.64	 1.00	10.90	 2.10	326.45	281.81	286.90	264.51	288.01	0	52.90
2006	11	8	8.844	4329.3687	311.3685	7.3685	 2.37	 0.10	204.13	 0.80	 4.97	 0.89	10.77	 2.11	326.42	281.76	287.37	264.56	287.97	0	52.91
2006	11	8	9.289	4329.3872	311.3870	7.3870	 2.21	 0.09	206.71	 0.91	 0.38	 1.00	10.78	 2.10	326.37	281.70	288.06	264.52	289.30	0	52.90
2006	11	8	9.756	4329.4062	311.4065	7.4065	 2.44	 0.11	207.82	 0.82	 1.34	 0.99	10.88	 2.25	326.44	281.69	288.34	264.50	286.43	0	52.90
2006	11	8	10.198	4329.4248	311.4249	7.4249	 2.33	 0.10	204.82	 0.87	 1.83	 0.99	10.83	 2.20	326.46	281.94	288.55	 0.00	288.02	0	54.00
2006	11	8	10.640	4329.4434	311.4433	7.4433	 2.08	 0.07	203.92	 0.84	 2.31	 0.98	10.82	 2.17	326.49	282.39	288.84	265.44	288.37	0	53.09
2006	11	8	11.082	4329.4619	311.4618	7.4617	 1.95	 0.07	204.46	 1.01	 2.23	 0.99	10.92	 2.19	326.50	283.07	289.77	266.75	289.07	0	53.35
2006	11	8	11.524	4329.4800	311.4802	7.4802	 1.97	 0.07	205.75	 0.88	 3.78	 0.94	10.78	 2.18	326.63	283.92	291.57	267.54	287.46	0	53.51
2006	11	8	11.986	4329.4995	311.4994	7.4994	 1.81	 0.09	202.77	 1.43	 1.57	 1.00	10.78	 2.06	326.82	284.87	290.88	268.05	293.05	0	53.61
2006	11	8	12.427	4329.5176	311.5178	7.5178	 1.98	 0.08	204.83	 1.06	 1.40	 1.00	10.80	 2.20	326.83	285.91	292.77	268.57	294.37	0	53.71
2006	11	8	13.307	4329.5547	311.5544	7.5545	 2.01	 0.10	202.32	 1.23	 2.37	 1.00	10.77	 2.07	326.97	288.24	294.64	269.76	294.69	0	53.95
2006	11	8	13.744	4329.5728	311.5727	7.5727	 1.70	 0.07	212.16	 1.39	52.82	 0.18	10.73	 2.24	327.07	289.55	289.87	271.10	298.43	0	54.22
2006	11	8	14.207	4329.5918	311.5920	7.5920	 2.57	 0.15	207.80	 0.97	 3.60	 0.98	10.80	 2.20	327.35	291.01	299.20	271.45	297.70	0	54.29
2006	11	8	14.646	4329.6104	311.6102	7.6102	 2.43	 0.14	206.24	 1.11	 2.61	 0.99	10.77	 2.22	327.23	292.41	299.28	273.15	299.22	0	54.63
2006	11	8	15.084	4329.6284	311.6285	7.6285	 2.30	 0.14	205.60	 1.25	 0.40	 1.00	10.77	 2.06	327.10	293.67	303.28	274.09	300.51	0	54.82
2006	11	8	15.962	4329.6650	311.6651	7.6651	 2.10	 0.10	204.03	 1.16	 1.57	 1.00	10.78	 2.13	327.12	295.78	303.25	276.26	302.56	0	55.25
2006	11	8	16.425	4329.6846	311.6844	7.6844	 2.03	 0.11	205.79	 1.40	 3.67	 0.99	10.82	 2.14	327.11	296.53	306.74	276.11	303.31	0	55.22
2006	11	8	17.312	4329.7212	311.7213	7.7214	 2.36	 0.20	204.26	 1.66	 3.56	 1.00	10.77	 2.15	327.03	297.14	306.62	275.48	304.08	0	55.10
2006	11	8	18.189	4329.7578	311.7579	7.7579	 1.90	 0.20	204.97	 2.85	 3.45	 1.00	10.77	 2.16	326.98	296.92	307.47	275.51	303.84	0	55.10
2006	11	8	18.651	4329.7773	311.7771	7.7771	 1.61	 0.13	193.35	 2.50	 2.26	 1.00	10.82	 1.77	326.95	296.66	302.55	276.76	301.52	0	55.35
2006	11	8	19.968	4329.8320	311.8320	7.8320	 2.33	 0.38	206.10	 3.32	24.38	 0.99	10.77	 2.07	326.79	294.94	306.27	274.95	302.35	0	54.99
2006	11	8	20.406	4329.8501	311.8503	7.8502	 2.79	 0.32	202.69	 1.63	 4.46	 1.00	10.77	 2.09	326.77	294.17	304.48	275.19	299.81	0	55.04
2006	11	8	20.870	4329.8696	311.8696	7.8696	 2.56	 0.21	203.61	 1.40	 0.43	 1.00	10.78	 2.10	326.79	293.21	304.63	273.87	301.17	0	54.77
2006	11	8	21.310	4329.8877	311.8879	7.8879	 2.51	 0.31	198.97	 2.15	 8.48	 1.00	10.78	 2.08	326.68	292.26	300.85	272.54	300.19	0	54.51
2006	11	8	21.751	4329.9062	311.9063	7.9063	 2.43	 0.15	200.63	 1.11	 6.20	 0.96	10.83	 2.02	326.83	291.22	301.36	271.01	297.29	0	54.20
2006	11	8	22.632	4329.9429	311.9430	7.9430	 2.80	 0.28	202.74	 1.41	 7.89	 0.98	10.78	 2.06	326.83	288.41	299.42	265.13	295.37	0	53.03
2006	11	8	23.096	4329.9624	311.9623	7.9623	 2.22	 0.10	201.96	 1.00	 2.63	 0.99	10.82	 2.04	326.74	286.96	296.45	263.83	293.69	0	52.77
2006	11	8	23.537	4329.9805	311.9807	7.9807	 2.20	 0.09	208.74	 0.90	 1.87	 0.99	10.78	 2.32	326.52	285.64	296.21	262.39	293.42	0	52.48
2006	11	8	23.978	4329.9990	311.9991	7.9991	 3.40	 0.71	215.85	 2.04	80.73	 0.60	10.80	 2.15	326.57	284.50	292.27	261.75	290.88	0	52.35
2006	11	9	0.419	4330.0176	312.0175	8.0175	 1.68	 0.16	216.11	 3.18	78.99	 0.82	10.82	 2.19	326.46	283.48	291.81	261.27	289.73	0	52.25
2006	11	9	0.863	4330.0361	312.0359	8.0360	 1.92	 0.07	200.47	 1.03	 3.99	 0.97	10.77	 2.12	326.17	282.53	289.42	260.91	 0.00	0	52.18
2006	11	9	1.327	4330.0552	312.0553	8.0553	 1.75	 0.06	199.78	 1.06	 4.74	 0.95	10.80	 2.18	326.18	281.66	288.41	260.60	287.75	0	52.12
2006	11	9	1.769	4330.0737	312.0737	8.0737	 1.56	 0.06	199.03	 1.29	 2.22	 1.00	10.77	 2.13	325.89	280.97	288.06	 0.00	287.00	0	54.00
2006	11	9	2.211	4330.0923	312.0921	8.0921	 1.55	 0.06	199.99	 1.37	 5.10	 0.97	10.83	 2.11	325.76	280.38	286.99	260.19	285.08	0	52.04
2006	11	9	2.656	4330.1108	312.1107	8.1106	 1.45	 0.06	199.82	 1.52	 7.25	 0.96	10.88	 2.11	325.84	279.82	285.71	259.81	284.44	0	51.96
2006	11	9	3.095	4330.1289	312.1290	8.1290	 1.31	 0.04	197.79	 1.23	 1.24	 1.00	10.77	 2.07	327.19	279.37	284.70	259.93	284.88	0	51.99
2006	11	9	3.586	4330.1494	312.1494	8.1494	 1.66	 0.06	202.48	 1.14	 2.86	 0.99	10.97	 2.17	326.99	278.99	285.01	259.55	285.96	0	51.91
2006	11	9	4.031	4330.1680	312.1679	8.1680	 1.55	 0.06	201.73	 1.25	 0.56	 1.00	10.77	 2.14	326.49	278.68	284.32	259.67	283.09	0	51.93
2006	11	9	4.471	4330.1865	312.1863	8.1863	 1.65	 0.05	197.78	 0.97	 1.84	 0.99	10.70	 2.15	326.57	278.45	283.40	 0.00	284.20	0	54.00
2006	11	9	4.913	4330.2046	312.2047	8.2047	 1.47	 0.04	196.83	 1.11	 1.75	 0.99	10.75	 2.06	326.04	278.24	283.04	259.81	285.25	0	51.96
2006	11	9	5.352	4330.2231	312.2230	8.2230	 1.38	 0.05	194.09	 1.45	 1.12	 1.00	10.77	 2.04	325.97	278.05	282.51	 0.00	285.13	0	54.00
2006	11	9	5.818	4330.2422	312.2424	8.2424	 1.33	 0.04	199.01	 1.23	 1.57	 1.00	10.78	 2.13	326.43	277.85	283.35	259.83	 0.00	0	51.97
2006	11	9	6.256	4330.2607	312.2607	8.2607	 1.21	 0.03	194.83	 1.27	 3.38	 0.97	10.77	 2.08	326.26	277.69	282.67	259.80	283.39	0	51.96
2006	11	9	6.697	4330.2788	312.2790	8.2790	 1.17	 0.04	194.30	 1.53	 2.89	 0.99	10.78	 2.12	326.10	277.52	283.54	260.09	283.21	0	52.02
2006	11	9	7.139	4330.2974	312.2975	8.2974	 1.11	 0.05	190.90	 1.98	 7.58	 0.96	10.82	 2.12	326.40	277.40	284.00	260.11	 0.00	0	52.02
2006	11	9	7.579	4330.3159	312.3158	8.3158	 1.10	 0.05	188.72	 2.10	 2.23	 1.00	10.77	 2.13	326.57	277.32	281.82	260.27	284.25	0	52.05
2006	11	9	8.043	4330.3350	312.3351	8.3351	 1.11	 0.04	189.25	 1.50	 5.09	 0.95	10.80	 2.16	326.71	277.21	283.17	260.10	281.55	0	52.02
2006	11	9	8.482	4330.3535	312.3534	8.3534	 1.02	 0.04	189.40	 1.88	 1.22	 1.00	10.77	 2.14	326.79	277.13	282.64	259.94	282.81	0	51.99
2006	11	9	8.921	4330.3716	312.3717	8.3717	 1.00	 0.03	186.44	 1.31	 5.04	 0.87	10.78	 2.09	326.95	277.06	282.13	259.76	281.41	0	51.95
2006	11	9	9.361	4330.3901	312.3900	8.3900	 1.06	 0.03	188.38	 1.38	 3.51	 0.96	10.75	 2.23	327.03	277.00	284.03	259.70	283.84	0	51.94
2006	11	9	9.802	4330.4082	312.4084	8.4084	 0.88	 0.03	181.72	 2.05	 2.04	 1.00	10.83	 2.05	327.12	277.00	282.31	260.00	283.75	0	52.00
2006	11	9	10.266	4330.4277	312.4278	8.4278	 0.79	 0.03	180.67	 2.34	 3.70	 0.98	10.75	 2.05	327.37	277.36	282.47	261.84	281.41	0	52.37
2006	11	9	10.707	4330.4463	312.4461	8.4461	 0.86	 0.03	186.16	 2.05	 0.82	 1.00	10.73	 2.13	327.30	278.00	282.88	263.44	283.36	0	52.69
2006	11	9	11.148	4330.4644	312.4645	8.4645	 0.92	 0.03	184.40	 1.73	 1.74	 0.99	10.77	 2.21	327.29	278.86	284.91	264.99	285.97	0	53.00
2006	11	9	11.585	4330.4829	312.4827	8.4827	 0.83	 0.02	179.10	 1.22	 5.95	 0.59	10.77	 2.15	327.43	279.92	286.31	265.21	287.29	0	53.04
2006	11	9	12.026	4330.5010	312.5011	8.5011	 0.88	 0.03	179.99	 2.12	 2.26	 1.00	10.80	 2.18	327.61	281.06	287.98	265.66	288.93	0	53.13
2006	11	9	12.492	4330.5205	312.5205	8.5205	 0.85	 0.06	172.33	 3.75	 7.63	 0.99	10.83	 2.05	327.66	282.40	289.39	265.46	288.46	0	53.09
2006	11	9	13.370	4330.5571	312.5571	8.5571	 0.74	 0.04	176.30	 3.64	20.42	 0.86	10.77	 2.16	327.58	285.28	292.92	265.44	291.54	0	53.09
2006	11	9	13.809	4330.5752	312.5753	8.5754	 0.83	 0.05	182.12	 3.65	 4.95	 1.00	10.77	 2.29	327.51	286.80	295.21	267.50	290.70	0	53.50
2006	11	9	14.247	4330.5937	312.5936	8.5936	 0.99	 0.06	176.77	 3.17	23.57	 0.92	10.78	 2.15	327.49	288.29	296.05	268.25	294.86	0	53.65
2006	11	9	15.149	4330.6313	312.6312	8.6312	 0.92	 0.08	166.76	 4.50	 6.40	 1.00	10.77	 1.88	327.69	291.42	254.49	272.82	298.14	0	54.56
2006	11	9	16.025	4330.6675	312.6677	8.6677	 0.72	 0.06	175.65	 5.58	 3.33	 1.00	10.75	 2.07	327.29	293.72	303.01	273.33	300.48	0	54.67
2006	11	9	16.462	4330.6860	312.6859	8.6859	 0.66	 0.05	176.61	 5.01	20.25	 0.93	10.77	 2.17	327.06	294.54	304.97	275.50	301.26	0	55.10
2006	11	9	16.925	4330.7051	312.7052	8.7052	 0.83	 0.06	178.34	 4.14	10.32	 0.99	10.77	 2.00	326.86	295.25	304.29	277.85	299.45	0	55.57
2006	11	9	17.364	4330.7236	312.7235	8.7235	 0.91	 0.07	188.48	 4.01	12.19	 0.99	10.75	 2.12	326.32	295.76	305.40	279.28	302.35	0	55.86
2006	11	9	17.801	4330.7417	312.7417	8.7417	 1.01	 0.04	195.56	 2.12	 2.55	 1.00	10.77	 2.09	326.84	296.20	306.21	280.95	303.08	0	56.19
2006	11	9	18.240	4330.7598	312.7600	8.7600	 1.14	 0.06	189.09	 2.23	 4.76	 0.99	10.75	 2.09	326.60	296.45	306.93	281.66	303.49	0	56.33
2006	11	9	19.140	4330.7974	312.7975	8.7975	 1.07	 0.04	196.91	 1.79	 1.29	 1.00	10.80	 2.12	326.41	296.08	307.25	279.14	305.86	0	55.83
2006	11	9	19.580	4330.8159	312.8158	8.8158	 0.88	 0.04	186.28	 2.66	 9.10	 0.96	10.78	 1.94	326.29	295.74	306.63	279.15	301.46	0	55.83
2006	11	9	20.018	4330.8340	312.8341	8.8341	 0.73	 0.04	202.78	 4.33	 4.07	 1.00	10.82	 2.11	326.18	295.17	308.67	278.44	303.27	0	55.69
2006	11	9	21.366	4330.8901	312.8902	8.8902	 1.77	 0.12	228.00	 2.34	20.33	 0.96	10.78	 2.65	325.98	292.16	291.50	271.67	301.78	0	54.33
2006	11	9	22.685	4330.9453	312.9452	8.9452	 1.02	 0.06	190.65	 2.93	17.80	 0.94	10.85	 2.06	325.59	287.92	298.30	265.27	295.03	0	53.05
2006	11	9	23.587	4330.9829	312.9828	8.9828	 0.96	 0.06	177.63	 2.99	 7.24	 0.99	10.77	 2.04	325.60	285.37	293.85	264.93	290.87	0	52.99
2006	11	10	0.026	4331.0010	313.0011	9.0011	 1.02	 0.06	172.58	 2.50	 5.57	 0.99	10.77	 2.05	325.69	284.33	292.33	263.27	289.75	0	52.65
2006	11	10	0.466	4331.0195	313.0194	9.0194	 0.56	 0.07	181.30	 9.28	 3.96	 1.00	10.75	 2.04	325.65	283.36	292.16	262.78	288.59	0	52.56
2006	11	10	0.905	4331.0376	313.0377	9.0377	 0.65	 0.03	160.00	 3.10	 5.51	 0.96	10.88	 2.18	326.12	282.54	291.12	262.56	288.84	0	52.51
2006	11	10	1.346	4331.0562	313.0561	9.0561	 0.57	 0.03	163.97	 3.49	 4.30	 0.97	10.77	 2.17	326.06	281.78	288.86	262.15	286.72	0	52.43
2006	11	10	1.813	4331.0757	313.0755	9.0755	 0.43	 0.02	159.57	 3.48	 4.93	 0.77	10.82	 2.11	326.32	281.08	289.12	 0.00	 0.00	0	54.00
2006	11	10	2.252	4331.0937	313.0938	9.0938	 0.42	 0.03	158.95	 5.57	 3.84	 0.97	10.77	 2.09	326.24	280.92	286.35	266.55	288.41	0	53.31
2006	11	10	2.694	4331.1123	313.1122	9.1123	 0.53	 0.02	161.32	 2.86	 2.20	 0.97	10.75	 2.21	326.22	280.83	288.48	264.82	 0.00	0	52.96
2006	11	10	3.133	4331.1304	313.1305	9.1305	 0.46	 0.03	166.32	 5.43	 1.66	 1.00	10.87	 2.08	326.22	280.84	287.18	266.14	 0.00	0	53.23
2006	11	10	3.578	4331.1489	313.1490	9.1491	 0.47	 0.03	160.45	 4.24	 2.44	 0.99	10.77	 2.11	326.13	280.90	287.63	266.97	 0.00	0	53.39
2006	11	10	4.066	4331.1694	313.1694	9.1694	 0.43	 0.02	164.07	 4.89	 1.16	 1.00	10.82	 2.05	326.32	281.04	287.81	266.96	287.53	0	53.39
2006	11	10	4.506	4331.1880	313.1878	9.1878	 0.45	 0.03	174.39	 5.64	 5.26	 0.97	10.77	 2.10	326.27	281.12	287.20	265.58	286.23	0	53.12
2006	11	10	4.954	4331.2065	313.2064	9.2064	 0.49	 0.03	173.90	 5.20	 1.38	 1.00	10.80	 2.12	326.29	281.07	287.73	264.36	287.56	0	52.87
2006	11	10	5.396	4331.2246	313.2248	9.2248	 0.50	 0.03	168.72	 4.79	 5.76	 0.96	10.78	 2.06	326.25	281.01	287.48	264.36	288.90	0	52.87
2006	11	10	5.837	4331.2432	313.2432	9.2432	 0.50	 0.02	173.85	 3.90	 3.35	 0.97	10.75	 2.08	326.30	280.92	287.18	264.39	287.39	0	52.88
2006	11	10	6.309	4331.2627	313.2628	9.2629	 0.61	 0.03	171.49	 2.98	 2.24	 0.99	10.83	 2.15	326.36	280.82	287.70	 0.00	285.93	0	54.00
2006	11	10	6.749	4331.2812	313.2812	9.2812	 0.63	 0.02	177.47	 2.56	 2.84	 0.97	10.75	 2.11	326.26	280.70	287.87	264.60	287.02	0	52.92
2006	11	10	7.642	4331.3184	313.3184	9.3184	 0.71	 0.02	179.63	 2.23	 1.62	 0.99	10.93	 2.23	326.21	280.43	287.93	264.14	285.32	0	52.83
2006	11	10	8.086	4331.3369	313.3369	9.3369	 0.60	 0.02	180.55	 2.81	 3.59	 0.96	10.83	 2.08	326.24	280.34	285.87	 0.00	285.09	0	54.00
2006	11	10	8.552	4331.3564	313.3563	9.3563	 0.67	 0.02	176.30	 2.49	 0.65	 1.00	10.82	 2.13	326.34	280.05	286.04	262.91	286.10	0	52.58
2006	11	10	8.996	4331.3750	313.3748	9.3748	 0.66	 0.03	177.12	 3.09	 3.52	 0.99	10.83	 2.07	326.21	279.87	285.12	262.99	287.19	0	52.60
2006	11	10	9.439	4331.3931	313.3933	9.3933	 0.64	 0.02	180.08	 2.73	 3.14	 0.98	10.83	 2.06	326.28	279.59	284.45	262.80	286.87	0	52.56
2006	11	10	9.881	4331.4116	313.4117	9.4117	 0.66	 0.02	182.59	 2.69	 3.54	 0.97	10.78	 2.09	326.26	279.67	286.64	263.25	284.09	0	52.65
2006	11	10	10.323	4331.4302	313.4301	9.4301	 0.64	 0.03	177.50	 3.55	 2.12	 1.00	10.78	 2.04	326.23	280.17	284.80	265.04	284.41	0	53.01
2006	11	10	11.231	4331.4678	313.4680	9.4680	 0.72	 0.03	177.50	 2.51	 3.64	 0.98	10.83	 2.14	326.36	282.35	288.06	272.23	 0.00	0	54.45
2006	11	10	11.673	4331.4863	313.4864	9.4864	 0.64	 0.02	182.12	 2.58	 0.82	 1.00	10.77	 2.14	326.47	283.84	289.20	274.19	288.06	0	54.84
2006	11	10	12.113	4331.5049	313.5047	9.5047	 0.77	 0.03	177.21	 2.24	 2.31	 0.99	10.75	 2.23	326.61	285.44	292.74	275.90	292.09	0	55.18
2006	11	10	12.554	4331.5229	313.5231	9.5231	 0.68	 0.03	177.82	 2.73	 3.65	 0.98	10.80	 2.10	326.69	287.17	294.56	276.31	 0.00	0	55.26
2006	11	10	13.017	4331.5425	313.5424	9.5424	 0.67	 0.02	185.81	 1.90	 1.12	 0.99	10.80	 2.15	326.84	289.08	295.65	277.64	293.83	0	55.53
2006	11	10	13.457	4331.5605	313.5607	9.5607	 0.91	 0.03	177.81	 1.73	 7.05	 0.88	10.80	 2.07	326.90	290.91	298.14	278.02	295.73	0	55.60
2006	11	10	13.898	4331.5791	313.5791	9.5791	 1.12	 0.03	189.18	 1.15	 7.33	 0.73	10.77	 2.22	326.83	292.83	301.92	280.47	300.17	0	56.09
2006	11	10	14.336	4331.5972	313.5973	9.5973	 1.01	 0.04	202.59	 2.05	 1.28	 1.00	10.75	 2.00	326.57	294.64	302.33	282.21	301.57	0	56.44
2006	11	10	14.774	4331.6157	313.6156	9.6156	 1.56	 0.06	203.83	 1.29	 6.14	 0.95	10.77	 2.19	326.92	296.33	305.74	282.65	303.30	0	56.53
2006	11	10	15.237	4331.6348	313.6349	9.6349	 1.40	 0.03	204.96	 0.99	 5.04	 0.87	10.80	 2.05	325.78	297.82	306.81	281.80	304.27	0	56.36
2006	11	10	15.676	4331.6533	313.6532	9.6532	 1.94	 0.06	207.22	 0.79	 0.66	 1.00	10.77	 2.31	320.97	298.82	308.39	284.27	304.47	0	56.85
2006	11	10	16.114	4331.6714	313.6714	9.6714	 1.48	 0.06	193.63	 1.32	 2.41	 0.99	10.77	 1.84	327.29	299.75	309.90	284.81	307.29	0	56.96
2006	11	10	16.554	4331.6899	313.6897	9.6897	 1.02	 0.03	204.03	 1.58	 4.86	 0.95	10.77	 1.91	325.15	300.35	310.17	282.04	306.23	0	56.41
2006	11	10	16.991	4331.7080	313.7080	9.7080	 1.26	 0.06	206.21	 2.05	 2.53	 1.00	10.75	 2.24	323.06	300.67	312.41	283.24	305.41	0	56.65
2006	11	10	17.456	4331.7275	313.7273	9.7273	 1.19	 0.04	188.65	 1.56	41.39	 0.19	10.80	 1.89	323.14	300.59	313.16	282.33	305.52	0	56.47
2006	11	10	17.894	4331.7456	313.7456	9.7456	 0.93	 0.04	198.32	 2.42	12.51	 0.91	10.75	 2.06	323.79	300.38	311.20	281.22	305.56	0	56.24
2006	11	10	18.331	4331.7637	313.7638	9.7638	 1.18	 0.07	193.26	 2.50	 4.59	 1.00	10.77	 2.04	324.64	300.07	312.20	280.91	307.49	0	56.18
2006	11	10	18.772	4331.7822	313.7822	9.7822	 1.02	 0.05	199.20	 2.65	 2.81	 1.00	10.77	 2.12	324.66	299.58	312.36	279.93	 0.00	0	55.99
2006	11	10	19.210	4331.8003	313.8004	9.8004	 1.17	 0.07	193.33	 2.65	 7.85	 0.99	10.73	 2.05	324.68	298.86	314.19	278.35	306.64	0	55.67
2006	11	10	19.673	4331.8198	313.8197	9.8197	 1.12	 0.08	185.28	 3.32	10.76	 0.99	10.78	 1.94	324.73	297.93	310.67	277.58	305.88	0	55.52
2006	11	10	20.111	4331.8379	313.8380	9.8380	 0.98	 0.06	190.65	 3.36	 7.02	 1.00	10.75	 2.06	324.97	296.98	309.69	276.65	303.11	0	55.33
2006	11	10	20.551	4331.8564	313.8563	9.8563	 0.78	 0.07	188.59	 6.20	13.31	 1.00	10.75	 1.89	325.13	295.93	307.85	275.66	303.82	0	55.13
2006	11	10	22.332	4331.9307	313.9305	9.9305	 1.31	 0.12	196.66	 3.80	12.48	 1.00	10.78	 2.13	323.60	290.49	300.96	265.87	 0.00	0	53.17
2006	11	10	22.772	4331.9487	313.9488	9.9488	 1.22	 0.05	191.01	 1.68	15.72	 0.79	10.75	 2.14	322.86	289.01	299.98	 0.00	295.03	0	54.00
2006	11	10	23.213	4331.9673	313.9672	9.9672	 1.08	 0.25	190.59	11.35	66.38	 1.00	10.83	 2.15	323.37	287.63	298.87	265.02	295.98	0	53.00
2006	11	10	23.655	4331.9858	313.9856	9.9856	 0.99	 0.06	187.70	 2.97	 8.83	 0.99	10.82	 2.17	324.23	286.38	295.93	264.97	294.61	0	52.99
2006	11	11	0.118	4332.0049	314.0049	10.0049	 0.68	 0.03	182.12	 3.08	 3.47	 0.99	10.78	 2.13	325.44	285.25	293.60	264.97	291.94	0	52.99
2006	11	11	0.556	4332.0229	314.0232	10.0232	 0.61	 0.03	186.76	 3.87	 3.71	 0.99	10.77	 2.09	326.22	284.39	292.75	 0.00	290.59	0	54.00
2006	11	11	0.999	4332.0415	314.0416	10.0416	 0.63	 0.03	185.28	 3.43	 1.08	 1.00	10.75	 2.08	325.72	283.70	290.71	265.15	289.74	0	53.03
2006	11	11	1.444	4332.0601	314.0602	10.0602	 0.63	 0.02	187.05	 2.11	 3.31	 0.92	10.82	 2.12	325.79	283.33	290.31	 0.00	289.62	0	54.00
2006	11	11	1.884	4332.0786	314.0785	10.0785	 0.72	 0.03	184.27	 2.82	 1.67	 1.00	10.83	 2.12	325.90	283.05	290.31	265.86	 0.00	0	53.17
2006	11	11	2.350	4332.0981	314.0979	10.0979	 0.68	 0.03	207.79	 3.34	16.07	 0.81	10.77	 2.12	326.00	282.79	289.90	265.03	289.27	0	53.01
2006	11	11	2.793	4332.1162	314.1164	10.1164	 1.16	 0.04	197.14	 1.72	 1.87	 1.00	10.82	 2.14	326.41	282.68	289.98	 0.00	287.69	0	54.00
2006	11	11	3.238	4332.1348	314.1349	10.1349	 1.09	 0.03	195.91	 1.44	 1.01	 1.00	10.80	 2.13	326.79	282.60	289.17	264.43	287.52	0	52.89
2006	11	11	3.680	4332.1533	314.1534	10.1533	 1.00	 0.03	197.18	 1.60	 7.05	 0.89	10.77	 2.08	326.76	282.50	289.15	264.46	288.72	0	52.89
2006	11	11	4.122	4332.1719	314.1718	10.1718	 1.10	 0.03	189.33	 1.17	 1.66	 0.99	10.75	 2.11	326.43	282.39	288.52	264.42	288.62	0	52.88
2006	11	11	4.611	4332.1924	314.1921	10.1921	 0.79	 0.02	201.90	 2.14	 4.63	 0.96	10.83	 1.97	326.32	282.17	287.08	264.55	289.80	0	52.91
2006	11	11	5.054	4332.2104	314.2106	10.2106	 1.18	 0.03	201.76	 1.34	 1.96	 0.99	10.75	 2.15	325.47	281.95	288.84	264.58	288.20	0	52.92
2006	11	11	5.498	4332.2290	314.2291	10.2291	 0.98	 0.03	199.62	 1.51	 1.41	 1.00	10.85	 2.10	325.75	281.72	287.82	264.65	286.46	0	52.93
2006	11	11	5.940	4332.2476	314.2475	10.2475	 0.99	 0.03	197.16	 1.74	 1.56	 1.00	10.88	 2.09	325.76	281.48	287.17	 0.00	287.50	0	54.00
2006	11	11	6.385	4332.2661	314.2661	10.2661	 0.92	 0.03	191.79	 1.82	 2.59	 0.99	10.90	 2.09	326.17	281.24	286.88	 0.00	285.91	0	54.00
2006	11	11	6.852	4332.2856	314.2855	10.2855	 0.91	 0.03	194.26	 2.00	 0.64	 1.00	10.93	 2.11	326.92	280.98	287.93	264.60	286.91	0	52.92
2006	11	11	7.298	4332.3042	314.3041	10.3041	 0.78	 0.03	181.38	 2.47	 1.42	 1.00	10.78	 1.95	326.69	280.82	285.03	 0.00	285.46	0	54.00
2006	11	11	7.738	4332.3223	314.3224	10.3224	 0.94	 0.03	186.31	 1.90	 3.68	 0.98	10.78	 2.20	326.96	280.62	287.20	 0.00	285.23	0	54.00
2006	11	11	8.179	4332.3408	314.3408	10.3408	 0.78	 0.02	189.49	 1.92	 3.82	 0.95	10.82	 2.03	326.93	280.46	285.02	264.27	286.34	0	52.85
2006	11	11	8.623	4332.3594	314.3593	10.3593	 0.90	 0.03	198.83	 2.02	 0.87	 1.00	10.77	 2.13	326.46	280.32	286.02	263.93	286.14	0	52.79
2006	11	11	9.087	4332.3784	314.3786	10.3786	 1.01	 0.03	195.36	 1.59	 3.36	 0.98	10.80	 2.11	326.68	280.15	285.45	263.86	 0.00	0	52.77
2006	11	11	9.530	4332.3970	314.3971	10.3971	 1.03	 0.04	196.86	 1.83	 5.82	 0.96	10.83	 2.21	327.22	280.07	286.29	264.51	285.71	0	52.90
2006	11	11	9.972	4332.4155	314.4155	10.4155	 1.02	 0.04	192.30	 2.07	 1.17	 1.00	10.78	 2.10	327.26	280.32	284.31	 0.00	284.52	0	54.00
2006	11	11	10.413	4332.4341	314.4339	10.4339	 1.03	 0.03	192.22	 1.56	 3.60	 0.97	10.82	 2.11	327.28	280.98	285.95	265.11	285.06	0	53.02
2006	11	11	10.857	4332.4521	314.4524	10.4524	 1.07	 0.03	195.19	 1.58	 3.77	 0.98	10.80	 2.14	327.36	281.96	286.24	 0.00	287.60	0	54.00
2006	11	11	11.763	4332.4902	314.4901	10.4901	 1.08	 0.03	201.13	 1.54	 4.14	 0.97	10.77	 2.19	327.39	284.42	290.77	272.16	292.35	0	54.43
2006	11	11	12.642	4332.5269	314.5267	10.5267	 1.14	 0.03	196.67	 1.35	 2.39	 0.99	10.77	 2.10	327.44	287.26	293.88	273.54	293.71	0	54.71
2006	11	11	13.085	4332.5454	314.5452	10.5452	 1.32	 0.04	204.94	 1.25	 0.77	 1.00	10.77	 2.20	327.31	288.84	296.95	 0.00	295.41	0	54.00
2006	11	11	13.548	4332.5645	314.5645	10.5645	 1.44	 0.05	197.39	 1.25	 5.31	 0.95	10.80	 2.06	327.60	290.61	297.79	276.31	297.28	0	55.26
2006	11	11	13.986	4332.5825	314.5828	10.5828	 1.63	 0.07	202.98	 1.43	 3.99	 0.99	10.75	 2.08	327.41	292.32	299.40	277.10	301.55	0	55.42
2006	11	11	14.865	4332.6191	314.6194	10.6194	 2.48	 0.10	212.75	 0.75	 3.92	 0.92	10.78	 2.29	326.39	295.60	305.72	281.57	305.02	0	56.31
2006	11	11	15.303	4332.6377	314.6376	10.6376	 2.21	 0.09	208.80	 0.89	 1.35	 1.00	10.80	 2.19	325.19	297.08	305.45	283.87	303.28	0	56.77
2006	11	11	15.766	4332.6567	314.6569	10.6569	 2.08	 0.07	210.54	 0.83	 1.64	 0.99	10.80	 2.13	324.04	298.38	308.04	285.71	303.12	0	57.14
2006	11	11	16.206	4332.6753	314.6752	10.6752	 2.20	 0.06	207.48	 0.61	 4.24	 0.76	10.83	 1.95	325.46	299.69	308.54	288.62	306.04	0	57.72
2006	11	11	16.645	4332.6934	314.6935	10.6936	 2.88	 0.14	208.83	 0.70	 1.89	 0.98	10.78	 2.08	321.97	300.72	309.88	289.75	307.44	0	57.95
2006	11	11	17.086	4332.7119	314.7119	10.7119	 2.91	 0.21	210.97	 1.01	 2.92	 0.99	10.80	 2.14	316.05	301.09	311.36	284.82	306.00	0	56.96
2006	11	11	23.312	4332.9712	314.9713	10.9713	 3.58	 0.42	207.96	 0.95	 1.89	 1.00	10.87	 2.13	318.92	287.25	297.72	265.07	294.69	0	53.01
2006	11	12	0.192	4333.0078	315.0080	11.0080	 3.86	 0.34	210.98	 0.59	 0.54	 1.00	10.75	 2.16	321.75	285.60	294.30	264.83	293.24	0	52.97
2006	11	12	0.655	4333.0273	315.0273	11.0273	 3.52	 0.36	209.52	 0.88	 1.06	 1.00	10.85	 2.04	322.51	285.13	292.59	265.36	291.64	0	53.07
2006	11	12	1.094	4333.0454	315.0456	11.0456	 3.69	 0.52	210.04	 1.07	 1.91	 1.00	10.75	 2.03	322.28	285.00	291.18	267.68	292.79	0	53.54
2006	11	12	1.534	4333.0640	315.0639	11.0639	 4.62	 0.94	212.75	 0.76	 0.27	 1.00	10.77	 2.25	322.08	285.22	291.63	268.50	290.25	0	53.70
2006	11	12	1.976	4333.0825	315.0823	11.0823	 4.65	 1.07	210.98	 0.83	 1.53	 1.00	10.75	 2.09	322.18	285.58	291.54	 0.00	293.67	0	54.00
2006	11	12	2.416	4333.1006	315.1007	11.1007	 3.84	 0.44	212.70	 0.78	 1.82	 0.99	10.75	 2.25	322.15	285.72	292.86	267.72	290.93	0	53.54
2006	11	12	2.880	4333.1201	315.1200	11.1200	 3.51	 0.29	211.87	 0.71	 0.18	 1.00	10.78	 2.16	322.17	285.34	292.61	266.04	292.16	0	53.21
2006	11	12	3.320	4333.1382	315.1383	11.1383	 3.64	 0.26	211.41	 0.57	 0.54	 1.00	10.78	 2.12	322.11	284.99	293.32	 0.00	291.75	0	54.00
2006	11	12	3.760	4333.1567	315.1567	11.1567	 3.40	 0.26	210.24	 0.73	 0.33	 1.00	10.82	 2.06	322.55	284.65	291.78	264.82	 0.00	0	52.96
2006	11	12	4.202	4333.1753	315.1751	11.1751	 3.86	 0.35	213.27	 0.61	 1.51	 0.98	10.77	 2.23	322.82	284.37	292.08	264.60	 0.00	0	52.92
2006	11	12	4.644	4333.1934	315.1935	11.1935	 3.93	 0.60	209.74	 0.96	 0.90	 1.00	10.92	 2.14	322.55	284.00	290.03	264.65	290.61	0	52.93
2006	11	12	5.136	4333.2139	315.2140	11.2140	 3.91	 0.56	210.84	 0.92	 0.61	 1.00	10.78	 2.17	323.06	283.72	290.54	264.65	288.85	0	52.93
2006	11	12	5.575	4333.2324	315.2323	11.2323	 3.55	 0.40	209.13	 0.96	 0.22	 1.00	10.78	 2.03	323.15	283.45	289.66	264.65	 0.00	0	52.93
2006	11	12	6.021	4333.2510	315.2509	11.2509	 3.39	 0.37	208.76	 1.03	 2.06	 1.00	10.90	 2.04	322.69	283.15	288.57	264.65	290.98	0	52.93
2006	11	12	6.465	4333.2695	315.2694	11.2694	 3.43	 0.44	211.94	 1.19	 0.90	 1.00	10.83	 2.12	322.58	282.91	290.34	264.65	 0.00	0	52.93
2006	11	12	6.907	4333.2876	315.2878	11.2878	 3.07	 0.21	211.41	 0.82	 1.19	 1.00	10.73	 2.17	324.36	282.73	288.84	264.44	289.86	0	52.89
2006	11	12	7.371	4333.3071	315.3071	11.3071	 3.11	 0.23	210.22	 0.88	 1.00	 1.00	10.83	 2.09	325.16	282.65	288.98	264.96	287.34	0	52.99
2006	11	12	7.811	4333.3257	315.3254	11.3255	 2.88	 0.20	207.82	 0.97	 1.26	 1.00	10.82	 2.02	324.91	282.59	287.14	264.44	290.01	0	52.89
2006	11	12	8.252	4333.3437	315.3438	11.3438	 2.83	 0.15	211.65	 0.76	 1.57	 0.99	10.80	 2.13	324.64	282.46	289.46	264.56	288.60	0	52.91
2006	11	12	8.693	4333.3623	315.3622	11.3622	 2.55	 0.12	209.21	 0.81	 1.33	 0.99	10.82	 2.12	324.81	282.33	287.46	264.51	 0.00	0	52.90
2006	11	12	9.135	4333.3804	315.3806	11.3806	 2.31	 0.10	211.49	 0.90	 1.88	 0.99	10.82	 2.14	324.93	282.29	289.24	264.49	288.31	0	52.90
2006	11	12	10.041	4333.4185	315.4184	11.4184	 2.02	 0.09	208.52	 1.10	 1.12	 1.00	10.78	 2.14	325.07	282.49	288.93	264.98	287.02	0	53.00
2006	11	12	10.484	4333.4370	315.4368	11.4368	 1.89	 0.05	206.45	 0.75	 2.37	 0.96	10.77	 2.10	325.00	283.09	288.45	268.08	290.59	0	53.62
2006	11	12	10.922	4333.4551	315.4551	11.4551	 1.86	 0.06	206.80	 0.97	 0.89	 1.00	10.77	 2.10	325.08	283.97	289.30	270.68	288.40	0	54.14
2006	11	12	11.361	4333.4736	315.4734	11.4734	 1.93	 0.06	206.63	 0.80	 1.89	 0.98	10.77	 2.09	325.18	285.15	291.31	272.85	291.39	0	54.57
2006	11	12	11.825	4333.4927	315.4927	11.4927	 1.96	 0.08	206.54	 1.05	 0.62	 1.00	10.80	 2.10	325.24	286.58	292.64	275.51	295.27	0	55.10
2006	11	12	12.265	4333.5112	315.5110	11.5111	 1.80	 0.10	209.85	 1.71	21.07	 0.86	10.77	 2.13	325.03	288.07	294.72	275.58	295.06	0	55.12
2006	11	12	12.706	4333.5293	315.5294	11.5294	 2.15	 0.09	213.01	 0.94	 0.37	 1.00	10.77	 2.22	324.79	289.76	298.30	278.96	299.22	0	55.79
2006	11	12	14.047	4333.5854	315.5853	11.5853	 2.51	 0.10	208.77	 0.74	 3.37	 0.94	10.82	 2.07	321.01	294.68	304.27	279.36	302.48	0	55.87
2006	11	12	14.486	4333.6035	315.6036	11.6036	 2.52	 0.13	211.36	 0.96	 2.36	 0.99	10.77	 2.19	320.96	295.80	306.69	278.49	303.77	0	55.70
2006	11	12	14.924	4333.6216	315.6218	11.6218	 2.27	 0.10	211.66	 0.96	 1.24	 1.00	10.77	 2.18	322.47	296.92	308.46	279.83	304.86	0	55.97
2006	11	12	15.361	4333.6401	315.6400	11.6401	 2.25	 0.09	209.88	 0.86	 0.75	 1.00	10.77	 2.20	323.03	297.85	307.84	279.54	305.72	0	55.91
2006	11	12	15.799	4333.6582	315.6583	11.6583	 1.90	 0.07	210.14	 0.96	 2.04	 0.99	10.73	 2.11	323.91	298.67	310.13	280.37	306.30	0	56.07
2006	11	12	16.265	4333.6777	315.6777	11.6777	 2.49	 0.18	214.84	 1.33	 1.38	 1.00	10.90	 2.51	321.82	299.27	310.25	280.82	 0.00	0	56.16
# Unit 3, Cerro Chajnantor CCAT, Filter  0,  Slot 1, 350 um (616) & yellow
#				days
#				since		day of	day of
# yr	mo	dy	 time	1/1/1995	year	month	Tau	unc	Tatm	unc	mse	fitgood	Etime	R	Thot	Twarm	Tchop	Tamb	<Tint>	Filter	Toff
# 1	2	3	4	5		6	7	8	9	10	11	12	13	14	15	16	17	18	19	20	21	22
