2012	5	3	18.411	6332.7671	123.7671	2.7671	 1.76	 0.07	198.05	 1.20	18.35	 0.63	10.80	 1.12	327.20	284.23	283.70	277.76	286.60	0	55.55
2012	5	3	20.198	6332.8418	123.8416	2.8416	 1.89	 0.12	204.15	 1.71	 9.45	 0.98	10.75	 1.16	326.91	287.48	292.18	267.18	291.23	0	53.44
2012	5	3	20.635	6332.8599	123.8598	2.8598	 1.99	 0.13	205.49	 1.71	 2.91	 1.00	10.80	 1.21	326.93	286.93	292.05	265.71	292.15	0	53.14
2012	5	3	21.981	6332.9160	123.9159	2.9159	 1.80	 0.13	201.22	 2.05	 3.25	 1.00	10.78	 1.11	323.24	283.72	289.25	263.21	288.44	0	52.64
2012	5	4	2.855	6333.1191	124.1189	3.1189	 1.89	 0.13	202.80	 1.85	 7.31	 0.99	10.77	 1.07	326.79	277.03	277.50	261.77	281.96	0	52.35
2012	5	4	4.180	6333.1743	124.1742	3.1742	 2.19	 0.19	204.53	 1.98	 5.26	 1.00	10.87	 1.17	326.84	277.44	284.29	261.76	 0.00	0	52.35
2012	5	4	4.645	6333.1934	124.1936	3.1936	 1.81	 0.09	202.16	 1.42	 3.89	 0.99	10.77	 1.15	326.87	277.60	282.34	261.72	282.63	0	52.34
2012	5	4	5.084	6333.2119	124.2119	3.2119	 1.86	 0.12	201.31	 1.86	 3.75	 1.00	10.73	 1.14	326.84	277.71	282.45	 0.00	 0.00	0	54.00
2012	5	4	5.967	6333.2485	124.2486	3.2486	 2.03	 0.12	205.70	 1.44	 4.04	 0.99	10.82	 1.22	326.90	277.85	281.77	 0.00	 0.00	0	54.00
2012	5	4	7.763	6333.3232	124.3235	3.3235	 1.65	 0.09	203.16	 1.76	 2.19	 1.00	10.73	 1.07	326.94	277.74	284.29	261.57	283.44	0	52.31
2012	5	4	9.111	6333.3794	124.3796	3.3796	 1.75	 0.13	201.65	 2.19	 3.41	 1.00	10.78	 1.07	326.98	277.52	281.86	261.35	 0.00	0	52.27
2012	5	4	9.551	6333.3979	124.3979	3.3980	 1.59	 0.08	204.74	 1.84	 1.46	 1.00	10.88	 1.14	326.94	277.43	285.19	 0.00	283.11	0	54.00
2012	5	4	9.989	6333.4160	124.4162	3.4162	 1.54	 0.10	204.44	 2.30	 4.32	 1.00	10.72	 1.11	326.88	277.36	284.14	 0.00	282.97	0	54.00
2012	5	4	17.154	6333.7148	124.7147	3.7147	 1.84	 0.13	204.74	 1.97	 3.54	 1.00	10.73	 1.21	325.86	289.51	292.90	 0.00	292.26	0	54.00
2012	5	4	18.946	6333.7896	124.7894	3.7894	 2.27	 0.23	200.51	 2.13	 3.65	 1.00	11.05	 1.07	323.66	291.30	298.01	273.70	295.94	0	54.74
2012	5	4	19.389	6333.8081	124.8079	3.8079	 2.15	 0.24	194.39	 2.40	 3.41	 1.00	10.78	 0.96	323.80	290.97	294.85	272.30	295.69	0	54.46
2012	5	4	20.301	6333.8457	124.8459	3.8459	 2.31	 0.25	203.14	 2.21	 2.50	 1.00	10.75	 1.18	323.90	289.64	296.86	 0.00	293.56	0	54.00
2012	5	4	20.740	6333.8643	124.8642	3.8642	 2.36	 0.27	200.71	 2.21	 6.15	 1.00	10.73	 1.17	323.77	288.31	292.90	265.68	292.60	0	53.14
2012	5	4	23.421	6333.9761	124.9759	3.9759	 2.09	 0.18	206.44	 2.05	 6.25	 1.00	10.73	 1.21	323.96	281.63	288.05	262.69	287.01	0	52.54
2012	5	5	5.222	6334.2178	125.2176	4.2176	 1.62	 0.10	206.05	 2.02	 2.05	 1.00	10.83	 1.12	324.86	277.13	282.72	263.90	283.33	0	52.78
2012	5	5	6.552	6334.2729	125.2730	4.2730	 1.49	 0.08	206.24	 2.01	 5.16	 0.99	10.82	 1.17	324.81	277.94	282.07	264.84	 0.00	0	52.97
2012	5	5	7.458	6334.3105	125.3107	4.3107	 1.62	 0.07	208.98	 1.47	 0.76	 1.00	10.78	 1.16	324.86	278.35	286.41	264.82	284.56	0	52.96
2012	5	5	8.344	6334.3477	125.3477	4.3477	 1.47	 0.08	203.86	 2.02	 3.14	 1.00	10.88	 1.17	324.81	278.61	282.34	264.83	284.65	0	52.97
2012	5	5	8.786	6334.3662	125.3661	4.3661	 1.54	 0.09	206.29	 2.12	 0.95	 1.00	10.87	 1.22	324.81	278.65	284.76	264.71	284.78	0	52.94
2012	5	5	9.226	6334.3843	125.3844	4.3844	 1.35	 0.05	199.76	 1.40	 5.03	 0.97	10.73	 1.08	324.79	278.68	282.50	 0.00	283.86	0	54.00
2012	5	5	10.143	6334.4229	125.4226	4.4226	 1.54	 0.08	202.94	 1.72	 4.81	 0.99	10.85	 1.19	324.86	278.73	285.06	264.32	283.21	0	52.86
2012	5	5	11.027	6334.4595	125.4594	4.4594	 1.49	 0.20	197.01	 4.84	56.67	 0.98	10.73	 0.95	324.81	278.80	265.64	263.89	284.53	0	52.78
2012	5	5	12.377	6334.5156	125.5157	4.5157	 1.24	 0.07	201.15	 2.60	 2.74	 1.00	10.77	 1.19	324.82	281.30	284.86	265.64	 0.00	0	53.13
2012	5	5	12.818	6334.5342	125.5341	4.5341	 1.34	 0.08	201.61	 2.38	 7.03	 0.99	10.82	 1.24	324.64	282.60	286.26	266.05	 0.00	0	53.21
2012	5	5	13.704	6334.5708	125.5710	4.5710	 1.21	 0.07	199.67	 2.55	 4.32	 1.00	10.72	 1.20	323.86	285.32	288.59	268.43	290.51	0	53.69
2012	5	5	14.614	6334.6089	125.6089	4.6089	 1.25	 0.07	202.78	 2.50	 0.58	 1.00	10.77	 1.12	323.79	287.77	291.96	 0.00	290.18	0	54.00
2012	5	5	15.055	6334.6274	125.6273	4.6273	20.27	59251408.17	195.86	 6.89	73.16	 1.00	10.90	 1.21	323.62	289.03	293.55	271.81	291.23	0	54.36
2012	5	5	15.937	6334.6641	125.6640	4.6641	 1.08	 0.47	241.75	26.95	1510.75	 0.95	10.72	 1.16	324.15	291.44	294.91	 0.00	293.54	0	54.00
2012	5	5	17.313	6334.7212	125.7214	4.7214	 1.53	 0.08	201.29	 1.75	 2.78	 1.00	10.72	 1.08	318.07	295.16	300.08	 0.00	297.40	0	54.00
2012	5	5	18.664	6334.7778	125.7776	4.7777	 1.85	 0.08	208.37	 1.26	 2.80	 0.99	10.83	 1.28	318.51	296.12	303.62	282.69	299.17	0	56.54
2012	5	5	19.545	6334.8145	125.8144	4.8144	 1.68	 0.08	201.26	 1.45	 2.67	 1.00	10.77	 1.07	319.03	294.61	302.28	 0.00	298.83	0	54.00
2012	5	5	19.984	6334.8325	125.8327	4.8327	 1.59	 0.11	202.22	 2.43	 8.33	 0.99	10.77	 1.06	318.86	293.52	300.89	271.97	298.16	0	54.39
2012	5	5	22.220	6334.9258	125.9258	4.9258	 1.73	 0.17	201.03	 2.93	 6.96	 1.00	10.75	 1.10	320.70	285.47	291.26	265.26	291.59	0	53.05
2012	5	5	23.128	6334.9639	125.9637	4.9637	 1.76	 0.14	205.19	 2.46	 6.31	 1.00	10.75	 1.19	320.20	283.13	289.01	 0.00	289.40	0	54.00
2012	5	6	0.013	6335.0005	126.0005	5.0005	 1.62	 0.10	208.24	 2.14	 2.57	 1.00	10.82	 1.23	320.29	281.45	289.30	261.40	286.85	0	52.28
2012	5	6	1.805	6335.0752	126.0752	5.0752	 1.36	 0.07	201.55	 2.17	 3.95	 1.00	10.93	 1.08	319.87	279.42	283.04	262.36	285.52	0	52.47
2012	5	6	2.247	6335.0937	126.0936	5.0936	 1.49	 0.15	210.72	 3.80	11.11	 1.00	10.85	 1.21	319.89	279.12	287.33	261.94	285.15	0	52.39
2012	5	6	2.690	6335.1123	126.1121	5.1121	 1.48	 0.07	208.91	 1.77	 4.17	 0.99	10.82	 1.21	320.23	278.82	286.36	262.27	 0.00	0	52.45
2012	5	6	3.134	6335.1304	126.1306	5.1306	 1.44	 0.09	212.99	 2.50	12.69	 0.98	10.75	 1.26	320.20	278.53	286.25	261.64	282.87	0	52.33
2012	5	10	15.900	6339.6626	130.6625	9.6625	 1.08	 0.06	194.44	 2.60	 7.68	 0.99	10.97	 1.25	329.08	279.09	280.07	266.89	 0.00	0	53.38
2012	5	10	17.677	6339.7363	130.7365	9.7365	 1.02	 0.09	198.62	 4.73	 4.72	 1.00	10.80	 1.30	327.97	286.39	289.19	271.14	288.88	0	54.23
2012	5	10	19.024	6339.7925	130.7927	9.7927	 1.22	 0.09	188.13	 3.03	 2.86	 1.00	10.73	 1.12	327.12	287.96	292.02	268.58	289.47	0	53.72
2012	5	10	19.467	6339.8110	130.8111	9.8111	 1.29	 0.09	196.62	 2.82	 9.29	 0.99	10.83	 1.23	327.03	287.80	293.18	266.89	 0.00	0	53.38
2012	5	10	21.260	6339.8857	130.8858	9.8858	 1.55	 0.16	197.35	 3.48	13.26	 1.00	10.82	 1.22	326.97	283.70	288.64	 0.00	287.15	0	54.00
2012	5	10	21.703	6339.9043	130.9043	9.9043	 1.60	 0.13	194.96	 2.72	 6.48	 1.00	10.88	 1.08	326.89	282.44	287.91	260.77	287.94	0	52.15
2012	5	10	22.145	6339.9229	130.9227	9.9227	 1.67	 0.17	198.67	 3.13	 1.96	 1.00	10.83	 1.22	326.83	281.35	286.21	260.01	 0.00	0	52.00
2012	5	11	0.376	6340.0156	131.0157	10.0157	 1.43	 0.13	193.66	 3.46	 1.38	 1.00	10.85	 1.09	327.04	277.46	283.18	 0.00	283.05	0	54.00
2012	5	11	0.844	6340.0352	131.0352	10.0352	 1.46	 0.09	196.77	 2.27	 4.25	 1.00	10.75	 1.10	327.19	276.88	280.06	257.57	282.52	0	51.51
2012	5	11	8.414	6340.3506	131.3506	10.3506	 1.32	 0.08	196.47	 2.43	 3.37	 1.00	10.85	 0.77	327.31	272.29	275.33	 0.00	276.71	0	54.00
2012	5	11	9.762	6340.4067	131.4068	10.4068	 1.44	 0.12	197.97	 3.21	12.06	 1.00	10.80	 0.84	327.38	272.81	276.81	255.49	276.26	0	51.10
2012	5	11	10.656	6340.4438	131.4440	10.4440	 1.32	 0.08	195.92	 2.55	 2.81	 1.00	10.88	 0.77	327.30	273.00	277.62	255.41	277.35	0	51.08
2012	5	11	11.098	6340.4624	131.4624	10.4624	 1.55	 0.13	194.46	 2.91	 3.57	 1.00	10.93	 0.84	327.25	273.13	277.81	 0.00	276.51	0	54.00
2012	5	11	11.541	6340.4810	131.4809	10.4809	 1.41	 0.11	198.48	 2.90	 9.11	 1.00	10.83	 0.87	327.35	273.84	279.18	256.18	277.81	0	51.24
2012	5	11	12.006	6340.5000	131.5002	10.5002	 0.94	 0.10	207.98	 6.35	31.52	 0.99	10.83	 0.83	327.44	274.82	272.93	257.09	278.62	0	51.42
2012	5	11	12.454	6340.5190	131.5189	10.5189	 1.35	 0.14	205.24	 4.29	139.75	 0.73	10.80	 0.97	327.42	276.08	277.95	257.18	279.56	0	51.44
2012	5	11	12.894	6340.5371	131.5372	10.5372	 1.31	 0.08	194.84	 2.64	 0.68	 1.00	10.75	 1.04	327.41	277.18	278.68	257.60	 0.00	0	51.52
2012	5	11	14.279	6340.5947	131.5949	10.5949	 1.38	 0.11	196.16	 2.99	 3.75	 1.00	10.77	 1.15	327.62	281.10	284.04	259.62	285.57	0	51.92
2012	5	11	14.720	6340.6133	131.6133	10.6133	 1.38	 0.09	194.33	 2.40	 2.78	 1.00	10.75	 1.21	327.76	281.84	284.62	261.48	286.26	0	52.30
2012	5	11	15.603	6340.6499	131.6501	10.6501	 1.24	 0.11	189.26	 3.62	 3.46	 1.00	10.80	 1.11	327.91	284.51	283.16	265.09	285.60	0	53.02
2012	5	11	16.511	6340.6880	131.6879	10.6879	 1.61	 0.12	199.54	 2.40	 4.92	 1.00	10.82	 1.23	327.75	286.55	291.26	267.41	289.16	0	53.48
2012	5	11	16.956	6340.7065	131.7065	10.7065	 1.43	 0.08	195.41	 2.10	 1.18	 1.00	10.77	 1.21	327.81	287.55	291.15	267.84	291.66	0	53.57
2012	5	11	17.402	6340.7251	131.7251	10.7251	 1.55	 0.10	195.66	 2.29	 2.31	 1.00	10.82	 1.17	327.81	288.36	291.40	270.89	 0.00	0	54.18
2012	5	11	17.842	6340.7437	131.7434	10.7434	 1.29	 0.09	194.00	 2.93	 0.36	 1.00	10.75	 1.13	327.68	288.87	291.14	269.89	291.48	0	53.98
2012	5	11	19.192	6340.7998	131.7997	10.7997	 1.83	 0.20	192.16	 3.00	 7.86	 1.00	10.73	 1.15	326.92	288.78	292.57	267.52	290.64	0	53.50
2012	5	11	20.076	6340.8364	131.8365	10.8365	 1.88	 0.15	193.13	 2.15	12.95	 0.98	10.80	 1.18	326.85	287.14	290.69	263.04	291.90	0	52.61
2012	5	11	20.519	6340.8550	131.8549	10.8550	 2.10	 0.20	200.49	 2.23	 5.34	 1.00	10.80	 1.24	326.84	285.98	293.20	261.97	 0.00	0	52.39
2012	5	11	20.984	6340.8745	131.8743	10.8743	 1.57	 0.12	190.87	 2.54	 1.42	 1.00	10.77	 1.06	326.95	284.46	285.69	261.03	287.76	0	52.21
2012	5	11	21.427	6340.8926	131.8928	10.8928	 1.78	 0.24	195.45	 3.87	 4.38	 1.00	10.75	 1.16	326.95	283.24	285.28	260.16	 0.00	0	52.03
2012	5	11	21.868	6340.9111	131.9112	10.9112	 2.19	 0.67	198.51	 6.55	57.82	 1.00	10.77	 1.27	327.13	282.01	286.92	 0.00	287.35	0	54.00
2012	5	11	22.752	6340.9482	131.9480	10.9480	 1.97	 0.14	200.34	 1.81	 3.56	 1.00	10.78	 1.28	327.18	280.08	285.87	258.65	284.76	0	51.73
2012	5	11	23.227	6340.9678	131.9678	10.9678	 1.66	 0.14	197.77	 2.60	 1.60	 1.00	10.88	 1.12	327.25	279.22	284.10	 0.00	 0.00	0	54.00
2012	5	11	23.669	6340.9863	131.9862	10.9862	 1.62	 0.12	197.21	 2.41	 3.81	 1.00	10.82	 1.18	327.19	278.58	282.61	258.47	 0.00	0	51.69
2012	5	12	1.905	6341.0796	132.0794	11.0794	 1.06	 0.06	195.35	 2.93	 1.61	 1.00	10.93	 1.07	327.17	276.33	279.41	257.67	279.98	0	51.53
2012	5	12	2.347	6341.0977	132.0978	11.0978	 1.02	 0.06	197.40	 3.19	 0.65	 1.00	10.85	 1.06	327.13	276.03	281.48	257.94	279.67	0	51.59
2012	5	12	2.788	6341.1162	132.1162	11.1162	 1.04	 0.07	191.74	 3.20	13.93	 0.98	10.78	 0.99	327.13	275.78	281.86	258.12	279.41	0	51.62
2012	5	12	4.593	6341.1914	132.1914	11.1914	 1.05	 0.06	192.52	 2.70	 2.48	 1.00	10.87	 1.03	327.12	275.29	281.09	 0.00	278.91	0	54.00
2012	5	12	5.041	6341.2100	132.2100	11.2100	 0.91	 0.06	194.53	 3.88	 8.47	 0.99	10.83	 0.93	327.13	275.20	278.14	258.25	279.68	0	51.65
2012	5	12	5.950	6341.2480	132.2479	11.2479	 0.96	 0.06	194.87	 3.53	 2.00	 1.00	10.83	 1.00	327.22	275.10	278.56	258.61	278.75	0	51.72
2012	5	12	6.836	6341.2847	132.2848	11.2848	 1.05	 0.05	191.74	 2.62	 5.14	 0.99	10.80	 0.99	327.16	275.15	279.09	 0.00	280.29	0	54.00
2012	5	12	7.716	6341.3213	132.3215	11.3215	 0.98	 0.06	192.55	 3.57	 4.48	 1.00	10.83	 0.93	327.17	275.21	277.58	258.84	279.57	0	51.77
2012	5	12	9.074	6341.3779	132.3781	11.3781	 1.08	 0.09	198.20	 4.04	 3.57	 1.00	10.73	 1.00	327.09	275.20	281.19	258.60	280.36	0	51.72
2012	5	12	9.516	6341.3965	132.3965	11.3965	 0.90	 0.06	193.11	 4.16	 5.24	 1.00	10.80	 0.91	327.18	275.16	275.66	 0.00	278.75	0	54.00
2012	5	12	10.874	6341.4531	132.4531	11.4531	 1.11	 0.05	194.76	 2.18	 2.83	 1.00	10.93	 0.93	327.19	275.26	276.57	258.35	 0.00	0	51.67
2012	5	12	13.991	6341.5830	132.5829	11.5830	 1.17	 0.07	187.40	 2.61	 2.09	 1.00	10.75	 1.15	327.45	281.45	281.38	261.59	285.80	0	52.32
2012	5	12	15.374	6341.6406	132.6406	11.6406	 1.07	 0.10	198.24	 4.97	 5.62	 1.00	10.98	 0.91	327.43	284.75	159.40	265.17	287.39	0	53.03
2012	5	12	15.818	6341.6592	132.6591	11.6591	 1.04	 0.06	191.97	 2.78	 7.68	 0.99	10.87	 1.14	327.30	285.54	286.48	265.82	289.83	0	53.16
2012	5	12	16.705	6341.6958	132.6960	11.6960	 1.03	 0.07	188.96	 3.52	11.12	 0.99	10.75	 1.07	327.33	287.49	286.71	270.19	289.86	0	54.04
2012	5	12	18.379	6341.7656	132.7658	11.7658	 1.78	 0.12	197.31	 2.00	 6.53	 0.99	10.82	 1.25	327.21	289.11	292.26	 0.00	292.65	0	54.00
2012	5	12	19.402	6341.8086	132.8084	11.8084	 2.00	 0.18	193.02	 2.20	 0.98	 1.00	11.00	 1.09	327.13	288.57	290.70	267.84	292.82	0	53.57
2012	5	12	20.311	6341.8462	132.8463	11.8463	 2.45	 0.24	198.69	 1.73	10.58	 0.98	10.77	 1.15	327.15	286.81	291.82	263.11	291.93	0	52.62
2012	5	12	21.195	6341.8833	132.8831	11.8831	 2.99	 0.30	199.90	 1.21	 7.01	 0.97	10.92	 1.22	327.10	284.60	290.05	 0.00	290.03	0	54.00
2012	5	12	22.081	6341.9199	132.9200	11.9200	 2.33	 0.56	193.69	 4.53	11.85	 1.00	10.83	 1.13	327.13	282.82	285.97	260.36	286.48	0	52.07
2012	5	13	1.248	6342.0522	133.0520	12.0520	 2.54	 0.30	201.58	 2.01	 7.39	 1.00	10.88	 1.16	327.34	279.24	284.25	258.22	282.69	0	51.64
2012	5	13	2.130	6342.0889	133.0888	12.0888	 2.84	 0.41	203.83	 2.00	 1.28	 1.00	10.85	 1.16	327.32	278.71	283.77	258.13	282.90	0	51.63
2012	5	13	4.364	6342.1816	133.1819	12.1819	 2.24	 0.22	198.30	 2.04	 2.63	 1.00	10.75	 1.03	327.28	277.76	282.26	257.83	 0.00	0	51.57
2012	5	13	4.805	6342.2002	133.2002	12.2002	 2.28	 0.24	196.67	 2.13	 2.91	 1.00	10.83	 0.98	327.25	277.61	282.67	 0.00	 0.00	0	54.00
2012	5	13	6.598	6342.2749	133.2749	12.2749	 2.03	 0.17	200.02	 1.99	 4.98	 1.00	10.80	 1.03	327.23	277.24	281.08	257.89	282.06	0	51.58
2012	5	13	7.043	6342.2935	133.2934	12.2934	 1.92	 0.21	197.81	 2.85	 7.25	 1.00	10.78	 1.01	327.20	277.14	280.76	257.74	281.12	0	51.55
2012	5	13	8.844	6342.3687	133.3685	12.3685	 2.25	 0.30	192.33	 2.65	 4.68	 1.00	10.77	 1.00	327.12	276.74	277.93	258.06	280.74	0	51.61
2012	5	13	9.288	6342.3872	133.3870	12.3870	 1.51	 0.12	194.98	 2.83	21.70	 0.97	10.77	 1.02	327.12	276.64	278.99	257.64	 0.00	0	51.53
2012	5	13	9.752	6342.4062	133.4064	12.4064	 1.08	 0.10	195.42	 4.33	93.14	 0.76	10.82	 0.86	327.20	276.57	276.92	257.57	281.39	0	51.51
2012	5	13	11.080	6342.4614	133.4617	12.4617	 1.19	 0.12	180.53	 4.23	 4.87	 1.00	10.83	 0.93	327.04	276.18	281.64	256.64	280.09	0	51.33
2012	5	13	13.762	6342.5732	133.5734	12.5734	 0.87	 0.09	177.72	 5.48	18.15	 0.99	10.73	 1.27	327.33	279.04	284.44	256.24	283.69	0	51.25
2012	5	13	18.240	6342.7603	133.7600	12.7600	 2.77	 1.08	191.73	 5.36	 1.55	 1.00	10.77	 1.03	327.41	285.79	290.04	 0.00	287.34	0	54.00
2012	5	13	20.068	6342.8359	133.8362	12.8362	 5.00	 4.53	196.20	 2.29	 3.58	 1.00	10.83	 1.12	327.18	282.97	286.02	260.03	288.53	0	52.01
2012	5	13	21.421	6342.8926	133.8926	12.8926	 3.80	 1.01	199.47	 1.76	 2.74	 1.00	10.78	 1.18	327.17	281.14	287.45	 0.00	285.89	0	54.00
2012	5	13	21.863	6342.9111	133.9109	12.9109	 3.14	 0.44	201.86	 1.56	 2.50	 1.00	10.75	 1.15	327.17	280.79	286.15	259.89	285.59	0	51.98
2012	5	13	22.743	6342.9478	133.9476	12.9476	 5.42	 5.82	202.80	 1.99	 6.42	 1.00	10.73	 1.27	327.14	280.17	286.25	259.58	286.00	0	51.92
2012	5	13	23.211	6342.9673	133.9671	12.9671	 3.36	 0.59	200.95	 1.64	 7.61	 0.99	10.80	 1.20	323.06	279.73	283.22	259.02	284.33	0	51.80
2012	5	14	6.330	6343.2637	134.2637	13.2638	 0.88	 0.08	191.01	 5.50	 2.35	 1.00	10.88	 0.71	326.83	271.24	275.30	255.97	275.90	0	51.19
2012	5	14	7.664	6343.3193	134.3193	13.3193	 0.84	 0.06	193.99	 4.45	15.97	 0.98	10.75	 0.86	326.78	272.16	277.55	255.89	275.63	0	51.18
2012	5	14	9.011	6343.3755	134.3754	13.3754	 0.57	 0.08	185.67	11.47	 5.00	 1.00	10.72	 0.75	326.83	272.51	274.07	255.84	277.93	0	51.17
2012	5	14	11.247	6343.4687	134.4686	13.4686	 0.61	 0.06	169.01	 6.90	 1.39	 1.00	10.90	 0.88	326.84	273.32	276.39	257.77	278.59	0	51.55
2012	5	14	12.130	6343.5054	134.5054	13.5054	 0.79	 0.07	153.19	 4.86	 4.85	 1.00	10.80	 1.05	327.12	275.30	279.42	258.67	279.29	0	51.73
2012	5	14	12.596	6343.5249	134.5248	13.5248	 0.69	 0.07	159.87	 6.40	13.24	 0.99	10.80	 1.18	327.26	276.63	280.80	259.38	280.57	0	51.88
2012	5	14	15.275	6343.6362	134.6364	13.6364	 0.13	 0.22	775.16	1072.35	8930.67	 0.52	10.85	 1.18	327.40	284.36	286.91	264.80	290.13	0	52.96
2012	5	14	16.159	6343.6733	134.6733	13.6733	 0.69	 0.06	175.71	 6.06	 0.71	 1.00	10.77	 1.23	327.19	286.38	290.60	265.47	290.27	0	53.09
2012	5	14	16.600	6343.6919	134.6917	13.6917	 0.83	 0.06	174.54	 3.95	 6.18	 1.00	10.73	 1.28	327.13	287.54	290.74	265.93	 0.00	0	53.19
2012	5	14	17.510	6343.7295	134.7296	13.7296	 0.77	 0.10	163.12	 7.23	 8.66	 1.00	10.75	 1.11	325.82	289.14	293.34	267.68	295.11	0	53.54
2012	5	15	3.347	6344.1396	135.1395	14.1395	 0.81	 0.05	190.55	 3.94	 8.60	 0.99	10.80	 0.85	325.48	270.44	274.12	258.57	276.98	0	51.71
2012	5	15	4.258	6344.1772	135.1774	14.1774	 0.86	 0.07	188.51	 4.70	 3.73	 1.00	10.82	 0.96	325.56	272.18	275.82	258.90	277.68	0	51.78
2012	5	15	4.701	6344.1958	135.1959	14.1959	 0.92	 0.05	194.40	 3.05	 5.83	 0.99	10.82	 1.04	325.44	272.84	279.43	258.89	 0.00	0	51.78
2012	5	15	5.145	6344.2144	135.2144	14.2144	 0.96	 0.06	191.03	 3.14	 4.64	 1.00	10.82	 1.04	325.52	273.31	278.68	258.90	 0.00	0	51.78
2012	5	15	5.588	6344.2329	135.2328	14.2328	 0.92	 0.06	187.65	 3.87	 6.84	 1.00	10.85	 1.02	325.59	273.76	277.35	 0.00	277.84	0	54.00
2012	5	15	6.030	6344.2515	135.2513	14.2513	 1.01	 0.06	195.27	 3.15	 2.30	 1.00	10.73	 1.12	325.56	274.08	279.36	258.64	280.47	0	51.73
2012	5	15	6.938	6344.2891	135.2891	14.2891	 0.93	 0.04	194.93	 2.17	 1.26	 1.00	10.73	 1.10	325.57	274.47	279.61	257.96	 0.00	0	51.59
2012	5	15	7.381	6344.3076	135.3075	14.3075	 0.97	 0.06	196.32	 3.31	 3.13	 1.00	10.78	 1.11	325.56	274.54	281.57	257.64	279.83	0	51.53
2012	5	15	8.735	6344.3638	135.3640	14.3639	 1.09	 0.07	190.82	 2.99	 3.24	 1.00	10.83	 1.07	325.65	274.66	278.64	257.58	278.73	0	51.52
2012	5	15	9.183	6344.3828	135.3826	14.3826	 0.91	 0.06	188.02	 3.81	 8.62	 0.99	10.92	 0.97	325.56	274.68	277.63	257.58	280.99	0	51.52
2012	5	15	10.069	6344.4194	135.4195	14.4195	 0.95	 0.04	194.53	 2.35	 2.54	 1.00	10.98	 1.07	325.57	274.72	278.98	257.76	278.77	0	51.55
2012	5	15	10.510	6344.4380	135.4379	14.4379	 1.15	 0.06	194.88	 2.32	 3.01	 1.00	10.85	 1.19	325.55	274.74	281.27	257.75	280.96	0	51.55
2012	5	15	11.424	6344.4761	135.4760	14.4760	 1.05	 0.05	193.02	 2.39	 1.85	 1.00	10.77	 1.14	325.60	275.37	279.77	258.73	279.04	0	51.75
2012	5	15	15.894	6344.6621	135.6622	14.6622	 1.06	 0.05	192.78	 2.46	 0.77	 1.00	10.72	 1.17	327.96	288.20	294.98	269.60	295.98	0	53.92
2012	5	15	16.332	6344.6807	135.6805	14.6805	 0.97	 0.07	193.97	 3.67	 1.95	 1.00	10.72	 1.13	326.48	289.49	294.33	270.46	294.19	0	54.09
2012	5	15	20.371	6344.8486	135.8488	14.8488	 1.21	 0.08	195.93	 3.10	 3.32	 1.00	10.85	 1.08	324.15	288.45	296.52	261.29	295.41	0	52.26
2012	5	15	23.053	6344.9604	135.9606	14.9606	 1.61	 0.09	196.43	 1.74	 9.81	 0.97	10.73	 1.22	323.88	279.59	286.37	257.77	284.16	0	51.55
2012	5	15	23.500	6344.9790	135.9792	14.9792	 1.38	 0.07	194.32	 2.08	 6.25	 0.99	10.97	 1.16	323.67	278.72	284.61	257.33	285.76	0	51.47
2012	5	15	23.947	6344.9976	135.9978	14.9978	 1.18	 0.08	190.44	 2.84	 8.81	 0.99	11.00	 1.12	323.39	277.95	282.48	 0.00	283.74	0	54.00
2012	5	16	0.417	6345.0176	136.0174	15.0174	 1.13	 0.06	195.45	 2.46	 4.28	 1.00	10.77	 1.14	323.24	277.25	282.86	257.03	283.09	0	51.41
2012	5	16	0.861	6345.0356	136.0359	15.0359	 1.00	 0.07	195.57	 3.87	 8.92	 1.00	10.78	 1.11	323.06	276.83	281.33	 0.00	 0.00	0	54.00
2012	5	16	1.744	6345.0728	136.0727	15.0727	 1.30	 0.06	202.39	 1.88	 1.05	 1.00	10.80	 1.23	323.01	276.30	283.35	258.10	282.12	0	51.62
2012	5	16	2.656	6345.1108	136.1106	15.1106	 1.39	 0.09	197.48	 2.38	 7.03	 0.99	10.88	 1.27	323.01	275.79	282.68	 0.00	 0.00	0	54.00
2012	5	16	3.099	6345.1289	136.1291	15.1291	 1.22	 0.08	196.20	 2.78	12.12	 0.98	10.82	 1.16	322.91	275.56	281.58	257.71	282.68	0	51.54
2012	5	16	3.543	6345.1475	136.1476	15.1476	 1.14	 0.07	193.37	 3.05	16.46	 0.97	10.78	 1.11	322.90	275.42	279.07	258.23	 0.00	0	51.65
2012	5	16	3.983	6345.1660	136.1660	15.1660	 1.16	 0.06	195.93	 2.31	 5.52	 0.99	10.82	 1.19	322.87	275.40	282.21	 0.00	281.19	0	54.00
2012	5	16	5.332	6345.2222	136.2222	15.2222	 1.16	 0.05	200.80	 2.11	 5.17	 0.99	10.82	 1.14	322.90	275.04	281.25	258.13	 0.00	0	51.63
2012	5	16	5.776	6345.2407	136.2407	15.2407	 1.18	 0.08	198.06	 2.96	13.01	 0.98	10.83	 1.08	322.91	275.01	280.31	 0.00	280.79	0	54.00
2012	5	16	6.221	6345.2593	136.2592	15.2592	 1.26	 0.09	202.25	 3.13	 4.21	 1.00	10.88	 1.19	323.00	274.97	281.25	257.91	 0.00	0	51.58
2012	5	16	7.571	6345.3154	136.3154	15.3155	 1.20	 0.09	191.23	 3.25	 9.99	 0.99	10.77	 1.16	323.07	274.84	279.56	258.38	281.81	0	51.68
2012	5	16	11.593	6345.4829	136.4831	15.4831	 0.65	 0.05	176.60	 5.69	 3.48	 1.00	10.78	 1.13	323.22	275.02	280.90	 0.00	 0.00	0	54.00
2012	5	16	12.038	6345.5015	136.5016	15.5016	 0.75	 0.06	170.75	 5.01	 9.35	 0.99	10.85	 1.18	323.21	275.96	281.81	258.99	 0.00	0	51.80
2012	5	16	13.359	6345.5566	136.5566	15.5566	 0.64	 0.05	174.74	 5.34	 1.83	 1.00	10.73	 1.18	323.02	279.31	283.14	260.32	283.61	0	52.06
2012	5	16	13.823	6345.5762	136.5759	15.5759	 0.67	 0.04	176.78	 3.71	 1.25	 1.00	10.77	 1.18	322.81	280.72	287.29	261.07	286.35	0	52.21
2012	5	16	14.262	6345.5942	136.5942	15.5942	 0.36	 0.21	277.82	92.40	7572.19	 0.06	10.73	 1.12	322.75	281.99	286.73	262.83	287.53	0	52.57
2012	5	16	17.362	6345.7236	136.7234	15.7234	 0.56	 0.05	170.82	 7.18	 6.11	 1.00	10.73	 1.06	323.66	290.39	295.62	270.26	295.49	0	54.05
2012	5	16	17.801	6345.7417	136.7417	15.7417	 0.60	 0.04	168.13	 4.51	33.70	 0.60	10.72	 1.03	323.63	290.81	296.29	269.48	295.86	0	53.90
2012	5	16	18.701	6345.7793	136.7792	15.7792	 0.58	 0.05	183.14	 6.27	 5.69	 1.00	10.77	 1.13	323.56	291.00	298.19	269.15	296.32	0	53.83
2012	5	16	19.139	6345.7974	136.7975	15.7975	 0.78	 0.05	174.33	 4.04	 9.89	 0.98	10.72	 1.25	323.48	290.69	297.23	267.91	296.25	0	53.58
2012	5	16	22.748	6345.9478	136.9478	15.9478	 0.58	 0.04	189.87	 6.02	 4.93	 1.00	10.80	 1.09	322.00	280.59	287.28	259.39	285.42	0	51.88
2012	5	16	23.194	6345.9663	136.9664	15.9664	 0.63	 0.04	183.82	 4.54	 3.50	 1.00	10.80	 1.16	322.20	279.66	286.41	258.99	286.02	0	51.80
2012	5	17	0.077	6346.0034	137.0032	16.0032	 0.54	 0.04	184.09	 5.53	 5.73	 0.99	10.82	 1.13	322.23	278.35	283.09	259.79	284.43	0	51.96
2012	5	17	0.519	6346.0215	137.0216	16.0216	 0.58	 0.03	182.02	 4.51	10.83	 0.94	10.87	 1.23	322.31	277.97	284.37	261.07	282.71	0	52.21
2012	5	17	0.987	6346.0410	137.0411	16.0411	 0.51	 0.04	181.20	 6.85	 7.65	 0.99	10.78	 1.19	322.36	277.70	282.16	261.24	283.87	0	52.25
2012	5	17	1.429	6346.0596	137.0596	16.0595	 0.55	 0.05	178.62	 7.09	10.56	 0.99	10.72	 1.21	322.33	277.53	283.74	261.30	285.09	0	52.26
2012	5	17	2.756	6346.1147	137.1149	16.1148	 0.60	 0.05	179.19	 6.08	 4.41	 1.00	10.72	 1.24	322.57	277.23	283.28	261.23	282.09	0	52.25
2012	5	17	3.225	6346.1343	137.1344	16.1344	 0.56	 0.05	172.94	 6.39	 6.03	 0.99	10.75	 1.20	322.83	277.18	283.60	 0.00	283.40	0	54.00
2012	5	17	3.669	6346.1528	137.1529	16.1529	 0.57	 0.04	176.09	 5.53	12.93	 0.95	10.75	 1.23	322.64	277.17	284.54	 0.00	283.42	0	54.00
2012	5	17	5.901	6346.2461	137.2459	16.2459	 0.44	 0.05	191.63	11.57	 5.68	 1.00	10.88	 1.15	322.70	276.77	283.06	 0.00	284.22	0	54.00
2012	5	17	6.786	6346.2827	137.2828	16.2828	 0.52	 0.03	179.67	 4.98	 6.94	 0.96	10.85	 1.18	322.42	276.62	281.39	 0.00	281.45	0	54.00
2012	5	17	7.699	6346.3208	137.3208	16.3208	 0.65	 0.05	176.51	 4.97	 4.80	 1.00	10.92	 1.24	322.68	276.45	284.10	260.36	282.54	0	52.07
2012	5	17	8.142	6346.3394	137.3393	16.3393	 0.54	 0.05	174.44	 6.97	 3.85	 1.00	10.83	 1.22	322.64	276.38	282.55	 0.00	282.42	0	54.00
2012	5	17	9.028	6346.3760	137.3762	16.3762	 0.44	 0.04	187.11	 8.35	 8.56	 0.98	10.78	 1.15	322.75	276.28	280.86	 0.00	283.55	0	54.00
2012	5	17	12.171	6346.5073	137.5071	16.5071	 0.48	 0.26	207.95	53.44	604.97	 0.97	10.82	 1.11	322.47	278.52	282.85	262.29	285.76	0	52.46
2012	5	17	13.050	6346.5439	137.5438	16.5438	 0.26	 0.24	258.08	160.45	2452.70	 0.59	10.77	 0.96	322.42	281.29	276.63	265.87	286.57	0	53.17
2012	5	17	15.710	6346.6548	137.6546	16.6546	 0.71	 0.04	173.74	 3.87	 3.88	 1.00	10.77	 1.22	323.41	289.95	297.14	272.06	298.67	0	54.41
2012	5	17	16.148	6346.6729	137.6729	16.6728	 0.57	 0.05	176.13	 6.35	14.73	 0.97	10.73	 1.12	324.86	290.93	297.20	274.50	296.97	0	54.90
2012	5	17	16.612	6346.6924	137.6922	16.6922	 0.91	 0.05	174.62	 2.85	 3.25	 1.00	10.75	 1.27	322.69	291.96	300.16	273.49	297.42	0	54.70
2012	5	17	17.926	6346.7471	137.7469	16.7469	 0.71	 0.06	180.07	 5.11	 2.98	 1.00	10.72	 1.12	320.61	293.04	301.70	272.48	298.32	0	54.50
2012	5	17	21.964	6346.9150	137.9152	16.9152	 0.84	 0.06	183.42	 4.31	37.72	 0.87	10.82	 1.13	321.28	282.77	291.03	260.34	288.96	0	52.07
2012	5	17	22.848	6346.9521	137.9520	16.9520	 0.77	 0.07	187.25	 5.95	 2.24	 1.00	10.88	 1.16	321.77	280.38	289.57	259.38	286.89	0	51.88
2012	5	18	1.086	6347.0454	138.0452	17.0452	 0.75	 0.07	176.94	 5.82	 4.26	 1.00	10.75	 1.19	323.39	277.22	285.03	259.29	281.93	0	51.86
2012	5	18	1.554	6347.0649	138.0647	17.0647	 0.79	 0.04	187.36	 3.56	 3.58	 1.00	10.83	 1.28	323.49	276.99	283.92	259.86	284.43	0	51.97
2012	5	18	1.996	6347.0830	138.0831	17.0831	 0.80	 0.05	179.24	 3.35	 2.67	 1.00	10.78	 1.24	323.33	276.89	282.51	259.84	282.96	0	51.97
2012	5	18	3.322	6347.1382	138.1384	17.1384	 0.62	 0.05	178.62	 6.03	11.22	 0.99	10.98	 1.22	323.26	276.46	281.34	259.71	 0.00	0	51.94
2012	5	18	4.236	6347.1763	138.1765	17.1765	 0.67	 0.06	178.04	 5.80	 6.82	 1.00	10.78	 1.23	323.44	276.14	283.07	259.33	 0.00	0	51.87
2012	5	18	5.559	6347.2314	138.2316	17.2316	 0.57	 0.06	181.93	 8.43	29.40	 0.96	10.72	 1.18	323.47	275.75	282.47	258.31	281.78	0	51.66
2012	5	18	6.028	6347.2510	138.2512	17.2512	 0.60	 0.05	184.81	 6.78	 8.12	 1.00	10.92	 1.23	323.72	275.57	282.23	258.15	282.86	0	51.63
2012	5	18	6.917	6347.2881	138.2882	17.2882	 0.60	 0.05	177.65	 5.71	 8.42	 0.99	10.82	 1.26	323.76	275.25	282.54	 0.00	281.17	0	54.00
2012	5	18	7.360	6347.3066	138.3067	17.3067	 0.60	 0.07	168.44	 8.29	 7.99	 1.00	10.80	 1.19	323.80	275.03	281.86	257.83	282.28	0	51.57
2012	5	18	9.596	6347.3999	138.3999	17.3998	 0.50	 0.06	180.44	 9.38	17.48	 0.98	10.75	 1.15	323.97	275.07	281.14	259.12	 0.00	0	51.82
2012	5	18	22.971	6347.9570	138.9571	17.9571	 0.73	 0.05	180.84	 4.77	 5.59	 1.00	10.72	 1.20	317.28	278.70	285.22	258.78	286.51	0	51.76
2012	5	19	2.992	6348.1245	139.1247	18.1247	 0.61	 0.05	161.00	 5.02	 1.64	 1.00	10.77	 1.29	315.13	274.81	283.66	259.20	 0.00	0	51.84
2012	5	19	3.435	6348.1431	139.1431	18.1431	 0.34	 0.06	183.17	20.40	15.98	 0.99	10.73	 1.09	317.95	274.69	281.60	259.58	279.90	0	51.92
2012	5	19	3.877	6348.1616	139.1615	18.1615	 0.46	 0.04	163.29	 7.94	17.05	 0.92	10.77	 1.13	320.96	274.79	279.47	259.49	280.98	0	51.90
2012	5	19	4.789	6348.1997	139.1996	18.1995	 0.37	 0.05	175.82	12.39	28.78	 0.86	10.75	 1.11	321.04	274.98	279.62	259.50	279.87	0	51.90
2012	5	19	7.914	6348.3296	139.3297	18.3297	 0.40	 0.07	172.90	15.34	80.19	 0.74	10.78	 1.11	321.43	274.86	274.43	258.90	280.94	0	51.78
2012	5	19	8.357	6348.3481	139.3482	18.3482	 0.45	 0.05	153.10	 7.88	 9.74	 0.97	10.80	 1.16	321.24	274.77	281.03	258.58	280.83	0	51.72
2012	5	19	9.271	6348.3862	139.3863	18.3863	 0.51	 0.06	153.15	 7.80	22.20	 0.93	10.82	 1.22	321.24	274.61	281.40	258.32	280.70	0	51.66
2012	5	19	10.155	6348.4233	139.4231	18.4231	 0.44	 0.05	150.09	 9.32	 6.15	 0.99	10.72	 1.15	321.31	274.49	282.09	258.41	279.21	0	51.68
2012	5	19	10.597	6348.4414	139.4416	18.4416	 0.47	 0.05	142.06	 7.23	 5.97	 0.99	10.77	 1.19	321.39	274.48	280.26	 0.00	279.13	0	54.00
2012	5	19	11.943	6348.4976	139.4976	18.4976	 0.90	 0.74	152.22	37.80	1588.19	 0.97	10.78	 1.29	321.56	276.25	282.77	260.39	 0.00	0	52.08
2012	5	19	16.814	6348.7007	139.7006	18.7006	 0.36	 0.06	174.26	15.98	42.48	 0.84	10.80	 1.13	321.42	289.59	295.50	275.25	295.29	0	55.05
2012	5	19	17.254	6348.7187	139.7189	18.7189	 0.41	 0.04	173.47	 7.99	20.66	 0.79	10.73	 1.22	321.09	290.71	299.53	275.95	296.34	0	55.19
2012	5	19	17.716	6348.7383	139.7382	18.7382	 0.58	 0.04	166.96	 4.76	10.64	 0.95	10.75	 1.22	321.05	291.44	301.15	274.70	299.23	0	54.94
2012	5	19	19.033	6348.7930	139.7930	18.7930	 0.43	 0.06	173.94	12.94	 5.82	 1.00	10.72	 1.11	320.88	291.31	300.08	268.09	298.97	0	53.62
2012	5	19	20.372	6348.8486	139.8488	18.8488	 0.75	 0.06	166.51	 4.44	12.89	 0.98	10.75	 1.19	321.16	288.50	298.51	263.65	294.44	0	52.73
2012	5	20	2.645	6349.1104	140.1102	19.1102	 0.34	 0.06	184.99	18.72	42.86	 0.87	10.77	 1.11	322.26	276.44	282.79	 0.00	284.02	0	54.00
2012	5	20	3.087	6349.1284	140.1286	19.1286	 0.20	 0.05	246.02	41.38	46.07	 0.77	10.80	 1.11	322.27	276.20	279.95	258.83	283.61	0	51.77
2012	5	20	4.414	6349.1841	140.1839	19.1839	 0.53	 0.04	170.97	 6.47	 7.40	 0.99	10.98	 1.28	322.32	275.69	282.50	258.47	 0.00	0	51.69
2012	5	20	4.883	6349.2036	140.2035	19.2035	 0.49	 0.05	166.51	 7.48	 6.54	 0.99	10.82	 1.20	322.28	275.49	282.94	258.35	280.27	0	51.67
2012	5	20	5.322	6349.2217	140.2217	19.2217	 0.55	 0.05	150.14	 6.01	 9.68	 0.98	10.82	 1.22	322.11	275.32	282.69	258.00	281.46	0	51.60
2012	5	20	5.763	6349.2402	140.2401	19.2401	 0.25	 0.05	194.46	27.10	33.30	 0.83	10.75	 1.12	322.01	275.26	278.27	259.47	279.98	0	51.89
2012	5	20	6.642	6349.2769	140.2768	19.2768	 0.39	 0.05	162.39	12.17	24.00	 0.91	10.75	 1.17	322.16	275.25	282.07	 0.00	281.38	0	54.00
2012	5	20	9.343	6349.3892	140.3893	19.3893	 0.55	 0.05	156.96	 5.83	16.15	 0.93	10.90	 1.29	318.17	275.20	282.77	 0.00	280.08	0	54.00
2012	5	20	16.014	6349.6675	140.6673	19.6672	291.59	 1.00	150.35	 0.00	1022.19	 0.00	10.75	 1.23	321.85	286.90	293.39	278.72	295.64	0	55.74
2012	5	20	17.768	6349.7402	140.7403	19.7403	 0.47	 0.05	189.30	 9.35	20.16	 0.96	10.75	 1.07	320.97	292.38	300.99	278.07	298.03	0	55.61
2012	5	20	18.232	6349.7598	140.7597	19.7597	 0.42	 0.04	198.60	 9.34	 1.94	 1.00	10.77	 1.00	320.70	292.52	298.37	273.65	298.22	0	54.73
2012	5	20	18.671	6349.7778	140.7779	19.7779	 0.72	 0.06	187.86	 6.12	 8.47	 1.00	10.73	 1.23	320.79	292.37	301.32	272.45	298.07	0	54.49
2012	5	20	19.110	6349.7964	140.7963	19.7963	 0.76	 0.05	180.39	 4.36	14.94	 0.97	10.82	 1.22	320.68	291.89	299.17	271.04	297.65	0	54.21
2012	5	20	21.769	6349.9072	140.9070	19.9070	 0.83	 0.07	187.16	 5.30	16.13	 0.99	10.78	 1.21	320.92	283.58	294.17	260.47	291.25	0	52.09
2012	5	20	22.699	6349.9458	140.9458	19.9458	 0.96	 0.06	190.11	 3.33	 1.23	 1.00	10.82	 1.27	321.01	281.05	289.85	259.26	286.00	0	51.85
2012	5	21	1.367	6350.0571	141.0569	20.0569	 0.81	 0.04	180.63	 3.11	 5.53	 0.99	10.80	 1.25	322.35	277.39	283.40	260.03	 0.00	0	52.01
2012	5	21	1.806	6350.0752	141.0753	20.0753	 0.65	 0.04	191.00	 4.69	12.27	 0.96	10.75	 1.15	322.33	277.19	283.06	259.97	283.44	0	51.99
2012	5	21	2.247	6350.0937	141.0936	20.0936	 0.75	 0.04	194.52	 3.76	 7.68	 0.99	10.78	 1.21	322.40	277.09	282.14	259.74	284.69	0	51.95
2012	5	21	3.158	6350.1313	141.1316	20.1316	 0.73	 0.06	185.75	 5.44	13.12	 0.99	10.77	 1.17	322.30	276.61	281.57	 0.00	281.41	0	54.00
2012	5	21	3.599	6350.1499	141.1499	20.1499	 0.90	 0.07	185.03	 4.31	15.25	 0.99	10.77	 1.26	322.22	276.49	284.44	259.64	 0.00	0	51.93
2012	5	21	4.039	6350.1685	141.1683	20.1683	 0.75	 0.04	192.12	 3.61	 4.03	 1.00	10.93	 1.26	322.19	276.40	283.52	 0.00	 0.00	0	54.00
2012	5	21	4.921	6350.2051	141.2051	20.2051	 0.68	 0.05	191.75	 5.08	 3.26	 1.00	10.92	 1.15	322.25	276.25	280.37	259.31	282.43	0	51.86
2012	5	21	5.389	6350.2246	141.2245	20.2245	 0.79	 0.04	184.80	 3.51	 3.50	 1.00	10.77	 1.20	322.30	276.12	281.11	259.00	282.29	0	51.80
2012	5	21	8.060	6350.3359	141.3358	20.3358	 0.60	 0.05	175.01	 5.88	 5.56	 1.00	10.75	 1.19	322.14	275.52	282.38	259.57	280.24	0	51.91
2012	5	21	8.943	6350.3726	141.3726	20.3726	 0.62	 0.04	172.89	 4.47	12.58	 0.94	10.83	 1.24	322.11	275.41	282.55	259.28	280.11	0	51.86
2012	5	21	9.387	6350.3911	141.3911	20.3911	 0.60	 0.05	165.09	 5.50	12.65	 0.97	10.97	 1.18	322.21	275.34	281.22	259.35	282.62	0	51.87
2012	5	21	9.852	6350.4106	141.4105	20.4105	 0.61	 0.07	159.58	 7.45	 2.17	 1.00	10.75	 1.18	322.10	275.19	280.20	258.55	 0.00	0	51.71
2012	5	21	10.291	6350.4287	141.4288	20.4288	 0.54	 0.05	164.10	 6.48	 2.33	 1.00	10.75	 1.18	321.69	275.04	282.97	258.52	282.36	0	51.70
2012	5	21	10.732	6350.4473	141.4472	20.4472	 0.35	 0.04	177.98	13.46	22.45	 0.89	10.75	 1.09	321.42	274.93	278.71	258.80	280.91	0	51.76
2012	5	21	11.615	6350.4839	141.4840	20.4840	 0.52	 0.04	166.17	 6.39	15.00	 0.93	10.80	 1.25	321.15	275.66	281.47	260.10	279.63	0	52.02
2012	5	21	14.733	6350.6138	141.6139	20.6139	 0.27	 0.09	222.08	46.30	36.69	 0.99	10.73	 1.09	322.42	283.28	291.20	265.09	288.83	0	53.02
2012	5	21	15.172	6350.6323	141.6322	20.6322	 0.53	 0.08	169.35	11.36	 2.22	 1.00	10.73	 1.23	322.12	284.69	291.67	266.27	290.17	0	53.25
2012	5	21	16.514	6350.6880	141.6881	20.6881	 0.59	 0.08	171.31	 9.99	 8.70	 1.00	10.77	 1.22	321.75	287.65	292.89	265.96	292.73	0	53.19
2012	5	21	20.048	6350.8354	141.8353	20.8353	 0.73	 0.14	173.46	12.18	32.57	 1.00	10.75	 1.11	321.51	287.97	296.98	264.97	291.38	0	52.99
2012	5	21	21.395	6350.8916	141.8914	20.8914	 0.10	 0.26	425.88	924.66	74.39	 1.00	10.77	 0.79	322.03	283.80	284.67	 0.00	291.45	0	54.00
2012	5	21	23.213	6350.9673	141.9672	20.9672	 0.77	 0.07	188.17	 5.88	 4.05	 1.00	10.83	 1.12	322.95	279.89	285.34	260.62	286.40	0	52.12
2012	5	22	0.538	6351.0225	142.0224	21.0224	 0.85	 0.06	180.66	 3.77	 0.75	 1.00	10.73	 1.13	322.88	278.46	282.89	260.89	284.73	0	52.18
2012	5	22	0.982	6351.0410	142.0409	21.0409	 0.92	 0.06	186.76	 3.28	 4.93	 1.00	10.90	 1.22	322.80	278.19	285.51	260.79	284.48	0	52.16
2012	5	22	1.450	6351.0605	142.0604	21.0604	 0.79	 0.06	189.28	 4.55	19.86	 0.96	10.77	 1.12	322.88	277.95	284.96	261.23	284.28	0	52.25
2012	5	22	1.889	6351.0786	142.0787	21.0787	 0.91	 0.06	194.93	 3.58	 3.61	 1.00	10.82	 1.28	322.86	277.83	286.00	261.64	282.73	0	52.33
2012	5	22	2.332	6351.0972	142.0972	21.0972	 0.78	 0.06	192.51	 4.98	 5.44	 1.00	10.80	 1.13	322.86	277.72	284.24	261.66	282.57	0	52.33
2012	5	22	3.219	6351.1343	142.1341	21.1341	 0.95	 0.07	194.94	 4.22	 5.50	 1.00	10.75	 1.23	322.84	277.57	284.34	261.66	283.73	0	52.33
2012	5	22	3.683	6351.1533	142.1535	21.1535	 1.09	 0.06	187.81	 2.58	 5.57	 0.99	10.88	 1.24	319.18	277.38	282.89	261.35	283.26	0	52.27
2012	5	22	8.586	6351.3579	142.3577	21.3577	 0.98	 0.06	192.50	 3.15	10.95	 0.98	10.90	 1.20	321.01	275.04	279.09	261.23	279.76	0	52.25
2012	5	22	9.031	6351.3765	142.3763	21.3763	 0.89	 0.07	193.62	 4.89	11.76	 1.00	10.72	 1.10	321.08	275.28	279.05	261.07	 0.00	0	52.21
2012	5	22	9.472	6351.3945	142.3947	21.3947	 1.02	 0.09	192.96	 4.51	 3.80	 1.00	10.92	 1.20	321.12	275.48	280.35	260.91	280.13	0	52.18
2012	5	22	9.914	6351.4131	142.4131	21.4131	 1.19	 0.09	191.93	 3.25	 6.63	 1.00	10.75	 1.27	320.95	275.62	281.32	 0.00	 0.00	0	54.00
2012	5	22	11.264	6351.4692	142.4693	21.4693	 1.03	 0.07	193.78	 3.41	13.65	 0.98	10.87	 1.18	320.96	276.15	282.47	261.24	282.06	0	52.25
2012	5	22	12.144	6351.5059	142.5060	21.5060	 1.10	 0.05	189.51	 2.30	 7.96	 0.98	10.73	 1.24	321.13	277.55	282.69	262.51	 0.00	0	52.50
2012	5	22	13.927	6351.5801	142.5803	21.5803	 0.98	 0.08	186.32	 4.01	 4.07	 1.00	10.73	 1.15	321.61	282.64	287.12	264.94	288.60	0	52.99
2012	5	22	17.486	6351.7285	142.7286	21.7286	 1.08	 0.13	194.86	 5.91	32.82	 0.99	10.75	 1.23	321.28	289.57	296.35	268.32	292.42	0	53.66
2012	5	22	17.923	6351.7466	142.7468	21.7468	 1.33	 0.17	191.85	 5.10	48.70	 0.98	10.73	 1.29	321.51	289.94	298.24	268.16	297.67	0	53.63
2012	5	22	18.361	6351.7651	142.7650	21.7650	 0.88	 0.14	183.36	 8.78	 6.93	 1.00	10.77	 1.05	321.19	290.02	296.49	266.07	293.10	0	53.21
2012	5	22	18.799	6351.7832	142.7833	21.7833	 0.94	 0.14	187.81	 8.13	43.42	 0.99	10.78	 1.11	321.17	289.74	295.22	265.54	297.43	0	53.11
2012	5	22	19.263	6351.8027	142.8026	21.8026	 0.85	 0.16	190.80	11.42	32.58	 1.00	10.77	 0.93	320.98	289.15	293.55	266.05	292.73	0	53.21
2012	5	22	20.138	6351.8389	142.8391	21.8391	 1.36	 0.17	198.41	 4.92	23.09	 1.00	10.73	 1.15	321.10	287.36	299.13	263.27	293.57	0	52.65
2012	5	22	20.576	6351.8574	142.8573	21.8573	 1.58	 0.16	209.14	 3.56	 5.08	 1.00	10.92	 1.25	321.05	286.22	300.85	263.63	292.87	0	52.73
2012	5	23	0.176	6352.0073	143.0073	22.0073	 2.45	 0.16	205.33	 1.22	 1.67	 1.00	10.73	 1.18	318.04	275.20	285.33	259.97	280.22	0	51.99
2012	5	23	0.617	6352.0259	143.0257	22.0257	 2.14	 0.18	199.87	 1.93	 2.84	 1.00	10.78	 1.19	320.91	275.46	279.25	259.58	281.35	0	51.92
2012	5	23	1.058	6352.0439	143.0441	22.0441	 2.44	 0.31	200.97	 2.31	14.82	 0.99	10.85	 1.14	321.02	275.84	280.94	260.04	283.19	0	52.01
2012	5	23	1.503	6352.0625	143.0626	22.0626	 2.49	 0.21	202.23	 1.48	 3.15	 1.00	10.83	 1.24	321.04	276.21	281.17	259.87	280.76	0	51.97
2012	5	23	3.298	6352.1372	143.1374	22.1374	 1.96	 0.12	204.65	 1.58	 1.91	 1.00	10.78	 1.28	321.05	276.34	284.62	258.62	281.01	0	51.72
2012	5	23	4.653	6352.1938	143.1939	22.1939	 1.41	 0.08	195.25	 2.18	23.66	 0.89	10.73	 1.13	321.02	275.73	281.04	258.40	280.44	0	51.68
2012	5	23	5.101	6352.2124	143.2125	22.2125	 1.17	 0.08	198.42	 3.08	 4.52	 1.00	10.97	 1.15	321.04	275.55	279.00	258.28	280.20	0	51.66
2012	5	23	6.453	6352.2690	143.2689	22.2689	 1.18	 0.08	190.64	 3.05	 5.75	 1.00	10.78	 1.08	321.00	274.97	280.62	257.90	280.92	0	51.58
2012	5	23	7.344	6352.3062	143.3060	22.3060	 1.02	 0.05	193.91	 2.71	 3.98	 1.00	10.73	 1.04	320.97	274.68	279.77	257.81	280.68	0	51.56
2012	5	23	7.788	6352.3247	143.3245	22.3245	 1.26	 0.10	192.64	 3.23	 6.24	 1.00	10.82	 1.12	320.98	274.60	279.46	257.70	280.52	0	51.54
2012	5	23	8.229	6352.3428	143.3429	22.3429	 1.31	 0.09	198.26	 2.96	 5.82	 1.00	10.98	 1.19	320.96	274.48	281.18	257.70	281.68	0	51.54
2012	5	23	18.903	6352.7876	143.7876	22.7876	 1.20	 0.07	196.69	 2.72	 8.67	 0.99	10.73	 1.18	321.35	290.48	299.33	270.69	295.93	0	54.14
2012	5	23	19.342	6352.8062	143.8059	22.8059	 1.28	 0.12	191.69	 4.00	 2.26	 1.00	10.72	 1.05	321.37	290.09	295.69	268.24	295.64	0	53.65
2012	5	23	20.684	6352.8618	143.8618	22.8618	 1.64	 0.13	196.92	 2.62	17.33	 0.98	10.75	 1.14	321.24	286.64	296.54	261.60	294.76	0	52.32
2012	5	23	23.792	6352.9912	143.9913	22.9914	 1.88	 0.23	204.34	 3.43	14.64	 1.00	10.77	 1.27	321.69	278.37	285.53	257.48	284.47	0	51.50
2012	5	24	2.057	6353.0859	144.0857	23.0857	 1.43	 0.09	192.10	 2.29	 4.15	 1.00	10.82	 1.07	321.48	276.03	280.07	257.73	 0.00	0	51.55
2012	5	24	2.526	6353.1055	144.1053	23.1053	 1.25	 0.08	194.30	 2.85	 3.24	 1.00	10.82	 1.06	321.60	275.74	280.74	257.91	280.46	0	51.58
2012	5	24	2.970	6353.1235	144.1237	23.1238	 1.62	 0.11	198.09	 2.19	 7.06	 0.99	10.80	 1.17	321.40	275.52	282.07	257.91	280.18	0	51.58
2012	5	24	3.854	6353.1606	144.1606	23.1606	 1.65	 0.13	198.97	 2.56	 1.83	 1.00	10.85	 1.26	321.50	275.14	281.68	257.84	279.77	0	51.57
2012	5	24	4.295	6353.1792	144.1790	23.1790	 1.49	 0.14	196.44	 3.31	 9.58	 1.00	10.80	 1.21	321.50	274.98	280.60	257.89	 0.00	0	51.58
2012	5	24	4.762	6353.1982	144.1984	23.1984	 1.39	 0.14	194.69	 3.84	 9.90	 1.00	10.78	 1.17	321.50	274.85	281.83	 0.00	279.44	0	54.00
2012	5	24	5.641	6353.2349	144.2350	23.2350	 1.35	 0.12	195.71	 3.64	 3.24	 1.00	10.75	 1.17	321.33	274.64	279.07	257.74	279.24	0	51.55
2012	5	24	6.082	6353.2534	144.2534	23.2534	 1.28	 0.08	192.45	 2.70	 3.59	 1.00	10.80	 1.15	321.23	274.57	277.80	257.61	 0.00	0	51.52
2012	5	24	6.525	6353.2720	144.2719	23.2719	 1.25	 0.06	197.81	 2.03	 5.27	 0.99	10.83	 1.15	321.31	274.46	281.91	257.61	281.72	0	51.52
2012	5	24	6.994	6353.2915	144.2914	23.2914	 1.18	 0.06	195.15	 2.46	 3.30	 1.00	10.77	 1.10	321.39	274.35	278.71	257.65	278.86	0	51.53
2012	5	24	7.436	6353.3101	144.3098	23.3098	 1.01	 0.05	197.94	 2.62	 3.37	 1.00	10.78	 1.13	321.35	274.27	278.16	257.55	281.43	0	51.51
2012	5	24	7.877	6353.3281	144.3282	23.3282	 1.12	 0.08	194.52	 3.56	12.85	 0.99	10.98	 1.06	321.39	274.21	278.25	257.41	 0.00	0	51.48
2012	5	24	8.766	6353.3652	144.3652	23.3653	 1.25	 0.07	196.31	 2.31	 2.26	 1.00	10.75	 1.07	321.19	274.09	279.26	257.32	281.18	0	51.46
2012	5	24	9.676	6353.4033	144.4032	23.4031	 1.09	 0.06	196.30	 2.78	 3.35	 1.00	10.75	 1.03	321.13	273.98	277.97	257.21	 0.00	0	51.44
2012	5	24	10.118	6353.4214	144.4216	23.4216	 1.22	 0.08	196.03	 2.98	 2.38	 1.00	10.82	 1.07	321.26	273.96	278.69	257.18	 0.00	0	51.44
2012	5	24	10.558	6353.4399	144.4399	23.4399	 1.24	 0.07	198.83	 2.49	 1.03	 1.00	10.73	 1.11	321.13	273.95	279.46	257.18	278.39	0	51.44
2012	5	24	11.001	6353.4585	144.4584	23.4584	 1.31	 0.05	199.83	 1.48	 5.10	 0.97	10.75	 1.12	321.11	273.93	279.74	257.22	 0.00	0	51.44
2012	5	24	13.234	6353.5513	144.5514	23.5514	 0.98	 0.18	208.48	10.81	34.34	 1.00	10.78	 1.12	321.86	278.65	279.74	259.66	281.84	0	51.93
2012	5	24	16.354	6353.6816	144.6814	23.6814	 1.47	 0.10	197.02	 2.51	 3.09	 1.00	10.73	 1.18	322.04	287.48	293.74	267.15	292.92	0	53.43
2012	5	24	16.792	6353.6997	144.6997	23.6997	 1.59	 0.11	194.91	 2.30	 3.30	 1.00	10.73	 1.20	321.80	288.75	293.38	271.31	294.05	0	54.26
2012	5	24	18.569	6353.7739	144.7737	23.7737	 1.50	 0.12	192.88	 2.75	 0.80	 1.00	10.72	 1.08	322.37	290.92	299.79	270.08	296.38	0	54.02
2012	5	24	19.447	6353.8101	144.8103	23.8103	 1.83	 0.14	192.62	 2.14	 6.01	 1.00	10.82	 1.16	322.59	290.24	295.30	266.66	297.71	0	53.33
2012	5	24	20.354	6353.8481	144.8481	23.8481	 1.77	 0.15	200.52	 2.55	 1.51	 1.00	10.80	 1.24	322.64	288.22	295.40	 0.00	292.10	0	54.00
2012	5	24	22.585	6353.9409	144.9410	23.9410	 1.95	 0.12	201.23	 1.65	 2.20	 1.00	10.80	 1.27	321.31	281.27	288.25	258.97	288.99	0	51.79
2012	5	24	23.469	6353.9780	144.9779	23.9779	 2.19	 0.15	200.88	 1.54	 1.84	 1.00	11.00	 1.23	321.44	279.51	287.20	258.51	 0.00	0	51.70
2012	5	24	23.914	6353.9966	144.9964	23.9964	 1.90	 0.11	203.85	 1.61	 2.80	 1.00	10.80	 1.29	321.41	278.84	287.29	258.15	285.03	0	51.63
2012	5	25	0.360	6354.0151	145.0150	24.0150	 1.59	 0.13	201.23	 2.82	 3.72	 1.00	10.78	 1.18	321.59	278.17	284.30	257.83	285.65	0	51.57
2012	5	25	0.849	6354.0352	145.0354	24.0354	 1.74	 0.12	199.03	 2.08	 5.47	 1.00	10.78	 1.19	321.55	277.54	283.51	257.26	283.68	0	51.45
2012	5	25	1.734	6354.0723	145.0723	24.0723	 1.51	 0.08	198.35	 1.98	 9.07	 0.98	10.80	 1.22	321.62	276.58	283.29	 0.00	 0.00	0	54.00
2012	5	25	2.176	6354.0908	145.0907	24.0907	 1.46	 0.08	197.43	 1.96	 3.90	 1.00	10.82	 1.15	321.51	276.26	280.97	257.41	 0.00	0	51.48
2012	5	25	5.322	6354.2217	145.2217	24.2217	 1.47	 0.05	203.15	 1.39	 2.60	 0.99	10.82	 1.29	321.91	275.66	283.67	258.68	280.27	0	51.74
2012	5	25	5.764	6354.2402	145.2401	24.2402	 1.38	 0.06	199.70	 1.65	 4.10	 0.99	10.75	 1.20	321.63	275.65	281.65	258.47	 0.00	0	51.69
2012	5	25	6.204	6354.2583	145.2585	24.2585	 1.41	 0.08	201.48	 2.20	 3.59	 1.00	10.78	 1.24	321.56	275.63	280.13	258.49	281.64	0	51.70
2012	5	25	6.645	6354.2769	145.2769	24.2769	 1.47	 0.07	195.38	 1.77	 2.69	 1.00	10.78	 1.16	321.52	275.62	279.38	258.90	280.27	0	51.78
2012	5	25	7.556	6354.3149	145.3148	24.3148	 1.49	 0.06	201.17	 1.50	 7.22	 0.96	10.77	 1.16	321.67	275.61	282.28	258.80	283.03	0	51.76
2012	5	25	7.999	6354.3335	145.3333	24.3333	 1.39	 0.08	196.67	 2.28	 6.10	 0.99	10.88	 1.06	321.51	275.60	278.94	258.49	282.96	0	51.70
2012	5	25	8.440	6354.3516	145.3517	24.3517	 1.59	 0.07	201.38	 1.51	 3.89	 0.99	10.85	 1.19	321.51	275.56	283.19	258.36	282.93	0	51.67
2012	5	25	8.880	6354.3701	145.3700	24.3700	 1.52	 0.11	200.48	 2.62	 1.98	 1.00	10.97	 1.18	321.64	275.55	282.57	258.43	282.89	0	51.69
2012	5	25	9.321	6354.3882	145.3884	24.3884	 1.62	 0.11	200.32	 2.27	 3.43	 1.00	10.75	 1.17	321.67	275.54	282.56	258.65	281.51	0	51.73
2012	5	25	10.237	6354.4268	145.4265	24.4265	 1.58	 0.09	203.23	 1.98	 6.22	 0.99	11.00	 1.26	321.58	275.48	281.85	258.45	282.80	0	51.69
2012	5	25	11.117	6354.4634	145.4632	24.4632	 1.38	 0.08	195.92	 2.15	 8.11	 0.99	10.73	 1.09	321.59	275.57	279.05	259.25	280.10	0	51.85
2012	5	25	11.561	6354.4819	145.4817	24.4817	 0.66	 0.05	279.30	 8.98	370.94	 0.16	10.78	 1.13	321.64	276.20	281.37	259.85	280.46	0	51.97
2012	5	25	15.573	6354.6489	145.6489	24.6489	 1.89	 0.10	201.28	 1.46	 1.71	 1.00	10.73	 1.26	321.93	288.17	294.07	266.07	294.18	0	53.21
2012	5	25	16.913	6354.7046	145.7047	24.7047	 1.76	 0.21	194.83	 3.40	 6.01	 1.00	10.73	 1.11	324.06	291.31	296.94	271.85	299.38	0	54.37
2012	5	25	17.792	6354.7412	145.7413	24.7414	 1.64	 0.12	197.12	 2.24	 1.80	 1.00	10.78	 1.09	323.38	292.57	300.47	273.73	297.96	0	54.75
2012	5	25	20.015	6354.8340	145.8340	24.8339	 1.87	 0.19	193.80	 2.66	 2.54	 1.00	10.82	 1.15	322.83	290.30	297.12	 0.00	297.91	0	54.00
2012	5	25	20.454	6354.8521	145.8522	24.8522	 1.77	 0.11	200.06	 1.75	 2.48	 1.00	10.73	 1.17	322.81	288.91	298.63	263.60	294.80	0	52.72
2012	5	25	23.591	6354.9829	145.9829	24.9829	 1.75	 0.18	195.12	 3.04	 5.23	 1.00	10.80	 1.01	318.47	275.82	282.69	 0.00	280.99	0	54.00
2012	5	26	1.416	6355.0591	146.0590	25.0590	 1.89	 0.10	200.64	 1.49	 1.79	 1.00	10.93	 1.21	321.32	276.13	282.54	 0.00	284.03	0	54.00
2012	5	26	1.860	6355.0776	146.0775	25.0775	 1.86	 0.10	204.19	 1.50	12.27	 0.92	10.97	 1.29	321.35	276.24	280.28	260.00	284.15	0	52.00
2012	5	26	4.538	6355.1890	146.1891	25.1891	 1.77	 0.11	198.55	 1.82	 7.36	 0.99	10.78	 1.13	321.30	276.35	282.30	 0.00	284.19	0	54.00
2012	5	26	4.976	6355.2075	146.2074	25.2073	 1.74	 0.14	198.55	 2.36	15.49	 0.98	10.77	 1.08	321.28	276.36	280.25	259.31	284.18	0	51.86
2012	5	26	6.329	6355.2637	146.2637	25.2637	 2.00	 0.13	202.48	 1.62	 6.46	 0.99	10.77	 1.24	321.18	276.44	283.18	 0.00	282.70	0	54.00
2012	5	26	6.774	6355.2822	146.2822	25.2822	 2.09	 0.15	203.74	 1.70	 5.45	 0.99	10.92	 1.26	321.29	276.60	284.70	 0.00	281.39	0	54.00
2012	5	26	7.217	6355.3008	146.3007	25.3007	 2.10	 0.16	206.46	 1.78	 4.63	 1.00	10.88	 1.28	321.32	276.61	283.72	260.57	284.24	0	52.11
2012	5	26	8.125	6355.3384	146.3385	25.3385	 2.14	 0.16	199.64	 1.70	 3.07	 1.00	10.75	 1.14	321.34	276.74	283.09	 0.00	281.48	0	54.00
2012	5	26	9.009	6355.3755	146.3754	25.3754	 2.16	 0.20	197.84	 2.00	 6.02	 1.00	10.83	 1.13	321.23	276.84	280.69	259.94	281.55	0	51.99
2012	5	26	9.454	6355.3940	146.3939	25.3939	 2.01	 0.15	198.23	 1.80	 5.17	 1.00	10.82	 1.18	321.29	276.73	281.66	259.78	 0.00	0	51.96
2012	5	26	9.894	6355.4121	146.4122	25.4122	 2.06	 0.16	200.99	 1.90	 0.89	 1.00	10.78	 1.27	321.29	276.60	281.99	259.51	 0.00	0	51.90
2012	5	26	14.817	6355.6172	146.6174	25.6174	 2.46	 0.28	198.28	 2.00	 3.85	 1.00	10.78	 1.14	322.14	285.31	290.78	266.43	291.61	0	53.29
2012	5	26	16.129	6355.6719	146.6720	25.6720	 2.84	 0.52	196.87	 2.42	 4.68	 1.00	10.75	 1.10	322.03	289.02	294.79	269.89	 0.00	0	53.98
2012	5	26	16.566	6355.6904	146.6903	25.6903	 2.88	 0.61	190.40	 2.65	 6.40	 1.00	10.73	 1.00	322.01	289.55	295.70	267.99	295.75	0	53.60
2012	5	26	18.787	6355.7827	146.7828	25.7828	 2.42	 0.39	196.19	 2.87	10.03	 1.00	10.73	 1.05	322.73	291.61	300.61	270.06	297.44	0	54.01
2012	5	26	22.366	6355.9321	146.9319	25.9319	 2.49	 0.25	203.36	 1.81	 7.95	 0.99	10.75	 1.17	321.35	282.70	291.78	 0.00	289.47	0	54.00
2012	5	27	1.981	6356.0825	147.0825	26.0825	 2.06	 0.21	203.64	 2.42	 6.80	 1.00	10.75	 1.18	321.12	277.64	284.10	259.26	 0.00	0	51.85
2012	5	27	3.742	6356.1558	147.1559	26.1559	 2.29	 0.23	201.14	 2.02	 4.56	 1.00	10.85	 1.17	320.95	276.87	281.00	259.20	283.22	0	51.84
2012	5	27	4.656	6356.1938	147.1940	26.1940	 2.08	 0.16	206.13	 1.88	 5.91	 1.00	10.85	 1.18	320.94	276.71	283.59	260.09	283.09	0	52.02
2012	5	27	5.991	6356.2495	147.2496	26.2496	 2.12	 0.13	201.75	 1.43	 2.53	 1.00	10.87	 1.17	320.94	276.85	281.55	260.43	284.68	0	52.09
2012	5	27	6.902	6356.2876	147.2876	26.2876	 2.28	 0.20	194.18	 1.73	 2.82	 1.00	10.82	 1.11	320.95	276.85	279.69	260.47	284.75	0	52.09
2012	5	27	15.809	6356.6587	147.6587	26.6587	 1.25	 0.07	191.57	 2.47	 6.63	 0.99	10.72	 1.10	322.06	288.58	293.44	268.26	294.59	0	53.65
2012	5	27	16.247	6356.6768	147.6770	26.6770	 1.34	 0.10	197.79	 2.99	 9.37	 1.00	10.73	 1.06	322.14	289.60	296.72	269.98	297.87	0	54.00
2012	5	27	16.686	6356.6953	147.6953	26.6953	 1.24	 0.10	195.39	 3.44	 5.07	 1.00	10.73	 1.14	322.37	290.56	297.93	270.42	295.68	0	54.08
2012	5	27	17.126	6356.7134	147.7136	26.7136	 1.26	 0.09	195.92	 3.07	 1.59	 1.00	10.75	 1.04	322.64	291.07	298.22	268.06	296.12	0	53.61
2012	5	27	18.029	6356.7515	147.7512	26.7512	 1.26	 0.11	192.33	 3.66	 8.05	 1.00	10.73	 0.99	322.71	291.56	298.43	269.27	 0.00	0	53.85
2012	5	27	18.468	6356.7695	147.7695	26.7695	 1.36	 0.10	203.87	 3.09	11.66	 0.99	10.73	 1.24	322.47	291.52	300.94	269.50	296.31	0	53.90
2012	5	27	19.814	6356.8257	147.8256	26.8256	 0.94	 0.07	195.00	 4.08	 4.52	 1.00	10.83	 1.08	322.44	289.94	295.49	265.77	295.16	0	53.15
2012	5	27	21.138	6356.8809	147.8807	26.8807	 1.03	 0.07	197.99	 3.71	 5.73	 1.00	10.90	 1.23	322.38	285.99	295.20	265.90	 0.00	0	53.18
2012	5	27	23.369	6356.9736	147.9737	26.9737	 0.95	 0.06	184.87	 3.27	 9.86	 0.99	10.75	 1.06	322.45	281.00	282.63	262.65	 0.00	0	52.53
2012	5	28	1.603	6357.0669	148.0668	27.0668	 1.07	 0.06	186.80	 2.92	 9.06	 0.99	10.78	 1.27	323.08	279.07	287.30	261.81	284.05	0	52.36
2012	5	28	2.541	6357.1060	148.1059	27.1059	 0.92	 0.06	183.02	 3.32	 2.12	 1.00	10.75	 1.13	322.85	278.55	286.22	261.70	283.65	0	52.34
2012	5	28	4.310	6357.1797	148.1796	27.1796	 0.49	 0.05	192.16	 9.41	13.16	 0.99	10.97	 1.10	322.75	277.75	284.74	261.19	284.23	0	52.24
2012	5	28	5.227	6357.2178	148.2178	27.2178	 0.59	 0.04	181.72	 5.65	 8.48	 0.99	10.87	 1.12	322.51	277.47	282.93	261.51	282.61	0	52.30
2012	5	28	6.117	6357.2549	148.2549	27.2549	 0.51	 0.04	176.76	 7.23	 6.87	 0.99	10.82	 1.12	322.82	277.37	283.28	261.73	283.57	0	52.35
2012	5	28	6.562	6357.2734	148.2734	27.2734	 0.62	 0.05	166.67	 5.54	 7.04	 0.99	10.77	 1.18	322.60	277.31	283.48	262.34	284.61	0	52.47
2012	5	28	7.031	6357.2930	148.2930	27.2930	 0.62	 0.05	172.42	 6.12	 5.76	 1.00	10.80	 1.24	318.92	277.18	285.08	261.93	 0.00	0	52.39
2012	5	28	13.249	6357.5522	148.5520	27.5520	 0.42	 0.05	171.88	10.67	22.48	 0.93	10.83	 1.10	322.76	278.31	281.90	266.07	284.83	0	53.21
2012	5	28	13.712	6357.5713	148.5714	27.5714	 0.37	 0.08	183.72	22.20	43.60	 0.97	10.77	 1.09	322.71	280.87	286.52	265.86	287.50	0	53.17
2012	5	28	18.143	6357.7559	148.7560	27.7559	 0.43	 0.16	264.76	50.28	175.92	 0.99	10.78	 1.09	316.31	296.06	305.21	286.06	300.94	0	57.21
2012	5	28	19.019	6357.7925	148.7925	27.7925	 0.92	 0.05	197.47	 3.17	 9.47	 0.98	10.73	 1.06	323.35	296.41	307.11	279.02	303.52	0	55.80
2012	5	28	20.363	6357.8486	148.8485	27.8485	 0.83	 0.04	194.18	 3.12	 4.13	 1.00	10.80	 1.06	322.89	293.63	303.38	266.00	298.19	0	53.20
2012	5	28	20.803	6357.8667	148.8668	27.8668	 0.70	 0.05	191.07	 5.47	 3.78	 1.00	10.78	 1.04	322.81	291.85	300.43	265.84	296.95	0	53.17
2012	5	29	0.365	6358.0151	149.0152	28.0152	 0.74	 0.04	190.89	 3.88	 4.19	 1.00	10.77	 1.22	324.35	282.83	290.42	265.14	 0.00	0	53.03
2012	5	29	1.273	6358.0532	149.0530	28.0530	 0.73	 0.05	185.15	 4.35	 2.36	 1.00	10.77	 1.19	324.34	282.02	290.22	265.05	288.54	0	53.01
2012	5	29	1.715	6358.0713	149.0715	28.0715	 0.77	 0.05	175.27	 3.87	 1.29	 1.00	10.80	 1.18	324.59	281.74	290.21	265.12	289.87	0	53.02
2012	5	29	3.100	6358.1294	149.1292	28.1292	 0.55	 0.04	178.49	 6.30	 2.12	 1.00	10.85	 1.18	324.87	280.88	287.13	 0.00	286.26	0	54.00
2012	5	29	3.541	6358.1475	149.1475	28.1475	 0.33	 0.05	202.43	17.33	14.73	 0.98	10.78	 1.05	324.64	280.66	284.83	264.96	285.79	0	52.99
2012	5	29	3.988	6358.1660	149.1662	28.1662	 0.72	 0.04	182.52	 4.03	 2.05	 1.00	10.82	 1.30	324.65	280.43	284.37	264.91	 0.00	0	52.98
2012	5	29	4.872	6358.2031	149.2030	28.2030	 0.49	 0.04	185.01	 7.28	 6.20	 0.99	10.73	 1.17	324.61	280.03	286.86	264.98	285.24	0	53.00
2012	5	29	5.784	6358.2412	149.2410	28.2410	 0.61	 0.04	181.94	 4.43	 5.71	 0.99	10.77	 1.24	324.52	279.65	285.55	263.35	287.58	0	52.67
2012	5	29	7.113	6358.2964	149.2964	28.2964	 0.40	 0.04	187.45	10.81	 8.75	 0.99	10.73	 1.14	324.26	279.12	284.45	264.89	286.70	0	52.98
2012	5	29	7.580	6358.3159	149.3158	28.3158	 0.46	 0.05	177.50	 8.81	 4.43	 1.00	10.77	 1.15	324.32	279.02	284.38	 0.00	284.02	0	54.00
2012	5	29	9.819	6358.4092	149.4091	28.4091	 0.64	 0.04	181.82	 4.30	 4.37	 0.99	10.87	 1.27	324.04	278.24	284.64	260.49	 0.00	0	52.10
2012	5	29	12.931	6358.5386	149.5388	28.5388	 0.71	 0.07	182.79	 7.02	19.12	 0.99	10.75	 1.14	324.05	283.53	286.87	266.18	291.67	0	53.24
2012	5	29	14.269	6358.5947	149.5945	28.5945	 0.90	 0.40	206.66	27.29	1279.01	 0.93	10.77	 1.20	321.72	287.90	294.13	269.82	294.10	0	53.96
2012	5	29	18.236	6358.7598	149.7599	28.7598	 1.11	 0.05	200.73	 2.01	 7.00	 0.97	10.78	 1.21	323.44	296.24	302.76	 0.00	300.96	0	54.00
2012	5	29	18.701	6358.7793	149.7792	28.7792	 1.21	 0.04	199.02	 1.39	25.07	 0.34	10.77	 1.26	322.21	296.52	306.53	280.84	303.93	0	56.17
2012	5	29	19.139	6358.7974	149.7975	28.7975	 1.00	 0.04	196.74	 2.07	 5.19	 0.98	10.80	 1.06	322.00	296.36	305.60	281.54	 0.00	0	56.31
2012	5	29	19.579	6358.8159	149.8158	28.8158	 1.21	 0.06	193.23	 2.35	 4.58	 1.00	10.77	 1.15	321.92	295.79	303.56	273.20	300.37	0	54.64
2012	5	29	20.927	6358.8721	149.8720	28.8720	 0.93	 0.05	190.87	 3.24	 6.11	 0.99	10.77	 1.05	321.81	291.40	300.95	265.41	300.17	0	53.08
2012	5	30	3.665	6359.1528	150.1527	29.1527	 0.83	 0.04	191.34	 2.72	 6.05	 0.98	10.88	 1.09	323.85	280.15	284.65	 0.00	284.87	0	54.00
2012	5	30	4.111	6359.1714	150.1713	29.1713	 0.94	 0.04	197.15	 2.66	 2.76	 1.00	10.73	 1.22	323.80	280.12	287.60	264.82	287.73	0	52.96
2012	5	30	5.443	6359.2266	150.2268	29.2268	 0.90	 0.05	196.73	 3.31	 1.92	 1.00	10.97	 1.24	324.00	280.14	286.45	264.87	285.02	0	52.97
2012	5	30	5.915	6359.2466	150.2465	29.2465	 0.95	 0.04	198.25	 2.36	 3.97	 0.99	11.00	 1.23	324.05	280.15	287.37	264.86	 0.00	0	52.97
2012	5	30	6.362	6359.2651	150.2651	29.2651	 0.90	 0.05	199.36	 3.45	 3.65	 1.00	10.75	 1.20	324.02	280.14	287.27	264.89	286.43	0	52.98
2012	5	30	7.699	6359.3208	150.3208	29.3208	 0.98	 0.05	195.38	 2.53	 4.82	 0.99	10.80	 1.20	323.83	280.21	286.09	264.79	286.42	0	52.96
2012	5	30	8.170	6359.3403	150.3404	29.3404	 0.98	 0.04	192.67	 2.32	 3.02	 1.00	10.82	 1.18	323.94	280.27	285.23	264.82	288.06	0	52.96
2012	5	30	9.061	6359.3774	150.3775	29.3775	 0.83	 0.04	196.44	 3.07	 0.52	 1.00	10.80	 1.13	323.79	280.25	286.37	264.91	 0.00	0	52.98
2012	5	30	9.501	6359.3960	150.3959	29.3959	 0.95	 0.05	197.78	 2.94	 4.81	 1.00	10.75	 1.26	323.74	280.24	287.94	264.90	 0.00	0	52.98
2012	5	30	9.951	6359.4146	150.4146	29.4146	 0.77	 0.05	192.88	 3.94	 1.52	 1.00	10.83	 1.14	323.80	280.30	284.01	264.84	288.07	0	52.97
2012	5	30	10.420	6359.4341	150.4342	29.4342	 0.84	 0.04	196.19	 2.92	 8.54	 0.97	10.85	 1.18	323.85	280.32	287.20	264.83	 0.00	0	52.97
2012	5	30	10.861	6359.4526	150.4525	29.4525	 0.81	 0.04	191.87	 2.90	 4.59	 0.99	10.85	 1.21	323.78	280.35	286.21	264.82	285.39	0	52.96
2012	5	30	20.191	6359.8413	150.8413	29.8413	 0.75	 0.04	187.76	 3.94	 4.93	 1.00	10.75	 1.13	322.77	293.70	302.51	265.45	299.84	0	53.09
2012	5	30	21.531	6359.8970	150.8971	29.8971	 0.61	 0.11	186.26	13.72	41.66	 0.99	10.83	 1.14	320.56	288.45	299.24	266.18	295.01	0	53.24
2012	5	31	0.204	6360.0083	151.0085	30.0085	 0.58	 0.04	189.13	 6.11	 5.53	 1.00	10.85	 1.14	317.24	278.42	289.08	265.11	283.93	0	53.02
2012	5	31	0.647	6360.0269	151.0270	30.0270	 0.72	 0.04	189.97	 3.77	 1.72	 1.00	10.75	 1.27	317.36	278.39	287.20	265.08	284.99	0	53.02
2012	5	31	3.312	6360.1382	151.1380	30.1380	 0.73	 0.06	184.18	 5.30	 1.64	 1.00	10.73	 1.23	317.48	278.70	286.65	264.96	287.39	0	52.99
2012	5	31	3.753	6360.1562	151.1564	30.1564	 0.74	 0.04	179.13	 3.77	 2.05	 1.00	10.82	 1.23	317.50	278.75	287.49	264.96	285.97	0	52.99
2012	5	31	4.689	6360.1953	151.1954	30.1954	 0.71	 0.04	177.40	 3.96	 3.11	 1.00	10.78	 1.25	317.62	278.76	287.57	265.02	286.07	0	53.00
2012	5	31	5.131	6360.2139	151.2138	30.2138	 1.26	 0.58	203.55	20.32	3464.89	 0.64	10.75	 1.10	317.53	278.72	284.71	265.02	287.45	0	53.00
2012	5	31	5.576	6360.2324	151.2323	30.2323	 0.52	 0.04	194.21	 6.86	 0.31	 1.00	10.77	 1.16	317.48	278.71	286.31	265.01	284.55	0	53.00
2012	5	31	6.488	6360.2705	151.2703	30.2703	 0.53	 0.04	184.96	 7.22	 6.18	 1.00	10.80	 1.11	317.47	278.59	285.72	265.08	285.83	0	53.02
2012	5	31	7.818	6360.3257	151.3258	30.3258	 0.54	 0.04	187.54	 6.84	 6.58	 0.99	10.88	 1.16	317.43	278.33	286.75	 0.00	286.91	0	54.00
2012	5	31	8.263	6360.3442	151.3443	30.3443	 0.55	 0.05	180.03	 7.46	 6.13	 1.00	10.80	 1.15	317.43	278.25	284.46	264.40	283.86	0	52.88
2012	5	31	8.729	6360.3638	151.3637	30.3637	 0.46	 0.05	187.36	10.78	14.71	 0.98	10.87	 1.09	317.53	278.19	285.57	 0.00	 0.00	0	54.00
2012	5	31	9.175	6360.3823	151.3823	30.3823	 0.68	 0.05	174.39	 4.55	 4.52	 1.00	10.98	 1.24	317.73	278.24	286.66	264.91	285.29	0	52.98
2012	5	31	10.061	6360.4194	151.4192	30.4192	 0.56	 0.06	174.01	 7.85	 8.23	 1.00	10.87	 1.19	317.80	278.35	285.12	264.96	286.64	0	52.99
2012	5	31	10.968	6360.4570	151.4570	30.4570	 0.47	 0.06	186.69	11.14	10.10	 1.00	10.87	 1.18	317.73	278.31	285.64	265.00	 0.00	0	53.00
2012	5	31	11.414	6360.4756	151.4756	30.4756	 0.49	 0.04	179.64	 7.60	11.68	 0.97	10.80	 1.17	317.65	278.68	287.68	 0.00	 0.00	0	54.00
2012	5	31	13.200	6360.5498	151.5500	30.5500	 0.81	 0.05	189.18	 3.79	 6.41	 0.99	10.77	 1.21	317.93	283.03	289.69	265.98	289.20	0	53.20
2012	5	31	14.078	6360.5864	151.5866	30.5866	 0.77	 0.05	195.69	 4.13	 2.53	 1.00	10.72	 1.12	317.52	285.70	293.11	265.66	292.14	0	53.13
2012	5	31	18.068	6360.7529	151.7528	30.7528	 1.14	 0.05	199.39	 2.08	 3.36	 1.00	10.72	 1.10	315.71	295.24	305.18	279.46	301.16	0	55.89
2012	5	31	19.853	6360.8271	151.8272	30.8272	 1.11	 0.05	200.93	 2.14	 5.75	 0.99	10.77	 1.05	320.39	294.07	303.22	267.15	298.33	0	53.43
2012	5	31	23.393	6360.9746	151.9747	30.9747	 1.22	 0.04	199.99	 1.54	 2.53	 0.99	10.92	 1.13	321.03	284.10	290.24	265.38	 0.00	0	53.08
