2010	10	1	0.233	5752.0098	273.0097	0.0097	 0.91	 0.07	194.96	 4.50	 4.34	 1.00	10.80	 1.14	318.26	274.79	283.13	258.35	279.89	0	51.67
2010	10	1	0.677	5752.0283	273.0282	0.0282	 0.89	 0.05	192.24	 3.03	 2.37	 1.00	10.80	 1.19	324.26	274.74	281.25	 0.00	279.32	0	54.00
2010	10	1	1.119	5752.0469	273.0466	0.0466	 1.08	 0.06	195.69	 2.60	 2.39	 1.00	10.77	 1.30	324.32	274.74	283.60	258.23	280.58	0	51.65
2010	10	1	1.561	5752.0649	273.0651	0.0651	 0.91	 0.07	183.04	 4.00	10.86	 0.99	10.78	 1.10	324.32	274.75	277.78	258.19	279.27	0	51.64
2010	10	1	2.031	5752.0845	273.0846	0.0846	 0.84	 0.06	190.23	 4.60	 7.02	 1.00	10.75	 1.14	324.36	274.74	279.14	258.32	279.28	0	51.66
2010	10	1	3.371	5752.1406	273.1405	0.1405	 0.91	 0.05	188.05	 2.85	 5.14	 0.99	10.88	 1.21	324.33	274.73	281.03	258.13	 0.00	0	51.63
2010	10	1	4.284	5752.1787	273.1785	0.1785	 0.76	 0.05	185.32	 4.22	 5.55	 1.00	10.77	 1.16	320.33	274.60	280.59	 0.00	280.25	0	54.00
# Unit 3, Cerro Chajnantor CCAT, Filter  0,  Slot 1, 350 um (616) & yellow
#				days
#				since		day of	day of
# yr	mo	dy	 time	1/1/1995	year	month	Tau	unc	Tatm	unc	mse	fitgood	Etime	R	Thot	Twarm	Tchop	Tamb	<Tint>	Filter	Toff
# 1	2	3	4	5		6	7	8	9	10	11	12	13	14	15	16	17	18	19	20	21	22
2010	10	1	11.893	5752.4956	273.4955	0.4955	 0.74	 0.07	183.53	 5.90	 7.81	 1.00	10.78	 1.20	321.02	273.49	277.62	260.66	 0.00	0	52.13
2010	10	1	12.770	5752.5322	273.5321	0.5321	 0.75	 0.04	189.49	 3.32	 2.74	 1.00	10.72	 1.26	320.99	276.74	281.03	263.03	 0.00	0	52.61
2010	10	1	13.669	5752.5693	273.5695	0.5696	 0.87	 0.05	188.27	 3.15	 4.28	 1.00	10.73	 1.27	320.85	280.43	287.12	265.93	284.39	0	53.19
2010	10	1	14.106	5752.5879	273.5877	0.5877	 0.88	 0.22	193.29	14.98	92.92	 1.00	10.72	 1.23	320.42	282.16	289.53	265.39	286.11	0	53.08
2010	10	1	23.900	5752.9956	273.9958	0.9958	 1.34	 0.09	191.04	 2.75	 8.46	 0.99	10.72	 1.14	323.78	279.99	286.04	258.02	287.29	0	51.60
2010	10	2	0.819	5753.0342	274.0341	1.0341	 1.27	 0.07	193.38	 2.41	 8.36	 0.99	10.90	 1.24	323.68	278.13	283.29	257.29	285.25	0	51.46
2010	10	2	2.639	5753.1099	274.1100	1.1100	 1.12	 0.08	194.25	 3.33	 5.55	 1.00	10.78	 1.26	323.85	275.91	282.61	257.86	280.53	0	51.57
2010	10	2	3.533	5753.1475	274.1472	1.1472	 1.00	 0.05	188.15	 2.39	 2.52	 1.00	10.87	 1.18	323.44	275.37	281.07	257.67	279.73	0	51.53
2010	10	2	10.242	5753.4268	274.4268	1.4268	 0.83	 0.09	191.89	 6.85	 8.26	 1.00	10.85	 0.89	320.47	271.51	276.83	257.19	 0.00	0	51.44
2010	10	2	10.690	5753.4453	274.4454	1.4454	 0.79	 0.08	187.72	 6.48	10.98	 1.00	10.72	 0.94	320.55	271.89	275.06	257.99	276.29	0	51.60
2010	10	2	11.135	5753.4639	274.4640	1.4640	 0.53	 0.07	193.58	12.00	22.28	 0.99	10.78	 0.81	320.58	272.64	273.17	258.65	276.76	0	51.73
2010	10	2	12.084	5753.5034	274.5035	1.5035	 0.98	 0.06	194.33	 3.28	 1.73	 1.00	10.75	 1.27	320.70	274.84	280.90	260.40	278.79	0	52.08
2010	10	2	12.521	5753.5215	274.5217	1.5217	 0.93	 0.06	194.80	 3.52	11.65	 0.98	10.72	 1.27	320.18	276.28	280.37	260.96	282.35	0	52.19
2010	10	2	13.398	5753.5581	274.5583	1.5583	 1.22	 0.09	189.09	 3.04	 2.78	 1.00	10.75	 1.25	320.04	279.33	284.32	262.44	285.14	0	52.49
2010	10	2	13.861	5753.5776	274.5775	1.5776	 1.10	 0.07	190.03	 2.87	15.78	 0.96	10.77	 1.10	319.68	281.06	283.26	264.69	287.33	0	52.94
2010	10	2	14.299	5753.5957	274.5958	1.5958	 1.39	 0.24	205.04	 6.97	360.99	 0.76	10.73	 1.13	320.09	282.82	289.47	265.75	289.19	0	53.15
2010	10	2	16.080	5753.6699	274.6700	1.6700	 2.43	 0.34	192.08	 2.46	 9.22	 1.00	10.82	 1.12	319.51	288.38	293.81	269.56	294.39	0	53.91
2010	10	2	20.955	5753.8730	274.8731	1.8731	 2.84	 0.59	196.50	 2.78	12.01	 1.00	10.77	 1.10	320.50	280.44	288.02	264.36	 0.00	0	52.87
2010	10	2	21.844	5753.9102	274.9102	1.9102	 2.49	 0.16	201.65	 1.16	 1.84	 1.00	10.83	 1.21	322.47	280.74	286.99	262.60	288.47	0	52.52
2010	10	2	22.287	5753.9287	274.9286	1.9286	61.72	 1.00	201.99	 0.00	40.21	 0.00	10.75	 1.21	322.44	280.57	286.68	261.24	286.97	0	52.25
2010	10	3	1.451	5754.0605	275.0605	2.0605	 0.89	 0.05	192.68	 3.39	 5.16	 1.00	10.83	 1.22	321.43	276.63	282.16	257.73	 0.00	0	51.55
2010	10	3	1.897	5754.0791	275.0790	2.0790	 1.20	 0.14	176.40	 4.64	22.60	 0.99	10.93	 1.13	321.21	276.14	280.43	257.60	 0.00	0	51.52
2010	10	3	2.341	5754.0977	275.0975	2.0975	 0.90	 0.06	185.98	 3.76	 6.71	 1.00	10.73	 1.23	321.04	275.73	283.45	257.55	283.15	0	51.51
2010	10	3	2.789	5754.1162	275.1162	2.1162	 0.97	 0.07	184.26	 3.74	 8.72	 1.00	10.98	 1.27	320.97	275.37	281.17	 0.00	281.52	0	54.00
2010	10	3	3.702	5754.1543	275.1542	2.1542	 0.94	 0.05	188.72	 3.13	 4.65	 1.00	10.77	 1.15	320.81	274.74	280.26	256.33	280.82	0	51.27
2010	10	3	4.145	5754.1729	275.1727	2.1727	 0.93	 0.06	187.57	 3.71	12.15	 0.99	10.73	 1.10	320.71	274.42	280.40	256.12	280.45	0	51.22
2010	10	3	4.584	5754.1909	275.1910	2.1910	 1.12	 0.05	194.89	 2.30	 5.07	 0.99	10.83	 1.19	320.65	274.08	281.26	 0.00	279.13	0	54.00
2010	10	3	5.028	5754.2095	275.2095	2.2095	 1.44	 0.09	193.27	 2.26	 2.95	 1.00	10.82	 1.10	320.61	274.13	280.34	256.66	281.33	0	51.33
2010	10	3	5.493	5754.2290	275.2289	2.2289	 1.27	 0.06	200.12	 2.09	 6.87	 0.99	10.88	 1.15	320.59	274.35	280.29	256.77	281.77	0	51.35
2010	10	3	5.938	5754.2476	275.2474	2.2474	 1.25	 0.07	194.99	 2.44	 3.41	 1.00	10.97	 1.18	320.67	274.49	279.30	256.50	 0.00	0	51.30
2010	10	3	6.384	5754.2661	275.2660	2.2660	 1.08	 0.07	187.42	 3.27	12.70	 0.99	10.73	 1.17	320.58	274.39	280.53	 0.00	281.69	0	54.00
2010	10	3	6.831	5754.2847	275.2846	2.2846	 0.77	 0.07	195.58	 6.52	55.80	 0.91	10.90	 1.06	320.61	274.04	281.07	255.03	281.25	0	51.01
2010	10	3	7.278	5754.3032	275.3033	2.3032	 1.09	 0.08	189.55	 3.56	 5.05	 1.00	10.93	 1.18	320.51	273.60	280.67	 0.00	279.61	0	54.00
2010	10	3	7.747	5754.3228	275.3228	2.3228	 0.94	 0.07	194.22	 3.89	 8.45	 1.00	10.85	 1.10	320.43	273.29	281.11	254.21	279.25	0	50.84
2010	10	3	9.529	5754.3970	275.3970	2.3970	 0.72	 0.07	191.45	 6.85	 6.16	 1.00	10.77	 0.88	320.46	272.10	276.81	253.86	277.91	0	50.77
2010	10	3	9.999	5754.4165	275.4166	2.4166	 0.76	 0.06	190.89	 5.16	12.89	 0.99	10.80	 0.94	320.42	271.89	278.49	253.72	 0.00	0	50.74
2010	10	3	10.441	5754.4351	275.4350	2.4350	 0.80	 0.07	185.59	 5.77	11.45	 1.00	10.90	 0.93	320.39	271.75	275.55	253.50	278.51	0	50.70
2010	10	3	10.883	5754.4536	275.4535	2.4534	 0.92	 0.07	172.05	 3.83	 3.88	 1.00	10.82	 0.98	320.54	272.00	277.33	 0.00	276.11	0	54.00
2010	10	3	11.326	5754.4722	275.4719	2.4719	 0.79	 0.05	180.46	 3.67	 8.58	 0.98	10.72	 1.07	320.67	272.45	277.68	 0.00	 0.00	0	54.00
2010	10	3	12.710	5754.5298	275.5296	2.5296	 0.76	 0.06	187.84	 5.37	17.52	 0.98	10.77	 1.27	320.50	275.82	279.95	259.74	281.89	0	51.95
2010	10	3	13.586	5754.5659	275.5661	2.5661	 0.62	 0.06	188.65	 7.38	13.63	 0.99	10.78	 1.13	320.74	278.81	285.75	260.70	285.03	0	52.14
2010	10	3	14.026	5754.5845	275.5844	2.5844	 0.77	 0.08	192.26	 6.86	30.09	 0.98	10.73	 1.27	321.13	280.40	285.39	261.45	286.63	0	52.29
2010	10	3	17.139	5754.7144	275.7141	2.7141	 2.23	 0.21	194.11	 1.95	21.10	 0.94	10.73	 1.12	321.49	284.15	290.15	265.63	289.18	0	53.13
2010	10	3	19.819	5754.8257	275.8258	2.8258	 2.18	 0.19	198.81	 1.88	 6.66	 0.99	10.72	 1.26	321.33	282.73	289.78	 0.00	291.45	0	54.00
2010	10	3	20.258	5754.8442	275.8441	2.8441	 2.48	 0.31	194.68	 2.12	 8.51	 1.00	10.80	 1.17	321.24	282.85	289.84	265.00	287.67	0	53.00
2010	10	3	22.498	5754.9375	275.9374	2.9374	 2.90	 0.36	193.12	 1.57	 9.00	 0.98	10.73	 1.11	321.01	280.65	285.32	 0.00	285.54	0	54.00
2010	10	3	22.943	5754.9561	275.9560	2.9560	 2.80	 0.31	195.82	 1.53	 7.31	 0.99	10.73	 1.20	320.93	280.17	287.14	258.80	284.95	0	51.76
2010	10	3	23.414	5754.9756	275.9756	2.9756	 2.39	 0.23	194.19	 1.79	14.13	 0.97	10.90	 1.13	320.90	279.67	285.41	258.41	 0.00	0	51.68
2010	10	4	1.668	5755.0693	276.0695	3.0695	 0.40	 0.06	222.40	18.41	68.37	 0.90	10.88	 1.09	320.72	277.21	281.34	255.89	284.66	0	51.18
2010	10	4	2.112	5755.0879	276.0880	3.0880	 0.54	 0.06	162.01	 8.60	 4.06	 1.00	10.75	 1.20	320.69	276.31	286.43	254.78	283.66	0	50.96
2010	10	4	4.814	5755.2007	276.2006	3.2006	 0.36	 0.06	173.07	17.85	26.76	 0.96	10.85	 1.03	320.50	272.55	276.91	255.49	278.44	0	51.10
2010	10	4	5.702	5755.2378	276.2376	3.2376	 0.44	 0.05	178.08	 9.91	12.00	 0.98	10.82	 1.02	320.44	272.05	279.44	255.19	 0.00	0	51.04
2010	10	4	6.169	5755.2568	276.2570	3.2570	 0.28	 0.07	185.64	30.34	28.38	 0.97	10.77	 0.85	320.31	271.86	274.17	 0.00	277.81	0	54.00
2010	10	4	6.611	5755.2754	276.2755	3.2755	 0.37	 0.10	186.60	27.74	 4.99	 1.00	10.82	 0.92	320.20	271.73	278.23	 0.00	 0.00	0	54.00
2010	10	4	7.493	5755.3120	276.3122	3.3122	 0.67	 0.06	173.37	 5.55	 3.11	 1.00	10.73	 1.02	320.14	271.55	278.83	255.39	276.23	0	51.08
2010	10	4	7.937	5755.3306	276.3307	3.3307	 0.57	 0.06	181.56	 8.31	10.07	 1.00	10.72	 0.98	320.07	271.68	278.94	 0.00	 0.00	0	54.00
2010	10	4	9.292	5755.3872	276.3872	3.3872	 0.61	 0.05	191.17	 6.35	15.38	 0.97	10.72	 0.96	320.08	272.07	278.48	256.96	277.98	0	51.39
2010	10	4	9.734	5755.4058	276.4056	3.4056	 0.70	 0.04	187.67	 3.68	 2.96	 1.00	10.85	 1.02	320.10	272.29	279.45	 0.00	 0.00	0	54.00
2010	10	4	10.179	5755.4243	276.4241	3.4241	 0.71	 0.06	186.17	 5.46	12.16	 0.99	10.75	 1.01	320.11	272.51	276.71	258.07	277.00	0	51.61
2010	10	4	12.910	5755.5381	276.5379	3.5379	 0.83	 0.04	189.31	 3.17	 9.08	 0.98	10.73	 1.19	320.99	279.03	283.22	 0.00	285.06	0	54.00
2010	10	4	13.786	5755.5742	276.5744	3.5744	 0.95	 0.04	193.81	 2.33	 1.39	 1.00	10.75	 1.29	321.49	282.44	287.55	265.37	288.94	0	53.07
2010	10	4	14.663	5755.6108	276.6110	3.6109	 0.92	 0.28	206.58	18.58	175.72	 1.00	10.73	 1.16	322.01	285.95	293.70	 0.00	292.63	0	54.00
2010	10	4	15.125	5755.6304	276.6302	3.6302	 0.44	 0.11	299.24	37.69	1306.12	 0.36	10.77	 1.18	321.69	287.76	294.89	268.28	294.34	0	53.66
2010	10	4	15.564	5755.6484	276.6485	3.6485	 1.00	 0.09	200.77	 5.05	27.20	 0.99	10.75	 1.23	321.06	289.31	296.22	271.94	295.48	0	54.39
2010	10	4	16.443	5755.6851	276.6851	3.6851	 1.12	 0.05	200.08	 2.18	 1.71	 1.00	10.73	 1.30	322.51	291.31	300.40	276.10	297.01	0	55.22
2010	10	5	0.008	5756.0005	277.0003	4.0003	 1.18	 0.08	193.98	 3.15	 4.98	 1.00	10.87	 1.21	320.11	280.86	290.33	261.76	287.60	0	52.35
2010	10	5	1.336	5756.0557	277.0557	4.0557	 1.05	 0.08	194.89	 3.85	14.07	 0.99	10.75	 1.30	319.88	279.36	286.84	262.86	 0.00	0	52.57
2010	10	5	1.781	5756.0742	277.0742	4.0742	 0.76	 0.05	197.51	 4.91	 4.00	 1.00	10.83	 1.10	319.91	279.06	284.99	 0.00	284.23	0	54.00
2010	10	5	2.250	5756.0937	277.0937	4.0938	 0.87	 0.07	194.53	 4.70	 3.45	 1.00	10.77	 1.13	319.98	278.77	284.79	262.65	 0.00	0	52.53
2010	10	5	2.699	5756.1123	277.1125	4.1124	 0.87	 0.06	191.81	 4.12	 9.59	 0.99	11.12	 1.13	320.00	278.59	285.22	262.60	286.62	0	52.52
2010	10	5	3.144	5756.1309	277.1310	4.1310	 0.70	 0.06	190.85	 6.41	 7.98	 1.00	10.87	 1.01	319.91	278.42	279.69	262.60	 0.00	0	52.52
2010	10	5	3.592	5756.1499	277.1497	4.1497	 0.74	 0.06	196.11	 5.89	 3.06	 1.00	10.83	 1.07	319.83	278.23	244.53	262.44	283.46	0	52.49
2010	10	5	4.034	5756.1680	277.1681	4.1681	 0.90	 0.06	193.75	 3.95	 7.08	 1.00	10.80	 1.22	319.75	278.08	284.56	262.48	284.73	0	52.50
2010	10	5	4.505	5756.1875	277.1877	4.1877	 1.01	 0.07	194.84	 3.41	 7.09	 1.00	10.75	 1.28	316.37	277.92	285.61	 0.00	283.23	0	54.00
2010	10	5	17.421	5756.7261	277.7259	4.7259	 0.71	 0.04	195.83	 3.92	13.10	 0.95	10.77	 1.07	323.40	291.88	298.51	281.68	 0.00	0	56.34
2010	10	5	18.324	5756.7637	277.7635	4.7635	 1.00	 0.07	195.30	 3.53	 3.23	 1.00	10.73	 1.25	317.15	293.58	304.42	279.46	298.21	0	55.89
2010	10	5	18.762	5756.7817	277.7817	4.7817	 0.93	 0.07	193.93	 4.01	 1.31	 1.00	10.73	 1.12	316.06	293.54	302.62	280.62	300.03	0	56.12
2010	10	5	20.099	5756.8374	277.8374	4.8374	 0.91	 0.06	190.40	 3.61	 8.82	 0.99	10.75	 1.04	316.79	292.09	303.20	277.72	299.96	0	55.54
2010	10	5	20.536	5756.8555	277.8557	4.8557	 1.24	 0.05	200.31	 1.70	 5.78	 0.97	10.78	 1.26	317.83	291.31	304.14	277.66	299.45	0	55.53
2010	10	6	1.442	5757.0601	278.0601	5.0601	 0.65	 0.08	251.46	12.28	543.37	 0.26	10.82	 1.13	319.91	280.20	279.35	263.36	 0.00	0	52.67
2010	10	6	2.329	5757.0972	278.0970	5.0971	 0.77	 0.05	195.58	 4.34	 3.58	 1.00	10.88	 1.06	319.88	279.42	285.78	262.67	287.54	0	52.53
2010	10	6	3.244	5757.1353	278.1352	5.1352	 0.90	 0.06	190.74	 3.58	 4.88	 1.00	10.80	 1.14	319.91	278.72	284.23	261.96	 0.00	0	52.39
2010	10	6	4.126	5757.1719	278.1719	5.1719	 0.86	 0.08	190.62	 5.52	 0.78	 1.00	10.73	 1.19	319.82	278.15	284.93	261.51	283.40	0	52.30
2010	10	6	4.568	5757.1904	278.1903	5.1903	 0.89	 0.05	189.91	 3.02	 1.20	 1.00	10.82	 1.22	319.91	277.90	285.79	 0.00	 0.00	0	54.00
2010	10	6	5.480	5757.2285	278.2283	5.2283	 0.92	 0.05	189.45	 2.84	 2.69	 1.00	10.77	 1.26	320.05	277.44	283.95	260.50	 0.00	0	52.10
2010	10	6	5.922	5757.2466	278.2468	5.2468	 0.78	 0.05	186.82	 3.76	 8.00	 0.99	10.93	 1.13	320.08	277.21	281.38	260.60	285.10	0	52.12
2010	10	6	6.364	5757.2651	278.2652	5.2652	 0.85	 0.05	190.27	 3.50	 4.50	 1.00	10.83	 1.22	320.12	276.98	284.73	260.47	282.09	0	52.09
2010	10	6	6.807	5757.2837	278.2837	5.2836	 0.85	 0.05	191.70	 3.42	 4.42	 1.00	10.78	 1.23	320.16	276.76	284.91	260.29	 0.00	0	52.06
2010	10	6	8.167	5757.3403	278.3403	5.3403	 0.76	 0.06	189.33	 4.86	 4.11	 1.00	10.95	 1.22	320.10	276.15	282.09	259.91	282.58	0	51.98
2010	10	6	9.524	5757.3970	278.3968	5.3968	 0.78	 0.07	185.97	 5.33	 3.79	 1.00	10.87	 1.16	320.03	275.61	277.98	259.38	 0.00	0	51.88
2010	10	6	9.969	5757.4155	278.4153	5.4154	 0.77	 0.05	194.49	 4.46	 8.00	 0.99	10.83	 1.18	319.86	275.43	281.77	259.20	283.03	0	51.84
2010	10	6	11.298	5757.4707	278.4708	5.4708	 0.76	 0.06	188.52	 5.16	 3.65	 1.00	10.75	 1.14	319.98	276.15	279.74	261.46	282.22	0	52.29
2010	10	6	12.640	5757.5269	278.5267	5.5267	 0.84	 0.06	188.45	 4.19	 2.54	 1.00	10.75	 1.21	320.29	279.35	283.27	264.95	285.80	0	52.99
2010	10	6	13.516	5757.5630	278.5631	5.5631	 0.73	 0.08	196.72	 7.29	25.05	 0.99	10.75	 1.09	320.11	282.07	289.62	265.80	288.54	0	53.16
2010	10	6	17.976	5757.7490	278.7490	5.7490	 1.43	 0.10	195.62	 2.68	 2.66	 1.00	10.75	 1.13	319.01	292.09	299.91	274.97	296.26	0	54.99
2010	10	7	2.886	5758.1201	279.1203	6.1203	 0.30	 0.05	186.71	19.24	13.90	 0.97	10.78	 0.87	325.91	271.02	272.45	256.56	278.11	0	51.31
2010	10	7	3.362	5758.1401	279.1401	6.1401	 0.36	 0.07	167.49	17.53	 7.12	 1.00	10.87	 0.89	325.97	271.47	273.37	256.30	275.80	0	51.26
2010	10	7	4.254	5758.1772	279.1772	6.1772	 0.35	 0.05	159.25	12.35	 5.82	 0.99	10.85	 0.99	325.94	272.20	278.48	 0.00	276.47	0	54.00
2010	10	7	5.141	5758.2144	279.2142	6.2142	 0.43	 0.05	157.19	 9.75	 1.28	 1.00	10.82	 1.08	325.97	272.70	277.98	 0.00	278.34	0	54.00
2010	10	7	5.608	5758.2339	279.2337	6.2337	 0.24	 0.05	202.82	26.97	18.69	 0.93	10.75	 1.02	326.08	272.95	277.61	257.61	 0.00	0	51.52
2010	10	7	7.385	5758.3076	279.3077	6.3077	 0.54	 0.06	134.09	 6.38	 8.14	 0.99	10.85	 1.17	325.96	273.53	279.13	257.39	280.42	0	51.48
2010	10	7	7.852	5758.3271	279.3272	6.3272	 0.54	 0.06	134.61	 6.31	14.51	 0.95	10.80	 1.13	326.03	273.60	279.75	257.65	279.24	0	51.53
2010	10	7	8.746	5758.3643	279.3644	6.3644	 0.45	 0.06	146.61	10.10	 6.32	 1.00	11.03	 1.16	326.03	273.77	280.35	257.44	278.03	0	51.49
2010	10	7	10.556	5758.4399	279.4398	6.4398	 0.33	 0.06	147.88	15.90	11.18	 0.98	10.78	 1.05	326.00	274.09	277.12	257.89	280.68	0	51.58
2010	10	7	13.226	5758.5513	279.5511	6.5511	 0.46	 0.04	137.78	 5.36	15.05	 0.73	10.73	 1.29	326.20	282.64	287.34	268.15	291.58	0	53.63
2010	10	7	13.664	5758.5693	279.5694	6.5694	 0.26	 0.06	167.27	24.05	18.00	 0.94	10.73	 1.20	326.19	284.59	289.06	268.72	291.20	0	53.74
2010	10	7	15.914	5758.6631	279.6631	6.6631	 0.37	 0.06	148.28	13.06	 6.35	 1.00	10.73	 1.21	322.86	292.60	302.04	276.48	301.16	0	55.30
2010	10	7	16.352	5758.6812	279.6813	6.6813	 0.51	 0.06	140.73	 7.09	19.44	 0.92	10.78	 1.26	322.47	293.48	303.16	279.01	299.87	0	55.80
2010	10	7	16.815	5758.7007	279.7006	6.7006	 0.30	 0.06	161.19	20.66	19.68	 0.96	10.77	 1.09	317.46	294.05	306.78	279.34	299.63	0	55.87
2010	10	7	17.693	5758.7373	279.7372	6.7372	 0.54	 0.05	144.22	 5.49	 7.51	 0.98	10.73	 1.26	315.75	294.42	306.12	279.44	301.10	0	55.89
2010	10	7	23.011	5758.9590	279.9588	6.9588	 0.60	 0.05	183.40	 6.11	 7.82	 0.99	10.75	 1.25	318.52	282.69	292.05	262.51	291.15	0	52.50
2010	10	7	23.475	5758.9780	279.9781	6.9781	 0.69	 0.04	185.12	 3.98	 7.47	 0.98	10.92	 1.26	318.87	281.60	290.66	261.97	289.28	0	52.39
2010	10	7	23.918	5758.9966	279.9966	6.9966	 0.67	 0.04	176.83	 4.51	 3.71	 1.00	10.75	 1.22	319.00	280.75	288.66	260.95	288.96	0	52.19
2010	10	8	0.360	5759.0151	280.0150	7.0150	 0.49	 0.04	188.17	 7.38	12.35	 0.96	10.77	 1.20	319.12	279.95	286.67	260.76	288.11	0	52.15
2010	10	8	2.144	5759.0894	280.0894	7.0893	 0.42	 0.04	169.84	 8.06	 9.65	 0.96	10.85	 1.21	319.87	277.87	283.81	261.47	 0.00	0	52.29
2010	10	8	2.587	5759.1079	280.1078	7.1078	 0.39	 0.06	165.47	13.24	22.61	 0.95	10.93	 1.19	319.88	277.54	283.01	261.14	 0.00	0	52.23
2010	10	8	3.029	5759.1260	280.1262	7.1262	 0.44	 0.05	161.85	 9.42	 3.76	 1.00	10.73	 1.24	320.05	277.27	283.32	261.26	283.90	0	52.25
2010	10	8	3.939	5759.1641	280.1641	7.1641	 0.41	 0.07	168.57	15.61	 8.70	 1.00	10.77	 1.19	316.65	276.70	282.14	261.03	283.04	0	52.21
2010	10	8	14.167	5759.5903	280.5903	7.5903	 0.56	 0.04	168.22	 4.91	 6.04	 0.98	10.78	 1.28	322.06	279.23	284.00	267.11	 0.00	0	53.42
2010	10	8	14.607	5759.6084	280.6086	7.6086	 0.38	 0.05	183.13	13.51	27.97	 0.91	10.73	 1.17	321.27	282.11	286.54	268.51	286.11	0	53.70
2010	10	8	15.102	5759.6294	280.6293	7.6293	 0.51	 0.05	173.71	 7.64	25.18	 0.90	10.75	 1.19	320.71	284.77	290.69	270.73	291.22	0	54.15
2010	10	8	15.539	5759.6475	280.6475	7.6475	 0.56	 0.04	174.08	 4.98	 8.86	 0.96	10.72	 1.29	319.85	286.83	295.76	273.21	293.33	0	54.64
2010	10	8	15.977	5759.6655	280.6657	7.6657	 0.57	 0.07	174.76	 9.66	17.00	 0.99	10.77	 1.29	322.21	288.57	296.53	275.74	292.50	0	55.15
2010	10	8	17.318	5759.7217	280.7216	7.7216	 0.56	 0.05	173.89	 6.68	19.17	 0.95	10.83	 1.17	324.45	292.38	301.99	277.95	298.45	0	55.59
2010	10	8	18.194	5759.7583	280.7581	7.7581	 0.52	 0.08	180.82	12.46	11.38	 1.00	10.73	 1.17	323.01	293.41	302.60	277.77	301.47	0	55.55
2010	10	8	18.633	5759.7764	280.7764	7.7764	 0.21	 0.08	267.90	72.59	65.04	 0.95	10.73	 0.97	322.60	293.47	300.90	277.79	300.17	0	55.56
2010	10	8	19.535	5759.8140	280.8139	7.8139	 0.43	 0.04	197.13	 9.54	70.82	 0.41	10.77	 1.06	322.56	292.97	303.04	277.70	300.33	0	55.54
2010	10	8	23.082	5759.9619	280.9618	7.9618	 0.67	 0.06	179.93	 5.88	 1.27	 1.00	10.80	 1.27	322.97	283.52	294.30	261.37	290.32	0	52.27
2010	10	9	1.321	5760.0552	281.0550	8.0550	 0.58	 0.04	173.31	 5.45	 1.03	 1.00	10.75	 1.23	323.95	278.84	283.70	259.16	286.10	0	51.83
2010	10	9	3.111	5760.1294	281.1296	8.1296	 0.58	 0.04	172.47	 5.01	 6.23	 0.99	10.75	 1.24	323.78	277.16	283.54	259.93	281.89	0	51.99
2010	10	9	3.554	5760.1479	281.1481	8.1481	 0.55	 0.04	173.26	 5.75	 4.72	 0.99	10.83	 1.25	323.84	276.93	282.49	259.70	284.28	0	51.94
2010	10	9	5.350	5760.2231	281.2229	8.2229	 0.50	 0.04	170.49	 6.64	 2.37	 1.00	10.88	 1.20	323.95	276.30	280.96	259.86	 0.00	0	51.97
2010	10	9	7.582	5760.3159	281.3159	8.3159	 0.67	 0.06	161.82	 5.35	 3.17	 1.00	10.75	 1.27	324.10	276.09	282.51	260.03	282.06	0	52.01
2010	10	9	8.024	5760.3345	281.3343	8.3343	 0.47	 0.05	168.00	 8.24	10.08	 0.98	10.77	 1.14	324.09	276.05	280.26	260.03	 0.00	0	52.01
2010	10	9	8.466	5760.3525	281.3528	8.3527	 0.61	 0.05	167.31	 5.90	 3.46	 1.00	10.75	 1.27	324.33	276.03	281.55	260.49	 0.00	0	52.10
2010	10	9	8.931	5760.3721	281.3721	8.3721	 0.53	 0.06	163.64	 8.31	 5.23	 1.00	11.00	 1.15	324.31	276.04	281.32	260.75	281.93	0	52.15
2010	10	9	9.373	5760.3906	281.3905	8.3905	 0.63	 0.06	161.22	 5.78	10.65	 0.99	10.77	 1.22	324.17	276.06	280.91	260.68	281.95	0	52.14
2010	10	9	10.257	5760.4272	281.4274	8.4274	 0.52	 0.05	165.38	 8.05	 5.94	 1.00	10.82	 1.16	324.14	276.19	282.18	261.33	283.11	0	52.27
2010	10	9	10.703	5760.4458	281.4460	8.4460	 0.57	 0.04	162.20	 5.63	12.63	 0.96	10.77	 1.21	324.18	276.50	281.40	262.23	 0.00	0	52.45
2010	10	9	11.171	5760.4653	281.4655	8.4655	 0.50	 0.06	159.37	 8.84	17.15	 0.97	10.83	 1.09	324.26	277.14	279.95	262.90	282.77	0	52.58
2010	10	9	12.494	5760.5205	281.5206	8.5206	 0.48	 0.05	176.34	 8.22	 6.38	 0.99	10.75	 1.27	324.36	280.25	286.01	265.37	286.33	0	53.07
2010	10	9	13.395	5760.5581	281.5581	8.5581	 0.57	 0.05	159.57	 6.37	 9.51	 0.99	10.75	 1.22	324.46	283.03	288.12	265.53	288.71	0	53.11
2010	10	9	16.085	5760.6704	281.6702	8.6702	 0.56	 0.04	170.93	 5.94	 8.74	 0.98	10.72	 1.25	324.03	291.13	298.12	273.18	 0.00	0	54.64
2010	10	9	16.523	5760.6885	281.6885	8.6885	 0.67	 0.07	165.77	 6.61	19.43	 0.98	10.80	 1.26	324.25	292.16	298.26	273.87	295.70	0	54.77
2010	10	9	17.862	5760.7441	281.7443	8.7442	 0.08	 0.17	409.43	786.07	357.72	 0.84	10.75	 0.81	321.78	293.54	305.00	275.17	299.94	0	55.03
2010	10	9	18.741	5760.7808	281.7809	8.7809	 0.68	 0.07	182.37	 7.43	20.17	 0.99	10.72	 1.27	321.68	293.41	303.09	275.15	302.48	0	55.03
2010	10	9	19.181	5760.7993	281.7992	8.7992	 0.69	 0.10	182.77	10.06	31.18	 0.99	10.73	 1.25	321.56	293.02	304.97	275.22	300.09	0	55.04
2010	10	9	19.619	5760.8174	281.8174	8.8175	 0.73	 0.08	172.76	 6.92	10.74	 1.00	10.80	 1.12	321.57	292.44	303.27	274.66	299.84	0	54.93
2010	10	10	0.974	5761.0405	282.0406	9.0406	 0.71	 0.05	178.70	 4.47	 1.86	 1.00	10.72	 1.29	326.25	280.14	286.75	261.31	286.15	0	52.26
2010	10	10	1.416	5761.0591	282.0590	9.0590	 0.69	 0.04	177.24	 4.29	 2.81	 1.00	10.72	 1.29	326.30	279.69	285.33	261.50	285.67	0	52.30
2010	10	10	2.765	5761.1152	282.1152	9.1152	 0.63	 0.04	179.00	 4.61	 2.76	 1.00	10.82	 1.21	326.45	278.81	284.64	261.74	286.15	0	52.35
2010	10	10	3.652	5761.1523	282.1522	9.1522	 0.59	 0.05	177.74	 6.44	 4.70	 1.00	10.78	 1.19	326.48	278.45	283.26	261.74	284.37	0	52.35
2010	10	10	4.091	5761.1704	282.1705	9.1705	 0.59	 0.05	179.99	 6.76	 1.93	 1.00	10.77	 1.19	326.42	278.30	281.60	261.66	285.52	0	52.33
2010	10	10	4.533	5761.1890	282.1889	9.1889	 0.64	 0.05	181.72	 5.93	 3.12	 1.00	10.72	 1.24	326.50	278.17	283.95	261.54	284.22	0	52.31
2010	10	10	5.001	5761.2085	282.2084	9.2084	 0.51	 0.04	186.51	 7.32	15.25	 0.96	10.82	 1.15	326.48	278.01	283.30	 0.00	283.91	0	54.00
2010	10	10	5.443	5761.2266	282.2268	9.2268	 0.53	 0.04	184.35	 6.11	 7.42	 0.99	10.75	 1.15	326.44	277.88	283.16	 0.00	282.46	0	54.00
2010	10	10	7.674	5761.3198	282.3198	9.3198	 0.64	 0.06	181.91	 6.29	 1.83	 1.00	10.83	 1.25	326.54	277.47	283.33	261.37	 0.00	0	52.27
2010	10	10	8.114	5761.3379	282.3381	9.3381	 0.56	 0.04	177.91	 5.16	 3.40	 1.00	10.75	 1.15	326.53	277.41	278.78	261.37	284.39	0	52.27
2010	10	10	8.998	5761.3750	282.3749	9.3749	 0.67	 0.05	188.57	 5.51	 2.33	 1.00	10.85	 1.26	326.48	277.31	284.88	261.14	284.14	0	52.23
2010	10	10	9.465	5761.3945	282.3944	9.3944	 0.68	 0.05	180.10	 5.37	 3.79	 1.00	10.75	 1.16	326.52	277.24	282.27	261.21	281.59	0	52.24
2010	10	10	10.789	5761.4497	282.4495	9.4495	 0.79	 0.05	177.27	 3.47	 4.17	 1.00	10.77	 1.29	326.50	277.63	284.54	262.59	283.97	0	52.52
2010	10	10	12.576	5761.5239	282.5240	9.5240	 0.71	 0.03	183.28	 3.25	 7.02	 0.97	10.73	 1.30	326.80	281.62	287.10	265.64	288.90	0	53.13
2010	10	10	13.912	5761.5796	282.5797	9.5797	 0.64	 0.06	189.20	 6.74	 7.38	 1.00	10.75	 1.20	327.09	286.20	292.31	266.48	292.34	0	53.30
2010	10	10	16.165	5761.6733	282.6736	9.6736	 0.66	 0.04	186.41	 4.87	13.91	 0.96	10.77	 1.16	326.61	293.21	298.25	275.74	301.95	0	55.15
2010	10	10	17.916	5761.7466	282.7465	9.7465	 0.63	 0.05	193.92	 6.12	14.73	 0.98	10.73	 1.03	316.48	294.73	304.78	279.71	300.81	0	55.94
2010	10	10	18.379	5761.7656	282.7658	9.7658	 0.77	 0.05	190.16	 4.61	 1.84	 1.00	10.77	 1.07	316.09	294.51	306.05	279.19	299.19	0	55.84
2010	10	10	19.254	5761.8022	282.8022	9.8022	 1.06	 0.07	196.68	 3.32	 8.38	 0.99	10.72	 1.21	315.63	293.73	305.69	278.16	300.79	0	55.63
2010	10	10	20.590	5761.8579	282.8579	9.8579	 0.98	 0.11	189.94	 5.69	30.79	 0.99	10.75	 1.00	315.48	290.76	302.97	273.50	300.00	0	54.70
2010	10	10	21.027	5761.8760	282.8761	9.8761	 1.11	 0.11	188.05	 4.75	 8.31	 1.00	10.73	 1.14	315.12	289.42	301.79	268.49	297.30	0	53.70
2010	10	10	23.696	5761.9873	282.9873	9.9873	 0.73	 0.06	185.60	 5.33	 9.23	 0.99	10.80	 1.10	316.68	281.74	288.21	262.21	289.57	0	52.44
2010	10	11	0.576	5762.0239	283.0240	10.0240	 0.91	 0.05	194.37	 2.99	 3.99	 1.00	10.77	 1.27	317.88	280.24	289.03	262.08	288.33	0	52.42
2010	10	11	1.043	5762.0435	283.0435	10.0434	 0.93	 0.04	184.43	 2.41	 2.53	 1.00	10.88	 1.18	317.93	279.58	285.51	262.15	287.76	0	52.43
2010	10	11	2.366	5762.0986	283.0986	10.0986	 0.71	 0.06	185.11	 5.90	 7.83	 1.00	10.82	 1.23	318.30	278.32	285.17	262.51	285.96	0	52.50
2010	10	11	3.273	5762.1362	283.1364	10.1364	 0.72	 0.03	184.54	 2.86	 6.04	 0.96	10.85	 1.24	319.44	277.87	284.71	262.37	284.49	0	52.47
2010	10	11	4.156	5762.1733	283.1732	10.1731	 0.71	 0.05	181.53	 5.12	 6.88	 1.00	10.82	 1.21	320.08	277.54	286.53	262.11	 0.00	0	52.42
2010	10	11	5.506	5762.2295	283.2294	10.2294	 0.72	 0.05	181.74	 4.62	10.82	 0.98	10.85	 1.19	320.18	277.33	282.71	261.74	285.33	0	52.35
2010	10	11	5.950	5762.2480	283.2479	10.2479	 0.71	 0.06	188.34	 5.68	 1.87	 1.00	10.77	 1.26	320.08	277.27	284.61	261.73	 0.00	0	52.35
2010	10	11	6.391	5762.2661	283.2663	10.2663	 0.81	 0.05	183.31	 3.78	 4.79	 1.00	10.85	 1.24	319.71	277.25	283.54	261.81	 0.00	0	52.36
2010	10	11	6.837	5762.2847	283.2849	10.2849	 1.02	 0.04	190.95	 1.96	 1.36	 1.00	10.72	 1.28	319.57	277.24	284.84	261.98	285.10	0	52.40
2010	10	11	7.278	5762.3032	283.3033	10.3033	 0.98	 0.07	190.12	 3.75	 5.73	 1.00	10.73	 1.26	319.58	277.36	283.61	262.22	283.83	0	52.44
2010	10	11	8.632	5762.3599	283.3597	10.3597	 1.02	 0.04	194.97	 2.06	10.58	 0.92	10.83	 1.23	319.33	277.61	284.12	262.29	282.65	0	52.46
2010	10	11	9.993	5762.4165	283.4164	10.4164	 1.02	 0.05	201.24	 2.65	14.94	 0.94	11.07	 1.20	319.67	277.64	284.43	262.53	285.41	0	52.51
2010	10	11	11.761	5762.4902	283.4901	10.4900	 1.48	 0.09	201.96	 2.23	 3.74	 1.00	10.80	 1.26	319.72	279.99	284.98	265.13	284.02	0	53.03
2010	10	11	12.224	5762.5093	283.5093	10.5093	 1.59	 0.16	211.51	 3.48	46.54	 0.95	10.73	 1.17	319.82	281.31	289.12	266.18	287.40	0	53.24
2010	10	11	12.662	5762.5278	283.5276	10.5276	 2.04	 0.16	206.12	 1.92	 1.67	 1.00	10.75	 1.27	319.86	282.69	289.86	266.48	291.63	0	53.30
2010	10	11	14.436	5762.6016	283.6015	10.6015	 1.97	 0.09	209.10	 1.17	 7.88	 0.92	10.77	 1.26	316.56	288.77	295.88	271.04	295.19	0	54.21
2010	10	11	14.873	5762.6196	283.6197	10.6197	 2.07	 0.15	205.12	 1.70	 4.02	 1.00	10.72	 1.16	315.06	290.06	297.62	272.82	296.13	0	54.56
2010	10	11	17.553	5762.7314	283.7314	10.7314	 1.92	 0.14	195.07	 1.91	 2.97	 1.00	10.73	 0.99	319.33	295.67	301.81	281.06	301.70	0	56.21
2010	10	11	22.859	5762.9526	283.9525	10.9525	 2.61	 0.28	204.44	 1.76	 1.63	 1.00	10.73	 1.25	316.00	284.74	297.58	 0.00	292.08	0	54.00
2010	10	11	23.324	5762.9717	283.9718	10.9718	 1.90	 0.33	207.33	 4.79	127.32	 0.92	10.77	 1.17	319.78	283.62	290.04	 0.00	291.04	0	54.00
2010	10	12	3.336	5763.1392	284.1390	11.1390	 3.27	 0.43	202.36	 1.31	 1.97	 1.00	10.78	 1.21	324.39	281.27	285.96	 0.00	 0.00	0	54.00
2010	10	12	4.698	5763.1958	284.1958	11.1958	 3.54	 0.54	206.59	 1.27	 2.02	 1.00	11.02	 1.29	324.35	281.58	286.40	264.63	286.05	0	52.93
2010	10	12	5.590	5763.2329	284.2329	11.2329	 3.50	 0.66	205.84	 1.60	 1.08	 1.00	10.78	 1.27	324.35	281.78	286.13	264.58	286.24	0	52.92
2010	10	12	6.501	5763.2710	284.2709	11.2709	 2.75	 0.28	205.78	 1.52	 6.52	 0.99	10.83	 1.26	324.36	281.99	287.19	264.65	286.52	0	52.93
2010	10	12	7.839	5763.3267	284.3266	11.3266	 3.85	 0.87	200.04	 1.45	 7.66	 0.98	10.75	 1.19	324.42	281.85	284.63	264.58	286.32	0	52.92
2010	10	12	8.306	5763.3462	284.3461	11.3461	 5.39	 5.01	201.39	 1.75	 1.55	 1.00	10.78	 1.18	324.46	281.88	285.67	263.44	289.23	0	52.69
2010	10	12	9.631	5763.4014	284.4013	11.4013	 4.72	 1.98	203.56	 1.37	 2.16	 1.00	10.73	 1.30	324.38	281.82	286.48	 0.00	 0.00	0	54.00
2010	10	12	12.316	5763.5132	284.5132	11.5132	 2.51	 0.40	200.97	 2.74	15.46	 0.99	10.73	 1.19	324.52	283.69	286.84	266.93	289.40	0	53.39
2010	10	12	13.664	5763.5693	284.5694	11.5694	 4.41	 2.43	197.22	 2.24	10.45	 1.00	10.75	 1.10	324.72	286.91	290.29	268.09	293.15	0	53.62
2010	10	12	15.008	5763.6255	284.6253	11.6253	 2.85	 0.67	208.00	 3.32	 3.41	 1.00	10.75	 1.22	324.85	290.75	298.54	270.68	 0.00	0	54.14
2010	10	12	15.445	5763.6436	284.6436	11.6436	 1.97	 0.24	200.46	 3.12	14.12	 1.00	10.77	 1.00	324.92	292.02	298.85	272.76	 0.00	0	54.55
2010	10	12	17.261	5763.7192	284.7192	11.7192	 2.81	 0.47	203.68	 2.37	18.21	 0.99	10.80	 1.12	322.18	295.23	304.21	276.85	299.30	0	55.37
2010	10	12	18.135	5763.7559	284.7556	11.7556	 1.38	 0.41	250.06	14.51	1563.15	 0.75	10.73	 1.13	323.49	294.63	301.20	271.56	303.86	0	54.31
2010	10	12	19.913	5763.8296	284.8297	11.8297	 3.26	 0.86	190.73	 2.50	 2.99	 1.00	10.73	 0.99	323.40	292.17	297.93	271.93	299.79	0	54.39
2010	10	12	20.353	5763.8481	284.8481	11.8481	 2.63	 0.59	204.79	 3.60	 1.30	 1.00	10.73	 1.26	323.28	291.40	301.33	269.04	297.14	0	53.81
2010	10	12	20.794	5763.8662	284.8664	11.8664	 2.79	 0.40	199.86	 2.02	 1.44	 1.00	10.80	 1.13	323.35	290.32	299.98	 0.00	296.16	0	54.00
2010	10	12	21.233	5763.8848	284.8847	11.8847	 2.30	 0.36	201.43	 3.18	16.24	 1.00	10.77	 1.16	323.57	289.16	298.32	265.37	294.87	0	53.07
2010	10	12	22.594	5763.9414	284.9414	11.9414	 2.53	 0.35	201.83	 2.36	 4.49	 1.00	10.83	 1.29	323.33	285.22	291.85	263.08	293.17	0	52.62
2010	10	12	23.478	5763.9780	284.9783	11.9783	 2.00	 0.13	200.35	 1.67	11.41	 0.96	10.88	 1.29	323.77	283.06	290.02	 0.00	288.09	0	54.00
2010	10	13	0.398	5764.0166	285.0166	12.0166	 1.62	 0.16	198.30	 3.25	 2.73	 1.00	10.75	 1.20	323.87	281.11	288.77	261.29	 0.00	0	52.26
2010	10	13	1.281	5764.0532	285.0534	12.0534	 1.46	 0.12	196.14	 2.94	 2.64	 1.00	10.72	 1.19	323.50	279.80	285.71	260.94	287.18	0	52.19
2010	10	13	2.196	5764.0913	285.0915	12.0915	 1.27	 0.12	194.88	 4.14	 8.82	 1.00	10.82	 1.20	319.73	278.52	284.53	260.74	284.78	0	52.15
2010	10	13	2.641	5764.1099	285.1100	12.1100	 1.23	 0.11	186.19	 3.76	17.68	 0.99	10.72	 1.20	320.90	277.99	282.43	260.55	 0.00	0	52.11
2010	10	13	3.971	5764.1655	285.1654	12.1654	 0.84	 0.07	193.72	 4.94	 6.63	 1.00	10.73	 1.26	324.55	277.18	283.96	259.71	284.46	0	51.94
2010	10	13	4.436	5764.1851	285.1848	12.1848	 0.74	 0.07	190.40	 6.61	 6.51	 1.00	10.75	 1.14	324.70	276.92	284.33	259.29	 0.00	0	51.86
2010	10	13	4.880	5764.2031	285.2033	12.2033	 0.83	 0.05	189.50	 3.47	 7.42	 0.99	10.90	 1.26	324.46	276.72	285.04	259.25	281.28	0	51.85
2010	10	13	5.325	5764.2217	285.2219	12.2219	 0.95	 0.06	178.65	 3.45	13.82	 0.98	10.95	 1.24	324.28	276.44	282.22	 0.00	282.35	0	54.00
2010	10	13	6.219	5764.2593	285.2591	12.2591	 0.72	 0.07	182.05	 6.25	 1.79	 1.00	10.73	 1.25	323.49	275.99	283.06	259.35	283.15	0	51.87
2010	10	13	7.129	5764.2969	285.2971	12.2971	 0.75	 0.06	175.56	 4.61	13.40	 0.98	10.73	 1.19	321.04	275.41	282.46	259.02	282.11	0	51.80
2010	10	13	8.935	5764.3721	285.3723	12.3723	 0.56	 0.13	176.97	17.73	26.10	 1.00	10.82	 1.05	318.39	274.39	282.59	259.02	279.36	0	51.80
2010	10	13	9.378	5764.3906	285.3907	12.3908	 0.35	 0.10	187.12	30.11	51.50	 0.98	10.77	 0.96	319.07	274.26	278.51	 0.00	 0.00	0	54.00
2010	10	13	10.713	5764.4463	285.4464	12.4464	 0.71	 0.11	165.70	 9.21	14.42	 1.00	10.85	 1.16	318.69	274.37	281.25	 0.00	279.03	0	54.00
2010	10	13	12.073	5764.5029	285.5030	12.5030	 0.64	 0.05	172.27	 5.21	 4.31	 1.00	10.80	 1.24	319.08	276.56	285.58	262.25	282.80	0	52.45
2010	10	13	13.423	5764.5591	285.5593	12.5593	 0.42	 0.07	180.86	16.70	17.29	 0.99	10.75	 1.04	319.38	280.55	282.53	265.29	289.40	0	53.06
2010	10	13	18.768	5764.7822	285.7820	12.7820	 1.17	 0.06	201.29	 2.45	 3.81	 1.00	10.73	 1.24	322.59	293.55	303.48	278.08	300.47	0	55.62
2010	10	13	19.645	5764.8184	285.8185	12.8185	 1.27	 0.10	190.50	 3.31	10.95	 1.00	10.77	 1.06	322.47	292.84	300.93	275.75	301.99	0	55.15
2010	10	13	20.111	5764.8379	285.8380	12.8380	 1.44	 0.09	197.03	 2.44	 5.69	 1.00	10.90	 1.09	322.52	292.07	303.98	274.23	301.63	0	54.85
2010	10	13	20.550	5764.8564	285.8563	12.8563	 1.74	 0.10	195.83	 1.73	 8.54	 0.98	10.75	 1.25	322.42	291.16	300.64	274.30	298.56	0	54.86
2010	10	13	22.790	5764.9497	285.9496	12.9496	 1.18	 0.07	196.88	 2.73	 3.05	 1.00	10.75	 1.21	323.22	284.44	292.74	261.73	 0.00	0	52.35
2010	10	13	23.676	5764.9863	285.9865	12.9865	 1.15	 0.07	194.31	 2.63	 1.26	 1.00	10.75	 1.27	323.40	282.16	289.65	 0.00	287.91	0	54.00
2010	10	14	1.030	5765.0430	286.0429	13.0429	 0.85	 0.06	191.23	 4.21	 4.42	 1.00	10.78	 1.21	323.31	279.86	285.76	 0.00	 0.00	0	54.00
2010	10	14	2.361	5765.0981	286.0984	13.0984	 0.64	 0.05	199.64	 6.22	 7.22	 1.00	10.75	 1.14	323.61	278.39	287.26	260.97	285.77	0	52.19
2010	10	14	2.827	5765.1177	286.1178	13.1178	 0.74	 0.07	190.45	 6.55	16.87	 0.99	10.83	 1.17	323.85	278.01	283.88	261.07	285.77	0	52.21
2010	10	14	3.277	5765.1367	286.1365	13.1365	 0.78	 0.06	189.88	 4.76	 2.12	 1.00	10.98	 1.21	323.99	277.75	286.73	260.86	285.18	0	52.17
2010	10	14	3.726	5765.1553	286.1552	13.1553	 0.74	 0.06	190.08	 5.90	 3.50	 1.00	10.88	 1.20	324.01	277.49	280.79	260.76	284.96	0	52.15
2010	10	14	4.176	5765.1738	286.1740	13.1740	 0.70	 0.06	184.61	 5.80	 4.62	 1.00	10.95	 1.09	323.96	277.28	280.49	 0.00	284.58	0	54.00
2010	10	14	4.622	5765.1924	286.1926	13.1926	 0.76	 0.07	189.11	 5.65	 8.84	 1.00	10.87	 1.20	323.89	277.07	283.33	 0.00	284.28	0	54.00
2010	10	14	5.088	5765.2119	286.2120	13.2120	 0.78	 0.06	190.98	 5.39	15.27	 0.99	10.73	 1.18	323.94	276.87	282.03	260.09	284.15	0	52.02
2010	10	14	5.536	5765.2305	286.2307	13.2307	 0.85	 0.06	193.87	 3.96	 4.99	 1.00	10.83	 1.29	323.86	276.70	284.21	260.08	284.09	0	52.02
2010	10	14	5.980	5765.2490	286.2492	13.2492	 0.92	 0.07	184.85	 3.91	 2.21	 1.00	10.98	 1.28	323.79	276.56	282.12	259.90	 0.00	0	51.98
2010	10	14	6.424	5765.2676	286.2676	13.2677	 0.84	 0.06	187.37	 4.27	 5.89	 1.00	10.77	 1.29	323.75	276.42	284.32	 0.00	282.37	0	54.00
2010	10	14	7.339	5765.3057	286.3058	13.3058	 0.71	 0.07	190.71	 6.48	 5.22	 1.00	10.82	 1.13	324.10	276.17	283.91	 0.00	283.34	0	54.00
2010	10	14	7.782	5765.3242	286.3242	13.3243	 0.79	 0.07	175.67	 5.12	 8.70	 1.00	10.73	 1.16	323.86	276.07	280.43	 0.00	283.15	0	54.00
2010	10	14	10.027	5765.4180	286.4178	13.4178	 0.69	 0.07	186.36	 6.63	 5.77	 1.00	10.73	 1.13	323.74	275.77	280.84	260.46	 0.00	0	52.09
2010	10	14	10.921	5765.4551	286.4550	13.4550	 0.69	 0.04	180.39	 4.32	 5.53	 0.99	10.85	 1.17	323.73	276.49	278.40	262.01	282.06	0	52.40
2010	10	14	11.366	5765.4736	286.4736	13.4736	 1.03	 0.24	175.12	10.70	411.04	 0.84	10.78	 1.19	323.74	277.17	277.83	262.69	283.90	0	52.54
2010	10	14	11.833	5765.4932	286.4930	13.4930	 0.90	 0.10	178.05	 6.18	250.81	 0.41	10.75	 1.13	323.86	278.21	281.18	 0.00	284.15	0	54.00
2010	10	14	12.272	5765.5112	286.5114	13.5113	 0.91	 0.30	193.86	19.18	1327.83	 0.74	10.73	 1.22	323.86	279.42	282.69	265.55	 0.00	0	53.11
2010	10	14	14.051	5765.5854	286.5854	13.5855	 0.65	 0.05	188.10	 5.70	 8.80	 0.99	10.78	 1.23	324.19	285.49	291.29	265.36	291.87	0	53.07
2010	10	14	14.489	5765.6035	286.6037	13.6037	 0.56	 0.04	201.78	 5.93	 8.91	 0.98	10.73	 1.24	324.31	287.13	294.45	268.63	296.37	0	53.73
2010	10	14	16.266	5765.6777	286.6778	13.6778	 0.72	 0.07	183.09	 6.79	 6.70	 1.00	10.75	 1.19	322.88	292.66	299.23	275.35	301.81	0	55.07
2010	10	14	18.518	5765.7715	286.7716	13.7716	 0.91	 0.12	193.22	 7.51	12.69	 1.00	10.77	 1.16	324.51	294.69	304.98	275.61	303.91	0	55.12
2010	10	14	22.516	5765.9380	286.9381	13.9381	 0.65	 0.10	183.86	11.08	37.25	 0.99	10.80	 0.98	324.74	285.74	288.44	 0.00	 0.00	0	54.00
2010	10	15	0.316	5766.0132	287.0132	14.0131	 0.76	 0.07	186.47	 6.16	 6.59	 1.00	10.78	 1.17	324.92	281.17	284.74	 0.00	 0.00	0	54.00
2010	10	15	0.759	5766.0317	287.0316	14.0316	 0.88	 0.05	192.79	 3.18	 1.12	 1.00	10.98	 1.22	324.62	280.44	287.50	 0.00	285.23	0	54.00
2010	10	15	1.229	5766.0513	287.0512	14.0512	 0.85	 0.07	189.98	 4.91	 6.76	 1.00	10.87	 1.20	324.38	279.77	285.17	261.26	287.23	0	52.25
2010	10	15	1.672	5766.0698	287.0697	14.0697	 0.81	 0.06	182.18	 4.35	 4.80	 1.00	10.80	 1.22	324.20	279.29	283.49	 0.00	284.08	0	54.00
2010	10	15	2.120	5766.0884	287.0883	14.0883	 0.86	 0.05	186.19	 3.49	 2.57	 1.00	10.72	 1.25	323.89	278.91	285.98	261.41	283.69	0	52.28
2010	10	15	3.477	5766.1450	287.1449	14.1449	 0.65	 0.05	192.79	 5.46	 1.22	 1.00	10.88	 1.15	319.84	277.89	282.61	261.12	285.60	0	52.22
2010	10	15	3.916	5766.1631	287.1632	14.1632	 0.74	 0.05	189.75	 4.19	 5.15	 1.00	10.78	 1.24	319.00	277.54	286.40	261.13	 0.00	0	52.23
2010	10	15	4.801	5766.2002	287.2000	14.2000	 0.70	 0.03	187.65	 3.10	 8.20	 0.94	10.77	 1.21	319.92	277.11	281.58	261.27	283.51	0	52.25
2010	10	15	5.717	5766.2383	287.2382	14.2382	 0.82	 0.04	186.20	 2.80	 7.92	 0.96	10.77	 1.27	319.52	276.81	284.35	 0.00	 0.00	0	54.00
2010	10	15	6.162	5766.2568	287.2568	14.2568	 0.82	 0.05	183.74	 3.79	 4.20	 1.00	10.77	 1.26	320.72	276.69	281.77	260.60	284.08	0	52.12
2010	10	15	7.492	5766.3120	287.3122	14.3122	 0.73	 0.05	188.41	 4.17	 3.70	 1.00	10.95	 1.20	323.48	276.44	281.76	260.26	283.90	0	52.05
2010	10	15	8.408	5766.3501	287.3503	14.3503	 0.91	 0.09	181.85	 5.52	15.72	 1.00	10.87	 1.25	323.64	276.49	282.25	260.21	282.52	0	52.04
2010	10	15	9.296	5766.3872	287.3873	14.3873	 0.65	 0.04	185.60	 4.65	 3.69	 1.00	10.97	 1.18	324.02	276.49	281.76	260.47	282.42	0	52.09
2010	10	15	9.741	5766.4058	287.4059	14.4059	 0.54	 0.04	188.90	 6.34	 3.51	 1.00	10.82	 1.07	323.78	276.48	279.17	260.44	 0.00	0	52.09
2010	10	15	10.208	5766.4253	287.4253	14.4253	 0.73	 0.05	181.78	 4.30	 2.01	 1.00	10.78	 1.14	323.94	276.62	281.39	261.48	283.75	0	52.30
2010	10	15	11.095	5766.4624	287.4623	14.4623	 0.70	 0.06	188.71	 5.65	 7.97	 1.00	10.98	 1.21	323.98	277.95	281.09	264.70	 0.00	0	52.94
2010	10	15	11.538	5766.4810	287.4807	14.4807	 0.69	 0.04	188.71	 4.10	 3.02	 1.00	10.82	 1.24	324.02	279.05	282.59	 0.00	286.78	0	54.00
2010	10	15	15.098	5766.6289	287.6291	14.6291	 0.78	 0.06	195.85	 5.32	 1.62	 1.00	10.73	 1.17	324.11	291.53	301.07	273.76	295.94	0	54.75
2010	10	15	16.880	5766.7031	287.7033	14.7033	 0.79	 0.04	185.34	 3.27	12.48	 0.94	10.77	 1.05	323.08	295.76	302.95	280.00	301.19	0	56.00
2010	10	15	17.317	5766.7217	287.7216	14.7216	 1.04	 0.05	190.69	 2.53	 4.36	 1.00	10.78	 1.19	323.71	296.24	305.73	281.45	304.87	0	56.29
2010	10	15	17.755	5766.7397	287.7398	14.7398	 0.96	 0.06	192.72	 3.20	 1.39	 1.00	10.73	 1.21	318.47	296.24	305.42	280.46	302.11	0	56.09
2010	10	15	20.874	5766.8696	287.8698	14.8698	 1.10	 0.06	194.39	 2.51	 6.25	 0.99	10.75	 1.21	318.30	291.73	304.16	276.93	 0.00	0	55.39
2010	10	15	21.778	5766.9072	287.9074	14.9074	 1.17	 0.16	186.34	 5.99	146.35	 0.87	10.75	 1.15	318.53	289.07	304.58	269.52	 0.00	0	53.90
2010	10	15	23.096	5766.9624	287.9623	14.9623	 1.06	 0.04	201.93	 2.05	 4.61	 0.99	10.72	 1.17	318.75	284.93	297.58	264.36	291.01	0	52.87
2010	10	16	0.005	5767.0000	288.0002	15.0002	 0.81	 0.07	188.53	 5.28	14.26	 0.99	10.78	 1.18	319.46	282.67	290.15	262.29	289.67	0	52.46
2010	10	16	0.450	5767.0186	288.0187	15.0188	 0.77	 0.05	184.37	 4.10	 2.88	 1.00	10.95	 1.16	321.32	281.64	289.51	261.98	 0.00	0	52.40
2010	10	16	2.246	5767.0937	288.0936	15.0936	 0.61	 0.04	184.40	 5.39	 2.10	 1.00	10.90	 1.11	324.61	279.85	283.54	262.49	 0.00	0	52.50
2010	10	16	4.920	5767.2051	288.2050	15.2050	 0.75	 0.05	181.41	 4.45	 5.37	 1.00	10.82	 1.26	324.80	278.60	285.39	 0.00	 0.00	0	54.00
2010	10	16	6.714	5767.2798	288.2798	15.2797	 0.65	 0.04	183.45	 3.97	 2.47	 1.00	10.80	 1.20	324.66	278.26	282.71	 0.00	 0.00	0	54.00
2010	10	16	8.041	5767.3350	288.3350	15.3350	 0.65	 0.05	185.19	 5.33	 2.23	 1.00	10.70	 1.22	324.88	277.98	281.74	261.57	282.59	0	52.31
2010	10	16	9.392	5767.3911	288.3913	15.3913	 0.70	 0.06	185.61	 6.35	 1.15	 1.00	10.90	 1.23	324.82	277.80	285.38	 0.00	283.70	0	54.00
2010	10	16	10.752	5767.4482	288.4480	15.4480	 0.66	 0.04	182.81	 4.18	 7.86	 0.98	10.87	 1.22	325.04	278.56	280.91	264.49	282.87	0	52.90
2010	10	16	16.069	5767.6694	288.6695	15.6695	 0.74	 0.05	190.27	 4.25	 3.07	 1.00	10.73	 1.16	325.50	292.01	297.77	278.04	298.03	0	55.61
2010	10	16	16.945	5767.7061	288.7060	15.7060	 0.82	 0.05	186.57	 3.63	 2.43	 1.00	10.70	 1.14	323.62	294.67	300.40	282.81	301.17	0	56.56
2010	10	16	17.407	5767.7251	288.7253	15.7253	 0.65	 0.05	191.05	 5.46	28.87	 0.89	10.75	 0.98	320.68	295.33	301.54	280.50	301.97	0	56.10
2010	10	16	17.845	5767.7437	288.7435	15.7435	 0.82	 0.05	189.58	 3.79	10.12	 0.98	10.73	 1.11	319.69	295.62	306.43	280.11	302.25	0	56.02
2010	10	16	18.282	5767.7617	288.7617	15.7618	 0.99	 0.05	198.47	 2.81	 8.31	 0.98	10.73	 1.21	319.39	295.67	306.58	 0.00	302.43	0	54.00
2010	10	16	18.719	5767.7798	288.7800	15.7800	 0.92	 0.07	187.19	 4.04	10.64	 0.99	10.75	 1.07	318.93	295.43	304.73	 0.00	302.54	0	54.00
2010	10	16	19.661	5767.8193	288.8192	15.8192	 1.14	 0.09	194.47	 3.62	 9.58	 1.00	10.77	 1.29	318.77	294.28	304.64	276.74	302.03	0	55.35
2010	10	16	21.415	5767.8921	288.8923	15.8923	 1.32	 0.08	199.45	 2.39	 2.91	 1.00	10.75	 1.14	318.63	290.70	301.05	 0.00	300.34	0	54.00
2010	10	16	23.205	5767.9668	288.9669	15.9669	 1.17	 0.05	198.96	 2.20	15.16	 0.92	10.78	 1.24	320.27	285.28	296.46	264.62	291.39	0	52.92
2010	10	17	0.112	5768.0049	289.0046	16.0047	 0.77	 0.05	185.67	 4.32	 3.25	 1.00	10.87	 1.12	320.34	282.91	288.15	262.46	 0.00	0	52.49
2010	10	17	1.884	5768.0786	289.0785	16.0785	 0.72	 0.04	181.32	 3.91	 2.96	 1.00	10.97	 1.22	322.32	280.10	286.17	 0.00	285.16	0	54.00
2010	10	17	2.351	5768.0981	289.0980	16.0980	 0.69	 0.04	183.15	 4.07	 6.20	 0.99	10.82	 1.18	318.57	279.58	285.78	 0.00	285.67	0	54.00
2010	10	17	5.031	5768.2095	289.2096	16.2096	 0.55	 0.04	191.45	 6.37	10.90	 0.98	10.95	 1.04	316.30	273.19	282.17	261.23	278.58	0	52.25
2010	10	17	5.474	5768.2280	289.2281	16.2281	 0.51	 0.05	191.06	 8.71	 3.04	 1.00	10.93	 1.04	320.52	273.71	278.69	260.94	278.62	0	52.19
2010	10	17	8.600	5768.3584	289.3583	16.3583	 0.69	 0.04	177.83	 4.27	 3.82	 1.00	10.88	 1.24	320.68	275.83	281.66	261.03	282.10	0	52.21
2010	10	17	9.072	5768.3779	289.3780	16.3780	 0.64	 0.04	180.87	 4.99	 5.47	 0.99	10.80	 1.22	320.60	275.88	281.67	260.64	 0.00	0	52.13
2010	10	17	9.956	5768.4150	289.4149	16.4149	 0.68	 0.04	176.93	 3.90	 3.73	 1.00	10.85	 1.19	320.57	275.98	281.33	260.91	 0.00	0	52.18
2010	10	17	10.842	5768.4517	289.4518	16.4518	 0.51	 0.12	180.53	19.05	93.38	 0.97	10.82	 1.08	320.80	276.86	281.45	264.14	282.65	0	52.83
2010	10	17	11.311	5768.4712	289.4713	16.4713	 5.31	29.18	148.71	 8.14	48.94	 1.00	10.78	 1.23	320.83	277.79	283.04	264.75	 0.00	0	52.95
2010	10	17	12.192	5768.5078	289.5080	16.5080	 0.56	 0.04	169.48	 4.78	 2.13	 1.00	10.77	 1.25	321.15	280.20	287.15	266.09	289.09	0	53.22
2010	10	17	13.068	5768.5444	289.5445	16.5445	 0.39	 0.04	182.42	 8.99	12.34	 0.93	10.72	 1.15	321.38	283.34	289.37	268.39	292.31	0	53.68
2010	10	17	13.969	5768.5820	289.5820	16.5820	 0.57	 0.05	170.14	 6.85	 9.26	 0.99	10.75	 1.25	320.91	286.65	294.43	270.34	296.37	0	54.07
2010	10	17	14.408	5768.6001	289.6003	16.6003	 0.62	 0.04	165.46	 4.68	 6.04	 0.99	10.77	 1.26	320.47	288.42	296.29	272.48	295.64	0	54.50
2010	10	17	15.749	5768.6562	289.6562	16.6562	 0.54	 0.05	168.16	 7.45	 1.65	 1.00	10.77	 1.18	324.89	292.93	301.58	277.51	299.81	0	55.50
2010	10	17	16.188	5768.6743	289.6745	16.6745	 0.28	 0.05	214.53	24.17	 5.50	 1.00	10.75	 1.08	322.33	294.18	302.66	280.59	299.95	0	56.12
2010	10	17	16.627	5768.6929	289.6928	16.6928	 0.42	 0.05	176.22	11.12	38.37	 0.81	10.80	 1.06	324.84	295.14	301.73	282.76	299.29	0	56.55
2010	10	17	17.066	5768.7109	289.7111	16.7111	 0.74	 0.33	188.12	29.82	340.02	 0.99	10.72	 1.28	319.43	295.77	305.23	283.22	300.95	0	56.64
2010	10	17	18.840	5768.7852	289.7850	16.7850	 0.62	 0.05	167.93	 5.96	 5.99	 1.00	10.72	 1.13	315.37	295.27	308.20	285.04	300.87	0	57.01
2010	10	17	20.649	5768.8604	289.8604	16.8604	 0.46	 0.05	174.51	 9.73	16.65	 0.97	10.73	 0.97	315.37	292.25	306.76	279.85	301.19	0	55.97
2010	10	17	21.088	5768.8789	289.8787	16.8787	 0.69	 0.05	186.72	 5.09	 4.63	 1.00	10.72	 1.15	315.34	291.16	304.71	276.14	300.06	0	55.23
2010	10	17	22.429	5768.9346	289.9345	16.9345	 0.88	 0.16	173.81	 9.85	29.48	 1.00	10.80	 1.27	317.50	286.91	295.40	265.14	295.96	0	53.03
2010	10	17	23.315	5768.9717	289.9714	16.9714	 0.62	 0.06	166.07	 6.37	 2.44	 1.00	10.82	 1.15	318.56	284.56	293.26	264.82	293.11	0	52.96
2010	10	18	1.540	5769.0640	290.0642	17.0642	 0.57	 0.18	155.64	21.39	86.75	 0.99	10.70	 1.25	319.13	280.46	287.40	264.44	286.11	0	52.89
2010	10	18	1.980	5769.0825	290.0825	17.0825	 0.38	 0.04	175.04	11.08	12.94	 0.96	10.80	 1.18	319.26	280.22	288.22	264.79	287.26	0	52.96
2010	10	18	2.422	5769.1011	290.1009	17.1009	 0.50	 0.04	166.31	 6.66	 3.07	 1.00	10.73	 1.27	319.22	279.96	287.41	264.52	288.47	0	52.90
2010	10	18	2.888	5769.1201	290.1203	17.1203	 0.54	 0.05	161.90	 6.90	 4.50	 1.00	10.77	 1.23	319.14	279.79	287.39	 0.00	 0.00	0	54.00
2010	10	18	3.329	5769.1387	290.1387	17.1387	 0.51	 0.05	172.28	 7.55	 5.49	 1.00	10.92	 1.26	319.09	279.67	287.24	264.36	286.87	0	52.87
2010	10	18	4.209	5769.1753	290.1754	17.1754	 0.37	 0.05	185.38	14.57	 4.18	 1.00	10.78	 1.14	319.22	279.45	285.39	264.34	286.59	0	52.87
2010	10	18	4.648	5769.1938	290.1937	17.1937	 0.49	 0.04	174.95	 6.23	 9.16	 0.96	10.78	 1.21	319.26	279.40	289.55	264.33	 0.00	0	52.87
2010	10	18	5.999	5769.2500	290.2499	17.2500	 0.44	 0.04	179.20	 9.13	10.39	 0.98	10.73	 1.19	319.22	279.17	287.71	264.36	286.20	0	52.87
2010	10	18	6.440	5769.2686	290.2683	17.2683	 0.26	 0.04	223.13	26.00	 7.85	 0.99	10.73	 1.10	319.17	279.09	284.97	264.36	284.77	0	52.87
2010	10	18	8.681	5769.3618	290.3617	17.3617	 0.55	 0.04	169.42	 5.79	 1.28	 1.00	10.83	 1.22	319.23	278.71	287.23	264.34	286.86	0	52.87
2010	10	18	9.123	5769.3804	290.3801	17.3801	 0.55	 0.06	170.12	 7.88	 3.70	 1.00	10.78	 1.23	319.14	278.63	285.68	264.34	 0.00	0	52.87
2010	10	18	9.590	5769.3994	290.3996	17.3996	 0.46	 0.05	176.11	 9.36	12.26	 0.98	10.90	 1.15	319.26	278.58	285.44	 0.00	286.52	0	54.00
2010	10	18	10.033	5769.4180	290.4180	17.4180	 0.60	 0.05	177.04	 5.70	 0.88	 1.00	10.88	 1.30	319.16	278.58	287.16	264.32	284.04	0	52.86
2010	10	18	10.473	5769.4365	290.4364	17.4364	 0.52	 0.06	173.49	 8.51	20.00	 0.97	10.80	 1.20	319.15	278.79	284.33	 0.00	285.45	0	54.00
2010	10	18	10.917	5769.4551	290.4549	17.4549	 0.56	 0.04	175.12	 5.60	 3.92	 1.00	10.87	 1.24	319.20	279.30	286.50	 0.00	287.31	0	54.00
2010	10	18	11.357	5769.4731	290.4732	17.4732	 0.60	 0.04	178.87	 5.30	 3.02	 1.00	10.73	 1.29	319.19	280.08	287.38	267.12	285.24	0	53.42
2010	10	18	11.820	5769.4927	290.4925	17.4925	 0.56	 0.04	176.43	 5.37	 7.74	 0.98	10.75	 1.22	319.31	281.20	287.13	268.31	290.16	0	53.66
2010	10	18	12.694	5769.5288	290.5289	17.5289	 0.37	 0.13	249.34	48.51	117.86	 0.99	10.77	 1.24	319.44	284.15	291.10	272.57	291.53	0	54.51
2010	10	18	14.908	5769.6211	290.6212	17.6212	 0.88	 0.06	174.26	 3.45	15.51	 0.96	10.72	 1.22	318.62	292.46	302.74	276.25	300.08	0	55.25
2010	10	18	15.345	5769.6392	290.6394	17.6394	 1.05	 0.06	182.20	 2.57	 9.21	 0.98	10.77	 1.16	318.02	293.79	302.39	277.59	301.02	0	55.52
2010	10	18	15.784	5769.6577	290.6577	17.6577	 1.10	 0.05	188.40	 2.03	24.63	 0.69	10.73	 1.21	319.15	295.04	305.87	280.17	300.08	0	56.03
2010	10	18	16.246	5769.6768	290.6769	17.6769	 1.03	 0.08	189.80	 3.94	11.08	 1.00	10.77	 1.07	316.99	295.89	305.86	281.50	302.47	0	56.30
2010	10	18	17.996	5769.7500	290.7498	17.7498	 1.28	 0.06	182.21	 1.76	54.51	 0.22	10.72	 1.23	317.89	297.31	307.81	287.06	302.95	0	57.41
2010	10	18	18.458	5769.7690	290.7691	17.7691	 0.82	 0.06	174.36	 4.15	44.10	 0.79	10.78	 1.04	317.03	296.99	307.69	285.01	303.03	0	57.00
2010	10	18	18.896	5769.7871	290.7873	17.7873	 0.88	 0.06	179.12	 3.72	 7.33	 0.99	10.72	 1.20	319.40	296.64	306.93	283.41	303.45	0	56.68
2010	10	18	19.770	5769.8237	290.8237	17.8237	 0.49	 0.06	166.05	10.03	13.38	 0.99	10.72	 0.98	319.31	295.25	304.61	279.07	303.05	0	55.81
2010	10	18	21.143	5769.8809	290.8810	17.8809	 0.72	 0.06	177.80	 5.16	 9.22	 0.99	10.73	 1.16	319.95	291.70	305.29	274.48	301.68	0	54.90
2010	10	18	21.583	5769.8994	290.8993	17.8993	 0.81	 0.17	183.61	12.44	77.12	 0.99	10.82	 1.09	320.77	290.52	299.56	271.42	300.43	0	54.28
2010	10	18	23.373	5769.9741	290.9739	17.9739	 0.86	 0.06	171.79	 3.98	14.22	 0.98	10.78	 1.21	321.65	285.00	286.56	263.97	 0.00	0	52.79
2010	10	19	0.701	5770.0293	291.0292	18.0292	 0.65	 0.04	163.02	 3.88	 8.16	 0.97	10.87	 1.20	322.79	281.80	290.49	263.49	287.04	0	52.70
2010	10	19	1.612	5770.0674	291.0672	18.0672	 0.45	 0.04	179.30	 8.43	 3.16	 1.00	10.83	 1.19	323.00	280.57	286.32	263.34	 0.00	0	52.67
2010	10	19	2.947	5770.1230	291.1228	18.1228	 0.41	 0.04	170.79	 9.20	 7.71	 0.98	10.83	 1.18	323.38	279.41	283.32	263.35	284.43	0	52.67
2010	10	19	5.657	5770.2358	291.2357	18.2357	 0.53	 0.05	160.90	 6.25	 2.00	 1.00	10.77	 1.26	322.66	278.02	286.22	262.63	283.15	0	52.53
2010	10	19	6.101	5770.2544	291.2542	18.2542	 0.44	 0.05	166.51	10.58	 0.57	 1.00	10.83	 1.25	322.57	277.93	285.86	263.70	 0.00	0	52.74
2010	10	19	6.549	5770.2729	291.2729	18.2729	 0.51	 0.03	156.17	 4.74	 2.54	 1.00	10.83	 1.28	322.59	277.89	284.41	264.38	285.71	0	52.88
2010	10	19	6.992	5770.2915	291.2913	18.2913	 0.54	 0.05	156.44	 6.29	 5.44	 0.99	10.82	 1.25	322.62	277.88	285.56	263.56	284.35	0	52.71
2010	10	19	7.435	5770.3096	291.3098	18.3098	 0.24	 0.04	208.55	24.87	14.65	 0.94	10.82	 1.15	322.58	277.82	281.26	263.97	 0.00	0	52.79
2010	10	19	8.346	5770.3477	291.3477	18.3478	 0.39	 0.04	180.18	10.87	 4.40	 1.00	10.73	 1.26	322.64	277.74	284.20	264.01	282.91	0	52.80
2010	10	19	10.141	5770.4224	291.4225	18.4225	 0.50	 0.06	159.99	 8.62	 3.95	 1.00	10.77	 1.25	319.31	277.52	283.74	 0.00	282.65	0	54.00
2010	10	19	16.790	5770.6997	291.6996	18.6996	 0.93	 0.04	197.73	 2.69	 8.19	 0.98	10.75	 1.15	320.61	294.84	305.63	280.27	301.85	0	56.05
2010	10	19	19.005	5770.7920	291.7919	18.7919	 0.61	 0.06	174.39	 6.61	 7.08	 1.00	10.80	 1.11	321.85	295.70	305.63	278.60	303.24	0	55.72
2010	10	19	19.882	5770.8286	291.8284	18.8284	 0.54	 0.07	189.97	10.31	56.22	 0.90	10.78	 1.10	321.74	294.44	306.97	276.98	302.36	0	55.40
2010	10	20	0.379	5771.0156	292.0158	19.0158	 0.44	 0.04	178.77	 8.52	14.04	 0.95	10.98	 1.18	322.63	282.37	290.35	264.26	287.53	0	52.85
2010	10	20	1.277	5771.0532	292.0532	19.0532	 0.53	 0.05	163.91	 6.72	 9.81	 0.98	10.72	 1.15	322.67	281.00	287.66	263.52	286.09	0	52.70
2010	10	20	2.188	5771.0913	292.0912	19.0912	 0.51	 0.05	160.68	 6.61	 6.85	 0.99	10.77	 1.29	322.56	280.15	287.02	 0.00	288.04	0	54.00
2010	10	20	2.633	5771.1099	292.1097	19.1097	 0.45	 0.05	157.77	 8.13	 7.57	 0.98	10.92	 1.21	322.44	279.72	284.45	263.52	284.89	0	52.70
2010	10	20	3.518	5771.1465	292.1466	19.1466	 0.40	 0.03	161.26	 7.48	13.31	 0.85	10.85	 1.19	322.75	279.21	285.17	263.09	284.19	0	52.62
2010	10	20	3.986	5771.1660	292.1661	19.1661	 0.44	 0.05	168.94	 9.39	 9.59	 0.99	10.78	 1.22	322.75	278.90	284.63	263.06	286.84	0	52.61
2010	10	20	4.871	5771.2031	292.2029	19.2030	 0.39	 0.05	160.19	12.20	17.45	 0.96	10.77	 1.15	322.59	278.38	285.55	262.71	284.89	0	52.54
2010	10	20	7.554	5771.3149	292.3148	19.3147	 0.51	 0.06	158.25	 8.59	 5.29	 1.00	10.82	 1.28	323.07	277.72	283.16	262.67	284.07	0	52.53
2010	10	20	8.468	5771.3530	292.3528	19.3528	 0.51	 0.05	162.14	 7.53	 4.32	 1.00	10.73	 1.20	323.24	277.63	284.06	262.55	285.32	0	52.51
2010	10	20	9.799	5771.4082	292.4083	19.4083	 0.42	 0.04	173.93	 8.60	12.15	 0.95	10.77	 1.19	323.24	277.52	283.34	262.36	 0.00	0	52.47
2010	10	20	11.148	5771.4644	292.4645	19.4645	 0.57	 0.05	162.37	 5.73	 2.13	 1.00	10.73	 1.29	323.27	278.75	282.98	264.75	286.39	0	52.95
2010	10	20	11.588	5771.4829	292.4828	19.4828	 0.60	 0.04	165.59	 4.93	 0.94	 1.00	10.72	 1.29	323.33	279.60	285.42	265.18	284.01	0	53.04
2010	10	20	12.025	5771.5010	292.5010	19.5010	 0.44	 0.06	177.32	12.80	20.90	 0.98	10.73	 1.20	323.23	280.68	285.15	265.34	287.12	0	53.07
2010	10	20	12.462	5771.5190	292.5193	19.5193	 0.54	 0.06	169.06	 8.32	 5.75	 1.00	10.73	 1.26	323.41	281.93	288.36	266.23	288.50	0	53.25
2010	10	20	12.924	5771.5386	292.5385	19.5385	 0.48	 0.04	168.08	 7.55	 9.43	 0.98	10.77	 1.17	323.57	283.52	287.54	268.65	290.23	0	53.73
2010	10	20	13.362	5771.5566	292.5568	19.5568	 0.46	 0.05	171.51	 9.97	23.25	 0.95	10.75	 1.17	323.55	285.06	288.97	270.23	291.96	0	54.05
2010	10	20	14.242	5771.5933	292.5934	19.5934	 0.61	 0.05	169.55	 5.93	12.64	 0.98	10.77	 1.23	323.82	288.41	295.43	270.02	295.43	0	54.00
2010	10	20	16.456	5771.6855	292.6856	19.6856	 0.64	 0.13	167.86	14.06	193.58	 0.87	10.73	 1.07	322.88	294.10	303.61	275.98	300.79	0	55.20
2010	10	20	17.354	5771.7231	292.7231	19.7231	 0.86	 0.10	160.36	 5.79	 5.90	 1.00	10.77	 1.19	322.78	294.80	303.70	275.09	299.08	0	55.02
2010	10	20	20.886	5771.8701	292.8702	19.8702	 0.62	 0.14	163.56	15.30	35.86	 1.00	10.77	 0.97	322.83	290.39	299.15	271.74	298.04	0	54.35
2010	10	20	23.599	5771.9834	292.9833	19.9833	 0.74	 0.05	178.12	 4.26	 5.81	 1.00	10.75	 1.17	323.05	282.64	290.12	261.09	288.09	0	52.22
2010	10	21	0.501	5772.0210	293.0209	20.0209	 0.60	 0.05	173.53	 5.70	 4.13	 1.00	10.72	 1.25	323.66	280.74	287.27	259.87	 0.00	0	51.97
2010	10	21	0.941	5772.0391	293.0392	20.0392	 0.60	 0.05	171.94	 5.65	 2.85	 1.00	10.77	 1.27	323.72	280.22	287.29	261.20	287.65	0	52.24
2010	10	21	1.384	5772.0576	293.0577	20.0577	 0.43	 0.04	183.36	 9.34	 6.10	 0.99	10.78	 1.16	323.79	279.69	283.98	261.61	 0.00	0	52.32
2010	10	21	1.826	5772.0762	293.0761	20.0761	 0.49	 0.06	173.16	10.30	 9.95	 1.00	10.77	 1.18	323.54	279.29	276.64	 0.00	 0.00	0	54.00
2010	10	21	2.299	5772.0957	293.0958	20.0958	 0.63	 0.05	174.16	 5.21	 4.41	 1.00	10.83	 1.24	323.77	278.97	284.71	262.22	284.01	0	52.44
2010	10	21	2.737	5772.1143	293.1141	20.1141	 0.60	 0.04	174.25	 4.67	 9.47	 0.97	10.78	 1.24	323.71	278.74	283.66	262.15	285.03	0	52.43
2010	10	21	4.534	5772.1890	293.1889	20.1889	 0.57	 0.06	176.01	 7.34	11.14	 0.99	10.92	 1.20	323.66	277.89	285.28	261.49	282.69	0	52.30
2010	10	21	4.979	5772.2075	293.2074	20.2074	 0.51	 0.04	178.47	 6.68	13.76	 0.95	10.75	 1.19	323.56	277.78	284.85	262.10	285.35	0	52.42
2010	10	21	5.419	5772.2256	293.2258	20.2258	 0.54	 0.06	175.40	 9.38	 7.86	 1.00	10.78	 1.20	323.56	277.73	283.50	262.13	283.94	0	52.43
2010	10	21	7.207	5772.3003	293.3003	20.3003	 0.61	 0.04	170.00	 4.01	 2.49	 1.00	10.85	 1.26	323.54	277.53	283.80	262.08	 0.00	0	52.42
2010	10	21	9.900	5772.4126	293.4125	20.4125	 0.60	 0.05	171.39	 5.69	 2.47	 1.00	10.85	 1.22	323.76	277.04	282.23	259.83	284.19	0	51.97
2010	10	21	12.137	5772.5059	293.5057	20.5057	 0.51	 0.05	179.55	 8.89	 5.25	 1.00	10.75	 1.25	324.24	281.24	286.74	268.15	287.69	0	53.63
2010	10	21	14.789	5772.6162	293.6162	20.6162	 0.71	 0.06	175.86	 5.12	 7.44	 1.00	10.73	 1.26	323.51	290.87	300.51	272.85	298.09	0	54.57
2010	10	21	15.689	5772.6538	293.6537	20.6537	 0.35	 0.05	203.45	17.33	30.94	 0.93	10.75	 1.02	323.12	293.42	302.16	274.90	303.02	0	54.98
2010	10	21	17.906	5772.7461	293.7461	20.7461	 0.93	 0.11	186.41	 6.33	 8.70	 1.00	10.73	 1.28	322.71	295.14	304.85	274.97	299.71	0	54.99
2010	10	21	18.782	5772.7827	293.7826	20.7826	 0.47	 0.09	217.18	21.70	38.54	 1.00	10.77	 1.00	322.67	294.44	304.11	273.74	299.16	0	54.75
2010	10	21	20.130	5772.8389	293.8387	20.8387	 1.10	 0.07	192.28	 3.08	 3.34	 1.00	10.77	 1.22	322.57	292.20	299.55	274.55	297.62	0	54.91
2010	10	21	21.015	5772.8755	293.8756	20.8756	 1.02	 0.06	197.57	 2.89	 7.49	 0.99	10.80	 1.08	322.50	290.37	298.17	 0.00	299.68	0	54.00
2010	10	21	21.460	5772.8940	293.8942	20.8942	 0.91	 0.14	211.37	 9.98	173.37	 0.93	10.97	 0.99	322.64	289.26	292.56	272.06	 0.00	0	54.41
2010	10	21	22.847	5772.9521	293.9519	20.9519	 1.13	 0.09	197.11	 3.63	 6.67	 1.00	10.72	 1.24	323.30	284.93	293.11	 0.00	291.35	0	54.00
2010	10	22	0.176	5773.0073	294.0073	21.0073	 0.84	 0.05	185.84	 3.62	 2.25	 1.00	10.80	 1.17	323.93	281.33	287.66	 0.00	288.79	0	54.00
2010	10	22	1.088	5773.0454	294.0453	21.0453	 0.65	 0.06	188.44	 7.33	18.22	 0.99	10.83	 1.11	324.35	279.55	281.92	260.61	285.67	0	52.12
2010	10	22	1.533	5773.0640	294.0638	21.0639	 0.82	 0.06	187.28	 4.36	 1.43	 1.00	10.83	 1.21	324.34	279.06	284.36	261.21	283.93	0	52.24
2010	10	22	2.898	5773.1206	294.1207	21.1207	 0.91	 0.05	188.96	 3.06	10.33	 0.98	10.88	 1.30	324.35	277.83	283.65	260.57	 0.00	0	52.11
2010	10	22	4.238	5773.1768	294.1766	21.1766	 0.70	 0.05	179.86	 4.93	 6.23	 1.00	10.87	 1.21	324.45	277.10	282.93	259.99	 0.00	0	52.00
2010	10	22	6.045	5773.2520	294.2519	21.2519	 0.78	 0.05	173.30	 3.72	 7.65	 0.99	10.93	 1.24	324.55	276.31	282.27	259.63	283.37	0	51.93
2010	10	22	6.490	5773.2705	294.2704	21.2704	 0.62	 0.04	183.35	 4.84	 4.97	 0.99	10.83	 1.18	324.66	276.17	282.13	259.45	283.22	0	51.89
2010	10	22	7.841	5773.3267	294.3267	21.3267	 0.71	 0.04	171.89	 3.61	 7.40	 0.98	10.70	 1.20	324.63	275.75	281.30	 0.00	281.55	0	54.00
2010	10	22	8.286	5773.3452	294.3452	21.3452	 0.81	 0.05	177.27	 3.62	 5.50	 0.99	10.82	 1.27	324.59	275.64	284.24	258.58	281.37	0	51.72
2010	10	22	8.730	5773.3638	294.3637	21.3638	 0.64	 0.06	173.95	 6.03	 6.10	 1.00	10.80	 1.16	324.81	275.48	278.57	258.58	 0.00	0	51.72
2010	10	22	9.175	5773.3823	294.3823	21.3823	 0.63	 0.05	169.90	 5.57	 5.93	 1.00	11.02	 1.17	324.52	275.26	279.92	 0.00	 0.00	0	54.00
2010	10	22	9.651	5773.4023	294.4021	21.4021	 0.70	 0.05	174.71	 5.01	 3.75	 1.00	10.83	 1.19	320.43	275.16	282.14	258.38	 0.00	0	51.68
2010	10	22	15.862	5773.6611	294.6609	21.6609	 0.64	 0.05	180.38	 5.45	21.46	 0.93	10.80	 1.19	322.09	290.89	297.77	275.91	297.60	0	55.18
2010	10	22	16.324	5773.6802	294.6802	21.6802	 0.70	 0.05	194.38	 5.30	 6.00	 1.00	10.80	 1.20	320.36	292.11	299.39	277.20	298.39	0	55.44
2010	10	22	18.977	5773.7905	294.7907	21.7907	 1.08	 0.08	193.17	 3.73	43.01	 0.90	10.73	 1.21	322.09	291.31	299.80	277.62	 0.00	0	55.52
2010	10	22	20.291	5773.8452	294.8455	21.8455	 1.29	 0.08	192.77	 2.64	 6.91	 1.00	10.77	 1.12	322.13	290.72	298.32	276.54	298.40	0	55.31
2010	10	22	20.753	5773.8647	294.8647	21.8647	 1.52	 0.11	195.74	 2.41	 5.03	 1.00	10.77	 1.19	322.11	290.02	297.33	274.90	295.97	0	54.98
2010	10	22	21.633	5773.9014	294.9014	21.9014	 1.78	 0.20	199.92	 3.35	25.23	 0.99	10.78	 1.21	322.08	288.26	296.14	272.09	 0.00	0	54.42
2010	10	22	23.473	5773.9780	294.9781	21.9781	 1.23	 0.22	197.29	 7.66	55.88	 1.00	10.73	 1.30	322.44	282.86	291.93	260.56	290.79	0	52.11
2010	10	23	0.809	5774.0337	295.0337	22.0337	 0.79	 0.04	191.63	 3.20	 3.61	 1.00	10.83	 1.20	322.58	279.80	286.25	258.52	 0.00	0	51.70
2010	10	23	1.273	5774.0532	295.0530	22.0530	 0.85	 0.04	189.68	 2.84	 3.56	 1.00	10.90	 1.26	322.81	278.91	285.48	258.51	286.45	0	51.70
2010	10	23	1.716	5774.0713	295.0715	22.0715	 0.64	 0.05	192.30	 5.86	 9.89	 0.99	10.87	 1.16	322.78	278.28	284.41	258.73	284.42	0	51.75
2010	10	23	2.159	5774.0898	295.0900	22.0900	 0.78	 0.04	186.73	 3.11	 4.20	 0.99	10.80	 1.20	322.75	277.74	284.18	258.77	282.52	0	51.75
2010	10	23	3.051	5774.1270	295.1271	22.1271	 0.85	 0.04	183.62	 3.06	 1.50	 1.00	10.90	 1.25	322.72	276.92	282.98	258.87	281.62	0	51.77
2010	10	23	3.968	5774.1655	295.1653	22.1653	 0.76	 0.05	183.80	 4.20	 9.63	 0.99	10.73	 1.21	322.89	276.28	283.61	 0.00	 0.00	0	54.00
2010	10	23	4.414	5774.1841	295.1839	22.1839	 0.77	 0.05	187.44	 3.92	 7.29	 0.99	10.82	 1.23	322.90	276.02	281.28	258.62	283.34	0	51.72
2010	10	23	4.864	5774.2026	295.2026	22.2027	 0.75	 0.04	181.63	 3.48	 4.36	 0.99	10.77	 1.16	322.96	275.83	279.69	258.35	281.75	0	51.67
2010	10	23	5.778	5774.2407	295.2408	22.2408	 0.77	 0.05	186.78	 4.39	 2.86	 1.00	11.03	 1.17	323.07	275.55	282.86	258.80	280.08	0	51.76
2010	10	23	6.668	5774.2778	295.2778	22.2778	 0.71	 0.03	186.17	 3.37	 4.44	 0.99	10.78	 1.15	323.15	275.45	281.69	258.57	 0.00	0	51.71
2010	10	23	7.113	5774.2964	295.2964	22.2964	 0.75	 0.04	187.95	 3.08	 3.57	 0.99	10.92	 1.21	323.14	275.37	281.93	258.83	282.58	0	51.77
2010	10	23	7.559	5774.3149	295.3149	22.3149	 0.66	 0.05	186.44	 5.44	 4.21	 1.00	10.75	 1.14	323.27	275.39	279.21	 0.00	282.64	0	54.00
2010	10	23	8.477	5774.3530	295.3532	22.3532	 0.78	 0.04	187.67	 3.17	 1.41	 1.00	10.75	 1.22	323.18	275.51	282.34	259.61	282.71	0	51.92
2010	10	23	8.919	5774.3716	295.3716	22.3716	 0.76	 0.04	185.62	 3.15	 7.72	 0.97	10.78	 1.15	323.35	275.60	280.79	260.17	281.48	0	52.03
2010	10	23	9.806	5774.4087	295.4086	22.4086	 0.84	 0.06	183.80	 4.21	 6.15	 1.00	10.77	 1.19	323.18	275.85	281.24	260.99	 0.00	0	52.20
2010	10	23	10.270	5774.4277	295.4279	22.4279	 0.89	 0.05	185.12	 3.34	 4.42	 1.00	10.75	 1.20	323.32	276.27	283.86	 0.00	282.05	0	54.00
2010	10	23	14.248	5774.5937	295.5937	22.5937	 0.75	 0.05	189.01	 4.37	 4.46	 1.00	10.72	 1.15	323.10	288.37	294.87	271.14	298.22	0	54.23
2010	10	23	14.711	5774.6128	295.6129	22.6130	 0.88	 0.05	193.27	 3.23	 4.18	 1.00	10.75	 1.22	322.79	290.20	297.85	272.87	297.34	0	54.57
2010	10	23	15.149	5774.6313	295.6312	22.6312	 0.94	 0.06	191.59	 3.36	 4.23	 1.00	10.72	 1.20	322.79	291.65	299.63	274.61	298.77	0	54.92
2010	10	23	15.587	5774.6494	295.6495	22.6495	 0.90	 0.05	196.89	 3.60	 6.41	 1.00	10.73	 1.22	324.70	293.01	302.65	275.74	299.57	0	55.15
2010	10	23	16.924	5774.7051	295.7052	22.7052	 0.96	 0.07	196.42	 4.02	10.49	 0.99	10.73	 1.07	323.14	295.52	306.23	 0.00	301.59	0	54.00
2010	10	23	17.798	5774.7417	295.7416	22.7416	 0.71	 0.06	208.52	 5.96	40.39	 0.91	10.72	 1.08	322.75	296.06	293.97	 0.00	304.42	0	54.00
2010	10	23	21.356	5774.8896	295.8899	22.8898	 1.08	 0.07	217.95	 3.39	29.19	 0.93	10.88	 1.12	322.08	290.39	291.96	273.88	298.22	0	54.78
2010	10	23	23.624	5774.9844	295.9843	22.9843	 1.05	 0.07	188.13	 3.03	 4.78	 1.00	10.85	 1.06	324.27	283.29	288.46	 0.00	288.55	0	54.00
2010	10	24	0.957	5775.0400	296.0399	23.0399	 0.85	 0.05	188.69	 3.74	 1.79	 1.00	10.77	 1.14	323.45	280.27	286.97	258.70	286.41	0	51.74
2010	10	24	1.401	5775.0586	296.0584	23.0584	 0.97	 0.05	184.51	 2.69	 6.15	 0.99	11.03	 1.29	324.28	279.53	286.64	 0.00	286.74	0	54.00
2010	10	24	1.878	5775.0781	296.0782	23.0782	 0.45	 0.05	189.74	10.54	24.59	 0.95	10.75	 0.94	324.06	278.90	270.01	260.16	286.22	0	52.03
2010	10	24	2.324	5775.0967	296.0968	23.0968	 0.64	 0.04	191.06	 4.44	 4.77	 0.99	10.82	 1.11	324.02	278.48	283.40	260.04	283.15	0	52.01
2010	10	24	3.214	5775.1338	296.1339	23.1339	 0.69	 0.03	183.73	 3.53	 9.62	 0.95	10.75	 1.17	323.82	277.88	281.64	 0.00	 0.00	0	54.00
2010	10	24	5.455	5775.2275	296.2273	23.2273	 0.79	 0.04	183.62	 3.30	 2.40	 1.00	10.75	 1.25	323.52	276.74	282.99	259.55	283.99	0	51.91
2010	10	24	6.365	5775.2651	296.2652	23.2652	 0.77	 0.05	184.75	 4.20	 1.86	 1.00	10.73	 1.22	323.58	276.43	283.07	259.90	283.72	0	51.98
2010	10	24	6.807	5775.2837	296.2836	23.2836	 0.75	 0.06	182.39	 5.24	 6.30	 1.00	10.75	 1.19	323.46	276.36	281.45	260.20	 0.00	0	52.04
2010	10	24	7.699	5775.3208	296.3208	23.3208	 0.73	 0.05	185.79	 4.25	 2.85	 1.00	10.77	 1.20	323.35	276.30	283.37	260.36	 0.00	0	52.07
2010	10	24	8.138	5775.3389	296.3391	23.3391	 0.65	 0.05	184.51	 6.17	 4.59	 1.00	10.82	 1.16	323.35	276.28	278.90	259.99	282.23	0	52.00
2010	10	24	8.608	5775.3589	296.3586	23.3587	 0.68	 0.04	188.48	 4.15	 0.66	 1.00	10.80	 1.20	323.45	276.23	282.29	260.51	 0.00	0	52.10
2010	10	24	9.053	5775.3774	296.3772	23.3772	 0.68	 0.04	189.08	 3.74	 2.75	 1.00	10.78	 1.27	323.37	276.15	281.60	260.22	282.23	0	52.04
2010	10	24	10.389	5775.4331	296.4329	23.4329	 0.57	 0.04	184.85	 5.58	 2.01	 1.00	10.80	 1.16	323.30	276.63	281.00	262.05	282.40	0	52.41
2010	10	24	10.858	5775.4526	296.4524	23.4524	 0.70	 0.06	184.20	 5.51	 4.16	 1.00	10.80	 1.23	323.38	277.30	282.54	263.32	281.53	0	52.66
2010	10	24	11.739	5775.4893	296.4891	23.4891	 0.53	 0.04	186.74	 5.76	 9.72	 0.97	10.75	 1.15	323.21	279.37	281.53	265.11	285.54	0	53.02
2010	10	24	13.521	5775.5635	296.5634	23.5634	 0.74	 0.04	182.90	 3.49	 3.11	 1.00	10.73	 1.28	323.62	285.46	291.88	269.89	294.00	0	53.98
2010	10	24	14.396	5775.5996	296.5998	23.5998	 0.67	 0.04	181.63	 4.20	 4.57	 0.99	10.77	 1.18	324.08	289.04	296.46	271.32	298.71	0	54.26
2010	10	24	16.613	5775.6924	296.6922	23.6922	 0.85	 0.05	190.53	 3.38	11.00	 0.97	10.75	 1.20	322.65	295.02	301.83	279.11	301.83	0	55.82
2010	10	24	18.389	5775.7661	296.7662	23.7662	 1.05	 0.07	179.94	 3.18	12.21	 0.98	10.70	 1.09	323.00	296.02	306.39	279.96	303.28	0	55.99
2010	10	24	18.826	5775.7842	296.7844	23.7844	 0.97	 0.06	198.67	 3.23	 1.25	 1.00	10.75	 1.24	322.97	295.74	304.66	279.30	301.05	0	55.86
2010	10	24	19.264	5775.8027	296.8027	23.8027	 0.85	 0.05	193.38	 3.68	25.87	 0.89	10.73	 1.09	322.99	295.28	309.26	277.51	302.86	0	55.50
2010	10	24	21.046	5775.8770	296.8769	23.8769	 1.17	 0.04	197.85	 1.63	 8.94	 0.91	10.78	 1.18	322.79	291.60	302.04	274.07	301.28	0	54.81
2010	10	24	21.488	5775.8955	296.8953	23.8953	 1.46	 0.13	201.51	 3.43	 5.32	 1.00	10.73	 1.20	323.01	290.52	301.34	 0.00	 0.00	0	54.00
2010	10	24	22.399	5775.9331	296.9333	23.9333	 1.06	 0.16	224.88	 8.82	764.73	 0.37	10.95	 1.23	323.85	287.47	295.46	264.44	293.45	0	52.89
2010	10	25	0.669	5776.0278	297.0279	24.0279	 0.99	 0.06	185.66	 2.94	 4.55	 1.00	10.75	 1.13	324.68	281.59	286.11	 0.00	 0.00	0	54.00
2010	10	25	1.572	5776.0654	297.0655	24.0655	 0.75	 0.04	181.91	 3.81	 3.46	 1.00	10.93	 1.21	324.56	279.94	286.01	260.13	 0.00	0	52.03
2010	10	25	2.484	5776.1035	297.1035	24.1035	 0.63	 0.04	179.20	 4.83	11.11	 0.97	10.77	 1.23	324.19	278.94	282.54	 0.00	 0.00	0	54.00
2010	10	25	3.377	5776.1406	297.1407	24.1407	 0.67	 0.05	174.08	 5.13	 1.20	 1.00	10.98	 1.28	324.43	278.23	284.00	260.59	 0.00	0	52.12
2010	10	25	4.730	5776.1973	297.1971	24.1971	 0.46	 0.05	189.24	 9.99	 9.76	 0.99	10.88	 1.17	324.34	277.52	282.85	260.28	 0.00	0	52.06
2010	10	25	6.510	5776.2710	297.2712	24.2712	 0.59	 0.05	175.28	 6.71	 4.00	 1.00	10.78	 1.25	324.20	277.04	282.44	260.66	281.63	0	52.13
2010	10	25	6.978	5776.2905	297.2908	24.2908	 0.40	 0.04	191.03	 9.12	 5.20	 0.99	10.92	 1.10	324.25	276.87	280.14	260.41	281.51	0	52.08
2010	10	25	7.871	5776.3281	297.3279	24.3279	 0.49	 0.06	182.47	10.07	12.55	 0.99	10.78	 1.17	324.16	276.70	283.14	 0.00	282.69	0	54.00
2010	10	25	8.759	5776.3647	297.3649	24.3649	 0.59	 0.04	180.02	 4.77	 4.06	 0.99	10.78	 1.23	324.22	276.60	283.16	260.67	282.53	0	52.13
2010	10	25	11.477	5776.4780	297.4782	24.4782	 0.65	 0.04	174.24	 4.22	 5.62	 0.99	10.80	 1.28	324.38	279.21	282.02	266.40	285.22	0	53.28
2010	10	25	12.358	5776.5151	297.5149	24.5149	 0.60	 0.04	180.28	 5.24	 7.13	 0.99	10.75	 1.28	324.64	282.18	286.56	269.63	288.64	0	53.93
2010	10	25	12.797	5776.5332	297.5332	24.5332	 0.57	 0.03	179.82	 3.86	 5.26	 0.97	10.83	 1.23	324.70	283.79	288.29	270.29	290.46	0	54.06
2010	10	25	14.575	5776.6074	297.6073	24.6073	 0.64	 0.05	179.77	 5.05	 4.32	 1.00	10.73	 1.23	324.94	290.71	296.47	273.63	297.89	0	54.73
2010	10	25	17.669	5776.7363	297.7362	24.7362	 0.65	 0.03	183.30	 3.57	 8.70	 0.94	10.75	 1.08	321.83	296.97	306.47	283.92	303.79	0	56.78
2010	10	25	20.346	5776.8477	297.8477	24.8477	 0.72	 0.07	173.57	 6.19	 3.77	 1.00	10.77	 1.07	320.76	294.25	304.37	280.80	300.69	0	56.16
2010	10	25	22.576	5776.9404	297.9407	24.9407	 0.90	 0.06	191.35	 3.58	 6.03	 1.00	10.87	 1.21	321.81	287.95	297.65	 0.00	 0.00	0	54.00
2010	10	26	0.353	5777.0146	298.0147	25.0147	 0.41	 0.09	187.24	20.96	39.60	 0.98	10.73	 1.08	322.10	283.45	288.85	264.65	291.55	0	52.93
2010	10	26	1.296	5777.0542	298.0540	25.0540	 0.59	 0.04	172.18	 4.49	 2.00	 1.00	10.72	 1.26	323.12	282.04	288.25	 0.00	 0.00	0	54.00
2010	10	26	3.542	5777.1475	298.1476	25.1476	 0.48	 0.04	177.59	 7.44	16.79	 0.93	10.87	 1.20	323.49	280.53	284.64	 0.00	285.74	0	54.00
2010	10	26	3.989	5777.1660	298.1662	25.1662	 0.48	 0.05	182.96	 9.49	 6.14	 1.00	10.83	 1.21	323.52	280.41	285.25	264.34	286.96	0	52.87
2010	10	26	6.228	5777.2593	298.2595	25.2595	 0.50	 0.04	177.14	 6.04	 4.43	 0.99	10.75	 1.18	323.58	280.09	284.85	264.31	 0.00	0	52.86
2010	10	26	7.117	5777.2964	298.2965	25.2965	 0.49	 0.04	174.90	 6.33	 9.43	 0.96	11.02	 1.17	323.59	280.02	285.40	264.62	 0.00	0	52.92
2010	10	26	8.032	5777.3345	298.3347	25.3347	 0.66	 0.04	169.24	 4.14	 1.37	 1.00	10.75	 1.27	323.71	280.10	286.66	265.75	287.83	0	53.15
2010	10	26	8.474	5777.3530	298.3531	25.3531	 0.62	 0.04	174.04	 4.84	 2.58	 1.00	10.78	 1.27	323.73	280.24	286.66	266.02	287.89	0	53.20
2010	10	26	8.921	5777.3716	298.3717	25.3717	 0.43	 0.05	185.53	10.37	15.69	 0.96	10.95	 1.15	323.68	280.30	285.46	266.07	286.73	0	53.21
2010	10	26	9.364	5777.3901	298.3902	25.3902	 0.37	 0.04	189.00	11.75	21.06	 0.90	10.87	 1.09	323.71	280.42	283.84	 0.00	286.76	0	54.00
2010	10	26	11.607	5777.4834	298.4836	25.4836	 0.55	 0.04	178.24	 5.30	 7.03	 0.98	10.78	 1.26	323.78	283.14	289.75	 0.00	289.68	0	54.00
2010	10	26	13.829	5777.5762	298.5762	25.5762	 0.49	 0.04	182.43	 7.38	11.64	 0.97	10.73	 1.11	322.58	290.94	299.48	278.06	298.45	0	55.61
2010	10	26	15.165	5777.6318	298.6319	25.6319	 0.58	 0.05	186.25	 6.31	19.60	 0.94	10.75	 1.07	321.20	295.62	304.18	282.31	302.87	0	56.46
2010	10	26	16.039	5777.6685	298.6683	25.6683	 0.51	 0.04	205.93	 7.09	20.16	 0.91	10.72	 0.99	325.13	297.95	307.66	285.96	303.56	0	57.19
2010	10	26	16.939	5777.7056	298.7058	25.7058	 0.84	 0.07	193.94	 4.78	26.93	 0.96	10.72	 1.11	323.01	299.27	309.09	287.22	303.76	0	57.44
2010	10	26	18.249	5777.7603	298.7604	25.7604	 0.75	 0.05	187.17	 3.96	15.34	 0.95	10.73	 0.98	321.63	299.32	308.98	285.71	305.89	0	57.14
2010	10	26	23.164	5777.9653	298.9652	25.9652	 1.00	 0.06	198.77	 3.15	 9.16	 0.99	10.72	 1.14	323.50	287.29	295.05	 0.00	295.62	0	54.00
2010	10	26	23.607	5777.9834	298.9836	25.9836	 0.94	 0.04	200.90	 2.49	 8.61	 0.97	10.73	 1.16	323.37	285.97	295.21	264.17	291.65	0	52.83
2010	10	27	0.491	5778.0205	299.0204	26.0205	 0.92	 0.04	190.36	 2.58	 5.24	 0.99	10.83	 1.11	323.69	284.04	291.33	264.52	290.48	0	52.90
2010	10	27	1.866	5778.0776	299.0777	26.0777	 0.97	 0.05	197.16	 3.13	 2.41	 1.00	10.82	 1.28	323.93	282.47	290.79	264.53	287.60	0	52.91
2010	10	27	2.308	5778.0962	299.0962	26.0962	 0.98	 0.05	193.43	 2.82	 2.43	 1.00	10.77	 1.23	323.82	282.05	289.83	264.53	288.52	0	52.91
2010	10	27	3.199	5778.1333	299.1333	26.1333	 0.89	 0.06	195.36	 3.68	 5.53	 1.00	10.92	 1.21	323.02	281.21	288.23	264.51	288.99	0	52.90
2010	10	27	5.006	5778.2085	299.2086	26.2086	 0.79	 0.05	194.65	 4.50	 6.11	 1.00	10.77	 1.15	322.34	279.64	284.09	263.36	 0.00	0	52.67
2010	10	27	5.451	5778.2271	299.2271	26.2271	 0.89	 0.05	196.96	 3.14	 5.59	 0.99	10.85	 1.25	322.22	279.45	285.95	263.16	 0.00	0	52.63
2010	10	27	5.920	5778.2466	299.2467	26.2467	 0.92	 0.04	191.52	 2.60	 1.49	 1.00	10.78	 1.22	321.39	279.17	285.30	263.35	287.02	0	52.67
2010	10	27	6.363	5778.2651	299.2651	26.2651	 0.92	 0.05	200.44	 3.01	 3.25	 1.00	10.80	 1.26	321.54	278.98	286.59	263.00	 0.00	0	52.60
2010	10	27	7.249	5778.3022	299.3020	26.3020	 1.14	 0.06	198.14	 2.60	 9.67	 0.98	10.90	 1.20	321.38	278.74	285.18	 0.00	 0.00	0	54.00
2010	10	27	7.692	5778.3203	299.3205	26.3205	 1.08	 0.07	201.43	 3.06	 3.87	 1.00	10.80	 1.23	321.78	278.58	283.94	262.29	284.83	0	52.46
2010	10	27	9.048	5778.3770	299.3770	26.3770	 1.29	 0.07	200.59	 2.17	 5.36	 0.99	11.00	 1.25	322.30	278.30	283.47	261.84	284.43	0	52.37
2010	10	27	9.492	5778.3955	299.3955	26.3955	 1.33	 0.05	197.75	 1.65	 2.32	 1.00	10.93	 1.23	321.83	278.20	282.02	 0.00	282.97	0	54.00
2010	10	27	9.937	5778.4141	299.4140	26.4140	 0.84	 0.06	190.94	 4.20	47.29	 0.79	10.83	 1.15	321.94	278.20	281.76	261.86	285.35	0	52.37
2010	10	27	10.406	5778.4336	299.4336	26.4336	 1.01	 0.05	199.09	 2.45	 4.65	 0.99	10.87	 1.17	321.76	278.49	283.77	264.41	285.91	0	52.88
2010	10	27	11.732	5778.4888	299.4888	26.4888	 0.98	 0.08	192.92	 4.23	 5.67	 1.00	10.72	 1.10	322.00	280.86	283.33	267.70	286.89	0	53.54
2010	10	27	13.508	5778.5630	299.5628	26.5628	 1.18	 0.06	201.79	 2.46	 2.96	 1.00	10.75	 1.28	321.70	286.73	292.69	271.41	293.68	0	54.28
2010	10	27	16.160	5778.6733	299.6733	26.6733	 1.69	 0.10	202.47	 1.95	 0.51	 1.00	10.72	 1.27	321.42	294.83	303.70	279.40	301.82	0	55.88
2010	10	27	18.372	5778.7656	299.7655	26.7655	 1.36	 0.11	196.93	 3.25	 4.54	 1.00	10.73	 1.03	317.44	295.97	306.64	281.98	303.18	0	56.40
2010	10	27	18.809	5778.7837	299.7837	26.7837	 1.84	 0.14	202.93	 2.08	 8.92	 0.99	10.73	 1.21	318.18	295.66	307.28	279.64	303.16	0	55.93
2010	10	27	21.025	5778.8760	299.8760	26.8760	 1.73	 0.11	195.64	 1.80	 8.28	 0.98	10.75	 1.13	318.60	291.68	301.62	276.76	300.37	0	55.35
2010	10	27	23.723	5778.9883	299.9885	26.9885	 1.44	 0.08	196.34	 2.15	 4.80	 1.00	10.82	 1.10	321.15	283.94	294.19	263.35	 0.00	0	52.67
2010	10	28	0.607	5779.0254	300.0253	27.0253	 1.28	 0.07	199.87	 2.48	 6.20	 1.00	10.80	 1.26	321.35	282.16	290.23	261.94	 0.00	0	52.39
2010	10	28	1.497	5779.0625	300.0624	27.0624	 1.15	 0.05	196.30	 2.11	 8.67	 0.97	10.72	 1.29	321.11	280.86	287.50	 0.00	288.66	0	54.00
2010	10	28	1.992	5779.0830	300.0830	27.0830	 1.04	 0.06	190.04	 3.09	 5.52	 1.00	10.87	 1.21	321.33	280.22	285.82	 0.00	 0.00	0	54.00
2010	10	28	3.325	5779.1387	300.1385	27.1385	 0.95	 0.05	192.98	 3.08	 1.63	 1.00	10.80	 1.25	321.61	279.09	285.33	262.05	285.25	0	52.41
2010	10	28	3.769	5779.1572	300.1570	27.1570	 0.93	 0.06	181.00	 3.54	 8.14	 0.99	10.75	 1.21	321.41	278.80	283.69	262.44	283.75	0	52.49
2010	10	28	4.236	5779.1763	300.1765	27.1765	 0.91	 0.04	181.67	 2.68	 4.28	 0.99	10.85	 1.25	321.56	278.57	284.61	 0.00	283.55	0	54.00
2010	10	28	5.122	5779.2134	300.2134	27.2134	 0.81	 0.06	174.46	 3.99	 3.66	 1.00	10.72	 1.29	321.57	278.19	285.85	 0.00	 0.00	0	54.00
2010	10	28	5.565	5779.2319	300.2319	27.2319	 0.86	 0.06	171.76	 3.98	 9.15	 0.99	10.83	 1.29	321.65	278.08	284.90	262.38	284.46	0	52.48
2010	10	28	6.007	5779.2505	300.2503	27.2503	 0.65	 0.05	177.38	 5.57	 1.67	 1.00	10.75	 1.16	321.06	277.93	286.21	262.20	284.23	0	52.44
2010	10	28	6.474	5779.2695	300.2697	27.2698	 0.63	 0.07	164.55	 7.55	 7.01	 1.00	10.77	 1.12	320.86	277.82	279.51	262.08	282.73	0	52.42
2010	10	28	6.917	5779.2881	300.2882	27.2882	 0.77	 0.05	175.74	 3.64	 4.08	 1.00	10.77	 1.30	320.69	277.57	284.96	262.01	285.36	0	52.40
2010	10	28	7.358	5779.3066	300.3066	27.3066	 0.61	 0.06	176.59	 7.43	 6.59	 1.00	10.73	 1.18	321.35	277.43	283.27	 0.00	284.74	0	54.00
2010	10	28	8.243	5779.3433	300.3434	27.3434	 0.74	 0.05	174.19	 4.31	 3.36	 1.00	10.80	 1.27	325.00	277.38	283.58	 0.00	284.65	0	54.00
2010	10	28	10.054	5779.4189	300.4189	27.4189	 0.70	 0.06	178.41	 5.49	 1.73	 1.00	10.80	 1.23	323.10	277.37	284.08	261.66	 0.00	0	52.33
2010	10	28	10.498	5779.4375	300.4374	27.4374	 0.73	 0.05	168.38	 4.39	 5.08	 1.00	10.75	 1.16	322.75	277.74	280.28	262.77	282.14	0	52.55
2010	10	28	11.411	5779.4756	300.4755	27.4755	 0.62	 0.04	172.65	 4.16	 2.52	 1.00	10.75	 1.21	322.35	279.23	279.95	 0.00	285.33	0	54.00
2010	10	28	12.725	5779.5303	300.5302	27.5302	 0.58	 0.03	178.51	 4.36	20.81	 0.75	10.75	 1.09	323.62	282.88	287.49	266.03	291.69	0	53.21
2010	10	28	13.189	5779.5493	300.5496	27.5495	 0.80	 0.07	187.54	 5.48	 8.30	 1.00	10.78	 1.30	324.49	284.40	290.94	268.26	291.13	0	53.65
2010	10	28	15.408	5779.6421	300.6420	27.6420	 0.77	 0.05	186.96	 4.39	14.67	 0.97	10.78	 1.18	325.80	292.04	301.09	273.43	298.52	0	54.69
2010	10	28	15.846	5779.6602	300.6603	27.6603	 0.95	 0.06	175.17	 3.15	 8.38	 0.99	10.72	 1.20	325.88	293.18	299.77	275.65	299.63	0	55.13
2010	10	28	17.624	5779.7344	300.7343	27.7343	 1.07	 0.08	198.60	 3.93	 8.69	 1.00	10.77	 1.18	321.28	295.45	306.02	278.45	302.09	0	55.69
2010	10	28	18.937	5779.7891	300.7890	27.7890	 0.84	 0.11	189.12	 7.76	14.76	 1.00	10.75	 0.85	321.44	294.80	305.32	277.56	302.07	0	55.51
2010	10	28	20.715	5779.8633	300.8631	27.8631	 1.42	 0.15	189.98	 3.96	17.66	 1.00	10.73	 1.23	321.29	291.58	301.80	274.37	301.43	0	54.87
2010	10	28	22.508	5779.9380	300.9378	27.9378	 1.79	 0.77	194.10	12.23	597.67	 0.96	10.73	 1.22	321.43	285.95	297.26	 0.00	293.90	0	54.00
2010	10	28	22.948	5779.9561	300.9561	27.9562	 1.25	 0.08	193.30	 2.78	 5.31	 1.00	10.73	 1.23	321.22	284.47	293.68	261.54	 0.00	0	52.31
2010	10	28	23.388	5779.9746	300.9745	27.9745	 1.11	 0.06	198.08	 2.50	 4.77	 1.00	10.90	 1.26	321.09	283.09	292.21	260.39	 0.00	0	52.08
2010	10	29	0.749	5780.0312	301.0312	28.0312	 0.95	 0.05	185.19	 2.65	 4.27	 0.99	10.82	 1.22	320.49	279.76	287.20	259.54	286.27	0	51.91
2010	10	29	1.640	5780.0684	301.0683	28.0683	 0.75	 0.05	187.40	 4.42	 5.35	 1.00	10.82	 1.17	320.47	278.27	282.10	259.39	284.65	0	51.88
2010	10	29	2.087	5780.0869	301.0869	28.0869	 0.78	 0.04	190.02	 3.23	 1.31	 1.00	10.75	 1.19	320.14	277.70	283.52	259.33	285.36	0	51.87
2010	10	29	3.028	5780.1260	301.1262	28.1262	 0.88	 0.04	183.51	 2.58	 2.21	 1.00	10.80	 1.17	319.60	276.74	281.58	259.15	284.62	0	51.83
2010	10	29	3.472	5780.1445	301.1447	28.1447	 0.88	 0.07	179.16	 4.39	 6.59	 1.00	10.78	 1.19	320.19	276.37	282.42	 0.00	284.05	0	54.00
2010	10	29	3.918	5780.1631	301.1632	28.1632	 0.93	 0.06	182.05	 3.15	10.21	 0.98	10.87	 1.25	320.28	276.09	282.04	 0.00	 0.00	0	54.00
2010	10	29	4.364	5780.1816	301.1818	28.1818	 1.11	 0.13	199.26	 5.79	215.68	 0.66	10.75	 1.30	320.83	275.85	283.29	258.49	280.83	0	51.70
2010	10	29	5.278	5780.2197	301.2199	28.2199	 0.74	 0.05	184.04	 4.03	 7.45	 0.99	10.92	 1.11	319.63	275.31	280.45	258.02	282.80	0	51.60
2010	10	29	7.076	5780.2949	301.2949	28.2948	 0.83	 0.05	178.45	 3.47	 4.69	 1.00	10.90	 1.12	322.33	274.35	278.28	 0.00	281.46	0	54.00
2010	10	29	7.521	5780.3135	301.3134	28.3134	 0.85	 0.04	184.25	 2.68	 8.13	 0.96	10.87	 1.17	321.26	274.24	281.11	257.36	281.40	0	51.47
2010	10	29	8.410	5780.3506	301.3504	28.3504	 0.87	 0.05	180.99	 3.10	 2.10	 1.00	10.78	 1.18	320.72	273.98	279.14	257.28	279.88	0	51.46
2010	10	29	9.321	5780.3882	301.3884	28.3884	 0.80	 0.06	187.02	 4.35	 2.98	 1.00	10.90	 1.09	322.02	273.73	279.66	257.20	279.46	0	51.44
2010	10	29	16.883	5780.7036	301.7035	28.7035	 0.75	 0.09	193.20	 8.09	25.52	 0.99	10.77	 1.08	318.44	291.36	301.30	273.18	300.50	0	54.64
2010	10	29	17.759	5780.7397	301.7400	28.7400	 1.16	 0.09	200.84	 3.65	 6.89	 1.00	10.73	 1.30	315.94	291.99	302.46	275.17	298.77	0	55.03
2010	10	29	18.221	5780.7593	301.7592	28.7592	 1.12	 0.10	199.97	 4.38	11.87	 1.00	10.75	 1.26	315.76	291.93	303.31	275.71	298.98	0	55.14
2010	10	29	18.658	5780.7773	301.7774	28.7774	 0.69	 0.05	190.31	 5.58	34.73	 0.89	10.72	 0.86	315.64	291.75	300.05	276.47	299.03	0	55.29
2010	10	29	19.095	5780.7954	301.7956	28.7956	 1.25	 0.12	196.94	 3.97	 3.85	 1.00	10.73	 1.22	315.75	291.42	305.47	275.51	298.87	0	55.10
2010	10	29	19.532	5780.8140	301.8138	28.8138	 1.19	 0.12	199.17	 4.71	 6.47	 1.00	10.73	 1.23	315.73	290.85	303.79	275.11	300.68	0	55.02
2010	10	29	20.868	5780.8696	301.8695	28.8695	 1.20	 0.09	182.65	 2.99	33.85	 0.89	10.73	 1.16	315.46	288.32	297.55	271.88	294.86	0	54.38
2010	10	29	21.308	5780.8877	301.8878	28.8878	 0.80	 0.10	189.46	 7.99	11.76	 1.00	10.80	 1.02	315.45	287.22	297.16	270.95	 0.00	0	54.19
2010	10	29	21.752	5780.9062	301.9063	28.9063	 0.89	 0.09	191.47	 5.82	11.67	 1.00	10.98	 1.09	315.85	285.99	297.64	267.40	 0.00	0	53.48
2010	10	29	23.104	5780.9629	301.9627	28.9627	 1.05	 0.05	190.72	 2.47	 7.26	 0.98	10.73	 1.16	317.95	281.92	292.35	260.91	290.37	0	52.18
2010	10	29	23.989	5780.9995	301.9995	28.9995	 1.00	 0.05	195.85	 2.76	 8.70	 0.98	10.77	 1.20	318.73	279.87	287.50	258.55	287.90	0	51.71
2010	10	30	1.345	5781.0562	302.0561	29.0561	 0.72	 0.05	187.49	 4.53	 7.92	 0.99	10.90	 1.29	320.12	277.55	285.07	258.94	282.66	0	51.79
2010	10	30	1.789	5781.0747	302.0746	29.0746	 0.70	 0.04	184.14	 3.89	 7.49	 0.98	10.87	 1.25	320.17	277.04	283.89	259.22	283.46	0	51.84
2010	10	30	2.671	5781.1113	302.1113	29.1113	 0.60	 0.05	183.03	 6.86	 3.55	 1.00	10.78	 1.14	320.30	276.31	281.67	259.13	282.81	0	51.83
2010	10	30	3.611	5781.1504	302.1505	29.1505	 0.71	 0.06	176.08	 5.22	 2.75	 1.00	10.90	 1.24	320.15	275.78	279.50	258.90	283.61	0	51.78
2010	10	30	4.055	5781.1689	302.1689	29.1689	 0.69	 0.05	180.27	 5.20	 9.26	 0.99	10.83	 1.24	320.12	275.56	283.91	258.88	 0.00	0	51.78
2010	10	30	4.942	5781.2061	302.2059	29.2059	 0.68	 0.04	184.07	 4.21	 1.50	 1.00	10.73	 1.26	320.27	275.27	282.69	258.86	281.63	0	51.77
2010	10	30	5.408	5781.2256	302.2253	29.2253	 0.59	 0.05	181.56	 6.18	 4.63	 1.00	10.73	 1.15	320.20	275.16	279.73	 0.00	282.94	0	54.00
2010	10	30	5.858	5781.2441	302.2440	29.2441	 0.54	 0.05	185.69	 7.68	 3.72	 1.00	10.90	 1.14	320.09	275.06	280.64	258.72	 0.00	0	51.74
2010	10	30	7.189	5781.2993	302.2996	29.2995	 0.61	 0.05	178.91	 6.42	 1.18	 1.00	10.70	 1.21	319.95	274.76	282.98	 0.00	282.34	0	54.00
2010	10	30	7.654	5781.3188	302.3189	29.3189	 0.49	 0.04	190.43	 7.52	 1.70	 1.00	10.78	 1.12	319.96	274.68	280.00	258.84	279.56	0	51.77
2010	10	30	8.541	5781.3560	302.3559	29.3559	 0.54	 0.05	179.33	 6.83	 5.63	 1.00	10.97	 1.14	319.94	274.59	279.73	258.76	280.80	0	51.75
2010	10	30	8.986	5781.3745	302.3744	29.3744	 0.46	 0.05	186.90	10.41	14.44	 0.98	10.82	 1.11	319.97	274.53	280.32	258.76	279.36	0	51.75
2010	10	30	9.434	5781.3931	302.3931	29.3931	 0.56	 0.05	175.22	 6.31	13.62	 0.97	10.72	 1.13	319.96	274.49	281.77	258.80	 0.00	0	51.76
2010	10	30	9.901	5781.4126	302.4125	29.4125	 0.66	 0.05	166.04	 4.71	 2.77	 1.00	10.75	 1.16	320.13	274.58	281.84	259.10	280.66	0	51.82
2010	10	30	11.676	5781.4863	302.4865	29.4865	 0.33	 0.08	192.59	29.96	22.72	 0.99	10.87	 1.13	320.10	277.55	280.64	265.17	283.93	0	53.03
2010	10	30	12.579	5781.5239	302.5241	29.5241	 0.42	 0.03	183.35	 7.40	 9.37	 0.94	10.82	 1.23	320.36	280.38	287.73	266.52	287.37	0	53.30
2010	10	30	13.455	5781.5605	302.5606	29.5606	 0.41	 0.04	178.56	10.25	26.15	 0.87	10.68	 1.16	320.25	283.90	291.00	270.41	291.10	0	54.08
2010	10	30	13.892	5781.5786	302.5789	29.5789	 0.44	 0.04	177.61	 8.25	14.93	 0.94	10.72	 1.23	320.52	285.70	292.91	270.65	290.45	0	54.13
2010	10	30	14.355	5781.5981	302.5981	29.5981	 0.61	 0.03	165.32	 3.62	 7.94	 0.93	10.75	 1.29	320.04	287.44	297.64	271.44	297.80	0	54.29
2010	10	30	14.794	5781.6162	302.6164	29.6164	 0.52	 0.03	167.90	 4.48	 7.58	 0.94	10.72	 1.29	319.31	289.12	299.40	273.04	296.71	0	54.61
2010	10	30	15.231	5781.6348	302.6346	29.6346	 0.63	 0.04	162.50	 3.83	22.49	 0.71	10.73	 1.25	316.32	290.41	300.01	274.38	297.74	0	54.88
2010	10	30	18.314	5781.7632	302.7631	29.7631	 0.71	 0.05	183.31	 4.76	23.00	 0.92	10.77	 1.18	316.20	293.71	304.13	279.08	300.77	0	55.82
2010	10	30	19.650	5781.8188	302.8188	29.8188	 0.76	 0.07	179.87	 5.93	15.19	 0.99	10.72	 1.23	317.61	292.46	304.57	276.12	302.55	0	55.22
2010	10	30	20.088	5781.8369	302.8370	29.8370	 0.93	 0.06	196.77	 3.66	 4.77	 1.00	10.73	 1.25	317.69	291.81	304.44	277.29	300.05	0	55.46
2010	10	30	20.527	5781.8555	302.8553	29.8553	 1.01	 0.09	186.36	 4.40	 7.48	 1.00	10.72	 1.21	318.05	291.04	304.00	275.84	299.51	0	55.17
2010	10	30	20.989	5781.8745	302.8745	29.8745	 0.84	 0.05	187.37	 3.64	11.38	 0.98	10.77	 1.00	318.31	289.95	302.07	275.33	298.32	0	55.07
2010	10	30	23.687	5781.9868	302.9869	29.9869	 1.12	 0.07	183.72	 2.99	 7.33	 1.00	10.72	 1.22	317.71	282.12	291.24	 0.00	289.19	0	54.00
2010	10	31	0.573	5782.0239	303.0239	30.0239	 0.70	 0.18	186.60	18.31	93.43	 1.00	10.78	 1.12	317.38	279.92	288.28	259.53	286.82	0	51.91
2010	10	31	1.014	5782.0425	303.0423	30.0423	 0.67	 0.06	171.58	 5.54	11.18	 0.99	10.72	 1.21	317.89	279.02	287.22	259.07	287.06	0	51.81
2010	10	31	1.483	5782.0620	303.0618	30.0618	 0.46	 0.04	177.72	 6.98	15.70	 0.89	10.88	 1.18	318.46	278.27	284.52	260.36	284.94	0	52.07
2010	10	31	1.928	5782.0806	303.0803	30.0803	 0.54	 0.04	183.62	 6.20	 3.62	 1.00	10.82	 1.29	318.32	277.81	284.55	 0.00	 0.00	0	54.00
2010	10	31	3.757	5782.1567	303.1565	30.1565	 0.52	 0.05	181.11	 7.79	 8.09	 0.99	10.82	 1.12	318.99	276.44	283.61	259.70	284.41	0	51.94
2010	10	31	4.200	5782.1748	303.1750	30.1750	 0.62	 0.04	169.55	 4.67	11.08	 0.96	10.83	 1.22	318.93	276.20	283.41	259.43	284.28	0	51.89
2010	10	31	4.646	5782.1934	303.1936	30.1936	 0.64	 0.05	162.98	 5.36	10.59	 0.98	10.90	 1.24	318.95	275.97	282.96	259.09	283.89	0	51.82
2010	10	31	5.090	5782.2119	303.2121	30.2121	 0.46	 0.04	181.27	 8.65	 5.03	 1.00	10.82	 1.17	318.94	275.77	282.19	259.03	282.25	0	51.81
2010	10	31	6.002	5782.2500	303.2501	30.2501	 0.49	 0.03	166.91	 5.49	 3.80	 0.99	10.95	 1.22	318.83	275.41	281.96	260.03	 0.00	0	52.01
2010	10	31	6.885	5782.2871	303.2869	30.2869	 0.48	 0.06	165.11	 9.47	 8.17	 0.99	10.73	 1.20	319.10	275.27	282.85	259.67	 0.00	0	51.93
2010	10	31	7.329	5782.3052	303.3054	30.3054	 0.55	 0.04	158.80	 5.04	 3.42	 1.00	10.78	 1.24	319.40	275.18	283.59	259.90	282.94	0	51.98
2010	10	31	7.772	5782.3237	303.3238	30.3238	 0.53	 0.05	158.57	 6.95	 2.21	 1.00	10.98	 1.24	319.72	275.10	282.54	 0.00	280.15	0	54.00
2010	10	31	8.241	5782.3433	303.3434	30.3434	 0.54	 0.04	162.01	 5.42	 1.41	 1.00	10.85	 1.19	320.05	275.01	282.49	259.09	 0.00	0	51.82
2010	10	31	8.682	5782.3618	303.3618	30.3618	 0.42	 0.03	169.40	 7.47	 6.67	 0.97	10.85	 1.15	320.07	274.93	280.23	259.04	281.25	0	51.81
2010	10	31	9.125	5782.3804	303.3802	30.3802	 0.41	 0.04	168.86	 7.88	 7.72	 0.96	10.88	 1.15	320.26	274.87	280.67	 0.00	279.80	0	54.00
2010	10	31	15.348	5782.6396	303.6395	30.6395	 0.53	 0.04	166.49	 6.32	 2.47	 1.00	10.73	 1.24	319.81	289.22	296.49	278.01	295.52	0	55.60
2010	10	31	16.224	5782.6758	303.6760	30.6760	 0.67	 0.06	164.64	 5.26	23.55	 0.92	10.73	 1.18	316.83	292.11	299.44	279.45	298.67	0	55.89
2010	10	31	16.661	5782.6943	303.6942	30.6942	 0.45	 0.05	189.01	11.47	89.63	 0.57	10.72	 1.11	318.18	293.17	303.73	280.03	300.10	0	56.01
2010	10	31	17.124	5782.7134	303.7135	30.7135	 0.60	 0.07	174.18	 7.79	 9.90	 1.00	10.77	 1.11	318.67	294.13	304.10	282.00	300.98	0	56.40
2010	10	31	17.561	5782.7319	303.7317	30.7317	 0.83	 0.06	181.13	 3.86	23.48	 0.92	10.72	 1.25	317.53	294.66	304.79	281.74	301.38	0	56.35
2010	10	31	18.874	5782.7866	303.7864	30.7864	 0.83	 0.05	194.66	 3.49	 4.68	 1.00	10.73	 1.23	316.04	294.45	305.87	278.87	301.63	0	55.77
2010	10	31	19.336	5782.8057	303.8057	30.8057	 0.98	 0.06	176.78	 2.93	11.96	 0.97	10.75	 1.10	316.07	293.84	305.13	279.06	301.54	0	55.81
2010	10	31	19.773	5782.8237	303.8239	30.8239	 0.82	 0.07	199.39	 5.36	 4.83	 1.00	10.72	 1.17	316.56	293.23	303.91	277.90	301.21	0	55.58
2010	10	31	20.648	5782.8604	303.8603	30.8603	 1.03	 0.06	191.85	 3.01	 6.41	 1.00	10.85	 1.14	316.50	291.58	302.99	277.20	299.91	0	55.44
2010	10	31	21.087	5782.8784	303.8786	30.8786	 1.02	 0.08	190.71	 3.84	 1.60	 1.00	10.75	 1.05	316.39	290.65	305.31	275.57	299.03	0	55.11
2010	10	31	23.787	5782.9912	303.9911	30.9911	 0.84	 0.05	186.86	 3.28	 9.17	 0.98	10.77	 1.12	321.22	283.08	292.40	261.93	290.33	0	52.39
