2011	10	1	0.315	6117.0132	273.0131	0.0131	 0.76	 0.06	197.37	 5.75	 9.97	 1.00	10.78	 1.21	321.88	281.50	290.29	261.06	288.23	0	52.21
2011	10	1	1.192	6117.0498	273.0497	0.0497	 0.81	 0.05	189.19	 3.72	 3.12	 1.00	10.73	 1.21	321.89	279.89	289.78	260.59	287.84	0	52.12
2011	10	1	1.629	6117.0679	273.0679	0.0679	 0.84	 0.05	191.70	 3.68	 1.78	 1.00	10.70	 1.19	321.44	279.23	286.14	260.32	285.72	0	52.06
2011	10	1	2.091	6117.0869	273.0871	0.0871	 0.80	 0.05	188.64	 4.15	 2.92	 1.00	10.83	 1.20	321.17	278.59	284.82	260.44	285.02	0	52.09
2011	10	1	2.531	6117.1055	273.1054	0.1054	 0.86	 0.06	187.43	 4.16	 5.41	 1.00	10.73	 1.22	321.67	278.15	285.02	260.34	284.37	0	52.07
2011	10	1	2.970	6117.1235	273.1237	0.1238	 0.80	 0.06	189.32	 4.52	 6.27	 1.00	10.80	 1.14	324.47	277.83	283.97	260.06	282.75	0	52.01
2011	10	1	4.749	6117.1978	273.1979	0.1979	 0.85	 0.04	188.99	 2.80	 1.96	 1.00	10.73	 1.21	324.49	276.89	282.30	260.34	281.70	0	52.07
2011	10	1	5.188	6117.2163	273.2162	0.2162	 0.85	 0.06	191.81	 4.30	 2.37	 1.00	10.73	 1.29	323.27	276.79	283.45	260.01	282.91	0	52.00
2011	10	1	5.625	6117.2344	273.2344	0.2344	 0.85	 0.05	182.42	 3.05	 5.82	 0.99	10.72	 1.24	321.93	276.57	284.15	259.68	284.09	0	51.94
2011	10	1	7.414	6117.3091	273.3089	0.3089	 0.69	 0.05	158.35	 4.60	 7.94	 0.99	10.75	 1.18	323.21	275.92	281.52	259.80	283.53	0	51.96
2011	10	1	7.852	6117.3271	273.3272	0.3272	 0.53	 0.05	176.61	 8.09	 8.43	 0.99	10.75	 1.13	323.40	275.86	279.14	258.83	281.96	0	51.77
2011	10	1	8.754	6117.3647	273.3647	0.3648	 0.79	 0.05	166.01	 3.75	10.36	 0.98	10.77	 1.20	323.56	275.57	283.25	258.64	280.21	0	51.73
2011	10	1	10.513	6117.4380	273.4380	0.4381	 0.75	 0.05	176.78	 4.23	 2.18	 1.00	10.73	 1.21	321.53	275.12	281.34	259.20	 0.00	0	51.84
# Unit 3, Cerro Chajnantor CCAT, Filter  0,  Slot 1, 350 um (616) & yellow
#				days
#				since		day of	day of
# yr	mo	dy	 time	1/1/1995	year	month	Tau	unc	Tatm	unc	mse	fitgood	Etime	R	Thot	Twarm	Tchop	Tamb	<Tint>	Filter	Toff
# 1	2	3	4	5		6	7	8	9	10	11	12	13	14	15	16	17	18	19	20	21	22
2011	10	1	11.438	6117.4766	273.4766	0.4766	 0.66	 0.06	183.94	 6.60	 2.82	 1.00	10.73	 1.18	321.53	276.12	281.16	261.86	282.24	0	52.37
2011	10	1	11.877	6117.4951	273.4949	0.4949	 0.70	 0.06	178.40	 5.24	 1.82	 1.00	10.72	 1.19	321.81	277.23	282.79	263.15	281.65	0	52.63
2011	10	1	13.215	6117.5508	273.5506	0.5506	 0.69	 0.05	174.31	 4.60	 4.63	 1.00	10.77	 1.18	322.24	281.33	288.42	265.30	288.14	0	53.06
2011	10	1	13.655	6117.5688	273.5690	0.5690	 0.62	 0.05	185.27	 6.11	18.36	 0.96	10.75	 1.27	322.42	283.11	290.53	266.05	289.69	0	53.21
2011	10	1	14.971	6117.6240	273.6238	0.6238	 0.57	 0.04	192.91	 6.12	133.70	 0.09	10.72	 1.17	322.86	287.67	295.10	266.36	294.22	0	53.27
2011	10	1	15.434	6117.6431	273.6431	0.6431	 0.82	 0.05	167.55	 3.56	 5.74	 0.99	10.77	 1.11	322.78	288.99	297.06	265.52	297.79	0	53.10
2011	10	1	17.647	6117.7354	273.7353	0.7353	 0.62	 0.06	184.24	 6.73	13.49	 0.99	10.75	 1.03	322.17	293.43	300.86	279.83	299.72	0	55.97
2011	10	1	18.085	6117.7534	273.7535	0.7535	 0.76	 0.04	185.03	 3.01	 5.94	 0.98	10.75	 1.13	320.78	293.85	303.92	280.52	300.22	0	56.10
2011	10	1	18.522	6117.7720	273.7718	0.7718	 1.04	 0.04	187.58	 2.04	24.21	 0.65	10.73	 1.27	322.25	294.03	305.16	279.91	300.81	0	55.98
2011	10	1	18.961	6117.7900	273.7900	0.7900	 0.65	 0.06	190.60	 6.49	20.67	 0.97	10.73	 1.02	321.36	293.85	304.14	277.82	302.40	0	55.56
2011	10	1	20.297	6117.8457	273.8457	0.8457	 0.99	 0.03	184.10	 1.47	 5.56	 0.90	10.73	 1.22	322.13	291.98	302.78	276.31	299.63	0	55.26
2011	10	1	20.736	6117.8638	273.8640	0.8640	 0.89	 0.05	183.65	 3.38	 5.62	 1.00	10.73	 1.16	322.14	291.06	302.52	 0.00	298.78	0	54.00
2011	10	1	21.174	6117.8823	273.8823	0.8823	 0.86	 0.04	190.23	 2.83	 3.66	 1.00	10.77	 1.22	322.25	290.02	302.45	272.49	296.06	0	54.50
2011	10	1	22.516	6117.9380	273.9381	0.9381	 1.02	 0.08	185.78	 4.10	 8.06	 1.00	10.73	 1.17	323.52	285.78	296.08	264.24	291.62	0	52.85
2011	10	1	22.956	6117.9565	273.9565	0.9565	 0.79	 0.05	194.37	 4.08	16.46	 0.96	10.83	 1.12	324.62	284.76	292.78	263.39	290.24	0	52.68
2011	10	2	0.737	6118.0308	274.0307	1.0307	 0.64	 0.05	185.67	 6.11	11.38	 0.99	10.73	 1.15	325.26	281.29	287.28	262.35	287.71	0	52.47
2011	10	2	1.174	6118.0488	274.0489	1.0489	 0.62	 0.04	187.21	 4.87	 3.88	 1.00	10.77	 1.14	325.14	280.63	286.82	261.34	286.99	0	52.27
2011	10	2	1.612	6118.0674	274.0671	1.0672	 0.75	 0.04	187.63	 3.24	 6.56	 0.98	10.72	 1.21	324.73	280.09	285.54	260.91	286.30	0	52.18
2011	10	2	5.613	6118.2339	274.2339	1.2339	 0.66	 0.06	190.16	 6.68	 5.45	 1.00	10.80	 1.10	321.75	273.37	278.03	261.60	278.15	0	52.32
2011	10	2	6.952	6118.2896	274.2896	1.2897	 0.76	 0.04	192.54	 3.38	 2.57	 1.00	10.78	 1.23	321.92	275.03	279.13	262.18	281.40	0	52.44
2011	10	2	7.391	6118.3081	274.3080	1.3080	 0.79	 0.05	190.05	 4.33	 2.77	 1.00	10.72	 1.21	321.89	275.45	281.72	261.97	281.88	0	52.39
2011	10	2	7.829	6118.3262	274.3262	1.3262	 0.80	 0.05	196.03	 3.99	17.19	 0.95	10.78	 1.22	321.87	275.84	282.83	262.14	280.82	0	52.43
2011	10	2	9.608	6118.4004	274.4003	1.4003	 0.83	 0.03	189.76	 2.56	 9.89	 0.92	10.75	 1.16	321.89	276.88	281.05	262.06	283.33	0	52.41
2011	10	2	10.487	6118.4370	274.4370	1.4369	 0.87	 0.07	193.68	 4.60	 8.55	 1.00	10.73	 1.26	321.88	277.42	284.23	264.07	283.77	0	52.81
2011	10	2	10.926	6118.4551	274.4553	1.4553	 0.95	 0.04	185.23	 2.19	 1.69	 1.00	10.73	 1.27	321.92	278.02	282.94	265.02	284.35	0	53.00
2011	10	2	11.852	6118.4937	274.4939	1.4939	 0.91	 0.06	189.43	 3.51	 4.65	 1.00	10.77	 1.18	322.13	280.33	287.98	265.82	287.35	0	53.16
2011	10	2	12.290	6118.5122	274.5121	1.5121	 0.79	 0.03	196.39	 2.75	 1.93	 1.00	10.75	 1.21	322.05	281.81	288.00	268.48	289.05	0	53.70
2011	10	2	14.944	6118.6226	274.6227	1.6227	 0.97	 0.04	196.32	 2.31	 3.12	 1.00	10.72	 1.19	321.64	292.24	300.44	276.55	298.77	0	55.31
2011	10	2	15.843	6118.6602	274.6601	1.6601	 1.16	 0.06	194.90	 2.48	 9.70	 0.98	10.78	 1.10	324.37	295.09	304.66	284.41	300.53	0	56.88
2011	10	2	16.717	6118.6968	274.6966	1.6966	 1.55	 0.08	201.24	 1.91	 6.57	 0.99	10.73	 1.20	316.38	296.65	306.40	287.91	301.64	0	57.58
2011	10	2	17.154	6118.7148	274.7148	1.7147	 1.34	 0.10	196.51	 2.90	 3.91	 1.00	10.73	 1.01	316.26	297.27	307.41	289.32	302.44	0	57.86
2011	10	2	22.014	6118.9175	274.9172	1.9172	 1.12	 0.09	205.46	 4.13	10.06	 1.00	10.73	 1.16	318.78	287.89	304.68	265.84	295.47	0	53.17
2011	10	2	22.914	6118.9546	274.9548	1.9548	 1.30	 0.06	200.48	 1.83	 9.96	 0.95	10.73	 1.28	319.84	285.49	296.00	265.48	292.74	0	53.10
2011	10	2	23.791	6118.9912	274.9913	1.9913	 0.95	 0.05	196.47	 2.91	10.34	 0.97	10.73	 1.15	320.11	283.44	292.09	263.90	291.65	0	52.78
2011	10	3	0.228	6119.0093	275.0095	2.0095	 1.17	 0.07	200.92	 2.62	 1.54	 1.00	10.75	 1.19	317.27	282.53	293.08	263.72	289.24	0	52.74
2011	10	3	0.691	6119.0288	275.0288	2.0288	 1.16	 0.06	197.83	 2.28	 3.82	 1.00	10.78	 1.16	316.14	281.60	288.77	263.96	289.39	0	52.79
2011	10	3	1.128	6119.0469	275.0470	2.0470	 1.23	 0.05	201.90	 1.74	 1.69	 1.00	10.80	 1.23	317.31	281.06	287.11	265.12	287.62	0	53.02
2011	10	3	1.568	6119.0654	275.0653	2.0653	 1.32	 0.08	201.61	 2.39	 3.75	 1.00	10.73	 1.19	317.62	280.81	287.62	265.00	289.10	0	53.00
2011	10	3	2.904	6119.1211	275.1210	2.1210	 1.36	 0.06	202.51	 1.81	10.40	 0.95	10.77	 1.16	317.91	280.29	287.73	264.98	287.35	0	53.00
2011	10	3	3.780	6119.1577	275.1575	2.1575	 1.25	 0.06	199.62	 2.24	 7.59	 0.99	10.73	 1.15	317.68	280.08	288.12	265.05	287.14	0	53.01
2011	10	3	4.219	6119.1758	275.1758	2.1758	 1.26	 0.05	199.99	 1.60	 1.92	 1.00	10.73	 1.21	317.68	279.91	287.23	265.06	286.97	0	53.01
2011	10	3	4.655	6119.1938	275.1940	2.1940	 1.22	 0.06	201.26	 2.28	 2.83	 1.00	10.70	 1.22	317.65	279.67	287.13	264.93	288.20	0	52.99
2011	10	3	5.119	6119.2134	275.2133	2.2133	 1.28	 0.08	204.25	 2.59	 3.77	 1.00	10.77	 1.28	317.41	279.45	288.65	264.75	285.00	0	52.95
2011	10	3	6.436	6119.2681	275.2682	2.2681	 1.15	 0.07	196.15	 2.88	 2.84	 1.00	10.73	 1.15	319.95	278.73	283.59	263.33	285.07	0	52.67
2011	10	3	8.212	6119.3423	275.3422	2.3422	 1.22	 0.07	199.46	 2.70	 6.62	 1.00	10.73	 1.27	320.25	278.38	286.19	263.08	284.98	0	52.62
2011	10	3	8.650	6119.3604	275.3604	2.3604	 1.00	 0.07	194.18	 3.56	 1.55	 1.00	10.78	 1.14	320.07	278.34	283.58	263.00	284.92	0	52.60
2011	10	3	9.088	6119.3784	275.3787	2.3787	 0.97	 0.05	195.39	 2.61	 3.63	 1.00	10.73	 1.10	320.25	278.25	285.92	262.39	284.80	0	52.48
2011	10	3	9.550	6119.3979	275.3979	2.3979	 1.12	 0.05	197.75	 2.08	 2.99	 1.00	10.82	 1.28	320.21	278.19	286.18	263.04	284.72	0	52.61
2011	10	3	10.426	6119.4346	275.4344	2.4344	 1.19	 0.06	200.56	 2.14	 2.00	 1.00	10.75	 1.25	319.63	278.18	285.20	263.25	284.50	0	52.65
2011	10	3	11.302	6119.4707	275.4709	2.4709	 1.15	 0.08	200.37	 3.13	20.59	 0.96	10.73	 1.13	317.74	278.75	284.78	265.43	286.87	0	53.09
2011	10	3	12.247	6119.5103	275.5103	2.5103	 1.13	 0.06	197.18	 2.64	 4.32	 1.00	10.77	 1.18	317.71	280.94	286.36	265.81	288.02	0	53.16
2011	10	3	14.021	6119.5840	275.5842	2.5842	 1.36	 0.07	198.72	 2.11	 1.54	 1.00	10.77	 1.29	318.32	286.95	296.02	269.08	293.81	0	53.82
2011	10	3	14.458	6119.6025	275.6024	2.6024	 1.16	 0.07	198.12	 2.94	 2.03	 1.00	10.73	 1.18	319.19	288.38	296.91	268.25	298.04	0	53.65
2011	10	3	15.333	6119.6387	275.6389	2.6389	 1.33	 0.06	201.77	 1.99	 1.41	 1.00	10.73	 1.30	319.46	290.70	299.63	269.89	297.90	0	53.98
2011	10	3	16.670	6119.6943	275.6946	2.6946	 1.27	 0.06	199.69	 1.91	 3.94	 0.99	10.72	 1.19	318.82	292.82	296.77	275.73	299.85	0	55.15
2011	10	3	19.758	6119.8232	275.8232	2.8232	 2.12	 0.28	194.07	 2.96	11.56	 1.00	10.73	 0.94	318.65	291.20	301.78	270.92	298.51	0	54.18
2011	10	3	20.659	6119.8608	275.8608	2.8608	 2.78	 0.46	205.24	 2.44	 3.12	 1.00	10.77	 1.29	319.33	289.22	299.87	265.32	298.56	0	53.06
2011	10	3	22.876	6119.9531	275.9532	2.9532	 2.01	 0.14	200.33	 1.73	 1.73	 1.00	10.80	 1.15	320.99	283.06	292.27	260.51	288.70	0	52.10
2011	10	3	23.317	6119.9717	275.9716	2.9716	 1.60	 0.12	195.05	 2.38	 7.59	 1.00	10.78	 1.21	321.00	281.86	290.91	 0.00	287.27	0	54.00
2011	10	4	0.196	6120.0083	276.0081	3.0081	 1.32	 0.09	192.95	 2.78	 7.43	 1.00	10.82	 1.24	320.72	279.83	286.56	258.49	286.37	0	51.70
2011	10	4	0.633	6120.0264	276.0264	3.0264	 1.16	 0.08	191.35	 3.24	67.62	 0.70	10.73	 1.16	321.27	278.93	286.55	258.32	285.35	0	51.66
2011	10	4	1.095	6120.0454	276.0456	3.0456	 0.85	 0.05	191.43	 3.85	 5.69	 1.00	10.75	 1.06	320.96	278.16	285.53	258.70	284.64	0	51.74
2011	10	4	1.533	6120.0640	276.0639	3.0639	 1.22	 0.05	190.10	 1.83	 2.31	 1.00	10.73	 1.24	320.84	277.59	285.97	258.91	284.04	0	51.78
2011	10	4	2.409	6120.1006	276.1004	3.1004	 0.86	 0.05	191.12	 3.56	 7.14	 0.99	10.73	 1.17	322.23	276.77	283.22	258.92	283.01	0	51.78
2011	10	4	2.848	6120.1187	276.1187	3.1187	 1.03	 0.05	188.71	 2.53	 7.80	 0.98	10.73	 1.23	321.56	276.48	282.56	 0.00	281.35	0	54.00
2011	10	4	4.187	6120.1743	276.1745	3.1745	 0.98	 0.07	185.29	 3.52	10.31	 0.99	10.73	 1.23	324.49	275.90	282.87	259.07	 0.00	0	51.81
2011	10	4	4.626	6120.1929	276.1927	3.1927	 1.00	 0.07	180.68	 3.22	 6.67	 1.00	10.82	 1.24	325.50	275.90	281.04	258.67	281.97	0	51.73
2011	10	4	5.528	6120.2305	276.2303	3.2303	 1.02	 0.08	171.92	 3.56	11.41	 0.99	10.80	 1.29	323.07	275.74	283.89	258.80	 0.00	0	51.76
2011	10	4	8.188	6120.3413	276.3412	3.3412	 0.73	 0.04	170.45	 3.54	 6.11	 0.99	10.78	 1.26	322.50	274.65	281.97	258.02	280.79	0	51.60
2011	10	4	9.504	6120.3960	276.3960	3.3960	 0.47	 0.04	195.30	 8.34	10.03	 0.98	10.75	 1.10	322.71	274.40	279.52	257.94	280.43	0	51.59
2011	10	4	9.967	6120.4155	276.4153	3.4153	 0.73	 0.05	178.79	 4.03	 8.59	 0.98	10.85	 1.19	323.07	274.34	280.90	257.98	278.97	0	51.60
2011	10	4	10.406	6120.4336	276.4336	3.4336	 0.69	 0.04	178.87	 4.35	 5.95	 0.99	10.73	 1.21	323.20	274.46	281.61	258.78	280.35	0	51.76
2011	10	4	11.282	6120.4702	276.4701	3.4701	 0.60	 0.04	180.39	 4.99	 5.47	 0.99	10.77	 1.22	323.25	275.86	280.74	263.98	281.85	0	52.80
2011	10	4	11.719	6120.4883	276.4883	3.4883	 0.59	 0.04	184.46	 5.28	 1.20	 1.00	10.75	 1.24	323.34	277.14	283.88	265.74	283.52	0	53.15
2011	10	4	12.216	6120.5088	276.5090	3.5090	 0.64	 0.04	182.22	 4.72	 2.81	 1.00	10.77	 1.24	323.55	278.91	283.93	265.66	285.17	0	53.13
2011	10	4	13.093	6120.5454	276.5455	3.5455	 0.66	 0.05	188.91	 5.77	 7.04	 1.00	10.72	 1.27	323.81	282.36	289.02	265.78	289.51	0	53.16
2011	10	4	13.531	6120.5640	276.5638	3.5638	 0.73	 0.04	184.72	 3.97	 2.73	 1.00	10.73	 1.25	323.71	284.26	291.89	266.33	291.56	0	53.27
2011	10	4	14.430	6120.6011	276.6013	3.6013	 0.80	 0.05	187.74	 4.01	 3.50	 1.00	10.77	 1.26	323.01	287.90	296.81	269.34	292.42	0	53.87
2011	10	4	15.305	6120.6377	276.6377	3.6377	 0.63	 0.05	184.65	 6.11	 4.47	 1.00	10.75	 1.12	320.88	291.17	298.54	273.44	297.81	0	54.69
2011	10	4	16.180	6120.6743	276.6742	3.6742	 0.68	 0.04	192.05	 4.56	 3.00	 1.00	10.70	 1.22	323.86	293.10	303.41	277.82	299.93	0	55.56
2011	10	4	18.393	6120.7666	276.7664	3.7664	 0.51	 0.06	182.61	10.72	40.29	 0.93	10.73	 0.97	319.13	294.82	306.40	278.69	301.78	0	55.74
2011	10	4	18.855	6120.7856	276.7856	3.7856	 0.73	 0.06	174.25	 5.49	 1.64	 1.00	10.77	 1.14	319.17	294.44	305.25	278.43	301.75	0	55.69
2011	10	4	20.167	6120.8403	276.8403	3.8403	 0.56	 0.05	194.26	 7.96	 8.82	 1.00	10.73	 1.11	319.13	292.20	305.36	274.85	300.23	0	54.97
2011	10	4	21.067	6120.8779	276.8778	3.8778	 0.71	 0.06	179.86	 5.46	 7.04	 1.00	10.77	 1.20	319.51	289.65	301.56	270.82	299.11	0	54.16
2011	10	4	22.382	6120.9326	276.9326	3.9326	 0.71	 0.10	175.11	 8.65	43.49	 0.98	10.75	 1.18	321.58	285.40	292.99	263.89	291.42	0	52.78
2011	10	4	23.722	6120.9883	276.9884	3.9884	 0.70	 0.08	177.37	 7.14	31.19	 0.97	10.73	 1.12	321.80	282.02	293.13	262.20	288.88	0	52.44
2011	10	5	1.035	6121.0430	277.0431	4.0431	 0.44	 0.16	186.39	34.09	167.02	 0.97	10.73	 1.05	322.34	279.61	284.15	259.66	286.16	0	51.93
2011	10	5	2.376	6121.0991	277.0990	4.0990	 0.69	 0.04	174.02	 3.96	 2.47	 1.00	10.73	 1.28	322.12	278.20	286.20	260.39	284.65	0	52.08
2011	10	5	2.817	6121.1172	277.1174	4.1174	 0.46	 0.06	173.12	11.81	26.86	 0.96	10.73	 1.06	322.49	277.87	280.25	260.44	285.67	0	52.09
2011	10	5	3.255	6121.1357	277.1356	4.1356	 0.61	 0.04	174.07	 4.49	 3.41	 1.00	10.73	 1.23	322.66	277.64	285.39	261.30	284.03	0	52.26
2011	10	5	4.596	6121.1914	277.1915	4.1915	 0.62	 0.05	172.14	 5.22	 9.63	 0.98	10.75	 1.24	323.07	277.23	285.43	260.90	283.63	0	52.18
2011	10	5	5.472	6121.2280	277.2280	4.2280	 0.62	 0.05	162.20	 5.02	 2.14	 1.00	10.75	 1.23	323.95	277.10	282.41	261.36	281.93	0	52.27
2011	10	5	5.934	6121.2471	277.2473	4.2473	 0.54	 0.05	164.62	 6.68	16.92	 0.95	10.75	 1.15	324.16	277.05	282.27	261.29	284.86	0	52.26
2011	10	5	6.374	6121.2656	277.2656	4.2656	 0.46	 0.05	178.02	 9.85	 6.96	 1.00	10.73	 1.19	324.27	276.97	284.06	260.86	283.31	0	52.17
2011	10	5	6.813	6121.2837	277.2839	4.2839	 0.46	 0.05	173.56	 9.20	 6.86	 0.99	10.78	 1.15	324.32	276.88	282.78	260.41	283.18	0	52.08
2011	10	5	7.690	6121.3203	277.3204	4.3204	 0.68	 0.06	159.01	 5.42	 2.73	 1.00	10.72	 1.27	324.39	276.74	284.40	260.40	284.40	0	52.08
2011	10	5	8.153	6121.3398	277.3397	4.3397	 0.55	 0.05	162.02	 7.02	 5.56	 1.00	10.77	 1.15	324.38	276.65	281.42	260.57	282.92	0	52.11
2011	10	5	10.809	6121.4502	277.4504	4.4504	 0.53	 0.05	168.54	 6.66	 5.86	 0.99	10.75	 1.29	324.55	276.98	283.78	262.63	282.98	0	52.53
2011	10	5	11.247	6121.4687	277.4686	4.4686	 0.48	 0.03	174.40	 6.09	 6.04	 0.98	10.73	 1.24	324.63	277.56	284.90	 0.00	283.71	0	54.00
2011	10	5	12.124	6121.5054	277.5052	4.5052	 0.51	 0.05	161.96	 7.70	 9.18	 0.99	10.73	 1.25	324.80	279.77	284.59	265.87	 0.00	0	53.17
2011	10	5	12.620	6121.5259	277.5258	4.5258	 0.50	 0.06	165.28	 8.96	 8.11	 1.00	10.78	 1.20	324.95	281.65	287.79	265.43	 0.00	0	53.09
2011	10	5	13.058	6121.5439	277.5441	4.5441	 0.42	 0.04	164.04	 7.91	 9.61	 0.96	10.73	 1.10	325.03	283.55	290.00	268.82	290.81	0	53.76
2011	10	5	13.496	6121.5625	277.5623	4.5623	 0.53	 0.05	170.53	 7.26	 2.37	 1.00	10.72	 1.27	324.97	285.45	293.82	 0.00	 0.00	0	54.00
2011	10	5	14.369	6121.5986	277.5987	4.5987	 0.62	 0.04	167.24	 4.88	12.79	 0.95	10.72	 1.20	324.28	289.46	299.99	273.58	296.89	0	54.72
2011	10	5	14.831	6121.6182	277.6180	4.6180	 0.40	 0.05	185.76	11.68	 7.50	 0.99	10.77	 1.13	321.33	291.20	301.54	274.65	298.61	0	54.93
2011	10	5	15.709	6121.6543	277.6545	4.6545	 0.40	 0.03	206.68	 7.70	13.91	 0.86	10.73	 1.17	318.63	293.89	304.29	280.05	300.69	0	56.01
2011	10	5	16.583	6121.6909	277.6909	4.6910	 0.68	 0.04	177.67	 4.32	 4.36	 1.00	10.72	 1.30	319.28	295.19	307.48	282.01	301.69	0	56.40
2011	10	5	20.132	6121.8389	277.8388	4.8388	 0.56	 0.07	168.00	 9.79	13.29	 1.00	10.73	 1.06	317.80	293.48	305.25	277.32	301.85	0	55.46
2011	10	5	20.569	6121.8569	277.8570	4.8570	 0.70	 0.06	158.70	 5.22	17.08	 0.97	10.73	 1.09	318.59	292.46	305.67	278.18	301.05	0	55.64
2011	10	5	21.007	6121.8755	277.8753	4.8753	 0.69	 0.04	170.32	 3.47	 3.67	 0.99	10.73	 1.20	319.11	291.31	304.35	275.83	299.49	0	55.17
2011	10	5	21.470	6121.8945	277.8946	4.8946	 0.60	 0.04	180.04	 5.19	 4.35	 1.00	10.77	 1.06	320.26	289.95	302.08	274.03	298.08	0	54.81
2011	10	5	22.348	6121.9312	277.9312	4.9312	 0.80	 0.06	184.11	 4.83	 4.56	 1.00	10.72	 1.18	321.15	286.97	299.77	265.91	294.48	0	53.18
2011	10	5	22.785	6121.9492	277.9494	4.9494	 0.72	 0.05	184.26	 4.53	 1.52	 1.00	10.75	 1.16	321.41	285.67	297.98	 0.00	293.37	0	54.00
2011	10	5	23.222	6121.9678	277.9676	4.9676	 0.45	 0.05	188.43	 9.98	27.08	 0.91	10.75	 0.99	321.28	284.50	290.67	264.09	290.35	0	52.82
2011	10	6	0.563	6122.0234	278.0234	5.0234	 0.48	 0.04	171.81	 7.62	 5.16	 1.00	10.73	 1.21	321.56	281.62	291.34	262.24	289.90	0	52.45
2011	10	6	1.440	6122.0601	278.0600	5.0600	 0.43	 0.05	156.59	 9.30	 9.03	 0.98	10.78	 1.22	321.81	280.40	288.09	264.92	287.15	0	52.98
2011	10	6	4.554	6122.1899	278.1898	5.1898	 0.29	 0.05	210.91	23.88	71.56	 0.67	10.73	 1.05	317.42	274.10	285.13	264.24	279.99	0	52.85
2011	10	6	5.433	6122.2266	278.2264	5.2264	 0.46	 0.05	160.95	 8.51	 9.88	 0.98	10.77	 1.19	321.69	275.31	281.27	263.51	281.92	0	52.70
2011	10	6	7.212	6122.3003	278.3005	5.3005	 0.45	 0.05	148.73	 8.45	10.36	 0.98	10.72	 1.23	321.74	276.65	284.47	263.36	281.84	0	52.67
2011	10	6	8.551	6122.3564	278.3563	5.3563	 0.35	 0.06	155.72	15.41	 4.73	 1.00	10.82	 1.12	321.84	277.05	282.15	262.77	283.76	0	52.55
2011	10	6	8.988	6122.3745	278.3745	5.3745	 0.38	 0.05	157.87	12.58	19.02	 0.95	10.73	 1.19	321.74	277.09	286.27	262.37	283.79	0	52.47
2011	10	6	9.426	6122.3926	278.3927	5.3927	 0.48	 0.04	151.12	 5.76	17.05	 0.80	10.73	 1.27	321.76	277.07	285.82	262.09	283.74	0	52.42
2011	10	6	9.863	6122.4111	278.4109	5.4109	 0.45	 0.06	148.64	10.60	 9.56	 0.99	10.75	 1.21	321.76	277.02	285.53	261.64	285.03	0	52.33
2011	10	6	10.302	6122.4292	278.4293	5.4293	 0.43	 0.05	155.29	 9.92	 7.78	 0.99	10.82	 1.17	321.78	277.05	286.03	262.12	283.53	0	52.42
2011	10	6	10.765	6122.4487	278.4485	5.4486	 0.52	 0.05	145.86	 6.55	 5.31	 0.99	10.77	 1.19	321.83	277.41	284.29	264.58	285.33	0	52.92
2011	10	6	11.642	6122.4849	278.4851	5.4851	 0.60	 0.05	161.94	 5.28	 6.87	 0.99	10.73	 1.29	322.02	279.07	285.49	265.59	283.82	0	53.12
2011	10	6	12.080	6122.5034	278.5033	5.5033	 0.47	 0.04	172.12	 7.39	 8.05	 0.98	10.78	 1.22	322.24	280.27	285.83	265.47	289.60	0	53.09
2011	10	6	12.519	6122.5215	278.5216	5.5216	 0.58	 0.05	163.20	 5.93	 4.13	 1.00	10.73	 1.28	322.19	281.75	287.65	267.05	289.03	0	53.41
2011	10	6	13.025	6122.5425	278.5427	5.5427	 0.43	 0.04	173.71	 9.57	32.38	 0.79	10.77	 1.09	322.14	283.71	289.95	267.69	290.55	0	53.54
2011	10	6	13.463	6122.5610	278.5610	5.5610	 0.56	 0.04	169.13	 5.43	12.46	 0.95	10.77	 1.20	322.13	285.51	294.63	269.65	293.18	0	53.93
2011	10	6	14.338	6122.5972	278.5974	5.5974	 0.46	 0.04	178.51	 7.89	21.26	 0.87	10.73	 1.12	323.08	289.06	297.19	271.81	296.84	0	54.36
2011	10	6	14.774	6122.6157	278.6156	5.6156	 0.68	 0.04	169.99	 3.52	17.54	 0.81	10.73	 1.10	322.69	290.85	298.88	273.82	298.42	0	54.76
2011	10	6	15.237	6122.6348	278.6349	5.6349	 0.67	 0.04	187.84	 4.49	13.61	 0.95	10.75	 1.17	321.62	292.35	302.10	275.07	299.80	0	55.01
2011	10	6	15.674	6122.6528	278.6531	5.6531	 0.70	 0.05	181.33	 4.51	12.69	 0.97	10.72	 1.13	320.42	293.54	303.49	277.37	300.07	0	55.47
2011	10	6	16.111	6122.6714	278.6713	5.6713	 0.67	 0.04	158.72	 4.00	27.40	 0.73	10.82	 1.11	319.75	294.27	304.75	277.72	303.59	0	55.54
2011	10	6	16.548	6122.6895	278.6895	5.6895	 0.38	 0.05	212.00	15.96	18.76	 0.98	10.73	 1.13	318.54	294.75	306.35	278.29	301.46	0	55.66
2011	10	6	18.325	6122.7637	278.7635	5.7635	 0.88	 0.09	178.72	 5.46	30.13	 0.98	10.73	 1.15	320.13	295.36	307.26	276.95	302.22	0	55.39
2011	10	6	18.762	6122.7817	278.7817	5.7817	 0.57	 0.07	193.30	 9.83	46.37	 0.94	10.73	 0.94	320.05	295.02	304.77	277.79	301.96	0	55.56
2011	10	6	19.199	6122.7998	278.8000	5.8000	 1.07	 0.10	189.28	 4.46	31.38	 0.97	10.73	 1.05	320.03	294.41	305.69	275.74	301.44	0	55.15
2011	10	6	20.099	6122.8374	278.8375	5.8375	 1.29	 0.07	200.02	 2.20	 1.13	 1.00	10.82	 1.26	320.29	292.76	304.70	276.37	300.08	0	55.27
2011	10	6	20.538	6122.8560	278.8557	5.8557	 1.00	 0.05	191.17	 2.81	 3.27	 1.00	10.73	 1.13	320.26	291.75	303.57	274.45	299.33	0	54.89
2011	10	6	20.977	6122.8740	278.8741	5.8740	 1.00	 0.09	196.94	 4.70	 3.09	 1.00	10.70	 1.15	320.30	290.48	302.10	272.68	296.48	0	54.54
2011	10	7	0.097	6123.0039	279.0041	6.0041	 0.85	 0.05	190.83	 3.73	14.85	 0.97	10.77	 1.21	320.48	280.95	291.31	261.12	287.56	0	52.22
2011	10	7	0.536	6123.0225	279.0223	6.0223	 0.95	 0.04	186.16	 2.51	 7.28	 0.98	10.82	 1.26	320.36	280.12	288.58	261.46	286.71	0	52.29
2011	10	7	2.315	6123.0967	279.0965	6.0965	 0.72	 0.07	195.29	 6.72	 4.21	 1.00	10.77	 1.11	320.89	278.34	283.00	261.84	283.50	0	52.37
2011	10	7	2.753	6123.1147	279.1147	6.1147	 0.86	 0.03	194.78	 2.34	 4.13	 0.99	10.73	 1.28	320.94	278.06	283.53	261.74	286.20	0	52.35
2011	10	7	3.192	6123.1328	279.1330	6.1330	 0.81	 0.06	180.59	 4.37	 4.31	 1.00	10.73	 1.27	321.07	277.79	286.23	261.18	284.40	0	52.24
2011	10	7	3.629	6123.1514	279.1512	6.1512	 0.69	 0.05	174.63	 4.54	17.05	 0.94	10.77	 1.20	321.07	277.51	283.76	 0.00	285.52	0	54.00
2011	10	7	7.189	6123.2993	279.2996	6.2995	 0.51	 0.05	169.24	 7.76	 7.73	 0.99	10.77	 1.23	322.81	275.90	286.00	259.39	282.27	0	51.88
2011	10	7	8.969	6123.3735	279.3737	6.3737	 0.44	 0.04	169.74	 7.30	 3.00	 1.00	10.77	 1.18	323.19	275.39	283.58	259.28	283.00	0	51.86
2011	10	7	9.408	6123.3921	279.3920	6.3920	 0.53	 0.06	160.20	 8.67	16.08	 0.98	10.77	 1.20	323.16	275.26	283.33	259.05	281.38	0	51.81
2011	10	7	10.283	6123.4287	279.4285	6.4285	 0.38	 0.04	173.15	11.14	 5.24	 0.99	10.73	 1.16	323.21	275.10	279.01	 0.00	281.18	0	54.00
2011	10	7	11.185	6123.4658	279.4660	6.4660	 0.54	 0.06	163.86	 8.00	14.69	 0.98	10.75	 1.24	323.54	275.86	284.76	261.04	281.70	0	52.21
2011	10	7	12.060	6123.5024	279.5025	6.5025	 0.41	 0.06	175.97	12.92	 7.06	 1.00	10.73	 1.20	323.58	277.73	282.16	262.89	284.42	0	52.58
2011	10	7	15.188	6123.6328	279.6328	6.6328	 0.66	 0.04	184.17	 4.54	29.67	 0.78	10.77	 1.26	324.31	288.65	296.09	267.78	298.05	0	53.56
2011	10	7	18.301	6123.7627	279.7625	6.7625	 1.21	 0.08	193.52	 2.84	 5.90	 1.00	10.73	 1.17	322.79	293.68	303.74	274.54	300.02	0	54.91
2011	10	7	18.739	6123.7808	279.7808	6.7808	 1.27	 0.10	198.30	 3.36	 5.12	 1.00	10.72	 1.12	322.73	293.53	304.31	276.40	302.06	0	55.28
2011	10	7	19.177	6123.7988	279.7990	6.7990	 1.60	 0.10	192.00	 1.99	 2.65	 1.00	10.72	 1.07	322.67	293.19	301.76	276.12	299.74	0	55.22
2011	10	8	0.044	6124.0020	280.0018	7.0018	 1.03	 0.07	180.78	 3.10	27.09	 0.90	10.73	 1.14	323.27	281.15	286.93	259.76	287.48	0	51.95
2011	10	8	0.508	6124.0210	280.0212	7.0212	 0.79	 0.05	195.64	 4.16	 3.61	 1.00	10.75	 1.17	323.29	280.09	287.87	259.76	286.76	0	51.95
2011	10	8	1.383	6124.0576	280.0576	7.0576	 0.81	 0.05	185.71	 4.14	 1.85	 1.00	10.77	 1.20	323.38	278.73	285.80	259.86	285.21	0	51.97
2011	10	8	1.823	6124.0762	280.0760	7.0759	 0.81	 0.04	185.99	 2.88	 1.01	 1.00	10.75	 1.23	323.49	278.20	286.67	259.74	283.08	0	51.95
2011	10	8	2.260	6124.0942	280.0942	7.0942	 0.75	 0.05	184.08	 3.90	 1.71	 1.00	10.73	 1.19	323.52	277.79	284.48	259.73	284.06	0	51.95
2011	10	8	4.041	6124.1685	280.1684	7.1684	 0.80	 0.04	192.34	 3.49	 7.02	 0.99	10.82	 1.26	323.58	276.66	285.81	259.54	282.92	0	51.91
2011	10	8	4.480	6124.1865	280.1867	7.1867	 0.86	 0.04	189.30	 3.07	 8.91	 0.98	10.72	 1.29	323.72	276.48	283.77	259.33	284.15	0	51.87
2011	10	8	4.943	6124.2061	280.2059	7.2059	 0.66	 0.04	191.38	 4.41	 7.06	 0.99	10.77	 1.14	323.89	276.28	281.77	259.16	282.52	0	51.83
2011	10	8	5.382	6124.2241	280.2242	7.2242	 0.72	 0.05	185.27	 4.35	10.94	 0.98	10.73	 1.18	323.87	276.11	281.19	259.06	280.84	0	51.81
2011	10	8	8.041	6124.3350	280.3351	7.3350	 0.66	 0.05	186.48	 5.37	 5.12	 1.00	10.73	 1.12	323.94	275.05	279.36	257.77	281.08	0	51.55
2011	10	8	8.481	6124.3535	280.3534	7.3534	 0.90	 0.03	187.63	 1.62	 3.20	 0.97	10.75	 1.29	324.06	274.91	282.09	257.57	282.18	0	51.51
2011	10	8	9.822	6124.4092	280.4092	7.4092	 0.90	 0.06	185.90	 3.88	 2.21	 1.00	10.73	 1.16	323.67	274.47	281.13	257.36	280.30	0	51.47
2011	10	8	11.137	6124.4639	280.4641	7.4641	 0.93	 0.04	194.14	 2.55	 5.22	 0.99	10.75	 1.24	323.66	275.02	281.57	259.26	280.65	0	51.85
2011	10	8	11.600	6124.4834	280.4833	7.4833	 0.90	 0.06	186.79	 3.50	 6.74	 0.99	10.77	 1.15	323.86	275.77	278.99	260.04	279.80	0	52.01
2011	10	8	12.038	6124.5015	280.5016	7.5016	 0.96	 0.05	187.78	 3.01	 3.37	 1.00	10.75	 1.25	323.78	276.70	281.45	260.56	282.65	0	52.11
2011	10	8	12.913	6124.5381	280.5381	7.5381	 0.94	 0.06	189.97	 3.41	 9.78	 0.99	10.73	 1.29	323.91	279.35	286.42	262.66	285.92	0	52.53
2011	10	8	13.851	6124.5771	280.5771	7.5771	 0.90	 0.07	184.93	 4.27	 5.80	 1.00	10.75	 1.14	324.13	282.55	288.40	264.84	289.36	0	52.97
2011	10	8	15.167	6124.6318	280.6320	7.6320	 1.03	 0.06	201.57	 3.00	 9.25	 0.99	10.73	 1.27	324.59	287.46	296.16	265.50	296.71	0	53.10
2011	10	8	16.067	6124.6694	280.6695	7.6695	 1.11	 0.07	194.07	 3.14	20.27	 0.96	10.77	 1.16	324.50	290.15	297.65	271.80	299.30	0	54.36
2011	10	8	18.281	6124.7617	280.7617	7.7617	 1.55	 0.16	202.39	 3.60	43.70	 0.96	10.75	 1.30	325.12	293.22	303.57	275.22	299.31	0	55.04
2011	10	8	18.719	6124.7798	280.7800	7.7800	 1.82	 0.15	202.13	 2.32	 6.51	 1.00	10.72	 1.20	324.86	293.16	303.14	275.11	299.36	0	55.02
2011	10	8	19.157	6124.7983	280.7982	7.7982	 1.20	 0.08	174.77	 2.68	 6.84	 0.99	10.73	 0.85	324.45	293.00	296.61	276.44	299.39	0	55.29
2011	10	8	22.715	6124.9463	280.9465	7.9465	 0.96	 0.12	180.55	 6.58	 7.93	 1.00	10.77	 0.98	321.35	284.50	286.73	261.24	290.86	0	52.25
2011	10	9	3.587	6125.1494	281.1495	8.1495	 0.57	 0.04	187.23	 6.03	 2.17	 1.00	10.80	 1.17	322.94	275.34	282.20	260.65	283.27	0	52.13
2011	10	9	4.464	6125.1860	281.1860	8.1860	 0.42	 0.05	194.68	12.88	21.80	 0.97	10.72	 1.05	322.91	275.62	278.56	260.37	282.03	0	52.07
2011	10	9	4.902	6125.2041	281.2042	8.2042	 0.66	 0.05	185.47	 5.38	 4.99	 1.00	10.73	 1.26	322.92	275.73	283.47	260.39	282.11	0	52.08
2011	10	9	5.365	6125.2236	281.2235	8.2235	 0.77	 0.04	185.83	 3.57	 8.44	 0.98	10.77	 1.29	323.00	275.79	284.61	260.02	282.21	0	52.00
2011	10	9	6.239	6125.2598	281.2600	8.2600	 0.66	 0.04	184.77	 4.40	 1.17	 1.00	10.73	 1.23	322.99	275.70	283.25	 0.00	282.06	0	54.00
2011	10	9	7.579	6125.3159	281.3158	8.3158	 0.53	 0.04	186.79	 7.19	14.04	 0.97	10.77	 1.10	323.18	275.31	281.22	259.00	281.45	0	51.80
2011	10	9	9.331	6125.3887	281.3888	8.3888	 0.91	 0.07	190.89	 4.03	 5.99	 1.00	10.73	 1.19	323.14	275.07	280.64	258.86	281.07	0	51.77
2011	10	9	12.444	6125.5186	281.5185	8.5185	 1.20	 0.06	203.12	 2.36	 9.50	 0.98	10.75	 1.23	319.76	274.55	281.93	264.74	279.68	0	52.95
2011	10	9	12.881	6125.5366	281.5367	8.5367	 1.57	 0.10	201.62	 2.23	 3.92	 1.00	10.73	 1.18	323.44	276.87	280.54	266.22	285.65	0	53.24
2011	10	9	13.757	6125.5732	281.5732	8.5732	 1.92	 0.14	201.44	 1.96	14.72	 0.97	10.78	 1.25	323.62	281.40	285.87	265.89	285.22	0	53.18
2011	10	9	14.253	6125.5937	281.5939	8.5939	 1.86	 0.13	197.26	 1.91	 3.53	 1.00	10.77	 1.15	323.45	283.74	287.42	265.94	290.50	0	53.19
2011	10	9	18.682	6125.7783	281.7784	8.7784	 2.76	 0.50	196.00	 2.54	 2.41	 1.00	10.77	 1.07	322.31	291.23	297.62	267.69	300.91	0	53.54
2011	10	9	19.993	6125.8330	281.8331	8.8331	 2.78	 0.53	193.55	 2.60	35.98	 0.96	10.72	 1.00	322.35	289.04	296.32	265.65	296.71	0	53.13
2011	10	9	23.107	6125.9629	281.9628	8.9628	16.66	318676.13	202.52	 1.41	 3.19	 1.00	10.73	 1.27	322.77	282.88	290.43	260.90	287.85	0	52.18
2011	10	9	23.984	6125.9995	281.9994	8.9994	 4.28	 1.59	202.19	 1.70	 3.13	 1.00	10.72	 1.26	322.89	281.71	289.75	260.21	289.47	0	52.04
2011	10	10	1.324	6126.0552	282.0551	9.0552	 2.77	 0.32	202.50	 1.68	11.24	 0.98	10.77	 1.19	322.97	280.42	287.98	260.04	286.62	0	52.01
2011	10	10	1.762	6126.0732	282.0734	9.0734	 3.39	 0.55	198.76	 1.45	 3.32	 1.00	10.73	 1.17	323.03	280.09	286.62	260.04	286.27	0	52.01
2011	10	10	2.201	6126.0918	282.0917	9.0917	 2.87	 0.40	196.23	 1.80	 3.02	 1.00	10.77	 1.16	323.01	279.84	285.58	260.11	285.91	0	52.02
2011	10	10	3.077	6126.1284	282.1282	9.1282	 3.26	 0.42	201.76	 1.31	 5.36	 0.99	10.82	 1.29	322.99	279.32	288.12	259.97	285.30	0	51.99
2011	10	10	3.540	6126.1475	282.1475	9.1475	 2.71	 0.35	198.17	 1.89	 6.52	 1.00	10.78	 1.20	323.05	279.06	285.03	259.86	283.62	0	51.97
2011	10	10	3.979	6126.1660	282.1658	9.1658	 1.79	 0.14	194.25	 2.18	 1.25	 1.00	10.73	 1.20	322.90	278.72	285.42	259.16	284.80	0	51.83
2011	10	10	4.857	6126.2021	282.2024	9.2024	 1.05	 0.07	190.71	 3.28	 4.36	 1.00	10.80	 1.28	323.04	277.52	284.23	258.16	283.48	0	51.63
2011	10	10	5.296	6126.2207	282.2207	9.2207	 1.09	 0.06	191.43	 2.77	 8.29	 0.99	10.72	 1.29	322.81	276.89	284.49	257.68	281.59	0	51.54
2011	10	10	7.518	6126.3135	282.3132	9.3132	 1.80	 0.18	196.40	 2.77	 8.79	 1.00	10.78	 1.17	323.16	275.11	280.99	257.33	282.18	0	51.47
2011	10	10	7.981	6126.3325	282.3325	9.3325	 2.24	 0.18	194.29	 1.68	 2.67	 1.00	10.85	 1.13	323.20	275.48	279.98	258.27	281.25	0	51.65
2011	10	10	8.419	6126.3506	282.3508	9.3508	 1.87	 0.18	199.45	 2.56	 3.45	 1.00	10.72	 1.20	323.14	275.74	281.43	258.35	281.46	0	51.67
2011	10	10	8.857	6126.3691	282.3690	9.3691	 2.28	 0.27	200.60	 2.44	 5.78	 1.00	10.80	 1.26	323.11	276.02	282.17	258.52	281.75	0	51.70
2011	10	10	9.737	6126.4058	282.4057	9.4057	 1.59	 0.10	200.84	 2.16	 0.94	 1.00	10.72	 1.23	323.18	276.34	284.74	258.35	282.06	0	51.67
2011	10	10	10.641	6126.4434	282.4434	9.4434	 1.68	 0.10	198.36	 1.86	 3.22	 1.00	10.77	 1.20	323.26	276.79	282.55	259.87	282.40	0	51.97
2011	10	10	12.419	6126.5176	282.5175	9.5175	 1.28	 0.13	200.44	 4.53	 4.39	 1.00	10.75	 1.23	323.46	279.98	285.20	262.94	286.25	0	52.59
2011	10	10	12.856	6126.5356	282.5357	9.5357	 1.29	 0.08	198.12	 2.60	 3.61	 1.00	10.73	 1.25	323.49	280.94	288.83	262.50	289.80	0	52.50
2011	10	10	13.732	6126.5723	282.5721	9.5722	 1.12	 0.16	182.93	 6.42	 7.75	 1.00	10.73	 0.99	323.55	283.17	285.13	264.07	287.22	0	52.81
2011	10	10	14.170	6126.5903	282.5904	9.5904	 1.36	 0.14	195.90	 4.09	 7.14	 1.00	10.73	 1.28	323.53	284.46	290.48	264.65	290.74	0	52.93
2011	10	10	15.107	6126.6294	282.6295	9.6294	 1.37	 0.16	199.66	 4.73	27.78	 0.99	10.73	 1.25	323.47	287.12	293.96	266.25	290.86	0	53.25
2011	10	10	15.544	6126.6475	282.6477	9.6477	 1.34	 0.14	199.46	 4.13	10.41	 1.00	10.73	 1.20	323.50	288.23	296.89	265.93	294.63	0	53.19
2011	10	10	17.763	6126.7402	282.7401	9.7401	 2.07	 0.29	204.59	 3.43	 1.59	 1.00	10.77	 1.29	323.08	291.78	303.14	270.64	300.80	0	54.13
2011	10	10	18.200	6126.7583	282.7583	9.7583	 2.62	 0.34	196.72	 2.05	15.80	 0.98	10.77	 1.11	322.93	291.55	300.79	269.17	295.95	0	53.83
2011	10	10	19.538	6126.8140	282.8141	9.8141	 1.96	 0.21	204.36	 2.79	 3.34	 1.00	10.75	 1.15	322.78	290.90	302.94	270.02	300.52	0	54.00
2011	10	10	20.851	6126.8687	282.8688	9.8688	 3.12	 0.56	200.80	 2.00	 1.62	 1.00	10.73	 1.20	322.75	288.78	296.86	265.87	296.19	0	53.17
2011	10	10	21.313	6126.8882	282.8880	9.8880	 4.67	 4.08	205.54	 3.02	24.29	 0.99	10.77	 1.17	322.87	287.75	297.51	265.39	296.55	0	53.08
2011	10	10	23.065	6126.9609	282.9610	9.9610	 2.13	 0.25	199.83	 2.61	 9.24	 1.00	10.73	 1.14	323.16	283.76	292.67	261.81	290.20	0	52.36
2011	10	10	23.967	6126.9985	282.9986	9.9986	 2.11	 0.27	201.81	 2.94	 3.58	 1.00	10.85	 1.28	323.29	282.03	289.10	260.99	288.38	0	52.20
2011	10	11	1.283	6127.0532	283.0534	10.0534	 2.37	 0.33	191.94	 2.53	 2.01	 1.00	10.72	 1.12	323.16	279.93	285.18	259.48	285.96	0	51.90
2011	10	11	1.746	6127.0728	283.0728	10.0728	 2.09	 0.22	199.39	 2.45	 4.73	 1.00	10.77	 1.11	323.20	279.43	284.26	259.08	286.90	0	51.82
2011	10	11	2.185	6127.0908	283.0910	10.0910	 2.35	 0.24	200.04	 1.99	 5.48	 1.00	10.73	 1.23	323.22	279.09	284.84	258.99	285.17	0	51.80
2011	10	11	2.624	6127.1094	283.1093	10.1093	 2.42	 0.18	201.66	 1.35	 1.95	 1.00	10.73	 1.29	323.21	278.71	285.65	259.19	283.18	0	51.84
2011	10	11	3.064	6127.1274	283.1277	10.1277	 1.86	 0.13	197.06	 1.87	 5.86	 0.99	10.82	 1.06	323.36	278.52	283.71	259.16	284.42	0	51.83
2011	10	11	3.968	6127.1655	283.1653	10.1653	 2.14	 0.23	200.27	 2.46	19.03	 0.98	10.77	 1.10	323.32	278.51	283.51	260.56	282.86	0	52.11
2011	10	11	4.848	6127.2021	283.2020	10.2020	 2.51	 0.31	194.77	 2.10	 0.90	 1.00	10.77	 1.09	323.24	278.69	281.16	260.99	286.18	0	52.20
2011	10	11	5.285	6127.2202	283.2202	10.2202	 2.74	 0.38	201.10	 2.04	 2.65	 1.00	10.77	 1.19	323.27	278.81	282.30	261.10	284.73	0	52.22
2011	10	11	6.193	6127.2578	283.2581	10.2580	 2.64	 0.23	199.57	 1.39	 5.95	 0.99	10.77	 1.16	323.36	278.99	285.17	260.30	284.94	0	52.06
2011	10	11	7.073	6127.2949	283.2947	10.2947	 2.73	 0.29	204.25	 1.60	 4.00	 1.00	10.75	 1.29	323.24	278.99	285.49	260.26	284.88	0	52.05
2011	10	11	7.512	6127.3130	283.3130	10.3130	 2.63	 0.23	202.48	 1.42	 3.85	 1.00	10.83	 1.19	323.26	279.05	284.47	260.41	284.91	0	52.08
2011	10	11	10.174	6127.4238	283.4240	10.4239	 4.48	 1.74	202.01	 1.52	 3.18	 1.00	10.73	 1.26	323.34	279.01	283.28	261.44	284.79	0	52.29
2011	10	11	10.644	6127.4434	283.4435	10.4435	 3.72	 1.08	202.57	 2.08	12.46	 0.99	10.77	 1.23	323.38	279.16	285.76	261.61	283.50	0	52.32
2011	10	11	11.521	6127.4800	283.4801	10.4801	 2.96	 0.33	203.51	 1.42	 0.50	 1.00	10.75	 1.22	323.38	279.88	285.04	262.73	285.63	0	52.55
2011	10	11	14.616	6127.6089	283.6090	10.6090	 3.06	 0.82	198.27	 3.08	28.55	 0.99	10.73	 1.21	323.54	284.73	291.40	265.45	293.59	0	53.09
2011	10	11	15.114	6127.6299	283.6297	10.6297	 2.05	 0.41	199.76	 4.88	46.25	 0.99	10.75	 1.16	323.72	285.91	292.63	266.01	294.91	0	53.20
2011	10	11	15.552	6127.6479	283.6480	10.6480	 2.17	 0.32	194.99	 3.19	17.19	 1.00	10.77	 1.06	323.76	287.12	294.85	265.59	293.68	0	53.12
2011	10	11	17.330	6127.7222	283.7221	10.7221	 3.09	 0.94	199.91	 3.43	 8.57	 1.00	10.80	 1.15	323.47	290.54	300.09	269.58	297.38	0	53.92
2011	10	11	17.771	6127.7402	283.7404	10.7405	 3.79	 0.90	192.66	 1.53	 2.47	 1.00	10.72	 1.00	323.47	290.33	298.08	265.54	 0.00	0	53.11
2011	10	11	18.208	6127.7588	283.7587	10.7587	 3.64	 1.45	194.60	 2.89	 7.83	 1.00	10.72	 1.10	323.37	289.79	297.73	265.92	 0.00	0	53.18
2011	10	11	22.213	6127.9253	283.9255	10.9255	 2.09	 0.73	214.15	 8.70	161.83	 0.99	10.73	 1.28	323.23	284.82	295.75	262.14	293.11	0	52.43
2011	10	11	23.533	6127.9805	283.9805	10.9805	 2.81	 0.35	200.19	 1.72	10.77	 0.98	10.75	 1.22	323.44	282.42	288.77	 0.00	 0.00	0	54.00
2011	10	12	1.331	6128.0557	284.0555	11.0554	 3.44	 0.57	199.40	 1.45	 7.51	 0.98	10.80	 1.19	323.53	280.24	286.46	258.36	 0.00	0	51.67
2011	10	12	2.238	6128.0933	284.0933	11.0933	 2.90	 0.43	198.45	 1.90	 3.72	 1.00	10.92	 1.12	323.64	279.33	284.28	258.97	286.77	0	51.79
2011	10	12	2.682	6128.1118	284.1117	11.1117	 2.18	 0.19	200.70	 1.93	14.83	 0.97	10.73	 1.20	323.54	279.06	284.40	258.93	285.07	0	51.79
2011	10	12	4.010	6128.1670	284.1671	11.1671	 1.99	 0.18	199.17	 2.22	 3.81	 1.00	10.75	 1.20	323.46	278.12	282.77	258.36	285.45	0	51.67
2011	10	12	4.916	6128.2046	284.2048	11.2048	 1.57	 0.11	198.26	 2.33	 2.53	 1.00	10.75	 1.22	323.34	277.71	285.44	 0.00	 0.00	0	54.00
2011	10	12	5.358	6128.2231	284.2233	11.2233	 1.50	 0.10	193.64	 2.29	 5.97	 1.00	10.85	 1.14	323.42	277.47	283.46	257.76	281.93	0	51.55
2011	10	12	5.803	6128.2417	284.2418	11.2418	 1.79	 0.18	197.40	 2.89	 8.76	 1.00	10.73	 1.26	323.44	277.27	285.20	257.68	283.13	0	51.54
2011	10	12	7.596	6128.3164	284.3165	11.3165	 2.01	 0.17	193.47	 2.00	 6.89	 0.99	11.00	 1.16	323.53	276.78	281.39	 0.00	282.56	0	54.00
2011	10	12	8.038	6128.3350	284.3349	11.3349	 2.21	 0.22	196.06	 2.07	14.39	 0.98	10.93	 1.18	323.51	276.63	282.02	257.51	283.91	0	51.50
2011	10	12	9.393	6128.3916	284.3914	11.3914	 1.91	 0.19	192.66	 2.48	11.90	 0.99	10.72	 1.14	323.72	276.46	280.62	 0.00	282.12	0	54.00
2011	10	12	9.836	6128.4097	284.4098	11.4098	 1.84	 0.15	200.17	 2.33	10.29	 0.99	10.93	 1.22	323.62	276.38	282.76	257.25	282.02	0	51.45
2011	10	12	10.279	6128.4282	284.4283	11.4283	 1.91	 0.25	194.59	 3.44	 4.80	 1.00	10.78	 1.12	323.60	276.32	281.66	257.32	283.30	0	51.46
2011	10	12	11.190	6128.4663	284.4662	11.4663	 1.83	 0.19	196.97	 2.80	 7.60	 1.00	10.82	 1.22	323.53	276.59	283.43	 0.00	280.53	0	54.00
2011	10	12	11.636	6128.4849	284.4848	11.4848	 1.51	 0.21	195.74	 4.78	 6.64	 1.00	10.92	 1.13	323.41	276.89	279.82	258.61	 0.00	0	51.72
2011	10	12	14.738	6128.6143	284.6141	11.6141	 1.53	 0.10	199.96	 2.40	 2.16	 1.00	10.72	 1.22	323.78	282.59	288.81	264.71	284.95	0	52.94
2011	10	12	15.174	6128.6323	284.6323	11.6323	 3.36	 0.73	199.25	 2.00	 4.66	 1.00	10.75	 1.26	323.82	283.64	290.63	266.29	 0.00	0	53.26
2011	10	12	16.112	6128.6714	284.6713	11.6713	 1.55	 0.19	207.65	 4.31	27.72	 0.99	10.75	 1.28	323.85	285.85	295.06	265.93	 0.00	0	53.19
# Unit 3, Cerro Chajnantor CCAT, Filter  0,  Slot 1, 350 um (616) & yellow
#				days
#				since		day of	day of
# yr	mo	dy	 time	1/1/1995	year	month	Tau	unc	Tatm	unc	mse	fitgood	Etime	R	Thot	Twarm	Tchop	Tamb	<Tint>	Filter	Toff
# 1	2	3	4	5		6	7	8	9	10	11	12	13	14	15	16	17	18	19	20	21	22
