2013	3	1	1.362	6634.0566	59.0568	0.0568	 3.02	 0.41	211.51	 1.73	 4.83	 1.00	10.83	 1.07	322.41	287.17	296.60	265.44	295.26	0	53.09
2013	3	1	2.689	6634.1118	59.1121	0.1121	 3.03	 0.38	209.60	 1.55	 2.54	 1.00	10.73	 1.07	322.27	285.70	291.77	265.30	292.32	0	53.06
2013	3	1	3.158	6634.1313	59.1316	0.1316	 3.50	 0.67	212.38	 1.69	 0.80	 1.00	10.77	 1.10	322.44	285.36	292.86	 0.00	293.38	0	54.00
2013	3	1	3.604	6634.1504	59.1502	0.1502	 3.16	 0.43	212.16	 1.56	 4.79	 1.00	10.87	 1.06	322.24	285.03	293.37	265.15	293.01	0	53.03
2013	3	1	4.495	6634.1875	59.1873	0.1873	 3.96	 0.97	211.01	 1.52	 0.52	 1.00	10.78	 1.12	321.31	284.45	292.11	265.21	292.35	0	53.04
# Unit 3, Cerro Chajnantor CCAT, Filter  0,  Slot 1, 350 um (616) & yellow
#				days
#				since		day of	day of
# yr	mo	dy	 time	1/1/1995	year	month	Tau	unc	Tatm	unc	mse	fitgood	Etime	R	Thot	Twarm	Tchop	Tamb	<Tint>	Filter	Toff
# 1	2	3	4	5		6	7	8	9	10	11	12	13	14	15	16	17	18	19	20	21	22
2013	3	1	5.432	6634.2263	59.2263	0.2263	 2.91	 0.29	210.56	 1.34	 1.78	 1.00	10.92	 1.08	321.32	283.84	291.28	265.34	291.79	0	53.07
2013	3	1	6.319	6634.2633	59.2633	0.2633	 2.82	 0.32	207.85	 1.61	 4.29	 1.00	10.72	 1.01	321.34	283.42	290.81	 0.00	288.47	0	54.00
2013	3	1	6.758	6634.2816	59.2816	0.2816	 2.73	 0.29	209.42	 1.62	 0.96	 1.00	10.75	 1.09	321.25	283.23	289.26	265.33	289.63	0	53.07
2013	3	1	7.199	6634.2999	59.2999	0.2999	 2.41	 0.17	212.09	 1.38	 4.42	 0.99	10.82	 1.08	321.32	283.04	289.23	265.32	 0.00	0	53.06
2013	3	1	10.336	6634.4307	59.4307	0.4307	 1.96	 0.15	208.78	 2.07	10.06	 0.99	10.77	 1.04	317.49	277.73	284.55	265.14	 0.00	0	53.03
2013	3	1	10.780	6634.4492	59.4492	0.4492	 1.73	 0.10	207.48	 1.83	 1.86	 1.00	10.90	 1.04	319.78	278.49	281.87	265.04	285.55	0	53.01
2013	3	1	11.225	6634.4677	59.4677	0.4677	 1.82	 0.15	210.56	 2.50	 7.67	 1.00	10.80	 1.12	319.63	279.61	286.13	267.73	284.04	0	53.55
2013	3	1	11.665	6634.4860	59.4860	0.4860	 1.83	 0.10	213.26	 1.58	 6.19	 0.99	10.82	 1.24	319.63	281.05	288.77	271.62	285.50	0	54.32
2013	3	1	12.135	6634.5056	59.5056	0.5056	 1.65	 0.10	202.02	 2.02	 6.22	 0.99	10.78	 1.03	319.64	282.73	285.91	273.06	291.34	0	54.61
2013	3	1	13.023	6634.5426	59.5426	0.5426	 1.60	 0.08	207.06	 1.63	 5.72	 0.99	10.83	 1.04	319.82	286.43	292.89	277.12	294.46	0	55.42
2013	3	1	13.466	6634.5611	59.5611	0.5611	 2.01	 0.13	213.97	 1.73	 2.79	 1.00	10.75	 1.18	321.64	288.45	296.00	278.57	295.36	0	55.71
2013	3	1	13.907	6634.5795	59.5795	0.5795	 2.49	 0.17	218.37	 1.29	 0.70	 1.00	10.73	 1.22	319.69	290.46	299.12	279.59	297.25	0	55.92
2013	3	1	14.808	6634.6170	59.6170	0.6170	 4.10	 1.25	214.36	 1.72	 0.87	 1.00	10.75	 1.15	317.12	294.03	303.66	281.97	300.12	0	56.39
2013	3	1	15.688	6634.6537	59.6537	0.6537	 3.75	 0.69	208.45	 1.31	 0.65	 1.00	10.75	 1.01	318.01	295.17	306.87	277.11	302.23	0	55.42
2013	3	1	17.026	6634.7094	59.7094	0.7094	 3.26	 0.49	204.24	 1.52	 7.42	 0.99	10.75	 0.98	319.14	297.96	307.37	283.35	302.25	0	56.67
2013	3	1	18.341	6634.7642	59.7642	0.7642	 3.75	 0.62	212.89	 1.22	 4.09	 0.99	10.80	 1.16	318.87	298.93	309.49	283.18	304.58	0	56.64
2013	3	1	20.115	6634.8381	59.8381	0.8381	 4.66	 2.91	217.27	 2.29	 3.41	 1.00	10.75	 1.32	316.69	297.69	308.86	279.29	306.41	0	55.86
2013	3	1	21.460	6634.8942	59.8942	0.8942	 5.05	 5.41	202.53	 2.69	 9.94	 1.00	10.77	 1.08	318.60	294.29	303.78	274.34	300.54	0	54.87
2013	3	1	21.902	6634.9126	59.9126	0.9126	16.49	312026.87	205.16	 1.66	 3.49	 1.00	10.77	 1.04	320.54	293.08	303.23	270.49	 0.00	0	54.10
2013	3	2	0.139	6635.0058	60.0058	1.0058	50.85	 1.00	199.77	 0.00	 6.02	 0.00	10.88	 0.94	321.83	288.31	295.93	266.23	296.50	0	53.25
2013	3	2	0.586	6635.0244	60.0244	1.0244	37.66	 1.00	216.76	 0.00	108.17	 0.00	10.85	 1.15	321.83	287.69	296.69	 0.00	293.03	0	54.00
2013	3	2	1.499	6635.0624	60.0624	1.0624	 3.99	 0.93	215.57	 1.43	 6.72	 0.99	10.90	 1.15	321.87	286.51	297.33	266.51	291.78	0	53.30
2013	3	2	2.827	6635.1178	60.1178	1.1178	 3.64	 0.35	209.40	 0.75	 1.52	 0.99	10.80	 1.10	321.70	285.60	293.43	268.16	293.83	0	53.63
2013	3	2	3.743	6635.1560	60.1560	1.1560	 3.21	 0.46	213.37	 1.59	 0.81	 1.00	10.87	 1.09	321.61	285.18	293.86	268.19	292.01	0	53.64
2013	3	2	4.187	6635.1745	60.1745	1.1745	 1.88	 0.28	229.44	 4.67	363.50	 0.51	10.78	 1.05	321.50	285.00	293.17	267.68	291.85	0	53.54
2013	3	2	4.627	6635.1928	60.1928	1.1928	 3.28	 0.49	215.02	 1.59	 2.30	 1.00	10.90	 1.03	321.44	284.81	295.14	265.93	291.57	0	53.19
2013	3	2	5.072	6635.2113	60.2113	1.2113	 3.89	 1.02	214.93	 1.74	 2.64	 1.00	10.73	 1.09	321.41	284.72	294.27	 0.00	292.90	0	54.00
2013	3	2	6.017	6635.2507	60.2507	1.2507	 3.07	 0.37	210.70	 1.47	 5.44	 0.99	11.10	 1.01	317.61	284.49	291.76	 0.00	290.75	0	54.00
2013	3	2	13.142	6635.5476	60.5476	1.5476	 1.80	 0.17	211.29	 2.83	 4.70	 1.00	10.77	 1.02	319.60	280.21	289.50	276.73	287.00	0	55.35
2013	3	2	14.032	6635.5847	60.5847	1.5847	 1.23	 0.10	211.97	 3.70	 1.87	 1.00	10.77	 1.10	319.51	286.18	293.30	277.99	295.97	0	55.60
2013	3	2	15.375	6635.6406	60.6406	1.6406	 1.39	 0.08	207.95	 2.42	 5.73	 1.00	10.75	 1.05	316.73	293.30	303.01	281.53	298.03	0	56.31
2013	3	2	16.249	6635.6770	60.6770	1.6770	 2.43	 0.21	219.06	 1.76	 1.62	 1.00	10.73	 1.33	317.80	296.29	307.31	285.83	 0.00	0	57.17
2013	3	2	22.016	6635.9173	60.9173	1.9173	 3.87	 1.42	212.87	 2.44	 4.85	 1.00	10.90	 1.12	316.07	292.48	306.95	275.17	300.41	0	55.03
2013	3	3	0.696	6636.0290	61.0290	2.0290	 3.62	 0.75	214.39	 1.70	 1.20	 1.00	10.80	 1.12	316.25	286.08	295.19	268.28	291.83	0	53.66
2013	3	3	1.140	6636.0475	61.0475	2.0475	 3.63	 0.80	210.89	 1.75	 3.90	 1.00	10.80	 1.06	315.09	285.46	294.36	 0.00	291.44	0	54.00
2013	3	3	1.585	6636.0661	61.0661	2.0661	 3.88	 0.85	214.82	 1.48	 4.42	 1.00	10.83	 1.10	315.47	284.95	295.61	268.09	292.35	0	53.62
2013	3	3	2.507	6636.1045	61.1045	2.1045	 3.95	 1.01	212.78	 1.61	 5.40	 1.00	10.77	 1.03	315.24	284.16	293.95	267.59	 0.00	0	53.52
2013	3	3	2.946	6636.1228	61.1228	2.1228	32.51	2916281728974.55	206.38	 1.74	 2.78	 1.00	10.83	 0.90	315.43	283.88	290.91	268.11	290.77	0	53.62
2013	3	3	3.386	6636.1411	61.1411	2.1411	 4.01	 0.92	211.45	 1.37	 4.79	 0.99	10.77	 1.01	315.45	283.68	291.17	 0.00	290.76	0	54.00
2013	3	3	3.830	6636.1596	61.1596	2.1596	 4.84	 1.88	212.07	 1.20	 3.53	 0.99	10.77	 1.07	315.45	283.49	291.97	267.07	292.20	0	53.41
2013	3	3	4.736	6636.1973	61.1973	2.1973	 3.26	 0.55	211.04	 1.75	 1.83	 1.00	10.77	 1.00	315.37	283.35	291.35	 0.00	292.14	0	54.00
2013	3	3	6.556	6636.2732	61.2732	2.2732	 3.33	 0.50	211.14	 1.49	 8.28	 0.98	11.05	 1.06	316.99	283.10	291.55	267.46	 0.00	0	53.49
2013	3	3	7.006	6636.2919	61.2919	2.2919	 3.16	 0.47	209.14	 1.69	 6.96	 0.99	10.88	 0.99	318.58	283.09	291.41	 0.00	291.52	0	54.00
2013	3	3	7.450	6636.3104	61.3104	2.3104	 4.03	 0.98	210.83	 1.42	 6.38	 0.99	10.95	 0.99	319.74	283.02	291.15	266.96	291.21	0	53.39
2013	3	3	7.894	6636.3289	61.3289	2.3289	 3.94	 1.04	210.71	 1.65	 2.91	 1.00	10.78	 1.03	320.53	282.95	289.84	267.41	289.77	0	53.48
2013	3	3	9.686	6636.4036	61.4036	2.4036	 4.28	 1.88	211.19	 2.11	 2.12	 1.00	11.10	 1.14	320.78	283.04	291.64	266.94	289.81	0	53.39
2013	3	3	10.132	6636.4222	61.4222	2.4222	 3.09	 0.40	209.86	 1.52	 1.42	 1.00	10.82	 1.03	320.67	283.10	289.67	266.98	 0.00	0	53.40
2013	3	3	10.576	6636.4407	61.4407	2.4407	 2.98	 0.34	209.93	 1.47	 3.41	 1.00	10.78	 1.03	320.73	283.18	291.04	267.48	288.40	0	53.50
2013	3	3	11.482	6636.4784	61.4784	2.4784	 2.85	 0.33	211.36	 1.64	 2.43	 1.00	10.72	 1.05	320.06	284.04	293.04	269.61	292.35	0	53.92
2013	3	3	12.365	6636.5152	61.5152	2.5152	 3.32	 0.51	211.74	 1.54	 1.86	 1.00	10.77	 1.15	320.12	285.87	294.24	 0.00	 0.00	0	54.00
2013	3	3	12.809	6636.5337	61.5337	2.5337	 2.65	 0.30	212.00	 1.88	 3.47	 1.00	10.72	 1.06	320.11	287.12	295.70	 0.00	296.27	0	54.00
2013	3	3	13.271	6636.5530	61.5530	2.5530	 2.84	 0.27	212.57	 1.37	 3.61	 1.00	10.80	 1.24	320.20	288.62	292.05	274.15	295.70	0	54.83
2013	3	3	14.156	6636.5898	61.5898	2.5898	 2.31	 0.24	212.68	 2.21	 0.83	 1.00	10.75	 1.03	320.21	291.90	300.81	276.03	 0.00	0	55.21
2013	3	3	14.594	6636.6081	61.6081	2.6081	 3.58	 0.86	207.92	 1.95	 2.30	 1.00	10.87	 1.05	319.81	293.34	301.43	276.06	302.90	0	55.21
2013	3	3	15.498	6636.6457	61.6457	2.6457	 3.23	 0.61	211.39	 2.03	 7.49	 1.00	10.75	 1.06	318.91	296.03	305.42	277.95	304.45	0	55.59
2013	3	3	23.044	6636.9602	61.9602	2.9602	 2.85	 0.44	207.96	 2.13	 7.21	 1.00	10.78	 1.05	318.34	288.29	299.44	266.34	295.50	0	53.27
2013	3	3	23.486	6636.9786	61.9786	2.9786	 2.44	 0.30	203.29	 2.27	 7.54	 1.00	10.85	 0.98	318.57	287.20	296.01	265.58	295.76	0	53.12
2013	3	3	23.930	6636.9971	61.9971	2.9971	 2.59	 0.55	213.74	 3.71	87.15	 0.93	10.78	 1.00	320.45	286.37	295.19	 0.00	293.38	0	54.00
2013	3	4	0.398	6637.0166	62.0166	3.0166	 2.65	 0.36	201.83	 2.13	 6.83	 1.00	10.85	 0.85	320.69	285.71	292.23	 0.00	291.31	0	54.00
2013	3	4	0.840	6637.0350	62.0350	3.0350	 3.03	 0.40	213.41	 1.67	 2.93	 1.00	10.82	 1.14	320.77	285.49	295.23	 0.00	293.94	0	54.00
2013	3	4	1.281	6637.0534	62.0534	3.0534	 3.32	 0.53	204.63	 1.56	 4.15	 1.00	10.85	 0.93	320.93	285.23	292.59	 0.00	290.75	0	54.00
2013	3	4	2.166	6637.0902	62.0902	3.0902	 2.96	 0.35	213.83	 1.57	 0.43	 1.00	10.73	 1.05	320.70	284.69	294.83	265.73	293.03	0	53.15
2013	3	4	2.631	6637.1096	62.1096	3.1096	 2.99	 0.95	219.38	 4.25	64.48	 0.98	10.82	 1.10	320.72	284.42	295.94	265.65	291.35	0	53.13
2013	3	4	3.076	6637.1281	62.1281	3.1281	 4.21	 1.12	212.10	 1.35	 1.33	 1.00	10.80	 1.10	321.09	284.21	292.16	265.40	292.45	0	53.08
2013	3	4	4.862	6637.2026	62.2026	3.2026	 2.80	 0.31	211.08	 1.66	 1.92	 1.00	10.77	 1.12	321.33	283.46	291.48	 0.00	288.67	0	54.00
2013	3	4	7.124	6637.2968	62.2968	3.2968	 2.89	 0.39	208.78	 1.85	 1.93	 1.00	10.80	 1.01	321.30	283.14	290.63	266.39	291.42	0	53.28
2013	3	4	8.011	6637.3338	62.3338	3.3338	 2.63	 0.27	210.66	 1.71	 5.06	 1.00	10.80	 1.06	321.24	283.06	291.16	265.93	289.83	0	53.19
2013	3	4	8.456	6637.3523	62.3523	3.3523	 2.55	 0.24	205.60	 1.65	 1.78	 1.00	10.75	 0.96	321.27	283.01	289.71	 0.00	289.72	0	54.00
2013	3	4	8.903	6637.3710	62.3710	3.3710	 2.76	 0.16	212.63	 0.88	 2.60	 0.98	10.80	 1.18	321.29	282.94	291.02	265.44	288.22	0	53.09
2013	3	4	9.370	6637.3904	62.3904	3.3904	 3.02	 0.45	213.02	 1.90	 2.66	 1.00	10.88	 1.13	321.29	282.85	291.55	265.35	 0.00	0	53.07
2013	3	4	9.815	6637.4090	62.4090	3.4090	 3.06	 0.41	208.43	 1.61	 2.49	 1.00	10.80	 1.03	321.13	282.80	291.10	265.41	290.89	0	53.08
2013	3	4	10.260	6637.4275	62.4275	3.4275	 3.34	 0.72	208.63	 2.12	 4.61	 1.00	10.75	 1.05	321.17	282.76	290.50	265.50	 0.00	0	53.10
2013	3	4	11.148	6637.4645	62.4645	3.4645	 3.26	 0.48	209.68	 1.54	 5.56	 0.99	10.85	 1.06	321.29	283.14	290.41	268.34	291.13	0	53.67
2013	3	4	11.617	6637.4840	62.4840	3.4840	 3.71	 0.96	206.67	 1.88	14.16	 0.98	10.87	 0.99	321.37	283.78	290.23	269.20	291.49	0	53.84
2013	3	4	12.501	6637.5209	62.5209	3.5209	 3.17	 0.44	209.31	 1.54	 3.27	 1.00	10.73	 1.11	321.59	286.03	291.35	272.85	290.79	0	54.57
2013	3	4	13.379	6637.5575	62.5575	3.5575	 3.36	 0.49	212.35	 1.43	 2.14	 1.00	10.83	 1.16	321.59	289.05	295.82	275.33	293.83	0	55.07
2013	3	4	13.844	6637.5769	62.5769	3.5769	 3.50	 0.52	211.80	 1.32	 6.42	 0.98	10.78	 1.04	321.59	290.80	299.48	275.88	295.57	0	55.18
2013	3	4	14.283	6637.5951	62.5951	3.5951	 3.53	 0.60	207.19	 1.44	 3.21	 1.00	10.73	 1.03	321.40	292.49	300.05	276.51	299.29	0	55.30
2013	3	4	15.162	6637.6317	62.6317	3.6317	 3.13	 0.50	213.03	 1.87	 6.70	 1.00	10.73	 1.16	317.43	295.23	305.05	276.94	301.80	0	55.39
2013	3	4	22.728	6637.9470	62.9470	3.9470	44.30	 1.00	188.98	 0.00	29.33	 0.00	10.80	 0.81	316.39	289.34	299.86	266.79	296.48	0	53.36
2013	3	5	0.501	6638.0209	63.0209	4.0209	 3.14	 0.55	208.49	 2.00	 1.14	 1.00	10.80	 1.12	320.86	285.83	294.72	 0.00	293.94	0	54.00
2013	3	5	0.971	6638.0405	63.0405	4.0405	 2.93	 0.48	202.54	 2.12	 7.46	 1.00	10.75	 0.98	321.17	284.95	292.31	 0.00	291.69	0	54.00
2013	3	5	1.861	6638.0775	63.0775	4.0775	 2.78	 0.33	212.69	 1.82	13.70	 0.97	10.78	 1.14	321.31	284.02	293.87	 0.00	292.14	0	54.00
2013	3	5	2.305	6638.0960	63.0960	4.0960	 2.55	 0.41	205.49	 2.79	 6.31	 1.00	10.82	 0.96	321.45	283.76	291.33	265.16	 0.00	0	53.03
2013	3	5	3.661	6638.1525	63.1525	4.1525	 7.00	25.55	210.21	 1.85	 7.17	 1.00	10.97	 1.17	321.75	283.06	290.62	265.19	289.71	0	53.04
2013	3	5	4.108	6638.1712	63.1712	4.1712	 3.94	 1.29	206.11	 2.00	 3.68	 1.00	10.72	 1.00	321.65	282.88	290.02	265.18	288.14	0	53.04
2013	3	5	4.549	6638.1895	63.1895	4.1895	 3.65	 0.61	211.97	 1.31	 5.59	 0.99	10.83	 1.17	321.78	282.70	291.36	265.18	290.76	0	53.04
2013	3	5	4.992	6638.2080	63.2080	4.2080	 4.67	 2.25	211.24	 1.71	 3.51	 1.00	10.83	 1.15	321.80	282.53	291.26	265.22	289.13	0	53.04
2013	3	5	6.349	6638.2645	63.2645	4.2645	 3.22	 0.43	209.20	 1.43	 3.38	 1.00	10.80	 1.14	321.61	281.98	289.62	265.29	289.86	0	53.06
2013	3	5	7.238	6638.3016	63.3016	4.3016	 2.74	 0.31	206.51	 1.74	 6.23	 0.99	10.80	 1.07	321.59	281.97	289.09	265.09	286.90	0	53.02
2013	3	5	7.731	6638.3221	63.3221	4.3221	 2.60	 0.22	211.33	 1.46	 3.06	 1.00	10.82	 1.15	321.54	282.21	289.09	265.15	 0.00	0	53.03
2013	3	5	8.616	6638.3590	63.3590	4.3590	 3.15	 0.42	207.82	 1.50	 3.72	 1.00	10.75	 1.09	321.52	282.68	288.97	265.07	 0.00	0	53.01
2013	3	5	9.057	6638.3774	63.3774	4.3774	 2.33	 0.21	208.96	 1.85	 3.08	 1.00	10.72	 1.08	321.54	282.97	290.56	 0.00	289.21	0	54.00
2013	3	5	9.503	6638.3959	63.3959	4.3959	 2.45	 0.19	211.33	 1.46	 0.53	 1.00	10.75	 1.16	321.57	283.02	290.75	265.21	289.45	0	53.04
2013	3	5	9.968	6638.4153	63.4153	4.4153	 2.53	 0.29	205.39	 1.98	 0.62	 1.00	10.80	 1.06	321.57	282.75	288.70	265.35	 0.00	0	53.07
2013	3	5	10.413	6638.4339	63.4339	4.4339	 2.61	 0.31	209.56	 2.02	 3.68	 1.00	10.73	 1.10	321.57	282.64	289.63	265.34	287.65	0	53.07
2013	3	5	10.857	6638.4524	63.4524	4.4524	 2.88	 0.38	209.56	 1.81	 3.59	 1.00	10.77	 1.16	321.59	282.75	290.37	265.18	 0.00	0	53.04
2013	3	5	13.093	6638.5455	63.5455	4.5455	 2.37	 0.16	208.28	 1.36	 4.35	 0.99	10.73	 1.16	321.67	287.68	295.87	270.83	296.64	0	54.17
2013	3	5	13.970	6638.5821	63.5821	4.5821	 2.42	 0.23	208.78	 1.79	 1.28	 1.00	10.75	 1.12	321.74	290.55	298.28	272.54	299.82	0	54.51
2013	3	5	18.408	6638.7670	63.7670	4.7670	 1.86	 0.40	204.62	 6.17	37.31	 1.00	10.75	 0.81	321.89	296.50	312.53	278.89	302.92	0	55.78
2013	3	5	19.750	6638.8229	63.8229	4.8229	 2.22	 0.49	210.87	 4.90	20.35	 1.00	10.85	 1.13	321.74	296.00	307.06	277.72	301.02	0	55.54
2013	3	5	21.536	6638.8973	63.8973	4.8973	 1.86	 0.36	209.51	 5.58	26.46	 1.00	10.75	 1.04	321.62	292.46	310.73	274.54	298.28	0	54.91
2013	3	5	23.775	6638.9906	63.9906	4.9906	 1.76	 0.14	205.03	 2.37	 6.11	 1.00	10.83	 1.11	321.90	285.97	294.79	265.66	291.69	0	53.13
2013	3	6	1.575	6639.0656	64.0656	5.0656	 1.56	 0.10	206.83	 2.20	 5.56	 1.00	10.97	 1.05	321.96	283.22	291.52	 0.00	291.42	0	54.00
2013	3	6	2.917	6639.1216	64.1216	5.1216	 1.37	 0.09	201.97	 2.51	11.04	 0.99	10.92	 1.09	321.98	282.23	289.44	 0.00	287.48	0	54.00
2013	3	6	3.359	6639.1400	64.1400	5.1400	 1.37	 0.08	203.59	 2.27	 3.36	 1.00	10.87	 1.08	322.01	281.96	288.81	265.26	288.59	0	53.05
2013	3	6	5.155	6639.2148	64.2148	5.2148	 1.70	 0.15	203.50	 2.69	 6.40	 1.00	10.78	 1.13	322.43	281.20	287.42	265.31	289.17	0	53.06
2013	3	6	5.599	6639.2333	64.2333	5.2333	 1.57	 0.08	205.67	 1.90	 3.00	 1.00	10.85	 1.12	322.24	281.03	289.42	 0.00	 0.00	0	54.00
2013	3	6	7.400	6639.3083	64.3083	5.3083	 1.24	 0.08	198.83	 2.74	 2.43	 1.00	11.13	 0.99	321.54	280.39	285.80	265.11	285.49	0	53.02
2013	3	6	8.343	6639.3476	64.3476	5.3476	 1.09	 0.06	202.44	 3.03	 3.09	 1.00	10.83	 0.98	322.11	280.37	285.63	265.07	288.30	0	53.01
2013	3	6	8.790	6639.3662	64.3662	5.3662	 1.18	 0.07	199.03	 2.61	 2.71	 1.00	10.92	 1.05	322.10	280.40	285.77	 0.00	288.27	0	54.00
2013	3	6	9.235	6639.3848	64.3848	5.3848	 1.26	 0.07	203.03	 2.42	 1.72	 1.00	10.90	 1.10	322.56	280.45	286.70	264.97	 0.00	0	52.99
2013	3	6	10.129	6639.4221	64.4221	5.4221	 1.25	 0.06	205.45	 2.34	 4.25	 1.00	10.87	 1.05	322.45	280.74	287.65	 0.00	285.80	0	54.00
2013	3	6	11.043	6639.4601	64.4601	5.4601	 1.39	 0.08	202.20	 2.26	 5.12	 1.00	10.95	 1.08	322.55	281.32	288.70	266.27	 0.00	0	53.25
2013	3	6	11.487	6639.4786	64.4786	5.4786	 1.36	 0.06	203.79	 1.91	 3.19	 1.00	10.82	 1.11	322.65	281.92	289.63	 0.00	 0.00	0	54.00
2013	3	6	11.933	6639.4972	64.4972	5.4972	 1.22	 0.07	201.53	 2.47	 0.81	 1.00	10.87	 1.01	322.30	282.79	289.91	268.52	291.11	0	53.70
2013	3	6	12.844	6639.5352	64.5352	5.5352	 1.38	 0.08	209.62	 2.47	 2.54	 1.00	10.78	 1.20	321.78	285.36	293.66	271.51	292.10	0	54.30
2013	3	6	13.283	6639.5535	64.5535	5.5535	 1.44	 0.07	204.07	 1.78	 3.15	 1.00	10.80	 1.08	321.19	287.10	294.08	273.66	293.93	0	54.73
2013	3	6	13.724	6639.5719	64.5719	5.5719	 1.48	 0.09	203.48	 2.21	 0.68	 1.00	10.73	 1.07	321.13	288.84	294.94	275.31	298.23	0	55.06
2013	3	6	14.601	6639.6084	64.6084	5.6084	 1.65	 0.10	208.97	 2.10	 1.39	 1.00	10.73	 1.10	319.46	292.33	301.70	276.01	299.46	0	55.20
2013	3	6	16.377	6639.6824	64.6824	5.6824	 1.65	 0.09	200.61	 1.82	 7.87	 0.98	10.73	 0.96	320.80	296.86	307.22	278.97	303.37	0	55.79
2013	3	6	16.815	6639.7006	64.7006	5.7006	 1.81	 0.10	205.33	 1.70	 0.42	 1.00	10.75	 1.08	321.64	297.41	305.83	279.45	303.85	0	55.89
2013	3	6	18.155	6639.7565	64.7565	5.7565	 2.09	 0.21	204.47	 2.41	 8.50	 1.00	10.72	 0.99	321.02	298.55	311.36	279.34	307.47	0	55.87
2013	3	6	19.032	6639.7930	64.7930	5.7930	 1.74	 0.16	207.96	 2.93	 3.63	 1.00	10.72	 0.98	320.90	298.27	311.05	279.76	 0.00	0	55.95
2013	3	6	20.814	6639.8673	64.8673	5.8673	 1.55	 0.15	203.53	 3.42	10.07	 1.00	10.82	 1.03	320.72	295.33	309.33	276.47	302.86	0	55.29
2013	3	6	22.171	6639.9238	64.9238	5.9238	 2.13	 0.58	200.80	 6.17	35.95	 1.00	10.82	 1.01	321.14	291.48	304.20	269.20	297.72	0	53.84
2013	3	6	22.614	6639.9422	64.9422	5.9422	 3.16	 1.97	213.32	 7.12	199.68	 0.98	10.80	 1.24	321.37	290.17	296.10	267.64	297.49	0	53.53
2013	3	6	23.497	6639.9790	64.9790	5.9790	 2.46	 0.27	207.74	 2.01	 2.69	 1.00	10.78	 1.03	321.57	287.66	297.35	 0.00	293.97	0	54.00
2013	3	6	23.966	6639.9986	64.9986	5.9986	 2.67	 0.21	210.20	 1.30	10.93	 0.93	10.82	 1.09	321.62	286.62	295.76	265.41	295.02	0	53.08
2013	3	7	0.412	6640.0172	65.0172	6.0172	 2.89	 0.28	214.96	 1.35	 6.58	 0.98	10.77	 1.22	321.71	285.86	294.57	267.22	294.18	0	53.44
2013	3	7	0.854	6640.0356	65.0356	6.0356	 2.95	 0.26	210.74	 1.15	 3.44	 0.99	10.73	 1.04	321.67	285.47	294.66	 0.00	292.50	0	54.00
2013	3	7	1.298	6640.0541	65.0541	6.0541	 2.87	 0.30	209.70	 1.48	 5.81	 0.99	10.87	 1.04	321.73	285.22	293.65	268.60	292.18	0	53.72
2013	3	7	1.743	6640.0726	65.0726	6.0726	 3.22	 0.40	213.86	 1.36	 1.53	 1.00	10.80	 1.22	321.72	285.01	294.59	 0.00	290.47	0	54.00
2013	3	7	2.658	6640.1108	65.1108	6.1108	 2.87	 0.28	212.92	 1.38	10.68	 0.95	10.90	 1.13	321.84	284.59	293.79	268.11	291.70	0	53.62
2013	3	7	3.549	6640.1479	65.1479	6.1479	 3.35	 0.49	213.93	 1.46	 0.70	 1.00	10.77	 1.12	321.76	284.35	294.13	 0.00	289.90	0	54.00
2013	3	7	3.989	6640.1662	65.1662	6.1662	 4.19	 0.99	214.91	 1.25	 0.61	 1.00	10.73	 1.16	321.76	284.32	293.95	268.24	 0.00	0	53.65
2013	3	7	4.904	6640.2044	65.2044	6.2044	 3.52	 0.58	208.64	 1.42	 4.91	 0.99	10.92	 1.01	321.81	284.22	290.93	267.37	 0.00	0	53.47
2013	3	7	5.354	6640.2231	65.2231	6.2231	 2.89	 0.48	212.70	 2.28	18.58	 0.98	10.72	 1.01	321.72	284.16	291.86	 0.00	290.97	0	54.00
2013	3	7	6.240	6640.2600	65.2600	6.2600	 3.38	 0.55	216.61	 1.60	 2.80	 1.00	11.03	 1.13	321.52	284.11	293.75	265.57	 0.00	0	53.11
2013	3	7	7.593	6640.3164	65.3164	6.3164	 3.82	 0.81	208.13	 1.43	 8.07	 0.98	10.73	 1.02	321.62	283.96	289.70	 0.00	289.17	0	54.00
2013	3	7	8.036	6640.3348	65.3348	6.3348	 3.49	 0.69	208.92	 1.72	 3.05	 1.00	10.75	 0.99	321.63	283.95	290.92	 0.00	291.96	0	54.00
2013	3	7	8.974	6640.3739	65.3739	6.3739	 4.49	 1.60	212.63	 1.47	 4.83	 1.00	10.78	 1.07	321.72	283.90	292.36	266.61	290.50	0	53.32
2013	3	7	10.298	6640.4291	65.4291	6.4291	 3.66	 0.86	214.16	 1.85	 2.77	 1.00	10.75	 1.10	321.76	283.93	293.11	267.12	291.91	0	53.42
2013	3	7	12.537	6640.5224	65.5224	6.5224	 3.57	 0.53	216.12	 1.26	 1.40	 1.00	10.85	 1.16	322.00	286.76	295.53	275.22	 0.00	0	55.04
2013	3	7	12.980	6640.5408	65.5408	6.5408	 3.60	 0.59	214.88	 1.36	 4.89	 0.99	10.92	 1.15	321.93	288.38	296.44	276.02	297.37	0	55.20
2013	3	7	13.444	6640.5602	65.5602	6.5602	 3.40	 0.54	211.03	 1.49	 6.31	 0.99	10.78	 1.11	322.08	289.87	296.65	276.77	297.05	0	55.35
2013	3	7	13.883	6640.5785	65.5785	6.5785	 3.74	 0.81	209.64	 1.58	 2.78	 1.00	10.77	 1.05	322.17	291.72	299.98	 0.00	296.45	0	54.00
2013	3	7	14.321	6640.5967	65.5967	6.5967	 3.43	 0.51	213.50	 1.38	 2.07	 1.00	10.73	 1.23	322.35	293.46	301.73	278.99	302.09	0	55.80
2013	3	7	15.197	6640.6332	65.6332	6.6332	 3.98	 0.92	211.90	 1.42	 1.38	 1.00	10.73	 1.14	320.07	296.75	306.85	282.28	301.64	0	56.46
2013	3	7	16.101	6640.6709	65.6709	6.6709	 3.30	 0.44	210.57	 1.37	 3.98	 1.00	10.77	 1.04	319.82	298.38	310.98	282.36	305.03	0	56.47
2013	3	7	16.539	6640.6891	65.6891	6.6891	 3.30	 0.60	207.50	 1.84	 6.45	 1.00	10.75	 0.98	319.97	298.82	310.36	 0.00	305.74	0	54.00
2013	3	7	17.419	6640.7258	65.7258	6.7258	 3.44	 0.68	210.00	 1.81	 3.34	 1.00	10.83	 1.11	320.80	299.73	310.58	281.68	 0.00	0	56.34
2013	3	7	17.884	6640.7452	65.7452	6.7452	 3.17	 0.70	214.56	 2.51	12.00	 1.00	10.77	 1.17	320.32	299.82	311.54	280.55	306.84	0	56.11
2013	3	7	18.759	6640.7816	65.7816	6.7816	 3.07	 0.53	213.39	 2.11	14.40	 0.99	10.72	 1.17	320.57	299.31	310.73	278.63	306.40	0	55.73
2013	3	7	20.101	6640.8375	65.8375	6.8375	 4.07	 1.25	208.81	 1.71	 1.44	 1.00	10.75	 1.07	320.72	297.40	309.45	 0.00	302.84	0	54.00
2013	3	7	22.769	6640.9487	65.9487	6.9487	 3.99	 1.02	213.47	 1.56	 2.96	 1.00	10.92	 1.24	321.37	289.80	300.76	265.69	295.77	0	53.14
2013	3	8	0.568	6641.0236	66.0236	7.0236	 4.33	 1.59	217.81	 1.76	 3.10	 1.00	10.90	 1.21	320.70	285.83	297.84	267.40	294.14	0	53.48
2013	3	8	2.821	6641.1175	66.1175	7.1175	 4.39	 1.29	212.12	 1.31	 1.17	 1.00	10.78	 1.13	320.62	284.45	293.87	266.87	 0.00	0	53.37
2013	3	8	4.144	6641.1727	66.1727	7.1727	 4.69	 1.98	212.30	 1.48	 3.27	 1.00	10.82	 1.17	320.37	284.14	292.49	266.62	 0.00	0	53.32
2013	3	8	6.378	6641.2658	66.2658	7.2658	 3.79	 0.84	211.29	 1.57	 2.73	 1.00	10.80	 1.07	318.83	284.11	292.00	 0.00	 0.00	0	54.00
2013	3	8	6.821	6641.2842	66.2842	7.2842	 7.44	28.49	210.84	 1.33	 2.14	 1.00	10.70	 1.06	319.18	284.00	292.41	266.54	291.90	0	53.31
2013	3	8	7.736	6641.3223	66.3223	7.3223	 4.47	 1.44	212.57	 1.34	 4.14	 1.00	10.92	 1.13	319.15	283.79	293.31	265.62	291.70	0	53.12
2013	3	8	8.618	6641.3591	66.3591	7.3591	22.83	181581163.63	209.65	 1.75	 2.70	 1.00	10.80	 1.05	318.52	283.39	291.36	265.14	291.42	0	53.03
2013	3	8	9.059	6641.3775	66.3775	7.3775	41.47	 1.00	206.73	 0.00	 4.21	 0.00	10.77	 1.01	319.45	283.18	289.05	265.16	288.37	0	53.03
2013	3	8	9.553	6641.3980	66.3980	7.3980	 5.08	 2.65	210.84	 1.32	 5.55	 0.99	10.77	 1.05	319.94	282.98	291.64	265.16	288.14	0	53.03
2013	3	8	12.246	6641.5102	66.5102	7.5102	 4.10	 1.53	209.66	 2.06	18.35	 0.98	10.77	 1.05	321.79	284.97	291.02	271.58	 0.00	0	54.32
2013	3	8	14.036	6641.5848	66.5848	7.5848	 4.63	 2.72	212.22	 2.14	 5.58	 1.00	10.75	 1.08	318.71	291.64	298.51	 0.00	298.62	0	54.00
2013	3	8	14.474	6641.6031	66.6031	7.6031	 3.83	 0.75	208.73	 1.32	 3.48	 1.00	10.75	 1.05	316.62	293.23	302.30	280.52	299.74	0	56.10
2013	3	8	14.912	6641.6213	66.6213	7.6213	 4.44	 1.19	213.19	 1.15	 2.24	 1.00	10.75	 1.19	317.02	294.21	303.97	281.38	299.51	0	56.28
2013	3	8	15.789	6641.6579	66.6579	7.6579	 3.95	 0.95	209.84	 1.49	 2.44	 1.00	10.73	 1.14	317.24	295.41	305.67	280.56	302.50	0	56.11
2013	3	8	16.688	6641.6953	66.6953	7.6953	 4.01	 1.14	212.50	 1.71	 6.01	 1.00	10.73	 1.12	317.01	296.97	310.18	282.19	303.13	0	56.44
2013	3	8	17.564	6641.7319	66.7319	7.7319	 6.64	22.50	206.02	 2.29	 6.09	 1.00	10.73	 1.07	319.09	298.12	309.30	280.85	304.85	0	56.17
2013	3	8	18.003	6641.7501	66.7501	7.7501	16.95	651089.49	205.51	 2.19	 3.46	 1.00	10.75	 1.05	319.61	298.58	308.53	280.58	303.35	0	56.12
2013	3	8	18.904	6641.7877	66.7877	7.7877	 3.74	 1.46	200.84	 2.71	 7.17	 1.00	10.73	 0.87	317.17	298.63	311.70	281.74	305.61	0	56.35
2013	3	8	19.342	6641.8059	66.8059	7.8059	 2.90	 0.79	206.43	 3.68	10.31	 1.00	10.73	 0.91	316.95	298.24	312.75	281.37	303.57	0	56.27
2013	3	8	19.779	6641.8241	66.8241	7.8241	 3.63	 0.86	214.48	 1.91	 3.22	 1.00	10.72	 1.14	316.91	297.71	311.64	281.34	305.24	0	56.27
2013	3	9	4.249	6642.1771	67.1771	8.1771	 3.69	 0.58	209.73	 1.20	 3.18	 1.00	10.80	 1.11	321.97	277.48	282.88	265.14	285.16	0	53.03
2013	3	9	4.692	6642.1955	67.1955	8.1955	 5.22	 3.26	207.79	 1.40	 8.85	 0.98	10.78	 1.06	322.01	278.41	285.65	 0.00	 0.00	0	54.00
2013	3	9	5.137	6642.2140	67.2140	8.2140	 6.45	10.58	210.59	 1.33	 2.53	 1.00	10.75	 1.15	322.01	279.39	286.08	 0.00	284.50	0	54.00
2013	3	9	6.046	6642.2519	67.2519	8.2519	 5.75	 7.89	209.47	 2.00	 7.95	 1.00	10.73	 1.07	321.99	280.61	287.07	265.16	287.30	0	53.03
2013	3	9	7.378	6642.3074	67.3074	8.3074	 4.56	 1.92	213.18	 1.64	 1.70	 1.00	10.88	 1.15	321.94	281.45	289.88	265.09	288.05	0	53.02
2013	3	9	8.731	6642.3638	67.3638	8.3638	 3.89	 1.07	206.74	 1.76	 5.80	 1.00	10.88	 1.01	321.87	281.72	289.40	265.11	289.83	0	53.02
2013	3	9	9.623	6642.4010	67.4010	8.4010	 3.51	 0.46	211.47	 1.14	 2.93	 0.99	10.83	 1.10	321.95	281.84	289.75	265.03	 0.00	0	53.01
2013	3	9	10.119	6642.4216	67.4216	8.4216	 3.30	 0.66	208.79	 2.02	 1.69	 1.00	10.82	 1.05	321.93	281.87	289.72	265.04	287.02	0	53.01
2013	3	9	11.013	6642.4589	67.4589	8.4589	 4.79	 1.71	205.31	 1.12	 3.78	 0.99	10.78	 1.09	321.98	282.25	288.10	267.26	288.78	0	53.45
2013	3	9	11.456	6642.4773	67.4773	8.4773	 3.71	 0.71	209.61	 1.43	 1.80	 1.00	10.73	 1.15	322.07	282.85	290.98	268.30	289.29	0	53.66
2013	3	9	11.901	6642.4959	67.4959	8.4959	 3.74	 0.84	208.98	 1.62	 1.11	 1.00	11.00	 1.11	322.16	283.79	291.00	269.23	290.30	0	53.85
2013	3	9	12.369	6642.5154	67.5154	8.5154	 3.45	 0.57	210.70	 1.49	 1.84	 1.00	10.77	 1.14	322.23	284.98	292.51	271.02	289.75	0	54.20
2013	3	9	12.809	6642.5337	67.5337	8.5337	 3.76	 0.74	206.39	 1.38	 5.55	 0.99	10.78	 1.12	322.44	286.49	293.88	271.78	293.30	0	54.36
2013	3	9	13.687	6642.5703	67.5703	8.5703	 3.19	 0.55	204.28	 1.85	 6.59	 1.00	10.72	 1.04	321.60	289.63	297.22	273.25	296.57	0	54.65
2013	3	9	14.593	6642.6081	67.6081	8.6081	 3.30	 0.45	202.47	 1.34	 3.41	 1.00	10.80	 0.94	319.00	292.90	300.95	276.41	299.43	0	55.28
2013	3	9	15.908	6642.6628	67.6628	8.6628	 3.88	 0.87	211.48	 1.47	 8.35	 0.98	10.73	 1.14	315.16	296.09	306.16	 0.00	301.47	0	54.00
2013	3	9	18.120	6642.7550	67.7550	8.7550	 3.23	 0.58	206.06	 1.89	 8.81	 0.99	10.77	 0.98	321.30	297.40	308.11	279.59	303.12	0	55.92
2013	3	9	19.020	6642.7925	67.7925	8.7925	 3.07	 0.66	209.93	 2.58	 9.14	 1.00	10.77	 1.09	318.62	297.42	307.67	281.42	304.15	0	56.28
2013	3	9	19.894	6642.8289	67.8289	8.8289	 4.14	 1.64	212.09	 2.13	 3.63	 1.00	10.77	 1.26	317.64	296.43	308.63	278.78	 0.00	0	55.76
2013	3	9	21.233	6642.8847	67.8847	8.8847	 3.51	 0.46	212.69	 1.15	 0.22	 1.00	10.77	 1.20	318.09	293.67	306.53	279.55	301.72	0	55.91
2013	3	9	21.672	6642.9030	67.9030	8.9030	 3.01	 0.37	206.57	 1.51	 2.18	 1.00	10.78	 1.08	318.63	292.69	304.26	 0.00	301.37	0	54.00
2013	3	9	22.116	6642.9215	67.9215	8.9215	 3.63	 1.19	210.28	 2.58	 3.82	 1.00	10.83	 1.09	319.49	291.45	305.79	 0.00	299.52	0	54.00
2013	3	10	0.365	6643.0152	68.0152	9.0152	 3.05	 0.43	201.97	 1.65	 5.06	 1.00	10.90	 0.98	321.95	286.83	293.96	265.65	295.05	0	53.13
2013	3	10	0.809	6643.0337	68.0337	9.0337	 3.11	 0.83	202.52	 2.99	 4.01	 1.00	10.82	 0.96	321.89	285.93	295.11	265.58	294.11	0	53.12
2013	3	10	1.720	6643.0717	68.0717	9.0717	 2.67	 0.31	203.35	 1.83	 9.56	 0.99	10.80	 1.00	318.95	284.29	292.42	265.22	290.44	0	53.04
2013	3	10	4.839	6643.2016	68.2016	9.2016	 2.68	 0.31	208.91	 1.83	13.83	 0.97	10.87	 1.18	318.62	277.49	285.58	263.53	284.84	0	52.71
2013	3	10	5.728	6643.2387	68.2387	9.2387	 2.32	 0.14	203.46	 1.22	 2.80	 0.99	10.82	 1.12	318.51	277.82	283.60	262.70	285.84	0	52.54
2013	3	10	7.976	6643.3323	68.3323	9.3323	 0.95	 0.05	192.66	 2.99	11.08	 0.97	10.85	 0.98	318.56	278.12	282.49	 0.00	283.22	0	54.00
2013	3	10	8.442	6643.3517	68.3517	9.3517	 1.20	 0.06	190.53	 2.28	18.46	 0.90	10.92	 1.14	318.59	278.07	286.89	 0.00	283.22	0	54.00
2013	3	10	10.225	6643.4260	68.4260	9.4260	 1.21	 0.05	200.92	 1.96	 6.15	 0.98	11.08	 1.14	318.60	278.58	286.27	265.08	 0.00	0	53.02
2013	3	10	11.163	6643.4651	68.4651	9.4651	 1.00	 0.07	197.60	 3.56	 4.76	 1.00	10.82	 1.01	318.61	279.14	286.41	265.07	284.14	0	53.01
2013	3	10	11.607	6643.4836	68.4836	9.4836	 1.44	 0.42	213.63	11.85	1024.06	 0.78	10.72	 1.08	318.63	279.89	285.18	265.27	 0.00	0	53.05
2013	3	10	12.493	6643.5206	68.5206	9.5206	 1.11	 0.06	207.00	 2.87	 3.05	 1.00	11.00	 1.02	318.67	282.78	289.38	272.62	 0.00	0	54.52
2013	3	10	13.838	6643.5766	68.5766	9.5766	 1.18	 0.07	207.21	 2.78	 0.58	 1.00	10.73	 1.07	319.22	288.73	297.53	276.66	298.60	0	55.33
2013	3	10	14.278	6643.5949	68.5949	9.5949	 1.61	 0.11	207.43	 2.42	 2.92	 1.00	10.72	 1.00	318.36	290.63	300.83	277.28	300.56	0	55.46
2013	3	10	15.616	6643.6507	68.6507	9.6507	 1.81	 0.12	212.99	 1.97	 3.07	 1.00	10.77	 1.09	319.37	295.44	308.69	280.29	302.23	0	56.06
2013	3	10	16.495	6643.6873	68.6873	9.6873	 1.91	 0.15	203.21	 2.09	 2.25	 1.00	10.75	 1.03	320.65	297.38	307.16	283.36	305.97	0	56.67
2013	3	10	18.271	6643.7613	68.7613	9.7613	 1.91	 0.15	207.19	 2.19	 4.24	 1.00	10.73	 0.99	317.89	298.62	311.98	280.92	304.27	0	56.18
2013	3	10	18.709	6643.7796	68.7796	9.7796	 1.74	 0.18	204.91	 3.20	10.46	 1.00	10.73	 1.01	318.72	298.33	309.78	280.67	304.64	0	56.13
2013	3	10	19.612	6643.8172	68.8172	9.8172	 3.49	 1.36	210.56	 3.44	14.96	 1.00	10.85	 1.36	318.06	297.05	306.79	276.78	304.17	0	55.36
2013	3	10	21.365	6643.8902	68.8902	9.8902	 1.64	 0.12	217.04	 2.60	20.69	 0.97	10.80	 1.42	320.42	292.84	304.66	274.20	298.76	0	54.84
2013	3	10	21.831	6643.9096	68.9096	9.9096	 1.00	 0.12	202.01	 6.40	24.18	 1.00	10.80	 0.93	320.67	291.49	305.46	272.57	300.46	0	54.51
2013	3	10	22.719	6643.9466	68.9466	9.9466	 1.24	 0.16	199.35	 5.66	 5.10	 1.00	10.83	 1.16	319.94	288.64	297.89	 0.00	296.79	0	54.00
2013	3	10	23.602	6643.9834	68.9834	9.9834	 1.10	 0.11	192.98	 4.74	 2.39	 1.00	10.80	 1.10	321.15	286.21	293.06	 0.00	 0.00	0	54.00
2013	3	11	2.313	6644.0964	69.0964	10.0964	 0.76	 0.05	173.28	 3.61	 7.06	 0.99	10.80	 1.05	320.95	281.77	285.87	265.00	288.52	0	53.00
2013	3	11	3.201	6644.1334	69.1334	10.1334	 0.85	 0.07	180.99	 4.38	 1.55	 1.00	10.77	 1.14	320.92	281.51	290.23	265.05	 0.00	0	53.01
2013	3	11	4.089	6644.1704	69.1704	10.1704	 0.79	 0.06	176.77	 4.76	 5.83	 1.00	10.75	 1.17	320.73	281.26	290.75	265.07	288.13	0	53.01
2013	3	11	4.560	6644.1900	69.1900	10.1900	 0.54	 0.07	170.62	 9.67	 4.27	 1.00	10.87	 1.02	320.49	281.05	289.54	265.07	289.44	0	53.01
2013	3	11	5.005	6644.2085	69.2085	10.2085	 0.81	 0.05	180.44	 3.86	 2.15	 1.00	10.88	 1.23	320.46	280.79	291.46	265.09	289.27	0	53.02
2013	3	11	5.453	6644.2272	69.2272	10.2272	 0.78	 0.05	181.16	 3.81	 2.15	 1.00	10.95	 1.22	320.33	280.79	290.70	265.09	289.01	0	53.02
2013	3	11	6.343	6644.2643	69.2643	10.2643	 0.66	 0.06	176.50	 5.96	 2.62	 1.00	10.77	 1.11	321.07	280.40	287.71	265.15	287.21	0	53.03
2013	3	11	6.811	6644.2838	69.2838	10.2838	 0.77	 0.06	169.57	 4.70	 1.83	 1.00	10.90	 1.14	320.84	280.14	288.72	 0.00	 0.00	0	54.00
2013	3	11	7.255	6644.3023	69.3023	10.3023	 0.70	 0.05	171.76	 4.88	 0.83	 1.00	10.75	 1.11	320.47	279.89	289.50	264.84	286.63	0	52.97
2013	3	11	7.703	6644.3210	69.3210	10.3210	 0.70	 0.04	175.94	 3.89	10.22	 0.96	10.97	 1.14	321.49	279.72	288.35	 0.00	 0.00	0	54.00
2013	3	11	8.599	6644.3583	69.3583	10.3583	 0.49	 0.05	184.36	 9.76	15.77	 0.98	10.82	 1.02	321.57	279.35	286.26	 0.00	285.83	0	54.00
2013	3	11	9.070	6644.3779	69.3779	10.3779	 0.70	 0.04	177.20	 3.97	 2.83	 1.00	10.83	 1.10	321.56	279.12	287.38	262.96	 0.00	0	52.59
2013	3	11	9.519	6644.3966	69.3966	10.3966	 0.64	 0.05	171.84	 5.53	 0.40	 1.00	10.95	 1.10	321.66	278.98	288.65	264.45	286.80	0	52.89
2013	3	11	17.107	6644.7128	69.7128	10.7128	 0.50	 0.08	206.17	16.14	36.69	 0.99	10.77	 0.83	322.10	296.13	306.86	282.14	303.16	0	56.43
2013	3	11	18.447	6644.7686	69.7686	10.7686	 1.09	 0.08	195.71	 3.63	18.23	 0.98	10.73	 1.00	320.25	297.85	310.35	282.67	304.69	0	56.53
2013	3	11	19.324	6644.8052	69.8052	10.8052	 1.67	 0.15	197.17	 2.84	 7.06	 1.00	10.72	 1.08	321.01	297.57	311.95	281.37	304.78	0	56.27
2013	3	11	19.764	6644.8235	69.8235	10.8235	 1.54	 0.11	207.32	 2.61	 2.84	 1.00	10.85	 1.12	320.96	297.08	309.14	280.81	304.49	0	56.16
2013	3	11	20.668	6644.8612	69.8612	10.8612	 1.88	 0.17	196.31	 2.37	42.01	 0.86	10.73	 1.01	320.93	295.32	297.73	278.71	303.07	0	55.74
2013	3	11	22.890	6644.9538	69.9538	10.9538	 1.35	 0.09	200.13	 2.75	 5.24	 1.00	10.77	 1.11	322.08	288.42	300.38	266.01	297.65	0	53.20
2013	3	11	23.331	6644.9721	69.9721	10.9721	 1.23	 0.06	198.71	 2.15	 8.91	 0.98	10.77	 1.05	322.09	286.94	297.22	265.16	295.34	0	53.03
2013	3	12	0.682	6645.0284	70.0284	11.0284	 1.24	 0.06	200.08	 2.28	10.17	 0.98	10.77	 1.06	322.46	283.50	293.11	262.04	290.11	0	52.41
2013	3	12	2.016	6645.0840	70.0840	11.0840	 0.99	 0.06	194.79	 3.33	 7.92	 0.99	10.75	 1.13	322.08	280.92	289.32	260.29	288.60	0	52.06
2013	3	12	3.373	6645.1405	70.1405	11.1405	 0.93	 0.07	191.04	 3.94	 5.61	 1.00	10.73	 1.09	322.33	279.31	286.74	260.89	 0.00	0	52.18
2013	3	12	3.816	6645.1590	70.1590	11.1590	 1.04	 0.06	187.10	 2.60	 8.46	 0.98	11.02	 1.11	321.85	278.92	286.47	260.33	286.64	0	52.07
2013	3	12	4.261	6645.1776	70.1776	11.1776	 0.87	 0.05	179.07	 3.46	 3.27	 1.00	10.97	 1.07	322.57	278.61	282.83	 0.00	284.82	0	54.00
2013	3	12	4.701	6645.1959	70.1959	11.1959	 0.96	 0.05	186.15	 2.62	 2.43	 1.00	10.73	 1.11	322.56	278.45	285.36	261.74	 0.00	0	52.35
2013	3	12	5.618	6645.2341	70.2341	11.2341	 0.88	 0.05	183.60	 3.27	 6.64	 0.99	11.03	 1.10	322.07	278.21	282.79	262.01	284.49	0	52.40
2013	3	12	6.960	6645.2900	70.2900	11.2900	 0.85	 0.03	182.06	 2.19	 7.23	 0.93	10.90	 1.07	321.80	277.98	284.29	 0.00	284.28	0	54.00
2013	3	12	8.757	6645.3649	70.3649	11.3649	 0.72	 0.07	185.53	 6.20	 7.30	 1.00	10.80	 1.00	320.45	277.47	283.91	261.21	285.02	0	52.24
2013	3	12	9.669	6645.4029	70.4029	11.4029	 0.92	 0.06	179.48	 3.45	 7.97	 0.99	10.78	 1.12	320.11	277.19	284.21	261.29	 0.00	0	52.26
2013	3	12	10.110	6645.4213	70.4213	11.4213	 0.80	 0.05	182.59	 3.89	 2.32	 1.00	10.78	 1.12	320.90	277.18	284.90	261.56	 0.00	0	52.31
2013	3	12	10.554	6645.4397	70.4397	11.4397	 0.72	 0.05	177.89	 4.67	 5.32	 1.00	10.88	 1.00	321.40	277.21	282.13	 0.00	 0.00	0	54.00
2013	3	12	11.933	6645.4972	70.4972	11.4972	 0.92	 0.05	180.21	 2.80	11.67	 0.95	10.82	 1.16	317.60	279.05	286.26	265.54	284.82	0	53.11
2013	3	12	14.595	6645.6081	70.6081	11.6081	 0.59	 0.06	190.66	 8.09	 4.47	 1.00	10.77	 0.99	321.92	284.81	293.73	271.05	290.13	0	54.21
2013	3	12	15.032	6645.6263	70.6263	11.6263	 0.92	 0.06	183.96	 3.54	 9.87	 0.99	10.72	 1.21	321.82	287.21	294.16	272.06	290.91	0	54.41
2013	3	12	15.909	6645.6629	70.6629	11.6629	 0.78	 0.04	184.87	 3.44	 8.72	 0.98	10.73	 1.10	321.01	291.16	299.40	275.26	295.03	0	55.05
2013	3	12	16.372	6645.6822	70.6822	11.6822	 0.68	 0.06	184.73	 6.32	10.81	 0.99	10.77	 1.02	318.89	292.51	301.72	279.28	301.37	0	55.86
2013	3	12	23.914	6645.9964	70.9964	11.9964	 1.13	 0.06	198.43	 2.48	 6.70	 0.99	10.73	 1.09	321.51	279.53	286.76	262.69	 0.00	0	52.54
2013	3	13	0.803	6646.0335	71.0335	12.0335	 0.98	 0.06	184.86	 3.17	10.06	 0.99	10.85	 1.09	321.44	279.06	284.79	261.98	285.62	0	52.40
2013	3	13	1.716	6646.0715	71.0715	12.0715	 0.62	 0.05	183.70	 5.91	10.33	 0.99	10.77	 1.08	321.26	278.47	285.41	 0.00	286.42	0	54.00
2013	3	13	2.602	6646.1084	71.1084	12.1084	 0.61	 0.04	178.04	 5.04	 2.70	 1.00	10.77	 1.07	321.69	278.28	285.16	262.27	283.39	0	52.45
2013	3	13	3.045	6646.1269	71.1269	12.1269	 0.51	 0.07	176.82	10.93	19.74	 0.99	10.93	 0.95	321.71	278.23	282.08	262.24	 0.00	0	52.45
2013	3	13	3.958	6646.1649	71.1649	12.1649	 0.65	 0.05	174.60	 5.61	 6.65	 1.00	10.73	 1.05	321.87	278.17	284.55	262.94	 0.00	0	52.59
2013	3	13	4.846	6646.2019	71.2019	12.2019	 0.71	 0.06	177.87	 5.62	 8.62	 1.00	10.83	 1.09	321.87	278.04	286.58	261.74	 0.00	0	52.35
2013	3	13	6.204	6646.2585	71.2585	12.2585	 0.68	 0.06	178.40	 6.48	 4.41	 1.00	10.77	 1.10	321.65	277.66	284.61	261.24	 0.00	0	52.25
2013	3	13	6.643	6646.2768	71.2768	12.2768	 0.64	 0.06	180.24	 6.45	21.88	 0.96	10.77	 1.06	321.25	277.51	284.03	261.30	282.48	0	52.26
2013	3	13	7.091	6646.2954	71.2954	12.2954	 0.82	 0.05	178.19	 3.38	13.15	 0.95	10.82	 1.25	321.14	277.42	285.41	 0.00	282.37	0	54.00
2013	3	13	8.449	6646.3521	71.3521	12.3521	 0.80	 0.04	185.02	 2.96	10.80	 0.94	10.80	 1.21	322.16	277.20	285.81	261.10	283.49	0	52.22
2013	3	13	9.334	6646.3889	71.3889	12.3889	 0.79	 0.06	182.90	 4.55	 9.70	 0.99	10.90	 1.24	322.33	277.12	284.37	261.07	283.30	0	52.21
2013	3	13	10.246	6646.4269	71.4269	12.4269	 0.80	 0.04	178.94	 3.18	 3.56	 1.00	10.82	 1.19	321.21	276.90	283.62	260.73	281.76	0	52.15
2013	3	13	10.690	6646.4454	71.4454	12.4454	 0.54	 0.05	181.52	 7.03	 8.96	 0.99	10.83	 1.01	321.11	276.86	281.33	261.86	283.01	0	52.37
2013	3	13	12.509	6646.5212	71.5212	12.5212	 0.65	 0.05	176.99	 5.75	 0.48	 1.00	10.90	 1.08	321.40	280.53	286.30	 0.00	289.23	0	54.00
2013	3	13	12.949	6646.5395	71.5395	12.5395	 0.67	 0.04	177.02	 4.14	 3.71	 1.00	10.75	 1.10	321.36	282.21	289.75	267.95	286.56	0	53.59
2013	3	13	13.392	6646.5580	71.5580	12.5580	 0.71	 0.05	178.90	 4.61	 1.91	 1.00	10.75	 1.14	321.37	283.91	291.63	268.22	293.05	0	53.64
2013	3	13	13.832	6646.5763	71.5763	12.5763	 0.56	 0.05	187.84	 6.68	14.85	 0.97	10.75	 1.04	321.29	285.42	293.17	268.91	293.05	0	53.78
2013	3	13	14.270	6646.5946	71.5946	12.5946	 0.74	 0.04	181.61	 3.95	 4.78	 1.00	10.75	 1.15	321.65	287.42	295.42	270.35	294.21	0	54.07
2013	3	13	14.733	6646.6139	71.6139	12.6139	 0.59	 0.06	180.48	 7.59	10.47	 0.99	10.75	 1.01	321.56	289.26	295.34	271.02	296.10	0	54.20
2013	3	13	15.609	6646.6504	71.6504	12.6504	 0.66	 0.06	178.13	 6.01	14.48	 0.98	10.73	 0.99	321.37	292.29	301.15	274.95	299.03	0	54.99
2013	3	13	16.947	6646.7061	71.7061	12.7061	 1.02	 0.06	186.51	 2.78	 9.38	 0.98	10.83	 1.19	320.04	295.01	305.78	280.84	303.94	0	56.17
2013	3	13	17.384	6646.7244	71.7244	12.7244	 0.92	 0.06	189.73	 3.82	 5.30	 1.00	10.72	 1.16	321.12	295.88	306.77	281.39	302.53	0	56.28
2013	3	13	17.823	6646.7426	71.7426	12.7426	 0.88	 0.05	185.26	 3.48	17.51	 0.95	10.83	 1.07	319.91	296.41	305.71	282.03	303.01	0	56.41
2013	3	13	19.164	6646.7985	71.7985	12.7985	 0.86	 0.10	178.85	 6.57	11.20	 1.00	10.77	 0.89	318.83	296.31	306.61	280.63	305.73	0	56.13
2013	3	13	20.041	6646.8350	71.8350	12.8350	 0.99	 0.08	209.50	 4.38	10.78	 1.00	10.78	 1.13	318.62	295.17	307.22	279.00	302.81	0	55.80
2013	3	13	21.383	6646.8910	71.8910	12.8910	 1.60	 0.09	201.27	 1.86	 5.39	 0.99	10.77	 1.13	318.76	291.90	304.52	275.58	 0.00	0	55.12
2013	3	13	22.716	6646.9465	71.9465	12.9465	 1.38	 0.12	198.12	 3.48	 5.11	 1.00	10.73	 0.88	318.82	287.42	297.33	265.78	294.77	0	53.16
2013	3	14	0.071	6647.0030	72.0030	13.0030	 1.15	 0.07	196.24	 2.79	 9.04	 0.99	10.83	 1.08	320.38	283.42	292.64	261.84	289.09	0	52.37
2013	3	14	0.516	6647.0215	72.0215	13.0215	 1.14	 0.08	193.94	 3.45	 9.17	 1.00	10.77	 1.14	320.81	282.38	292.39	261.29	289.02	0	52.26
2013	3	14	0.957	6647.0399	72.0399	13.0399	 0.93	 0.06	193.09	 3.64	 1.48	 1.00	10.87	 1.05	321.90	281.50	290.40	260.76	288.30	0	52.15
2013	3	14	1.396	6647.0582	72.0582	13.0582	 1.00	 0.04	194.17	 2.21	 6.53	 0.98	10.77	 1.19	322.16	280.78	290.07	260.89	285.83	0	52.18
2013	3	14	1.867	6647.0778	72.0778	13.0778	 0.94	 0.05	189.75	 2.93	 2.01	 1.00	10.80	 1.08	322.24	280.26	288.97	263.34	288.09	0	52.67
2013	3	14	2.753	6647.1147	72.1147	13.1147	 0.93	 0.05	189.82	 2.86	 4.03	 1.00	10.85	 1.06	322.25	279.76	284.62	263.13	287.57	0	52.63
2013	3	14	3.201	6647.1334	72.1334	13.1334	 0.93	 0.06	191.03	 3.38	 2.45	 1.00	10.73	 1.09	322.37	279.57	285.57	 0.00	 0.00	0	54.00
2013	3	14	3.645	6647.1519	72.1519	13.1519	 1.00	 0.05	191.86	 2.79	 1.26	 1.00	10.75	 1.09	322.33	279.41	285.82	262.82	284.41	0	52.56
2013	3	14	4.114	6647.1714	72.1714	13.1714	 1.08	 0.05	198.55	 2.23	 2.72	 1.00	10.87	 1.13	322.40	279.10	286.22	262.52	287.10	0	52.50
2013	3	14	4.561	6647.1900	72.1900	13.1900	 1.08	 0.06	193.77	 2.86	 6.01	 1.00	10.88	 1.12	322.31	279.06	286.80	 0.00	 0.00	0	54.00
2013	3	14	5.004	6647.2085	72.2085	13.2085	 1.07	 0.05	196.73	 2.36	 2.64	 1.00	10.92	 1.12	322.29	278.94	286.73	262.49	 0.00	0	52.50
2013	3	14	5.895	6647.2456	72.2456	13.2456	 0.98	 0.06	193.20	 3.42	 2.19	 1.00	10.88	 1.06	322.54	278.68	285.32	261.98	283.62	0	52.40
2013	3	14	7.707	6647.3211	72.3211	13.3211	 0.94	 0.06	184.58	 3.47	 8.54	 0.99	10.72	 1.09	322.71	278.19	283.40	 0.00	282.98	0	54.00
2013	3	14	8.620	6647.3592	72.3592	13.3592	 0.67	 0.06	209.58	 7.36	88.72	 0.75	10.77	 1.07	322.14	277.85	277.75	260.91	 0.00	0	52.18
2013	3	14	9.066	6647.3777	72.3777	13.3777	 0.91	 0.06	188.49	 3.73	 7.61	 0.99	10.83	 1.11	320.94	277.64	283.99	260.81	 0.00	0	52.16
2013	3	14	9.964	6647.4152	72.4152	13.4152	 0.84	 0.05	189.55	 3.76	 1.58	 1.00	11.02	 1.13	322.01	277.36	285.67	 0.00	282.18	0	54.00
2013	3	14	10.410	6647.4338	72.4338	13.4338	 0.78	 0.05	192.72	 4.35	 7.79	 0.99	10.75	 1.08	322.08	277.30	285.34	 0.00	283.40	0	54.00
2013	3	14	11.322	6647.4718	72.4718	13.4718	 0.85	 0.05	189.54	 3.81	 7.45	 0.99	10.85	 1.08	321.89	277.52	282.82	262.00	283.59	0	52.40
2013	3	14	12.654	6647.5272	72.5272	13.5272	 0.76	 0.04	192.32	 3.62	 5.41	 0.99	10.70	 1.07	322.18	280.42	286.76	 0.00	285.85	0	54.00
2013	3	14	13.151	6647.5480	72.5480	13.5480	 0.88	 0.07	190.07	 4.67	 3.56	 1.00	10.75	 1.08	322.32	282.17	289.24	265.52	 0.00	0	53.10
2013	3	14	13.590	6647.5663	72.5663	13.5663	 0.88	 0.05	189.84	 3.59	 7.16	 0.99	10.75	 1.11	322.20	283.89	290.71	265.64	290.27	0	53.13
2013	3	14	14.916	6647.6215	72.6215	13.6215	 0.71	 0.06	190.83	 6.33	 8.39	 1.00	10.78	 0.92	322.78	288.82	297.12	267.93	294.91	0	53.59
2013	3	14	15.381	6647.6409	72.6409	13.6409	 0.90	 0.07	186.04	 4.23	 4.76	 1.00	10.75	 1.09	322.85	290.32	295.38	270.33	294.07	0	54.07
2013	3	14	16.698	6647.6957	72.6957	13.6957	 1.15	 0.10	187.17	 3.97	14.01	 0.99	10.77	 1.17	321.85	293.21	301.71	276.02	297.07	0	55.20
2013	3	14	17.600	6647.7333	72.7333	13.7333	 0.95	 0.10	200.39	 6.04	 3.81	 1.00	10.75	 1.11	322.39	294.62	303.61	275.99	300.85	0	55.20
2013	3	14	19.353	6647.8064	72.8064	13.8064	 1.46	 0.15	195.39	 3.77	 4.97	 1.00	10.75	 1.15	322.45	294.82	304.72	275.50	301.53	0	55.10
2013	3	14	21.574	6647.8989	72.8989	13.8989	 1.19	 0.15	201.29	 5.71	 5.94	 1.00	10.80	 0.96	322.25	290.73	301.18	272.40	 0.00	0	54.48
2013	3	15	0.270	6648.0113	73.0113	14.0113	 1.14	 0.07	200.29	 2.77	 1.24	 1.00	10.92	 1.13	322.48	283.04	291.85	263.03	289.93	0	52.61
2013	3	15	0.718	6648.0299	73.0299	14.0299	 1.18	 0.08	196.95	 2.94	 9.20	 0.99	10.87	 1.17	322.45	282.63	289.44	 0.00	 0.00	0	54.00
2013	3	15	1.165	6648.0485	73.0485	14.0485	 1.19	 0.06	198.06	 2.43	 5.71	 0.99	10.77	 1.18	322.42	282.31	290.73	 0.00	288.92	0	54.00
2013	3	15	2.050	6648.0854	73.0854	14.0854	 1.11	 0.06	197.83	 2.71	 3.93	 1.00	10.97	 1.11	322.45	281.80	289.67	 0.00	288.39	0	54.00
2013	3	15	2.525	6648.1052	73.1052	14.1052	 1.05	 0.06	198.01	 2.99	 3.15	 1.00	11.00	 1.05	322.78	281.61	288.01	265.08	289.71	0	53.02
2013	3	15	2.978	6648.1241	73.1241	14.1241	 1.22	 0.08	198.39	 2.90	 8.20	 0.99	10.88	 1.13	322.67	281.43	289.23	 0.00	 0.00	0	54.00
2013	3	15	3.423	6648.1426	73.1426	14.1426	 1.09	 0.06	191.60	 2.72	 4.18	 1.00	10.72	 1.00	322.53	281.28	288.09	 0.00	287.87	0	54.00
2013	3	15	4.319	6648.1799	73.1799	14.1799	 1.01	 0.04	198.97	 1.99	 4.51	 0.98	10.92	 1.09	322.56	281.12	286.99	265.14	 0.00	0	53.03
2013	3	15	4.791	6648.1996	73.1996	14.1996	 1.05	 0.08	189.71	 3.65	 3.37	 1.00	10.92	 1.03	322.76	280.95	286.58	265.15	287.48	0	53.03
2013	3	15	5.240	6648.2183	73.2183	14.2183	 1.20	 0.07	198.94	 2.46	11.00	 0.98	10.90	 1.24	322.78	280.80	290.16	265.15	285.90	0	53.03
2013	3	15	6.135	6648.2556	73.2556	14.2556	 1.08	 0.04	193.80	 2.03	 6.17	 0.98	10.75	 1.14	322.56	280.48	287.78	264.56	288.33	0	52.91
2013	3	15	7.043	6648.2935	73.2935	14.2935	 1.10	 0.07	194.27	 3.18	 4.21	 1.00	10.97	 1.07	322.42	280.13	287.30	265.04	286.71	0	53.01
2013	3	15	7.497	6648.3124	73.3124	14.3124	 1.09	 0.04	192.94	 1.93	 4.16	 0.99	10.92	 1.04	322.36	280.17	285.58	264.93	286.65	0	52.99
2013	3	15	7.942	6648.3309	73.3309	14.3309	 1.16	 0.06	197.68	 2.26	10.19	 0.97	10.88	 1.10	322.21	280.21	288.02	264.96	288.11	0	52.99
2013	3	15	8.385	6648.3494	73.3494	14.3494	 1.17	 0.04	198.57	 1.56	 4.29	 0.98	10.75	 1.17	322.14	280.17	289.11	265.02	 0.00	0	53.00
2013	3	15	8.831	6648.3680	73.3680	14.3680	 1.10	 0.05	198.11	 2.34	 6.00	 0.99	10.85	 1.13	322.19	280.07	286.26	265.07	 0.00	0	53.01
2013	3	15	10.636	6648.4432	73.4432	14.4432	 1.30	 0.08	199.72	 2.53	 1.72	 1.00	10.80	 1.15	321.97	279.72	286.17	 0.00	287.54	0	54.00
2013	3	15	11.077	6648.4615	73.4615	14.4615	 1.31	 0.06	203.48	 1.86	 7.38	 0.98	10.73	 1.22	321.95	279.99	287.52	265.01	 0.00	0	53.00
2013	3	15	11.994	6648.4998	73.4998	14.4998	 1.31	 0.09	194.50	 2.77	 8.39	 0.99	10.73	 1.07	322.12	281.36	287.39	265.59	285.79	0	53.12
2013	3	15	13.319	6648.5550	73.5550	14.5550	 1.10	 0.06	191.61	 2.65	 0.98	 1.00	10.80	 1.17	322.39	285.11	292.44	267.30	290.90	0	53.46
2013	3	15	14.256	6648.5940	73.5940	14.5940	 1.03	 0.06	191.47	 3.14	 4.10	 1.00	10.73	 1.11	322.84	288.27	296.98	268.86	297.23	0	53.77
2013	3	15	16.032	6648.6680	73.6680	14.6680	 1.00	 0.05	191.84	 2.85	 2.47	 1.00	10.77	 1.11	322.74	293.94	301.25	276.71	297.69	0	55.34
2013	3	15	16.913	6648.7047	73.7047	14.7047	 1.14	 0.07	194.75	 2.87	15.04	 0.97	10.75	 1.13	322.17	295.71	305.68	279.37	302.11	0	55.87
2013	3	15	18.253	6648.7605	73.7605	14.7605	 0.87	 0.10	195.00	 6.68	13.87	 1.00	10.77	 0.92	317.81	297.19	309.61	280.26	303.32	0	56.05
2013	3	15	21.341	6648.8892	73.8892	14.8892	 1.22	 0.08	201.90	 2.90	 1.67	 1.00	10.83	 1.20	320.52	290.29	299.32	275.03	297.12	0	55.01
2013	3	15	21.784	6648.9077	73.9077	14.9077	 1.37	 0.11	201.41	 3.11	 5.29	 1.00	10.87	 1.16	320.53	289.30	301.18	273.14	297.86	0	54.63
2013	3	15	22.229	6648.9262	73.9262	14.9262	 1.12	 0.10	196.30	 4.45	 3.72	 1.00	10.92	 1.00	320.36	288.03	298.74	265.68	 0.00	0	53.14
2013	3	15	22.700	6648.9458	73.9458	14.9458	 1.35	 0.08	197.39	 2.34	 5.36	 1.00	10.90	 1.11	320.48	286.71	298.23	 0.00	295.16	0	54.00
2013	3	15	23.145	6648.9644	73.9644	14.9644	 1.22	 0.10	194.67	 3.66	 2.79	 1.00	10.77	 1.02	320.58	285.63	299.05	265.68	293.91	0	53.14
2013	3	16	1.389	6649.0579	74.0579	15.0579	 0.88	 0.05	192.27	 3.18	 5.42	 0.99	10.78	 1.08	320.49	282.34	288.95	265.09	289.24	0	53.02
2013	3	16	2.272	6649.0947	74.0947	15.0947	 0.94	 0.04	196.42	 2.53	 3.17	 1.00	10.77	 1.11	320.41	281.86	291.51	265.02	290.30	0	53.00
2013	3	16	2.720	6649.1133	74.1133	15.1133	 0.98	 0.04	195.79	 2.29	 2.43	 1.00	10.73	 1.17	320.46	281.62	291.19	264.95	 0.00	0	52.99
2013	3	16	3.194	6649.1331	74.1331	15.1331	 0.80	 0.04	193.17	 3.61	 3.65	 1.00	10.82	 1.06	320.43	281.62	287.56	264.91	287.00	0	52.98
2013	3	16	3.638	6649.1516	74.1516	15.1516	 0.77	 0.05	191.73	 3.95	 4.51	 1.00	10.85	 1.03	320.44	281.54	286.74	264.93	286.97	0	52.99
2013	3	16	4.081	6649.1700	74.1700	15.1700	 0.88	 0.05	191.12	 3.37	 9.47	 0.98	10.78	 1.05	320.54	281.56	290.08	264.93	 0.00	0	52.99
2013	3	16	4.528	6649.1887	74.1887	15.1887	 1.01	 0.06	194.50	 2.96	 8.90	 0.99	10.78	 1.17	320.60	281.41	290.69	264.93	289.83	0	52.99
2013	3	16	5.886	6649.2453	74.2453	15.2453	 1.07	 0.06	200.31	 2.94	 2.99	 1.00	10.80	 1.18	320.48	281.41	289.33	264.89	 0.00	0	52.98
2013	3	16	7.689	6649.3204	74.3204	15.3204	 1.08	 0.07	193.35	 3.28	 2.41	 1.00	10.95	 1.07	320.59	282.00	288.80	 0.00	290.31	0	54.00
2013	3	16	8.133	6649.3389	74.3389	15.3389	 0.96	 0.04	202.88	 2.63	 5.44	 0.99	10.87	 1.12	320.49	282.06	291.03	265.41	290.39	0	53.08
2013	3	16	9.465	6649.3944	74.3944	15.3944	 0.94	 0.05	198.61	 2.90	 5.32	 0.99	10.92	 1.12	320.47	282.13	291.48	265.54	 0.00	0	53.11
2013	3	16	10.820	6649.4508	74.4508	15.4508	 0.92	 0.04	192.97	 2.19	 7.29	 0.95	10.80	 1.04	320.45	282.03	288.34	266.55	 0.00	0	53.31
2013	3	16	11.707	6649.4878	74.4878	15.4878	 0.86	 0.06	193.77	 3.96	 3.06	 1.00	10.90	 1.00	320.62	282.69	287.77	268.26	290.84	0	53.65
2013	3	16	12.174	6649.5072	74.5072	15.5072	 1.07	 0.05	199.22	 2.51	 1.13	 1.00	10.75	 1.21	320.80	283.41	290.47	269.43	288.36	0	53.89
2013	3	16	12.615	6649.5256	74.5256	15.5256	 0.91	 0.06	197.10	 4.21	 2.05	 1.00	10.72	 1.06	320.72	284.84	292.06	271.32	293.72	0	54.26
2013	3	16	13.493	6649.5622	74.5622	15.5622	 0.97	 0.06	195.62	 3.52	 2.80	 1.00	10.78	 1.03	320.82	288.01	295.50	273.60	295.01	0	54.72
2013	3	16	14.431	6649.6013	74.6013	15.6013	 1.07	 0.05	196.36	 2.11	 4.16	 0.99	10.82	 1.07	320.95	291.78	299.08	276.87	298.90	0	55.37
2013	3	16	14.869	6649.6196	74.6196	15.6196	 0.96	 0.21	222.06	13.61	637.28	 0.81	10.75	 1.06	320.94	293.49	302.08	276.95	300.79	0	55.39
2013	3	16	16.184	6649.6744	74.6744	15.6744	 1.21	 0.05	203.53	 1.74	 3.90	 0.99	10.73	 1.20	321.63	297.72	307.65	282.94	304.12	0	56.59
2013	3	16	17.523	6649.7301	74.7301	15.7301	 1.13	 0.09	193.20	 3.65	 2.60	 1.00	10.73	 0.93	320.30	299.50	312.15	284.96	306.85	0	56.99
2013	3	16	18.401	6649.7667	74.7667	15.7667	 1.40	 0.11	204.32	 3.09	14.45	 0.99	10.78	 1.24	318.85	299.38	309.89	282.03	306.02	0	56.41
2013	3	16	22.408	6649.9337	74.9337	15.9337	 1.18	 0.09	199.18	 3.55	10.45	 1.00	10.83	 1.05	322.61	290.06	300.59	265.84	295.99	0	53.17
2013	3	16	23.313	6649.9714	74.9714	15.9714	 1.06	 0.06	195.14	 2.76	 5.43	 1.00	10.78	 1.04	322.29	287.22	297.59	265.59	293.66	0	53.12
2013	3	16	23.755	6649.9898	74.9898	15.9898	 0.96	 0.06	198.91	 3.35	 1.73	 1.00	11.03	 1.03	322.13	286.31	295.28	266.22	293.29	0	53.24
2013	3	17	1.553	6650.0647	75.0647	16.0647	 1.14	 0.06	201.30	 2.42	 4.71	 1.00	10.75	 1.16	322.22	284.35	294.45	268.13	291.47	0	53.63
2013	3	17	1.994	6650.0831	75.0831	16.0831	 1.12	 0.05	201.32	 2.21	 6.89	 0.98	10.77	 1.23	322.24	284.16	293.77	 0.00	291.23	0	54.00
2013	3	17	2.434	6650.1014	75.1014	16.1014	 1.13	 0.06	196.69	 2.45	21.00	 0.89	10.85	 1.14	322.34	284.04	294.02	 0.00	 0.00	0	54.00
2013	3	17	3.783	6650.1576	75.1576	16.1576	 1.36	 0.09	203.26	 2.56	 5.97	 1.00	10.85	 1.15	318.94	283.42	292.67	267.82	 0.00	0	53.56
2013	3	17	11.380	6650.4742	75.4742	16.4742	 1.29	 0.07	206.87	 2.32	 3.44	 1.00	10.93	 0.97	327.09	274.26	278.24	265.15	279.00	0	53.03
2013	3	17	11.823	6650.4926	75.4926	16.4926	 1.17	 0.08	210.06	 3.51	 6.68	 1.00	10.82	 1.02	327.41	276.75	279.07	269.89	282.63	0	53.98
2013	3	17	13.606	6650.5669	75.5669	16.5669	 1.33	 0.09	201.88	 2.85	 2.65	 1.00	10.73	 0.99	326.38	287.47	292.17	275.56	291.42	0	55.11
2013	3	17	14.483	6650.6035	75.6035	16.6035	 1.54	 0.10	207.51	 2.46	 2.26	 1.00	10.77	 1.08	325.69	292.16	300.53	 0.00	298.55	0	54.00
2013	3	17	15.418	6650.6424	75.6424	16.6424	 1.51	 0.08	207.04	 2.01	 4.14	 1.00	10.73	 1.07	322.35	296.13	304.75	280.75	300.87	0	56.15
2013	3	17	15.857	6650.6607	75.6607	16.6607	 1.49	 0.09	205.23	 2.28	 4.78	 1.00	10.72	 1.04	322.81	297.52	306.64	283.81	302.74	0	56.76
2013	3	17	18.071	6650.7529	75.7529	16.7529	 1.35	 0.09	199.49	 2.86	 8.79	 1.00	10.73	 0.90	316.50	299.66	312.31	285.62	305.23	0	57.12
2013	3	17	20.288	6650.8453	75.8453	16.8453	 1.49	 0.19	201.41	 4.66	18.10	 1.00	10.75	 1.01	320.22	296.93	309.06	279.06	306.46	0	55.81
2013	3	17	20.726	6650.8636	75.8636	16.8636	 1.77	 0.18	208.88	 3.04	11.17	 1.00	10.77	 1.18	320.20	295.79	308.28	277.20	303.59	0	55.44
2013	3	18	0.752	6651.0313	76.0313	17.0313	 1.64	 0.09	205.59	 1.86	 5.53	 0.99	10.80	 1.09	323.58	281.58	286.79	265.68	 0.00	0	53.14
2013	3	18	1.196	6651.0498	76.0498	17.0498	 1.65	 0.08	205.28	 1.65	 1.11	 1.00	10.82	 1.05	323.52	281.72	287.73	265.91	288.11	0	53.18
2013	3	18	1.639	6651.0683	76.0683	17.0683	 1.71	 0.09	206.05	 1.62	 5.68	 0.99	10.73	 1.09	323.47	281.83	287.20	265.00	289.87	0	53.00
2013	3	18	2.993	6651.1247	76.1247	17.1247	 1.78	 0.09	206.85	 1.61	 1.85	 1.00	10.78	 1.17	323.40	282.09	289.89	264.96	290.20	0	52.99
2013	3	18	4.787	6651.1995	76.1995	17.1995	 1.63	 0.08	203.58	 1.65	 8.40	 0.97	10.85	 1.04	323.11	282.16	288.48	265.55	287.46	0	53.11
2013	3	18	6.586	6651.2744	76.2744	17.2744	 1.84	 0.12	206.73	 1.92	 3.67	 1.00	10.77	 1.15	323.30	282.16	289.71	264.98	 0.00	0	53.00
2013	3	18	7.032	6651.2930	76.2930	17.2930	 1.82	 0.08	207.55	 1.28	 3.11	 0.99	10.95	 1.16	323.31	282.11	290.42	264.97	290.09	0	52.99
2013	3	18	7.919	6651.3300	76.3300	17.3300	 1.59	 0.11	205.45	 2.49	 4.25	 1.00	10.93	 1.09	323.42	281.99	288.74	264.94	286.94	0	52.99
2013	3	18	8.363	6651.3485	76.3485	17.3485	 1.55	 0.08	204.20	 1.79	 2.95	 1.00	10.72	 1.08	323.37	281.91	289.78	265.00	289.69	0	53.00
2013	3	18	9.716	6651.4048	76.4048	17.4048	 1.50	 0.09	203.66	 2.29	 4.11	 1.00	10.92	 1.15	323.37	281.37	287.77	265.01	287.62	0	53.00
2013	3	18	12.833	6651.5347	76.5347	17.5347	 1.62	 0.08	208.06	 1.78	 3.80	 1.00	10.82	 1.15	323.15	284.76	293.57	268.90	291.16	0	53.78
2013	3	18	13.297	6651.5540	76.5540	17.5540	 1.53	 0.09	197.13	 2.04	 5.02	 1.00	10.77	 0.98	323.39	286.29	289.76	269.85	292.78	0	53.97
2013	3	18	15.547	6651.6478	76.6478	17.6478	 1.58	 0.10	207.17	 2.20	 4.82	 1.00	10.77	 1.08	324.19	294.86	303.77	276.32	301.55	0	55.26
2013	3	18	17.764	6651.7402	76.7402	17.7402	 1.97	 0.09	211.02	 1.28	 2.41	 1.00	10.77	 1.28	322.13	298.59	308.63	282.43	302.84	0	56.49
2013	3	18	18.639	6651.7766	76.7766	17.7766	 1.83	 0.12	203.36	 1.96	 3.14	 1.00	10.75	 1.10	320.93	298.62	308.75	282.29	305.40	0	56.46
2013	3	18	19.078	6651.7949	76.7949	17.7949	 1.83	 0.12	197.03	 1.80	 7.46	 0.99	10.73	 0.96	320.83	298.28	309.30	280.63	307.32	0	56.13
2013	3	18	20.420	6651.8508	76.8508	17.8508	 2.17	 0.19	211.64	 2.09	 7.73	 1.00	10.78	 1.26	320.60	295.90	309.98	277.88	301.77	0	55.58
2013	3	19	0.452	6652.0189	77.0189	18.0189	 1.75	 0.09	205.66	 1.54	 2.24	 1.00	10.90	 1.15	323.24	283.77	292.68	262.03	291.52	0	52.41
2013	3	19	0.896	6652.0373	77.0373	18.0373	 1.55	 0.08	204.04	 1.94	 3.59	 1.00	10.75	 1.11	323.36	282.86	291.58	 0.00	290.51	0	54.00
2013	3	19	1.341	6652.0559	77.0559	18.0559	 1.51	 0.07	200.40	 1.56	 0.76	 1.00	10.83	 1.11	323.54	282.26	291.60	 0.00	 0.00	0	54.00
2013	3	19	2.229	6652.0929	77.0929	18.0929	 1.55	 0.09	202.07	 2.08	 1.00	 1.00	10.73	 1.16	323.34	281.42	288.12	264.56	289.17	0	52.91
2013	3	19	2.699	6652.1125	77.1125	18.1125	 1.34	 0.08	198.17	 2.50	 7.17	 0.99	10.83	 1.02	323.23	281.09	286.79	264.01	288.90	0	52.80
2013	3	19	4.036	6652.1682	77.1682	18.1682	 1.36	 0.08	202.86	 2.35	 9.72	 0.99	11.00	 1.07	322.99	280.16	287.23	262.87	 0.00	0	52.57
2013	3	19	4.951	6652.2063	77.2063	18.2063	 1.34	 0.08	196.09	 2.44	 3.85	 1.00	11.00	 1.02	323.59	279.68	285.57	 0.00	 0.00	0	54.00
2013	3	19	5.842	6652.2434	77.2434	18.2434	 1.10	 0.07	211.51	 3.46	40.54	 0.89	10.82	 1.10	323.03	279.15	279.93	261.44	284.00	0	52.29
2013	3	19	6.728	6652.2803	77.2803	18.2803	 1.23	 0.09	198.61	 3.11	 5.50	 1.00	10.85	 1.02	322.13	278.61	283.60	261.10	 0.00	0	52.22
2013	3	19	7.196	6652.2998	77.2998	18.2998	 1.46	 0.07	202.74	 1.79	 7.69	 0.98	10.87	 1.09	318.77	278.26	285.95	260.79	284.09	0	52.16
2013	3	19	12.979	6652.5408	77.5408	18.5408	 1.09	 0.08	197.25	 3.47	11.16	 0.99	10.85	 1.09	328.23	276.07	278.43	265.16	284.03	0	53.03
2013	3	19	13.881	6652.5784	77.5784	18.5784	 1.07	 0.09	197.05	 4.43	 5.72	 1.00	10.77	 1.08	328.28	280.94	284.81	265.76	286.55	0	53.15
2013	3	20	2.339	6653.0975	78.0975	19.0975	 0.63	 0.08	176.24	 9.13	 2.76	 1.00	10.73	 0.88	328.09	274.03	270.52	258.44	 0.00	0	51.69
2013	3	20	4.133	6653.1722	78.1722	19.1722	 0.90	 0.06	190.37	 3.82	15.98	 0.97	10.85	 1.06	328.16	275.41	279.49	259.81	282.37	0	51.96
2013	3	20	5.017	6653.2091	78.2091	19.2091	 0.98	 0.06	190.74	 3.42	 2.50	 1.00	10.87	 1.10	328.16	275.87	280.11	259.88	281.33	0	51.98
2013	3	20	6.815	6653.2840	78.2840	19.2840	 1.00	 0.07	189.55	 3.47	 0.52	 1.00	10.75	 1.08	328.18	276.57	279.94	260.16	 0.00	0	52.03
2013	3	20	7.259	6653.3025	78.3025	19.3025	 1.10	 0.06	189.25	 2.49	 6.29	 0.99	10.83	 1.10	328.20	276.66	281.51	 0.00	280.80	0	54.00
2013	3	20	7.728	6653.3220	78.3220	19.3220	 0.86	 0.05	198.43	 3.56	 0.10	 1.00	10.87	 1.04	328.23	276.73	281.39	260.01	283.58	0	52.00
2013	3	20	8.170	6653.3404	78.3404	19.3404	 0.97	 0.06	190.20	 3.23	 5.69	 1.00	10.87	 1.00	328.18	276.81	281.21	259.94	283.59	0	51.99
2013	3	20	9.054	6653.3772	78.3772	19.3772	 1.11	 0.07	197.09	 2.95	12.91	 0.98	10.85	 1.12	328.19	276.87	281.50	259.97	 0.00	0	51.99
2013	3	20	13.090	6653.5454	78.5454	19.5454	 1.03	 0.06	195.51	 3.06	 5.35	 1.00	10.75	 1.06	328.27	282.46	286.97	265.52	288.21	0	53.10
2013	3	20	13.529	6653.5637	78.5637	19.5637	 1.30	 0.08	198.40	 2.63	 5.83	 1.00	10.73	 1.20	328.26	284.18	290.86	265.61	292.35	0	53.12
2013	3	20	14.432	6653.6013	78.6013	19.6013	 1.27	 0.08	194.40	 2.73	 3.62	 1.00	10.77	 1.01	325.11	287.32	293.73	266.25	290.71	0	53.25
2013	3	20	18.894	6653.7872	78.7872	19.7872	 1.41	 0.22	196.49	 5.79	 5.11	 1.00	10.80	 1.06	327.47	293.30	298.76	275.78	 0.00	0	55.16
2013	3	20	19.332	6653.8055	78.8055	19.8055	 1.62	 0.16	200.12	 3.32	 2.90	 1.00	10.73	 1.10	328.12	293.36	300.04	274.75	299.58	0	54.95
2013	3	20	21.994	6653.9164	78.9164	19.9164	 2.33	 0.31	209.42	 2.71	11.19	 1.00	10.83	 1.28	328.13	288.41	299.94	266.01	296.27	0	53.20
2013	3	21	0.224	6654.0093	79.0093	20.0093	 1.97	 0.19	199.88	 2.46	 3.85	 1.00	10.97	 1.05	328.47	283.19	286.96	262.35	290.30	0	52.47
2013	3	21	1.105	6654.0460	79.0460	20.0460	 1.73	 0.10	204.57	 1.79	 4.78	 1.00	10.75	 1.08	328.27	282.22	288.28	260.10	287.89	0	52.02
2013	3	21	4.232	6654.1764	79.1764	20.1764	 1.84	 0.15	198.19	 2.18	 4.63	 1.00	10.82	 0.94	318.32	275.55	280.46	 0.00	280.85	0	54.00
2013	3	21	5.122	6654.2134	79.2134	20.2134	 2.19	 0.21	204.15	 2.12	 3.20	 1.00	10.78	 1.07	327.90	276.78	282.60	262.26	 0.00	0	52.45
2013	3	21	13.596	6654.5665	79.5665	20.5665	 1.42	 0.11	202.25	 3.06	 1.49	 1.00	10.73	 1.08	328.12	284.09	287.81	268.54	290.16	0	53.71
2013	3	21	15.812	6654.6588	79.6588	20.6588	 1.39	 0.09	194.94	 2.42	 2.17	 1.00	10.73	 1.00	326.47	294.03	298.12	272.71	299.87	0	54.54
2013	3	21	18.502	6654.7709	79.7709	20.7709	 1.81	 0.10	205.12	 1.65	 3.24	 1.00	10.73	 1.12	324.69	297.79	308.54	280.90	303.82	0	56.18
2013	3	21	18.941	6654.7892	79.7892	20.7892	 2.03	 0.12	207.96	 1.44	 2.33	 1.00	10.73	 1.17	322.76	297.58	309.75	281.18	305.71	0	56.24
2013	3	21	19.403	6654.8085	79.8085	20.8085	 2.08	 0.18	205.96	 2.11	 8.40	 0.99	10.77	 1.24	323.46	297.11	307.70	279.52	306.05	0	55.90
2013	3	21	20.719	6654.8633	79.8633	20.8633	 2.05	 0.17	198.36	 2.02	 9.77	 0.99	10.73	 1.03	324.45	294.63	305.17	275.95	302.05	0	55.19
2013	3	21	21.622	6654.9009	79.9009	20.9009	 1.73	 0.19	205.62	 3.40	 9.00	 1.00	10.77	 1.07	325.40	292.00	303.29	272.12	299.18	0	54.42
2013	3	21	23.846	6654.9936	79.9936	20.9936	 1.92	 0.16	198.51	 2.21	 4.35	 1.00	10.78	 0.95	325.04	285.27	291.38	264.39	293.03	0	52.88
2013	3	22	0.285	6655.0119	80.0119	21.0119	 2.07	 0.19	202.33	 2.15	 6.54	 1.00	10.88	 1.03	324.88	284.29	294.02	264.27	290.74	0	52.85
2013	3	22	0.726	6655.0302	80.0302	21.0302	 1.82	 0.11	208.44	 1.77	 5.60	 0.99	10.80	 1.12	324.74	283.72	291.98	265.15	291.42	0	53.03
2013	3	22	2.074	6655.0864	80.0864	21.0864	 1.72	 0.13	202.05	 2.38	 5.34	 1.00	10.75	 1.00	324.97	282.60	288.27	265.04	288.92	0	53.01
2013	3	22	2.957	6655.1232	80.1232	21.1232	 2.27	 0.22	203.81	 2.05	 7.51	 1.00	10.87	 1.06	325.11	282.19	288.76	265.08	288.49	0	53.02
2013	3	22	3.842	6655.1601	80.1601	21.1601	 2.32	 0.27	199.57	 2.29	 2.03	 1.00	10.73	 1.00	325.23	281.95	287.50	265.05	288.23	0	53.01
2013	3	22	4.307	6655.1795	80.1795	21.1795	 2.47	 0.31	204.47	 2.27	 0.77	 1.00	10.78	 1.16	325.30	281.85	287.60	265.08	 0.00	0	53.02
2013	3	22	4.748	6655.1978	80.1978	21.1978	 2.30	 0.19	209.12	 1.73	 2.47	 1.00	10.80	 1.20	325.28	281.79	289.13	265.07	286.53	0	53.01
2013	3	22	6.072	6655.2530	80.2530	21.2530	 2.41	 0.18	208.87	 1.45	 4.03	 0.99	10.88	 1.15	325.27	281.51	291.10	265.12	289.10	0	53.02
2013	3	22	6.978	6655.2908	80.2908	21.2908	 2.20	 0.17	206.45	 1.76	 5.73	 0.99	10.77	 1.07	325.12	281.22	287.39	265.12	287.38	0	53.02
2013	3	22	9.202	6655.3834	80.3834	21.3834	 2.19	 0.17	206.11	 1.72	 7.94	 0.99	10.80	 1.11	324.95	280.59	287.14	265.05	286.66	0	53.01
2013	3	22	10.082	6655.4201	80.4201	21.4201	 1.94	 0.19	199.88	 2.56	 6.45	 1.00	10.90	 1.04	325.01	280.37	284.66	264.25	 0.00	0	52.85
2013	3	22	12.317	6655.5132	80.5132	21.5132	 1.82	 0.13	202.91	 2.03	 2.23	 1.00	10.73	 1.10	325.39	282.91	287.99	265.89	 0.00	0	53.18
2013	3	22	13.659	6655.5691	80.5691	21.5691	 1.79	 0.13	205.26	 2.19	 5.09	 1.00	10.78	 1.08	325.65	287.57	295.92	269.17	291.47	0	53.83
2013	3	22	15.437	6655.6432	80.6432	21.6432	 1.72	 0.11	199.72	 1.90	 8.45	 0.99	10.77	 1.01	326.59	293.92	300.61	273.63	297.49	0	54.73
2013	3	22	15.874	6655.6614	80.6614	21.6614	 1.73	 0.12	195.65	 2.00	 3.41	 1.00	10.73	 0.93	326.23	295.24	302.83	274.78	301.47	0	54.96
2013	3	22	17.193	6655.7164	80.7164	21.7164	 1.89	 0.14	210.32	 2.10	 6.83	 1.00	10.75	 1.18	323.98	297.37	308.10	280.59	303.41	0	56.12
2013	3	22	17.689	6655.7371	80.7371	21.7371	 2.20	 0.17	204.96	 1.68	 2.29	 1.00	10.75	 1.07	321.35	297.78	309.31	281.46	303.36	0	56.29
2013	3	22	18.126	6655.7553	80.7553	21.7553	 1.69	 0.11	202.91	 2.07	 2.04	 1.00	10.72	 1.01	322.16	297.86	309.19	281.12	303.91	0	56.22
2013	3	22	19.442	6655.8101	80.8101	21.8101	 2.45	 0.31	208.86	 2.41	 2.55	 1.00	10.73	 1.13	321.22	297.22	308.49	278.44	302.03	0	55.69
2013	3	22	19.904	6655.8293	80.8293	21.8293	 2.07	 0.25	190.67	 2.67	11.26	 1.00	10.77	 0.80	321.08	296.44	307.57	279.76	303.59	0	55.95
2013	3	22	20.342	6655.8476	80.8476	21.8476	 2.47	 0.22	203.64	 1.62	 1.62	 1.00	10.73	 1.02	321.37	295.38	306.69	275.80	302.90	0	55.16
2013	3	22	21.219	6655.8841	80.8841	21.8841	 2.65	 0.27	197.57	 1.57	10.15	 0.97	10.75	 0.94	322.03	293.37	303.57	275.90	300.72	0	55.18
2013	3	22	21.656	6655.9023	80.9023	21.9023	 3.29	 0.53	204.73	 1.62	 1.35	 1.00	10.72	 1.06	321.99	292.23	303.83	271.52	298.11	0	54.30
2013	3	22	22.565	6655.9402	80.9402	21.9402	 3.81	 3.60	201.38	 6.23	136.34	 0.99	10.75	 1.07	321.74	289.91	302.25	265.93	295.47	0	53.19
2013	3	22	23.003	6655.9585	80.9585	21.9585	 3.34	 0.53	204.52	 1.51	10.24	 0.97	10.83	 1.02	321.69	288.84	299.04	265.83	294.37	0	53.17
2013	3	23	0.352	6656.0147	81.0147	22.0147	 1.89	 0.14	206.50	 2.02	10.45	 0.99	10.83	 1.14	323.41	284.89	296.69	262.06	291.43	0	52.41
2013	3	23	1.672	6656.0697	81.0697	22.0697	 1.28	 0.08	197.03	 2.56	11.23	 0.98	10.80	 1.06	324.13	282.33	288.88	263.01	287.06	0	52.60
2013	3	23	3.460	6656.1442	81.1442	22.1442	 1.41	 0.09	198.99	 2.34	11.17	 0.98	10.73	 1.15	324.12	280.52	288.50	262.60	285.38	0	52.52
2013	3	23	5.254	6656.2189	81.2189	22.2189	 0.97	 0.05	193.91	 2.71	 4.32	 1.00	10.87	 1.13	324.38	279.20	288.60	261.53	285.22	0	52.31
2013	3	23	5.696	6656.2373	81.2373	22.2373	 0.75	 0.05	197.93	 4.47	11.19	 0.98	10.75	 1.03	324.49	278.87	285.47	261.59	284.96	0	52.32
2013	3	23	6.579	6656.2741	81.2741	22.2741	 1.04	 0.06	197.66	 3.12	 2.49	 1.00	10.73	 1.22	324.40	278.47	286.43	261.24	 0.00	0	52.25
2013	3	23	10.167	6656.4236	81.4236	22.4236	 0.78	 0.06	180.99	 4.53	 6.25	 1.00	10.75	 1.01	324.06	273.18	279.95	260.67	279.84	0	52.13
2013	3	23	11.047	6656.4603	81.4603	22.4603	 0.64	 0.05	172.75	 5.39	 6.36	 1.00	10.77	 1.04	324.19	274.56	280.91	261.69	 0.00	0	52.34
2013	3	23	11.512	6656.4797	81.4797	22.4797	 0.73	 0.05	169.46	 4.30	 4.07	 1.00	10.77	 1.10	324.33	275.58	281.67	262.59	281.39	0	52.52
2013	3	23	11.952	6656.4980	81.4980	22.4980	 0.75	 0.05	171.72	 4.24	 1.28	 1.00	10.73	 1.23	324.43	276.80	283.11	264.46	282.29	0	52.89
2013	3	23	13.732	6656.5722	81.5722	22.5722	 0.58	 0.07	170.25	 8.83	 4.36	 1.00	10.78	 1.01	321.84	283.20	289.06	 0.00	288.83	0	54.00
2013	3	23	16.817	6656.7007	81.7007	22.7007	 0.63	 0.07	190.75	 8.94	15.60	 1.00	10.75	 0.99	324.17	290.65	297.17	279.85	296.01	0	55.97
2013	3	23	17.691	6656.7371	81.7371	22.7371	 0.98	 0.06	191.62	 3.09	33.07	 0.82	10.73	 1.08	325.42	293.62	301.83	280.90	 0.00	0	56.18
2013	3	23	18.189	6656.7579	81.7579	22.7579	 1.02	 0.03	202.63	 1.83	21.14	 0.59	10.78	 1.25	322.46	294.57	305.33	281.22	302.45	0	56.24
2013	3	23	18.630	6656.7762	81.7762	22.7762	 1.41	 0.12	171.06	 2.84	68.82	 0.71	10.75	 0.94	323.40	294.99	303.13	280.35	303.43	0	56.07
2013	3	23	20.407	6656.8503	81.8503	22.8503	 1.20	 0.07	196.36	 2.51	 3.77	 1.00	10.75	 1.08	323.21	294.02	304.16	276.75	301.47	0	55.35
2013	3	23	21.724	6656.9052	81.9052	22.9052	 1.14	 0.05	195.86	 2.22	18.80	 0.87	10.77	 1.18	323.90	290.74	300.52	274.13	297.92	0	54.83
2013	3	23	23.507	6656.9794	81.9794	22.9794	 1.49	 0.07	198.57	 1.80	 2.52	 1.00	10.73	 1.11	323.41	285.29	294.20	264.32	290.67	0	52.86
2013	3	23	23.948	6656.9978	81.9978	22.9978	 1.23	 0.07	196.14	 2.41	 7.02	 0.99	10.80	 1.13	323.71	284.30	292.31	263.93	292.15	0	52.79
2013	3	24	0.390	6657.0162	82.0162	23.0162	 1.02	 0.06	178.02	 2.77	 0.35	 1.00	10.75	 1.20	324.05	283.39	292.80	263.03	 0.00	0	52.61
2013	3	24	1.295	6657.0540	82.0540	23.0540	 0.75	 0.06	178.45	 5.17	 2.84	 1.00	10.77	 1.13	323.82	281.77	291.36	261.66	289.49	0	52.33
2013	3	24	2.177	6657.0907	82.0907	23.0907	 0.64	 0.05	177.50	 5.11	 6.78	 0.99	10.73	 1.05	323.58	280.57	288.33	 0.00	288.24	0	54.00
2013	3	24	3.962	6657.1651	82.1651	23.1651	 0.78	 0.04	177.11	 2.82	 2.30	 1.00	10.83	 1.15	323.45	279.37	287.38	262.82	285.74	0	52.56
2013	3	24	7.981	6657.3325	82.3325	23.3325	 0.56	 0.04	183.76	 5.19	 9.23	 0.97	10.73	 1.09	323.71	277.88	283.54	261.81	283.95	0	52.36
2013	3	24	8.859	6657.3691	82.3691	23.3691	 0.73	 0.05	174.45	 4.58	10.96	 0.98	10.75	 1.15	323.74	277.83	285.76	 0.00	283.91	0	54.00
2013	3	24	10.644	6657.4435	82.4435	23.4435	 0.53	 0.05	184.68	 8.44	 3.69	 1.00	10.78	 1.01	323.88	277.77	285.28	262.23	 0.00	0	52.45
2013	3	24	11.526	6657.4803	82.4803	23.4803	 0.75	 0.05	174.60	 3.95	 6.26	 0.99	10.78	 1.14	324.04	278.68	284.21	 0.00	284.59	0	54.00
2013	3	24	14.648	6657.6103	82.6103	23.6103	 0.51	 0.05	202.39	 9.50	 8.55	 1.00	10.73	 0.93	324.40	284.82	291.49	268.45	288.74	0	53.69
2013	3	24	16.864	6657.7027	82.7027	23.7027	 1.02	 0.09	200.35	 4.95	17.84	 0.99	10.73	 1.08	324.39	293.34	304.14	278.03	296.97	0	55.61
2013	3	24	18.178	6657.7574	82.7574	23.7574	 1.64	 0.14	189.93	 2.58	 4.82	 1.00	10.73	 0.98	324.80	295.73	305.29	279.63	304.41	0	55.93
2013	3	24	19.112	6657.7963	82.7963	23.7963	 1.72	 0.17	194.61	 2.92	 5.46	 1.00	10.72	 1.00	324.68	295.85	307.75	280.38	302.46	0	56.08
2013	3	24	19.550	6657.8146	82.8146	23.8146	 2.04	 0.12	203.38	 1.45	 6.12	 0.98	10.73	 1.14	324.71	295.50	305.62	277.83	302.34	0	55.57
2013	3	24	21.328	6657.8887	82.8887	23.8887	 3.32	 0.62	194.79	 1.75	 5.08	 1.00	10.73	 0.93	325.02	291.69	300.22	267.24	298.44	0	53.45
2013	3	24	22.646	6657.9436	82.9436	23.9436	 2.99	 1.69	207.93	 7.16	37.46	 1.00	10.75	 1.08	325.50	288.44	299.21	265.40	296.12	0	53.08
2013	3	24	23.108	6657.9628	82.9628	23.9628	 4.04	 1.20	208.01	 1.70	 4.66	 1.00	10.75	 1.22	322.34	287.15	295.95	262.60	 0.00	0	52.52
2013	3	25	4.445	6658.1852	83.1852	24.1852	 0.96	 0.07	193.15	 3.81	 9.96	 0.99	10.85	 0.97	323.95	272.24	277.11	259.32	278.17	0	51.86
2013	3	25	4.891	6658.2038	83.2038	24.2038	 0.89	 0.06	193.25	 3.73	15.55	 0.97	10.80	 0.96	324.00	272.98	280.54	259.32	280.36	0	51.86
2013	3	25	5.331	6658.2221	83.2221	24.2221	 1.03	 0.06	189.21	 2.86	 7.03	 0.99	10.85	 1.01	324.08	273.57	279.09	259.19	278.13	0	51.84
2013	3	25	8.916	6658.3715	83.3715	24.3715	 0.98	 0.06	188.63	 3.05	 7.58	 0.99	10.78	 0.83	325.73	271.34	276.35	259.28	277.43	0	51.86
2013	3	25	9.356	6658.3898	83.3898	24.3898	 0.94	 0.06	193.93	 3.61	 2.96	 1.00	10.80	 0.95	325.80	272.29	277.92	259.74	276.57	0	51.95
2013	3	25	9.797	6658.4082	83.4082	24.4082	 0.79	 0.05	197.38	 4.44	 8.40	 0.99	10.85	 0.91	325.78	273.01	277.23	259.51	 0.00	0	51.90
2013	3	25	10.262	6658.4276	83.4276	24.4276	 0.80	 0.07	188.28	 5.09	 2.62	 1.00	10.78	 0.88	325.88	273.65	276.00	259.41	280.71	0	51.88
2013	3	25	12.493	6658.5205	83.5205	24.5205	 0.89	 0.04	191.44	 2.77	 3.91	 1.00	10.80	 1.16	323.29	278.67	284.99	263.80	283.96	0	52.76
2013	3	25	17.797	6658.7416	83.7416	24.7416	 1.63	 0.10	196.85	 1.91	 7.92	 0.99	10.75	 1.04	324.32	295.56	303.41	283.25	299.11	0	56.65
2013	3	25	18.235	6658.7598	83.7598	24.7598	 1.80	 0.09	205.74	 1.43	 5.27	 0.98	10.73	 1.22	325.62	296.26	306.82	283.66	304.53	0	56.73
2013	3	25	19.171	6658.7988	83.7988	24.7988	 0.98	 0.06	202.34	 3.65	 9.07	 0.99	10.77	 1.02	323.92	296.38	309.13	280.55	303.13	0	56.11
2013	3	25	22.708	6658.9462	83.9462	24.9462	 2.18	 0.26	200.99	 2.63	 8.14	 1.00	10.73	 1.07	324.50	287.53	296.54	265.77	 0.00	0	53.15
2013	3	26	2.276	6659.0948	84.0948	25.0948	 2.14	 0.12	207.86	 1.31	 1.93	 1.00	10.75	 1.17	324.58	281.24	289.73	262.34	285.90	0	52.47
2013	3	26	3.154	6659.1314	84.1314	25.1314	 2.07	 0.15	204.94	 1.71	 4.25	 1.00	10.73	 1.06	324.91	280.74	288.63	 0.00	286.79	0	54.00
2013	3	26	4.058	6659.1691	84.1691	25.1691	 2.06	 0.17	204.83	 2.00	 7.39	 0.99	10.78	 1.03	324.86	280.39	287.23	262.36	286.48	0	52.47
2013	3	26	4.496	6659.1873	84.1873	25.1873	 2.24	 0.17	204.36	 1.62	 6.04	 0.99	10.73	 1.11	324.79	280.24	286.68	262.21	286.35	0	52.44
2013	3	26	5.375	6659.2240	84.2240	25.2240	 1.99	 0.18	203.17	 2.35	10.78	 0.99	10.72	 1.09	324.82	279.94	284.81	261.93	285.96	0	52.39
2013	3	26	6.278	6659.2616	84.2616	25.2616	 2.08	 0.16	206.62	 1.90	 3.57	 1.00	10.85	 1.09	325.21	279.73	286.12	262.55	285.68	0	52.51
2013	3	26	7.156	6659.2982	84.2982	25.2982	 1.96	 0.16	199.97	 2.10	 5.19	 1.00	10.72	 1.07	324.64	279.56	285.13	 0.00	286.89	0	54.00
2013	3	26	7.594	6659.3164	84.3164	25.3164	 1.80	 0.11	204.65	 1.89	 3.43	 1.00	10.83	 1.08	324.58	279.49	285.10	262.18	284.02	0	52.44
2013	3	26	9.812	6659.4089	84.4089	25.4089	 1.52	 0.10	198.19	 2.36	 5.28	 1.00	10.83	 1.06	324.61	278.98	281.96	261.11	 0.00	0	52.22
2013	3	26	12.476	6659.5198	84.5198	25.5198	 1.31	 0.09	199.92	 2.99	 7.36	 1.00	10.82	 1.09	324.98	282.31	285.43	268.68	287.73	0	53.74
2013	3	26	13.379	6659.5574	84.5574	25.5574	 1.42	 0.06	200.47	 1.53	 2.36	 1.00	10.70	 1.13	325.02	285.84	291.07	 0.00	 0.00	0	54.00
2013	3	26	14.692	6659.6122	84.6122	25.6122	 1.88	 0.19	208.29	 2.85	30.68	 0.96	10.82	 1.11	326.10	291.60	297.93	274.56	297.99	0	54.91
2013	3	26	15.155	6659.6315	84.6315	25.6315	 1.72	 0.08	202.64	 1.40	 9.39	 0.93	10.77	 1.05	325.05	293.80	299.86	278.88	297.49	0	55.78
2013	3	26	16.034	6659.6681	84.6681	25.6681	 2.74	 0.21	205.85	 1.15	 8.36	 0.94	10.75	 1.13	322.78	297.19	305.84	284.70	301.97	0	56.94
2013	3	26	23.617	6659.9840	84.9840	25.9840	 2.35	 0.20	204.43	 1.71	 4.78	 1.00	10.75	 1.09	319.16	285.03	294.59	263.96	290.48	0	52.79
2013	3	27	0.063	6660.0026	85.0026	26.0026	 1.71	 0.12	208.95	 2.23	 5.73	 1.00	10.78	 1.13	319.17	283.78	297.02	262.91	290.51	0	52.58
2013	3	27	0.506	6660.0211	85.0211	26.0211	 1.86	 0.10	198.51	 1.54	 4.04	 0.99	10.77	 1.06	319.97	282.83	291.15	262.62	289.45	0	52.52
2013	3	27	0.970	6660.0404	85.0404	26.0404	 1.18	 0.08	197.39	 3.12	 5.18	 1.00	10.83	 1.07	320.38	281.96	289.98	262.39	287.15	0	52.48
2013	3	27	1.848	6660.0770	85.0770	26.0770	 1.20	 0.06	197.79	 2.34	 6.81	 0.99	10.73	 1.17	320.33	280.66	286.92	261.59	285.71	0	52.32
2013	3	27	2.728	6660.1136	85.1136	26.1136	 1.38	 0.08	200.30	 2.24	 4.53	 1.00	10.75	 1.08	321.85	279.91	287.06	262.49	287.89	0	52.50
2013	3	27	3.193	6660.1331	85.1331	26.1331	 1.59	 0.07	198.40	 1.39	10.05	 0.91	10.80	 1.16	321.91	279.63	286.93	262.46	284.50	0	52.49
2013	3	27	3.631	6660.1513	85.1513	26.1513	 1.08	 0.08	193.17	 3.41	 0.56	 1.00	10.75	 1.04	321.96	279.41	285.33	262.83	284.26	0	52.57
2013	3	27	4.071	6660.1696	85.1696	26.1696	 1.43	 0.11	190.29	 2.88	 5.45	 1.00	10.77	 1.04	322.10	279.23	284.76	262.71	285.54	0	52.54
2013	3	27	4.951	6660.2063	85.2063	26.2063	 0.93	 0.05	186.95	 2.97	 7.07	 0.99	10.78	 1.08	322.40	278.93	286.37	262.36	286.60	0	52.47
2013	3	27	8.082	6660.3368	85.3368	26.3368	 1.01	 0.06	195.02	 2.94	27.12	 0.86	10.83	 0.87	316.37	273.02	280.42	261.33	278.22	0	52.27
2013	3	27	10.313	6660.4297	85.4297	26.4297	 1.02	 0.05	191.67	 2.55	 6.48	 0.99	10.77	 1.12	322.35	275.46	283.29	260.16	 0.00	0	52.03
2013	3	27	11.199	6660.4666	85.4666	26.4666	 0.78	 0.04	183.10	 3.31	 3.10	 1.00	10.75	 1.03	322.30	276.27	279.59	262.26	280.58	0	52.45
2013	3	27	12.104	6660.5043	85.5043	26.5043	 0.84	 0.05	180.60	 3.43	 3.33	 1.00	10.82	 1.11	322.57	278.66	282.46	 0.00	284.71	0	54.00
2013	3	27	12.543	6660.5226	85.5226	26.5226	 0.61	 0.05	189.25	 6.95	 4.80	 1.00	10.78	 1.04	322.20	280.37	284.71	266.59	284.40	0	53.32
2013	3	27	12.982	6660.5409	85.5409	26.5409	 0.96	 0.06	195.58	 3.17	15.64	 0.96	10.73	 1.03	321.88	282.22	287.49	268.53	288.16	0	53.71
2013	3	27	13.420	6660.5592	85.5592	26.5592	 1.37	 0.10	196.58	 2.86	 4.54	 1.00	10.72	 1.09	321.60	284.16	287.72	269.12	288.22	0	53.82
2013	3	27	14.322	6660.5968	85.5968	26.5968	 1.02	 0.05	201.39	 2.78	 5.27	 1.00	10.75	 1.13	321.14	287.94	296.25	268.12	293.98	0	53.62
2013	3	27	14.761	6660.6150	85.6150	26.6150	 0.84	 0.05	197.75	 3.56	15.96	 0.95	10.77	 1.05	321.96	289.84	297.02	272.18	296.01	0	54.44
2013	3	27	15.199	6660.6333	85.6333	26.6333	 1.43	 0.07	184.60	 1.76	 2.24	 1.00	10.75	 1.14	323.11	291.65	299.77	274.17	298.06	0	54.83
2013	3	27	15.637	6660.6515	85.6515	26.6515	 0.90	 0.03	202.40	 2.23	 5.19	 0.98	10.73	 1.21	322.19	293.32	301.78	276.81	301.13	0	55.36
2013	3	27	16.075	6660.6698	85.6698	26.6698	 0.71	 0.06	189.01	 5.57	24.70	 0.95	10.77	 1.03	323.05	294.38	300.75	279.26	300.34	0	55.85
2013	3	27	16.976	6660.7073	85.7073	26.7073	 1.07	 0.08	191.03	 3.83	46.57	 0.89	10.73	 1.03	322.05	296.18	303.77	281.26	301.31	0	56.25
2013	3	27	17.414	6660.7256	85.7256	26.7256	 0.97	 0.12	179.11	 6.35	35.91	 0.99	10.82	 0.87	323.04	296.80	307.50	281.04	302.72	0	56.21
2013	3	27	17.852	6660.7438	85.7438	26.7438	 1.37	 0.10	184.42	 2.76	58.16	 0.74	10.75	 1.08	322.62	297.21	308.24	280.54	 0.00	0	56.11
2013	3	27	21.403	6660.8918	85.8918	26.8918	 1.40	 0.12	200.29	 3.39	 9.16	 1.00	10.73	 1.02	323.27	288.54	296.83	273.16	294.72	0	54.63
2013	3	27	23.647	6660.9853	85.9853	26.9853	 1.39	 0.11	187.34	 2.87	 9.53	 1.00	10.80	 1.00	323.98	283.48	292.04	263.08	288.67	0	52.62
2013	3	28	0.086	6661.0036	86.0036	27.0036	 1.14	 0.07	188.56	 2.74	 6.82	 0.99	10.78	 1.10	323.88	282.62	290.96	262.27	289.25	0	52.45
2013	3	28	0.527	6661.0219	86.0219	27.0219	 1.00	 0.06	189.79	 2.87	 4.60	 1.00	10.78	 1.08	323.95	281.83	290.68	262.17	288.19	0	52.43
2013	3	28	0.969	6661.0404	86.0404	27.0404	 0.95	 0.05	178.40	 2.62	 4.79	 0.99	10.95	 1.07	324.25	281.17	289.20	262.15	286.08	0	52.43
2013	3	28	2.315	6661.0964	86.0964	27.0964	 0.57	 0.04	178.91	 5.13	 8.40	 0.97	10.77	 1.09	324.51	279.72	285.33	262.01	285.98	0	52.40
2013	3	28	4.535	6661.1889	86.1889	27.1889	 0.74	 0.04	178.14	 3.56	 3.22	 1.00	10.77	 1.11	325.30	278.80	285.60	262.29	283.46	0	52.46
2013	3	28	5.878	6661.2449	86.2449	27.2449	 0.57	 0.19	174.45	25.02	188.87	 0.98	10.78	 1.05	324.91	278.16	284.88	261.30	284.23	0	52.26
2013	3	28	7.196	6661.2998	86.2998	27.2998	 0.62	 0.06	166.65	 6.39	12.56	 0.99	10.77	 1.11	324.85	277.87	286.13	262.22	282.50	0	52.44
2013	3	28	7.637	6661.3182	86.3182	27.3182	 0.53	 0.05	168.47	 7.18	15.07	 0.97	10.85	 1.08	325.12	277.83	283.98	261.46	285.20	0	52.29
2013	3	28	8.544	6661.3560	86.3560	27.3560	 0.50	 0.12	215.66	23.62	1617.21	 0.04	10.85	 1.17	324.93	277.53	285.29	260.90	283.55	0	52.18
2013	3	28	8.984	6661.3743	86.3743	27.3743	 0.47	 0.03	171.18	 5.11	 6.43	 0.94	10.78	 1.05	325.43	277.45	282.00	261.23	282.04	0	52.25
2013	3	28	9.864	6661.4110	86.4110	27.4110	 0.45	 0.05	175.04	 9.14	 6.83	 0.99	10.93	 1.04	324.70	277.30	284.20	 0.00	283.14	0	54.00
2013	3	28	10.332	6661.4305	86.4305	27.4305	 0.53	 0.04	174.47	 6.10	11.32	 0.96	10.87	 1.06	324.65	277.18	282.89	261.29	283.04	0	52.26
2013	3	28	10.771	6661.4488	86.4488	27.4488	 0.51	 0.05	174.48	 8.15	 7.90	 0.99	10.75	 1.08	324.59	277.16	284.26	261.53	284.16	0	52.31
2013	3	28	11.654	6661.4856	86.4856	27.4856	 0.46	 0.05	178.92	 9.78	12.77	 0.98	10.82	 1.04	324.79	278.36	280.38	265.22	282.50	0	53.04
2013	3	28	12.092	6661.5038	86.5038	27.5038	 0.64	 0.04	172.46	 4.85	 5.72	 0.99	10.73	 1.14	324.79	279.57	286.53	265.51	285.54	0	53.10
2013	3	28	14.776	6661.6157	86.6157	27.6157	 0.93	 0.06	177.42	 3.52	 6.09	 1.00	10.77	 1.07	325.93	290.40	297.09	271.24	299.60	0	54.25
2013	3	28	16.088	6661.6703	86.6703	27.6703	 0.97	 0.08	185.43	 4.07	55.11	 0.82	10.73	 1.12	325.14	294.81	305.94	278.79	303.79	0	55.76
2013	3	28	17.425	6661.7260	86.7260	27.7260	 0.89	 0.05	191.51	 3.43	 2.35	 1.00	10.73	 1.17	324.27	297.22	307.02	281.53	303.47	0	56.31
2013	3	28	18.738	6661.7808	86.7808	27.7808	 0.42	 0.05	224.39	14.94	38.13	 0.95	10.73	 0.79	321.33	297.22	308.84	279.96	301.62	0	55.99
2013	3	29	0.092	6662.0038	87.0038	28.0038	 1.27	 0.08	197.52	 2.84	 4.70	 1.00	10.77	 1.00	318.73	277.26	284.66	 0.00	282.72	0	54.00
2013	3	29	1.409	6662.0587	87.0587	28.0587	 0.90	 0.05	187.31	 3.37	 2.51	 1.00	10.75	 1.20	325.78	277.57	285.58	262.60	283.51	0	52.52
2013	3	29	1.876	6662.0782	87.0782	28.0782	 0.81	 0.04	185.29	 3.19	 8.40	 0.98	10.78	 1.15	325.81	277.68	285.35	261.81	283.75	0	52.36
2013	3	29	3.192	6662.1330	87.1330	28.1330	 0.72	 0.05	185.67	 4.75	 2.00	 1.00	10.77	 1.10	325.75	277.97	284.70	262.15	284.03	0	52.43
2013	3	29	3.632	6662.1513	87.1513	28.1513	 0.62	 0.06	187.01	 7.06	 3.61	 1.00	10.75	 1.07	325.69	278.03	282.91	 0.00	284.07	0	54.00
2013	3	29	4.537	6662.1890	87.1890	28.1890	 0.74	 0.04	193.13	 4.06	 6.78	 0.99	10.75	 1.13	325.81	278.05	287.30	261.65	 0.00	0	52.33
2013	3	29	4.980	6662.2075	87.2075	28.2075	 0.85	 0.05	187.45	 3.54	10.88	 0.98	10.77	 1.21	325.79	278.00	286.46	261.37	285.44	0	52.27
2013	3	29	5.859	6662.2441	87.2441	28.2441	 0.58	 0.06	183.34	 8.09	 1.94	 1.00	10.75	 1.04	325.90	277.88	281.63	260.90	282.50	0	52.18
2013	3	29	6.321	6662.2634	87.2634	28.2634	 1.10	 0.34	177.12	13.72	993.69	 0.74	10.77	 1.05	321.78	277.70	282.97	260.79	282.40	0	52.16
2013	3	29	10.767	6662.4486	87.4486	28.4486	 0.60	 0.05	187.40	 5.87	10.16	 0.98	10.75	 1.02	324.32	274.98	280.81	261.69	280.87	0	52.34
2013	3	29	12.520	6662.5217	87.5217	28.5217	 0.70	 0.13	180.78	12.09	27.66	 1.00	10.78	 1.08	324.51	279.40	285.40	266.01	285.38	0	53.20
2013	3	29	12.984	6662.5410	87.5410	28.5410	 0.59	 0.05	182.95	 6.68	 4.67	 1.00	10.77	 1.00	324.25	281.18	284.92	 0.00	287.22	0	54.00
2013	3	29	13.422	6662.5593	87.5593	28.5593	 0.68	 0.04	178.46	 4.03	 4.86	 0.99	10.73	 1.05	323.96	282.88	288.78	266.00	289.08	0	53.20
2013	3	29	13.859	6662.5775	87.5775	28.5775	 0.78	 0.04	183.03	 3.23	 2.25	 1.00	10.75	 1.20	324.03	284.83	291.43	266.01	290.98	0	53.20
2013	3	29	14.297	6662.5957	87.5957	28.5957	 0.57	 0.04	185.86	 5.51	 0.98	 1.00	10.73	 1.02	323.37	286.56	293.11	 0.00	292.93	0	54.00
2013	3	29	14.736	6662.6140	87.6140	28.6140	 0.83	 0.05	184.27	 3.88	 4.66	 1.00	10.82	 1.16	323.76	288.48	297.94	268.22	294.77	0	53.64
2013	3	29	16.513	6662.6881	87.6881	28.6881	 0.52	 0.05	189.45	 7.86	27.97	 0.91	10.73	 1.01	324.68	294.06	301.01	278.56	300.31	0	55.71
2013	3	29	16.952	6662.7063	87.7063	28.7063	 0.83	 0.05	187.39	 3.42	14.85	 0.95	10.73	 1.16	322.44	295.12	303.85	280.49	298.89	0	56.10
2013	3	29	18.289	6662.7620	87.7620	28.7620	 0.96	 0.06	187.91	 3.29	20.99	 0.93	10.77	 1.10	324.93	296.79	306.71	281.56	300.80	0	56.31
2013	3	29	19.631	6662.8179	87.8179	28.8179	 0.99	 0.08	181.62	 3.89	18.41	 0.98	10.78	 0.95	325.90	296.20	304.94	279.59	 0.00	0	55.92
2013	3	29	20.069	6662.8362	87.8362	28.8362	 0.79	 0.08	193.95	 6.70	12.39	 1.00	10.77	 1.04	325.84	295.55	306.01	277.06	302.69	0	55.41
2013	3	29	22.725	6662.9469	87.9469	28.9469	 1.48	 0.13	191.02	 3.06	 6.85	 1.00	10.77	 1.00	325.64	287.21	294.81	264.28	292.51	0	52.86
2013	3	30	0.528	6663.0220	88.0220	29.0220	 0.92	 0.06	190.67	 3.88	 2.76	 1.00	10.72	 0.98	325.17	282.61	288.25	260.80	288.81	0	52.16
2013	3	30	0.966	6663.0402	88.0402	29.0402	 0.93	 0.05	183.53	 2.60	 2.39	 1.00	10.73	 1.05	325.14	281.73	287.74	260.38	287.83	0	52.08
2013	3	30	1.403	6663.0585	88.0585	29.0585	 0.86	 0.06	188.63	 3.95	 1.60	 1.00	10.75	 1.13	325.13	280.96	289.51	260.00	288.26	0	52.00
2013	3	30	3.629	6663.1512	88.1512	29.1512	 0.82	 0.04	170.25	 2.76	12.31	 0.91	10.73	 1.16	325.29	278.62	284.78	260.40	286.31	0	52.08
2013	3	30	4.068	6663.1695	88.1695	29.1695	 0.64	 0.04	183.79	 4.14	 4.64	 0.99	10.77	 1.11	325.54	278.31	283.97	260.33	284.16	0	52.07
2013	3	30	4.974	6663.2073	88.2073	29.2073	 0.58	 0.08	167.70	 9.48	 2.34	 1.00	10.73	 1.07	325.58	277.81	284.99	260.47	283.69	0	52.09
2013	3	30	5.856	6663.2440	88.2440	29.2440	 0.52	 0.06	164.84	 8.51	 3.45	 1.00	10.75	 1.08	325.76	277.55	283.33	260.81	284.78	0	52.16
2013	3	30	6.295	6663.2623	88.2623	29.2623	 0.50	 0.05	165.54	 8.49	 3.60	 1.00	10.72	 1.10	325.80	277.47	282.02	 0.00	283.33	0	54.00
2013	3	30	6.760	6663.2817	88.2817	29.2817	 0.71	 0.06	159.54	 4.72	 2.30	 1.00	10.92	 1.18	321.48	277.39	284.07	261.50	282.02	0	52.30
2013	3	30	10.746	6663.4477	88.4477	29.4477	 0.55	 0.07	159.01	 8.91	 3.92	 1.00	10.72	 1.02	325.44	274.72	281.03	262.46	280.39	0	52.49
2013	3	30	15.636	6663.6515	88.6515	29.6515	 0.49	 0.06	176.21	10.10	 7.28	 1.00	10.77	 0.99	325.39	290.90	296.09	275.73	299.86	0	55.15
2013	3	30	16.513	6663.6881	88.6881	29.6881	 0.91	 0.04	176.20	 2.26	 1.94	 1.00	10.73	 1.27	323.93	293.75	304.23	280.45	300.19	0	56.09
2013	3	30	16.951	6663.7063	88.7063	29.7063	 0.77	 0.06	172.97	 4.47	 5.39	 1.00	10.72	 1.18	324.14	294.97	304.02	282.12	301.06	0	56.42
2013	3	30	17.853	6663.7439	88.7439	29.7439	 0.74	 0.07	175.66	 5.67	 6.88	 1.00	10.75	 1.11	323.16	296.48	305.36	281.81	300.47	0	56.36
2013	3	30	18.729	6663.7804	88.7804	29.7804	 0.87	 0.04	188.44	 2.85	 8.17	 0.97	10.73	 1.18	324.59	296.82	307.40	279.92	303.42	0	55.98
2013	3	31	0.977	6664.0407	89.0407	30.0407	 0.76	 0.05	174.25	 4.12	 5.78	 1.00	10.73	 1.11	325.96	281.56	287.97	 0.00	289.39	0	54.00
2013	3	31	1.414	6664.0589	89.0589	30.0589	 0.60	 0.05	184.58	 5.84	 1.12	 1.00	10.80	 1.05	325.85	281.10	287.33	263.55	285.86	0	52.71
2013	3	31	2.291	6664.0955	89.0955	30.0955	 0.65	 0.05	186.12	 5.68	11.90	 0.99	10.73	 1.03	325.79	280.44	287.20	263.20	286.61	0	52.64
2013	3	31	3.194	6664.1331	89.1331	30.1331	 0.92	 0.04	189.26	 2.17	 2.60	 1.00	10.73	 1.20	325.61	279.91	288.89	263.17	286.19	0	52.63
2013	3	31	4.974	6664.2073	89.2073	30.2073	 0.70	 0.05	183.39	 4.78	 4.43	 1.00	10.77	 1.10	325.75	279.00	286.33	262.36	283.65	0	52.47
2013	3	31	5.413	6664.2255	89.2255	30.2255	 0.70	 0.06	174.61	 5.70	 3.48	 1.00	10.73	 1.10	325.71	278.79	286.00	262.24	286.22	0	52.45
2013	3	31	6.729	6664.2804	89.2804	30.2804	 0.67	 0.05	176.33	 4.84	 3.82	 1.00	10.78	 1.11	325.72	278.41	285.12	262.27	283.05	0	52.45
2013	3	31	8.073	6664.3364	89.3364	30.3364	 0.54	 0.06	181.80	 9.66	 5.83	 1.00	10.73	 1.01	325.58	278.03	284.90	261.79	283.98	0	52.36
2013	3	31	8.510	6664.3546	89.3546	30.3546	 0.68	 0.04	178.56	 4.01	 5.52	 0.99	10.83	 1.12	325.59	277.94	284.84	261.83	285.13	0	52.37
2013	3	31	11.637	6664.4849	89.4849	30.4849	 0.67	 0.06	177.20	 6.43	12.56	 0.99	10.77	 1.04	325.73	278.50	283.77	263.62	284.13	0	52.72
2013	3	31	12.951	6664.5396	89.5396	30.5396	 0.74	 0.08	183.95	 6.99	 3.62	 1.00	10.75	 1.13	325.91	281.83	289.03	266.00	289.00	0	53.20
2013	3	31	13.389	6664.5579	89.5579	30.5579	 0.79	 0.04	187.43	 3.17	 3.88	 1.00	10.73	 1.21	325.97	283.10	290.95	265.95	286.72	0	53.19
2013	3	31	13.854	6664.5773	89.5773	30.5773	 0.77	 0.05	179.07	 4.19	13.20	 0.97	10.90	 1.07	326.13	284.73	292.41	265.82	290.16	0	53.16
2013	3	31	14.294	6664.5956	89.5956	30.5956	 0.79	 0.07	184.54	 5.76	10.35	 1.00	10.73	 1.09	326.13	286.33	293.31	265.78	289.59	0	53.16
2013	3	31	14.733	6664.6139	89.6139	30.6139	 0.77	 0.06	187.85	 4.90	 5.62	 1.00	10.72	 1.09	326.03	287.87	296.09	266.12	293.72	0	53.22
2013	3	31	16.511	6664.6879	89.6879	30.6879	 0.74	 0.09	190.27	 8.07	 3.24	 1.00	10.73	 1.19	326.21	292.92	300.53	275.43	296.14	0	55.09
2013	3	31	17.826	6664.7428	89.7428	30.7428	 0.86	 0.05	194.50	 3.69	 7.05	 0.99	10.73	 1.23	326.33	295.33	305.19	278.13	300.82	0	55.63
2013	3	31	18.289	6664.7620	89.7620	30.7620	 0.82	 0.07	183.03	 5.10	 8.49	 1.00	10.77	 1.02	326.53	295.68	302.32	278.62	304.10	0	55.72
2013	3	31	20.505	6664.8544	89.8544	30.8544	 1.11	 0.11	192.27	 4.88	 8.76	 1.00	10.75	 0.93	326.56	293.47	306.22	272.25	300.61	0	54.45
2013	3	31	22.722	6664.9468	89.9468	30.9468	 1.08	 0.06	183.56	 2.59	11.76	 0.97	10.80	 0.93	326.54	286.36	292.52	263.84	292.83	0	52.77
2013	3	31	23.163	6664.9651	89.9651	30.9651	 1.15	 0.10	191.07	 3.99	12.82	 1.00	10.75	 1.14	326.35	285.19	293.09	263.05	291.48	0	52.61
2013	3	31	23.601	6664.9834	89.9834	30.9834	 1.03	 0.05	191.15	 2.66	 0.49	 1.00	10.73	 1.19	326.37	284.01	293.13	262.34	290.25	0	52.47
