2011	1	1	0.891	5844.0371	0.0371	0.0371	 0.56	 0.04	177.08	 5.64	19.83	 0.89	10.80	 1.20	322.94	283.16	290.54	262.93	289.65	0	52.59
2011	1	1	2.221	5844.0923	0.0925	0.0925	 0.59	 0.04	174.87	 4.82	 5.32	 0.99	10.78	 1.21	323.63	281.65	288.34	264.39	 0.00	0	52.88
2011	1	1	3.132	5844.1304	0.1305	0.1305	 0.51	 0.04	170.65	 6.92	 6.60	 0.99	10.80	 1.19	323.64	281.22	288.62	264.47	289.51	0	52.89
2011	1	1	3.575	5844.1489	0.1490	0.1490	 0.57	 0.05	161.56	 5.62	 4.03	 1.00	10.93	 1.24	323.79	281.01	286.24	 0.00	289.23	0	54.00
2011	1	1	4.461	5844.1860	0.1859	0.1859	 0.50	 0.03	169.79	 4.85	 3.58	 0.99	10.75	 1.21	323.55	280.53	287.15	264.49	285.64	0	52.90
2011	1	1	4.929	5844.2056	0.2054	0.2054	 0.55	 0.05	160.39	 6.84	 2.21	 1.00	10.87	 1.18	323.77	280.35	286.91	 0.00	 0.00	0	54.00
2011	1	1	5.376	5844.2241	0.2240	0.2240	 0.50	 0.05	162.11	 7.06	 5.18	 1.00	10.95	 1.17	323.66	280.23	288.02	264.38	286.91	0	52.88
2011	1	1	6.271	5844.2612	0.2613	0.2613	 0.58	 0.05	163.95	 5.50	 2.41	 1.00	10.90	 1.25	323.89	280.04	288.95	264.42	 0.00	0	52.88
2011	1	1	8.078	5844.3364	0.3366	0.3366	 0.65	 0.05	164.03	 4.60	 2.38	 1.00	10.90	 1.29	324.01	280.02	288.27	 0.00	285.17	0	54.00
# Unit 3, Cerro Chajnantor CCAT, Filter  0,  Slot 1, 350 um (616) & yellow
#				days
#				since		day of	day of
# yr	mo	dy	 time	1/1/1995	year	month	Tau	unc	Tatm	unc	mse	fitgood	Etime	R	Thot	Twarm	Tchop	Tamb	<Tint>	Filter	Toff
# 1	2	3	4	5		6	7	8	9	10	11	12	13	14	15	16	17	18	19	20	21	22
2011	1	1	9.460	5844.3940	0.3942	0.3942	 0.39	 0.04	183.01	10.04	 9.77	 0.97	10.83	 1.14	324.20	279.80	284.44	264.44	287.81	0	52.89
2011	1	1	9.908	5844.4126	0.4128	0.4128	 0.49	 0.03	168.73	 5.24	 6.48	 0.96	10.82	 1.21	324.09	279.85	286.86	264.38	 0.00	0	52.88
2011	1	1	10.801	5844.4502	0.4500	0.4500	 0.50	 0.04	175.77	 6.99	 4.24	 1.00	11.07	 1.23	324.26	281.17	285.80	267.30	287.22	0	53.46
2011	1	1	11.246	5844.4687	0.4686	0.4686	 0.55	 0.04	170.28	 6.08	 3.78	 1.00	10.75	 1.22	324.34	282.21	287.92	269.04	286.78	0	53.81
2011	1	1	12.153	5844.5063	0.5064	0.5064	 0.37	 0.03	200.73	 9.76	11.97	 0.93	10.73	 1.13	324.48	284.86	291.02	273.26	289.82	0	54.65
2011	1	1	13.033	5844.5430	0.5430	0.5430	 0.62	 0.04	185.74	 4.45	26.77	 0.74	10.73	 1.19	324.32	287.99	297.75	273.85	293.37	0	54.77
2011	1	1	14.369	5844.5986	0.5987	0.5987	 1.00	 0.06	199.28	 3.15	41.45	 0.77	10.75	 1.16	324.01	293.14	301.96	280.92	301.44	0	56.18
2011	1	1	17.907	5844.7461	0.7461	0.7461	 0.88	 0.09	197.31	 6.01	11.52	 1.00	10.85	 1.02	324.91	299.69	311.51	282.71	307.34	0	56.54
2011	1	1	18.370	5844.7656	0.7654	0.7654	 1.24	 0.17	190.84	 5.87	35.23	 0.99	10.77	 1.06	325.34	299.67	310.32	282.74	307.51	0	56.55
2011	1	1	19.253	5844.8022	0.8022	0.8022	 1.50	 0.12	202.82	 2.98	10.52	 1.00	10.80	 1.27	325.28	299.12	312.17	283.75	306.97	0	56.75
2011	1	1	19.694	5844.8208	0.8206	0.8206	 1.60	 0.10	203.74	 2.20	17.30	 0.96	10.77	 1.23	325.27	298.56	309.25	281.80	309.01	0	56.36
2011	1	1	20.604	5844.8584	0.8585	0.8585	 1.50	 0.11	199.87	 2.57	 7.84	 1.00	10.78	 1.05	325.70	296.85	310.53	279.04	 0.00	0	55.81
2011	1	1	21.493	5844.8955	0.8955	0.8955	 2.10	 0.27	202.81	 2.98	 1.59	 1.00	10.73	 1.10	325.86	294.94	308.73	 0.00	301.23	0	54.00
2011	1	2	1.089	5845.0454	1.0454	1.0454	 0.85	 0.04	187.48	 2.68	 0.56	 1.00	10.85	 1.27	326.39	285.67	294.07	262.82	 0.00	0	52.56
2011	1	2	3.337	5845.1392	1.1391	1.1391	 0.76	 0.04	185.18	 3.68	 3.06	 1.00	10.75	 1.22	326.80	282.40	289.35	 0.00	287.43	0	54.00
2011	1	2	3.781	5845.1577	1.1575	1.1575	 0.76	 0.04	187.18	 3.75	 5.38	 0.99	10.82	 1.24	326.55	282.17	288.94	264.41	287.23	0	52.88
2011	1	2	4.228	5845.1763	1.1762	1.1762	 0.78	 0.04	184.75	 3.35	 1.09	 1.00	10.73	 1.24	326.56	281.96	286.72	264.42	287.02	0	52.88
2011	1	2	4.669	5845.1943	1.1945	1.1945	 0.76	 0.05	188.90	 4.25	 4.64	 1.00	10.77	 1.24	326.54	281.75	288.44	264.46	286.82	0	52.89
2011	1	2	5.109	5845.2129	1.2129	1.2129	 0.65	 0.05	189.38	 5.76	 3.85	 1.00	10.78	 1.15	326.01	281.56	287.42	264.48	 0.00	0	52.90
2011	1	2	6.469	5845.2695	1.2695	1.2695	 0.74	 0.05	185.64	 4.01	 1.11	 1.00	10.77	 1.19	324.05	280.80	286.79	264.48	287.15	0	52.90
2011	1	2	7.831	5845.3262	1.3263	1.3263	 0.85	 0.03	187.64	 2.23	 1.23	 1.00	10.75	 1.26	324.52	280.04	287.23	263.96	284.90	0	52.79
2011	1	2	8.716	5845.3633	1.3632	1.3632	 0.69	 0.04	182.49	 4.25	 6.55	 0.99	10.72	 1.21	324.34	279.84	286.57	 0.00	287.52	0	54.00
2011	1	2	9.599	5845.3999	1.4000	1.4000	 0.75	 0.04	179.51	 3.77	 3.57	 1.00	10.82	 1.25	323.77	279.70	288.50	264.51	287.45	0	52.90
2011	1	2	10.982	5845.4575	1.4576	1.4576	 0.70	 0.04	176.24	 3.74	 6.44	 0.99	10.78	 1.26	324.23	281.38	286.84	267.36	289.36	0	53.47
2011	1	2	11.871	5845.4946	1.4946	1.4946	 0.63	 0.04	179.16	 4.72	 1.75	 1.00	10.77	 1.23	324.22	283.56	291.15	270.34	288.91	0	54.07
2011	1	2	13.212	5845.5503	1.5505	1.5505	 0.58	 0.04	196.03	 6.51	 3.81	 1.00	10.75	 1.25	324.09	287.97	296.93	272.79	295.85	0	54.56
2011	1	2	14.990	5845.6245	1.6246	1.6246	 0.83	 0.05	175.45	 3.50	17.09	 0.93	10.75	 1.18	324.59	293.92	304.32	276.44	299.46	0	55.29
2011	1	2	16.772	5845.6987	1.6989	1.6989	 0.72	 0.06	186.36	 5.57	72.99	 0.67	10.77	 0.93	325.09	297.65	308.80	280.63	305.09	0	56.13
2011	1	2	18.991	5845.7915	1.7913	1.7913	 1.40	 0.13	198.25	 3.46	15.80	 0.99	10.77	 1.25	325.44	298.11	309.61	277.99	303.76	0	55.60
2011	1	2	21.229	5845.8848	1.8845	1.8845	 1.21	 0.20	185.94	 6.91	 3.88	 1.00	10.82	 0.90	322.51	293.76	306.35	274.23	301.40	0	54.85
2011	1	3	5.261	5846.2192	2.2192	2.2192	 0.42	 0.05	164.25	 9.73	 7.62	 0.99	10.77	 1.16	325.08	273.34	279.26	261.50	280.91	0	52.30
2011	1	3	5.710	5846.2378	2.2379	2.2379	 0.32	 0.06	168.18	19.39	10.78	 0.99	10.85	 1.11	325.05	274.08	278.91	262.09	280.14	0	52.42
2011	1	3	6.176	5846.2573	2.2573	2.2573	 0.48	 0.04	149.15	 6.28	 1.90	 1.00	10.75	 1.15	325.11	274.68	281.09	262.36	281.03	0	52.47
2011	1	3	7.958	5846.3315	2.3316	2.3316	 0.43	 0.05	153.96	10.04	25.30	 0.89	10.70	 1.21	325.13	276.17	282.70	 0.00	281.03	0	54.00
2011	1	3	8.427	5846.3511	2.3511	2.3511	 0.12	 0.06	302.65	127.38	18.35	 0.98	10.75	 1.09	325.22	276.36	281.94	262.83	282.49	0	52.57
2011	1	3	8.869	5846.3696	2.3695	2.3695	 0.19	 0.05	217.23	39.69	20.90	 0.88	10.77	 1.12	325.07	276.55	281.68	262.80	 0.00	0	52.56
2011	1	3	9.309	5846.3877	2.3879	2.3879	 0.46	 0.06	142.54	 9.87	11.12	 0.99	10.82	 1.20	325.05	276.67	284.70	262.98	 0.00	0	52.60
2011	1	3	9.753	5846.4062	2.4064	2.4064	 0.35	 0.06	164.45	15.69	21.04	 0.95	10.82	 1.22	325.09	276.79	282.94	 0.00	283.96	0	54.00
2011	1	3	10.693	5846.4453	2.4455	2.4455	 0.46	 0.04	160.89	 7.05	 9.17	 0.96	10.82	 1.28	325.03	277.89	284.65	 0.00	283.99	0	54.00
2011	1	3	11.576	5846.4824	2.4823	2.4823	 0.39	 0.04	163.97	 9.85	 8.10	 0.98	10.80	 1.24	325.15	279.94	284.87	 0.00	288.19	0	54.00
2011	1	3	12.017	5846.5005	2.5007	2.5007	 0.51	 0.05	158.34	 6.48	13.08	 0.95	10.77	 1.23	324.96	281.22	288.54	265.37	 0.00	0	53.07
2011	1	3	12.461	5846.5190	2.5192	2.5192	 0.53	 0.04	162.22	 5.56	 3.10	 1.00	10.92	 1.26	325.09	282.81	289.86	 0.00	292.17	0	54.00
2011	1	3	15.144	5846.6309	2.6310	2.6310	 1.40	 0.08	190.88	 2.19	35.40	 0.76	10.77	 1.24	326.08	292.93	302.61	276.95	300.29	0	55.39
2011	1	3	16.895	5846.7041	2.7040	2.7040	 1.26	 0.06	200.68	 2.18	13.92	 0.95	10.80	 1.09	326.73	297.90	307.46	283.23	305.04	0	56.65
2011	1	3	17.801	5846.7417	2.7417	2.7417	 1.91	 0.12	205.76	 1.72	 4.67	 1.00	10.73	 1.20	327.09	298.90	310.44	281.75	303.62	0	56.35
2011	1	3	18.239	5846.7598	2.7600	2.7600	 1.58	 0.19	195.71	 3.91	 5.65	 1.00	10.73	 1.07	325.74	299.02	309.85	280.56	306.51	0	56.11
2011	1	3	18.677	5846.7783	2.7782	2.7782	 0.99	 0.11	191.95	 5.96	141.75	 0.77	10.77	 1.08	326.01	298.74	309.49	279.59	306.53	0	55.92
2011	1	3	19.122	5846.7969	2.7967	2.7967	 0.75	 0.09	200.91	 8.18	120.05	 0.83	10.83	 0.95	326.00	298.28	309.73	277.80	303.76	0	55.56
2011	1	3	20.925	5846.8721	2.8719	2.8719	 0.91	 0.13	169.50	 7.39	12.80	 1.00	10.75	 1.13	326.00	294.65	305.50	 0.00	302.13	0	54.00
2011	1	3	22.283	5846.9287	2.9285	2.9285	 0.43	 0.11	206.62	27.50	72.39	 0.99	10.80	 0.72	325.60	291.00	304.49	265.30	296.73	0	53.06
2011	1	3	23.176	5846.9658	2.9657	2.9657	 1.22	 0.10	199.77	 3.85	18.50	 0.99	10.77	 1.10	325.28	287.75	296.97	265.18	295.85	0	53.04
2011	1	3	23.616	5846.9839	2.9840	2.9840	 1.34	 0.11	194.04	 3.16	 2.80	 1.00	10.78	 1.10	323.89	286.32	292.00	265.19	 0.00	0	53.04
2011	1	4	0.081	5847.0034	3.0034	3.0034	 1.31	 0.11	195.78	 3.29	 9.79	 1.00	10.77	 1.16	323.97	285.14	291.46	264.76	293.03	0	52.95
2011	1	4	0.969	5847.0405	3.0404	3.0404	 1.01	 0.05	188.72	 2.62	14.55	 0.94	10.75	 1.21	324.45	283.42	291.20	263.03	288.21	0	52.61
2011	1	4	1.414	5847.0591	3.0589	3.0589	 0.67	 0.04	176.97	 3.57	 3.25	 1.00	10.97	 1.17	324.33	283.02	288.61	266.32	 0.00	0	53.26
2011	1	4	1.859	5847.0776	3.0774	3.0774	 0.76	 0.04	186.64	 3.17	 2.47	 1.00	10.75	 1.22	324.19	282.74	291.38	266.25	 0.00	0	53.25
2011	1	4	3.211	5847.1338	3.1338	3.1338	 0.61	 0.04	178.48	 5.29	 4.35	 1.00	10.72	 1.21	324.29	282.26	290.20	 0.00	 0.00	0	54.00
2011	1	4	4.565	5847.1904	3.1902	3.1902	 0.60	 0.03	184.64	 4.41	11.52	 0.93	10.95	 1.07	324.14	281.88	288.45	267.21	290.13	0	53.44
2011	1	4	5.006	5847.2085	3.2086	3.2086	 0.67	 0.04	185.38	 4.66	 1.79	 1.00	10.78	 1.17	324.19	281.91	288.64	267.02	290.24	0	53.40
2011	1	4	5.449	5847.2271	3.2271	3.2271	 0.68	 0.04	183.40	 4.47	 2.21	 1.00	10.87	 1.18	324.25	281.91	287.34	 0.00	287.50	0	54.00
2011	1	4	5.895	5847.2456	3.2456	3.2456	 0.63	 0.04	189.80	 4.91	 6.22	 0.99	10.87	 1.17	324.24	281.90	288.50	 0.00	290.37	0	54.00
2011	1	4	6.342	5847.2642	3.2642	3.2642	 0.67	 0.05	184.41	 5.40	 1.83	 1.00	10.93	 1.17	324.38	281.94	288.95	266.71	287.52	0	53.34
2011	1	4	6.813	5847.2837	3.2839	3.2839	 0.76	 0.05	185.04	 4.12	 0.74	 1.00	10.73	 1.18	320.90	281.85	289.78	266.39	288.56	0	53.28
2011	1	4	11.751	5847.4897	3.4896	3.4896	 0.57	 0.05	201.28	 7.16	11.39	 0.99	10.75	 1.05	319.94	277.49	285.03	271.24	283.97	0	54.25
2011	1	4	15.286	5847.6367	3.6369	3.6369	 1.27	 0.06	199.06	 2.10	34.06	 0.68	10.73	 1.18	325.61	295.18	304.72	282.11	302.51	0	56.42
2011	1	4	15.748	5847.6562	3.6562	3.6562	 1.17	 0.07	201.56	 2.76	18.47	 0.95	10.78	 1.06	325.04	296.72	305.06	281.87	305.09	0	56.37
2011	1	4	16.625	5847.6929	3.6927	3.6927	 1.35	 0.10	194.42	 2.87	 6.25	 1.00	10.72	 1.01	325.54	298.77	308.49	282.23	 0.00	0	56.45
2011	1	4	17.063	5847.7109	3.7109	3.7109	 1.58	 0.08	205.37	 1.83	13.52	 0.94	10.73	 1.27	323.73	299.40	310.79	283.13	306.38	0	56.63
2011	1	4	17.965	5847.7485	3.7485	3.7485	 1.47	 0.10	202.18	 2.48	 6.15	 1.00	10.77	 1.11	324.84	299.75	311.60	 0.00	306.93	0	54.00
2011	1	4	18.404	5847.7671	3.7669	3.7669	 1.31	 0.10	195.21	 3.00	 3.53	 1.00	10.82	 0.97	325.63	299.63	312.59	280.13	307.19	0	56.03
2011	1	4	18.844	5847.7852	3.7852	3.7852	 1.12	 0.07	196.79	 3.10	 4.55	 1.00	10.73	 0.99	325.62	299.34	310.50	279.17	307.04	0	55.83
2011	1	4	19.287	5847.8037	3.8036	3.8036	 1.33	 0.13	190.34	 3.68	16.46	 0.99	10.75	 0.95	325.65	298.86	310.34	279.15	304.33	0	55.83
2011	1	4	20.636	5847.8599	3.8598	3.8598	 1.27	 0.07	204.55	 2.48	 2.85	 1.00	10.75	 1.27	325.77	296.25	305.81	 0.00	303.87	0	54.00
2011	1	4	21.076	5847.8784	3.8782	3.8782	 1.35	 0.11	198.32	 3.13	 1.81	 1.00	10.82	 1.30	325.78	295.15	305.73	274.35	302.86	0	54.87
2011	1	4	22.873	5847.9531	3.9530	3.9530	 1.20	 0.09	199.20	 3.36	11.19	 0.99	10.77	 1.16	325.32	289.69	298.75	265.21	296.69	0	53.04
2011	1	4	23.320	5847.9717	3.9717	3.9717	32.09	15195239809227.02	185.61	12.39	107.40	 1.00	10.77	 1.16	325.67	288.23	296.67	265.05	296.40	0	53.01
2011	1	4	23.761	5847.9902	3.9900	3.9900	 1.00	 0.04	186.83	 2.27	 0.85	 1.00	10.92	 1.11	325.50	286.92	294.79	 0.00	293.60	0	54.00
2011	1	5	0.207	5848.0088	4.0086	4.0086	 0.73	 0.03	186.08	 3.13	 4.29	 0.99	11.02	 1.16	325.47	285.71	291.75	265.05	290.79	0	53.01
2011	1	5	0.677	5848.0283	4.0282	4.0282	 0.70	 0.04	181.63	 3.59	 2.54	 1.00	10.80	 1.19	324.74	284.90	292.64	264.60	292.94	0	52.92
2011	1	5	1.119	5848.0464	4.0466	4.0466	 0.68	 0.04	181.32	 3.95	 3.87	 1.00	10.90	 1.22	323.22	284.25	292.35	265.51	 0.00	0	53.10
2011	1	5	1.566	5848.0654	4.0652	4.0652	 0.64	 0.04	183.33	 4.44	 3.22	 1.00	10.80	 1.21	323.51	283.88	291.47	266.16	290.92	0	53.23
2011	1	5	2.008	5848.0835	4.0837	4.0837	 0.65	 0.04	183.15	 4.21	 6.51	 0.99	10.80	 1.18	324.26	283.46	290.51	266.14	291.60	0	53.23
2011	1	5	3.814	5848.1587	4.1589	4.1589	 0.48	 0.04	160.18	 5.75	 7.82	 0.96	10.87	 1.15	324.36	282.59	289.10	 0.00	291.01	0	54.00
2011	1	5	4.701	5848.1958	4.1959	4.1959	 0.54	 0.05	157.70	 6.57	 2.40	 1.00	10.83	 1.22	323.51	282.11	288.33	 0.00	289.03	0	54.00
2011	1	5	5.167	5848.2153	4.2153	4.2153	 0.22	 0.05	204.76	33.89	35.36	 0.81	10.92	 1.03	323.61	281.78	287.73	264.41	287.28	0	52.88
2011	1	5	6.950	5848.2896	4.2896	4.2896	 0.46	 0.05	154.32	 8.71	 2.15	 1.00	10.77	 1.24	323.29	280.74	288.37	264.38	 0.00	0	52.88
2011	1	5	7.421	5848.3091	4.3092	4.3092	 0.50	 0.06	152.09	 9.18	 5.51	 1.00	11.07	 1.21	322.42	280.47	289.14	264.41	 0.00	0	52.88
2011	1	5	7.864	5848.3276	4.3277	4.3277	 0.46	 0.06	157.55	10.18	 1.80	 1.00	10.85	 1.25	321.98	280.23	288.95	264.39	286.30	0	52.88
2011	1	5	10.119	5848.4219	4.4216	4.4216	 0.43	 0.05	150.12	 8.63	 4.53	 1.00	10.77	 1.21	322.83	279.19	285.79	264.51	285.56	0	52.90
2011	1	5	10.562	5848.4399	4.4401	4.4401	 0.42	 0.05	157.63	 9.41	12.67	 0.96	10.83	 1.23	322.99	279.73	285.90	264.50	 0.00	0	52.90
2011	1	5	11.004	5848.4585	4.4585	4.4585	 0.46	 0.04	158.56	 6.93	13.29	 0.92	10.82	 1.27	322.96	280.52	288.36	 0.00	287.09	0	54.00
2011	1	5	14.158	5848.5898	4.5899	4.5899	 0.76	 0.03	185.89	 2.20	 6.10	 0.92	10.78	 1.22	323.05	291.15	300.38	277.94	299.46	0	55.59
2011	1	5	15.908	5848.6626	4.6628	4.6628	 1.63	 0.08	203.93	 1.60	19.07	 0.82	10.75	 1.22	322.87	297.43	306.99	284.89	304.84	0	56.98
2011	1	5	16.370	5848.6821	4.6821	4.6821	 1.27	 0.08	196.99	 2.57	15.65	 0.97	10.75	 0.95	321.70	298.51	308.63	284.68	305.08	0	56.94
2011	1	5	17.247	5848.7187	4.7186	4.7186	 1.17	 0.10	196.63	 3.79	11.85	 1.00	10.75	 1.05	324.60	299.86	311.39	283.77	309.15	0	56.75
2011	1	5	17.686	5848.7368	4.7369	4.7369	 1.04	 0.09	180.40	 4.28	 3.03	 1.00	10.75	 0.98	325.57	300.23	312.85	283.54	305.46	0	56.71
2011	1	5	18.124	5848.7554	4.7552	4.7552	 1.05	 0.10	181.41	 4.31	26.98	 0.98	10.73	 1.17	324.88	300.33	312.53	282.99	308.01	0	56.60
2011	1	5	23.073	5848.9614	4.9614	4.9614	 1.16	 0.17	182.77	 6.44	 9.90	 1.00	10.73	 1.08	325.15	289.52	296.82	265.07	 0.00	0	53.01
2011	1	5	23.957	5848.9980	4.9982	4.9982	 0.73	 0.07	174.76	 6.30	 5.66	 1.00	10.75	 1.13	323.58	286.72	295.58	264.96	295.19	0	52.99
2011	1	6	0.398	5849.0166	5.0166	5.0166	 0.33	 0.05	206.08	17.72	 2.43	 1.00	10.73	 1.12	321.80	285.42	291.64	264.85	290.74	0	52.97
2011	1	6	0.838	5849.0352	5.0349	5.0349	 0.55	 0.03	171.84	 4.13	 5.03	 0.97	10.77	 1.20	321.06	284.45	293.61	264.53	292.65	0	52.91
2011	1	6	1.306	5849.0542	5.0544	5.0544	 0.57	 0.08	167.24	10.26	 8.07	 1.00	10.90	 1.17	320.43	283.61	293.74	 0.00	 0.00	0	54.00
2011	1	6	2.192	5849.0913	5.0913	5.0913	 0.47	 0.05	175.48	 9.86	 6.11	 1.00	10.98	 1.17	321.19	282.49	288.86	264.45	 0.00	0	52.89
2011	1	6	2.640	5849.1099	5.1100	5.1100	 0.50	 0.05	168.95	 7.68	 6.24	 0.99	10.85	 1.18	322.05	282.06	287.08	264.46	 0.00	0	52.89
2011	1	6	3.087	5849.1284	5.1286	5.1286	 0.51	 0.05	165.35	 6.97	 1.62	 1.00	10.77	 1.16	322.45	281.79	289.43	264.44	287.02	0	52.89
2011	1	6	3.556	5849.1479	5.1482	5.1482	 0.47	 0.04	172.89	 7.58	 1.34	 1.00	10.73	 1.16	322.61	281.52	287.26	264.39	288.40	0	52.88
2011	1	6	4.003	5849.1670	5.1668	5.1668	 0.62	 0.04	163.76	 4.38	 5.32	 0.99	10.87	 1.26	322.73	281.36	288.82	264.40	289.84	0	52.88
2011	1	6	4.449	5849.1855	5.1854	5.1854	 0.49	 0.04	169.27	 6.42	 5.57	 0.99	10.75	 1.18	323.04	281.18	287.19	264.44	 0.00	0	52.89
2011	1	6	4.901	5849.2041	5.2042	5.2042	 0.53	 0.05	163.28	 7.18	 3.67	 1.00	10.92	 1.21	323.15	281.14	287.48	 0.00	 0.00	0	54.00
2011	1	6	5.345	5849.2227	5.2227	5.2227	 0.46	 0.04	174.82	 7.90	10.80	 0.97	10.82	 1.19	322.76	280.88	288.30	 0.00	 0.00	0	54.00
2011	1	6	5.816	5849.2422	5.2423	5.2423	 0.66	 0.04	169.51	 3.93	 3.47	 1.00	10.77	 1.27	319.42	280.64	289.31	264.41	288.29	0	52.88
2011	1	6	12.991	5849.5415	5.5413	5.5413	 0.43	 0.03	188.43	 6.99	21.17	 0.73	10.72	 1.08	324.19	278.62	283.02	273.90	285.22	0	54.78
2011	1	6	13.430	5849.5596	5.5596	5.5596	 0.66	 0.05	184.37	 5.36	 7.43	 0.99	10.83	 1.25	324.44	281.83	284.77	275.60	292.20	0	55.12
2011	1	6	13.871	5849.5781	5.5779	5.5779	 0.77	 0.04	179.84	 3.37	 1.51	 1.00	10.75	 1.25	324.37	284.92	291.86	277.45	295.72	0	55.49
2011	1	6	15.650	5849.6519	5.6521	5.6521	 0.86	 0.10	195.98	 7.35	65.60	 0.96	10.73	 1.24	324.88	294.03	303.28	281.13	301.02	0	56.23
2011	1	6	16.088	5849.6704	5.6703	5.6703	 1.23	 0.10	182.81	 3.20	37.25	 0.91	10.73	 1.17	326.16	295.51	305.78	280.66	305.03	0	56.13
2011	1	6	16.526	5849.6885	5.6886	5.6886	 1.64	 0.28	182.99	 5.07	71.60	 0.98	10.75	 1.19	326.86	296.84	307.12	281.69	304.16	0	56.34
2011	1	6	20.096	5849.8374	5.8373	5.8373	 1.38	 0.12	193.84	 3.33	 4.99	 1.00	10.92	 0.95	324.57	298.24	312.02	281.91	306.21	0	56.38
2011	1	6	21.449	5849.8936	5.8937	5.8937	 2.13	 0.16	202.36	 1.67	 2.18	 1.00	10.78	 1.19	324.31	295.61	306.17	278.47	 0.00	0	55.69
2011	1	6	21.889	5849.9121	5.9121	5.9121	 2.34	 0.19	198.25	 1.56	 7.39	 0.98	10.80	 1.07	324.19	294.54	306.17	277.47	302.54	0	55.49
2011	1	6	23.694	5849.9873	5.9873	5.9873	 1.33	 0.31	203.33	 9.78	82.27	 1.00	10.88	 1.18	324.25	288.56	300.30	265.30	297.11	0	53.06
2011	1	7	0.138	5850.0059	6.0057	6.0057	 0.80	 0.04	188.62	 3.40	 3.19	 1.00	10.72	 1.06	325.97	287.15	295.16	 0.00	292.79	0	54.00
2011	1	7	1.025	5850.0425	6.0427	6.0427	 0.90	 0.05	195.52	 3.47	 1.92	 1.00	10.90	 1.17	325.14	285.34	294.65	264.79	 0.00	0	52.96
2011	1	7	1.944	5850.0811	6.0810	6.0810	 0.80	 0.05	191.79	 3.62	 2.15	 1.00	10.87	 1.20	323.13	283.79	289.38	 0.00	 0.00	0	54.00
2011	1	7	2.831	5850.1182	6.1180	6.1180	 0.79	 0.04	188.61	 3.11	 2.19	 1.00	10.73	 1.21	323.20	282.90	289.59	264.44	288.13	0	52.89
2011	1	7	3.274	5850.1362	6.1364	6.1364	 0.81	 0.04	190.57	 2.97	 3.67	 1.00	10.77	 1.27	323.58	282.66	290.87	265.66	289.68	0	53.13
2011	1	7	3.719	5850.1548	6.1550	6.1550	 0.81	 0.03	185.97	 2.61	 1.35	 1.00	10.85	 1.19	323.67	282.41	290.31	 0.00	287.65	0	54.00
2011	1	7	6.442	5850.2686	6.2684	6.2684	 0.79	 0.03	188.99	 2.14	 3.93	 0.97	10.82	 1.21	324.33	281.86	287.85	 0.00	290.11	0	54.00
2011	1	7	6.887	5850.2871	6.2870	6.2870	 0.77	 0.04	184.20	 3.55	11.10	 0.96	10.78	 1.18	323.95	281.93	286.96	266.29	287.13	0	53.26
2011	1	7	7.332	5850.3057	6.3055	6.3055	 0.83	 0.06	183.00	 4.07	 5.42	 1.00	10.78	 1.20	323.94	281.98	289.23	266.44	287.26	0	53.29
2011	1	7	9.132	5850.3804	6.3805	6.3805	 0.74	 0.03	185.06	 2.55	 0.67	 1.00	10.75	 1.18	324.06	282.03	287.35	265.37	288.80	0	53.07
2011	1	7	10.934	5850.4556	6.4556	6.4556	 0.77	 0.04	181.76	 3.16	 3.56	 1.00	10.75	 1.21	323.89	283.00	289.48	267.61	287.91	0	53.52
2011	1	7	11.377	5850.4741	6.4741	6.4741	 0.72	 0.05	187.15	 4.51	 0.47	 1.00	10.77	 1.26	323.93	283.68	290.55	 0.00	 0.00	0	54.00
2011	1	7	12.256	5850.5107	6.5106	6.5106	 1.75	 0.43	175.72	 6.52	218.19	 0.92	10.75	 1.18	324.07	285.57	291.37	269.82	294.89	0	53.96
2011	1	7	13.193	5850.5498	6.5497	6.5497	 0.63	 0.04	188.87	 4.93	 4.09	 1.00	10.77	 1.09	324.03	288.38	295.49	273.24	296.15	0	54.65
2011	1	7	14.071	5850.5864	6.5863	6.5863	 0.87	 0.05	191.20	 3.32	 3.38	 1.00	10.77	 1.22	324.70	291.22	300.32	274.55	299.30	0	54.91
2011	1	7	14.510	5850.6045	6.6046	6.6046	 0.77	 0.05	186.78	 3.85	 1.19	 1.00	10.72	 1.09	324.96	292.76	299.96	276.03	300.78	0	55.21
2011	1	7	15.849	5850.6602	6.6604	6.6604	 0.75	 0.07	189.77	 5.89	 4.44	 1.00	10.73	 1.04	324.44	296.68	307.07	279.50	304.47	0	55.90
2011	1	7	16.288	5850.6787	6.6787	6.6787	 0.95	 0.04	199.48	 2.54	 4.02	 0.99	10.82	 1.26	324.45	297.66	310.62	281.64	305.08	0	56.33
2011	1	7	17.166	5850.7153	6.7152	6.7152	 0.92	 0.07	200.03	 4.53	16.24	 0.99	10.75	 1.08	322.46	298.89	309.67	 0.00	 0.00	0	54.00
2011	1	7	17.629	5850.7344	6.7345	6.7345	 1.21	 0.09	195.59	 3.14	 7.55	 1.00	10.78	 1.04	321.85	299.12	309.21	281.17	306.00	0	56.23
2011	1	7	18.067	5850.7529	6.7528	6.7528	 1.04	 0.12	186.35	 5.86	11.96	 1.00	10.72	 0.89	321.52	299.10	310.44	280.42	308.87	0	56.08
2011	1	7	21.616	5850.9009	6.9007	6.9007	 1.30	 0.06	196.97	 1.86	 7.40	 0.97	10.90	 1.04	323.88	294.31	307.97	276.86	302.54	0	55.37
2011	1	7	22.089	5850.9204	6.9204	6.9204	 1.07	 0.06	205.74	 3.16	32.83	 0.88	10.78	 1.13	321.46	293.26	303.27	276.89	299.89	0	55.38
2011	1	8	0.761	5851.0317	7.0317	7.0317	 0.57	 0.04	192.43	 5.28	 9.75	 0.97	10.80	 1.06	323.14	282.43	291.33	 0.00	 0.00	0	54.00
2011	1	8	1.646	5851.0684	7.0686	7.0686	 0.94	 0.04	194.01	 2.39	12.23	 0.91	10.80	 1.24	324.79	282.89	288.11	268.16	 0.00	0	53.63
2011	1	8	2.092	5851.0874	7.0872	7.0872	 1.03	 0.05	196.37	 2.64	 6.68	 0.99	10.87	 1.29	324.79	283.05	290.52	268.52	289.88	0	53.70
2011	1	8	3.447	5851.1436	7.1436	7.1436	 1.08	 0.04	200.78	 1.95	14.51	 0.85	10.85	 1.25	324.84	283.32	291.50	267.62	 0.00	0	53.52
2011	1	8	4.333	5851.1807	7.1805	7.1805	 1.04	 0.04	200.75	 2.10	 4.32	 0.99	10.83	 1.21	324.88	283.34	290.52	267.52	290.15	0	53.50
2011	1	8	5.256	5851.2187	7.2190	7.2190	 0.98	 0.06	197.44	 3.10	 6.87	 0.99	10.93	 1.24	324.80	283.10	290.60	264.52	291.36	0	52.90
2011	1	8	5.702	5851.2378	7.2376	7.2376	 0.93	 0.05	194.71	 3.01	 9.19	 0.98	10.83	 1.18	324.77	282.83	289.13	264.63	290.98	0	52.93
2011	1	8	6.596	5851.2749	7.2748	7.2748	 0.95	 0.05	191.80	 2.80	 3.37	 1.00	10.75	 1.27	324.90	282.31	289.33	 0.00	290.23	0	54.00
2011	1	8	7.957	5851.3315	7.3316	7.3316	 0.79	 0.05	184.38	 3.96	 0.55	 1.00	10.78	 1.22	324.87	281.90	286.46	 0.00	288.34	0	54.00
2011	1	8	9.309	5851.3877	7.3879	7.3879	 0.73	 0.05	183.81	 4.17	 3.55	 1.00	10.85	 1.15	324.91	281.74	288.19	 0.00	 0.00	0	54.00
2011	1	8	9.753	5851.4062	7.4064	7.4064	 0.86	 0.05	187.77	 3.64	 4.17	 1.00	10.73	 1.28	324.89	281.67	287.81	264.39	 0.00	0	52.88
2011	1	8	10.195	5851.4248	7.4248	7.4248	 0.80	 0.04	184.52	 3.17	 2.65	 1.00	10.85	 1.16	324.96	281.92	287.08	266.30	286.60	0	53.26
2011	1	8	11.081	5851.4619	7.4617	7.4617	 0.84	 0.05	184.19	 3.36	 0.85	 1.00	10.73	 1.21	325.03	283.30	287.94	270.34	288.82	0	54.07
2011	1	8	11.551	5851.4814	7.4813	7.4813	 0.79	 0.04	193.14	 3.06	 1.72	 1.00	10.88	 1.27	325.26	284.51	290.33	272.33	293.01	0	54.47
2011	1	8	13.810	5851.5752	7.5754	7.5754	 0.99	 0.06	202.25	 3.25	 4.19	 1.00	10.78	 1.14	325.12	292.73	300.27	279.72	301.07	0	55.94
2011	1	8	14.248	5851.5937	7.5937	7.5937	 1.20	 0.05	202.69	 2.03	 6.99	 0.98	10.75	 1.28	324.72	294.50	303.66	280.06	302.92	0	56.01
2011	1	8	15.561	5851.6484	7.6484	7.6484	 1.09	 0.06	193.28	 2.49	 9.64	 0.98	10.75	 1.06	321.42	298.31	308.98	283.34	305.44	0	56.67
2011	1	8	16.022	5851.6675	7.6676	7.6676	 0.96	 0.07	199.38	 3.98	12.34	 0.99	10.78	 1.00	319.14	299.17	312.25	284.31	306.39	0	56.86
2011	1	9	0.009	5852.0005	8.0004	8.0004	 2.82	 0.32	210.50	 1.64	 2.35	 1.00	10.77	 1.26	323.88	287.83	295.98	267.54	294.96	0	53.51
2011	1	9	0.450	5852.0186	8.0188	8.0188	 2.86	 0.25	209.44	 1.24	 0.57	 1.00	10.88	 1.22	324.09	287.28	294.08	 0.00	292.73	0	54.00
2011	1	9	1.365	5852.0566	8.0569	8.0569	 2.70	 0.31	205.92	 1.79	 8.94	 0.99	10.78	 1.12	324.29	286.59	292.23	269.49	 0.00	0	53.90
2011	1	9	2.256	5852.0937	8.0940	8.0940	 2.45	 0.21	205.85	 1.61	 4.77	 1.00	10.80	 1.12	324.37	286.05	290.87	269.23	291.51	0	53.85
2011	1	9	2.700	5852.1123	8.1125	8.1125	 2.69	 0.25	206.38	 1.48	 4.33	 1.00	10.77	 1.11	324.38	285.80	292.89	269.06	 0.00	0	53.81
2011	1	9	4.048	5852.1685	8.1686	8.1686	 2.46	 0.19	208.71	 1.42	 1.90	 1.00	10.77	 1.18	324.32	285.09	291.95	268.68	290.71	0	53.74
2011	1	9	4.487	5852.1870	8.1869	8.1869	 2.18	 0.20	203.16	 2.04	 5.99	 1.00	10.80	 1.09	324.21	284.96	289.39	268.49	 0.00	0	53.70
2011	1	9	4.928	5852.2056	8.2053	8.2053	 2.53	 0.16	208.06	 1.09	 2.17	 1.00	10.73	 1.18	324.29	284.80	291.58	268.46	290.36	0	53.69
2011	1	9	5.848	5852.2437	8.2437	8.2437	 2.82	 0.20	210.97	 1.03	 1.39	 1.00	11.08	 1.22	324.52	284.57	293.28	 0.00	 0.00	0	54.00
2011	1	9	6.292	5852.2622	8.2622	8.2622	 2.82	 0.32	204.53	 1.60	 1.69	 1.00	10.85	 1.09	324.43	284.44	289.78	267.93	 0.00	0	53.59
2011	1	9	7.181	5852.2993	8.2992	8.2992	 2.42	 0.26	208.77	 2.11	 1.78	 1.00	10.73	 1.14	325.13	284.26	291.26	267.76	289.66	0	53.55
2011	1	9	7.648	5852.3188	8.3187	8.3187	 2.40	 0.23	205.60	 1.87	 4.12	 1.00	10.78	 1.12	324.70	284.17	289.33	267.34	290.98	0	53.47
2011	1	9	8.090	5852.3369	8.3371	8.3371	 2.60	 0.23	211.75	 1.48	 4.15	 1.00	10.82	 1.28	323.83	284.02	290.57	 0.00	292.31	0	54.00
2011	1	9	8.531	5852.3555	8.3555	8.3555	 2.50	 0.19	213.45	 1.40	 1.00	 1.00	10.97	 1.23	322.90	283.86	291.66	264.49	291.94	0	52.90
2011	1	9	11.220	5852.4673	8.4675	8.4675	 2.52	 0.16	211.08	 1.18	 3.15	 0.99	10.92	 1.24	324.84	284.18	290.31	 0.00	290.51	0	54.00
2011	1	9	11.665	5852.4858	8.4861	8.4861	 2.51	 0.18	208.04	 1.29	 0.74	 1.00	10.77	 1.21	324.89	284.96	289.62	271.22	289.48	0	54.24
2011	1	9	12.130	5852.5054	8.5054	8.5054	 2.64	 0.18	212.63	 1.15	 4.86	 0.98	10.80	 1.26	325.21	286.10	292.57	273.84	 0.00	0	54.77
2011	1	9	13.887	5852.5786	8.5786	8.5786	 2.71	 0.26	207.66	 1.48	 2.85	 1.00	10.75	 1.17	325.07	292.39	299.73	281.63	300.13	0	56.33
2011	1	9	14.384	5852.5991	8.5993	8.5993	 2.18	 0.12	209.74	 1.25	 3.60	 0.99	10.77	 1.12	323.83	294.15	302.65	282.98	 0.00	0	56.60
2011	1	9	15.260	5852.6357	8.6358	8.6358	 3.33	 0.49	211.01	 1.47	 4.36	 1.00	10.73	 1.13	321.94	297.83	307.88	288.21	305.43	0	57.64
2011	1	9	15.696	5852.6538	8.6540	8.6540	 3.85	 0.63	211.62	 1.09	 2.15	 1.00	10.72	 1.11	323.67	298.89	310.09	288.75	305.97	0	57.75
2011	1	9	22.793	5852.9497	8.9497	8.9497	 3.07	 0.40	212.75	 1.57	 2.56	 1.00	10.78	 1.19	316.83	289.97	302.03	268.93	296.08	0	53.79
2011	1	9	23.256	5852.9692	8.9690	8.9690	 3.02	 0.30	212.41	 1.24	 2.49	 1.00	10.77	 1.22	317.37	288.78	299.14	267.84	 0.00	0	53.57
2011	1	10	0.580	5853.0239	9.0242	9.0242	 3.43	 0.50	209.19	 1.34	 2.40	 1.00	10.77	 1.19	323.25	287.05	293.65	267.64	294.03	0	53.53
2011	1	10	1.491	5853.0620	9.0621	9.0621	 3.18	 0.28	211.53	 0.97	 4.40	 0.97	10.80	 1.23	321.44	286.20	293.77	 0.00	 0.00	0	54.00
2011	1	10	1.935	5853.0806	9.0806	9.0806	 2.22	 0.14	214.95	 1.42	 3.19	 1.00	10.80	 1.28	323.41	285.94	293.69	266.97	292.34	0	53.39
2011	1	10	3.267	5853.1362	9.1361	9.1361	 2.11	 0.15	209.66	 1.71	 1.19	 1.00	10.83	 1.12	324.36	285.76	291.37	269.05	292.50	0	53.81
2011	1	10	3.735	5853.1558	9.1556	9.1556	 3.62	 0.62	215.12	 1.40	 3.14	 1.00	10.77	 1.25	321.24	285.70	293.82	269.56	293.53	0	53.91
2011	1	10	9.081	5853.3784	9.3784	9.3784	 2.04	 0.14	207.44	 1.73	 2.66	 1.00	10.82	 1.19	323.94	278.33	282.33	268.34	283.93	0	53.67
2011	1	10	9.526	5853.3970	9.3969	9.3969	 2.13	 0.14	205.18	 1.48	 8.09	 0.97	10.85	 1.20	323.93	279.26	283.88	 0.00	284.72	0	54.00
2011	1	10	9.969	5853.4155	9.4154	9.4154	 2.17	 0.15	206.70	 1.60	 6.17	 0.99	10.75	 1.13	323.98	280.13	285.39	268.52	286.92	0	53.70
2011	1	10	10.437	5853.4351	9.4349	9.4349	 2.21	 0.19	207.13	 1.86	 5.07	 1.00	10.78	 1.24	323.85	281.09	287.00	269.32	287.64	0	53.86
2011	1	10	10.882	5853.4536	9.4534	9.4534	 2.06	 0.15	208.74	 1.81	 4.97	 1.00	10.92	 1.23	323.76	282.23	289.19	270.56	287.41	0	54.11
2011	1	10	11.767	5853.4902	9.4903	9.4903	 2.18	 0.15	206.95	 1.53	 3.46	 1.00	10.77	 1.18	323.92	284.74	290.34	 0.00	288.59	0	54.00
2011	1	10	12.209	5853.5088	9.5087	9.5087	 2.06	 0.14	208.30	 1.71	 1.99	 1.00	10.73	 1.23	324.02	286.17	292.75	273.51	295.61	0	54.70
2011	1	10	12.674	5853.5278	9.5281	9.5281	 1.92	 0.11	207.85	 1.63	 4.29	 1.00	10.77	 1.21	324.17	287.84	295.50	275.82	295.45	0	55.16
2011	1	10	13.112	5853.5464	9.5463	9.5463	 1.90	 0.09	205.38	 1.29	 2.00	 1.00	10.70	 1.16	323.87	289.63	295.08	277.97	297.51	0	55.59
2011	1	10	13.550	5853.5645	9.5646	9.5646	 1.72	 0.09	205.60	 1.56	 1.33	 1.00	10.78	 1.07	323.98	291.57	299.10	279.47	296.93	0	55.89
2011	1	10	14.924	5853.6216	9.6218	9.6218	 2.33	 0.17	214.16	 1.51	 6.29	 0.99	10.75	 1.22	321.92	296.89	308.18	283.84	303.80	0	56.77
2011	1	10	16.235	5853.6763	9.6765	9.6765	 1.63	 0.09	206.76	 1.91	 3.35	 1.00	10.75	 1.02	322.20	299.80	309.41	284.55	306.08	0	56.91
2011	1	10	16.673	5853.6948	9.6947	9.6947	 1.64	 0.11	204.99	 2.26	 4.04	 1.00	10.75	 1.01	322.09	300.44	311.61	284.72	306.94	0	56.94
2011	1	10	17.135	5853.7139	9.7139	9.7139	 1.74	 0.09	211.99	 1.74	 6.06	 0.99	10.78	 1.24	318.54	300.79	311.27	284.73	306.86	0	56.95
2011	1	10	18.011	5853.7505	9.7505	9.7505	 1.32	 0.15	204.28	 4.76	55.53	 0.97	10.78	 1.00	319.70	300.82	313.24	283.96	307.93	0	56.79
2011	1	10	18.449	5853.7686	9.7687	9.7687	 1.57	 0.21	200.06	 4.59	13.58	 1.00	10.73	 0.93	318.20	300.55	315.93	283.88	307.69	0	56.78
2011	1	10	22.012	5853.9170	9.9172	9.9172	 1.68	 0.36	186.57	 6.30	40.84	 1.00	10.82	 0.80	321.06	294.20	305.28	275.81	300.65	0	55.16
2011	1	10	23.804	5853.9917	9.9918	9.9918	 2.22	 0.32	203.46	 3.05	 1.92	 1.00	10.75	 1.12	323.37	288.47	298.15	 0.00	 0.00	0	54.00
2011	1	11	0.688	5854.0288	10.0287	10.0287	 1.35	 0.40	215.86	12.94	89.06	 1.00	10.88	 1.12	324.07	286.64	294.01	 0.00	291.83	0	54.00
2011	1	11	1.574	5854.0654	10.0656	10.0656	 1.38	 0.09	200.72	 2.46	 7.84	 0.99	10.78	 1.11	322.90	285.70	291.31	 0.00	293.53	0	54.00
2011	1	11	2.482	5854.1035	10.1034	10.1034	 1.51	 0.07	206.74	 1.81	 4.95	 0.99	10.80	 1.22	323.56	284.89	293.80	268.02	292.80	0	53.60
2011	1	11	3.368	5854.1401	10.1403	10.1403	 1.40	 0.08	200.09	 2.18	 5.26	 1.00	10.73	 1.13	324.73	284.27	289.64	267.82	 0.00	0	53.56
2011	1	11	3.814	5854.1587	10.1589	10.1589	 1.44	 0.07	207.65	 1.95	 1.43	 1.00	11.12	 1.17	325.03	284.05	293.17	267.36	289.33	0	53.47
2011	1	11	4.729	5854.1973	10.1970	10.1970	 1.58	 0.12	206.21	 2.54	 4.64	 1.00	10.97	 1.20	325.46	283.66	290.73	266.76	288.85	0	53.35
2011	1	11	5.175	5854.2158	10.2156	10.2156	 1.54	 0.08	208.95	 1.88	 3.09	 1.00	10.77	 1.24	325.02	283.45	289.90	 0.00	288.59	0	54.00
2011	1	11	6.065	5854.2529	10.2527	10.2527	 1.49	 0.05	205.19	 1.22	 9.32	 0.85	10.80	 1.22	324.08	283.06	289.33	267.26	289.56	0	53.45
2011	1	11	6.534	5854.2725	10.2723	10.2723	 1.37	 0.09	203.97	 2.63	 6.44	 1.00	10.85	 1.15	324.05	282.96	289.22	 0.00	289.56	0	54.00
2011	1	11	6.977	5854.2905	10.2907	10.2907	 1.33	 0.06	206.23	 1.89	 6.42	 0.98	10.87	 1.19	323.86	282.87	288.67	268.22	290.90	0	53.64
2011	1	11	8.310	5854.3462	10.3462	10.3462	 1.48	 0.07	205.78	 1.85	 5.03	 0.99	10.88	 1.22	323.09	282.90	289.89	267.89	288.31	0	53.58
2011	1	11	9.227	5854.3843	10.3845	10.3845	 1.55	 0.07	206.42	 1.58	 2.55	 1.00	10.82	 1.27	322.67	282.79	289.43	 0.00	288.14	0	54.00
2011	1	11	10.116	5854.4214	10.4215	10.4215	 1.50	 0.07	206.58	 1.74	 8.93	 0.97	10.80	 1.25	321.23	282.68	290.81	 0.00	287.91	0	54.00
2011	1	11	10.556	5854.4399	10.4398	10.4398	 1.55	 0.10	200.19	 2.21	 2.70	 1.00	10.80	 1.10	321.12	283.19	288.01	269.95	288.33	0	53.99
2011	1	11	11.024	5854.4595	10.4593	10.4593	 1.43	 0.07	206.04	 1.91	 5.11	 0.99	10.88	 1.16	321.26	284.11	290.99	271.39	289.26	0	54.28
2011	1	11	12.786	5854.5327	10.5327	10.5327	 1.32	 0.04	203.63	 1.35	 1.45	 1.00	10.85	 1.25	322.64	289.12	297.45	276.51	 0.00	0	55.30
2011	1	11	14.127	5854.5889	10.5886	10.5886	 1.06	 0.05	201.88	 2.36	 2.47	 1.00	10.73	 1.10	321.47	293.73	302.95	277.50	299.68	0	55.50
2011	1	11	15.002	5854.6250	10.6251	10.6251	 1.22	 0.06	204.45	 2.23	 0.81	 1.00	10.72	 1.19	318.03	296.03	306.94	281.21	301.77	0	56.24
2011	1	11	16.809	5854.7002	10.7004	10.7004	 1.29	 0.09	199.74	 2.92	10.14	 0.99	10.78	 1.03	321.86	299.73	310.08	283.09	306.87	0	56.62
2011	1	11	18.585	5854.7744	10.7744	10.7744	 1.34	 0.09	199.35	 2.70	11.46	 0.99	10.77	 1.15	319.92	300.09	311.25	281.50	309.54	0	56.30
2011	1	11	22.146	5854.9229	10.9228	10.9228	 1.11	 0.14	202.05	 6.08	15.28	 1.00	10.75	 0.92	322.35	293.55	307.02	274.57	 0.00	0	54.91
2011	1	11	23.923	5854.9966	10.9968	10.9968	 1.15	 0.07	202.58	 2.90	 7.05	 1.00	10.72	 1.12	322.84	288.26	296.30	265.69	294.12	0	53.14
2011	1	12	1.270	5855.0527	11.0529	11.0529	 1.28	 0.07	205.15	 2.32	 4.96	 1.00	10.72	 1.27	323.34	286.34	293.82	269.98	295.14	0	54.00
2011	1	12	2.155	5855.0898	11.0898	11.0898	 1.18	 0.05	207.26	 2.11	 9.36	 0.97	10.87	 1.20	323.41	285.66	295.41	269.50	 0.00	0	53.90
2011	1	12	2.625	5855.1094	11.1094	11.1094	 1.28	 0.05	204.14	 1.72	 4.87	 0.99	10.90	 1.19	320.41	285.39	293.40	269.31	292.23	0	53.86
2011	1	12	15.522	5855.6470	11.6468	11.6468	 1.03	 0.05	200.78	 2.71	19.97	 0.90	10.73	 1.05	317.99	292.40	303.19	281.71	298.74	0	56.34
2011	1	12	16.020	5855.6675	11.6675	11.6675	 1.12	 0.07	203.94	 3.13	 8.34	 0.99	10.77	 1.07	321.42	294.19	304.42	282.01	300.79	0	56.40
2011	1	12	16.458	5855.6855	11.6857	11.6857	 1.45	 0.09	201.17	 2.40	16.77	 0.96	10.75	 1.13	320.93	295.41	303.15	280.52	301.86	0	56.10
2011	1	12	17.769	5855.7402	11.7404	11.7404	 1.37	 0.09	209.69	 2.73	 4.60	 1.00	10.72	 1.16	321.64	297.77	307.29	281.48	306.91	0	56.30
2011	1	12	19.548	5855.8145	11.8145	11.8145	 1.31	 0.09	204.03	 3.05	14.85	 0.99	10.82	 1.14	324.82	298.10	309.86	282.32	305.70	0	56.46
2011	1	12	19.990	5855.8330	11.8329	11.8329	 2.11	 0.17	207.27	 1.87	10.88	 0.98	10.78	 1.26	324.77	297.80	310.62	 0.00	307.54	0	54.00
2011	1	12	20.893	5855.8706	11.8705	11.8705	 1.95	 0.21	205.46	 2.87	 6.93	 1.00	10.83	 1.14	324.71	296.69	308.09	282.02	 0.00	0	56.40
2011	1	12	22.215	5855.9258	11.9256	11.9256	 3.00	 0.43	208.46	 1.81	11.03	 0.98	10.77	 1.22	324.64	294.24	306.33	274.95	300.82	0	54.99
2011	1	13	0.007	5856.0005	12.0003	12.0003	 1.24	 0.07	200.84	 2.60	 1.22	 1.00	10.73	 1.08	324.19	288.27	298.24	265.04	 0.00	0	53.01
2011	1	13	0.452	5856.0190	12.0189	12.0189	 0.97	 0.07	188.15	 3.68	 4.88	 1.00	11.02	 0.96	324.24	287.26	294.54	264.96	295.50	0	52.99
2011	1	13	0.921	5856.0386	12.0384	12.0384	 0.91	 0.05	187.50	 3.13	 5.25	 1.00	10.83	 1.15	320.97	286.16	292.74	264.76	293.73	0	52.95
2011	1	13	3.590	5856.1494	12.1496	12.1496	 0.50	 0.05	164.38	 7.31	11.77	 0.97	10.95	 1.15	319.85	278.31	285.52	 0.00	283.83	0	54.00
2011	1	13	4.030	5856.1680	12.1679	12.1679	 0.51	 0.04	163.15	 6.08	 5.26	 0.99	10.72	 1.21	321.75	278.59	284.41	264.39	 0.00	0	52.88
2011	1	13	4.917	5856.2051	12.2049	12.2049	 0.54	 0.05	158.45	 6.52	 1.46	 1.00	10.72	 1.25	321.71	279.11	286.36	 0.00	287.51	0	54.00
2011	1	13	5.826	5856.2427	12.2428	12.2428	 0.51	 0.04	155.22	 6.08	 2.55	 1.00	10.88	 1.26	321.88	279.50	285.35	 0.00	287.94	0	54.00
2011	1	13	8.065	5856.3359	12.3360	12.3360	 0.34	 0.06	160.42	16.60	 9.72	 0.99	10.80	 1.19	321.72	279.91	286.04	 0.00	 0.00	0	54.00
2011	1	13	8.511	5856.3545	12.3546	12.3546	 0.52	 0.05	145.06	 6.08	 8.66	 0.98	10.97	 1.28	321.75	279.95	286.70	264.31	286.91	0	52.86
2011	1	13	8.953	5856.3730	12.3730	12.3730	 0.55	 0.04	146.33	 5.20	 3.22	 1.00	10.82	 1.30	321.72	279.85	287.86	264.38	286.83	0	52.88
2011	1	13	9.399	5856.3916	12.3916	12.3916	 0.39	 0.05	157.63	10.81	 5.92	 0.99	10.83	 1.20	321.60	279.66	286.40	264.52	 0.00	0	52.90
2011	1	13	9.868	5856.4111	12.4112	12.4112	 0.51	 0.04	154.96	 6.42	 6.46	 0.99	10.80	 1.24	321.62	279.38	288.35	263.73	285.04	0	52.75
2011	1	13	10.312	5856.4297	12.4297	12.4297	 0.49	 0.05	149.30	 6.81	 0.30	 1.00	10.85	 1.26	321.61	279.52	287.49	 0.00	287.58	0	54.00
2011	1	13	10.757	5856.4482	12.4482	12.4482	 0.23	 0.04	180.25	23.00	48.93	 0.36	10.85	 1.13	321.72	279.98	284.44	264.45	285.04	0	52.89
2011	1	13	11.203	5856.4668	12.4668	12.4668	 0.37	 0.05	159.48	11.69	 3.24	 1.00	10.77	 1.23	321.81	280.84	286.34	266.78	287.52	0	53.36
2011	1	13	11.648	5856.4854	12.4853	12.4853	 0.39	 0.06	173.35	13.81	 9.20	 0.99	10.97	 1.18	321.86	281.96	288.59	270.32	288.79	0	54.06
2011	1	13	15.222	5856.6343	12.6343	12.6343	 1.58	 0.09	203.42	 1.95	 4.69	 1.00	10.75	 1.26	323.38	295.30	304.15	281.62	300.71	0	56.32
2011	1	13	15.661	5856.6523	12.6526	12.6526	 1.55	 0.08	200.20	 1.71	 7.80	 0.98	10.77	 1.20	322.50	296.40	306.93	279.32	303.97	0	55.86
2011	1	13	17.033	5856.7095	12.7097	12.7097	 0.87	 0.10	174.17	 5.98	132.80	 0.69	10.75	 0.95	323.53	298.68	308.90	281.37	303.85	0	56.27
2011	1	13	19.247	5856.8018	12.8020	12.8020	 1.66	 0.22	188.50	 4.09	27.20	 0.99	10.75	 1.09	321.90	297.97	308.04	278.41	305.57	0	55.68
2011	1	13	20.136	5856.8389	12.8390	12.8390	 1.44	 0.17	191.01	 4.11	34.37	 0.98	10.77	 1.03	322.51	296.60	307.33	277.48	306.13	0	55.50
2011	1	13	21.044	5856.8770	12.8768	12.8768	 1.04	 0.13	191.43	 6.51	32.32	 0.99	10.78	 0.85	323.64	294.88	305.54	276.49	302.67	0	55.30
2011	1	13	23.284	5856.9702	12.9702	12.9702	 1.79	 0.11	196.83	 1.81	 9.31	 0.98	11.02	 1.06	324.43	289.36	296.64	 0.00	 0.00	0	54.00
2011	1	13	23.729	5856.9888	12.9887	12.9887	 1.45	 0.10	201.89	 2.48	10.53	 0.99	10.82	 1.13	324.33	288.40	296.00	264.91	296.58	0	52.98
2011	1	14	0.618	5857.0259	13.0257	13.0257	 1.48	 0.06	205.15	 1.55	14.89	 0.85	10.90	 1.24	324.16	286.83	295.44	264.80	293.43	0	52.96
2011	1	14	1.061	5857.0444	13.0442	13.0442	 1.31	 0.07	202.36	 2.36	 8.69	 0.99	10.85	 1.23	324.03	286.19	295.05	264.98	291.39	0	53.00
2011	1	14	1.528	5857.0635	13.0637	13.0637	 1.20	 0.05	203.82	 2.08	 4.74	 0.99	10.78	 1.21	323.83	285.54	294.01	 0.00	290.87	0	54.00
2011	1	14	1.972	5857.0820	13.0822	13.0822	 1.08	 0.06	195.32	 2.96	 1.97	 1.00	10.82	 1.12	323.57	285.17	290.48	269.38	 0.00	0	53.88
2011	1	14	2.424	5857.1011	13.1010	13.1010	 1.25	 0.06	202.27	 2.12	 2.40	 1.00	10.93	 1.26	323.63	284.93	292.71	 0.00	290.39	0	54.00
2011	1	14	2.869	5857.1196	13.1195	13.1195	 1.04	 0.04	201.63	 2.13	 2.99	 1.00	10.83	 1.10	323.44	284.64	289.63	268.26	 0.00	0	53.65
2011	1	14	3.316	5857.1382	13.1382	13.1382	 1.24	 0.06	206.13	 2.21	 4.54	 1.00	10.87	 1.15	323.43	284.36	293.36	267.65	291.19	0	53.53
2011	1	14	3.784	5857.1577	13.1577	13.1577	 1.52	 0.06	207.89	 1.47	 0.64	 1.00	11.10	 1.17	323.47	284.18	292.76	 0.00	290.96	0	54.00
2011	1	14	4.230	5857.1763	13.1763	13.1763	 1.59	 0.09	203.80	 1.99	 3.94	 1.00	10.72	 1.16	323.26	283.93	292.20	268.85	289.43	0	53.77
2011	1	14	4.672	5857.1948	13.1947	13.1947	 1.21	 0.05	203.21	 1.91	 6.11	 0.98	10.85	 1.08	323.28	283.70	289.68	268.69	289.33	0	53.74
2011	1	14	5.117	5857.2134	13.2132	13.2132	 1.33	 0.08	203.25	 2.39	 4.60	 1.00	10.72	 1.14	323.33	283.43	288.84	 0.00	292.03	0	54.00
2011	1	14	5.565	5857.2319	13.2319	13.2319	 1.48	 0.06	205.39	 1.54	 0.56	 1.00	10.77	 1.26	323.70	283.39	289.95	268.45	289.13	0	53.69
2011	1	14	6.478	5857.2700	13.2699	13.2699	 1.33	 0.04	207.37	 1.40	 2.69	 0.99	10.75	 1.24	323.51	283.12	292.46	267.61	288.82	0	53.52
2011	1	14	6.925	5857.2886	13.2885	13.2885	 1.15	 0.05	201.57	 2.04	 2.42	 1.00	10.82	 1.17	323.56	282.94	290.78	267.04	289.90	0	53.41
2011	1	14	7.366	5857.3071	13.3069	13.3069	 1.13	 0.06	203.53	 2.74	 4.14	 1.00	10.87	 1.23	323.51	282.84	289.36	 0.00	291.01	0	54.00
2011	1	14	8.719	5857.3633	13.3633	13.3633	 1.34	 0.07	206.52	 2.05	 2.51	 1.00	10.78	 1.25	322.48	282.38	289.53	264.51	289.05	0	52.90
2011	1	14	10.048	5857.4185	13.4187	13.4187	 1.25	 0.06	202.65	 2.01	 4.43	 0.99	10.75	 1.20	322.18	281.80	287.02	 0.00	288.11	0	54.00
2011	1	14	10.514	5857.4380	13.4381	13.4381	 1.28	 0.06	202.16	 2.00	 4.95	 0.99	10.75	 1.21	322.07	282.27	287.49	267.76	290.19	0	53.55
2011	1	14	11.403	5857.4751	13.4751	13.4751	 1.19	 0.06	195.21	 2.25	 7.05	 0.99	10.82	 1.14	322.22	284.12	289.00	272.78	290.66	0	54.56
2011	1	14	11.848	5857.4937	13.4937	13.4937	 1.27	 0.06	202.02	 2.04	 3.67	 1.00	10.72	 1.17	322.19	285.28	291.26	274.58	292.20	0	54.92
2011	1	14	13.196	5857.5498	13.5498	13.5498	 1.58	 0.09	206.92	 1.95	 4.87	 1.00	10.73	 1.24	322.99	289.81	298.98	278.31	297.84	0	55.66
2011	1	14	18.541	5857.7725	13.7725	13.7725	 1.62	 0.11	206.63	 2.35	16.18	 0.97	10.73	 1.17	319.77	299.01	310.16	283.11	305.80	0	56.62
2011	1	14	20.322	5857.8467	13.8468	13.8468	 1.23	 0.13	199.96	 4.51	19.88	 1.00	10.73	 1.04	320.09	297.47	312.46	283.32	305.65	0	56.66
2011	1	14	22.109	5857.9214	13.9212	13.9212	 2.38	 0.16	210.70	 1.38	 4.60	 0.99	10.80	 1.26	322.50	294.27	307.76	278.96	302.70	0	55.79
2011	1	14	22.991	5857.9580	13.9580	13.9580	 2.26	 0.75	189.30	 6.52	77.37	 1.00	10.82	 0.85	323.79	291.85	306.27	 0.00	298.38	0	54.00
2011	1	15	0.342	5858.0142	14.0142	14.0142	 1.22	 0.05	197.56	 1.85	 9.66	 0.94	10.77	 1.25	324.13	288.23	298.13	265.00	296.82	0	53.00
2011	1	15	0.786	5858.0327	14.0328	14.0328	 0.83	 0.04	189.59	 3.17	 1.04	 1.00	10.88	 1.21	324.10	287.12	297.23	264.98	292.73	0	53.00
2011	1	15	1.230	5858.0513	14.0513	14.0513	 0.64	 0.03	192.09	 4.11	 2.13	 1.00	10.78	 1.14	324.14	286.37	294.77	 0.00	294.75	0	54.00
2011	1	15	1.676	5858.0698	14.0698	14.0698	 0.59	 0.04	188.22	 4.97	 9.62	 0.97	10.83	 1.07	324.07	285.88	292.77	269.06	291.45	0	53.81
2011	1	15	2.591	5858.1079	14.1079	14.1079	 0.92	 0.05	186.97	 2.86	 1.76	 1.00	10.75	 1.24	323.99	285.11	293.80	269.79	292.25	0	53.96
2011	1	15	3.483	5858.1450	14.1451	14.1451	 0.61	 0.04	188.34	 5.36	 5.80	 0.99	10.73	 1.16	323.92	284.51	293.31	 0.00	290.40	0	54.00
2011	1	15	5.282	5858.2202	14.2201	14.2201	 0.84	 0.04	183.54	 2.57	 1.74	 1.00	10.83	 1.29	323.55	282.96	293.16	269.19	 0.00	0	53.84
2011	1	15	5.726	5858.2388	14.2386	14.2386	 0.79	 0.05	179.18	 3.58	 0.87	 1.00	10.80	 1.28	323.48	282.77	292.65	269.13	 0.00	0	53.83
2011	1	15	6.174	5858.2573	14.2572	14.2572	 0.71	 0.03	180.85	 2.36	 5.82	 0.92	10.83	 1.29	323.40	282.45	293.12	 0.00	289.06	0	54.00
2011	1	15	6.648	5858.2769	14.2770	14.2770	 0.68	 0.04	177.45	 3.72	 3.35	 1.00	11.03	 1.25	323.34	282.34	291.78	268.76	288.82	0	53.75
2011	1	15	7.535	5858.3140	14.3140	14.3140	 0.54	 0.05	176.72	 7.88	 7.08	 1.00	10.75	 1.16	323.29	281.97	289.15	 0.00	288.47	0	54.00
2011	1	15	8.423	5858.3511	14.3510	14.3510	 0.50	 0.04	179.62	 6.11	 6.30	 0.99	10.75	 1.15	323.14	281.65	291.08	267.80	 0.00	0	53.56
2011	1	15	8.889	5858.3706	14.3704	14.3704	 0.62	 0.04	176.14	 4.63	 7.36	 0.98	10.82	 1.21	323.30	281.46	290.47	267.98	289.28	0	53.60
2011	1	15	9.334	5858.3887	14.3889	14.3889	 0.68	 0.05	188.00	 4.99	 5.87	 1.00	10.82	 1.17	323.05	281.40	289.97	267.94	289.16	0	53.59
2011	1	15	9.778	5858.4072	14.4074	14.4074	 0.79	 0.05	185.30	 3.62	 3.24	 1.00	10.75	 1.28	323.20	281.51	290.65	 0.00	289.11	0	54.00
2011	1	15	11.132	5858.4639	14.4638	14.4638	 0.72	 0.04	182.33	 4.06	 3.44	 1.00	10.87	 1.19	323.54	283.52	290.75	270.45	288.90	0	54.09
2011	1	15	12.014	5858.5005	14.5006	14.5006	 0.79	 0.08	189.34	 6.57	 5.88	 1.00	10.83	 1.22	323.54	285.67	291.62	272.79	295.02	0	54.56
2011	1	15	12.894	5858.5371	14.5373	14.5373	 0.71	 0.05	190.37	 5.00	 3.74	 1.00	10.73	 1.12	323.72	288.17	296.83	274.10	295.97	0	54.82
2011	1	15	13.358	5858.5566	14.5566	14.5566	 0.75	 0.04	191.75	 3.96	 2.07	 1.00	10.73	 1.09	323.89	289.68	297.37	275.18	297.74	0	55.04
2011	1	15	14.673	5858.6113	14.6114	14.6114	 1.41	 0.11	199.53	 3.03	 4.89	 1.00	10.75	 1.30	324.46	294.47	303.57	278.68	305.09	0	55.74
2011	1	15	15.112	5858.6299	14.6297	14.6297	 0.75	 0.05	201.20	 4.84	 2.60	 1.00	10.73	 0.91	324.01	295.87	304.52	279.41	303.86	0	55.88
2011	1	15	19.131	5858.7974	14.7971	14.7971	 1.85	 0.23	204.89	 3.49	 9.71	 1.00	10.78	 0.95	320.34	298.29	310.88	282.37	307.56	0	56.47
2011	1	15	20.474	5858.8530	14.8531	14.8531	 2.04	 0.34	197.39	 3.98	25.48	 1.00	10.75	 0.90	320.76	296.81	308.95	278.44	304.83	0	55.69
2011	1	15	22.264	5858.9277	14.9277	14.9277	 2.24	 0.31	191.21	 2.72	24.69	 0.98	10.87	 0.94	322.42	292.74	300.32	274.82	302.37	0	54.96
2011	1	16	0.951	5859.0396	15.0396	15.0396	 1.68	 0.08	211.24	 1.62	 2.73	 1.00	10.82	 1.18	324.20	286.67	296.21	 0.00	 0.00	0	54.00
2011	1	16	1.396	5859.0581	15.0582	15.0582	 1.94	 0.12	206.86	 1.73	 6.08	 0.99	10.75	 1.19	324.26	286.33	295.21	 0.00	294.84	0	54.00
2011	1	16	2.753	5859.1147	15.1147	15.1147	 1.45	 0.07	206.80	 1.90	 1.43	 1.00	10.80	 1.13	321.05	285.44	292.21	 0.00	292.10	0	54.00
2011	1	16	14.336	5859.5972	15.5973	15.5973	 1.19	 0.08	201.97	 3.15	 1.45	 1.00	10.77	 1.15	320.67	285.35	291.80	277.15	292.02	0	55.43
2011	1	16	14.774	5859.6157	15.6156	15.6156	 1.32	 0.07	206.23	 2.26	 3.46	 1.00	10.73	 1.18	321.31	288.15	295.67	279.31	298.20	0	55.86
2011	1	16	15.213	5859.6338	15.6339	15.6339	 1.38	 0.08	204.63	 2.29	 4.07	 1.00	10.73	 1.21	320.32	290.64	296.49	280.51	297.72	0	56.10
2011	1	16	16.112	5859.6714	15.6713	15.6713	 1.38	 0.07	199.68	 2.01	 3.83	 1.00	10.80	 1.03	322.52	294.70	301.99	282.28	300.67	0	56.46
2011	1	16	17.427	5859.7261	15.7261	15.7261	 1.72	 0.09	202.90	 1.70	 6.88	 0.99	10.72	 1.04	321.63	298.27	307.59	283.15	304.01	0	56.63
2011	1	16	18.800	5859.7832	15.7833	15.7833	 1.67	 0.12	210.56	 2.31	11.67	 0.99	10.77	 1.20	315.11	298.92	308.17	285.70	304.46	0	57.14
2011	1	16	23.237	5859.9683	15.9682	15.9682	 1.32	 0.08	200.49	 2.38	 7.04	 0.99	10.75	 1.02	323.71	285.67	291.92	268.15	 0.00	0	53.63
2011	1	17	1.028	5860.0430	16.0428	16.0428	 1.09	 0.05	200.84	 2.31	 5.17	 0.99	10.82	 1.19	324.42	284.66	291.09	269.20	 0.00	0	53.84
2011	1	17	1.470	5860.0610	16.0612	16.0612	 0.96	 0.05	198.20	 3.13	 0.69	 1.00	10.77	 1.17	324.17	284.56	291.04	269.19	293.18	0	53.84
2011	1	17	3.270	5860.1362	16.1363	16.1363	 0.97	 0.04	192.14	 2.17	 4.82	 0.98	10.82	 1.25	324.46	284.32	292.28	269.16	292.84	0	53.83
2011	1	17	4.155	5860.1733	16.1731	16.1731	 0.76	 0.05	185.13	 4.07	 5.33	 1.00	10.88	 1.18	324.40	284.21	290.00	269.06	289.70	0	53.81
2011	1	17	5.041	5860.2100	16.2101	16.2101	 0.75	 0.04	188.78	 3.43	 7.03	 0.98	10.75	 1.23	324.27	284.06	292.96	268.90	 0.00	0	53.78
2011	1	17	5.509	5860.2295	16.2295	16.2295	 0.76	 0.04	182.93	 3.45	 6.24	 0.99	10.92	 1.21	324.46	283.94	291.06	268.56	290.88	0	53.71
2011	1	17	5.951	5860.2480	16.2479	16.2479	 0.76	 0.04	179.54	 3.46	 3.78	 1.00	10.87	 1.28	324.46	283.79	290.29	268.27	290.72	0	53.65
2011	1	17	9.081	5860.3784	16.3784	16.3784	 0.58	 0.04	157.99	 4.20	 1.34	 1.00	10.87	 1.20	323.02	282.31	289.10	 0.00	 0.00	0	54.00
2011	1	17	9.524	5860.3970	16.3968	16.3968	 0.43	 0.03	169.83	 6.89	 9.38	 0.94	10.78	 1.15	322.55	282.16	287.61	267.02	289.07	0	53.40
2011	1	17	10.433	5860.4346	16.4347	16.4347	 0.37	 0.03	180.38	 8.24	 8.39	 0.93	10.80	 1.16	323.59	282.26	287.38	 0.00	287.67	0	54.00
2011	1	17	10.876	5860.4531	16.4531	16.4531	 0.49	 0.04	172.69	 6.18	 3.92	 0.99	10.73	 1.22	323.48	282.89	291.04	269.24	 0.00	0	53.85
2011	1	17	11.319	5860.4717	16.4716	16.4716	 0.41	 0.05	182.08	12.55	 7.73	 1.00	10.72	 1.14	323.57	283.68	291.05	 0.00	292.22	0	54.00
2011	1	17	12.224	5860.5093	16.5093	16.5093	 0.48	 0.17	238.69	40.65	1215.93	 0.66	10.77	 1.30	323.73	285.98	293.55	272.97	293.37	0	54.59
2011	1	17	13.542	5860.5645	16.5643	16.5643	 0.70	 0.04	175.22	 3.28	13.15	 0.88	10.75	 1.23	323.23	290.38	300.15	277.19	298.65	0	55.44
2011	1	17	13.981	5860.5825	16.5825	16.5825	 0.50	 0.04	197.70	 7.89	12.30	 0.98	10.77	 1.17	323.64	292.01	300.62	277.75	300.34	0	55.55
2011	1	17	17.976	5860.7490	16.7490	16.7490	 1.10	 0.04	200.19	 1.64	 9.87	 0.87	10.77	 1.19	321.30	298.95	310.16	287.68	305.34	0	57.54
2011	1	17	18.914	5860.7881	16.7881	16.7881	 0.97	 0.07	209.30	 4.20	41.72	 0.91	10.82	 1.18	323.01	299.39	311.09	286.74	306.58	0	57.35
2011	1	17	19.355	5860.8066	16.8065	16.8065	 1.37	 0.11	185.22	 2.84	36.05	 0.90	10.77	 1.02	322.36	299.30	309.11	286.51	 0.00	0	57.30
2011	1	17	20.242	5860.8433	16.8434	16.8434	 1.24	 0.11	185.68	 3.52	51.47	 0.88	10.75	 0.97	322.54	298.55	311.76	285.06	306.77	0	57.01
2011	1	17	21.152	5860.8813	16.8813	16.8813	 1.18	 0.08	196.16	 2.91	31.45	 0.89	10.87	 1.00	322.68	297.02	308.14	 0.00	305.64	0	54.00
2011	1	17	22.481	5860.9365	16.9367	16.9367	 1.38	 0.08	199.96	 2.34	16.08	 0.96	10.80	 1.04	322.73	293.72	306.74	272.63	302.30	0	54.53
2011	1	18	1.152	5861.0479	17.0480	17.0480	 0.22	 0.04	240.72	34.45	47.65	 0.69	10.92	 1.01	324.88	285.40	288.02	267.82	290.95	0	53.56
2011	1	18	1.622	5861.0674	17.0676	17.0676	 0.58	 0.04	166.86	 4.68	 3.24	 1.00	10.82	 1.15	324.99	284.79	292.15	267.12	 0.00	0	53.42
2011	1	18	2.065	5861.0859	17.0860	17.0860	 0.68	 0.05	162.01	 4.69	 5.88	 0.99	10.92	 1.29	324.98	284.34	292.60	 0.00	291.20	0	54.00
2011	1	18	2.957	5861.1230	17.1232	17.1232	 0.46	 0.05	171.67	 8.64	 7.86	 0.99	10.90	 1.16	323.64	283.48	291.47	 0.00	 0.00	0	54.00
2011	1	18	3.402	5861.1416	17.1418	17.1418	 0.61	 0.04	164.79	 4.81	 2.79	 1.00	10.87	 1.29	323.06	282.87	291.87	 0.00	290.96	0	54.00
2011	1	18	3.870	5861.1611	17.1613	17.1613	 0.43	 0.04	177.10	 8.92	 3.65	 1.00	10.77	 1.15	324.49	282.35	289.88	266.64	290.63	0	53.33
2011	1	18	6.106	5861.2544	17.2544	17.2544	 1.11	 0.07	191.75	 2.95	15.24	 0.97	10.83	 1.15	323.89	281.04	286.37	265.94	287.02	0	53.19
2011	1	18	6.549	5861.2729	17.2729	17.2729	 1.05	 0.04	197.54	 2.10	 0.77	 1.00	10.87	 1.16	324.04	281.17	286.88	265.94	 0.00	0	53.19
2011	1	18	6.992	5861.2915	17.2913	17.2913	 0.88	 0.04	191.67	 2.61	 2.88	 1.00	11.02	 1.08	324.10	281.31	285.35	265.11	289.66	0	53.02
2011	1	18	8.354	5861.3481	17.3481	17.3481	 1.05	 0.06	191.31	 2.84	 4.62	 1.00	10.80	 1.07	324.91	281.46	283.61	 0.00	288.05	0	54.00
2011	1	18	8.800	5861.3667	17.3667	17.3667	 1.16	 0.06	201.22	 2.49	 0.56	 1.00	10.78	 1.21	324.85	281.46	286.28	264.46	288.04	0	52.89
2011	1	18	10.130	5861.4219	17.4221	17.4221	 0.99	 0.05	196.25	 2.56	 2.77	 1.00	10.83	 1.15	324.41	281.38	286.21	 0.00	289.14	0	54.00
2011	1	18	10.594	5861.4414	17.4414	17.4414	 1.07	 0.05	190.99	 2.24	 7.02	 0.98	10.78	 1.25	321.02	281.77	285.80	265.32	287.69	0	53.06
2011	1	18	17.687	5861.7368	17.7370	17.7370	 1.24	 0.07	199.46	 2.42	38.37	 0.74	10.70	 1.29	324.25	295.36	305.24	282.37	301.63	0	56.47
2011	1	18	18.566	5861.7734	17.7736	17.7736	 1.51	 0.08	211.60	 2.10	 4.03	 1.00	10.73	 1.28	324.53	296.86	306.83	280.41	301.80	0	56.08
2011	1	19	0.793	5862.0332	18.0330	18.0330	 2.10	 0.11	211.80	 1.24	 2.63	 1.00	10.88	 1.18	325.12	286.54	294.93	 0.00	295.01	0	54.00
2011	1	19	1.238	5862.0518	18.0516	18.0516	 1.93	 0.09	208.96	 1.21	 2.14	 1.00	10.82	 1.13	325.14	286.24	294.75	 0.00	294.80	0	54.00
2011	1	19	1.679	5862.0698	18.0700	18.0700	 1.97	 0.14	210.98	 1.85	 3.15	 1.00	10.80	 1.14	325.12	286.01	293.86	 0.00	292.98	0	54.00
2011	1	19	2.122	5862.0884	18.0884	18.0884	 1.85	 0.11	210.79	 1.69	 2.50	 1.00	10.87	 1.16	325.15	285.82	292.77	269.23	292.81	0	53.85
2011	1	19	3.923	5862.1636	18.1635	18.1635	 1.96	 0.12	208.85	 1.60	 4.14	 1.00	10.87	 1.18	325.16	285.17	291.88	 0.00	293.73	0	54.00
2011	1	19	4.367	5862.1821	18.1820	18.1820	 1.62	 0.08	210.27	 1.76	 2.28	 1.00	10.73	 1.15	325.16	285.07	291.93	269.17	293.48	0	53.83
2011	1	19	4.833	5862.2012	18.2014	18.2014	 1.72	 0.11	210.35	 2.01	 2.09	 1.00	10.87	 1.14	325.20	285.00	292.75	269.29	291.95	0	53.86
2011	1	19	5.277	5862.2197	18.2199	18.2199	 1.79	 0.11	211.86	 1.88	 1.66	 1.00	11.02	 1.20	325.29	284.92	294.40	269.19	293.29	0	53.84
2011	1	19	5.721	5862.2383	18.2384	18.2384	 1.59	 0.08	203.86	 1.66	 2.13	 1.00	10.77	 1.11	325.16	284.76	290.74	268.94	293.14	0	53.79
2011	1	19	6.168	5862.2568	18.2570	18.2570	 1.74	 0.10	206.46	 1.73	 3.24	 1.00	10.83	 1.18	325.25	284.68	292.47	267.95	291.58	0	53.59
2011	1	19	6.615	5862.2754	18.2756	18.2756	 1.63	 0.08	209.35	 1.65	 1.99	 1.00	10.80	 1.28	325.13	284.51	292.85	267.91	 0.00	0	53.58
2011	1	19	7.527	5862.3135	18.3136	18.3136	 1.59	 0.11	210.32	 2.37	 3.87	 1.00	10.77	 1.26	325.17	284.07	293.75	266.99	 0.00	0	53.40
2011	1	19	8.421	5862.3511	18.3509	18.3509	 1.22	 0.05	204.26	 1.81	 5.50	 0.98	10.83	 1.21	325.01	283.74	292.40	267.55	291.62	0	53.51
2011	1	19	8.862	5862.3691	18.3693	18.3693	 1.20	 0.06	202.86	 2.23	 2.20	 1.00	10.80	 1.18	325.00	283.62	289.60	 0.00	291.41	0	54.00
2011	1	19	9.331	5862.3887	18.3888	18.3888	 1.38	 0.07	203.18	 1.94	 4.88	 0.99	10.80	 1.14	325.05	283.46	289.68	267.40	290.04	0	53.48
2011	1	19	10.666	5862.4443	18.4444	18.4444	 1.05	 0.04	196.98	 2.20	 4.35	 0.99	10.75	 1.13	325.07	283.79	291.16	 0.00	290.25	0	54.00
2011	1	19	11.578	5862.4824	18.4824	18.4824	 1.07	 0.05	197.72	 2.42	 2.08	 1.00	10.82	 1.17	325.23	285.60	290.92	 0.00	294.25	0	54.00
2011	1	19	12.457	5862.5190	18.5190	18.5190	 0.96	 0.05	200.71	 3.05	 2.80	 1.00	10.73	 1.14	325.34	288.43	293.57	277.58	295.90	0	55.52
2011	1	19	12.896	5862.5371	18.5373	18.5373	 1.13	 0.05	201.25	 2.23	 1.81	 1.00	10.75	 1.17	325.48	289.98	296.64	279.68	297.39	0	55.94
2011	1	19	13.797	5862.5747	18.5749	18.5749	 1.27	 0.08	193.76	 2.51	33.72	 0.83	10.77	 1.06	323.34	293.40	299.07	279.96	300.75	0	55.99
2011	1	19	16.448	5862.6855	18.6853	18.6853	 1.39	 0.06	208.35	 1.84	10.41	 0.96	10.73	 1.23	324.49	298.81	308.99	285.58	304.31	0	57.12
2011	1	19	16.886	5862.7036	18.7036	18.7036	 1.28	 0.06	204.05	 2.00	 2.49	 1.00	10.75	 1.10	323.46	299.65	309.15	284.41	306.77	0	56.88
2011	1	19	17.325	5862.7217	18.7219	18.7219	 1.50	 0.09	203.64	 2.30	10.76	 0.99	10.77	 1.06	321.03	300.10	309.92	283.59	307.87	0	56.72
2011	1	19	19.109	5862.7964	18.7962	18.7962	 1.37	 0.07	206.36	 2.13	 9.32	 0.98	10.75	 1.19	322.28	299.62	310.24	280.76	 0.00	0	56.15
2011	1	19	19.552	5862.8145	18.8147	18.8147	 1.29	 0.10	200.47	 3.23	 6.71	 1.00	10.72	 1.07	322.50	299.04	311.81	 0.00	306.55	0	54.00
2011	1	19	19.991	5862.8330	18.8330	18.8330	 1.28	 0.10	196.77	 3.32	13.28	 0.99	10.75	 1.12	322.78	298.21	311.11	278.75	307.68	0	55.75
2011	1	19	20.462	5862.8525	18.8526	18.8526	 0.69	 0.08	189.82	 8.06	46.16	 0.96	10.87	 0.75	323.29	297.29	307.56	277.90	 0.00	0	55.58
2011	1	19	21.351	5862.8896	18.8896	18.8896	 1.86	 0.14	207.36	 2.19	 2.95	 1.00	10.75	 1.23	323.65	295.26	307.23	275.26	303.68	0	55.05
2011	1	19	21.798	5862.9082	18.9082	18.9082	 1.66	 0.14	201.15	 2.77	 4.82	 1.00	10.92	 1.08	323.61	294.06	302.61	274.41	301.86	0	54.88
2011	1	19	23.599	5862.9834	18.9833	18.9833	 1.27	 0.08	193.02	 2.49	 0.83	 1.00	10.82	 1.06	323.27	288.44	295.15	 0.00	297.11	0	54.00
2011	1	20	0.489	5863.0205	19.0204	19.0204	 1.18	 0.05	205.62	 1.87	 9.45	 0.94	10.83	 1.29	323.22	287.14	295.76	271.60	 0.00	0	54.32
2011	1	20	0.987	5863.0410	19.0411	19.0411	 1.12	 0.03	205.87	 1.46	 6.12	 0.92	10.82	 1.26	323.33	286.82	294.52	 0.00	 0.00	0	54.00
2011	1	20	1.432	5863.0596	19.0597	19.0597	 0.98	 0.05	199.56	 2.96	 2.28	 1.00	10.75	 1.15	323.09	286.65	293.16	271.79	292.55	0	54.36
2011	1	20	5.489	5863.2285	19.2287	19.2287	 1.50	 0.06	204.43	 1.58	 1.44	 1.00	10.85	 1.11	323.91	284.53	290.07	267.55	291.60	0	53.51
2011	1	20	5.932	5863.2471	19.2472	19.2472	 1.76	 0.09	207.71	 1.50	 2.89	 1.00	10.85	 1.11	323.00	284.45	291.41	267.55	292.98	0	53.51
2011	1	20	6.377	5863.2656	19.2657	19.2657	 1.85	 0.09	211.32	 1.46	 3.26	 1.00	10.77	 1.27	324.17	284.36	291.91	266.51	291.29	0	53.30
2011	1	20	6.824	5863.2842	19.2843	19.2843	 1.82	 0.11	209.38	 1.79	 7.46	 0.99	10.85	 1.21	324.63	284.38	290.82	267.83	292.66	0	53.57
2011	1	20	7.272	5863.3032	19.3030	19.3030	 1.79	 0.11	208.74	 1.82	 5.65	 0.99	10.83	 1.17	324.67	284.29	292.01	267.91	289.70	0	53.58
2011	1	20	8.188	5863.3413	19.3412	19.3412	 1.69	 0.07	207.08	 1.43	 2.81	 1.00	11.13	 1.18	325.24	284.15	290.24	 0.00	 0.00	0	54.00
2011	1	20	10.895	5863.4541	19.4540	19.4540	 1.29	 0.06	204.93	 1.91	 3.25	 1.00	10.97	 1.19	322.70	284.05	288.38	268.89	 0.00	0	53.78
2011	1	20	11.340	5863.4727	19.4725	19.4725	 1.51	 0.07	203.20	 1.58	 3.15	 1.00	10.92	 1.27	322.79	284.98	289.45	 0.00	293.44	0	54.00
2011	1	20	11.784	5863.4912	19.4910	19.4910	 1.56	 0.09	209.41	 2.03	 3.19	 1.00	10.92	 1.22	322.94	286.18	293.10	276.20	290.98	0	55.24
2011	1	20	12.692	5863.5288	19.5288	19.5288	 2.04	 0.12	208.63	 1.44	13.86	 0.90	10.77	 1.21	323.80	289.30	296.24	279.87	 0.00	0	55.97
2011	1	20	14.008	5863.5835	19.5837	19.5837	 2.16	 0.16	202.91	 1.64	 3.57	 1.00	10.73	 1.02	322.91	294.43	301.64	283.01	300.25	0	56.60
2011	1	20	15.348	5863.6396	19.6395	19.6395	 1.59	 0.10	205.47	 2.13	 4.73	 1.00	10.73	 1.12	322.83	298.75	308.57	282.12	306.24	0	56.42
2011	1	20	16.687	5863.6953	19.6953	19.6953	 1.43	 0.10	202.25	 2.60	37.81	 0.86	10.75	 1.23	319.78	300.41	310.71	282.46	309.93	0	56.49
2011	1	20	17.124	5863.7134	19.7135	19.7135	 0.99	 0.08	192.48	 4.07	14.67	 0.99	10.78	 0.95	319.95	300.56	313.93	281.69	309.90	0	56.34
2011	1	20	18.905	5863.7876	19.7877	19.7877	 2.04	 0.18	209.07	 2.27	10.03	 0.99	10.77	 1.28	320.43	299.83	311.00	279.17	307.11	0	55.83
2011	1	21	0.703	5864.0293	20.0293	20.0293	 0.80	 0.04	194.17	 3.39	 3.84	 1.00	10.78	 1.19	324.13	282.08	286.01	268.76	 0.00	0	53.75
2011	1	21	1.642	5864.0684	20.0684	20.0684	 0.83	 0.04	198.42	 3.44	 2.17	 1.00	10.93	 1.17	324.20	282.80	286.55	 0.00	 0.00	0	54.00
2011	1	21	2.088	5864.0869	20.0870	20.0870	 0.97	 0.06	201.40	 3.26	 1.26	 1.00	10.85	 1.23	324.13	282.93	291.09	268.52	 0.00	0	53.70
2011	1	21	2.537	5864.1055	20.1057	20.1057	 0.95	 0.04	204.01	 2.45	 6.93	 0.98	10.93	 1.20	324.08	283.05	288.56	268.52	288.54	0	53.70
2011	1	21	2.983	5864.1245	20.1243	20.1243	 1.14	 0.05	197.32	 1.93	 0.93	 1.00	11.07	 1.21	324.10	283.07	286.09	 0.00	 0.00	0	54.00
2011	1	21	3.429	5864.1431	20.1429	20.1429	 1.18	 0.05	200.32	 1.95	 6.20	 0.98	10.77	 1.24	324.10	282.95	289.44	264.62	291.36	0	52.92
2011	1	21	6.138	5864.2559	20.2558	20.2558	 1.19	 0.06	205.39	 2.29	 2.50	 1.00	10.82	 1.23	324.14	281.88	288.66	264.45	289.86	0	52.89
2011	1	21	6.581	5864.2744	20.2742	20.2742	 1.28	 0.06	202.41	 1.94	 5.96	 0.99	10.83	 1.22	323.64	281.66	287.34	264.52	286.64	0	52.90
2011	1	21	7.023	5864.2925	20.2926	20.2926	 1.24	 0.09	203.24	 3.43	 2.93	 1.00	10.78	 1.19	323.48	281.50	286.79	264.36	 0.00	0	52.87
2011	1	21	7.465	5864.3110	20.3111	20.3111	 1.10	 0.05	200.34	 2.33	 5.10	 0.99	10.72	 1.14	323.49	281.37	284.69	264.22	289.20	0	52.84
2011	1	21	7.910	5864.3296	20.3296	20.3296	 1.17	 0.06	205.60	 2.36	 6.09	 0.99	10.88	 1.26	323.58	281.32	288.18	264.40	286.27	0	52.88
2011	1	21	8.825	5864.3677	20.3677	20.3677	 1.12	 0.04	202.99	 1.87	 4.02	 0.99	10.88	 1.23	323.81	281.31	288.43	 0.00	287.87	0	54.00
2011	1	21	10.164	5864.4233	20.4235	20.4235	 1.02	 0.05	197.11	 2.47	 6.87	 0.99	10.72	 1.16	323.83	281.38	285.43	 0.00	286.38	0	54.00
2011	1	21	10.631	5864.4429	20.4430	20.4430	 1.15	 0.04	200.83	 1.75	 0.55	 1.00	10.80	 1.28	324.00	281.94	287.72	265.62	286.79	0	53.12
2011	1	21	11.528	5864.4805	20.4803	20.4803	 1.04	 0.05	198.67	 2.72	 4.54	 1.00	10.87	 1.25	324.20	283.82	287.76	 0.00	 0.00	0	54.00
2011	1	21	13.320	5864.5552	20.5550	20.5550	 1.11	 0.06	195.72	 2.69	 3.60	 1.00	10.77	 1.04	324.68	290.16	295.27	 0.00	298.19	0	54.00
2011	1	21	13.758	5864.5732	20.5733	20.5733	 1.18	 0.06	193.09	 2.15	21.34	 0.84	10.75	 1.04	324.24	291.93	296.43	280.01	300.20	0	56.00
2011	1	21	14.196	5864.5913	20.5915	20.5915	 1.42	 0.06	198.95	 1.65	15.49	 0.86	10.73	 1.11	323.70	293.71	301.32	281.47	301.95	0	56.29
2011	1	21	15.100	5864.6294	20.6292	20.6292	 1.32	 0.06	206.30	 1.78	 7.07	 0.97	10.80	 1.17	324.39	296.74	306.01	281.09	304.96	0	56.22
2011	1	21	15.977	5864.6655	20.6657	20.6657	 1.14	 0.06	200.22	 2.35	 6.38	 0.99	10.73	 1.06	325.69	298.86	310.22	280.63	306.83	0	56.13
2011	1	21	23.562	5864.9819	20.9817	20.9817	 0.94	 0.05	184.01	 3.00	18.48	 0.92	10.73	 1.08	325.15	287.85	294.95	265.15	295.93	0	53.03
2011	1	22	0.031	5865.0015	21.0013	21.0013	 0.83	 0.06	180.54	 4.53	10.11	 0.99	10.92	 1.08	324.64	286.36	294.86	265.07	294.43	0	53.01
2011	1	22	2.308	5865.0962	21.0962	21.0962	 0.77	 0.04	183.39	 3.65	 7.08	 0.99	10.92	 1.18	325.51	282.82	291.07	264.45	288.06	0	52.89
2011	1	22	3.199	5865.1333	21.1333	21.1333	 0.70	 0.04	185.22	 3.95	 3.21	 1.00	11.00	 1.16	325.13	282.23	287.49	264.50	288.98	0	52.90
2011	1	22	3.643	5865.1519	21.1518	21.1518	 0.99	 0.05	187.88	 2.66	 2.73	 1.00	10.80	 1.18	325.16	282.07	290.01	264.44	288.73	0	52.89
2011	1	22	4.091	5865.1704	21.1705	21.1705	 1.05	 0.06	194.63	 2.82	11.64	 0.98	10.78	 1.15	325.03	282.05	287.26	264.63	 0.00	0	52.93
2011	1	22	5.448	5865.2271	21.2270	21.2270	 1.34	 0.09	201.34	 2.69	 3.49	 1.00	10.75	 1.19	324.53	281.89	286.58	264.48	289.93	0	52.90
2011	1	22	6.331	5865.2637	21.2638	21.2638	 1.54	 0.07	202.12	 1.59	 4.81	 0.99	10.78	 1.23	324.55	281.62	287.00	264.38	289.56	0	52.88
2011	1	22	8.141	5865.3394	21.3392	21.3392	 0.84	 0.05	193.37	 3.44	 1.87	 1.00	10.98	 1.14	323.94	281.04	285.99	 0.00	285.97	0	54.00
2011	1	22	8.582	5865.3574	21.3576	21.3576	 0.94	 0.05	198.76	 3.03	 0.43	 1.00	10.80	 1.10	324.37	280.72	286.10	264.56	 0.00	0	52.91
2011	1	22	9.055	5865.3774	21.3773	21.3773	 1.15	 0.05	200.69	 2.06	 7.70	 0.97	10.75	 1.12	324.40	280.62	283.17	 0.00	285.46	0	54.00
2011	1	22	9.498	5865.3955	21.3957	21.3957	 1.28	 0.07	202.87	 2.30	 1.70	 1.00	10.80	 1.28	325.40	280.57	286.73	264.48	286.76	0	52.90
2011	1	22	9.947	5865.4146	21.4144	21.4144	 1.27	 0.08	196.98	 2.63	14.67	 0.97	10.93	 1.18	325.14	280.47	284.04	264.41	288.21	0	52.88
2011	1	22	10.391	5865.4331	21.4330	21.4330	 1.33	 0.07	200.56	 2.26	13.42	 0.96	10.85	 1.13	324.89	280.83	282.81	264.34	288.39	0	52.87
2011	1	22	12.198	5865.5083	21.5082	21.5082	 2.14	 0.12	207.85	 1.31	 4.99	 0.98	10.80	 1.29	324.94	284.70	291.13	271.35	291.35	0	54.27
2011	1	22	13.988	5865.5830	21.5828	21.5828	 1.77	 0.13	200.23	 2.19	 6.20	 1.00	10.73	 1.03	325.49	290.43	295.07	276.19	297.95	0	55.24
2011	1	22	14.870	5865.6196	21.6196	21.6196	 2.20	 0.19	205.42	 1.91	 1.24	 1.00	10.78	 1.10	325.45	293.77	301.10	279.61	301.25	0	55.92
2011	1	22	15.310	5865.6377	21.6379	21.6379	 2.69	 0.25	204.73	 1.44	 2.20	 1.00	10.72	 1.06	326.32	295.69	303.18	284.14	305.98	0	56.83
2011	1	22	15.774	5865.6572	21.6572	21.6572	 2.59	 0.26	210.83	 1.71	 2.88	 1.00	10.77	 1.14	326.12	297.80	305.66	286.80	307.94	0	57.36
2011	1	22	16.650	5865.6938	21.6938	21.6938	 2.69	 0.20	205.38	 1.18	 2.39	 1.00	10.73	 1.02	322.24	300.13	310.78	283.76	307.15	0	56.75
2011	1	22	17.990	5865.7495	21.7496	21.7496	 3.09	 0.53	206.76	 2.02	 2.61	 1.00	10.77	 1.09	322.27	300.75	311.32	281.44	310.64	0	56.29
2011	1	22	21.549	5865.8979	21.8979	21.8979	 2.49	 0.31	209.32	 2.29	 2.93	 1.00	10.82	 1.24	324.78	294.59	306.22	274.07	 0.00	0	54.81
2011	1	22	22.468	5865.9360	21.9362	21.9362	 2.26	 0.26	213.06	 2.55	 3.94	 1.00	10.77	 1.30	324.94	292.06	303.35	270.08	301.29	0	54.02
2011	1	22	23.798	5865.9917	21.9916	21.9916	 2.31	 0.19	206.43	 1.70	 2.47	 1.00	10.87	 1.24	325.51	288.11	297.28	 0.00	 0.00	0	54.00
2011	1	23	0.244	5866.0103	22.0102	22.0102	 2.30	 0.14	207.75	 1.23	 6.17	 0.97	10.82	 1.22	325.67	287.18	295.17	265.05	293.93	0	53.01
2011	1	23	1.165	5866.0483	22.0485	22.0485	 2.02	 0.11	206.74	 1.36	 1.97	 1.00	10.83	 1.15	326.36	285.77	291.95	 0.00	292.26	0	54.00
2011	1	23	1.612	5866.0674	22.0672	22.0672	 2.44	 0.21	204.63	 1.60	 3.01	 1.00	10.82	 1.19	326.43	285.31	289.56	 0.00	290.25	0	54.00
2011	1	23	2.501	5866.1040	22.1042	22.1042	 4.19	 1.03	203.42	 1.23	 2.76	 1.00	10.90	 1.10	326.48	284.42	288.42	264.65	 0.00	0	52.93
2011	1	23	2.998	5866.1250	22.1249	22.1249	 3.36	 0.50	205.74	 1.42	 4.28	 1.00	10.87	 1.12	326.69	284.12	289.84	264.62	292.11	0	52.92
2011	1	23	3.885	5866.1616	22.1619	22.1619	 3.34	 0.36	209.83	 1.07	 1.03	 1.00	10.77	 1.24	326.38	284.46	289.89	265.07	 0.00	0	53.01
2011	1	23	4.329	5866.1802	22.1804	22.1804	 3.43	 0.53	205.64	 1.39	 0.65	 1.00	10.88	 1.19	326.27	284.79	288.08	 0.00	289.45	0	54.00
2011	1	23	4.772	5866.1987	22.1988	22.1988	 3.22	 0.41	210.14	 1.38	 1.06	 1.00	10.73	 1.26	326.32	285.05	290.82	266.30	289.70	0	53.26
2011	1	23	6.126	5866.2554	22.2553	22.2553	 3.98	 0.77	204.37	 1.14	 2.27	 1.00	10.80	 1.17	326.36	285.59	289.43	266.36	 0.00	0	53.27
2011	1	23	10.168	5866.4238	22.4237	22.4237	 3.15	 0.53	204.44	 1.84	 3.70	 1.00	10.98	 1.14	326.27	284.61	290.55	265.08	290.63	0	53.02
2011	1	23	11.056	5866.4604	22.4607	22.4607	 2.69	 0.30	192.34	 1.64	 5.42	 0.99	10.78	 0.95	326.34	284.89	282.94	 0.00	289.17	0	54.00
2011	1	23	11.962	5866.4985	22.4984	22.4984	 3.94	 0.91	206.98	 1.41	 1.76	 1.00	10.78	 1.18	326.61	285.86	290.19	267.17	290.12	0	53.43
2011	1	23	12.407	5866.5171	22.5170	22.5170	 3.63	 0.55	210.54	 1.19	 0.76	 1.00	10.73	 1.27	326.49	286.14	292.57	267.80	294.08	0	53.56
2011	1	23	12.849	5866.5352	22.5354	22.5354	 3.98	 0.87	205.47	 1.29	 0.92	 1.00	10.77	 1.20	326.54	286.49	291.18	268.83	294.44	0	53.77
2011	1	23	13.293	5866.5537	22.5539	22.5539	 4.29	 1.09	208.85	 1.21	 2.94	 1.00	10.90	 1.22	326.67	287.02	293.88	269.28	 0.00	0	53.86
2011	1	23	13.738	5866.5723	22.5724	22.5724	 4.42	 1.43	208.71	 1.37	 5.24	 0.99	10.83	 1.25	326.55	287.31	293.68	 0.00	293.86	0	54.00
2011	1	23	15.100	5866.6294	22.6292	22.6292	18.41	1749799.76	207.58	 1.39	 2.10	 1.00	10.75	 1.19	326.67	288.93	294.94	271.75	297.74	0	54.35
2011	1	23	15.543	5866.6475	22.6476	22.6476	 3.56	 0.57	213.86	 1.35	 1.23	 1.00	10.77	 1.27	326.93	289.95	297.24	274.51	 0.00	0	54.90
2011	1	23	16.445	5866.6851	22.6852	22.6852	 3.89	 1.16	207.30	 1.91	 2.15	 1.00	10.85	 1.06	326.99	293.22	300.00	280.31	297.53	0	56.06
2011	1	23	16.888	5866.7036	22.7037	22.7037	 3.72	 0.47	209.64	 0.92	 4.58	 0.96	10.80	 1.14	327.03	294.64	301.16	283.34	304.42	0	56.67
2011	1	23	17.328	5866.7222	22.7220	22.7220	 4.21	 1.26	209.49	 1.50	 5.56	 0.99	10.73	 1.07	327.01	296.06	304.92	284.35	306.09	0	56.87
2011	1	23	17.768	5866.7402	22.7403	22.7403	 4.19	 1.13	203.76	 1.34	 1.38	 1.00	10.73	 1.01	326.80	296.36	304.74	278.18	 0.00	0	55.64
2011	1	23	18.209	5866.7588	22.7587	22.7587	 3.24	 0.38	212.25	 1.27	10.04	 0.95	10.87	 1.17	326.72	297.09	307.10	280.98	302.14	0	56.20
2011	1	23	18.677	5866.7783	22.7782	22.7782	 3.86	 0.85	210.71	 1.46	 5.37	 0.99	10.77	 1.12	325.50	298.29	307.88	 0.00	305.47	0	54.00
2011	1	23	19.116	5866.7964	22.7965	22.7965	36.49	 1.00	214.88	 0.00	 7.36	 0.00	10.83	 1.19	325.08	297.90	310.69	273.09	308.48	0	54.62
2011	1	23	19.556	5866.8149	22.8148	22.8148	 4.20	 1.25	209.80	 1.51	 4.79	 1.00	10.72	 1.13	325.21	296.95	310.30	272.29	303.14	0	54.46
2011	1	23	20.442	5866.8516	22.8517	22.8517	29.22	72004563994.17	206.70	 1.15	 3.23	 1.00	10.80	 1.13	325.34	295.22	305.04	 0.00	305.25	0	54.00
2011	1	23	20.914	5866.8716	22.8714	22.8714	18.58	1734393.13	204.02	 1.14	 7.51	 0.97	10.88	 1.05	325.35	294.53	304.02	270.86	302.58	0	54.17
2011	1	23	21.801	5866.9082	22.9084	22.9084	59.51	 1.00	204.34	 0.00	 7.02	 0.00	10.83	 1.04	325.31	292.82	300.10	269.05	300.83	0	53.81
2011	1	23	23.598	5866.9834	22.9832	22.9832	 6.06	 7.74	206.04	 1.41	 2.04	 1.00	10.73	 1.15	325.48	289.28	297.58	266.59	294.56	0	53.32
2011	1	24	1.846	5867.0771	23.0769	23.0769	 4.68	 1.66	210.43	 1.24	 3.82	 0.99	10.73	 1.18	326.17	287.16	294.11	 0.00	295.22	0	54.00
2011	1	24	3.176	5867.1323	23.1323	23.1323	 3.79	 0.80	211.96	 1.49	 2.84	 1.00	10.82	 1.16	326.07	286.17	293.31	264.72	292.52	0	52.94
2011	1	24	3.674	5867.1533	23.1531	23.1531	 3.73	 0.84	202.80	 1.58	 1.48	 1.00	10.87	 1.01	326.39	286.22	289.68	 0.00	290.99	0	54.00
2011	1	24	4.556	5867.1899	23.1898	23.1898	 3.58	 0.62	211.51	 1.43	 4.98	 0.99	10.73	 1.20	326.23	286.87	291.82	267.13	293.18	0	53.43
2011	1	24	6.354	5867.2646	23.2648	23.2648	 5.55	 4.59	207.78	 1.42	 5.23	 0.99	10.75	 1.20	326.31	285.78	292.15	 0.00	293.46	0	54.00
2011	1	24	6.798	5867.2832	23.2833	23.2833	 4.69	 1.67	210.53	 1.23	 2.41	 1.00	10.73	 1.24	326.38	285.46	291.42	264.66	293.20	0	52.93
2011	1	24	7.241	5867.3018	23.3017	23.3017	 4.08	 0.85	210.74	 1.17	 2.46	 1.00	10.97	 1.22	326.50	285.13	290.66	264.63	291.85	0	52.93
2011	1	24	7.683	5867.3203	23.3201	23.3201	18.49	1835597.02	214.89	 1.39	 4.53	 1.00	10.90	 1.29	326.53	285.22	293.12	264.72	 0.00	0	52.94
2011	1	24	9.471	5867.3945	23.3946	23.3946	32.10	1386372485752.97	211.55	 1.28	 2.91	 1.00	10.77	 1.16	326.54	286.48	293.45	266.79	292.50	0	53.36
2011	1	24	10.378	5867.4326	23.4324	23.4324	 4.27	 1.18	209.99	 1.33	 1.84	 1.00	10.83	 1.18	326.63	286.67	293.21	266.69	294.27	0	53.34
2011	1	24	11.264	5867.4692	23.4693	23.4693	17.38	532937.24	206.18	 1.17	 4.36	 0.99	10.88	 1.19	326.56	286.73	291.08	268.46	292.62	0	53.69
2011	1	24	13.963	5867.5820	23.5818	23.5818	30.23	231095561248.25	207.73	 1.35	 0.64	 1.00	10.82	 1.20	327.16	291.85	297.76	274.03	 0.00	0	54.81
2011	1	24	14.403	5867.6001	23.6001	23.6001	 4.99	 2.38	209.58	 1.29	 2.47	 1.00	10.82	 1.17	327.23	292.16	299.52	 0.00	297.16	0	54.00
2011	1	24	15.757	5867.6567	23.6565	23.6565	 4.34	 1.54	209.31	 1.60	 2.43	 1.00	10.87	 1.08	327.15	293.34	303.14	276.03	300.78	0	55.21
2011	1	24	17.110	5867.7129	23.7129	23.7129	14.12	23706.17	206.36	 1.37	 1.86	 1.00	11.05	 1.06	326.66	293.65	303.88	270.51	301.13	0	54.10
2011	1	24	17.554	5867.7314	23.7314	23.7314	 3.29	 0.38	209.31	 1.18	 1.37	 1.00	10.82	 1.08	326.90	294.36	303.36	278.60	302.82	0	55.72
2011	1	24	18.440	5867.7686	23.7683	23.7683	 3.76	 0.85	206.96	 1.60	 1.97	 1.00	10.87	 1.04	326.99	295.46	304.03	 0.00	305.17	0	54.00
2011	1	24	19.794	5867.8247	23.8248	23.8248	15.55	101004.90	203.40	 1.38	 5.26	 0.99	10.78	 1.03	326.74	293.86	303.40	 0.00	 0.00	0	54.00
2011	1	24	21.126	5867.8804	23.8802	23.8802	 3.83	 0.99	207.81	 1.73	 3.46	 1.00	10.78	 1.13	326.67	292.05	301.41	269.49	299.24	0	53.90
2011	1	24	22.038	5867.9185	23.9182	23.9182	38.07	 1.00	205.32	 0.00	 3.08	 0.00	10.82	 1.11	326.65	290.65	298.47	 0.00	 0.00	0	54.00
2011	1	25	1.161	5868.0483	24.0484	24.0484	 3.79	 0.67	213.20	 1.27	 0.71	 1.00	10.83	 1.19	326.91	287.17	295.42	 0.00	292.03	0	54.00
2011	1	25	1.605	5868.0669	24.0669	24.0669	 7.05	21.33	208.62	 1.46	 0.79	 1.00	10.88	 1.19	326.85	286.71	293.69	 0.00	294.50	0	54.00
2011	1	25	2.074	5868.0864	24.0864	24.0864	 4.42	 1.54	208.08	 1.48	 3.14	 1.00	10.78	 1.14	326.97	286.22	292.25	 0.00	 0.00	0	54.00
2011	1	25	3.399	5868.1416	24.1416	24.1416	 4.24	 1.29	209.96	 1.51	 0.20	 1.00	11.02	 1.22	326.86	285.24	290.34	 0.00	291.28	0	54.00
2011	1	25	3.841	5868.1602	24.1601	24.1601	 4.50	 1.41	212.18	 1.27	 3.35	 1.00	10.77	 1.24	326.83	284.96	291.47	264.70	 0.00	0	52.94
2011	1	25	4.778	5868.1992	24.1991	24.1991	 4.44	 1.53	209.02	 1.44	 2.76	 1.00	10.88	 1.18	326.70	284.41	290.47	 0.00	290.55	0	54.00
2011	1	25	5.219	5868.2173	24.2175	24.2175	 5.18	 2.88	209.60	 1.30	 4.07	 0.99	10.80	 1.17	326.80	284.22	289.12	264.67	288.82	0	52.93
2011	1	25	5.660	5868.2358	24.2358	24.2358	 3.64	 0.59	211.86	 1.28	 0.41	 1.00	10.97	 1.26	326.78	284.09	289.73	264.83	 0.00	0	52.97
2011	1	25	7.005	5868.2920	24.2919	24.2919	 4.37	 1.34	214.19	 1.40	 2.15	 1.00	10.83	 1.28	327.04	283.75	291.40	 0.00	291.08	0	54.00
2011	1	25	7.447	5868.3101	24.3103	24.3103	 6.35	11.20	209.35	 1.55	 5.21	 1.00	10.75	 1.23	326.89	283.66	287.61	264.66	 0.00	0	52.93
2011	1	25	9.234	5868.3848	24.3848	24.3848	 4.15	 0.96	210.38	 1.23	 2.51	 1.00	10.77	 1.24	326.86	283.98	289.78	266.05	288.36	0	53.21
2011	1	25	9.675	5868.4033	24.4031	24.4031	 5.10	 2.77	208.81	 1.35	 3.97	 1.00	10.72	 1.15	326.88	283.99	289.82	265.67	288.41	0	53.13
2011	1	25	10.113	5868.4214	24.4214	24.4214	 4.19	 1.10	211.85	 1.36	 1.12	 1.00	10.72	 1.23	326.96	283.92	290.33	265.21	289.82	0	53.04
2011	1	25	10.555	5868.4399	24.4398	24.4398	 3.50	 0.44	207.83	 1.08	 0.99	 1.00	10.75	 1.18	326.96	283.95	289.45	266.64	291.13	0	53.33
2011	1	25	17.700	5868.7373	24.7375	24.7375	20.80	13728652.60	210.50	 1.01	 1.93	 1.00	10.78	 1.12	327.48	290.65	299.02	270.01	 0.00	0	54.00
2011	1	25	18.143	5868.7559	24.7560	24.7560	 5.70	 3.75	208.66	 0.99	 1.15	 1.00	10.75	 1.14	327.40	290.47	297.89	270.37	 0.00	0	54.07
2011	1	25	19.023	5868.7925	24.7926	24.7926	16.82	334346.76	212.20	 1.33	 5.44	 0.99	10.77	 1.17	327.40	290.07	300.84	269.93	296.72	0	53.99
2011	1	25	19.467	5868.8110	24.8111	24.8111	 3.18	 0.54	208.66	 1.85	 9.99	 0.99	10.80	 1.12	327.42	289.83	296.10	269.63	 0.00	0	53.93
2011	1	25	20.379	5868.8491	24.8491	24.8491	 4.25	 1.58	207.46	 1.80	 9.20	 0.99	10.93	 1.16	327.46	289.47	297.21	 0.00	295.93	0	54.00
2011	1	25	20.823	5868.8677	24.8676	24.8676	 4.83	 2.67	210.42	 1.71	 0.72	 1.00	10.75	 1.19	327.39	289.29	298.58	 0.00	297.26	0	54.00
2011	1	25	22.173	5868.9238	24.9239	24.9239	 4.20	 1.41	206.05	 1.68	 1.53	 1.00	10.83	 1.09	327.45	288.33	295.69	267.15	296.26	0	53.43
2011	1	25	22.618	5868.9424	24.9424	24.9424	 4.63	 1.69	206.64	 1.30	 3.44	 1.00	10.82	 1.12	327.43	287.89	294.79	266.06	295.69	0	53.21
2011	1	25	23.949	5868.9980	24.9979	24.9979	 3.71	 0.48	212.77	 0.98	 1.36	 1.00	10.80	 1.19	327.40	286.75	293.95	265.41	294.34	0	53.08
2011	1	26	0.859	5869.0356	25.0358	25.0358	 4.19	 1.05	212.99	 1.31	 1.16	 1.00	10.80	 1.21	327.38	286.61	293.41	 0.00	292.77	0	54.00
2011	1	26	1.302	5869.0542	25.0542	25.0542	 4.65	 1.56	211.70	 1.21	 0.79	 1.00	10.70	 1.25	327.34	286.63	292.93	 0.00	294.26	0	54.00
2011	1	26	1.742	5869.0728	25.0726	25.0726	 3.80	 0.74	212.36	 1.36	 0.72	 1.00	10.75	 1.23	327.35	286.71	292.72	267.41	294.32	0	53.48
2011	1	26	3.534	5869.1475	25.1472	25.1472	16.13	169970.88	205.79	 1.31	 3.19	 1.00	10.78	 1.11	327.36	286.58	290.82	267.39	292.76	0	53.48
2011	1	26	3.977	5869.1655	25.1657	25.1657	 7.77	50.06	209.14	 1.67	 3.18	 1.00	10.82	 1.11	327.35	286.56	293.02	267.32	292.70	0	53.46
2011	1	26	4.910	5869.2046	25.2046	25.2046	21.75	45535040.27	211.60	 1.31	 1.53	 1.00	10.77	 1.20	327.38	286.17	293.92	266.29	293.82	0	53.26
2011	1	26	5.791	5869.2412	25.2413	25.2413	30.16	237313772301.34	209.22	 1.50	 6.44	 0.99	10.83	 1.12	327.32	285.65	291.68	265.33	293.15	0	53.07
2011	1	26	6.233	5869.2598	25.2597	25.2597	 3.94	 0.82	212.34	 1.31	 1.38	 1.00	10.88	 1.22	327.31	285.41	292.87	264.98	 0.00	0	53.00
2011	1	26	7.576	5869.3159	25.3157	25.3157	 3.78	 0.58	207.64	 1.07	 0.77	 1.00	10.75	 1.16	327.29	285.16	289.56	 0.00	291.17	0	54.00
2011	1	26	8.016	5869.3340	25.3340	25.3340	 6.20	 8.76	207.55	 1.41	 2.59	 1.00	10.77	 1.15	327.35	285.41	290.34	 0.00	292.84	0	54.00
2011	1	26	8.459	5869.3525	25.3524	25.3524	 7.22	23.06	208.21	 1.34	 2.52	 1.00	10.72	 1.16	327.36	285.62	289.47	266.90	293.01	0	53.38
2011	1	26	8.904	5869.3711	25.3710	25.3710	 3.89	 0.84	209.12	 1.40	 2.32	 1.00	10.82	 1.21	327.37	285.64	291.13	266.55	290.28	0	53.31
2011	1	26	9.374	5869.3906	25.3906	25.3906	 9.56	186.73	208.75	 1.04	 2.81	 0.99	10.83	 1.13	327.42	285.57	292.58	266.12	291.63	0	53.22
2011	1	26	10.700	5869.4458	25.4458	25.4458	 4.63	 1.82	212.62	 1.44	 3.90	 1.00	10.73	 1.30	327.38	285.69	293.81	 0.00	291.61	0	54.00
2011	1	26	11.139	5869.4644	25.4641	25.4641	 5.00	 3.23	211.43	 1.76	 7.83	 0.99	10.77	 1.22	327.40	285.97	293.38	268.47	 0.00	0	53.69
2011	1	26	13.841	5869.5767	25.5767	25.5767	 3.61	 0.81	207.96	 1.78	 0.24	 1.00	10.77	 1.18	327.97	292.27	298.57	278.70	298.73	0	55.74
2011	1	26	14.281	5869.5952	25.5950	25.5950	 6.50	 9.85	201.23	 1.13	 1.82	 1.00	10.78	 1.03	327.80	293.44	299.72	278.69	 0.00	0	55.74
2011	1	26	14.721	5869.6133	25.6134	25.6134	 4.21	 0.87	205.40	 1.02	 2.03	 1.00	10.80	 1.04	327.80	294.29	301.82	 0.00	300.38	0	54.00
2011	1	26	17.836	5869.7432	25.7432	25.7432	 5.33	 2.99	208.20	 1.14	 3.59	 0.99	10.75	 1.08	322.50	296.02	307.94	269.83	302.63	0	53.97
2011	1	26	20.066	5869.8359	25.8361	25.8361	 4.87	 2.66	210.79	 1.64	 3.87	 1.00	10.73	 1.19	322.95	290.48	298.92	266.79	299.09	0	53.36
2011	1	26	20.976	5869.8740	25.8740	25.8740	 4.07	 0.84	207.41	 1.15	 0.77	 1.00	10.73	 1.15	322.99	288.98	296.83	267.02	296.01	0	53.40
2011	1	26	21.419	5869.8926	25.8925	25.8925	 6.03	 8.37	206.38	 1.58	 2.98	 1.00	10.88	 1.14	323.11	288.42	297.09	266.19	 0.00	0	53.24
2011	1	26	23.216	5869.9673	25.9673	25.9673	 5.76	 5.31	205.65	 1.31	 3.62	 1.00	10.73	 1.13	323.41	286.49	295.63	 0.00	 0.00	0	54.00
2011	1	26	23.657	5869.9858	25.9857	25.9857	 4.10	 1.16	206.00	 1.53	 1.00	 1.00	10.78	 1.10	323.31	285.92	293.84	 0.00	294.05	0	54.00
2011	1	27	0.542	5870.0225	26.0226	26.0226	 4.17	 1.02	210.12	 1.28	 3.09	 1.00	10.88	 1.13	323.37	285.86	291.75	265.97	290.76	0	53.19
2011	1	27	1.011	5870.0420	26.0421	26.0421	15.81	125552.10	213.57	 1.37	 4.72	 0.99	10.87	 1.21	323.47	286.02	292.55	266.79	 0.00	0	53.36
2011	1	27	1.452	5870.0605	26.0605	26.0605	31.49	760726647457.75	210.41	 1.28	 3.62	 1.00	10.82	 1.20	323.44	286.15	293.16	 0.00	294.26	0	54.00
2011	1	27	1.895	5870.0791	26.0789	26.0789	 3.62	 0.57	212.38	 1.28	 5.27	 0.99	10.83	 1.18	323.52	286.28	294.54	267.57	294.40	0	53.51
2011	1	27	3.687	5870.1538	26.1536	26.1536	 4.61	 1.84	214.14	 1.51	 4.67	 1.00	10.77	 1.29	323.41	286.90	295.42	268.00	295.02	0	53.60
2011	1	27	4.127	5870.1719	26.1720	26.1720	 4.62	 1.62	209.78	 1.28	 1.92	 1.00	10.78	 1.13	323.41	287.00	294.16	268.00	293.57	0	53.60
2011	1	27	5.010	5870.2085	26.2087	26.2087	23.54	408591582.05	206.54	 1.92	 2.95	 1.00	10.72	 1.09	323.42	287.07	293.45	267.50	295.15	0	53.50
2011	1	27	5.507	5870.2295	26.2295	26.2295	16.00	125765.33	210.85	 1.13	 1.13	 1.00	10.95	 1.16	323.47	286.99	294.20	267.30	295.15	0	53.46
2011	1	27	7.283	5870.3037	26.3035	26.3035	 5.87	 6.22	207.61	 1.38	 2.61	 1.00	10.73	 1.12	323.36	286.77	293.67	267.61	291.83	0	53.52
2011	1	27	7.747	5870.3228	26.3228	26.3228	 4.55	 1.93	210.45	 1.64	 0.81	 1.00	10.78	 1.19	323.40	286.71	293.92	267.41	293.26	0	53.48
2011	1	27	8.189	5870.3413	26.3412	26.3412	 5.97	 6.88	208.61	 1.40	 1.19	 1.00	10.77	 1.22	323.37	286.67	292.37	267.21	291.71	0	53.44
2011	1	27	8.629	5870.3594	26.3595	26.3595	 4.48	 1.41	209.76	 1.28	 1.42	 1.00	10.75	 1.19	323.37	286.64	293.45	267.41	 0.00	0	53.48
2011	1	27	9.067	5870.3779	26.3778	26.3778	 4.51	 1.97	205.36	 1.71	 0.95	 1.00	10.77	 1.08	323.38	286.75	293.23	267.58	294.61	0	53.52
2011	1	27	9.974	5870.4155	26.4156	26.4156	 3.72	 0.67	207.38	 1.32	 3.71	 1.00	10.78	 1.03	323.41	286.80	292.35	266.29	291.85	0	53.26
2011	1	27	12.199	5870.5083	26.5083	26.5083	 3.86	 0.92	211.36	 1.59	 1.55	 1.00	10.75	 1.13	323.51	288.33	296.75	271.38	292.95	0	54.28
2011	1	27	12.639	5870.5269	26.5266	26.5266	24.64	721219244.82	207.84	 1.12	 3.55	 0.99	10.80	 1.13	323.47	288.95	296.03	271.55	293.65	0	54.31
2011	1	27	13.531	5870.5640	26.5638	26.5638	 4.38	 1.30	207.73	 1.30	 4.44	 0.99	10.78	 1.11	323.73	291.57	297.26	278.18	296.06	0	55.64
2011	1	27	14.440	5870.6016	26.6017	26.6017	 4.49	 1.46	204.75	 1.29	 2.03	 1.00	10.77	 1.09	323.92	294.82	302.21	281.63	299.86	0	56.33
2011	1	27	15.771	5870.6572	26.6571	26.6571	 4.73	 1.73	213.69	 1.25	 2.54	 1.00	10.82	 1.20	323.72	296.34	306.71	280.36	302.37	0	56.07
2011	1	27	16.211	5870.6753	26.6755	26.6755	62.11	 1.00	210.61	 0.00	 2.30	 0.00	10.90	 1.14	323.64	295.89	307.34	275.51	 0.00	0	55.10
2011	1	27	16.679	5870.6948	26.6949	26.6949	16.78	258935.20	208.20	 1.06	 1.57	 1.00	10.77	 1.04	323.74	295.35	305.83	272.90	301.59	0	54.58
2011	1	27	19.802	5870.8252	26.8251	26.8251	 2.84	 0.41	220.69	 2.14	55.77	 0.78	10.95	 1.29	323.81	290.92	295.55	268.89	296.28	0	53.78
2011	1	27	20.686	5870.8618	26.8619	26.8619	 4.37	 1.91	206.58	 1.91	 3.59	 1.00	10.85	 1.14	323.86	289.64	296.80	267.57	 0.00	0	53.51
2011	1	27	22.038	5870.9185	26.9182	26.9182	 4.29	 1.43	207.50	 1.56	 8.00	 0.99	10.88	 1.27	323.70	288.13	294.86	266.44	294.91	0	53.29
2011	1	27	22.481	5870.9365	26.9367	26.9367	 4.28	 1.29	212.37	 1.47	 4.19	 1.00	10.78	 1.27	323.58	287.68	297.78	 0.00	294.41	0	54.00
2011	1	27	22.922	5870.9551	26.9551	26.9551	 3.51	 0.57	206.69	 1.38	 7.14	 0.98	10.82	 1.17	323.44	287.22	294.51	 0.00	292.41	0	54.00
2011	1	27	23.390	5870.9746	26.9746	26.9746	37.24	 1.00	205.14	 0.00	 0.75	 0.00	10.82	 1.16	323.60	286.76	293.37	 0.00	295.00	0	54.00
2011	1	28	0.726	5871.0303	27.0303	27.0303	 4.35	 1.75	206.75	 1.80	 1.40	 1.00	10.77	 1.08	323.55	285.69	291.46	264.82	292.26	0	52.96
2011	1	28	1.634	5871.0679	27.0681	27.0681	 4.58	 1.77	210.40	 1.47	 3.40	 1.00	10.83	 1.11	323.61	285.61	292.50	265.42	292.21	0	53.08
2011	1	28	3.405	5871.1421	27.1419	27.1419	 4.70	 2.24	212.10	 1.65	 0.76	 1.00	10.80	 1.20	323.56	285.18	293.93	265.29	293.36	0	53.06
2011	1	28	3.876	5871.1616	27.1615	27.1615	 4.35	 1.25	210.31	 1.30	 2.18	 1.00	10.93	 1.27	323.57	284.90	291.46	266.22	291.71	0	53.24
2011	1	28	4.759	5871.1982	27.1983	27.1983	 4.21	 1.34	211.04	 1.61	 2.66	 1.00	10.75	 1.18	323.43	284.47	293.27	264.72	292.66	0	52.94
2011	1	28	6.578	5871.2739	27.2741	27.2741	 3.79	 0.67	210.56	 1.24	 5.24	 0.99	10.90	 1.19	323.85	283.98	291.56	 0.00	289.20	0	54.00
2011	1	28	7.023	5871.2925	27.2926	27.2926	 4.50	 1.43	208.44	 1.27	 3.82	 0.99	10.80	 1.17	324.20	283.94	287.89	264.97	289.08	0	52.99
2011	1	28	8.376	5871.3491	27.3490	27.3490	17.02	411412.25	210.29	 1.33	 1.25	 1.00	10.78	 1.18	321.09	283.69	289.86	265.44	290.91	0	53.09
2011	1	28	11.035	5871.4600	27.4598	27.4598	 3.09	 0.52	206.30	 1.96	10.69	 0.99	10.83	 1.06	320.07	279.84	286.09	268.23	284.65	0	53.65
2011	1	28	15.068	5871.6279	27.6278	27.6278	 4.31	 1.34	206.11	 1.43	 2.88	 1.00	10.93	 1.05	324.07	293.84	300.33	282.11	303.24	0	56.42
2011	1	28	17.301	5871.7207	27.7209	27.7209	 4.78	 1.93	216.66	 1.33	 4.98	 0.99	10.80	 1.14	323.27	297.93	309.46	275.55	306.26	0	55.11
2011	1	28	19.536	5871.8140	27.8140	27.8140	 4.10	 1.73	204.81	 2.26	 1.59	 1.00	10.75	 0.99	323.94	296.48	306.68	 0.00	304.59	0	54.00
2011	1	28	20.868	5871.8696	27.8695	27.8695	 6.89	29.97	208.91	 2.40	11.19	 1.00	10.80	 1.15	323.77	295.17	305.05	272.59	 0.00	0	54.52
2011	1	28	21.780	5871.9077	27.9075	27.9075	 5.25	 4.63	210.49	 1.95	 5.99	 1.00	10.78	 1.12	324.11	293.01	303.76	268.90	298.93	0	53.78
2011	1	28	22.669	5871.9443	27.9445	27.9445	17.69	2214734.76	204.17	 3.54	47.15	 0.99	10.83	 1.05	324.05	291.02	297.33	267.22	298.14	0	53.44
2011	1	28	23.112	5871.9629	27.9630	27.9630	41.37	 1.00	211.14	 0.00	 3.07	 0.00	10.75	 1.30	324.12	290.08	299.40	266.79	 0.00	0	53.36
2011	1	28	23.558	5871.9814	27.9816	27.9816	 5.64	 6.58	208.95	 1.86	 6.84	 1.00	11.02	 1.20	324.14	289.17	297.76	265.73	297.58	0	53.15
2011	1	29	0.467	5872.0195	28.0195	28.0195	16.42	239009.89	209.91	 1.40	 1.81	 1.00	10.83	 1.09	324.16	288.39	295.15	 0.00	296.72	0	54.00
2011	1	29	1.348	5872.0562	28.0562	28.0562	 6.08	 4.86	210.87	 0.89	 0.96	 1.00	10.87	 1.11	324.39	288.04	295.80	 0.00	294.67	0	54.00
2011	1	29	2.258	5872.0942	28.0941	28.0941	 3.95	 0.99	210.62	 1.55	 0.50	 1.00	10.77	 1.09	324.35	287.84	295.29	268.70	294.56	0	53.74
2011	1	29	2.701	5872.1123	28.1125	28.1125	 5.60	 4.79	209.79	 1.41	 1.02	 1.00	10.73	 1.14	324.29	287.76	294.05	268.48	294.49	0	53.70
2011	1	29	3.585	5872.1494	28.1494	28.1494	 5.31	 3.47	209.61	 1.37	 1.25	 1.00	10.78	 1.13	324.33	287.48	294.73	 0.00	295.68	0	54.00
2011	1	29	4.027	5872.1680	28.1678	28.1678	 5.83	 5.97	209.08	 1.39	 4.70	 0.99	10.75	 1.15	324.38	287.21	294.21	 0.00	292.41	0	54.00
2011	1	29	4.492	5872.1870	28.1872	28.1872	 4.54	 1.30	213.46	 1.13	 2.85	 1.00	10.82	 1.14	324.44	286.94	295.46	264.83	 0.00	0	52.97
2011	1	29	5.379	5872.2241	28.2241	28.2241	 3.89	 0.91	210.90	 1.53	 3.76	 1.00	10.75	 1.17	324.46	286.45	293.96	267.69	294.58	0	53.54
2011	1	29	5.822	5872.2427	28.2426	28.2426	 4.48	 1.57	207.89	 1.42	 1.49	 1.00	10.75	 1.17	324.43	286.23	292.19	267.52	292.88	0	53.50
2011	1	29	6.264	5872.2612	28.2610	28.2610	 4.66	 2.15	212.74	 1.66	 4.32	 1.00	10.80	 1.26	324.34	285.91	293.64	266.83	 0.00	0	53.37
2011	1	29	6.754	5872.2812	28.2814	28.2814	 4.10	 0.99	211.98	 1.35	 1.07	 1.00	10.83	 1.22	324.60	285.62	292.94	264.76	 0.00	0	52.95
2011	1	29	7.640	5872.3184	28.3183	28.3183	36.76	 1.00	208.42	 0.00	 4.16	 0.00	10.90	 1.08	325.06	285.22	291.99	265.19	293.18	0	53.04
2011	1	29	8.083	5872.3369	28.3368	28.3368	 5.54	 4.33	210.45	 1.36	 1.90	 1.00	10.75	 1.26	325.14	285.08	291.51	 0.00	293.00	0	54.00
2011	1	29	8.525	5872.3550	28.3552	28.3552	 3.93	 0.89	211.67	 1.43	 3.17	 1.00	10.75	 1.19	325.20	284.98	291.39	264.69	290.01	0	52.94
2011	1	29	8.994	5872.3750	28.3748	28.3748	 4.70	 1.69	212.54	 1.25	 1.97	 1.00	10.77	 1.23	325.26	284.87	292.54	264.75	291.34	0	52.95
2011	1	29	9.436	5872.3931	28.3932	28.3932	 3.49	 0.50	210.69	 1.25	 1.93	 1.00	10.77	 1.18	325.15	284.82	291.10	 0.00	292.66	0	54.00
2011	1	29	9.874	5872.4116	28.4114	28.4114	 6.07	 6.23	211.39	 1.15	 2.39	 1.00	10.75	 1.22	325.11	284.75	292.20	 0.00	289.64	0	54.00
2011	1	29	11.228	5872.4678	28.4678	28.4678	18.40	1444459.78	209.59	 1.17	 2.05	 1.00	10.88	 1.18	325.23	285.46	291.91	268.49	 0.00	0	53.70
2011	1	29	11.669	5872.4863	28.4862	28.4862	 4.83	 2.64	207.16	 1.66	 2.66	 1.00	10.72	 1.14	325.23	286.16	290.29	 0.00	290.70	0	54.00
2011	1	29	12.113	5872.5049	28.5047	28.5047	 4.25	 1.16	213.93	 1.37	 6.50	 0.99	10.93	 1.30	325.31	287.28	295.15	 0.00	293.68	0	54.00
2011	1	29	12.995	5872.5415	28.5414	28.5414	 3.88	 0.97	205.99	 1.59	 3.63	 1.00	10.70	 1.18	325.84	290.43	295.11	279.65	297.39	0	55.93
2011	1	29	13.458	5872.5605	28.5607	28.5607	 4.34	 1.63	212.50	 1.74	 3.15	 1.00	10.73	 1.17	326.05	292.32	298.52	 0.00	301.25	0	54.00
2011	1	29	14.336	5872.5972	28.5973	28.5973	 8.98	160.24	208.67	 1.59	 1.10	 1.00	10.78	 1.12	325.67	295.35	303.31	281.18	300.52	0	56.24
2011	1	29	15.216	5872.6338	28.6340	28.6340	 3.87	 0.87	201.92	 1.43	 1.94	 1.00	10.80	 0.96	324.66	296.90	303.76	283.43	307.40	0	56.69
2011	1	29	15.680	5872.6533	28.6533	28.6533	 5.06	 3.66	204.00	 1.80	 0.76	 1.00	10.85	 0.96	323.87	297.62	307.46	283.69	305.67	0	56.74
2011	1	29	17.003	5872.7085	28.7084	28.7084	 4.03	 0.86	215.19	 1.27	 0.16	 1.00	10.77	 1.19	323.23	297.42	311.32	274.47	305.73	0	54.89
2011	1	29	17.910	5872.7461	28.7463	28.7463	29.13	77007613969.73	205.14	 1.34	 5.67	 0.99	10.82	 0.99	323.91	296.33	307.32	270.99	306.57	0	54.20
2011	1	29	21.030	5872.8765	28.8762	28.8762	 5.12	 2.61	211.10	 1.25	 1.55	 1.00	10.83	 1.16	324.31	290.59	300.95	269.12	297.88	0	53.82
2011	1	29	21.470	5872.8945	28.8946	28.8946	 4.85	 2.25	211.51	 1.42	 1.12	 1.00	10.87	 1.18	324.18	290.22	300.26	268.43	299.27	0	53.69
2011	1	29	23.703	5872.9878	28.9876	28.9876	39.71	 1.00	210.33	 0.00	 3.18	 0.00	10.75	 1.19	324.20	287.51	296.66	265.29	295.76	0	53.06
2011	1	30	0.608	5873.0254	29.0253	29.0253	 4.75	 1.45	215.42	 1.03	 0.74	 1.00	10.80	 1.26	324.30	287.28	294.93	267.55	293.97	0	53.51
2011	1	30	1.047	5873.0435	29.0436	29.0436	 3.73	 0.56	211.02	 1.11	 1.37	 1.00	10.73	 1.16	324.22	287.22	294.95	267.87	295.50	0	53.57
2011	1	30	2.828	5873.1177	29.1178	29.1178	 4.24	 1.34	211.67	 1.58	 0.84	 1.00	10.77	 1.16	324.31	286.90	294.65	267.93	295.16	0	53.59
2011	1	30	3.270	5873.1362	29.1362	29.1362	26.35	4990497123.08	208.96	 1.42	 0.79	 1.00	10.75	 1.19	324.19	286.77	293.20	266.52	295.16	0	53.30
2011	1	30	3.712	5873.1548	29.1547	29.1547	 4.39	 1.21	212.38	 1.22	 0.26	 1.00	10.77	 1.20	324.32	286.54	294.14	266.90	294.65	0	53.38
2011	1	30	4.150	5873.1729	29.1729	29.1729	36.48	 1.00	213.12	 0.00	 1.13	 0.00	10.80	 1.21	324.22	286.43	295.17	267.78	294.59	0	53.56
2011	1	30	5.056	5873.2104	29.2106	29.2106	 7.89	43.23	213.39	 1.30	 0.17	 1.00	10.80	 1.26	324.49	286.10	293.91	266.91	294.26	0	53.38
2011	1	30	7.316	5873.3047	29.3048	29.3048	 3.73	 0.53	216.01	 1.07	 4.75	 0.98	10.85	 1.28	325.17	285.31	293.34	264.76	 0.00	0	52.95
2011	1	30	9.083	5873.3784	29.3784	29.3784	 4.25	 1.02	213.05	 1.20	 1.30	 1.00	10.77	 1.22	325.52	284.88	291.92	265.19	291.27	0	53.04
2011	1	30	9.986	5873.4160	29.4161	29.4161	19.66	5857185.37	208.21	 1.34	 3.22	 1.00	10.78	 1.18	325.58	284.85	290.93	265.78	291.21	0	53.16
2011	1	30	10.429	5873.4346	29.4345	29.4345	 4.02	 1.08	211.57	 1.59	 0.98	 1.00	10.73	 1.19	325.57	284.89	291.84	266.00	291.19	0	53.20
2011	1	30	10.870	5873.4531	29.4529	29.4529	 4.51	 1.70	208.26	 1.50	 1.88	 1.00	10.73	 1.19	325.59	285.06	290.16	267.41	292.83	0	53.48
2011	1	30	12.665	5873.5278	29.5277	29.5277	 6.58	 7.61	208.82	 0.84	 1.26	 1.00	10.78	 1.12	325.87	288.48	294.36	 0.00	297.49	0	54.00
2011	1	30	13.106	5873.5459	29.5461	29.5461	 3.47	 0.38	213.76	 1.00	 5.62	 0.96	10.75	 1.28	326.04	289.88	297.92	277.51	294.74	0	55.50
2011	1	30	13.545	5873.5645	29.5644	29.5644	 3.58	 0.68	207.76	 1.54	 2.76	 1.00	10.75	 1.14	326.07	291.50	296.68	278.68	296.51	0	55.74
2011	1	30	14.010	5873.5835	29.5837	29.5837	 3.73	 0.65	214.56	 1.30	 7.65	 0.97	10.77	 1.17	326.08	292.97	302.29	279.58	296.51	0	55.92
2011	1	30	16.683	5873.6953	29.6951	29.6951	 4.88	 2.29	211.03	 1.40	 7.17	 0.99	10.77	 1.13	324.38	296.75	308.52	278.33	303.18	0	55.67
2011	1	30	17.125	5873.7134	29.7135	29.7135	 3.76	 0.73	207.60	 1.38	 1.27	 1.00	10.82	 1.04	324.38	297.25	307.65	280.27	305.83	0	56.05
2011	1	30	18.912	5873.7881	29.7880	29.7880	 4.07	 1.21	209.78	 1.68	 4.67	 1.00	10.75	 1.01	321.16	299.12	312.08	278.76	305.01	0	55.75
2011	1	30	19.352	5873.8062	29.8063	29.8063	 6.38	 9.11	204.51	 1.20	 1.87	 1.00	10.77	 0.97	322.08	297.99	310.29	277.86	307.90	0	55.57
2011	1	30	19.794	5873.8247	29.8248	29.8248	21.11	28467353.24	205.12	 1.50	 2.79	 1.00	10.83	 1.02	322.86	296.69	308.20	 0.00	 0.00	0	54.00
2011	1	30	20.698	5873.8623	29.8624	29.8624	16.92	611612.20	202.06	 2.10	 2.47	 1.00	10.75	 1.01	323.27	294.62	304.04	271.13	302.60	0	54.23
2011	1	30	22.023	5873.9175	29.9176	29.9176	 2.68	 1.05	209.67	 6.28	 8.08	 1.00	10.75	 1.12	323.38	291.67	304.27	265.53	300.60	0	53.11
2011	1	30	22.935	5873.9556	29.9556	29.9556	 3.64	 0.94	210.00	 2.03	 1.64	 1.00	10.80	 1.18	323.78	289.53	299.10	265.11	298.01	0	53.02
2011	1	30	23.821	5873.9927	29.9925	29.9925	 5.05	 2.21	209.32	 1.13	 0.43	 1.00	10.95	 1.18	323.85	288.06	295.75	265.98	294.78	0	53.20
2011	1	31	0.713	5874.0298	30.0297	30.0297	 5.29	 2.87	211.68	 1.17	 1.79	 1.00	10.93	 1.21	323.85	287.44	294.13	267.66	292.61	0	53.53
2011	1	31	1.183	5874.0493	30.0493	30.0493	 4.29	 1.90	208.34	 2.10	 1.04	 1.00	10.75	 1.09	324.03	287.27	293.60	268.11	292.49	0	53.62
2011	1	31	1.626	5874.0679	30.0678	30.0678	 4.34	 1.27	211.45	 1.34	 0.93	 1.00	10.77	 1.20	323.82	287.19	294.76	268.26	292.42	0	53.65
2011	1	31	2.952	5874.1230	30.1230	30.1230	 4.30	 1.16	209.03	 1.27	 0.86	 1.00	10.78	 1.13	323.92	287.03	293.78	268.02	295.29	0	53.60
2011	1	31	3.419	5874.1426	30.1425	30.1425	 5.69	 4.76	208.52	 1.27	 2.71	 1.00	10.80	 1.11	323.97	287.01	291.93	268.30	293.72	0	53.66
2011	1	31	4.309	5874.1797	30.1795	30.1795	 4.33	 1.10	209.26	 1.16	 1.37	 1.00	10.85	 1.10	323.89	287.05	293.42	268.30	293.78	0	53.66
2011	1	31	4.751	5874.1978	30.1980	30.1980	 4.52	 1.28	212.71	 1.13	 1.63	 1.00	10.85	 1.19	323.96	287.01	294.03	268.16	292.22	0	53.63
2011	1	31	5.661	5874.2358	30.2359	30.2359	22.78	128396254.22	212.43	 1.31	 0.80	 1.00	10.77	 1.17	324.13	286.74	294.63	267.54	292.02	0	53.51
2011	1	31	7.428	5874.3096	30.3095	30.3095	 3.26	 0.62	209.72	 1.99	 6.04	 1.00	10.88	 1.12	324.82	285.87	291.09	264.79	293.84	0	52.96
2011	1	31	10.160	5874.4233	30.4233	30.4233	 3.89	 0.78	210.05	 1.30	 1.03	 1.00	10.77	 1.14	324.87	284.55	290.41	265.27	290.93	0	53.05
2011	1	31	11.488	5874.4785	30.4787	30.4787	 3.42	 0.49	209.08	 1.31	 2.42	 1.00	10.73	 1.21	325.32	286.38	291.43	273.24	294.61	0	54.65
2011	1	31	12.844	5874.5352	30.5352	30.5352	 3.60	 0.79	211.23	 1.80	 3.15	 1.00	10.77	 1.23	325.48	289.53	296.42	275.15	297.57	0	55.03
2011	1	31	13.284	5874.5537	30.5535	30.5535	 3.77	 0.69	210.69	 1.31	 3.54	 1.00	10.75	 1.23	325.55	290.71	298.05	275.96	295.66	0	55.19
2011	1	31	14.626	5874.6094	30.6094	30.6094	 3.51	 0.56	198.43	 1.30	 2.81	 1.00	10.77	 0.86	325.29	295.13	304.47	280.07	302.97	0	56.01
2011	1	31	16.387	5874.6826	30.6828	30.6828	 3.94	 0.81	211.97	 1.29	 1.14	 1.00	10.78	 1.04	317.16	299.68	311.66	289.64	 0.00	0	57.93
2011	1	31	22.619	5874.9424	30.9425	30.9425	 3.49	 0.41	209.71	 1.04	 0.72	 1.00	10.80	 1.15	315.39	288.98	298.95	268.32	 0.00	0	53.66
2011	1	31	23.526	5874.9805	30.9803	30.9803	71.89	 1.00	209.13	 0.00	 8.07	 0.00	10.77	 1.15	316.75	287.67	295.98	267.62	 0.00	0	53.52
