2010	12	1	0.803	5813.0332	334.0334	0.0334	 1.29	 0.15	205.81	 5.00	881.00	 0.02	10.77	 1.24	322.16	282.30	290.49	261.19	 0.00	0	52.24
2010	12	1	1.688	5813.0703	334.0703	0.0703	 0.72	 0.05	183.64	 4.37	 2.95	 1.00	10.85	 1.24	321.90	280.72	288.04	263.15	288.34	0	52.63
2010	12	1	2.156	5813.0898	334.0898	0.0898	 0.78	 0.04	182.98	 3.42	 2.57	 1.00	10.93	 1.22	322.04	280.21	286.78	262.94	 0.00	0	52.59
2010	12	1	4.399	5813.1831	334.1833	0.1833	 0.87	 0.04	188.07	 2.42	 8.76	 0.94	10.75	 1.22	321.83	278.11	285.01	260.73	 0.00	0	52.15
2010	12	1	5.729	5813.2388	334.2387	0.2387	 0.75	 0.04	188.30	 3.97	 4.79	 1.00	10.75	 1.24	321.99	277.65	284.78	262.42	285.23	0	52.48
2010	12	1	6.639	5813.2769	334.2766	0.2766	 0.81	 0.03	191.12	 2.54	 4.02	 0.99	10.85	 1.26	322.10	277.63	285.28	261.91	285.35	0	52.38
# Unit 3, Cerro Chajnantor CCAT, Filter  0,  Slot 1, 350 um (616) & yellow
#				days
#				since		day of	day of
# yr	mo	dy	 time	1/1/1995	year	month	Tau	unc	Tatm	unc	mse	fitgood	Etime	R	Thot	Twarm	Tchop	Tamb	<Tint>	Filter	Toff
# 1	2	3	4	5		6	7	8	9	10	11	12	13	14	15	16	17	18	19	20	21	22
2010	12	1	9.344	5813.3892	334.3893	0.3894	 0.81	 0.05	187.15	 3.51	 1.85	 1.00	10.75	 1.23	322.09	277.53	283.87	 0.00	283.77	0	54.00
2010	12	1	9.788	5813.4077	334.4078	0.4078	 0.86	 0.04	188.88	 2.98	 4.43	 0.99	10.78	 1.26	322.14	277.60	283.81	262.11	 0.00	0	52.42
2010	12	1	10.233	5813.4263	334.4264	0.4264	 0.82	 0.04	188.78	 2.99	 4.65	 0.99	11.00	 1.22	322.20	278.19	284.57	 0.00	 0.00	0	54.00
2010	12	1	12.024	5813.5010	334.5010	0.5010	 0.79	 0.05	183.18	 3.72	10.06	 0.98	10.70	 1.20	322.27	283.03	286.75	 0.00	289.67	0	54.00
2010	12	1	12.899	5813.5376	334.5375	0.5375	 0.81	 0.05	185.60	 3.75	 7.04	 0.99	10.73	 1.27	322.26	285.67	291.92	271.18	290.41	0	54.24
2010	12	1	13.362	5813.5566	334.5568	0.5567	 0.69	 0.05	185.54	 5.40	 6.25	 1.00	10.77	 1.16	322.20	287.16	292.31	271.98	294.28	0	54.40
2010	12	1	14.238	5813.5933	334.5932	0.5932	 0.48	 0.08	239.95	18.43	89.24	 0.95	10.72	 1.18	321.78	289.99	292.73	274.62	294.78	0	54.92
2010	12	1	15.114	5813.6299	334.6298	0.6298	 0.83	 0.05	195.66	 3.74	 2.04	 1.00	10.73	 1.25	321.75	292.82	300.79	277.54	300.19	0	55.51
2010	12	1	15.578	5813.6489	334.6490	0.6491	 0.62	 0.07	196.63	 8.49	24.70	 0.98	10.78	 0.96	321.90	294.09	305.15	278.11	301.02	0	55.62
2010	12	1	16.452	5813.6855	334.6855	0.6855	 0.84	 0.06	190.77	 4.29	 3.14	 1.00	10.73	 1.11	321.46	295.95	304.81	281.06	303.17	0	56.21
2010	12	1	16.890	5813.7036	334.7037	0.7037	 0.94	 0.07	195.81	 3.94	20.01	 0.97	10.75	 1.19	320.04	296.64	307.26	282.45	303.42	0	56.49
2010	12	1	18.229	5813.7598	334.7596	0.7596	 0.89	 0.07	194.22	 4.78	 1.03	 1.00	10.73	 1.14	320.13	297.07	310.20	281.34	304.45	0	56.27
2010	12	2	5.824	5814.2427	335.2426	1.2427	 0.95	 0.04	195.34	 2.49	 3.08	 1.00	10.72	 1.02	324.42	272.59	275.97	264.36	 0.00	0	52.87
2010	12	2	6.272	5814.2612	335.2614	1.2613	 1.01	 0.07	196.77	 3.66	 4.59	 1.00	11.07	 1.09	324.45	273.98	276.58	264.41	 0.00	0	52.88
2010	12	2	6.716	5814.2798	335.2798	1.2798	 1.11	 0.06	200.58	 2.77	 5.88	 1.00	10.85	 1.22	324.47	275.13	280.16	264.39	 0.00	0	52.88
2010	12	2	8.074	5814.3364	335.3364	1.3364	 1.09	 0.05	195.10	 2.37	 6.37	 0.99	10.80	 1.22	324.46	277.58	280.88	 0.00	283.71	0	54.00
2010	12	2	8.967	5814.3735	335.3736	1.3736	 1.10	 0.06	200.68	 2.55	 1.48	 1.00	10.77	 1.21	324.48	278.63	284.16	264.42	284.75	0	52.88
2010	12	2	9.461	5814.3940	335.3942	1.3942	 1.26	 0.07	203.59	 2.33	 3.54	 1.00	10.88	 1.27	324.57	278.97	284.70	 0.00	285.00	0	54.00
2010	12	2	11.231	5814.4678	335.4680	1.4680	 1.39	 0.08	201.53	 2.20	 7.26	 0.99	10.82	 1.28	324.68	282.31	286.73	269.57	290.17	0	53.91
2010	12	2	11.697	5814.4873	335.4874	1.4874	 1.33	 0.05	201.16	 1.55	 2.34	 1.00	10.82	 1.20	324.96	283.79	288.61	271.59	 0.00	0	54.32
2010	12	2	12.137	5814.5059	335.5057	1.5057	 1.41	 0.28	205.12	 7.80	70.63	 1.00	10.70	 1.28	324.94	285.23	290.90	271.95	291.83	0	54.39
2010	12	2	13.453	5814.5605	335.5605	1.5605	 1.32	 0.08	200.98	 2.52	 0.21	 1.00	10.72	 1.23	324.25	289.81	296.58	275.38	296.90	0	55.08
2010	12	2	16.128	5814.6719	335.6720	1.6720	 1.63	 0.14	197.03	 2.69	 9.48	 1.00	10.77	 1.09	319.64	296.94	306.60	281.85	302.17	0	56.37
2010	12	2	18.777	5814.7822	335.7823	1.7824	 1.23	 0.12	190.86	 4.23	25.92	 0.99	10.72	 0.84	316.93	297.82	313.90	283.02	304.64	0	56.60
2010	12	2	19.214	5814.8008	335.8006	1.8006	 1.44	 0.12	202.97	 3.32	 0.59	 1.00	10.73	 1.10	316.54	297.34	309.10	282.49	304.48	0	56.50
2010	12	2	20.090	5814.8369	335.8371	1.8371	 1.55	 0.10	202.18	 2.14	 6.02	 1.00	10.73	 1.11	317.31	296.05	308.94	281.11	304.01	0	56.22
2010	12	2	23.229	5814.9678	335.9679	1.9679	 1.60	 0.09	203.52	 2.01	 4.09	 1.00	10.72	 1.16	320.96	288.00	297.19	 0.00	295.16	0	54.00
2010	12	2	23.674	5814.9863	335.9865	1.9864	 1.51	 0.13	196.68	 3.03	 1.35	 1.00	10.80	 1.06	321.04	286.77	295.27	265.00	293.85	0	53.00
2010	12	3	2.800	5815.1167	336.1167	2.1167	 1.44	 0.07	203.25	 1.74	 5.07	 0.99	10.80	 1.20	321.86	283.18	289.98	265.61	291.24	0	53.12
2010	12	3	3.267	5815.1362	336.1361	2.1361	 1.42	 0.06	203.81	 1.76	 0.74	 1.00	10.80	 1.21	321.97	282.91	289.06	265.59	288.16	0	53.12
2010	12	3	5.043	5815.2100	336.2101	2.2101	 1.58	 0.10	202.67	 2.18	 7.15	 0.99	10.72	 1.25	323.64	282.31	288.32	 0.00	288.80	0	54.00
2010	12	3	5.507	5815.2295	336.2295	2.2295	 1.60	 0.08	207.33	 1.67	 1.34	 1.00	10.77	 1.28	323.78	282.24	288.52	266.27	290.16	0	53.25
2010	12	3	5.949	5815.2480	336.2479	2.2479	 1.47	 0.07	202.35	 1.78	 3.64	 1.00	10.87	 1.19	323.73	282.23	287.08	266.43	290.06	0	53.29
2010	12	3	6.844	5815.2852	336.2852	2.2852	 1.27	 0.06	204.57	 2.19	12.03	 0.96	10.82	 1.21	323.72	282.24	287.67	266.30	287.34	0	53.26
2010	12	3	7.287	5815.3037	336.3036	2.3036	 1.29	 0.06	199.92	 1.92	 1.72	 1.00	10.85	 1.19	323.73	282.23	285.95	266.50	 0.00	0	53.30
2010	12	3	9.076	5815.3779	336.3782	2.3782	 1.37	 0.05	205.62	 1.46	 3.58	 0.99	10.98	 1.30	323.59	282.09	289.26	266.15	 0.00	0	53.23
2010	12	3	9.516	5815.3965	336.3965	2.3965	 1.30	 0.08	201.12	 2.52	 1.83	 1.00	10.72	 1.20	323.58	282.06	288.23	 0.00	288.40	0	54.00
2010	12	3	10.890	5815.4536	336.4537	2.4537	 1.35	 0.07	199.35	 1.94	 5.57	 0.99	10.77	 1.18	323.59	283.70	289.04	270.60	 0.00	0	54.12
2010	12	3	11.334	5815.4722	336.4723	2.4723	 1.39	 0.08	201.56	 2.16	 2.10	 1.00	10.95	 1.22	323.64	284.74	290.16	271.79	 0.00	0	54.36
2010	12	3	12.678	5815.5283	336.5283	2.5283	 1.66	 0.18	205.66	 3.64	41.51	 0.97	10.77	 1.23	323.70	288.59	295.82	274.51	298.13	0	54.90
2010	12	3	16.206	5815.6753	336.6753	2.6753	 1.78	 0.23	196.00	 3.78	15.00	 1.00	10.73	 1.01	317.89	297.10	307.49	279.33	303.94	0	55.87
2010	12	3	17.982	5815.7490	336.7492	2.7492	 1.75	 0.13	203.59	 2.27	 2.15	 1.00	10.72	 1.19	316.62	298.18	307.49	283.96	305.10	0	56.79
2010	12	3	18.421	5815.7676	336.7675	2.7675	 1.66	 0.14	201.75	 2.74	 0.85	 1.00	10.73	 1.01	319.81	298.24	311.59	285.44	305.27	0	57.09
2010	12	3	18.883	5815.7866	336.7868	2.7868	 1.74	 0.16	197.80	 2.74	16.46	 0.99	10.80	 0.99	321.83	298.21	311.93	284.03	305.49	0	56.81
2010	12	3	19.759	5815.8232	336.8233	2.8233	 1.67	 0.17	204.97	 3.27	 7.51	 1.00	10.73	 1.09	322.55	297.58	310.24	281.18	303.62	0	56.24
2010	12	3	20.640	5815.8599	336.8600	2.8600	 1.52	 0.23	195.84	 5.33	34.42	 1.00	10.77	 0.93	322.70	296.16	310.06	 0.00	302.72	0	54.00
2010	12	3	21.994	5815.9165	336.9164	2.9164	 2.02	 0.29	206.86	 3.70	15.21	 1.00	10.82	 1.22	322.03	292.99	305.24	269.89	299.37	0	53.98
2010	12	3	22.435	5815.9346	336.9348	2.9348	 1.54	 0.36	204.85	 8.34	88.93	 1.00	10.82	 1.16	321.80	291.26	299.30	268.72	300.13	0	53.74
2010	12	3	23.792	5815.9912	336.9914	2.9914	 1.63	 0.11	204.84	 2.21	 1.12	 1.00	10.77	 1.21	322.05	287.21	296.61	266.58	295.47	0	53.32
2010	12	4	1.587	5816.0659	337.0661	3.0661	 1.23	 0.08	203.48	 2.89	 2.91	 1.00	10.95	 1.17	321.86	284.99	294.10	 0.00	 0.00	0	54.00
2010	12	4	2.912	5816.1211	337.1213	3.1213	 1.79	 0.12	208.80	 2.03	 6.66	 0.99	10.75	 1.29	322.06	284.07	291.95	267.72	290.87	0	53.54
2010	12	4	3.351	5816.1396	337.1396	3.1396	 1.95	 0.11	209.57	 1.49	 2.01	 1.00	10.82	 1.24	322.93	283.86	292.73	267.68	292.00	0	53.54
2010	12	4	5.152	5816.2148	337.2147	3.2147	 1.77	 0.08	203.86	 1.27	 4.75	 0.98	10.78	 1.17	323.36	283.28	289.80	266.91	289.83	0	53.38
2010	12	4	6.065	5816.2529	337.2527	3.2527	 2.03	 0.21	200.11	 2.49	11.54	 0.99	10.80	 1.09	323.40	282.96	287.36	266.96	290.77	0	53.39
2010	12	4	6.950	5816.2896	337.2896	3.2896	 2.22	 0.20	200.27	 1.95	 9.70	 0.99	10.75	 1.17	323.13	282.74	286.39	 0.00	287.87	0	54.00
2010	12	4	7.840	5816.3267	337.3267	3.3267	 2.14	 0.13	209.00	 1.43	 3.06	 1.00	10.92	 1.22	323.12	282.62	289.12	266.71	290.39	0	53.34
2010	12	4	9.648	5816.4019	337.4020	3.4020	 2.77	 0.25	204.01	 1.29	 1.38	 1.00	10.75	 1.18	323.38	282.52	286.33	266.55	287.45	0	53.31
2010	12	4	10.090	5816.4204	337.4204	3.4204	 3.26	 0.37	205.12	 1.15	 4.20	 0.99	10.75	 1.20	323.53	282.77	289.30	 0.00	288.87	0	54.00
2010	12	4	10.595	5816.4414	337.4414	3.4414	 3.20	 0.42	209.93	 1.44	 3.45	 1.00	10.77	 1.26	323.81	283.45	291.37	268.86	 0.00	0	53.77
2010	12	4	11.036	5816.4600	337.4598	3.4598	 2.77	 0.35	207.90	 1.87	 3.52	 1.00	10.72	 1.29	323.71	284.31	291.40	270.72	 0.00	0	54.14
2010	12	4	12.828	5816.5347	337.5345	3.5345	 2.27	 0.16	205.62	 1.46	 3.68	 1.00	10.75	 1.12	322.02	289.66	295.73	277.02	296.97	0	55.40
2010	12	4	13.269	5816.5527	337.5529	3.5529	 2.59	 0.23	206.10	 1.48	 1.22	 1.00	10.75	 1.23	321.68	291.17	299.24	278.28	298.28	0	55.66
2010	12	4	13.706	5816.5713	337.5711	3.5711	 2.24	 0.16	201.47	 1.47	 4.03	 0.99	10.72	 1.11	321.90	292.71	298.97	279.34	302.71	0	55.87
2010	12	4	15.046	5816.6270	337.6269	3.6269	 2.47	 0.22	208.40	 1.66	 4.13	 1.00	10.80	 1.20	321.98	297.11	307.23	283.78	304.49	0	56.76
2010	12	4	15.483	5816.6450	337.6451	3.6451	 2.49	 0.16	205.46	 1.14	 1.87	 1.00	10.72	 1.18	321.63	298.20	307.17	284.04	304.71	0	56.81
2010	12	4	15.921	5816.6636	337.6634	3.6634	 1.17	 0.17	250.35	 8.32	1474.81	 0.08	10.73	 1.21	322.92	299.14	309.62	284.46	307.31	0	56.89
2010	12	4	17.697	5816.7373	337.7374	3.7374	 3.20	 0.77	205.20	 2.59	 2.46	 1.00	10.73	 1.12	323.45	300.22	310.11	282.62	306.42	0	56.52
2010	12	4	18.571	5816.7739	337.7738	3.7738	 2.70	 0.51	205.93	 2.91	18.19	 0.99	10.73	 1.01	319.41	299.65	311.68	282.99	308.48	0	56.60
2010	12	4	22.148	5816.9229	337.9229	3.9228	 2.81	 0.35	203.65	 1.76	 3.79	 1.00	10.73	 1.14	322.23	293.14	303.40	274.77	301.73	0	54.95
2010	12	5	1.278	5817.0532	338.0533	4.0532	 3.25	 0.50	206.61	 1.61	 2.86	 1.00	10.75	 1.06	323.54	286.97	294.10	 0.00	294.07	0	54.00
2010	12	5	3.069	5817.1279	338.1279	4.1279	 2.61	 0.23	205.85	 1.45	 1.53	 1.00	10.73	 1.18	323.56	285.40	291.91	 0.00	 0.00	0	54.00
2010	12	5	4.427	5817.1846	338.1844	4.1844	 2.79	 0.27	208.82	 1.42	 1.36	 1.00	10.78	 1.25	323.67	284.96	291.74	 0.00	290.25	0	54.00
2010	12	5	4.871	5817.2031	338.2030	4.2030	 3.17	 0.43	208.22	 1.50	 1.75	 1.00	10.78	 1.19	323.67	284.80	291.67	 0.00	292.98	0	54.00
2010	12	5	5.318	5817.2217	338.2216	4.2216	 2.59	 0.23	205.15	 1.45	 4.11	 1.00	10.83	 1.16	323.71	284.84	289.34	268.34	291.53	0	53.67
2010	12	5	6.202	5817.2583	338.2584	4.2584	 2.59	 0.22	207.38	 1.46	 4.29	 0.99	10.80	 1.25	324.23	284.56	291.17	266.30	289.71	0	53.26
2010	12	5	6.670	5817.2778	338.2779	4.2779	 2.28	 0.17	203.06	 1.53	 3.10	 1.00	10.77	 1.11	324.83	284.35	288.65	266.19	 0.00	0	53.24
2010	12	5	9.360	5817.3901	338.3900	4.3900	 2.99	 0.32	210.96	 1.37	 2.43	 1.00	10.73	 1.29	324.37	284.01	291.93	 0.00	291.67	0	54.00
2010	12	5	10.245	5817.4268	338.4269	4.4269	 2.50	 0.22	206.13	 1.59	 4.36	 1.00	10.90	 1.22	324.74	284.09	290.25	268.35	290.16	0	53.67
2010	12	5	11.642	5817.4849	338.4851	4.4851	 2.38	 0.16	212.51	 1.33	35.80	 0.49	10.95	 1.25	325.03	286.36	291.85	273.24	292.55	0	54.65
2010	12	5	14.762	5817.6152	338.6151	4.6151	 2.61	 0.25	209.86	 1.62	 0.76	 1.00	10.77	 1.14	322.99	296.80	306.66	282.93	302.09	0	56.59
2010	12	5	15.665	5817.6528	338.6527	4.6527	 2.65	 0.24	212.11	 1.49	 2.37	 1.00	10.75	 1.21	324.32	298.97	310.44	283.08	305.90	0	56.62
2010	12	5	16.103	5817.6709	338.6710	4.6709	 2.70	 0.36	203.36	 2.05	 1.94	 1.00	10.80	 1.07	326.30	299.73	310.28	282.50	306.04	0	56.50
2010	12	5	16.542	5817.6895	338.6892	4.6892	 2.80	 0.51	204.37	 2.58	12.06	 1.00	10.73	 1.05	324.25	300.19	311.32	281.35	306.99	0	56.27
2010	12	5	18.321	5817.7632	338.7634	4.7634	 2.27	 0.38	198.16	 3.36	26.45	 0.99	10.78	 1.00	320.48	299.66	310.40	280.81	309.26	0	56.16
2010	12	5	18.758	5817.7817	338.7816	4.7816	 2.56	 0.60	204.10	 3.99	16.69	 1.00	10.73	 1.09	320.51	299.16	309.59	280.69	306.80	0	56.14
2010	12	5	19.196	5817.7998	338.7998	4.7998	 2.37	 0.37	206.74	 3.05	 6.88	 1.00	10.73	 1.20	320.48	298.55	309.15	279.29	306.35	0	55.86
2010	12	5	21.868	5817.9111	338.9112	4.9112	 2.15	 2.78	187.44	27.01	535.65	 1.00	10.75	 0.96	321.93	292.41	295.01	272.52	300.03	0	54.50
2010	12	6	0.574	5818.0239	339.0239	5.0239	 2.64	 0.20	209.86	 1.23	 2.23	 1.00	10.80	 1.25	323.40	284.89	293.16	264.62	289.99	0	52.92
2010	12	6	1.019	5818.0425	339.0425	5.0425	 2.44	 0.23	207.27	 1.80	 3.67	 1.00	10.92	 1.20	323.08	284.48	292.24	266.08	292.21	0	53.22
2010	12	6	2.351	5818.0981	339.0980	5.0980	 2.27	 0.15	210.74	 1.45	 1.41	 1.00	10.92	 1.28	322.44	283.64	291.28	266.75	 0.00	0	53.35
2010	12	6	3.707	5818.1543	339.1545	5.1545	 2.37	 0.18	205.97	 1.52	 0.57	 1.00	10.83	 1.24	322.50	282.86	288.96	 0.00	 0.00	0	54.00
2010	12	6	4.153	5818.1729	339.1730	5.1730	 2.37	 0.14	212.18	 1.17	 1.42	 1.00	10.80	 1.28	322.44	282.66	291.01	265.60	 0.00	0	53.12
2010	12	6	5.061	5818.2109	339.2109	5.2109	 2.14	 0.14	207.65	 1.52	 4.94	 0.99	10.95	 1.19	322.51	282.31	287.94	 0.00	288.81	0	54.00
2010	12	6	6.848	5818.2852	339.2853	5.2853	 2.16	 0.17	206.95	 1.78	 1.30	 1.00	10.85	 1.20	322.63	282.09	287.27	265.50	288.46	0	53.10
2010	12	6	7.764	5818.3237	339.3235	5.3235	 2.48	 0.16	210.01	 1.20	 0.53	 1.00	10.82	 1.25	322.43	281.91	289.86	264.63	289.80	0	52.93
2010	12	6	8.210	5818.3423	339.3421	5.3421	 2.52	 0.25	208.34	 1.77	 4.71	 1.00	10.85	 1.28	322.42	281.77	288.09	264.45	 0.00	0	52.89
2010	12	6	9.099	5818.3789	339.3791	5.3791	 2.26	 0.21	210.60	 2.06	 4.51	 1.00	10.77	 1.23	322.12	281.39	288.48	264.42	289.04	0	52.88
2010	12	6	10.011	5818.4170	339.4171	5.4171	 2.31	 0.13	207.19	 1.16	 4.25	 0.98	10.75	 1.28	322.01	281.33	287.67	264.32	 0.00	0	52.86
2010	12	6	10.450	5818.4355	339.4354	5.4354	 2.32	 0.16	200.36	 1.40	 0.66	 1.00	10.75	 1.17	322.05	281.72	286.13	265.81	287.83	0	53.16
2010	12	6	10.892	5818.4536	339.4539	5.4538	 2.27	 0.19	204.25	 1.71	 2.13	 1.00	10.87	 1.24	322.12	282.33	288.23	 0.00	290.04	0	54.00
2010	12	6	11.834	5818.4932	339.4931	5.4931	 1.57	 0.15	213.24	 3.48	27.15	 0.98	10.92	 1.23	322.25	284.03	286.68	 0.00	288.45	0	54.00
2010	12	6	12.280	5818.5117	339.5117	5.5117	 1.95	 0.11	203.21	 1.52	 1.55	 1.00	10.82	 1.29	322.29	285.27	291.19	270.86	291.90	0	54.17
2010	12	6	14.499	5818.6040	339.6041	5.6041	 2.03	 0.11	208.97	 1.40	 1.00	 1.00	10.77	 1.28	322.51	293.16	302.21	278.63	303.20	0	55.73
2010	12	6	15.814	5818.6587	339.6589	5.6589	 1.94	 0.11	203.46	 1.51	 2.82	 1.00	10.78	 1.05	322.56	297.03	307.78	280.69	304.67	0	56.14
2010	12	6	16.276	5818.6782	339.6782	5.6782	 2.27	 0.20	200.75	 1.83	 6.90	 0.99	10.75	 1.05	323.18	298.00	307.89	281.67	305.36	0	56.33
2010	12	6	17.152	5818.7148	339.7147	5.7147	 1.88	 0.14	202.83	 2.01	 5.10	 1.00	10.73	 1.12	322.17	299.26	309.81	284.25	308.81	0	56.85
2010	12	6	17.589	5818.7329	339.7329	5.7329	 2.12	 0.15	211.09	 1.72	 5.42	 0.99	10.73	 1.27	322.05	299.54	311.46	282.93	307.11	0	56.59
2010	12	6	18.031	5818.7515	339.7513	5.7513	 2.38	 0.25	204.01	 2.05	 2.02	 1.00	10.72	 1.12	322.00	299.49	311.60	284.37	305.04	0	56.87
2010	12	6	18.494	5818.7705	339.7706	5.7706	 2.25	 0.19	205.49	 1.79	 7.40	 0.99	10.77	 1.13	321.92	299.37	311.97	282.95	309.16	0	56.59
2010	12	6	18.933	5818.7891	339.7889	5.7889	 1.70	 0.15	197.28	 2.76	12.60	 0.99	10.73	 0.94	322.01	299.15	312.02	285.90	309.22	0	57.18
2010	12	6	19.371	5818.8071	339.8071	5.8071	 1.90	 0.16	193.22	 2.14	 4.75	 1.00	10.72	 0.92	322.00	298.71	309.42	284.86	 0.00	0	56.97
2010	12	6	21.610	5818.9004	339.9004	5.9004	 2.62	 0.33	207.25	 2.10	 1.73	 1.00	10.88	 1.20	322.21	294.54	307.27	278.48	301.69	0	55.70
2010	12	6	23.405	5818.9751	339.9752	5.9752	 2.48	 0.81	199.91	 5.78	32.49	 1.00	10.72	 1.18	322.92	288.74	298.65	 0.00	294.74	0	54.00
2010	12	6	23.848	5818.9937	339.9937	5.9937	 2.45	 0.18	202.84	 1.35	 3.42	 1.00	10.78	 1.17	322.84	287.39	296.33	265.09	 0.00	0	53.02
2010	12	7	0.736	5819.0308	340.0306	6.0306	 1.86	 0.13	205.71	 1.97	 5.06	 1.00	10.93	 1.23	322.99	285.11	294.49	263.67	 0.00	0	52.73
2010	12	7	2.539	5819.1060	340.1058	6.1058	 1.88	 0.10	206.65	 1.54	 1.89	 1.00	10.73	 1.29	321.92	282.61	290.80	 0.00	 0.00	0	54.00
2010	12	7	2.982	5819.1240	340.1242	6.1242	 1.69	 0.08	205.72	 1.56	 4.29	 0.99	10.85	 1.27	322.27	282.23	288.44	264.60	288.62	0	52.92
2010	12	7	4.343	5819.1812	340.1809	6.1809	 1.81	 0.12	204.10	 2.00	 3.85	 1.00	10.83	 1.23	322.71	281.36	286.89	264.44	287.69	0	52.89
2010	12	7	4.783	5819.1992	340.1993	6.1993	 1.61	 0.10	204.16	 2.09	 2.55	 1.00	10.85	 1.16	322.22	281.23	284.32	264.35	288.96	0	52.87
2010	12	7	5.228	5819.2178	340.2178	6.2178	 1.83	 0.12	205.11	 1.82	 5.30	 0.99	10.75	 1.25	322.05	281.14	287.57	264.41	287.44	0	52.88
2010	12	7	5.703	5819.2378	340.2376	6.2376	 1.73	 0.11	201.61	 1.93	 4.20	 1.00	10.92	 1.19	321.99	281.01	285.13	264.44	288.84	0	52.89
2010	12	7	7.033	5819.2930	340.2931	6.2931	 1.73	 0.10	200.86	 1.77	 4.20	 1.00	10.75	 1.12	321.62	280.74	284.65	264.45	 0.00	0	52.89
2010	12	7	7.478	5819.3115	340.3116	6.3116	 1.74	 0.09	204.75	 1.55	 2.41	 1.00	10.82	 1.26	321.72	280.68	287.17	 0.00	 0.00	0	54.00
2010	12	7	7.946	5819.3311	340.3311	6.3311	 1.81	 0.11	204.33	 1.78	 2.14	 1.00	10.78	 1.26	321.68	280.59	287.38	 0.00	285.61	0	54.00
2010	12	7	8.394	5819.3496	340.3498	6.3498	 1.68	 0.11	204.03	 2.13	 5.69	 1.00	10.77	 1.21	321.50	280.41	286.76	264.36	 0.00	0	52.87
2010	12	7	10.203	5819.4253	340.4251	6.4251	 1.55	 0.08	206.34	 1.74	 3.75	 1.00	10.82	 1.25	321.56	280.66	289.06	265.44	286.93	0	53.09
2010	12	7	10.643	5819.4434	340.4435	6.4435	 1.47	 0.08	200.28	 1.98	 3.78	 1.00	10.85	 1.24	321.61	281.34	287.18	 0.00	289.19	0	54.00
2010	12	7	11.084	5819.4619	340.4618	6.4618	 1.38	 0.07	200.07	 2.00	 0.76	 1.00	10.70	 1.14	321.59	282.29	287.07	269.90	290.30	0	53.98
2010	12	7	11.531	5819.4805	340.4805	6.4805	 1.46	 0.05	203.97	 1.20	 5.87	 0.93	10.68	 1.29	321.90	283.40	289.75	271.70	 0.00	0	54.34
2010	12	7	15.125	5819.6304	340.6302	6.6302	 1.20	 0.15	203.84	 5.84	19.64	 1.00	10.77	 1.07	321.73	294.67	303.60	278.65	302.46	0	55.73
2010	12	7	16.438	5819.6851	340.6849	6.6849	 1.29	 0.10	202.34	 3.46	13.49	 0.99	10.73	 1.06	321.45	297.75	306.63	283.35	305.13	0	56.67
2010	12	7	21.748	5819.9062	340.9062	6.9062	 2.06	 0.11	205.44	 1.28	 3.25	 0.99	10.73	 1.23	321.72	293.45	304.71	278.91	300.02	0	55.78
2010	12	8	0.875	5820.0366	341.0365	7.0365	 1.51	 0.06	206.13	 1.51	 3.21	 0.99	10.73	 1.19	321.96	285.80	293.90	 0.00	 0.00	0	54.00
2010	12	8	1.759	5820.0732	341.0733	7.0733	 1.50	 0.10	208.20	 2.37	 3.18	 1.00	10.87	 1.24	322.07	285.05	293.48	268.26	293.62	0	53.65
2010	12	8	2.676	5820.1113	341.1115	7.1115	 1.41	 0.08	205.31	 2.10	 1.35	 1.00	10.77	 1.17	322.11	284.51	290.19	268.24	290.13	0	53.65
2010	12	8	3.118	5820.1299	341.1299	7.1299	 1.41	 0.09	208.36	 2.55	 1.73	 1.00	11.03	 1.19	322.12	284.34	293.08	268.13	291.38	0	53.63
2010	12	8	4.474	5820.1865	341.1864	7.1864	 1.41	 0.07	206.81	 1.95	 3.34	 1.00	10.83	 1.21	322.01	283.70	290.21	267.30	292.18	0	53.46
2010	12	8	4.918	5820.2051	341.2049	7.2049	 1.57	 0.07	204.31	 1.58	 2.19	 1.00	10.93	 1.21	321.96	283.58	290.51	267.61	290.57	0	53.52
2010	12	8	5.360	5820.2231	341.2233	7.2233	 1.58	 0.11	208.33	 2.49	 6.98	 1.00	10.75	 1.16	321.97	283.44	292.43	267.21	291.98	0	53.44
2010	12	8	6.238	5820.2598	341.2599	7.2599	 1.73	 0.10	207.51	 1.78	 3.80	 1.00	10.80	 1.22	321.80	283.12	291.82	 0.00	288.55	0	54.00
2010	12	8	6.705	5820.2793	341.2794	7.2794	 1.71	 0.11	203.51	 2.06	 9.83	 0.99	10.87	 1.08	321.56	283.00	287.26	266.90	289.91	0	53.38
2010	12	8	7.145	5820.2979	341.2977	7.2977	 1.62	 0.08	206.85	 1.75	 3.12	 1.00	10.73	 1.17	321.61	282.87	288.95	265.82	 0.00	0	53.16
2010	12	8	8.026	5820.3345	341.3344	7.3344	 1.55	 0.07	205.87	 1.55	 6.55	 0.97	10.83	 1.20	322.12	282.66	288.24	266.30	289.38	0	53.26
2010	12	8	9.379	5820.3906	341.3908	7.3908	 1.45	 0.07	202.50	 1.81	 1.92	 1.00	10.87	 1.16	322.39	282.35	288.84	264.58	289.05	0	52.92
2010	12	8	10.263	5820.4277	341.4276	7.4276	 1.37	 0.08	205.80	 2.29	 2.14	 1.00	10.75	 1.20	323.04	282.63	289.51	267.12	288.98	0	53.42
2010	12	8	10.704	5820.4458	341.4460	7.4460	 1.37	 0.06	200.40	 1.63	 3.54	 0.99	10.75	 1.14	322.98	283.41	287.37	269.42	288.17	0	53.88
2010	12	8	12.924	5820.5386	341.5385	7.5385	 1.44	 0.07	202.74	 1.91	 9.00	 0.97	10.70	 1.10	323.22	290.18	296.86	278.61	297.85	0	55.72
2010	12	8	13.824	5820.5762	341.5760	7.5760	 1.51	 0.08	203.34	 1.81	 2.79	 1.00	10.77	 1.10	323.22	293.53	300.91	280.82	301.66	0	56.16
2010	12	8	14.700	5820.6123	341.6125	7.6125	 1.32	 0.07	200.93	 2.13	 1.33	 1.00	10.75	 1.05	322.58	296.43	306.56	281.80	302.26	0	56.36
2010	12	8	15.599	5820.6499	341.6500	7.6500	 1.71	 0.12	209.19	 2.21	 4.04	 1.00	10.77	 1.23	321.95	298.80	310.34	283.92	306.78	0	56.78
2010	12	8	16.036	5820.6680	341.6682	7.6682	 1.59	 0.08	206.59	 1.77	 2.55	 1.00	10.72	 1.17	319.89	299.48	311.57	283.82	307.00	0	56.76
2010	12	8	18.689	5820.7788	341.7787	7.7787	 1.39	 0.11	198.06	 3.02	 1.59	 1.00	10.75	 1.03	319.59	300.15	311.84	286.81	306.00	0	57.36
2010	12	8	19.125	5820.7969	341.7969	7.7969	 1.36	 0.09	199.03	 2.76	 6.62	 1.00	10.73	 1.07	320.03	299.81	311.51	286.55	309.70	0	57.31
2010	12	8	20.059	5820.8359	341.8358	7.8358	 1.31	 0.14	197.59	 4.52	12.81	 1.00	10.78	 1.03	320.65	298.45	310.07	282.97	307.08	0	56.59
2010	12	8	20.938	5820.8726	341.8724	7.8724	 1.45	 0.25	191.96	 6.33	12.97	 1.00	10.72	 0.96	320.97	296.64	307.38	 0.00	307.07	0	54.00
2010	12	9	0.966	5821.0400	342.0403	8.0402	 1.29	 0.07	198.66	 2.45	 2.96	 1.00	10.70	 1.15	324.22	285.68	292.54	 0.00	 0.00	0	54.00
2010	12	9	1.856	5821.0771	342.0773	8.0773	 1.28	 0.06	204.61	 2.14	 0.89	 1.00	10.85	 1.20	324.54	284.80	293.36	267.65	290.20	0	53.53
2010	12	9	2.299	5821.0957	342.0958	8.0958	 1.32	 0.05	208.82	 1.77	 2.09	 1.00	10.90	 1.24	324.42	284.52	292.69	267.48	291.35	0	53.50
2010	12	9	2.768	5821.1152	342.1153	8.1153	 1.38	 0.07	202.96	 2.04	 3.52	 1.00	10.78	 1.15	324.44	284.27	290.13	267.57	291.12	0	53.51
2010	12	9	4.090	5821.1704	342.1704	8.1704	 1.44	 0.07	207.32	 1.87	 1.49	 1.00	10.77	 1.21	324.16	283.73	288.79	267.67	289.06	0	53.53
2010	12	9	4.992	5821.2080	342.2080	8.2080	 1.44	 0.07	201.11	 1.94	 6.96	 0.99	10.78	 1.14	324.23	283.51	288.20	 0.00	 0.00	0	54.00
2010	12	9	7.232	5821.3013	342.3013	8.3013	 1.65	 0.09	205.93	 1.86	 4.60	 1.00	10.90	 1.28	322.20	282.73	290.40	 0.00	 0.00	0	54.00
2010	12	9	8.117	5821.3384	342.3382	8.3382	 1.61	 0.09	205.97	 1.85	 6.03	 0.99	10.78	 1.23	322.20	282.45	289.32	265.86	 0.00	0	53.17
2010	12	9	9.003	5821.3750	342.3751	8.3751	 1.44	 0.06	203.49	 1.64	 4.05	 0.99	10.73	 1.09	322.10	282.25	289.71	265.72	288.98	0	53.14
2010	12	9	9.911	5821.4131	342.4130	8.4130	 1.55	 0.09	204.48	 2.17	 2.94	 1.00	10.83	 1.11	322.24	282.31	289.06	266.23	290.33	0	53.25
2010	12	9	10.351	5821.4312	342.4313	8.4313	 1.56	 0.06	202.95	 1.39	 6.18	 0.96	10.80	 1.23	322.25	282.86	287.63	268.22	290.33	0	53.64
2010	12	9	10.789	5821.4497	342.4496	8.4496	 1.56	 0.08	204.03	 1.78	 1.46	 1.00	10.80	 1.19	322.40	283.59	290.75	269.90	 0.00	0	53.98
2010	12	9	14.346	5821.5977	342.5978	8.5978	 1.61	 0.11	197.23	 2.21	10.67	 0.99	10.77	 0.97	322.03	294.12	302.89	277.22	304.87	0	55.44
2010	12	9	15.222	5821.6343	342.6342	8.6342	 1.65	 0.11	201.95	 2.24	 3.74	 1.00	10.72	 1.00	322.29	296.47	308.69	280.85	306.79	0	56.17
2010	12	9	16.121	5821.6719	342.6717	8.6717	 2.01	 0.11	213.19	 1.41	 3.37	 1.00	10.77	 1.26	321.00	298.72	310.66	283.89	306.00	0	56.78
2010	12	9	18.773	5821.7822	342.7822	8.7822	 2.12	 0.16	209.72	 1.80	 3.04	 1.00	10.80	 1.28	322.89	297.87	311.46	283.14	304.46	0	56.63
2010	12	9	19.211	5821.8003	342.8005	8.8005	 1.81	 0.19	202.42	 3.06	 3.01	 1.00	10.72	 1.25	322.89	297.71	305.97	281.92	305.10	0	56.38
2010	12	9	19.648	5821.8188	342.8187	8.8187	 2.17	 0.30	204.62	 3.07	 9.06	 1.00	10.72	 1.25	322.84	297.38	307.61	280.91	305.17	0	56.18
2010	12	10	3.704	5822.1543	343.1544	9.1544	 1.53	 0.09	200.99	 2.18	 7.32	 0.99	10.75	 1.02	316.26	275.55	280.79	267.02	281.86	0	53.40
2010	12	10	4.148	5822.1729	343.1728	9.1728	 1.74	 0.15	207.68	 2.64	 2.99	 1.00	10.90	 1.26	320.54	276.68	284.12	267.02	282.18	0	53.40
2010	12	10	5.944	5822.2476	343.2477	9.2477	 1.63	 0.09	201.38	 1.75	 4.78	 0.99	10.78	 1.17	320.48	279.54	285.16	266.58	288.19	0	53.32
2010	12	10	6.828	5822.2847	343.2845	9.2845	 1.41	 0.07	201.31	 1.79	 3.53	 1.00	10.80	 1.11	320.49	280.31	284.45	266.41	287.30	0	53.28
2010	12	10	7.741	5822.3228	343.3225	9.3225	 1.72	 0.07	200.91	 1.33	 6.87	 0.96	10.83	 1.13	320.45	280.71	287.00	 0.00	 0.00	0	54.00
2010	12	10	9.073	5822.3779	343.3781	9.3781	 1.63	 0.07	206.06	 1.50	 7.46	 0.96	10.78	 1.30	320.45	280.97	288.44	266.64	287.96	0	53.33
2010	12	10	9.984	5822.4160	343.4160	9.4160	 1.41	 0.09	195.13	 2.40	 8.16	 0.99	10.75	 1.00	320.49	281.32	286.61	267.75	286.79	0	53.55
2010	12	10	10.425	5822.4346	343.4344	9.4344	 1.64	 0.08	200.90	 1.65	 4.64	 0.99	10.82	 1.18	320.48	281.89	289.34	268.41	 0.00	0	53.68
2010	12	10	11.748	5822.4897	343.4895	9.4895	 1.57	 0.10	201.31	 2.11	 2.60	 1.00	10.72	 1.19	320.01	284.45	291.32	271.19	291.69	0	54.24
2010	12	10	13.524	5822.5635	343.5635	9.5635	 1.81	 0.06	205.24	 1.01	 1.82	 0.99	10.73	 1.27	319.24	289.62	299.05	274.45	299.83	0	54.89
2010	12	10	14.863	5822.6191	343.6193	9.6193	 1.65	 0.10	203.91	 2.00	 5.73	 0.99	10.78	 1.12	318.37	293.63	303.37	277.70	300.64	0	55.54
2010	12	10	21.533	5822.8970	343.8972	9.8972	 2.29	 0.32	202.63	 2.84	 8.85	 1.00	10.72	 1.08	316.40	289.05	301.90	275.06	295.69	0	55.01
2010	12	10	23.416	5822.9756	343.9757	9.9757	 2.41	 0.31	203.52	 2.44	 5.17	 1.00	10.75	 1.14	315.20	285.23	293.68	264.90	292.44	0	52.98
2010	12	11	0.737	5823.0308	344.0307	10.0307	 2.17	 0.19	201.61	 1.96	 5.24	 1.00	10.73	 1.17	315.14	282.91	290.31	 0.00	289.99	0	54.00
2010	12	11	2.087	5823.0869	344.0869	10.0870	 1.71	 0.11	207.06	 2.05	 3.43	 1.00	10.82	 1.17	315.61	282.01	289.57	267.42	289.16	0	53.48
2010	12	11	2.530	5823.1055	344.1054	10.1054	 1.69	 0.09	201.92	 1.64	 1.68	 1.00	10.73	 1.09	315.40	281.70	289.15	267.57	289.06	0	53.51
2010	12	11	2.970	5823.1235	344.1237	10.1237	 1.90	 0.13	206.85	 1.89	 2.74	 1.00	10.73	 1.22	315.32	281.29	289.60	267.91	288.98	0	53.58
2010	12	11	3.410	5823.1421	344.1421	10.1421	 2.05	 0.14	205.62	 1.66	 4.06	 1.00	10.82	 1.23	315.24	280.98	290.54	267.62	290.16	0	53.52
2010	12	11	4.756	5823.1982	344.1982	10.1982	 1.97	 0.15	204.22	 2.03	 1.85	 1.00	10.77	 1.22	315.33	280.28	289.90	267.83	289.54	0	53.57
2010	12	11	5.196	5823.2163	344.2165	10.2165	 1.65	 0.12	200.99	 2.36	 2.93	 1.00	10.82	 1.09	315.20	280.11	288.09	 0.00	286.89	0	54.00
2010	12	11	6.541	5823.2725	344.2726	10.2726	 1.66	 0.10	205.38	 1.98	 2.62	 1.00	10.75	 1.24	315.01	280.13	289.95	267.32	288.12	0	53.46
2010	12	11	10.091	5823.4204	344.4204	10.4205	 1.50	 0.07	198.01	 1.74	 8.50	 0.97	10.77	 1.10	315.47	281.43	287.61	268.71	289.66	0	53.74
2010	12	11	11.431	5823.4761	344.4763	10.4763	 1.57	 0.09	202.49	 1.91	 2.46	 1.00	10.73	 1.25	315.70	283.88	292.14	 0.00	291.61	0	54.00
2010	12	11	12.767	5823.5317	344.5320	10.5320	 1.50	 0.08	200.47	 1.83	 2.18	 1.00	10.78	 1.16	315.18	288.01	297.40	277.37	296.16	0	55.47
2010	12	11	14.981	5823.6240	344.6242	10.6242	 1.59	 0.09	205.27	 1.87	 2.55	 1.00	10.75	 1.20	315.08	295.22	303.99	281.65	 0.00	0	56.33
2010	12	11	15.857	5823.6606	344.6607	10.6607	 1.73	 0.08	205.45	 1.45	 6.53	 0.97	10.77	 1.13	320.48	297.61	307.12	281.67	303.22	0	56.33
2010	12	11	16.296	5823.6792	344.6790	10.6790	 1.90	 0.10	207.97	 1.49	15.65	 0.88	10.78	 1.14	321.42	298.54	308.73	284.53	303.37	0	56.91
2010	12	11	16.734	5823.6973	344.6972	10.6972	 1.69	 0.12	203.69	 2.20	 5.51	 1.00	10.75	 0.99	317.93	299.21	310.40	285.95	304.81	0	57.19
2010	12	11	17.635	5823.7349	344.7348	10.7348	 1.71	 0.11	207.38	 2.07	 4.38	 1.00	10.77	 1.10	316.84	299.70	310.74	284.75	305.83	0	56.95
2010	12	11	19.847	5823.8271	344.8269	10.8269	 1.65	 0.21	192.48	 3.97	 5.10	 1.00	10.73	 0.89	322.51	298.67	313.39	281.11	306.76	0	56.22
2010	12	11	20.719	5823.8633	344.8633	10.8633	 2.01	 0.21	208.32	 2.71	19.38	 0.99	10.73	 1.17	322.48	297.29	311.82	279.60	305.59	0	55.92
2010	12	11	21.660	5823.9023	344.9025	10.9025	 1.81	 0.21	198.08	 3.23	 7.14	 1.00	10.78	 1.05	319.86	294.90	305.60	275.63	303.45	0	55.13
2010	12	12	0.333	5824.0137	345.0139	11.0139	 1.48	 0.07	215.14	 1.93	34.21	 0.70	10.75	 1.16	321.34	283.59	290.13	269.60	289.44	0	53.92
2010	12	12	0.776	5824.0322	345.0323	11.0323	 1.74	 0.09	202.78	 1.67	 7.46	 0.98	10.83	 1.20	321.32	283.61	288.56	269.63	 0.00	0	53.93
2010	12	12	1.219	5824.0508	345.0508	11.0508	 1.66	 0.09	205.57	 1.75	 2.81	 1.00	10.73	 1.12	321.37	283.63	292.68	269.67	290.26	0	53.93
2010	12	12	1.661	5824.0693	345.0692	11.0692	 1.61	 0.09	205.54	 1.85	 1.19	 1.00	10.73	 1.12	321.23	283.65	290.93	269.50	290.35	0	53.90
2010	12	12	2.126	5824.0884	345.0886	11.0886	 1.61	 0.08	202.58	 1.66	 0.03	 1.00	10.75	 1.17	321.36	283.64	289.83	269.54	291.80	0	53.91
2010	12	12	2.568	5824.1069	345.1070	11.1070	 1.65	 0.10	203.00	 1.87	 2.03	 1.00	10.78	 1.20	321.16	283.54	290.38	269.41	291.77	0	53.88
2010	12	12	3.014	5824.1255	345.1256	11.1256	 1.59	 0.13	197.87	 2.76	 4.33	 1.00	10.85	 1.08	321.12	283.26	289.83	 0.00	290.46	0	54.00
2010	12	12	3.455	5824.1440	345.1440	11.1440	 1.66	 0.08	205.99	 1.62	 4.89	 0.99	10.75	 1.28	321.06	283.01	293.25	268.91	289.06	0	53.78
2010	12	12	7.923	5824.3301	345.3301	11.3301	 1.45	 0.06	199.49	 1.61	 1.92	 1.00	10.88	 1.18	321.58	279.02	282.63	265.58	285.43	0	53.12
2010	12	12	8.835	5824.3682	345.3681	11.3681	 1.46	 0.06	205.37	 1.63	 1.86	 1.00	10.77	 1.26	321.42	279.60	286.38	 0.00	286.15	0	54.00
2010	12	12	9.276	5824.3867	345.3865	11.3865	 1.40	 0.07	202.87	 2.04	 5.55	 0.99	10.75	 1.24	321.38	279.83	284.74	 0.00	284.91	0	54.00
2010	12	12	10.156	5824.4233	345.4232	11.4232	 1.38	 0.07	200.09	 2.09	 4.90	 1.00	10.75	 1.24	321.27	280.81	285.82	267.82	285.58	0	53.56
2010	12	12	10.597	5824.4414	345.4415	11.4415	 1.52	 0.08	201.36	 1.93	 0.97	 1.00	10.83	 1.28	321.44	281.86	287.80	 0.00	286.54	0	54.00
2010	12	12	12.376	5824.5156	345.5157	11.5156	 1.48	 0.07	201.13	 1.69	 4.75	 0.99	10.73	 1.24	321.96	287.88	294.89	280.27	297.67	0	56.05
2010	12	12	12.813	5824.5337	345.5339	11.5339	 1.58	 0.11	202.81	 2.30	 2.44	 1.00	10.73	 1.14	321.33	289.74	296.60	281.91	296.72	0	56.38
2010	12	12	14.151	5824.5898	345.5896	11.5896	 1.72	 0.09	207.03	 1.60	 1.61	 1.00	10.73	 1.17	322.11	294.50	305.16	281.47	300.30	0	56.29
2010	12	12	14.588	5824.6079	345.6078	11.6078	 1.48	 0.06	204.75	 1.47	 3.25	 0.99	10.73	 1.19	319.48	295.76	305.10	282.35	302.72	0	56.47
2010	12	12	15.923	5824.6636	345.6635	11.6635	 1.35	 0.07	208.79	 2.09	 1.64	 1.00	10.73	 1.05	321.98	298.51	311.51	284.54	304.64	0	56.91
2010	12	12	16.361	5824.6816	345.6817	11.6817	 1.85	 0.12	200.68	 1.87	 5.12	 1.00	10.72	 1.08	318.24	299.15	308.15	285.59	305.40	0	57.12
2010	12	12	16.799	5824.6997	345.7000	11.6999	 1.82	 0.22	203.63	 3.51	 5.98	 1.00	10.77	 1.10	319.22	299.57	309.46	284.82	306.14	0	56.96
2010	12	12	18.138	5824.7559	345.7557	11.7557	 1.48	 0.18	194.54	 4.46	12.45	 1.00	10.73	 0.88	318.81	299.31	310.75	281.83	306.56	0	56.37
2010	12	12	19.913	5824.8296	345.8297	11.8297	 2.17	 0.16	207.04	 1.70	 8.80	 0.98	10.77	 1.27	319.12	297.54	308.85	284.79	307.56	0	56.96
2010	12	12	21.230	5824.8848	345.8846	11.8846	 1.67	 0.15	193.05	 2.79	14.60	 0.99	10.77	 0.99	320.93	295.03	308.12	279.43	303.62	0	55.89
2010	12	12	23.492	5824.9790	345.9789	11.9788	 1.47	 0.12	198.79	 2.96	15.44	 0.99	10.85	 1.28	321.85	287.89	296.66	 0.00	295.25	0	54.00
2010	12	12	23.938	5824.9976	345.9974	11.9974	 1.23	 0.07	195.65	 2.64	 3.16	 1.00	10.88	 1.12	321.87	286.58	294.24	264.72	293.56	0	52.94
2010	12	13	0.846	5825.0352	346.0353	12.0353	 1.24	 0.06	197.16	 2.24	 7.96	 0.99	10.83	 1.19	322.69	284.91	293.16	265.16	290.47	0	53.03
2010	12	13	2.173	5825.0903	346.0905	12.0905	 1.18	 0.07	195.00	 2.60	 8.88	 0.99	10.70	 1.22	321.03	283.48	290.91	 0.00	291.60	0	54.00
2010	12	13	2.636	5825.1099	346.1098	12.1098	 1.15	 0.06	196.15	 2.42	 0.40	 1.00	10.83	 1.16	320.81	283.19	291.39	267.66	290.14	0	53.53
2010	12	13	3.082	5825.1284	346.1284	12.1284	 1.19	 0.04	200.90	 1.60	 1.56	 1.00	10.72	 1.24	320.76	282.98	289.86	267.76	289.94	0	53.55
2010	12	13	3.521	5825.1465	346.1467	12.1467	 1.22	 0.09	197.40	 3.12	 5.98	 1.00	10.73	 1.14	320.61	282.85	290.70	267.66	289.85	0	53.53
2010	12	13	3.962	5825.1650	346.1651	12.1651	 1.22	 0.05	199.87	 1.87	 5.01	 0.99	10.82	 1.18	320.84	282.64	290.71	266.93	 0.00	0	53.39
2010	12	13	4.403	5825.1836	346.1835	12.1835	 1.20	 0.06	202.16	 2.27	 2.49	 1.00	10.73	 1.27	321.50	282.47	290.38	 0.00	 0.00	0	54.00
2010	12	13	4.869	5825.2031	346.2029	12.2029	 1.26	 0.05	203.98	 1.93	 2.53	 1.00	10.83	 1.28	322.63	282.29	290.18	264.81	 0.00	0	52.96
2010	12	13	6.202	5825.2583	346.2584	12.2584	 1.11	 0.05	201.76	 2.33	 4.45	 1.00	10.77	 1.15	323.10	281.92	287.78	264.39	289.49	0	52.88
2010	12	13	6.641	5825.2769	346.2767	12.2767	 1.29	 0.07	203.25	 2.48	 2.18	 1.00	10.88	 1.26	323.44	281.79	288.14	264.41	289.70	0	52.88
2010	12	13	7.108	5825.2964	346.2961	12.2962	 1.22	 0.08	200.11	 2.95	 8.21	 1.00	10.88	 1.17	323.42	281.67	287.88	264.42	289.66	0	52.88
2010	12	13	7.549	5825.3145	346.3146	12.3146	 1.16	 0.07	198.86	 2.88	 3.81	 1.00	10.80	 1.16	323.07	281.55	285.63	264.43	287.98	0	52.89
2010	12	13	8.434	5825.3516	346.3514	12.3514	 1.29	 0.07	202.23	 2.42	 4.65	 1.00	10.78	 1.30	323.16	281.33	288.50	264.37	287.71	0	52.87
2010	12	13	10.226	5825.4263	346.4261	12.4261	 1.11	 0.06	198.53	 2.68	 7.44	 0.99	10.75	 1.19	323.36	281.23	288.42	264.36	287.52	0	52.87
2010	12	13	10.668	5825.4443	346.4445	12.4445	 1.14	 0.05	199.69	 2.25	 3.10	 1.00	10.82	 1.26	323.27	281.50	287.45	264.69	286.24	0	52.94
2010	12	13	11.577	5825.4824	346.4824	12.4824	 1.06	 0.06	194.08	 2.81	 5.13	 1.00	10.93	 1.23	323.41	282.57	288.94	267.96	289.00	0	53.59
2010	12	13	13.796	5825.5747	346.5748	12.5748	 0.88	 0.06	187.81	 3.59	11.16	 0.98	10.75	 1.22	324.19	289.20	297.43	272.25	294.23	0	54.45
2010	12	13	14.233	5825.5933	346.5930	12.5931	 0.91	 0.06	188.59	 3.61	10.79	 0.99	10.73	 1.29	324.28	290.26	299.76	270.64	297.80	0	54.13
2010	12	13	16.011	5825.6670	346.6671	12.6671	 1.01	 0.09	183.96	 4.59	 2.31	 1.00	10.77	 1.19	324.38	293.29	302.00	 0.00	300.37	0	54.00
2010	12	13	19.541	5825.8145	346.8142	12.8142	 1.20	 0.10	206.63	 4.11	18.52	 0.99	10.75	 1.12	324.08	295.19	305.85	275.82	302.31	0	55.16
2010	12	13	21.322	5825.8882	346.8884	12.8884	 1.43	 0.11	191.70	 2.78	 2.45	 1.00	10.75	 0.96	323.65	291.91	301.90	 0.00	299.38	0	54.00
2010	12	13	21.762	5825.9067	346.9067	12.9067	 2.03	 0.13	199.29	 1.51	 6.48	 0.98	10.73	 1.25	323.79	290.97	299.75	274.74	296.74	0	54.95
2010	12	13	23.147	5825.9644	346.9644	12.9644	 1.30	 0.09	187.62	 2.67	23.02	 0.94	10.85	 1.19	323.82	286.44	286.04	 0.00	 0.00	0	54.00
2010	12	13	23.591	5825.9829	346.9829	12.9830	 1.31	 0.07	197.57	 2.33	 6.15	 0.99	10.75	 1.21	323.85	285.03	292.69	261.49	290.59	0	52.30
2010	12	14	0.029	5826.0010	347.0012	13.0012	 1.20	 0.08	192.62	 2.97	 3.54	 1.00	10.73	 1.21	323.57	283.72	291.33	 0.00	291.60	0	54.00
2010	12	14	0.474	5826.0195	347.0197	13.0197	 1.01	 0.05	195.33	 2.84	 4.09	 1.00	10.75	 1.26	323.41	282.51	291.88	 0.00	290.23	0	54.00
2010	12	14	1.390	5826.0581	347.0579	13.0579	 0.61	 0.04	152.30	 4.41	 1.46	 1.00	10.80	 1.28	323.99	280.42	286.62	260.39	286.09	0	52.08
2010	12	14	2.274	5826.0947	347.0948	13.0947	 0.48	 0.05	153.29	 7.29	 1.48	 1.00	10.80	 1.29	323.63	279.20	285.22	263.02	284.00	0	52.60
2010	12	14	3.635	5826.1514	347.1515	13.1515	 0.36	 0.05	170.47	13.72	 2.75	 1.00	10.77	 1.21	323.59	278.56	284.34	262.76	 0.00	0	52.55
2010	12	14	4.084	5826.1699	347.1702	13.1702	 0.21	 0.06	197.94	37.02	34.63	 0.84	10.93	 1.09	323.79	278.27	281.64	 0.00	286.32	0	54.00
2010	12	14	4.530	5826.1890	347.1888	13.1888	 0.44	 0.06	153.05	11.59	 4.51	 1.00	11.05	 1.20	324.08	278.13	286.43	264.44	286.19	0	52.89
2010	12	14	5.452	5826.2271	347.2271	13.2272	 0.53	 0.04	152.09	 5.83	 1.84	 1.00	10.80	 1.27	323.71	277.98	285.83	263.87	 0.00	0	52.77
2010	12	14	7.711	5826.3213	347.3213	13.3213	 0.86	 0.04	194.18	 2.76	 1.76	 1.00	10.82	 1.20	322.50	277.54	283.77	 0.00	284.06	0	54.00
2010	12	14	8.601	5826.3584	347.3584	13.3584	 0.87	 0.04	187.41	 2.92	 3.78	 1.00	10.85	 1.20	322.17	277.55	281.53	261.06	282.54	0	52.21
2010	12	14	9.045	5826.3770	347.3769	13.3769	 0.91	 0.05	193.02	 3.10	 8.28	 0.99	10.72	 1.30	322.18	277.56	284.39	261.44	283.82	0	52.29
2010	12	14	9.956	5826.4150	347.4148	13.4148	 0.81	 0.05	193.16	 3.66	 6.16	 0.99	10.73	 1.21	320.37	277.59	281.47	 0.00	 0.00	0	54.00
2010	12	14	10.396	5826.4331	347.4332	13.4332	 0.86	 0.05	195.57	 3.76	 6.92	 0.99	10.87	 1.27	320.37	278.17	286.24	 0.00	285.52	0	54.00
2010	12	14	11.718	5826.4883	347.4883	13.4882	 0.82	 0.06	188.38	 4.13	 5.25	 1.00	10.73	 1.25	320.58	281.17	286.66	 0.00	287.96	0	54.00
2010	12	14	12.181	5826.5073	347.5075	13.5075	 0.75	 0.03	194.15	 2.89	 3.26	 0.99	10.78	 1.23	320.95	282.50	288.16	269.90	289.70	0	53.98
2010	12	14	12.618	5826.5259	347.5257	13.5257	 0.59	 0.04	194.53	 5.17	15.54	 0.93	10.73	 1.03	321.23	283.81	289.01	270.80	291.27	0	54.16
2010	12	14	14.395	5826.5996	347.5998	13.5998	 0.73	 0.04	201.17	 4.34	 6.35	 0.99	10.77	 1.04	319.88	290.49	297.85	278.32	298.24	0	55.66
2010	12	14	15.270	5826.6362	347.6363	13.6362	 1.37	 0.05	200.32	 1.51	 6.64	 0.96	10.73	 1.25	319.83	293.58	303.52	283.36	302.40	0	56.67
2010	12	14	15.708	5826.6543	347.6545	13.6545	 1.45	 0.06	203.74	 1.51	 7.55	 0.95	10.72	 1.26	320.41	295.01	305.19	284.66	301.76	0	56.93
2010	12	14	16.145	5826.6729	347.6727	13.6727	 1.48	 0.06	204.73	 1.50	12.08	 0.88	10.75	 1.17	321.81	296.36	306.57	288.44	302.61	0	57.69
2010	12	14	16.607	5826.6919	347.6920	13.6920	 2.04	 0.14	203.29	 1.75	 4.26	 1.00	10.75	 1.11	321.55	297.51	307.09	283.66	303.82	0	56.73
2010	12	14	19.694	5826.8208	347.8206	13.8206	 1.67	 0.13	195.49	 2.35	 0.46	 1.00	10.73	 0.98	321.96	297.24	309.19	277.87	307.07	0	55.57
2010	12	14	20.574	5826.8574	347.8572	13.8572	 1.84	 0.17	204.65	 2.67	 6.13	 1.00	10.70	 1.19	322.50	295.40	307.92	276.05	303.24	0	55.21
2010	12	14	21.037	5826.8765	347.8765	13.8765	 1.66	 0.13	192.31	 2.45	 8.47	 1.00	10.77	 1.01	322.77	294.31	302.34	274.86	302.26	0	54.97
2010	12	14	23.775	5826.9907	347.9906	13.9906	 2.36	 0.17	202.97	 1.41	 4.21	 0.99	10.72	 1.24	323.23	285.78	295.55	 0.00	291.06	0	54.00
2010	12	15	0.218	5827.0093	348.0091	14.0091	 1.71	 0.15	197.41	 2.67	 1.58	 1.00	10.83	 1.03	323.77	284.76	290.33	263.42	289.70	0	52.68
2010	12	15	1.108	5827.0464	348.0461	14.0462	 1.66	 0.15	233.44	 3.50	381.94	 0.11	10.78	 1.19	324.07	283.27	289.00	264.68	289.77	0	52.94
2010	12	15	1.574	5827.0654	348.0656	14.0656	 2.11	 0.14	208.35	 1.58	 3.91	 1.00	10.87	 1.20	324.00	282.97	289.83	264.49	289.25	0	52.90
2010	12	15	3.347	5827.1396	348.1395	14.1395	 1.88	 0.11	206.70	 1.58	 5.02	 0.99	10.90	 1.29	324.08	282.40	288.64	264.41	288.92	0	52.88
2010	12	15	3.815	5827.1592	348.1590	14.1590	 1.77	 0.12	201.68	 2.02	 4.39	 1.00	10.78	 1.14	324.06	282.11	287.50	264.63	287.13	0	52.93
2010	12	15	6.051	5827.2520	348.2521	14.2521	 1.75	 0.10	207.72	 1.70	 2.36	 1.00	10.77	 1.20	323.74	280.44	287.22	261.98	288.01	0	52.40
2010	12	15	6.491	5827.2705	348.2705	14.2705	 1.67	 0.08	204.45	 1.60	 5.11	 0.99	10.80	 1.21	323.77	280.17	285.61	261.89	 0.00	0	52.38
2010	12	15	7.819	5827.3257	348.3258	14.3258	 1.31	 0.06	197.74	 2.05	 5.91	 0.99	10.77	 1.24	324.35	279.48	284.62	261.84	286.78	0	52.37
2010	12	15	8.731	5827.3638	348.3638	14.3638	 1.01	 0.06	194.12	 2.97	 4.94	 1.00	10.95	 1.24	324.32	278.99	284.38	261.49	284.95	0	52.30
2010	12	15	10.068	5827.4194	348.4195	14.4195	 0.44	 0.06	149.24	11.05	 4.21	 1.00	11.07	 1.17	324.09	278.98	271.18	264.31	284.63	0	52.86
2010	12	15	11.870	5827.4946	348.4946	14.4946	 0.33	 0.06	257.35	28.83	127.80	 0.79	10.87	 1.25	324.11	282.99	289.47	271.12	289.74	0	54.22
2010	12	15	15.419	5827.6426	348.6425	14.6425	 0.57	 0.05	201.93	 7.92	44.41	 0.87	10.73	 1.03	323.74	291.91	299.18	279.66	298.27	0	55.93
2010	12	15	15.857	5827.6606	348.6607	14.6607	 1.09	 0.06	192.33	 2.78	 4.72	 1.00	10.73	 1.11	324.19	293.42	300.14	279.74	300.62	0	55.95
2010	12	15	16.295	5827.6792	348.6790	14.6790	 1.30	 0.08	179.64	 2.30	55.17	 0.54	10.73	 1.22	324.24	294.86	303.32	281.20	302.22	0	56.24
2010	12	15	20.727	5827.8638	348.8636	14.8636	 1.23	 0.08	195.67	 2.97	 7.83	 1.00	10.73	 1.23	324.19	294.00	304.31	273.18	302.00	0	54.64
2010	12	15	22.075	5827.9199	348.9198	14.9198	 1.09	 0.24	209.61	11.28	80.06	 1.00	10.82	 1.17	324.01	290.56	302.65	268.19	299.39	0	53.64
2010	12	15	22.520	5827.9385	348.9384	14.9383	 1.35	 0.10	200.40	 2.84	11.87	 0.99	10.77	 1.28	323.96	288.98	298.58	 0.00	297.38	0	54.00
2010	12	16	0.341	5828.0142	349.0142	15.0142	 0.91	 0.04	177.50	 2.50	 3.36	 1.00	10.77	 1.20	323.59	283.91	292.60	263.35	291.96	0	52.67
2010	12	16	1.229	5828.0513	349.0512	15.0512	 0.44	 0.05	172.30	10.60	 3.59	 1.00	10.92	 1.12	323.59	282.47	287.71	 0.00	 0.00	0	54.00
2010	12	16	2.141	5828.0894	349.0892	15.0892	 0.68	 0.05	162.90	 4.23	 7.41	 0.99	10.80	 1.22	323.65	281.78	291.04	264.44	289.97	0	52.89
2010	12	16	3.027	5828.1260	349.1261	15.1261	 0.45	 0.04	173.84	 7.99	 3.01	 1.00	10.92	 1.18	323.55	281.35	286.21	 0.00	286.64	0	54.00
2010	12	16	3.911	5828.1631	349.1629	15.1629	 0.45	 0.05	168.05	 9.55	 9.09	 0.99	10.75	 1.17	323.58	280.79	286.08	264.56	288.91	0	52.91
2010	12	16	4.818	5828.2007	349.2007	15.2007	 0.35	 0.06	177.37	17.65	11.68	 0.99	10.82	 1.11	323.49	280.43	283.69	264.41	288.53	0	52.88
2010	12	16	5.265	5828.2192	349.2194	15.2194	 0.61	 0.04	162.44	 3.91	 2.86	 1.00	10.78	 1.28	323.56	280.36	286.41	264.39	285.60	0	52.88
2010	12	16	7.959	5828.3315	349.3316	15.3316	 0.50	 0.04	177.53	 7.33	12.15	 0.97	10.77	 1.26	323.16	279.66	286.26	264.46	287.65	0	52.89
2010	12	16	8.400	5828.3501	349.3500	15.3500	 0.58	 0.03	169.66	 3.40	 5.78	 0.94	10.75	 1.26	323.19	279.52	287.41	264.44	286.09	0	52.89
2010	12	16	11.104	5828.4629	349.4627	15.4627	 0.66	 0.06	168.04	 5.58	 5.95	 1.00	10.78	 1.26	323.38	281.43	289.14	 0.00	287.81	0	54.00
2010	12	16	11.543	5828.4810	349.4810	15.4810	 0.48	 0.04	174.07	 6.15	 4.00	 0.99	10.73	 1.18	323.42	282.60	285.77	271.17	289.28	0	54.23
2010	12	16	12.422	5828.5176	349.5176	15.5176	 0.63	 0.04	183.57	 4.92	 3.19	 1.00	10.78	 1.26	323.70	285.43	292.86	272.49	290.44	0	54.50
2010	12	16	12.860	5828.5356	349.5358	15.5358	 0.67	 0.03	179.08	 3.55	 2.02	 1.00	10.75	 1.28	323.88	286.88	295.37	272.67	294.45	0	54.53
2010	12	16	14.201	5828.5918	349.5917	15.5917	 0.53	 0.04	180.12	 6.09	31.20	 0.74	10.80	 1.06	324.40	292.09	296.55	277.82	302.89	0	55.56
2010	12	16	14.638	5828.6099	349.6099	15.6099	 0.69	 0.04	185.86	 4.14	13.84	 0.94	10.75	 1.17	324.64	293.65	303.29	278.16	301.78	0	55.63
2010	12	16	15.075	5828.6279	349.6281	15.6281	 0.79	 0.05	193.04	 3.97	19.07	 0.94	10.75	 1.09	324.75	295.19	303.99	281.01	305.95	0	56.20
2010	12	16	15.537	5828.6475	349.6474	15.6474	 0.77	 0.06	185.47	 4.63	15.19	 0.98	10.77	 1.14	323.82	296.49	306.01	279.46	304.01	0	55.89
2010	12	16	17.290	5828.7202	349.7204	15.7204	 0.98	 0.06	193.37	 3.48	 2.76	 1.00	10.83	 1.12	323.22	298.91	310.25	280.54	306.54	0	56.11
2010	12	16	19.973	5828.8320	349.8322	15.8322	 1.39	 0.13	200.58	 3.79	16.05	 1.00	10.75	 1.11	323.46	296.29	307.71	276.73	306.45	0	55.35
2010	12	16	23.521	5828.9800	349.9800	15.9800	 0.81	 0.27	197.83	21.75	56.27	 1.00	10.97	 1.17	324.40	286.26	295.10	264.36	293.10	0	52.87
2010	12	17	1.351	5829.0562	350.0563	16.0563	 0.59	 0.06	185.51	 7.68	 3.92	 1.00	10.88	 1.10	324.54	283.57	289.93	265.71	 0.00	0	53.14
2010	12	17	2.705	5829.1128	350.1127	16.1127	 0.85	 0.03	176.83	 2.20	 7.27	 0.93	10.78	 1.22	324.53	282.70	291.19	264.53	289.39	0	52.91
2010	12	17	3.147	5829.1313	350.1311	16.1311	 0.67	 0.04	179.22	 4.56	 4.38	 1.00	10.85	 1.22	324.39	282.40	289.58	264.45	287.57	0	52.89
2010	12	17	3.592	5829.1499	350.1497	16.1497	 0.70	 0.03	183.92	 3.39	 4.19	 0.99	10.83	 1.26	324.32	282.09	288.41	264.48	288.70	0	52.90
2010	12	17	7.174	5829.2988	350.2990	16.2989	 0.88	 0.04	184.80	 2.75	 5.16	 0.99	10.88	 1.26	324.30	281.85	288.56	 0.00	 0.00	0	54.00
2010	12	17	8.070	5829.3364	350.3362	16.3362	 0.66	 0.04	177.77	 3.98	 3.43	 1.00	11.02	 1.23	324.14	281.63	289.50	264.35	286.82	0	52.87
2010	12	17	8.958	5829.3730	350.3732	16.3732	 0.47	 0.04	181.81	 8.41	 1.70	 1.00	10.92	 1.13	324.20	281.26	286.34	264.42	289.40	0	52.88
2010	12	17	9.425	5829.3926	350.3927	16.3927	 0.60	 0.04	176.41	 4.59	 2.72	 1.00	10.85	 1.23	324.23	281.21	286.93	264.29	286.31	0	52.86
2010	12	17	9.868	5829.4111	350.4112	16.4112	 0.38	 0.04	189.46	11.67	13.57	 0.97	10.72	 1.08	324.18	281.28	287.08	266.77	289.16	0	53.35
2010	12	17	10.309	5829.4297	350.4295	16.4295	 0.58	 0.04	177.50	 5.36	 4.52	 1.00	10.73	 1.22	324.22	281.80	290.02	267.00	288.02	0	53.40
2010	12	17	12.974	5829.5405	350.5406	16.5406	 0.49	 0.05	189.23	 8.99	14.51	 0.98	10.72	 1.11	324.83	289.47	295.96	276.62	299.85	0	55.32
2010	12	17	13.412	5829.5591	350.5588	16.5588	 0.80	 0.06	188.48	 4.82	16.54	 0.98	10.73	 1.25	324.84	291.07	299.77	280.04	298.69	0	56.01
2010	12	17	13.876	5829.5781	350.5782	16.5781	 0.86	 0.03	190.35	 2.27	 3.64	 0.99	10.82	 1.23	325.11	292.92	302.87	281.74	300.63	0	56.35
2010	12	17	14.315	5829.5967	350.5965	16.5965	 0.65	 0.05	195.18	 5.90	10.46	 0.99	10.75	 0.99	325.08	294.63	303.47	282.78	303.05	0	56.56
2010	12	17	14.753	5829.6147	350.6147	16.6147	 0.86	 0.04	198.63	 2.95	 5.43	 0.99	10.72	 1.07	324.50	296.23	307.06	285.25	304.56	0	57.05
2010	12	17	15.190	5829.6328	350.6329	16.6329	 1.04	 0.06	200.71	 3.30	 8.86	 0.99	10.73	 1.08	324.00	297.70	309.67	287.13	305.68	0	57.43
2010	12	17	16.090	5829.6704	350.6704	16.6704	 1.38	 0.08	198.78	 2.41	15.96	 0.96	10.77	 1.00	317.86	299.62	311.30	285.97	305.39	0	57.19
2010	12	17	17.406	5829.7251	350.7252	16.7252	 1.19	 0.05	197.97	 2.06	 9.32	 0.96	10.80	 1.09	323.17	301.21	311.50	289.79	 0.00	0	57.96
2010	12	17	19.619	5829.8174	350.8174	16.8175	 1.20	 0.07	200.76	 2.50	 6.79	 0.99	10.73	 1.06	323.43	298.35	310.80	276.22	308.26	0	55.24
2010	12	17	20.521	5829.8550	350.8550	16.8550	 1.38	 0.06	202.92	 1.77	 3.78	 0.99	10.73	 1.13	324.21	296.25	307.68	274.93	305.73	0	54.99
2010	12	17	22.764	5829.9482	350.9485	16.9485	 1.21	 0.54	196.69	20.10	292.04	 1.00	10.77	 0.98	325.25	289.39	299.03	265.32	 0.00	0	53.06
2010	12	17	23.204	5829.9668	350.9669	16.9669	 1.24	 0.08	199.26	 2.83	 7.53	 1.00	10.73	 1.25	325.43	287.91	296.60	265.22	294.59	0	53.04
2010	12	18	0.087	5830.0034	351.0036	17.0036	 1.49	 0.08	208.33	 1.93	 2.02	 1.00	10.72	 1.27	324.71	285.75	293.34	265.80	292.09	0	53.16
2010	12	18	1.018	5830.0425	351.0424	17.0424	 1.26	 0.06	204.36	 2.28	 5.05	 1.00	10.85	 1.12	324.78	285.10	291.79	268.34	290.22	0	53.67
2010	12	18	1.903	5830.0791	351.0793	17.0793	 1.40	 0.07	206.46	 1.97	 2.27	 1.00	10.90	 1.17	324.39	284.69	291.19	 0.00	292.87	0	54.00
2010	12	18	2.345	5830.0977	351.0977	17.0977	 1.52	 0.06	205.79	 1.38	 6.99	 0.95	10.77	 1.18	324.37	284.51	290.03	267.77	291.19	0	53.55
2010	12	18	2.785	5830.1162	351.1160	17.1160	 1.45	 0.06	209.51	 1.73	 1.59	 1.00	10.73	 1.22	324.21	284.26	290.56	267.57	 0.00	0	53.51
2010	12	18	3.253	5830.1357	351.1356	17.1355	 1.43	 0.06	205.89	 1.56	 0.42	 1.00	10.77	 1.22	321.00	284.07	291.62	266.99	289.31	0	53.40
2010	12	18	12.630	5830.5264	351.5262	17.5263	 0.68	 0.04	191.14	 4.66	 3.63	 1.00	10.73	 1.23	318.12	279.69	286.86	275.72	286.87	0	55.14
2010	12	18	13.943	5830.5811	351.5810	17.5810	 0.74	 0.04	199.62	 3.73	 3.14	 1.00	10.73	 1.09	318.18	287.53	293.93	280.15	295.45	0	56.03
2010	12	18	14.405	5830.6001	351.6002	17.6002	 0.81	 0.04	205.43	 3.02	 3.15	 1.00	10.77	 1.10	316.05	289.89	298.28	282.56	297.04	0	56.51
2010	12	18	15.716	5830.6548	351.6548	17.6548	 1.35	 0.09	199.41	 2.70	 5.34	 1.00	10.73	 0.95	316.81	294.97	307.62	287.80	302.01	0	57.56
2010	12	18	16.154	5830.6729	351.6731	17.6731	 1.26	 0.07	207.30	 2.35	 2.43	 1.00	10.72	 1.09	317.46	296.12	307.06	288.62	302.23	0	57.72
2010	12	18	16.618	5830.6924	351.6924	17.6924	 1.29	 0.05	203.53	 1.69	 2.49	 1.00	10.75	 1.25	320.17	297.69	306.84	289.63	303.69	0	57.93
2010	12	18	17.056	5830.7104	351.7107	17.7107	 1.42	 0.08	206.78	 2.15	 3.63	 1.00	10.70	 1.17	317.88	298.44	309.32	284.96	303.66	0	56.99
2010	12	18	17.929	5830.7471	351.7470	17.7470	 1.42	 0.09	203.46	 2.34	 7.35	 0.99	10.75	 1.04	318.07	298.78	309.16	282.41	305.63	0	56.48
2010	12	18	18.366	5830.7651	351.7652	17.7652	 1.40	 0.10	202.75	 2.79	 2.65	 1.00	10.73	 0.99	321.58	298.75	312.02	281.30	305.83	0	56.26
2010	12	18	18.828	5830.7847	351.7845	17.7845	 1.93	 0.17	207.21	 2.35	 3.85	 1.00	10.77	 1.18	322.31	298.52	308.96	279.34	 0.00	0	55.87
2010	12	18	19.705	5830.8213	351.8210	17.8211	 2.01	 0.15	207.50	 1.92	 2.37	 1.00	10.70	 1.18	322.53	297.38	309.72	277.37	 0.00	0	55.47
2010	12	18	23.728	5830.9888	351.9887	17.9887	 2.45	 0.21	212.23	 1.65	 3.00	 1.00	10.82	 1.23	321.38	286.40	295.81	264.83	293.15	0	52.97
2010	12	19	0.171	5831.0073	352.0071	18.0071	 2.73	 0.30	207.03	 1.65	 3.67	 1.00	10.88	 1.17	321.41	285.66	291.76	267.14	293.62	0	53.43
2010	12	19	1.994	5831.0830	352.0831	18.0831	 2.26	 0.20	210.02	 1.93	 4.96	 1.00	11.02	 1.15	321.16	284.65	291.30	268.24	293.14	0	53.65
2010	12	19	2.436	5831.1016	352.1015	18.1015	 2.45	 0.18	207.53	 1.36	 4.82	 0.99	10.77	 1.16	321.21	284.46	291.53	 0.00	289.97	0	54.00
2010	12	19	3.319	5831.1382	352.1383	18.1383	 2.33	 0.18	207.99	 1.58	 1.07	 1.00	10.87	 1.19	321.77	284.01	291.84	 0.00	292.10	0	54.00
2010	12	19	5.554	5831.2314	352.2314	18.2314	 2.16	 0.16	205.28	 1.69	 3.27	 1.00	10.70	 1.13	325.18	283.17	287.33	265.02	290.91	0	53.00
2010	12	19	8.268	5831.3447	352.3445	18.3445	 2.78	 0.32	207.12	 1.73	 1.13	 1.00	10.87	 1.17	325.82	282.86	287.26	265.78	287.63	0	53.16
2010	12	19	8.712	5831.3628	352.3630	18.3630	 2.54	 0.18	211.56	 1.27	 0.88	 1.00	10.73	 1.27	325.85	282.87	288.97	265.97	287.60	0	53.19
2010	12	19	9.157	5831.3813	352.3816	18.3816	 2.33	 0.19	208.76	 1.70	 1.91	 1.00	10.85	 1.24	325.77	282.81	288.78	 0.00	290.37	0	54.00
2010	12	19	10.960	5831.4565	352.4567	18.4567	 2.20	 0.16	208.26	 1.64	 3.46	 1.00	10.80	 1.25	325.99	284.09	290.50	 0.00	 0.00	0	54.00
2010	12	19	12.279	5831.5117	352.5116	18.5116	 2.03	 0.12	207.18	 1.50	 0.87	 1.00	10.78	 1.27	325.98	287.74	293.03	275.38	295.80	0	55.08
2010	12	19	12.743	5831.5308	352.5309	18.5309	 2.06	 0.12	211.57	 1.41	 1.80	 1.00	10.75	 1.26	325.35	289.32	297.32	276.14	296.61	0	55.23
2010	12	19	13.616	5831.5674	352.5674	18.5674	 1.92	 0.12	209.36	 1.68	 1.65	 1.00	10.77	 1.24	324.99	292.61	301.22	278.22	299.89	0	55.64
2010	12	19	14.054	5831.5854	352.5856	18.5856	 1.80	 0.13	206.60	 2.13	 5.04	 1.00	10.72	 1.16	324.12	294.06	302.48	 0.00	301.97	0	54.00
2010	12	19	15.391	5831.6411	352.6413	18.6413	 1.86	 0.12	208.55	 1.78	 3.63	 1.00	10.73	 1.15	322.69	297.76	307.78	282.55	304.49	0	56.51
2010	12	19	15.828	5831.6597	352.6595	18.6595	 1.78	 0.14	201.77	 2.35	 3.05	 1.00	10.73	 1.02	320.66	298.47	308.62	282.41	304.94	0	56.48
2010	12	19	17.164	5831.7153	352.7152	18.7152	 2.04	 0.11	207.65	 1.32	 3.55	 0.99	10.80	 1.17	317.54	299.99	311.81	285.52	305.58	0	57.10
2010	12	19	18.041	5831.7520	352.7517	18.7517	 1.53	 0.10	204.64	 2.42	 4.88	 1.00	10.73	 1.04	324.80	300.27	313.00	286.99	307.86	0	57.40
2010	12	19	18.479	5831.7700	352.7700	18.7700	 1.50	 0.15	192.63	 3.42	14.41	 1.00	10.73	 0.96	322.73	300.10	314.13	283.66	308.89	0	56.73
2010	12	19	19.382	5831.8076	352.8076	18.8076	 1.45	 0.15	204.51	 3.93	 8.82	 1.00	10.77	 1.02	322.99	298.83	315.00	278.94	304.43	0	55.79
2010	12	19	19.821	5831.8257	352.8259	18.8259	 1.38	 0.17	201.20	 4.91	39.92	 0.99	10.73	 0.95	323.66	297.96	310.74	277.92	 0.00	0	55.58
2010	12	19	21.145	5831.8809	352.8810	18.8810	 1.83	 0.19	198.67	 2.87	 8.83	 1.00	10.90	 1.08	325.08	294.94	306.39	274.53	302.44	0	54.91
2010	12	19	23.377	5831.9741	352.9741	18.9741	 1.41	 0.08	206.14	 2.31	 1.38	 1.00	10.98	 1.17	323.51	288.05	296.92	265.04	293.54	0	53.01
2010	12	19	23.849	5831.9937	352.9937	18.9937	 1.47	 0.07	205.67	 1.77	 2.26	 1.00	10.93	 1.18	320.29	286.68	294.18	 0.00	 0.00	0	54.00
2010	12	20	5.217	5832.2173	353.2173	19.2174	 1.99	 0.11	210.72	 1.50	 3.00	 1.00	10.73	 1.27	317.81	276.45	283.14	 0.00	284.28	0	54.00
2010	12	20	6.104	5832.2544	353.2543	19.2543	 1.92	 0.14	207.84	 1.96	 1.26	 1.00	10.92	 1.28	317.88	277.48	282.11	264.37	285.78	0	52.87
2010	12	20	8.820	5832.3677	353.3675	19.3675	 1.72	 0.07	211.65	 1.28	10.36	 0.88	10.90	 1.28	317.91	279.26	286.48	264.46	287.60	0	52.89
2010	12	20	11.932	5832.4971	353.4972	19.4972	 1.05	 0.20	241.51	12.16	162.71	 0.99	10.77	 1.27	317.94	285.49	290.94	277.29	292.89	0	55.46
2010	12	20	12.371	5832.5156	353.5154	19.5155	 1.56	 0.10	209.30	 2.43	 2.50	 1.00	10.75	 1.21	317.35	286.98	294.35	279.05	294.88	0	55.81
2010	12	20	13.271	5832.5527	353.5530	19.5530	 2.37	 0.20	207.41	 1.66	 2.24	 1.00	10.77	 1.16	317.89	290.52	298.06	281.74	296.43	0	56.35
2010	12	20	13.708	5832.5713	353.5712	19.5712	 2.19	 0.16	202.93	 1.60	 0.33	 1.00	10.72	 1.04	318.79	292.10	299.57	282.26	300.00	0	56.45
2010	12	20	15.024	5832.6260	353.6260	19.6260	 2.46	 0.19	209.44	 1.44	 1.96	 1.00	10.72	 1.09	321.12	296.85	305.60	289.15	303.22	0	57.83
2010	12	20	15.486	5832.6455	353.6453	19.6453	 2.82	 0.30	214.22	 1.57	 1.01	 1.00	10.75	 1.17	321.68	298.20	307.52	288.58	304.71	0	57.72
2010	12	20	15.926	5832.6636	353.6636	19.6636	 3.27	 0.41	208.82	 1.30	 4.01	 0.99	10.73	 1.03	322.04	298.89	309.62	285.12	306.01	0	57.02
2010	12	20	17.239	5832.7183	353.7183	19.7183	 3.42	 0.54	208.94	 1.45	 3.23	 1.00	10.72	 1.08	318.13	301.06	311.27	288.20	307.34	0	57.64
2010	12	20	18.138	5832.7559	353.7558	19.7558	 3.55	 0.74	214.74	 1.79	 4.01	 1.00	10.73	 1.26	315.56	301.17	312.50	283.85	306.95	0	56.77
2010	12	20	18.576	5832.7739	353.7740	19.7740	 2.70	 0.73	200.87	 4.07	 6.14	 1.00	10.73	 0.93	315.33	300.82	314.08	284.28	307.68	0	56.86
2010	12	20	19.451	5832.8105	353.8105	19.8105	 4.25	 1.54	200.97	 1.70	 4.02	 1.00	10.72	 1.03	315.92	300.02	311.46	285.48	309.52	0	57.10
2010	12	20	20.353	5832.8481	353.8480	19.8480	 5.71	10.17	194.49	 2.50	10.74	 1.00	10.72	 0.89	316.10	298.55	310.64	283.58	306.75	0	56.72
2010	12	20	21.667	5832.9028	353.9028	19.9028	 4.02	 1.11	213.93	 1.65	 4.98	 1.00	10.70	 1.18	315.49	295.70	310.58	 0.00	305.53	0	54.00
2010	12	20	23.891	5832.9956	353.9955	19.9955	 3.94	 1.06	207.81	 1.67	 2.33	 1.00	10.82	 1.14	316.44	287.68	299.75	 0.00	294.72	0	54.00
2010	12	21	3.483	5833.1450	354.1451	20.1451	 4.21	 1.19	212.77	 1.45	 2.71	 1.00	10.83	 1.26	317.98	280.68	286.50	266.70	285.87	0	53.34
2010	12	21	3.923	5833.1636	354.1635	20.1634	 2.76	 0.27	212.32	 1.50	 3.12	 1.00	10.73	 1.17	318.21	280.91	286.04	266.14	 0.00	0	53.23
2010	12	21	4.837	5833.2017	354.2015	20.2015	 2.79	 0.29	211.96	 1.53	 1.89	 1.00	10.80	 1.23	318.17	281.20	288.80	264.71	286.50	0	52.94
2010	12	21	5.276	5833.2197	354.2198	20.2198	 2.81	 0.31	205.07	 1.58	10.63	 0.97	10.73	 1.07	318.15	281.34	285.90	 0.00	 0.00	0	54.00
2010	12	21	5.718	5833.2383	354.2383	20.2383	 2.79	 0.27	212.11	 1.47	 2.28	 1.00	10.78	 1.22	318.24	281.37	290.31	264.60	288.23	0	52.92
2010	12	21	6.158	5833.2563	354.2566	20.2566	 2.10	 0.14	214.19	 1.61	 6.44	 0.99	10.78	 1.30	318.27	281.37	290.98	264.53	289.70	0	52.91
2010	12	21	6.597	5833.2749	354.2749	20.2749	 1.96	 0.13	207.04	 1.75	 3.85	 1.00	10.82	 1.15	318.26	281.33	287.67	264.60	288.20	0	52.92
2010	12	21	7.510	5833.3130	354.3129	20.3129	 1.69	 0.08	211.36	 1.63	 8.30	 0.97	10.82	 1.26	318.18	281.13	290.35	264.49	286.52	0	52.90
2010	12	21	7.956	5833.3315	354.3315	20.3315	 1.50	 0.11	209.21	 2.73	 6.45	 1.00	10.82	 1.24	318.18	281.00	288.41	264.58	289.33	0	52.92
2010	12	21	8.401	5833.3501	354.3500	20.3500	 1.33	 0.06	211.58	 1.99	 1.15	 1.00	10.77	 1.19	318.17	280.90	290.18	264.44	287.76	0	52.89
2010	12	21	8.851	5833.3687	354.3688	20.3688	 1.52	 0.08	207.56	 1.94	 1.24	 1.00	10.82	 1.14	318.04	280.84	288.70	264.58	287.69	0	52.92
2010	12	21	9.319	5833.3882	354.3883	20.3883	 1.59	 0.08	206.90	 1.87	 1.56	 1.00	10.77	 1.20	318.17	280.72	287.11	264.55	286.11	0	52.91
2010	12	21	9.762	5833.4067	354.4068	20.4068	 1.26	 0.07	207.64	 2.53	 2.46	 1.00	10.83	 1.12	318.12	280.66	287.35	264.55	 0.00	0	52.91
2010	12	21	10.208	5833.4253	354.4254	20.4253	 1.25	 0.07	199.08	 2.35	 7.48	 0.99	10.73	 1.09	317.98	280.97	285.10	264.45	285.98	0	52.89
2010	12	21	10.650	5833.4438	354.4438	20.4438	 1.54	 0.09	203.54	 2.19	 4.41	 1.00	10.80	 1.20	318.13	281.68	287.83	269.91	288.34	0	53.98
2010	12	21	11.559	5833.4814	354.4816	20.4816	 1.65	 0.12	206.58	 2.49	 2.66	 1.00	10.83	 1.21	318.37	284.31	290.70	274.83	291.47	0	54.97
2010	12	21	12.870	5833.5361	354.5363	20.5362	 1.95	 0.17	208.01	 2.40	 8.96	 1.00	10.73	 1.24	317.89	288.96	296.06	279.71	299.30	0	55.94
2010	12	21	13.773	5833.5737	354.5739	20.5739	 2.26	 0.13	209.28	 1.28	 4.29	 0.99	10.77	 1.15	316.75	292.29	302.44	282.71	299.71	0	56.54
2010	12	21	15.525	5833.6470	354.6469	20.6469	 3.36	 0.49	215.00	 1.43	 3.81	 1.00	10.73	 1.15	322.85	298.30	308.73	 0.00	305.56	0	54.00
2010	12	21	15.987	5833.6660	354.6661	20.6661	 3.36	 0.46	204.73	 1.31	 5.58	 0.99	10.77	 0.99	319.54	299.44	308.93	285.92	305.71	0	57.18
2010	12	21	17.297	5833.7207	354.7207	20.7207	 3.16	 2.36	224.88	 9.04	61.93	 1.00	10.72	 1.28	315.03	300.31	312.88	 0.00	307.16	0	54.00
2010	12	21	18.198	5833.7583	354.7582	20.7583	 3.21	 0.73	215.42	 2.55	 1.79	 1.00	10.83	 1.21	316.00	300.51	314.13	286.67	306.32	0	57.33
2010	12	21	21.739	5833.9058	354.9058	20.9058	 3.33	 2.35	212.16	 7.06	28.14	 1.00	10.78	 1.16	318.87	293.01	305.75	 0.00	298.90	0	54.00
2010	12	21	23.974	5833.9990	354.9989	20.9989	 2.39	 0.13	211.79	 1.06	 1.50	 1.00	10.85	 1.22	321.11	287.70	297.56	269.27	 0.00	0	53.85
2010	12	22	1.327	5834.0552	355.0553	21.0553	 2.29	 0.15	206.94	 1.34	 3.30	 1.00	10.78	 1.20	321.94	286.25	293.86	 0.00	291.95	0	54.00
2010	12	22	1.775	5834.0737	355.0739	21.0740	 2.27	 0.18	210.37	 1.76	 1.21	 1.00	10.93	 1.24	321.90	285.90	292.92	268.41	293.17	0	53.68
2010	12	22	2.219	5834.0923	355.0925	21.0925	 3.05	 0.38	209.96	 1.51	 0.70	 1.00	10.72	 1.20	322.27	285.53	295.11	268.31	 0.00	0	53.66
2010	12	22	2.669	5834.1113	355.1112	21.1112	 2.88	 0.27	209.53	 1.31	 8.49	 0.96	11.03	 1.15	322.38	285.26	293.77	268.23	 0.00	0	53.65
2010	12	22	3.165	5834.1318	355.1319	21.1319	 3.73	 0.69	212.93	 1.37	 1.65	 1.00	10.98	 1.18	322.02	284.97	293.92	268.42	 0.00	0	53.68
2010	12	22	4.054	5834.1689	355.1689	21.1689	 2.76	 0.20	214.08	 1.12	 4.41	 0.98	10.97	 1.17	320.95	284.60	293.15	267.32	289.99	0	53.46
2010	12	22	4.499	5834.1875	355.1875	21.1875	 2.66	 0.26	212.48	 1.62	 1.06	 1.00	10.90	 1.20	321.05	284.32	291.69	266.91	292.59	0	53.38
2010	12	22	6.302	5834.2627	355.2626	21.2626	 2.47	 0.16	211.47	 1.22	 1.51	 1.00	10.85	 1.21	321.16	284.06	293.73	268.67	291.19	0	53.73
2010	12	22	6.748	5834.2812	355.2812	21.2812	 2.63	 0.24	207.56	 1.52	 2.94	 1.00	10.87	 1.21	321.31	283.92	291.64	 0.00	289.59	0	54.00
2010	12	22	7.667	5834.3193	355.3195	21.3194	 2.35	 0.20	206.29	 1.72	 5.00	 1.00	10.93	 1.13	321.84	283.47	290.17	267.09	 0.00	0	53.42
2010	12	22	8.114	5834.3379	355.3381	21.3381	 2.06	 0.13	205.64	 1.50	 2.81	 1.00	10.90	 1.12	321.93	283.34	290.85	266.51	288.99	0	53.30
2010	12	22	9.009	5834.3755	355.3754	21.3754	 1.94	 0.11	209.55	 1.55	 1.63	 1.00	10.83	 1.22	322.10	283.13	290.21	266.90	291.56	0	53.38
2010	12	22	9.449	5834.3936	355.3937	21.3937	 1.85	 0.11	209.65	 1.72	 5.99	 0.99	10.87	 1.24	322.06	282.93	292.13	266.05	 0.00	0	53.21
2010	12	22	9.917	5834.4131	355.4132	21.4132	 1.87	 0.12	202.05	 1.74	 3.18	 1.00	10.87	 1.08	322.18	282.99	289.55	 0.00	291.27	0	54.00
2010	12	22	10.809	5834.4502	355.4504	21.4504	 1.62	 0.06	206.15	 1.33	 6.01	 0.96	10.77	 1.24	322.19	284.46	291.16	272.09	289.52	0	54.42
2010	12	22	11.252	5834.4687	355.4688	21.4688	 1.54	 0.09	203.87	 2.09	 2.47	 1.00	10.85	 1.14	322.22	285.51	291.33	272.86	290.60	0	54.57
2010	12	22	13.045	5834.5435	355.5435	21.5435	 1.87	 0.09	204.18	 1.36	13.71	 0.86	10.78	 1.16	322.58	291.28	299.70	280.41	302.08	0	56.08
2010	12	22	14.823	5834.6177	355.6176	21.6176	 2.44	 0.16	209.45	 1.21	11.97	 0.88	10.73	 1.15	316.57	297.38	309.03	282.35	304.54	0	56.47
2010	12	22	15.261	5834.6357	355.6359	21.6359	 1.91	 0.10	202.10	 1.33	 5.83	 0.98	10.72	 1.00	315.71	298.19	310.58	283.45	306.17	0	56.69
2010	12	22	23.254	5834.9687	355.9689	21.9689	 2.24	 0.21	199.35	 1.97	 2.37	 1.00	10.82	 1.00	316.30	288.21	297.31	266.79	297.01	0	53.36
2010	12	22	23.693	5834.9873	355.9872	21.9872	 2.26	 0.20	207.26	 1.88	 0.33	 1.00	10.83	 1.13	319.98	286.98	298.08	 0.00	292.94	0	54.00
2010	12	23	0.134	5835.0054	356.0056	22.0056	 1.90	 0.12	212.36	 1.86	14.27	 0.96	10.73	 1.29	320.62	286.12	295.98	 0.00	 0.00	0	54.00
2010	12	23	0.585	5835.0244	356.0244	22.0244	 1.96	 0.09	211.85	 1.30	 7.33	 0.96	10.85	 1.22	319.63	285.52	295.19	268.43	291.13	0	53.69
2010	12	23	1.033	5835.0430	356.0430	22.0430	 1.98	 0.13	206.12	 1.69	14.58	 0.94	10.93	 1.16	319.10	285.13	293.70	269.12	290.76	0	53.82
2010	12	23	1.504	5835.0625	356.0627	22.0627	 1.54	 0.08	206.79	 1.89	 4.99	 0.99	10.92	 1.12	317.99	284.78	293.75	269.27	293.38	0	53.85
2010	12	23	1.947	5835.0811	356.0811	22.0811	 1.64	 0.07	210.05	 1.44	 1.93	 1.00	10.90	 1.19	317.79	284.52	293.77	269.12	293.31	0	53.82
2010	12	23	2.392	5835.0996	356.0997	22.0997	 2.02	 0.17	209.03	 2.16	 7.20	 1.00	10.93	 1.26	317.82	284.32	293.90	268.94	 0.00	0	53.79
2010	12	23	3.281	5835.1367	356.1367	22.1367	 1.66	 0.11	203.03	 2.11	 2.94	 1.00	10.75	 1.09	317.36	283.95	290.75	 0.00	291.41	0	54.00
2010	12	23	3.775	5835.1572	356.1573	22.1573	 1.61	 0.09	205.02	 1.98	 5.27	 1.00	11.05	 1.07	317.35	283.72	292.50	268.36	289.76	0	53.67
2010	12	23	4.219	5835.1758	356.1758	22.1758	 1.64	 0.08	207.68	 1.64	 2.00	 1.00	10.77	 1.21	317.31	283.58	293.18	268.41	291.19	0	53.68
2010	12	23	4.664	5835.1943	356.1943	22.1943	 1.56	 0.08	206.96	 1.92	 2.73	 1.00	10.82	 1.14	319.17	283.43	291.62	267.50	292.15	0	53.50
2010	12	23	5.109	5835.2129	356.2129	22.2129	 1.62	 0.08	210.32	 1.77	 5.20	 0.99	10.80	 1.23	320.76	283.36	291.21	 0.00	292.20	0	54.00
2010	12	23	13.148	5835.5479	356.5478	22.5478	 1.01	 0.05	204.83	 2.82	 2.61	 1.00	10.75	 1.13	320.55	283.80	292.89	282.45	291.93	0	56.49
2010	12	23	14.464	5835.6025	356.6027	22.6027	 1.55	 0.08	199.83	 1.80	 2.03	 1.00	10.73	 1.10	321.97	291.82	299.83	281.06	299.90	0	56.21
2010	12	23	15.367	5835.6401	356.6403	22.6403	 1.30	 0.07	202.40	 2.38	 3.78	 1.00	10.73	 0.96	323.50	295.54	306.80	283.45	301.12	0	56.69
2010	12	23	15.807	5835.6587	356.6586	22.6586	 1.70	 0.11	208.77	 2.08	 3.77	 1.00	10.80	 1.16	323.72	297.06	306.42	283.65	305.81	0	56.73
2010	12	23	16.686	5835.6953	356.6953	22.6953	 2.04	 0.12	210.24	 1.47	 2.13	 1.00	10.75	 1.16	323.56	298.95	307.47	 0.00	305.88	0	54.00
2010	12	23	17.588	5835.7329	356.7328	22.7328	 1.95	 0.15	205.66	 2.02	 8.67	 0.99	10.78	 1.01	325.88	299.96	310.84	281.45	304.79	0	56.29
2010	12	23	18.466	5835.7695	356.7694	22.7694	 2.02	 0.25	199.45	 3.06	13.10	 1.00	10.77	 0.96	325.90	300.02	309.72	280.89	307.04	0	56.18
2010	12	23	20.251	5835.8437	356.8438	22.8438	 1.72	 0.17	201.76	 2.97	11.07	 1.00	10.77	 0.95	325.88	297.49	310.68	277.14	302.84	0	55.43
2010	12	23	23.369	5835.9736	356.9737	22.9737	 2.29	 0.12	211.73	 1.09	 8.40	 0.90	10.78	 1.19	326.65	288.26	298.84	265.17	295.83	0	53.03
2010	12	23	23.836	5835.9932	356.9932	22.9932	 2.32	 0.17	209.44	 1.55	 5.19	 0.99	10.87	 1.14	326.86	287.05	293.80	265.01	293.12	0	53.00
2010	12	24	0.279	5836.0117	357.0116	23.0116	 1.92	 0.10	203.46	 1.33	 5.11	 0.98	10.75	 1.12	326.73	286.32	292.36	 0.00	292.67	0	54.00
2010	12	24	0.722	5836.0303	357.0301	23.0301	 1.76	 0.11	209.77	 1.89	 6.17	 0.99	10.75	 1.19	326.89	286.02	291.86	 0.00	 0.00	0	54.00
2010	12	24	2.081	5836.0869	357.0867	23.0867	 1.46	 0.08	203.82	 1.98	 6.36	 0.99	10.78	 1.17	326.90	285.31	292.47	 0.00	292.00	0	54.00
2010	12	24	2.527	5836.1055	357.1053	23.1053	 1.26	 0.07	202.61	 2.31	 0.72	 1.00	10.92	 1.06	326.77	285.18	291.41	269.02	291.86	0	53.80
2010	12	24	3.412	5836.1421	357.1422	23.1422	 1.45	 0.08	205.25	 2.09	 0.98	 1.00	10.98	 1.21	326.75	284.87	290.96	269.71	293.04	0	53.94
2010	12	24	4.359	5836.1816	357.1816	23.1816	 1.20	 0.04	199.89	 1.58	12.60	 0.82	10.80	 1.16	326.86	284.43	292.80	 0.00	 0.00	0	54.00
2010	12	24	4.806	5836.2002	357.2003	23.2002	 1.11	 0.06	200.74	 2.57	 3.53	 1.00	10.85	 1.09	326.69	284.29	291.15	 0.00	292.67	0	54.00
2010	12	24	7.056	5836.2939	357.2940	23.2940	 2.13	 0.16	207.11	 1.73	 1.63	 1.00	10.73	 1.12	326.30	284.17	290.00	265.65	 0.00	0	53.13
2010	12	24	7.499	5836.3125	357.3125	23.3125	 2.32	 0.15	208.59	 1.36	 6.19	 0.98	10.82	 1.15	326.44	284.22	290.79	265.94	289.25	0	53.19
2010	12	24	7.942	5836.3311	357.3309	23.3309	 2.31	 0.14	208.58	 1.22	 0.87	 1.00	10.85	 1.17	326.55	284.24	289.27	 0.00	 0.00	0	54.00
2010	12	24	9.302	5836.3877	357.3876	23.3876	 2.34	 0.17	209.73	 1.51	 7.39	 0.98	10.77	 1.19	326.66	284.15	288.03	265.21	291.87	0	53.04
2010	12	24	9.745	5836.4062	357.4061	23.4061	 2.09	 0.12	213.32	 1.47	 4.69	 0.99	10.83	 1.24	326.68	284.18	290.63	266.29	288.98	0	53.26
2010	12	24	10.190	5836.4248	357.4246	23.4246	 2.05	 0.15	211.24	 1.87	 1.46	 1.00	10.77	 1.22	326.71	284.66	290.30	269.75	 0.00	0	53.95
2010	12	24	11.095	5836.4624	357.4623	23.4623	 1.95	 0.12	208.27	 1.69	 2.47	 1.00	10.90	 1.25	326.87	286.58	292.95	275.42	294.89	0	55.08
2010	12	24	11.985	5836.4995	357.4994	23.4994	 1.78	 0.10	206.78	 1.75	 2.91	 1.00	10.77	 1.15	326.92	289.20	294.85	277.91	298.39	0	55.58
2010	12	24	14.208	5836.5918	357.5920	23.5920	 2.36	 0.17	206.51	 1.40	 4.51	 0.99	10.73	 1.07	324.48	297.55	306.26	286.13	305.64	0	57.23
2010	12	24	14.644	5836.6104	357.6102	23.6102	 2.36	 0.15	209.56	 1.29	 0.61	 1.00	10.75	 1.14	322.04	298.83	309.86	287.79	306.77	0	57.56
2010	12	24	15.082	5836.6284	357.6284	23.6284	 2.57	 0.26	203.69	 1.71	 2.51	 1.00	10.73	 0.95	316.85	299.74	311.75	286.06	 0.00	0	57.21
2010	12	24	17.297	5836.7207	357.7207	23.7207	 2.12	 0.24	204.43	 2.62	 6.41	 1.00	10.73	 0.91	319.90	301.14	316.86	282.12	306.51	0	56.42
2010	12	24	18.198	5836.7583	357.7583	23.7583	 2.43	 0.34	201.58	 2.59	14.26	 0.99	10.73	 0.96	319.55	300.51	313.44	280.04	307.81	0	56.01
2010	12	24	18.638	5836.7764	357.7766	23.7766	 2.01	 0.26	210.10	 3.32	 8.99	 1.00	10.78	 1.01	320.43	299.91	313.23	 0.00	308.94	0	54.00
2010	12	24	20.869	5836.8696	357.8696	23.8696	 2.04	 0.34	201.46	 4.00	 4.90	 1.00	10.73	 1.17	322.27	295.44	305.19	275.23	 0.00	0	55.05
2010	12	24	23.997	5837.0000	357.9998	23.9999	 1.13	 0.05	202.97	 2.37	 5.42	 0.99	10.80	 1.16	324.66	286.64	294.17	267.91	291.83	0	53.58
2010	12	25	3.141	5837.1309	358.1309	24.1309	 0.94	 0.06	197.62	 3.44	 2.62	 1.00	10.82	 1.08	319.88	280.05	290.44	267.72	285.94	0	53.54
2010	12	25	4.475	5837.1865	358.1865	24.1865	 1.22	 0.04	202.05	 1.61	 2.95	 0.99	10.90	 1.24	321.40	281.15	288.22	267.14	289.70	0	53.43
2010	12	25	6.307	5837.2627	358.2628	24.2628	 1.16	 0.06	202.11	 2.33	 1.55	 1.00	10.73	 1.19	321.39	281.67	287.76	 0.00	287.08	0	54.00
2010	12	25	6.744	5837.2812	358.2810	24.2810	 1.12	 0.04	201.18	 1.82	 1.75	 1.00	10.75	 1.15	321.40	281.55	288.52	264.64	286.87	0	52.93
2010	12	25	7.214	5837.3008	358.3006	24.3006	 1.10	 0.06	203.08	 2.58	 7.80	 0.99	10.80	 1.25	321.38	281.50	288.25	 0.00	289.81	0	54.00
2010	12	25	7.656	5837.3188	358.3190	24.3190	 1.09	 0.06	199.86	 2.68	 4.42	 1.00	10.83	 1.22	321.34	281.47	286.39	264.49	288.30	0	52.90
2010	12	25	8.546	5837.3560	358.3561	24.3561	 1.18	 0.07	197.54	 2.61	 1.95	 1.00	10.75	 1.23	321.33	281.30	287.17	 0.00	286.49	0	54.00
2010	12	25	8.988	5837.3745	358.3745	24.3745	 0.95	 0.06	197.40	 3.38	10.64	 0.99	10.75	 1.17	321.34	281.18	287.09	 0.00	289.40	0	54.00
2010	12	25	9.897	5837.4126	358.4124	24.4124	 0.98	 0.05	193.11	 2.87	 3.02	 1.00	10.80	 1.16	321.36	280.97	288.36	264.50	286.01	0	52.90
2010	12	25	10.341	5837.4307	358.4309	24.4309	 0.96	 0.04	194.98	 2.52	 5.59	 0.99	10.73	 1.18	321.37	281.48	288.27	267.50	286.24	0	53.50
2010	12	25	10.786	5837.4492	358.4494	24.4494	 1.05	 0.04	194.54	 1.75	 2.56	 0.99	10.85	 1.27	321.38	282.29	289.12	270.24	 0.00	0	54.05
2010	12	25	11.234	5837.4683	358.4681	24.4681	 1.03	 0.06	194.62	 3.08	 2.05	 1.00	10.87	 1.22	321.62	283.36	291.04	271.76	 0.00	0	54.35
2010	12	25	12.582	5837.5244	358.5242	24.5242	 1.14	 0.04	204.93	 1.65	 9.13	 0.90	10.73	 1.16	321.85	287.81	295.63	278.06	297.87	0	55.61
2010	12	25	13.458	5837.5605	358.5607	24.5607	 2.49	 0.18	209.42	 1.35	 2.33	 1.00	10.73	 1.22	321.94	291.21	301.36	279.61	299.56	0	55.92
2010	12	25	13.922	5837.5801	358.5801	24.5801	 2.15	 0.12	211.30	 1.33	 0.71	 1.00	10.77	 1.20	322.01	292.97	303.83	280.63	300.90	0	56.13
2010	12	25	14.360	5837.5981	358.5983	24.5983	 2.38	 0.19	209.40	 1.59	 2.53	 1.00	10.73	 1.22	322.38	294.79	303.60	283.14	302.30	0	56.63
2010	12	25	15.238	5837.6348	358.6349	24.6349	 2.75	 0.32	211.66	 1.81	 0.72	 1.00	10.75	 1.17	325.09	297.93	309.25	284.59	 0.00	0	56.92
2010	12	25	16.139	5837.6724	358.6725	24.6725	 2.18	 0.15	208.66	 1.59	 2.39	 1.00	10.82	 1.19	322.56	299.76	309.03	281.82	307.65	0	56.36
2010	12	25	17.015	5837.7090	358.7090	24.7089	 2.54	 0.25	213.21	 1.79	 9.94	 0.99	10.78	 1.18	319.75	300.35	313.92	280.78	307.66	0	56.16
2010	12	25	17.455	5837.7271	358.7273	24.7273	 2.51	 0.45	199.54	 3.11	15.15	 1.00	10.73	 0.93	319.66	300.29	313.72	280.72	307.61	0	56.14
2010	12	25	17.893	5837.7456	358.7455	24.7455	 2.21	 0.28	198.93	 2.73	 6.41	 1.00	10.73	 0.92	320.05	300.13	311.25	281.00	307.54	0	56.20
2010	12	25	18.356	5837.7646	358.7648	24.7648	 2.72	 0.38	212.67	 2.20	 6.18	 1.00	10.77	 1.22	321.13	299.80	312.88	280.03	309.15	0	56.01
2010	12	25	20.584	5837.8574	358.8576	24.8577	 1.83	 0.22	203.36	 3.52	 4.02	 1.00	10.85	 1.29	322.69	296.15	305.76	276.66	305.62	0	55.33
2010	12	25	21.026	5837.8760	358.8761	24.8761	 1.56	 0.22	198.54	 4.74	14.85	 1.00	10.68	 1.14	322.66	295.14	303.70	 0.00	301.05	0	54.00
2010	12	25	23.711	5837.9878	358.9880	24.9880	 1.22	 0.07	199.32	 2.50	 3.08	 1.00	10.72	 1.14	323.34	287.51	296.04	265.07	 0.00	0	53.01
2010	12	26	1.067	5838.0444	359.0444	25.0444	 0.50	 0.05	189.55	 9.73	18.03	 0.98	10.92	 1.04	325.22	284.54	290.06	 0.00	289.60	0	54.00
2010	12	26	1.960	5838.0815	359.0817	25.0817	 0.66	 0.04	185.40	 3.97	 1.06	 1.00	10.75	 1.16	325.16	283.78	290.99	266.66	289.08	0	53.33
2010	12	26	4.209	5838.1753	359.1754	25.1754	 0.87	 0.03	184.13	 2.10	 4.88	 0.97	10.78	 1.29	325.19	282.67	291.36	265.14	288.20	0	53.03
2010	12	26	4.657	5838.1938	359.1940	25.1940	 0.67	 0.04	188.58	 3.75	 5.92	 0.98	10.90	 1.16	325.11	282.36	291.00	 0.00	 0.00	0	54.00
2010	12	26	6.046	5838.2520	359.2519	25.2519	 0.70	 0.04	188.51	 3.90	 1.76	 1.00	10.78	 1.16	325.34	281.92	287.36	264.38	 0.00	0	52.88
2010	12	26	7.380	5838.3076	359.3075	25.3075	 0.75	 0.05	190.87	 4.59	 7.22	 0.99	10.98	 1.13	323.05	281.51	288.87	265.27	 0.00	0	53.05
2010	12	26	7.849	5838.3271	359.3270	25.3270	 0.75	 0.03	186.59	 2.87	 6.54	 0.97	10.83	 1.15	323.08	281.44	287.74	265.14	 0.00	0	53.03
2010	12	26	8.294	5838.3457	359.3456	25.3456	 0.73	 0.05	191.22	 4.28	 9.29	 0.98	10.73	 1.17	323.55	281.35	287.78	264.36	 0.00	0	52.87
2010	12	26	9.179	5838.3823	359.3825	25.3825	 0.85	 0.03	186.75	 2.36	 6.33	 0.96	10.95	 1.22	324.02	281.00	287.71	264.38	 0.00	0	52.88
2010	12	26	9.624	5838.4009	359.4010	25.4010	 0.64	 0.04	195.35	 5.45	 5.33	 1.00	10.75	 1.12	323.60	281.03	285.01	264.29	286.01	0	52.86
2010	12	26	10.096	5838.4204	359.4207	25.4206	 0.87	 0.04	186.68	 2.39	 1.72	 1.00	10.93	 1.19	323.24	281.29	288.65	 0.00	287.49	0	54.00
2010	12	26	10.541	5838.4395	359.4392	25.4392	 0.75	 0.04	188.46	 3.28	 2.35	 1.00	10.77	 1.16	323.23	281.95	286.08	268.42	288.31	0	53.68
2010	12	26	10.984	5838.4575	359.4577	25.4577	 0.82	 0.05	185.31	 3.54	 2.49	 1.00	10.87	 1.21	323.30	282.88	288.17	269.46	 0.00	0	53.89
2010	12	26	11.432	5838.4766	359.4763	25.4763	 0.84	 0.04	186.54	 2.66	 3.87	 0.99	10.80	 1.27	323.53	284.04	290.09	271.79	289.99	0	54.36
2010	12	26	12.343	5838.5142	359.5143	25.5143	 0.77	 0.05	182.75	 3.73	 2.17	 1.00	10.88	 1.15	320.99	286.75	293.55	274.74	 0.00	0	54.95
2010	12	26	14.996	5838.6250	359.6248	25.6248	 0.91	 0.04	202.03	 2.76	23.28	 0.81	10.73	 1.20	324.71	292.24	301.62	280.55	300.72	0	56.11
2010	12	26	15.433	5838.6431	359.6431	25.6431	 0.94	 0.07	199.30	 4.03	26.11	 0.95	10.75	 1.16	325.35	294.16	303.14	281.51	301.60	0	56.30
2010	12	26	15.874	5838.6616	359.6614	25.6614	 0.93	 0.05	205.20	 3.30	40.68	 0.75	10.78	 1.15	323.95	295.85	304.83	283.43	302.85	0	56.69
2010	12	26	16.312	5838.6797	359.6797	25.6797	 1.07	 0.07	197.17	 3.20	10.71	 0.99	10.72	 1.13	325.28	297.18	307.23	282.86	304.05	0	56.57
2010	12	26	16.777	5838.6992	359.6990	25.6991	 0.94	 0.10	204.47	 6.35	59.36	 0.96	10.75	 1.08	324.61	298.29	308.62	286.38	305.47	0	57.28
2010	12	26	17.216	5838.7173	359.7173	25.7174	 1.61	 0.09	203.45	 1.88	80.21	 0.24	10.77	 1.21	324.75	299.10	310.41	 0.00	308.10	0	54.00
2010	12	26	19.002	5838.7915	359.7917	25.7917	 0.83	 0.11	194.53	 8.00	25.18	 1.00	10.82	 0.95	326.46	299.67	311.42	281.00	309.36	0	56.20
2010	12	26	23.475	5838.9780	359.9781	25.9781	 2.09	 0.26	203.93	 3.00	 9.39	 1.00	10.77	 1.19	325.79	289.69	298.56	 0.00	296.59	0	54.00
2010	12	26	23.921	5838.9966	359.9967	25.9967	 1.13	 0.08	188.78	 3.24	17.62	 0.98	10.88	 1.14	325.91	288.37	296.74	265.00	296.40	0	53.00
2010	12	27	0.364	5839.0151	360.0152	26.0152	 0.96	 0.06	188.13	 3.43	 9.88	 0.99	10.88	 1.24	326.12	287.30	294.97	 0.00	293.76	0	54.00
2010	12	27	0.807	5839.0337	360.0336	26.0336	 0.87	 0.06	185.46	 4.21	11.09	 0.99	10.87	 1.14	326.17	286.31	294.36	264.91	294.26	0	52.98
2010	12	27	1.729	5839.0723	360.0721	26.0720	 0.66	 0.05	172.53	 4.75	 3.87	 1.00	10.85	 1.08	327.57	284.54	291.17	264.64	290.94	0	52.93
2010	12	27	2.621	5839.1094	360.1092	26.1092	 0.59	 0.03	171.62	 3.89	18.80	 0.70	10.78	 1.11	326.65	283.42	290.17	264.56	288.41	0	52.91
2010	12	27	3.508	5839.1460	360.1462	26.1462	 0.57	 0.03	171.65	 4.23	 2.82	 1.00	10.77	 1.18	325.54	282.48	287.51	264.58	 0.00	0	52.92
2010	12	27	4.417	5839.1841	360.1841	26.1841	 0.72	 0.05	172.11	 4.17	 1.26	 1.00	10.87	 1.30	323.79	281.65	290.26	 0.00	286.74	0	54.00
2010	12	27	4.861	5839.2026	360.2025	26.2026	 0.54	 0.05	175.12	 6.79	 4.36	 1.00	10.83	 1.15	325.47	281.30	287.73	264.66	287.68	0	52.93
2010	12	27	5.749	5839.2397	360.2395	26.2395	 0.51	 0.04	178.49	 6.54	 6.47	 0.99	10.80	 1.18	324.73	280.77	287.00	 0.00	285.67	0	54.00
2010	12	27	6.243	5839.2603	360.2601	26.2601	 0.56	 0.05	170.07	 6.62	 0.84	 1.00	10.77	 1.14	324.02	280.28	286.43	264.46	285.50	0	52.89
2010	12	27	8.023	5839.3345	360.3343	26.3343	 0.51	 0.04	177.08	 6.21	 9.66	 0.97	10.82	 1.18	324.91	280.00	286.52	 0.00	286.57	0	54.00
2010	12	27	9.380	5839.3906	360.3908	26.3908	 0.53	 0.06	175.50	 8.31	 1.98	 1.00	10.77	 1.19	324.52	279.80	286.12	264.48	284.94	0	52.90
2010	12	27	10.747	5839.4478	360.4478	26.4478	 0.52	 0.03	174.18	 4.73	 2.20	 1.00	10.85	 1.17	324.11	280.96	286.28	265.91	 0.00	0	53.18
2010	12	27	11.190	5839.4663	360.4662	26.4662	 0.42	 0.04	182.88	 9.45	13.48	 0.95	10.90	 1.12	324.24	281.81	286.90	267.91	290.37	0	53.58
2010	12	27	12.076	5839.5029	360.5031	26.5031	 0.51	 0.04	172.76	 5.87	 3.43	 1.00	10.82	 1.17	324.32	284.17	290.67	269.83	291.24	0	53.97
2010	12	27	12.979	5839.5410	360.5408	26.5408	 0.74	 0.05	181.65	 4.76	 3.30	 1.00	10.75	 1.18	324.61	287.19	294.02	 0.00	291.33	0	54.00
2010	12	27	13.417	5839.5591	360.5590	26.5590	 0.72	 0.04	180.94	 4.03	 3.91	 1.00	10.80	 1.16	325.09	289.12	296.37	278.45	296.61	0	55.69
2010	12	27	14.297	5839.5957	360.5957	26.5957	 0.76	 0.04	195.85	 3.56	 7.14	 0.98	10.73	 1.19	326.10	292.97	303.19	279.34	303.91	0	55.87
2010	12	27	15.199	5839.6333	360.6333	26.6333	 0.75	 0.05	202.05	 4.29	 8.24	 0.99	10.77	 1.09	324.84	295.97	306.05	279.54	304.13	0	55.91
2010	12	27	16.078	5839.6699	360.6699	26.6699	 0.89	 0.08	189.66	 5.05	20.22	 0.99	10.72	 1.14	326.59	298.15	309.20	281.30	308.40	0	56.26
2010	12	27	16.517	5839.6880	360.6882	26.6882	 1.00	 0.06	199.14	 3.49	45.95	 0.80	10.73	 1.19	325.47	298.97	310.44	282.87	309.04	0	56.57
2010	12	27	16.955	5839.7065	360.7065	26.7064	 0.79	 0.04	192.94	 3.66	40.98	 0.66	10.77	 1.04	326.30	299.57	309.77	281.40	307.24	0	56.28
2010	12	27	17.859	5839.7441	360.7441	26.7441	 1.20	 0.09	189.13	 3.42	106.50	 0.55	10.78	 1.09	326.25	299.97	311.83	280.51	307.53	0	56.10
2010	12	27	18.741	5839.7808	360.7809	26.7809	 0.68	 0.07	200.44	 7.45	37.80	 0.96	10.80	 0.93	326.14	299.69	311.25	281.22	 0.00	0	56.24
2010	12	27	19.656	5839.8188	360.8190	26.8190	 1.19	 0.11	192.65	 4.20	19.34	 0.99	10.87	 1.15	326.15	298.58	309.83	278.54	306.40	0	55.71
2010	12	27	20.541	5839.8560	360.8559	26.8559	 1.17	 0.07	192.03	 2.66	15.22	 0.96	10.95	 1.19	326.09	296.84	306.53	277.02	304.55	0	55.40
2010	12	27	23.235	5839.9683	360.9681	26.9681	 1.23	 0.11	191.75	 3.76	 7.28	 1.00	10.77	 1.14	326.21	289.48	299.35	265.15	296.42	0	53.03
2010	12	28	0.598	5840.0249	361.0249	27.0249	 0.63	 0.03	183.82	 4.05	 4.78	 0.99	10.90	 1.14	326.67	285.80	293.01	265.77	292.40	0	53.15
2010	12	28	1.047	5840.0435	361.0436	27.0436	 0.75	 0.03	180.38	 2.59	 2.19	 1.00	10.87	 1.24	326.78	285.24	293.86	 0.00	290.40	0	54.00
2010	12	28	1.494	5840.0620	361.0622	27.0622	 0.65	 0.04	187.78	 4.57	 5.83	 0.99	10.75	 1.21	327.06	284.78	293.58	266.94	289.89	0	53.39
2010	12	28	2.408	5840.1001	361.1003	27.1003	 0.63	 0.04	183.73	 4.14	 7.87	 0.97	10.97	 1.14	327.44	284.22	292.85	 0.00	 0.00	0	54.00
2010	12	28	2.853	5840.1187	361.1189	27.1189	 0.58	 0.04	186.73	 5.13	 7.59	 0.98	10.77	 1.17	327.41	284.13	290.65	 0.00	289.35	0	54.00
2010	12	28	3.300	5840.1377	361.1375	27.1375	 0.53	 0.03	186.95	 5.09	 6.10	 0.98	10.75	 1.13	327.44	284.12	289.93	269.11	289.37	0	53.82
2010	12	28	4.184	5840.1743	361.1743	27.1744	 0.61	 0.05	180.02	 5.82	 5.07	 1.00	10.87	 1.17	327.42	284.03	289.07	 0.00	289.37	0	54.00
2010	12	28	4.659	5840.1943	361.1941	27.1941	 0.69	 0.04	184.06	 4.01	 5.46	 0.99	10.90	 1.24	327.43	283.95	292.16	 0.00	 0.00	0	54.00
2010	12	28	5.104	5840.2129	361.2127	27.2127	 0.59	 0.03	179.96	 4.03	 0.73	 1.00	10.80	 1.17	327.40	283.83	290.48	 0.00	 0.00	0	54.00
2010	12	28	5.546	5840.2310	361.2311	27.2311	 0.53	 0.03	187.54	 4.16	 4.60	 0.97	10.73	 1.17	327.35	283.71	290.54	267.72	289.06	0	53.54
2010	12	28	6.926	5840.2886	361.2886	27.2886	 0.68	 0.04	186.58	 3.98	 2.60	 1.00	10.78	 1.21	327.40	283.31	291.39	 0.00	 0.00	0	54.00
2010	12	28	7.812	5840.3257	361.3255	27.3255	 0.68	 0.03	181.62	 3.49	 2.49	 1.00	10.87	 1.20	327.16	282.95	289.87	265.87	 0.00	0	53.17
2010	12	28	8.257	5840.3442	361.3441	27.3441	 0.68	 0.04	184.89	 4.07	 1.20	 1.00	10.77	 1.23	325.97	282.67	290.58	264.73	 0.00	0	52.95
2010	12	28	9.175	5840.3823	361.3823	27.3823	 0.53	 0.04	191.63	 6.42	13.84	 0.96	10.93	 1.13	325.01	282.07	285.73	 0.00	287.38	0	54.00
2010	12	28	9.622	5840.4009	361.4009	27.4009	 0.69	 0.04	181.03	 3.98	 3.55	 1.00	10.82	 1.22	324.72	281.91	287.18	 0.00	287.22	0	54.00
2010	12	28	10.066	5840.4194	361.4194	27.4194	 0.50	 0.03	193.94	 6.18	15.51	 0.90	10.87	 1.11	324.73	282.12	287.72	267.19	288.66	0	53.44
2010	12	28	10.961	5840.4565	361.4567	27.4567	 0.71	 0.05	181.59	 4.51	 7.65	 0.99	10.78	 1.28	324.88	283.72	289.35	270.66	288.68	0	54.13
2010	12	28	11.428	5840.4761	361.4762	27.4762	 0.60	 0.04	182.54	 5.32	 4.13	 1.00	10.78	 1.12	325.18	284.90	290.04	272.64	291.71	0	54.53
2010	12	28	12.309	5840.5127	361.5129	27.5129	 0.79	 0.05	182.38	 3.64	 3.59	 1.00	10.77	 1.24	325.05	287.72	293.77	277.36	295.15	0	55.47
2010	12	28	12.748	5840.5312	361.5312	27.5311	 0.87	 0.05	182.91	 3.02	 0.75	 1.00	10.72	 1.23	325.39	289.27	297.75	279.93	297.12	0	55.99
2010	12	28	13.648	5840.5688	361.5687	27.5687	 1.05	 0.04	193.08	 2.10	 4.69	 0.99	10.85	 1.21	326.67	292.92	301.84	281.46	300.73	0	56.29
2010	12	28	14.086	5840.5869	361.5869	27.5869	 1.07	 0.05	200.47	 2.39	 2.51	 1.00	10.72	 1.21	326.69	294.62	303.25	282.74	304.85	0	56.55
2010	12	28	14.525	5840.6050	361.6052	27.6052	 1.13	 0.05	196.59	 2.31	 3.57	 1.00	10.77	 1.02	326.74	296.41	304.81	285.48	304.91	0	57.10
2010	12	28	14.966	5840.6235	361.6236	27.6236	 1.23	 0.08	194.77	 2.73	40.97	 0.80	10.75	 1.04	325.50	297.92	308.98	281.63	308.70	0	56.33
2010	12	28	15.404	5840.6421	361.6418	27.6419	 0.84	 0.06	194.51	 4.24	23.56	 0.95	10.73	 0.90	325.47	298.85	310.62	280.15	307.22	0	56.03
2010	12	28	16.306	5840.6792	361.6794	27.6794	 0.89	 0.10	181.87	 6.20	23.75	 0.99	10.77	 0.94	324.86	300.23	312.05	281.09	308.02	0	56.22
2010	12	28	17.185	5840.7158	361.7161	27.7161	 0.99	 0.08	202.25	 4.68	48.20	 0.93	10.82	 1.19	325.34	300.79	311.88	281.09	308.29	0	56.22
2010	12	28	20.772	5840.8657	361.8655	27.8655	 0.99	 0.09	195.30	 4.71	 9.16	 1.00	10.73	 0.89	325.26	297.15	309.99	278.56	 0.00	0	55.71
2010	12	28	21.214	5840.8838	361.8839	27.8839	 1.30	 0.20	201.44	 6.44	25.84	 1.00	10.73	 0.99	325.23	296.24	309.56	 0.00	304.28	0	54.00
2010	12	29	1.264	5841.0527	362.0527	28.0527	 0.74	 0.03	184.16	 2.38	 3.09	 0.98	10.90	 1.25	325.77	285.18	293.78	266.43	290.52	0	53.29
2010	12	29	1.708	5841.0713	362.0712	28.0712	 0.74	 0.04	185.94	 3.69	 3.49	 1.00	10.77	 1.30	326.02	284.72	293.38	267.37	 0.00	0	53.47
2010	12	29	2.156	5841.0898	362.0898	28.0898	 0.59	 0.03	185.52	 4.51	 5.61	 0.99	10.85	 1.12	326.25	284.36	291.01	267.25	292.66	0	53.45
2010	12	29	3.513	5841.1465	362.1464	28.1464	 0.75	 0.03	185.97	 2.88	 2.73	 1.00	10.87	 1.27	326.22	283.96	292.18	 0.00	 0.00	0	54.00
2010	12	29	6.666	5841.2778	362.2777	28.2777	 0.69	 0.04	185.14	 3.65	 5.34	 0.99	10.82	 1.21	325.92	283.17	289.98	266.64	288.45	0	53.33
2010	12	29	7.110	5841.2964	362.2963	28.2963	 0.72	 0.03	178.48	 2.60	 1.72	 1.00	10.82	 1.18	326.19	283.01	288.51	264.58	 0.00	0	52.92
2010	12	29	7.604	5841.3169	362.3168	28.3168	 0.68	 0.04	184.16	 4.34	 2.67	 1.00	10.78	 1.17	325.57	282.58	288.42	 0.00	287.87	0	54.00
2010	12	29	8.938	5841.3726	362.3724	28.3724	 0.78	 0.04	184.85	 2.89	 1.47	 1.00	10.83	 1.24	325.54	281.47	289.37	 0.00	 0.00	0	54.00
2010	12	29	9.849	5841.4102	362.4104	28.4104	 0.75	 0.04	184.22	 3.49	 1.54	 1.00	10.80	 1.21	324.71	280.85	286.93	264.46	286.84	0	52.89
2010	12	29	10.740	5841.4473	362.4475	28.4475	 0.63	 0.04	178.99	 4.27	 6.37	 0.98	10.83	 1.13	324.86	281.96	284.86	267.15	289.74	0	53.43
2010	12	29	11.636	5841.4849	362.4848	28.4848	 0.79	 0.04	187.02	 3.40	 2.91	 1.00	10.77	 1.26	325.09	284.26	289.74	273.36	290.89	0	54.67
2010	12	29	12.099	5841.5039	362.5041	28.5041	 0.74	 0.04	184.57	 3.30	 5.76	 0.98	10.78	 1.16	325.19	285.76	291.57	275.38	295.15	0	55.08
2010	12	29	12.975	5841.5405	362.5406	28.5406	 1.01	 0.09	202.12	 4.59	173.07	 0.42	10.82	 1.22	325.23	289.23	295.20	277.89	299.48	0	55.58
2010	12	29	13.414	5841.5591	362.5589	28.5589	 0.87	 0.04	198.71	 3.16	 6.76	 0.99	10.72	 1.13	325.22	290.81	299.16	 0.00	298.90	0	54.00
2010	12	29	13.852	5841.5771	362.5772	28.5772	 0.82	 0.05	196.99	 3.74	 6.32	 0.99	10.85	 1.16	325.32	292.52	301.72	277.23	300.60	0	55.45
2010	12	29	14.315	5841.5967	362.5965	28.5965	 1.11	 0.06	189.42	 2.38	13.50	 0.94	10.77	 1.11	324.50	294.22	300.72	280.02	304.89	0	56.00
2010	12	29	15.192	5841.6328	362.6330	28.6330	 0.97	 0.06	187.98	 3.54	 8.55	 0.99	10.73	 1.07	325.49	297.32	307.27	282.41	305.41	0	56.48
2010	12	29	15.631	5841.6514	362.6513	28.6513	 0.93	 0.05	203.75	 3.22	 6.82	 0.99	10.77	 1.19	325.55	298.55	309.19	283.74	306.53	0	56.75
2010	12	29	16.072	5841.6694	362.6696	28.6697	 0.98	 0.07	193.38	 3.66	65.90	 0.68	10.75	 1.02	324.36	299.51	309.63	285.28	308.87	0	57.06
2010	12	29	16.534	5841.6890	362.6889	28.6889	 1.31	 0.10	198.39	 3.10	 9.60	 1.00	10.77	 1.22	324.70	300.33	311.16	284.00	307.64	0	56.80
2010	12	30	1.912	5842.0796	363.0797	29.0797	 0.74	 0.05	183.49	 4.05	 5.06	 1.00	10.75	 1.23	325.59	283.90	290.39	 0.00	289.16	0	54.00
2010	12	30	2.798	5842.1167	363.1166	29.1166	 0.71	 0.05	183.73	 4.56	 3.34	 1.00	10.90	 1.17	325.72	283.39	291.42	265.58	288.62	0	53.12
2010	12	30	3.715	5842.1548	363.1548	29.1548	 1.42	 0.07	203.65	 1.85	 3.34	 1.00	11.03	 1.15	325.80	283.05	289.59	264.49	289.72	0	52.90
2010	12	30	4.160	5842.1733	363.1733	29.1733	 0.93	 0.05	180.59	 2.99	 2.39	 1.00	10.95	 1.15	325.77	282.94	287.26	 0.00	287.95	0	54.00
2010	12	30	5.052	5842.2104	363.2105	29.2105	 0.92	 0.05	181.66	 3.02	24.78	 0.85	10.82	 1.20	325.60	282.44	287.92	264.52	290.37	0	52.90
2010	12	30	6.852	5842.2856	363.2855	29.2855	 0.83	 0.04	186.14	 2.99	 0.66	 1.00	10.80	 1.24	325.62	281.81	287.31	264.51	289.70	0	52.90
2010	12	30	8.240	5842.3433	363.3433	29.3433	 0.71	 0.03	189.31	 3.25	 5.23	 0.98	11.08	 1.16	325.00	281.39	287.09	264.39	289.47	0	52.88
2010	12	30	8.685	5842.3618	363.3619	29.3619	 0.86	 0.05	185.68	 3.16	 4.03	 1.00	11.10	 1.26	324.67	281.36	288.39	264.41	286.30	0	52.88
2010	12	30	9.580	5842.3989	363.3992	29.3992	 0.77	 0.04	187.76	 3.33	 7.15	 0.98	10.97	 1.26	324.35	281.06	288.75	 0.00	 0.00	0	54.00
2010	12	30	10.492	5842.4370	363.4372	29.4372	 0.74	 0.04	185.85	 3.88	 7.27	 0.99	10.78	 1.18	321.35	281.42	288.59	 0.00	 0.00	0	54.00
2010	12	30	13.158	5842.5483	363.5483	29.5483	 0.67	 0.04	185.70	 4.22	 1.94	 1.00	10.75	 1.17	324.73	284.11	292.04	273.62	290.46	0	54.72
2010	12	30	13.596	5842.5664	363.5665	29.5665	 0.75	 0.20	190.32	17.58	1103.44	 0.51	10.77	 1.08	324.83	286.40	290.57	275.06	291.27	0	55.01
2010	12	30	14.033	5842.5845	363.5847	29.5847	 0.78	 0.05	178.37	 3.65	12.05	 0.96	10.72	 1.11	324.43	288.59	292.25	 0.00	293.61	0	54.00
2010	12	30	14.472	5842.6030	363.6030	29.6030	 0.85	 0.07	185.26	 4.90	 8.22	 1.00	10.73	 1.15	324.35	290.58	298.75	276.05	298.49	0	55.21
2010	12	30	15.374	5842.6406	363.6406	29.6406	 0.95	 0.09	197.50	 5.10	59.38	 0.90	10.77	 1.18	323.94	294.01	302.83	 0.00	301.47	0	54.00
2010	12	30	15.812	5842.6587	363.6588	29.6588	 1.24	 0.09	189.11	 3.11	 9.99	 0.99	10.75	 1.09	323.90	295.30	305.98	278.62	300.52	0	55.72
2010	12	30	16.689	5842.6953	363.6954	29.6954	 1.01	 0.07	194.84	 3.86	48.48	 0.85	10.73	 0.95	323.86	297.24	308.17	280.09	304.87	0	56.02
2010	12	30	17.593	5842.7329	363.7331	29.7331	 1.34	 0.09	196.90	 2.65	 3.04	 1.00	10.75	 1.20	323.83	298.34	309.35	281.49	305.94	0	56.30
2010	12	30	18.032	5842.7515	363.7513	29.7513	 1.19	 0.11	196.99	 4.10	 3.90	 1.00	10.78	 1.04	324.19	298.58	308.91	280.39	306.37	0	56.08
2010	12	30	19.373	5842.8071	363.8072	29.8072	 1.79	 0.12	210.90	 2.09	 1.56	 1.00	10.75	 1.29	322.87	297.94	309.80	280.56	305.53	0	56.11
2010	12	30	22.029	5842.9180	363.9179	29.9179	 3.63	 0.97	201.27	 2.03	 5.69	 1.00	10.78	 1.07	324.86	289.06	299.42	 0.00	 0.00	0	54.00
2010	12	30	22.475	5842.9365	363.9364	29.9364	 3.35	 0.59	202.06	 1.66	 5.41	 1.00	10.88	 1.15	325.01	288.36	295.50	 0.00	293.63	0	54.00
2010	12	30	23.360	5842.9731	363.9733	29.9733	 2.34	 0.28	197.65	 2.28	 4.97	 1.00	10.73	 1.15	325.34	286.57	293.89	265.24	294.62	0	53.05
2010	12	30	23.834	5842.9932	363.9931	29.9931	 2.49	 0.37	193.79	 2.50	12.17	 0.99	10.78	 1.03	325.36	285.82	289.28	265.07	 0.00	0	53.01
2010	12	31	2.961	5843.1235	364.1234	30.1234	 0.51	 0.05	181.86	 8.48	 2.10	 1.00	10.95	 1.22	323.48	281.93	291.54	 0.00	 0.00	0	54.00
2010	12	31	3.406	5843.1421	364.1419	30.1419	 0.43	 0.04	180.59	 9.73	26.13	 0.87	10.80	 1.17	323.64	281.19	287.65	262.35	289.81	0	52.47
2010	12	31	3.854	5843.1606	364.1606	30.1606	 0.55	 0.05	168.29	 6.58	 9.06	 0.99	10.77	 1.26	324.87	280.60	288.38	 0.00	287.03	0	54.00
2010	12	31	4.318	5843.1797	364.1799	30.1799	 0.43	 0.05	164.43	 9.36	10.01	 0.98	10.77	 1.20	324.62	280.06	285.15	262.20	286.54	0	52.44
2010	12	31	4.759	5843.1982	364.1983	30.1983	 0.21	 0.05	212.53	37.86	 7.53	 0.99	10.95	 1.13	322.24	279.60	284.94	262.62	284.65	0	52.52
2010	12	31	6.560	5843.2734	364.2733	30.2733	 0.39	 0.05	149.15	11.20	 8.08	 0.99	10.82	 1.20	325.34	278.50	287.22	 0.00	284.82	0	54.00
2010	12	31	7.003	5843.2920	364.2918	30.2918	 0.34	 0.06	149.91	16.07	14.14	 0.98	10.82	 1.19	325.06	278.25	283.82	262.53	284.67	0	52.51
2010	12	31	8.333	5843.3472	364.3472	30.3472	 0.36	 0.04	150.71	10.79	11.58	 0.95	10.88	 1.25	324.75	278.04	285.00	263.10	 0.00	0	52.62
2010	12	31	9.714	5843.4048	364.4048	30.4048	 0.26	 0.04	170.09	18.22	 8.09	 0.97	10.73	 1.23	324.54	277.78	283.90	 0.00	284.16	0	54.00
2010	12	31	10.155	5843.4233	364.4231	30.4231	 0.40	 0.05	139.96	 9.52	 6.09	 0.99	10.98	 1.25	324.33	278.04	285.18	263.88	284.20	0	52.78
2010	12	31	11.517	5843.4800	364.4799	30.4799	 0.29	 0.05	171.85	17.19	12.47	 0.95	10.83	 1.19	324.33	280.72	288.84	 0.00	 0.00	0	54.00
2010	12	31	11.962	5843.4985	364.4984	30.4984	 0.28	 0.06	167.40	21.64	 9.01	 0.99	10.87	 1.18	324.35	282.16	287.52	269.72	291.29	0	53.94
2010	12	31	12.404	5843.5166	364.5168	30.5168	 0.41	 0.05	145.31	10.18	 8.38	 0.99	10.72	 1.23	324.39	283.59	291.07	271.09	 0.00	0	54.22
2010	12	31	12.843	5843.5352	364.5351	30.5351	 0.41	 0.06	161.86	12.14	 7.12	 1.00	10.75	 1.28	324.50	285.20	292.33	271.93	290.25	0	54.39
2010	12	31	13.306	5843.5542	364.5544	30.5544	 0.36	 0.05	183.30	14.41	34.14	 0.85	10.80	 1.18	321.54	286.93	295.39	273.78	292.29	0	54.76
2010	12	31	15.957	5843.6650	364.6649	30.6649	 1.05	 0.07	196.83	 3.45	23.54	 0.95	10.73	 1.13	324.27	292.88	303.95	279.76	299.40	0	55.95
2010	12	31	18.174	5843.7573	364.7572	30.7572	 0.97	 0.07	188.84	 3.95	 7.14	 1.00	10.75	 1.21	323.23	296.92	306.78	279.32	304.47	0	55.86
2010	12	31	18.611	5843.7754	364.7755	30.7755	 1.10	 0.09	188.76	 3.67	15.77	 0.99	10.77	 1.17	323.33	296.90	309.18	277.78	302.30	0	55.56
2010	12	31	21.282	5843.8867	364.8868	30.8868	 1.28	 0.15	197.84	 4.77	 6.82	 1.00	10.78	 1.17	323.30	292.71	303.88	272.94	300.26	0	54.59
2010	12	31	22.196	5843.9248	364.9248	30.9248	 1.13	 0.09	201.08	 3.95	10.38	 1.00	11.00	 1.03	323.39	290.52	302.98	271.66	298.50	0	54.33
2010	12	31	22.641	5843.9434	364.9434	30.9434	 1.52	 0.37	201.82	 8.61	56.10	 1.00	10.85	 1.28	322.79	289.08	300.69	265.54	297.98	0	53.11
2010	12	31	23.969	5843.9985	364.9987	30.9987	 0.99	 0.06	187.96	 2.94	 5.81	 0.99	10.82	 1.15	322.67	285.19	294.04	 0.00	292.07	0	54.00
