2012	1	1	0.558	6209.0234	0.0233	0.0233	 3.55	 0.58	215.37	 1.41	 4.11	 1.00	10.75	 1.25	317.92	285.87	294.70	265.46	292.24	0	53.09
2012	1	1	1.460	6209.0610	0.0608	0.0608	 3.84	 0.63	212.54	 1.11	 0.67	 1.00	10.85	 1.24	316.42	284.67	292.86	267.22	293.18	0	53.44
2012	1	1	1.903	6209.0791	0.0793	0.0793	 3.42	 0.48	205.73	 1.28	 1.69	 1.00	10.75	 1.04	317.25	284.25	291.30	267.01	291.22	0	53.40
2012	1	1	2.343	6209.0977	0.0976	0.0976	 3.36	 0.56	213.19	 1.64	 3.46	 1.00	10.83	 1.21	316.18	283.92	292.98	267.36	292.52	0	53.47
2012	1	1	3.220	6209.1343	0.1342	0.1342	 3.56	 0.46	212.02	 1.09	 4.44	 0.98	10.73	 1.18	320.78	283.39	291.60	265.97	289.63	0	53.19
2012	1	1	3.684	6209.1533	0.1535	0.1535	 3.72	 0.99	205.89	 1.92	 5.76	 1.00	10.77	 1.02	320.23	283.25	290.26	265.13	289.85	0	53.03
2012	1	1	4.121	6209.1719	0.1717	0.1717	 4.07	 0.78	211.61	 1.09	 0.94	 1.00	10.72	 1.25	320.20	283.14	290.32	 0.00	289.89	0	54.00
2012	1	1	5.439	6209.2266	0.2266	0.2266	 6.61	 9.47	209.61	 1.02	 3.71	 0.99	10.80	 1.20	320.89	282.83	290.05	265.12	289.49	0	53.02
2012	1	1	5.903	6209.2461	0.2460	0.2460	25.75	2475965230.54	210.92	 1.30	 1.57	 1.00	10.80	 1.21	321.99	282.72	288.69	265.12	289.34	0	53.02
2012	1	1	6.344	6209.2642	0.2643	0.2643	 4.76	 2.14	208.48	 1.47	 4.77	 1.00	10.72	 1.16	322.08	282.70	288.52	265.04	289.29	0	53.01
2012	1	1	6.783	6209.2827	0.2826	0.2826	 3.60	 0.82	211.69	 1.86	 1.82	 1.00	10.73	 1.23	322.16	282.73	289.32	265.04	287.83	0	53.01
2012	1	1	7.227	6209.3013	0.3011	0.3011	 4.02	 0.64	211.37	 0.95	 4.30	 0.97	10.78	 1.26	322.13	282.72	289.19	265.07	289.28	0	53.01
2012	1	1	8.133	6209.3389	0.3389	0.3389	 3.54	 0.53	208.54	 1.25	 1.94	 1.00	10.88	 1.14	321.42	282.58	287.39	265.12	287.76	0	53.02
2012	1	1	9.457	6209.3940	0.3940	0.3940	 3.96	 0.93	211.44	 1.46	 2.34	 1.00	10.78	 1.18	321.22	282.62	289.52	265.09	289.25	0	53.02
2012	1	1	10.804	6209.4502	0.4502	0.4502	 7.43	36.02	206.39	 1.67	 1.86	 1.00	10.73	 1.09	321.32	283.45	287.96	267.09	288.37	0	53.42
2012	1	1	11.682	6209.4868	0.4868	0.4868	 3.91	 1.04	207.62	 1.68	 2.58	 1.00	10.75	 1.12	321.47	285.51	291.36	273.84	292.37	0	54.77
2012	1	1	12.583	6209.5244	0.5243	0.5243	 3.95	 0.72	210.67	 1.13	 6.63	 0.97	10.82	 1.23	320.97	288.36	295.74	277.45	295.69	0	55.49
2012	1	1	13.022	6209.5425	0.5426	0.5426	 3.75	 0.60	212.96	 1.16	 2.06	 1.00	10.73	 1.30	320.17	289.57	298.93	277.74	299.20	0	55.55
2012	1	1	13.460	6209.5610	0.5608	0.5608	 4.44	 2.07	205.44	 1.93	 3.42	 1.00	10.75	 1.12	318.47	290.95	297.58	281.03	299.75	0	56.21
2012	1	1	14.337	6209.5972	0.5974	0.5974	 6.72	11.61	210.18	 1.12	 2.74	 1.00	10.73	 1.20	317.38	292.20	301.12	279.08	301.99	0	55.82
# Unit 3, Cerro Chajnantor CCAT, Filter  0,  Slot 1, 350 um (616) & yellow
#				days
#				since		day of	day of
# yr	mo	dy	 time	1/1/1995	year	month	Tau	unc	Tatm	unc	mse	fitgood	Etime	R	Thot	Twarm	Tchop	Tamb	<Tint>	Filter	Toff
# 1	2	3	4	5		6	7	8	9	10	11	12	13	14	15	16	17	18	19	20	21	22
2012	1	1	14.833	6209.6182	0.6181	0.6181	 3.78	 0.51	215.07	 0.98	 2.99	 0.99	10.75	 1.27	317.42	292.10	302.42	273.55	300.28	0	54.71
2012	1	1	15.708	6209.6543	0.6545	0.6545	 4.17	 1.17	206.44	 1.44	 4.56	 1.00	10.73	 1.08	315.95	294.57	302.36	284.53	301.76	0	56.91
2012	1	1	17.481	6209.7285	0.7284	0.7284	 3.47	 0.57	206.61	 1.43	 3.05	 1.00	10.73	 1.02	315.72	297.50	307.99	284.21	305.40	0	56.84
2012	1	1	18.355	6209.7646	0.7648	0.7648	 4.28	 0.86	211.50	 0.97	 7.81	 0.91	10.73	 1.23	316.99	298.06	308.01	283.28	305.62	0	56.66
2012	1	1	18.792	6209.7832	0.7830	0.7830	 3.42	 0.41	214.66	 1.13	 2.85	 0.99	10.73	 1.23	316.77	298.08	310.44	283.30	305.74	0	56.66
2012	1	1	19.692	6209.8203	0.8205	0.8205	 4.12	 1.57	199.71	 1.97	10.35	 0.99	10.75	 0.89	316.26	297.77	310.25	282.23	305.89	0	56.45
2012	1	1	21.004	6209.8750	0.8752	0.8752	 6.20	14.70	205.33	 2.31	 4.62	 1.00	10.73	 1.01	316.07	296.39	309.45	279.60	306.67	0	55.92
2012	1	1	23.228	6209.9678	0.9678	0.9678	16.22	260330.25	207.80	 1.85	 2.56	 1.00	10.73	 1.16	319.56	289.66	300.00	265.61	295.56	0	53.12
2012	1	2	0.130	6210.0054	1.0054	1.0054	29.42	78441823671.44	212.54	 1.05	 1.63	 1.00	10.75	 1.27	318.04	287.02	298.20	265.44	292.70	0	53.09
2012	1	2	1.011	6210.0420	1.0421	1.0421	 3.92	 0.72	211.95	 1.18	 1.92	 1.00	10.72	 1.22	318.19	285.79	294.98	267.28	294.05	0	53.46
2012	1	2	2.358	6210.0981	1.0983	1.0983	 5.32	 3.79	213.00	 1.50	 0.57	 1.00	10.77	 1.25	318.17	284.29	294.69	265.73	291.42	0	53.15
2012	1	2	2.799	6210.1167	1.1166	1.1166	 4.89	 2.38	209.36	 1.43	 3.80	 1.00	10.77	 1.21	318.62	283.95	290.93	265.80	292.18	0	53.16
2012	1	2	3.241	6210.1353	1.1350	1.1350	17.27	401987.74	209.47	 1.00	 3.23	 0.99	10.73	 1.17	320.07	283.71	291.64	265.15	290.55	0	53.03
2012	1	2	3.681	6210.1533	1.1534	1.1534	 4.77	 1.45	210.06	 0.98	 0.25	 1.00	10.73	 1.13	319.96	283.64	290.80	265.25	288.97	0	53.05
2012	1	2	4.587	6210.1909	1.1911	1.1911	23.64	349490681.38	203.50	 1.46	 4.54	 1.00	10.77	 1.08	319.95	283.87	288.09	266.33	290.66	0	53.27
2012	1	2	5.464	6210.2275	1.2277	1.2277	 5.05	 2.43	206.09	 1.22	 1.24	 1.00	10.72	 1.13	319.88	283.64	289.13	265.21	291.96	0	53.04
2012	1	2	6.371	6210.2656	1.2655	1.2655	22.83	108001687.54	204.75	 1.01	 1.24	 1.00	10.98	 1.10	319.44	283.28	289.20	 0.00	291.55	0	54.00
2012	1	2	6.812	6210.2837	1.2838	1.2838	 4.24	 1.33	207.04	 1.53	 5.92	 0.99	10.83	 1.16	318.92	282.98	290.20	265.21	291.17	0	53.04
2012	1	2	7.690	6210.3203	1.3204	1.3204	20.69	13710938.81	207.92	 1.11	 5.02	 0.98	10.75	 1.16	321.03	282.77	289.63	265.16	289.44	0	53.03
2012	1	2	8.597	6210.3584	1.3582	1.3582	 4.27	 1.29	209.50	 1.45	 1.62	 1.00	10.78	 1.21	321.32	282.98	288.17	265.75	290.79	0	53.15
2012	1	2	9.040	6210.3765	1.3767	1.3767	21.17	28104756.22	211.41	 1.43	 0.86	 1.00	10.75	 1.20	321.11	283.19	291.59	265.57	 0.00	0	53.11
2012	1	2	9.483	6210.3950	1.3951	1.3951	18.69	2212233.20	211.29	 1.35	 5.57	 0.99	10.73	 1.23	321.18	283.42	291.22	265.61	 0.00	0	53.12
2012	1	2	10.837	6210.4517	1.4515	1.4515	 5.00	 2.95	206.38	 1.56	 1.12	 1.00	10.77	 1.13	321.11	284.13	289.85	266.84	289.12	0	53.37
2012	1	2	11.282	6210.4702	1.4701	1.4701	 6.95	20.52	207.68	 1.55	 4.31	 1.00	10.78	 1.18	321.16	284.39	289.40	 0.00	290.90	0	54.00
2012	1	2	11.721	6210.4883	1.4884	1.4884	24.86	1120593505.81	206.78	 1.39	 3.10	 1.00	10.73	 1.14	321.16	284.61	289.41	267.25	291.13	0	53.45
2012	1	2	12.160	6210.5068	1.5067	1.5067	 4.99	 3.03	207.57	 1.64	 1.60	 1.00	10.75	 1.12	321.18	284.84	292.45	 0.00	291.32	0	54.00
2012	1	2	12.599	6210.5249	1.5250	1.5250	 4.75	 1.45	211.70	 1.02	 1.52	 1.00	10.77	 1.18	321.21	285.21	293.86	267.84	290.06	0	53.57
2012	1	2	13.066	6210.5444	1.5444	1.5444	52.54	 1.00	203.26	 0.00	 2.35	 0.00	10.90	 1.09	321.36	285.71	290.41	268.76	292.25	0	53.75
2012	1	2	13.944	6210.5811	1.5810	1.5810	 6.04	 7.88	208.29	 1.48	 0.82	 1.00	10.75	 1.21	321.22	287.07	294.51	270.58	293.71	0	54.12
2012	1	2	15.752	6210.6562	1.6564	1.6564	 3.26	 0.53	207.42	 1.70	 2.77	 1.00	10.75	 1.15	318.82	292.38	299.91	280.43	299.58	0	56.09
2012	1	2	16.189	6210.6743	1.6746	1.6746	 3.08	 0.52	205.20	 1.96	 2.59	 1.00	10.73	 1.08	319.42	294.09	301.33	283.09	301.22	0	56.62
2012	1	2	17.064	6210.7109	1.7110	1.7110	 4.24	 0.98	206.03	 1.13	 1.07	 1.00	10.73	 0.99	321.63	295.65	305.09	279.87	305.57	0	55.97
2012	1	2	18.403	6210.7666	1.7668	1.7668	59.17	 1.00	209.76	 0.00	 2.31	 0.00	10.72	 1.15	321.59	295.61	305.81	274.13	305.65	0	54.83
2012	1	2	20.181	6210.8408	1.8409	1.8409	 3.59	 1.06	204.77	 2.36	 8.47	 1.00	10.80	 1.00	321.66	294.34	304.47	275.51	302.35	0	55.10
2012	1	2	22.838	6210.9517	1.9516	1.9516	39.39	 1.00	209.68	 0.00	 3.24	 0.00	10.73	 1.08	319.81	288.41	301.56	265.58	295.38	0	53.12
2012	1	2	23.276	6210.9697	1.9698	1.9698	 5.69	 6.55	208.68	 1.75	 2.40	 1.00	10.72	 1.20	320.77	287.57	294.54	265.52	 0.00	0	53.10
2012	1	2	23.714	6210.9883	1.9881	1.9881	 4.31	 1.58	207.32	 1.69	 3.19	 1.00	10.73	 1.13	320.77	286.88	294.94	 0.00	 0.00	0	54.00
2012	1	3	1.058	6211.0439	2.0441	2.0441	12.99	8664.08	211.32	 1.57	 0.84	 1.00	10.73	 1.21	321.99	285.18	293.19	265.36	293.18	0	53.07
2012	1	3	2.846	6211.1187	2.1186	2.1186	 3.58	 0.59	208.87	 1.34	 1.01	 1.00	10.73	 1.12	321.82	284.13	289.57	265.18	289.44	0	53.04
2012	1	3	3.286	6211.1367	2.1369	2.1369	 3.81	 0.78	212.33	 1.43	 3.26	 1.00	10.82	 1.24	321.85	283.93	290.30	265.18	290.63	0	53.04
2012	1	3	5.080	6211.2119	2.2117	2.2117	 3.41	 0.56	207.66	 1.53	 1.40	 1.00	10.77	 1.14	322.29	283.21	289.03	265.15	 0.00	0	53.03
2012	1	3	7.323	6211.3052	2.3051	2.3051	 3.47	 0.48	212.93	 1.25	 0.68	 1.00	11.03	 1.29	323.27	282.69	289.22	265.22	 0.00	0	53.04
2012	1	3	8.211	6211.3423	2.3421	2.3421	 3.87	 0.70	212.90	 1.20	 4.63	 0.99	10.75	 1.26	322.10	282.53	290.91	265.26	288.94	0	53.05
2012	1	3	8.650	6211.3604	2.3604	2.3604	 4.27	 1.49	209.65	 1.68	 2.00	 1.00	10.77	 1.28	321.88	282.70	287.10	265.09	288.95	0	53.02
2012	1	3	9.116	6211.3799	2.3798	2.3798	 6.16	 7.18	208.43	 1.20	 2.66	 1.00	10.75	 1.26	321.66	282.91	288.39	 0.00	289.26	0	54.00
2012	1	3	9.559	6211.3984	2.3983	2.3983	 4.72	 2.64	208.82	 1.89	 1.56	 1.00	10.83	 1.21	321.60	283.12	288.68	265.16	289.52	0	53.03
2012	1	3	10.001	6211.4165	2.4167	2.4167	 3.58	 0.70	207.48	 1.59	 4.74	 1.00	10.82	 1.15	321.51	283.26	289.26	 0.00	289.62	0	54.00
2012	1	3	10.444	6211.4351	2.4352	2.4352	 4.11	 0.84	205.69	 1.09	 2.12	 1.00	10.73	 1.19	321.37	283.40	287.50	265.27	289.68	0	53.05
2012	1	3	10.883	6211.4536	2.4534	2.4534	19.21	2724038.48	207.58	 0.97	 2.30	 1.00	10.73	 1.22	321.56	283.88	291.35	267.74	290.06	0	53.55
2012	1	3	11.349	6211.4727	2.4729	2.4729	 3.80	 0.99	208.52	 1.79	 0.83	 1.00	10.77	 1.14	321.82	284.73	291.54	268.89	289.28	0	53.78
2012	1	3	11.788	6211.4912	2.4912	2.4912	 3.45	 0.94	203.94	 2.40	 3.35	 1.00	10.75	 1.10	321.88	285.55	290.90	269.14	291.77	0	53.83
2012	1	3	12.226	6211.5093	2.5094	2.5094	 3.38	 0.52	205.51	 1.45	 5.47	 0.99	10.75	 1.13	321.73	286.52	291.38	270.75	292.80	0	54.15
2012	1	3	13.102	6211.5459	2.5459	2.5459	 4.02	 1.33	205.24	 1.89	 2.25	 1.00	10.73	 1.09	321.85	288.92	296.47	275.21	296.01	0	55.04
2012	1	3	15.812	6211.6587	2.6588	2.6588	 4.20	 1.18	206.26	 1.40	 3.07	 1.00	10.78	 0.95	319.34	295.79	306.68	277.98	303.95	0	55.60
2012	1	3	16.249	6211.6772	2.6770	2.6770	17.14	426958.80	206.03	 1.19	 0.84	 1.00	10.75	 1.09	319.67	295.99	305.05	278.43	304.28	0	55.69
2012	1	3	16.687	6211.6953	2.6953	2.6953	 3.33	 0.37	204.39	 1.08	 1.52	 1.00	10.73	 1.02	320.00	296.40	306.60	279.87	304.40	0	55.97
2012	1	3	18.902	6211.7876	2.7876	2.7876	 5.06	 2.31	207.10	 1.16	 3.83	 0.99	10.80	 1.10	319.63	295.72	307.38	271.14	304.06	0	54.23
2012	1	3	19.344	6211.8062	2.8060	2.8060	 4.08	 0.72	206.88	 0.97	 0.77	 1.00	10.73	 1.14	317.98	294.07	305.62	269.41	300.64	0	53.88
2012	1	3	21.573	6211.8989	2.8989	2.8989	34.23	 1.00	213.59	 0.00	 1.63	 0.00	10.78	 1.15	319.00	289.31	298.88	269.39	 0.00	0	53.88
2012	1	3	22.013	6211.9170	2.9172	2.9172	 4.66	 1.54	210.74	 1.18	 1.76	 1.00	10.77	 1.14	319.14	288.78	296.57	268.71	297.30	0	53.74
2012	1	3	22.476	6211.9365	2.9365	2.9365	17.75	871821.17	211.63	 1.37	 1.68	 1.00	10.77	 1.16	319.33	288.29	296.37	267.71	295.34	0	53.54
2012	1	3	23.354	6211.9731	2.9731	2.9731	 4.67	 1.77	211.13	 1.34	 2.05	 1.00	10.73	 1.07	320.46	287.35	296.34	266.69	 0.00	0	53.34
2012	1	3	23.792	6211.9912	2.9913	2.9913	21.10	27571345.22	216.92	 1.55	 2.56	 1.00	10.73	 1.26	320.85	287.00	295.62	266.76	292.22	0	53.35
2012	1	4	0.235	6212.0098	3.0098	3.0098	15.71	98439.59	210.55	 1.18	 4.45	 0.99	10.82	 1.15	320.81	286.72	293.93	266.89	294.68	0	53.38
2012	1	4	0.698	6212.0293	3.0291	3.0291	33.11	 1.00	207.43	 0.00	 1.47	 0.00	10.73	 1.05	321.53	286.51	290.99	266.65	292.22	0	53.33
2012	1	4	1.580	6212.0659	3.0658	3.0658	21.00	17611882.52	213.83	 1.08	 3.10	 0.99	10.97	 1.18	321.39	286.47	293.20	266.51	292.88	0	53.30
2012	1	4	2.465	6212.1025	3.1027	3.1027	 4.85	 2.01	214.53	 1.29	 6.78	 0.98	10.77	 1.21	321.16	286.62	293.05	266.15	 0.00	0	53.23
2012	1	4	3.371	6212.1406	3.1405	3.1405	 5.39	 3.79	212.92	 1.39	 2.67	 1.00	10.72	 1.21	322.23	286.04	292.59	 0.00	292.20	0	54.00
2012	1	4	3.811	6212.1587	3.1588	3.1588	 4.35	 1.35	213.67	 1.43	 1.82	 1.00	10.78	 1.19	322.80	285.67	293.69	 0.00	291.62	0	54.00
2012	1	4	4.254	6212.1772	3.1772	3.1772	 5.09	 3.03	212.90	 1.52	 1.68	 1.00	10.70	 1.14	323.41	285.35	291.77	265.27	292.63	0	53.05
2012	1	4	4.700	6212.1958	3.1958	3.1958	 4.59	 2.60	211.01	 2.14	 3.37	 1.00	10.83	 1.11	323.60	285.12	290.34	265.22	290.93	0	53.04
2012	1	4	5.166	6212.2153	3.2153	3.2153	 3.49	 0.75	208.09	 1.87	 9.67	 0.99	10.78	 1.04	323.62	284.92	290.82	265.21	292.24	0	53.04
2012	1	4	5.608	6212.2339	3.2337	3.2337	 4.74	 1.97	207.78	 1.37	 3.71	 1.00	10.82	 1.14	323.43	284.75	287.83	265.23	292.11	0	53.05
2012	1	4	6.050	6212.2520	3.2521	3.2521	 3.51	 0.54	210.52	 1.34	 0.82	 1.00	10.77	 1.10	323.10	284.51	289.49	265.29	 0.00	0	53.06
2012	1	4	7.395	6212.3081	3.3081	3.3081	 3.81	 0.59	214.70	 1.08	 4.37	 0.98	10.87	 1.26	321.93	283.79	290.41	265.25	 0.00	0	53.05
2012	1	4	7.836	6212.3267	3.3265	3.3265	 3.66	 0.71	211.73	 1.51	 1.56	 1.00	10.88	 1.25	322.26	283.67	288.79	 0.00	289.46	0	54.00
2012	1	4	8.721	6212.3633	3.3634	3.3634	 3.77	 0.61	207.97	 1.14	 1.94	 1.00	10.73	 1.11	322.29	283.53	288.63	265.32	287.94	0	53.06
2012	1	4	9.161	6212.3818	3.3817	3.3817	 4.24	 1.05	212.06	 1.24	 0.99	 1.00	10.73	 1.29	322.06	283.42	290.34	 0.00	290.77	0	54.00
2012	1	4	9.627	6212.4014	3.4011	3.4011	 3.44	 0.41	212.04	 1.11	 1.91	 1.00	10.80	 1.19	322.28	283.26	287.87	265.32	287.71	0	53.06
2012	1	4	10.071	6212.4194	3.4196	3.4196	24.47	737249892.66	211.41	 1.39	 2.74	 1.00	10.78	 1.16	321.92	283.22	289.22	265.33	289.05	0	53.07
2012	1	4	12.311	6212.5132	3.5130	3.5130	 3.24	 0.37	214.69	 1.25	 4.50	 0.99	10.77	 1.14	321.93	286.74	292.53	274.46	290.02	0	54.89
2012	1	4	13.630	6212.5679	3.5679	3.5679	 3.92	 0.98	203.66	 1.53	 2.80	 1.00	10.73	 1.13	318.70	291.84	296.66	280.33	300.37	0	56.07
2012	1	4	14.097	6212.5874	3.5874	3.5874	 3.62	 0.77	206.73	 1.66	 2.15	 1.00	10.77	 1.17	318.12	293.19	301.30	281.94	 0.00	0	56.39
2012	1	4	14.534	6212.6055	3.6056	3.6056	 3.88	 0.89	202.97	 1.45	 3.48	 1.00	10.72	 1.12	319.34	294.45	302.83	282.66	299.74	0	56.53
2012	1	4	22.533	6212.9390	3.9389	3.9389	 7.11	17.94	211.97	 1.17	 0.77	 1.00	10.82	 1.16	317.47	289.05	298.52	269.95	 0.00	0	53.99
2012	1	4	23.003	6212.9585	3.9585	3.9585	17.04	402398.98	209.07	 1.27	 1.46	 1.00	10.88	 1.03	315.14	288.48	295.74	268.54	294.31	0	53.71
2012	1	5	2.997	6213.1250	4.1249	4.1249	31.06	524473554535.15	213.32	 1.37	 1.43	 1.00	10.73	 1.15	320.53	283.44	290.81	265.39	291.34	0	53.08
2012	1	5	3.910	6213.1631	4.1629	4.1629	 5.15	 3.48	215.74	 1.65	 2.31	 1.00	10.82	 1.20	320.60	283.90	290.71	265.32	290.31	0	53.06
2012	1	5	4.794	6213.1997	4.1997	4.1997	36.29	 1.00	210.68	 0.00	 4.39	 0.00	10.73	 1.18	320.68	284.12	290.49	 0.00	290.50	0	54.00
2012	1	5	6.587	6213.2744	4.2745	4.2745	85.71	 0.99	209.86	 0.00	10.45	 0.00	10.77	 1.08	320.87	284.14	288.91	265.30	290.47	0	53.06
2012	1	5	7.024	6213.2925	4.2927	4.2927	 4.70	 1.54	210.45	 1.13	 2.04	 1.00	10.72	 1.16	320.80	284.15	289.57	265.33	290.45	0	53.07
2012	1	5	8.372	6213.3486	4.3488	4.3488	30.77	315338128373.92	209.87	 1.09	 5.75	 0.98	10.82	 1.17	320.79	283.87	290.90	265.30	 0.00	0	53.06
2012	1	5	8.815	6213.3672	4.3673	4.3673	37.27	 1.00	210.46	 0.00	 5.60	 0.00	10.70	 1.27	320.81	283.69	290.94	 0.00	291.36	0	54.00
2012	1	5	9.254	6213.3857	4.3856	4.3856	 6.93	17.18	210.98	 1.34	 1.09	 1.00	10.73	 1.26	320.88	283.56	291.05	265.34	291.18	0	53.07
2012	1	5	11.040	6213.4600	4.4600	4.4600	94.39	 1.00	204.87	 0.00	 4.18	 0.00	10.70	 1.03	320.89	284.37	288.51	266.50	 0.00	0	53.30
2012	1	5	11.477	6213.4780	4.4782	4.4782	17.88	792173.84	207.15	 1.07	 8.19	 0.94	10.80	 1.06	321.04	285.26	291.59	266.32	292.67	0	53.26
2012	1	5	11.922	6213.4966	4.4968	4.4968	52.09	 1.00	203.65	 0.00	 4.56	 0.00	10.90	 1.04	321.05	286.22	289.87	267.58	293.63	0	53.52
2012	1	5	12.388	6213.5161	4.5162	4.5162	41.17	 1.00	208.56	 0.00	 3.18	 0.00	10.93	 1.10	320.86	287.61	290.65	270.91	 0.00	0	54.18
2012	1	5	14.609	6213.6089	4.6087	4.6087	28.89	73152892328.18	208.92	 1.65	 4.37	 1.00	10.77	 1.14	319.09	291.61	299.52	272.80	298.02	0	54.56
2012	1	5	15.049	6213.6270	4.6270	4.6270	46.08	 0.99	203.78	 0.00	 9.55	 0.00	10.77	 1.07	319.13	293.03	300.64	273.73	298.75	0	54.75
2012	1	5	17.294	6213.7207	4.7206	4.7206	 2.97	 0.53	194.07	 2.12	 0.98	 1.00	10.73	 0.85	315.59	298.71	310.90	276.69	305.94	0	55.34
2012	1	5	17.731	6213.7388	4.7388	4.7388	 4.96	 3.70	192.95	 1.90	 4.64	 1.00	10.72	 0.81	315.70	298.32	313.87	277.22	304.24	0	55.44
2012	1	5	18.168	6213.7568	4.7570	4.7570	 3.55	 0.77	205.42	 1.77	 1.92	 1.00	10.73	 1.10	315.06	297.71	306.97	276.85	303.75	0	55.37
2012	1	5	19.068	6213.7944	4.7945	4.7945	 5.61	 6.85	208.27	 1.98	 9.36	 1.00	10.77	 1.11	315.65	295.90	309.07	269.37	305.21	0	53.87
2012	1	5	19.507	6213.8130	4.8128	4.8128	25.18	2405131907.83	203.92	 2.15	 3.69	 1.00	10.73	 1.18	315.11	294.65	305.77	267.46	302.69	0	53.49
2012	1	5	20.820	6213.8677	4.8675	4.8675	49.73	 1.00	200.55	 0.00	139.70	 0.00	10.77	 1.22	316.71	291.09	300.31	265.68	299.56	0	53.14
2012	1	5	22.169	6213.9238	4.9237	4.9237	 5.75	 5.48	208.54	 1.38	 5.53	 0.99	10.73	 1.25	320.73	288.51	298.07	265.91	297.01	0	53.18
2012	1	5	22.609	6213.9419	4.9420	4.9420	 3.67	 1.47	206.48	 3.00	 3.92	 1.00	10.80	 1.17	321.52	287.74	296.96	 0.00	293.34	0	54.00
2012	1	5	23.051	6213.9604	4.9605	4.9605	 4.62	 2.77	204.80	 2.15	 8.19	 1.00	10.77	 1.12	321.86	287.18	294.37	265.64	294.13	0	53.13
2012	1	5	23.955	6213.9980	4.9981	4.9981	 3.26	 0.53	206.95	 1.68	 3.70	 1.00	10.77	 1.13	321.79	286.08	293.47	265.52	292.78	0	53.10
2012	1	6	0.396	6214.0166	5.0165	5.0165	16.87	393796.32	204.14	 1.43	 3.48	 1.00	10.75	 1.14	321.61	285.60	292.33	265.48	292.42	0	53.10
2012	1	6	1.279	6214.0532	5.0533	5.0533	17.39	574076.91	207.42	 1.26	 3.28	 1.00	10.72	 1.14	320.49	284.72	292.11	265.43	289.90	0	53.09
2012	1	6	3.506	6214.1460	5.1461	5.1461	 4.04	 0.97	208.94	 1.38	 4.51	 0.99	10.82	 1.28	319.20	283.98	290.57	265.41	290.48	0	53.08
2012	1	6	3.971	6214.1655	5.1654	5.1654	75.06	 1.00	208.26	 0.00	 7.77	 0.00	10.80	 1.25	319.37	283.97	290.76	265.50	290.53	0	53.10
2012	1	6	4.411	6214.1836	5.1838	5.1838	22.55	156010509.37	186.86	 1.77	130.11	 0.23	10.73	 1.10	320.13	283.62	289.62	263.32	 0.00	0	52.66
2012	1	6	5.291	6214.2207	5.2205	5.2205	304.11	 0.33	186.54	 0.00	88.77	 0.00	10.77	 1.01	320.14	282.17	285.42	262.01	289.69	0	52.40
2012	1	6	6.199	6214.2583	5.2583	5.2583	257.19	 0.78	201.83	 0.00	46.10	 0.00	10.77	 1.21	319.78	280.73	287.40	261.07	285.11	0	52.21
2012	1	6	9.319	6214.3882	5.3883	5.3883	23.73	349499356.11	192.03	 1.26	67.05	 0.21	10.77	 1.09	318.66	275.36	280.66	262.32	280.95	0	52.46
2012	1	6	10.201	6214.4248	5.4250	5.4250	17.83	1113814.38	186.45	 1.41	100.03	 0.14	10.78	 1.22	318.11	276.65	280.54	264.13	 0.00	0	52.83
2012	1	6	10.666	6214.4443	5.4444	5.4444	120.91	 0.08	191.65	 0.00	178.67	 0.00	10.77	 1.22	318.25	277.63	282.93	265.42	285.51	0	53.08
2012	1	6	11.109	6214.4629	5.4629	5.4629	43.63	 0.04	165.93	 0.00	292.13	 0.00	10.75	 1.07	318.30	278.83	281.65	265.58	 0.00	0	53.12
2012	1	6	11.986	6214.4995	5.4994	5.4994	150.42	 0.02	175.73	 0.00	278.78	 0.00	10.72	 1.22	318.12	281.07	287.87	265.96	285.53	0	53.19
2012	1	6	12.429	6214.5181	5.5179	5.5179	28.93	76532198290.85	167.83	 1.33	262.40	 0.00	10.73	 1.26	317.27	282.18	288.93	 0.00	290.43	0	54.00
2012	1	6	12.897	6214.5376	5.5374	5.5374	19.43	8886450.03	152.07	 1.86	392.63	 0.00	10.78	 1.15	317.88	283.37	289.52	 0.00	291.08	0	54.00
2012	1	6	13.336	6214.5557	5.5557	5.5557	19.98	11659095.27	158.57	 1.47	276.65	 0.00	10.70	 1.27	317.09	284.57	292.14	 0.00	290.09	0	54.00
2012	1	6	15.117	6214.6299	5.6299	5.6299	 2.93	 0.38	196.32	 1.62	24.80	 0.87	10.80	 1.19	318.59	290.17	299.49	278.83	295.83	0	55.77
2012	1	6	16.428	6214.6846	5.6845	5.6845	 1.79	 0.14	186.03	 2.08	73.05	 0.48	10.73	 1.04	321.66	295.04	303.81	292.52	301.71	0	58.50
2012	1	6	16.866	6214.7026	5.7028	5.7028	 1.10	 0.04	201.04	 1.87	 2.57	 1.00	10.73	 1.25	322.94	296.11	306.56	282.98	304.46	0	56.60
2012	1	6	17.364	6214.7236	5.7235	5.7235	 1.30	 0.05	201.53	 1.75	 3.58	 0.99	10.78	 1.12	323.61	297.11	305.72	282.02	304.00	0	56.40
2012	1	6	17.802	6214.7417	5.7418	5.7418	 1.16	 0.10	202.18	 4.07	102.77	 0.72	10.75	 1.14	323.43	297.40	306.95	278.60	302.54	0	55.72
2012	1	6	18.239	6214.7598	5.7600	5.7600	 1.12	 0.10	201.34	 4.24	34.63	 0.97	10.75	 1.04	323.40	297.69	309.92	278.04	304.78	0	55.61
2012	1	6	19.118	6214.7964	5.7966	5.7966	 1.46	 0.15	195.22	 3.75	 4.18	 1.00	10.73	 0.98	322.45	296.77	306.17	273.72	304.08	0	54.74
2012	1	6	20.899	6214.8706	5.8708	5.8708	 2.22	 0.22	202.70	 2.17	 3.08	 1.00	10.83	 1.15	324.66	292.89	302.81	270.77	300.24	0	54.15
2012	1	6	21.339	6214.8892	5.8891	5.8891	 2.58	 0.32	203.34	 2.05	 4.66	 1.00	10.73	 1.12	325.22	292.09	301.77	270.25	297.58	0	54.05
2012	1	6	21.805	6214.9087	5.9085	5.9085	 3.29	 0.40	209.45	 1.25	 4.53	 0.99	10.80	 1.30	325.50	291.63	300.65	271.79	296.97	0	54.36
2012	1	6	23.124	6214.9634	5.9635	5.9635	 4.93	 3.33	204.53	 1.88	11.97	 0.99	10.73	 1.13	325.51	289.46	298.02	 0.00	297.56	0	54.00
2012	1	6	23.562	6214.9819	5.9817	5.9817	 3.63	 0.82	204.71	 1.73	 2.16	 1.00	10.77	 1.13	325.45	288.76	295.18	265.66	 0.00	0	53.13
2012	1	7	1.351	6215.0562	6.0563	6.0563	 2.81	 0.25	204.39	 1.26	 3.47	 0.99	10.80	 1.12	325.21	286.60	292.41	265.52	 0.00	0	53.10
2012	1	7	3.138	6215.1309	6.1308	6.1308	 1.80	 0.11	201.20	 1.83	 5.83	 0.99	10.78	 1.21	325.21	283.89	291.05	263.53	290.23	0	52.71
2012	1	7	3.579	6215.1489	6.1491	6.1491	 0.96	 0.05	193.21	 2.84	 6.08	 0.99	10.78	 1.20	325.17	283.17	290.51	261.67	288.12	0	52.33
2012	1	7	4.021	6215.1675	6.1675	6.1675	 0.87	 0.05	184.06	 3.29	26.69	 0.84	10.75	 1.19	324.63	282.43	288.99	261.53	288.12	0	52.31
2012	1	7	5.364	6215.2236	6.2235	6.2235	 0.62	 0.04	178.34	 4.67	 9.90	 0.97	10.85	 1.20	323.07	280.44	287.10	260.00	287.83	0	52.00
2012	1	7	5.806	6215.2417	6.2419	6.2419	 0.40	 0.03	227.43	10.10	 7.67	 0.99	10.98	 1.23	323.74	279.98	287.43	260.45	284.83	0	52.09
2012	1	7	6.255	6215.2607	6.2606	6.2606	 1.42	 0.06	199.23	 1.58	 9.83	 0.93	10.77	 1.27	323.82	279.80	286.41	260.56	284.52	0	52.11
2012	1	7	7.164	6215.2983	6.2985	6.2985	 1.02	 0.05	199.93	 2.52	11.98	 0.95	10.77	 1.17	324.25	279.58	283.39	262.38	285.74	0	52.48
2012	1	7	8.044	6215.3350	6.3352	6.3352	 1.30	 0.09	183.94	 2.81	11.71	 0.99	10.92	 1.10	324.01	279.45	282.29	263.04	284.12	0	52.61
2012	1	7	8.489	6215.3535	6.3537	6.3537	 1.30	 0.07	200.34	 2.22	10.35	 0.98	10.82	 1.29	323.33	279.31	286.88	 0.00	285.38	0	54.00
2012	1	7	8.957	6215.3730	6.3732	6.3732	 1.06	 0.05	190.54	 2.38	 6.20	 0.99	10.77	 1.19	323.26	279.17	283.51	263.14	286.62	0	52.63
2012	1	7	9.399	6215.3916	6.3916	6.3916	 1.02	 0.05	183.84	 2.44	 5.63	 0.99	10.80	 1.29	323.26	279.06	285.78	 0.00	285.11	0	54.00
2012	1	7	11.629	6215.4844	6.4846	6.4846	 0.74	 0.05	189.90	 4.95	 3.00	 1.00	10.78	 1.13	323.15	281.71	288.09	267.64	287.59	0	53.53
2012	1	7	13.415	6215.5591	6.5590	6.5590	 1.26	 0.06	187.10	 1.97	31.52	 0.66	10.77	 1.22	323.91	289.02	296.66	274.36	295.44	0	54.87
2012	1	7	13.854	6215.5771	6.5772	6.5772	 1.36	 0.06	196.02	 1.83	13.07	 0.92	10.75	 1.12	323.94	290.20	296.57	275.66	296.85	0	55.13
2012	1	7	14.293	6215.5957	6.5955	6.5955	 1.10	 0.07	189.77	 3.12	 7.38	 1.00	10.80	 1.17	324.22	291.66	298.46	277.26	298.56	0	55.45
2012	1	7	14.731	6215.6138	6.6138	6.6138	 0.44	 0.25	308.50	90.26	2415.92	 0.88	10.72	 1.11	324.40	293.34	301.36	282.08	299.91	0	56.42
2012	1	7	16.069	6215.6694	6.6696	6.6696	 1.25	 0.06	198.94	 1.94	 5.92	 0.99	10.73	 1.03	323.30	296.86	307.28	279.90	304.49	0	55.98
2012	1	7	17.380	6215.7241	6.7242	6.7242	 1.76	 0.10	196.89	 1.68	 2.83	 1.00	10.75	 0.97	323.06	298.22	307.85	277.37	303.13	0	55.47
2012	1	7	17.875	6215.7446	6.7448	6.7448	 2.39	 0.16	207.23	 1.29	 8.43	 0.95	10.77	 1.16	323.00	298.27	309.48	277.86	307.85	0	55.57
2012	1	7	18.750	6215.7812	6.7812	6.7812	 1.84	 0.19	197.09	 2.83	 6.48	 1.00	10.73	 0.99	322.33	297.93	308.80	277.43	305.35	0	55.49
2012	1	7	19.624	6215.8179	6.8177	6.8177	 2.00	 0.19	194.00	 2.31	 3.17	 1.00	10.73	 1.02	321.92	296.88	307.57	275.73	304.34	0	55.15
2012	1	7	20.086	6215.8369	6.8369	6.8369	 2.18	 0.26	203.36	 2.66	 4.74	 1.00	10.75	 1.18	321.86	296.05	306.13	276.35	303.49	0	55.27
2012	1	7	20.963	6215.8735	6.8735	6.8735	 1.97	 0.19	201.98	 2.46	 3.17	 1.00	10.73	 1.15	321.86	294.24	305.45	274.47	303.71	0	54.89
2012	1	7	21.841	6215.9102	6.9100	6.9100	 2.91	 0.55	202.61	 2.45	 9.67	 1.00	10.73	 1.15	321.58	292.00	301.53	271.01	299.65	0	54.20
2012	1	7	22.305	6215.9292	6.9294	6.9294	55.35	 1.00	201.67	 0.00	39.26	 0.00	10.77	 1.01	321.68	290.66	297.79	265.84	296.77	0	53.17
2012	1	7	22.744	6215.9478	6.9477	6.9477	 3.66	 2.40	189.12	 4.56	27.42	 1.00	10.73	 0.89	321.43	289.61	292.01	 0.00	 0.00	0	54.00
2012	1	8	0.062	6216.0024	7.0026	7.0026	 3.35	 0.59	207.71	 1.69	 1.01	 1.00	10.77	 1.11	321.83	287.12	296.40	265.53	295.57	0	53.11
2012	1	8	1.850	6216.0771	7.0771	7.0771	 1.07	 0.08	192.78	 3.49	 6.48	 1.00	10.72	 1.09	322.48	284.60	291.45	263.31	290.02	0	52.66
2012	1	8	2.290	6216.0952	7.0954	7.0954	 0.99	 0.05	201.46	 2.80	 5.94	 0.99	10.70	 1.15	322.81	283.84	289.77	263.62	291.76	0	52.72
2012	1	8	3.198	6216.1333	7.1332	7.1332	 1.08	 0.06	204.46	 2.72	 7.52	 0.99	10.87	 1.19	322.32	282.53	291.07	262.46	287.76	0	52.49
2012	1	8	4.989	6216.2080	7.2079	7.2079	 2.28	 0.19	203.27	 1.78	 6.02	 0.99	10.80	 1.17	322.01	281.14	285.48	262.42	 0.00	0	52.48
2012	1	8	5.430	6216.2261	7.2262	7.2262	 1.75	 0.11	205.92	 1.98	 6.39	 0.99	10.77	 1.25	322.01	280.96	286.40	263.04	287.29	0	52.61
2012	1	8	7.230	6216.3013	7.3012	7.3012	 2.42	 0.16	211.45	 1.29	 4.67	 0.99	10.88	 1.28	322.38	280.45	287.46	263.80	 0.00	0	52.76
2012	1	8	7.673	6216.3198	7.3197	7.3197	 2.52	 0.24	209.40	 1.71	 0.93	 1.00	10.85	 1.22	322.37	280.44	288.30	264.63	286.80	0	52.93
2012	1	8	8.115	6216.3379	7.3381	7.3381	 2.62	 0.23	206.41	 1.47	 1.78	 1.00	10.72	 1.26	322.40	280.40	285.27	265.27	 0.00	0	53.05
2012	1	8	8.556	6216.3564	7.3565	7.3565	 2.58	 0.34	210.87	 2.26	 1.56	 1.00	10.80	 1.30	322.34	280.43	289.32	265.30	288.19	0	53.06
2012	1	8	9.001	6216.3750	7.3750	7.3750	 2.57	 0.24	209.41	 1.59	 8.99	 0.98	10.73	 1.25	322.27	280.42	288.34	265.14	286.79	0	53.03
2012	1	8	9.467	6216.3945	7.3945	7.3945	 2.01	 0.15	198.38	 1.81	 1.87	 1.00	10.77	 1.10	322.42	280.49	283.83	 0.00	 0.00	0	54.00
2012	1	8	11.232	6216.4678	7.4680	7.4680	 1.56	 0.08	197.87	 1.83	12.02	 0.95	10.73	 1.26	322.36	281.93	287.33	265.41	288.09	0	53.08
2012	1	8	11.696	6216.4873	7.4873	7.4873	 1.49	 0.08	198.11	 1.85	 5.28	 0.99	10.77	 1.21	319.59	282.92	288.97	 0.00	 0.00	0	54.00
2012	1	8	14.787	6216.6162	7.6161	7.6161	 2.98	 0.39	199.22	 1.59	 3.54	 1.00	10.73	 0.98	322.86	289.69	294.68	284.87	296.26	0	56.97
2012	1	8	15.224	6216.6343	7.6343	7.6343	 3.62	 0.89	206.29	 1.92	 1.50	 1.00	10.72	 1.21	322.79	291.95	296.92	286.03	301.89	0	57.21
2012	1	8	15.662	6216.6523	7.6526	7.6526	 4.25	 1.52	210.48	 1.76	 0.68	 1.00	10.77	 1.22	321.38	293.66	302.50	286.80	303.63	0	57.36
2012	1	8	16.125	6216.6719	7.6719	7.6719	 3.46	 0.49	207.93	 1.26	 5.51	 0.99	10.77	 1.16	320.74	294.70	306.25	279.71	300.41	0	55.94
2012	1	8	16.565	6216.6904	7.6902	7.6902	 3.69	 0.66	208.34	 1.33	 1.00	 1.00	10.75	 1.23	319.37	295.74	307.07	278.40	303.19	0	55.68
2012	1	8	17.442	6216.7266	7.7267	7.7267	 3.10	 0.27	207.43	 1.02	 0.90	 1.00	10.73	 1.19	322.70	297.58	308.13	280.18	307.19	0	56.04
2012	1	8	18.814	6216.7837	7.7839	7.7839	 4.08	 0.77	211.65	 1.06	 1.35	 1.00	10.75	 1.25	318.78	298.00	307.97	280.09	305.08	0	56.02
2012	1	8	21.028	6216.8760	7.8761	7.8761	 4.32	 1.50	206.60	 1.59	 1.38	 1.00	10.72	 1.23	320.64	295.03	304.88	274.89	302.83	0	54.98
2012	1	8	21.465	6216.8945	7.8944	7.8944	 6.57	19.14	203.00	 2.07	 7.00	 1.00	10.73	 1.07	321.08	293.98	304.48	269.49	300.73	0	53.90
2012	1	8	21.907	6216.9126	7.9128	7.9128	37.32	 1.00	204.47	 0.00	 6.80	 0.00	10.72	 1.13	321.53	292.67	304.19	269.72	298.80	0	53.94
2012	1	8	22.346	6216.9312	7.9311	7.9311	 4.00	 4.87	213.55	 7.39	75.58	 1.00	10.80	 1.20	321.65	291.35	300.73	266.02	299.15	0	53.20
2012	1	8	23.251	6216.9687	7.9688	7.9688	16.44	278413.16	204.83	 1.55	 1.70	 1.00	10.73	 1.14	321.70	288.74	297.47	265.89	297.06	0	53.18
2012	1	9	0.135	6217.0059	8.0056	8.0056	 6.09	 6.45	210.44	 1.16	 1.71	 1.00	10.80	 1.26	321.62	286.99	295.37	265.59	293.76	0	53.12
2012	1	9	1.038	6217.0435	8.0433	8.0433	 3.46	 0.69	208.16	 1.79	 1.79	 1.00	10.77	 1.12	321.55	285.41	292.20	265.57	293.60	0	53.11
2012	1	9	1.481	6217.0615	8.0617	8.0617	 3.92	 0.90	202.78	 1.41	 3.63	 1.00	10.73	 1.05	321.51	284.87	288.78	 0.00	293.00	0	54.00
2012	1	9	3.260	6217.1357	8.1358	8.1358	 7.80	43.59	207.56	 1.41	 2.66	 1.00	10.75	 1.13	322.23	283.62	290.16	265.37	290.34	0	53.07
2012	1	9	5.024	6217.2095	8.2093	8.2093	 4.30	 1.18	208.66	 1.29	 3.51	 1.00	10.77	 1.21	321.98	282.79	289.92	265.29	289.28	0	53.06
2012	1	9	5.489	6217.2285	8.2287	8.2287	 4.33	 1.35	211.84	 1.44	 2.73	 1.00	10.80	 1.25	321.96	282.62	290.34	265.34	289.18	0	53.07
2012	1	9	6.813	6217.2837	8.2839	8.2839	 4.26	 1.52	208.01	 1.72	 2.23	 1.00	10.80	 1.13	322.02	282.37	288.79	265.25	288.83	0	53.05
2012	1	9	7.254	6217.3022	8.3023	8.3023	15.90	153241.35	210.15	 1.52	 1.00	 1.00	10.97	 1.16	321.95	282.34	288.71	265.31	287.31	0	53.06
2012	1	9	7.719	6217.3218	8.3216	8.3216	 5.13	 3.25	207.77	 1.52	 5.05	 1.00	10.75	 1.11	322.11	282.26	287.89	265.31	290.19	0	53.06
2012	1	9	8.160	6217.3398	8.3400	8.3400	32.24	1663711251742.92	211.01	 1.32	 3.30	 1.00	10.78	 1.27	322.16	282.25	288.74	265.32	287.23	0	53.06
2012	1	9	8.599	6217.3584	8.3583	8.3583	 5.37	 4.25	206.66	 1.55	 2.48	 1.00	10.78	 1.19	322.12	282.23	287.36	265.30	287.22	0	53.06
2012	1	9	9.038	6217.3765	8.3766	8.3766	 5.09	 3.12	209.81	 1.53	 1.20	 1.00	10.78	 1.29	322.15	282.22	287.41	265.23	287.17	0	53.05
2012	1	9	9.480	6217.3950	8.3950	8.3950	 4.06	 0.96	210.69	 1.34	 2.08	 1.00	10.73	 1.24	322.20	282.24	288.66	265.27	288.59	0	53.05
2012	1	9	11.266	6217.4692	8.4694	8.4694	 4.77	 1.94	208.17	 1.30	 0.20	 1.00	10.75	 1.21	322.22	283.95	289.29	269.04	291.77	0	53.81
2012	1	9	13.487	6217.5620	8.5620	8.5620	 0.84	 0.09	293.70	 9.75	3063.84	 0.00	10.73	 1.01	322.38	291.04	297.42	280.71	301.56	0	56.14
2012	1	9	14.828	6217.6177	8.6178	8.6178	 4.89	 1.96	211.49	 1.19	 4.26	 0.99	10.78	 1.18	321.89	294.47	304.90	279.71	302.79	0	55.94
2012	1	9	16.139	6217.6724	8.6724	8.6724	16.98	338183.75	210.97	 1.14	 5.02	 0.99	10.72	 1.22	321.72	295.57	306.89	271.91	306.06	0	54.38
2012	1	9	17.478	6217.7280	8.7283	8.7283	 3.80	 0.80	200.52	 1.40	 1.09	 1.00	10.73	 1.12	321.85	293.54	302.10	272.45	303.14	0	54.49
2012	1	9	18.851	6217.7856	8.7855	8.7855	 6.61	17.72	198.99	 1.80	 6.99	 1.00	10.77	 1.05	319.51	293.25	301.54	269.90	300.51	0	53.98
2012	1	9	22.384	6217.9326	8.9327	8.9327	 5.07	 4.32	211.61	 2.19	 4.69	 1.00	10.85	 1.26	322.61	285.35	297.55	 0.00	293.00	0	54.00
2012	1	9	22.828	6217.9512	8.9512	8.9512	16.12	231143.58	201.44	 1.76	 7.69	 0.99	10.83	 1.20	322.47	284.87	291.32	 0.00	289.63	0	54.00
2012	1	9	23.295	6217.9707	8.9706	8.9706	 4.47	 2.70	205.72	 2.44	 1.13	 1.00	10.87	 1.21	322.47	284.15	291.29	263.93	288.93	0	52.79
2012	1	10	0.176	6218.0073	9.0073	9.0073	 4.10	 1.32	208.07	 1.75	 2.77	 1.00	10.77	 1.20	322.42	282.58	291.94	 0.00	 0.00	0	54.00
2012	1	10	0.615	6218.0254	9.0256	9.0256	40.37	 1.00	201.54	 0.00	 1.55	 0.00	10.75	 1.03	322.53	282.06	288.92	263.62	288.12	0	52.72
2012	1	10	3.295	6218.1372	9.1373	9.1373	17.72	766341.65	207.68	 1.21	 0.58	 1.00	10.75	 1.23	322.52	281.18	287.78	 0.00	286.06	0	54.00
2012	1	10	3.761	6218.1567	9.1567	9.1567	 4.32	 1.29	209.20	 1.38	 7.94	 0.98	10.80	 1.18	322.76	281.34	289.33	265.36	286.31	0	53.07
2012	1	10	5.086	6218.2119	9.2119	9.2119	 3.98	 0.72	207.61	 1.09	 3.10	 0.99	10.85	 1.20	322.55	281.13	288.52	 0.00	287.37	0	54.00
2012	1	10	5.995	6218.2500	9.2498	9.2498	 4.04	 0.90	208.64	 1.28	 0.75	 1.00	10.82	 1.17	322.68	280.83	288.68	 0.00	286.81	0	54.00
2012	1	10	7.320	6218.3052	9.3050	9.3050	 5.78	 7.68	209.12	 1.88	 2.12	 1.00	10.90	 1.29	322.64	280.48	287.60	265.18	286.39	0	53.04
2012	1	10	7.761	6218.3232	9.3234	9.3234	 5.72	 6.08	208.58	 1.59	 2.18	 1.00	10.75	 1.23	322.57	280.36	287.67	 0.00	285.30	0	54.00
2012	1	10	8.231	6218.3428	9.3429	9.3429	 4.17	 1.23	208.11	 1.53	 0.44	 1.00	10.87	 1.16	322.72	280.26	288.29	265.29	287.60	0	53.06
2012	1	10	8.675	6218.3613	9.3615	9.3615	 7.09	25.67	204.96	 1.67	 2.79	 1.00	10.75	 1.19	322.47	280.27	284.94	265.25	286.37	0	53.05
2012	1	10	9.115	6218.3799	9.3798	9.3798	 4.20	 1.25	207.26	 1.49	 8.11	 0.99	10.78	 1.14	322.42	280.30	286.76	265.22	287.47	0	53.04
2012	1	10	9.557	6218.3984	9.3982	9.3982	55.70	 1.00	206.34	 0.00	 2.47	 0.00	10.75	 1.18	322.32	280.28	285.84	265.22	287.58	0	53.04
2012	1	10	12.235	6218.5098	9.5098	9.5098	 3.92	 0.70	205.96	 1.10	 3.20	 0.99	10.85	 1.29	322.66	284.02	290.53	267.48	288.83	0	53.50
2012	1	10	13.578	6218.5659	9.5658	9.5658	 3.49	 0.66	201.67	 1.61	 4.73	 1.00	10.77	 1.06	322.63	287.97	296.14	269.78	292.97	0	53.96
2012	1	10	18.448	6218.7686	9.7687	9.7687	 2.94	 0.44	199.48	 1.88	 4.36	 1.00	10.77	 1.06	322.77	294.70	304.12	278.16	 0.00	0	55.63
2012	1	10	20.262	6218.8442	9.8442	9.8442	 3.32	 0.93	206.36	 2.74	10.81	 1.00	10.83	 1.27	322.44	293.59	305.23	272.83	302.93	0	54.57
2012	1	10	23.377	6218.9741	9.9740	9.9740	 2.05	 0.34	188.07	 3.72	 1.85	 1.00	10.78	 0.98	322.59	285.64	290.76	264.72	293.51	0	52.94
2012	1	10	23.844	6218.9937	9.9935	9.9935	 1.71	 0.24	201.16	 4.26	34.61	 0.99	10.87	 1.06	322.75	284.33	292.80	 0.00	 0.00	0	54.00
2012	1	11	0.290	6219.0122	10.0121	10.0121	 1.66	 0.18	193.99	 3.38	 2.12	 1.00	10.80	 1.10	322.73	283.49	288.22	263.84	289.89	0	52.77
2012	1	11	0.733	6219.0308	10.0305	10.0305	 1.68	 0.14	200.26	 2.53	 6.36	 1.00	10.72	 1.15	322.50	282.90	287.72	 0.00	287.76	0	54.00
2012	1	11	1.176	6219.0488	10.0490	10.0490	 1.24	 0.29	222.14	11.45	411.54	 0.93	10.85	 1.09	322.37	282.48	291.73	263.48	288.83	0	52.70
2012	1	11	2.535	6219.1055	10.1056	10.1056	 0.03	 0.15	2860.32	12098.13	1779.13	 0.93	10.77	 1.19	322.41	280.90	288.61	262.62	288.80	0	52.52
2012	1	11	2.979	6219.1240	10.1241	10.1241	 1.41	 0.04	197.51	 1.21	10.22	 0.79	10.77	 1.24	322.21	280.52	288.34	262.38	288.43	0	52.48
2012	1	11	3.422	6219.1426	10.1426	10.1426	 1.36	 0.08	199.81	 2.42	 4.63	 1.00	10.75	 1.29	322.30	280.24	287.33	262.29	287.86	0	52.46
2012	1	11	3.864	6219.1611	10.1610	10.1610	 1.25	 0.05	199.02	 1.79	10.38	 0.93	10.85	 1.24	322.65	279.99	286.26	261.90	 0.00	0	52.38
2012	1	11	5.663	6219.2358	10.2360	10.2360	 0.97	 0.05	199.63	 3.01	 2.18	 1.00	10.78	 1.13	322.99	279.52	284.86	263.39	 0.00	0	52.68
2012	1	11	6.575	6219.2739	10.2740	10.2740	 1.19	 0.06	197.64	 2.28	 2.18	 1.00	10.78	 1.25	319.34	279.05	285.68	262.51	 0.00	0	52.50
2012	1	11	10.130	6219.4219	10.4221	10.4221	 0.70	 0.04	184.20	 3.76	 9.98	 0.96	10.90	 1.05	320.02	274.54	277.36	261.77	282.16	0	52.35
2012	1	11	10.572	6219.4404	10.4405	10.4405	 0.92	 0.05	182.15	 2.82	 7.92	 0.98	10.72	 1.24	319.97	275.47	282.27	 0.00	281.72	0	54.00
2012	1	11	11.038	6219.4600	10.4599	10.4599	 0.66	 0.04	191.11	 4.28	 4.73	 0.99	10.82	 1.15	320.07	276.63	283.31	264.38	281.21	0	52.88
2012	1	11	12.363	6219.5151	10.5151	10.5151	 0.91	 0.04	194.80	 2.30	 8.62	 0.94	10.77	 1.22	319.78	281.34	287.46	 0.00	288.23	0	54.00
2012	1	11	13.269	6219.5527	10.5529	10.5529	 1.17	 0.05	194.68	 2.09	11.35	 0.95	10.77	 1.10	319.36	285.26	292.05	275.50	290.56	0	55.10
2012	1	11	14.147	6219.5894	10.5894	10.5894	 1.45	 0.09	200.45	 2.24	 3.29	 1.00	10.72	 1.16	320.09	288.95	296.99	279.98	296.79	0	56.00
2012	1	11	15.923	6219.6636	10.6635	10.6635	 2.02	 0.13	202.17	 1.64	 3.38	 1.00	10.73	 1.10	320.21	293.86	304.29	272.90	300.77	0	54.58
2012	1	11	16.361	6219.6816	10.6817	10.6817	 2.11	 0.13	202.26	 1.48	 3.48	 1.00	10.72	 1.09	319.41	294.45	306.53	274.26	303.44	0	54.85
2012	1	11	16.800	6219.7002	10.7000	10.7000	 1.69	 0.15	200.59	 2.89	 1.18	 1.00	10.77	 1.05	318.60	294.90	307.73	275.61	299.58	0	55.12
2012	1	11	17.238	6219.7183	10.7183	10.7183	 1.65	 0.10	200.74	 2.05	 4.11	 1.00	10.72	 1.12	318.13	295.25	306.58	275.74	301.93	0	55.15
2012	1	11	18.142	6219.7559	10.7559	10.7559	 1.69	 0.10	205.92	 1.86	13.96	 0.95	10.73	 1.19	318.46	295.26	307.22	274.89	302.18	0	54.98
2012	1	11	20.399	6219.8501	10.8500	10.8500	 1.83	 0.17	200.98	 2.57	15.82	 0.99	10.87	 1.08	318.40	292.96	307.47	273.94	298.89	0	54.79
2012	1	11	20.840	6219.8682	10.8683	10.8683	 1.83	 0.20	199.17	 3.05	29.76	 0.97	10.82	 1.08	318.48	292.19	305.32	273.08	300.07	0	54.62
2012	1	11	21.722	6219.9053	10.9051	10.9051	 2.40	 0.59	193.43	 4.45	25.15	 1.00	10.83	 0.99	318.67	290.37	299.84	271.36	298.27	0	54.27
2012	1	11	22.189	6219.9243	10.9245	10.9245	 2.85	 0.77	204.17	 3.71	10.82	 1.00	10.75	 1.13	316.29	289.27	301.66	267.69	 0.00	0	53.54
2012	1	12	0.857	6220.0356	11.0357	11.0357	 3.00	 0.99	208.88	 4.16	54.94	 0.99	10.73	 1.16	320.58	280.61	288.98	265.57	285.95	0	53.11
2012	1	12	1.303	6220.0542	11.0543	11.0543	 2.76	 0.18	210.81	 0.99	 1.02	 1.00	10.90	 1.29	322.06	280.80	289.58	265.59	285.64	0	53.12
2012	1	12	1.746	6220.0728	11.0728	11.0728	 2.49	 0.28	206.34	 2.03	 4.54	 1.00	10.85	 1.22	322.06	280.83	287.10	265.54	 0.00	0	53.11
2012	1	12	3.102	6220.1294	11.1292	11.1292	 1.57	 0.10	201.58	 2.12	10.41	 0.98	10.80	 1.19	321.96	280.34	286.25	 0.00	 0.00	0	54.00
2012	1	12	3.991	6220.1665	11.1663	11.1663	 2.10	 0.13	207.12	 1.44	 1.48	 1.00	10.82	 1.28	322.20	280.08	286.97	263.04	 0.00	0	52.61
2012	1	12	4.907	6220.2046	11.2045	11.2045	 1.28	 0.07	205.23	 2.58	 3.14	 1.00	10.83	 1.15	318.70	279.69	285.70	262.00	286.96	0	52.40
2012	1	12	9.812	6220.4087	11.4089	11.4089	 0.58	 0.06	170.76	 6.99	 9.37	 0.99	10.82	 1.18	321.57	276.52	283.28	260.24	284.27	0	52.05
2012	1	12	10.698	6220.4458	11.4457	11.4457	 0.58	 0.06	170.06	 7.55	 7.18	 1.00	10.83	 1.19	321.58	277.60	282.75	264.74	285.32	0	52.95
2012	1	12	11.140	6220.4644	11.4642	11.4642	 0.60	 0.06	170.61	 7.36	 6.58	 1.00	10.87	 1.25	321.53	278.63	284.18	265.32	284.72	0	53.06
2012	1	12	11.606	6220.4834	11.4836	11.4836	 0.50	 0.04	176.91	 7.18	 5.36	 0.99	10.78	 1.17	321.33	279.85	285.57	267.82	286.48	0	53.56
2012	1	12	12.051	6220.5020	11.5021	11.5021	 0.62	 0.04	173.52	 4.65	 7.84	 0.98	10.80	 1.25	320.75	281.12	287.71	268.48	287.60	0	53.70
2012	1	12	12.491	6220.5205	11.5205	11.5205	 0.70	 0.05	167.29	 4.53	 7.81	 0.99	10.77	 1.13	320.44	282.31	288.13	271.54	289.38	0	54.31
2012	1	12	13.834	6220.5767	11.5764	11.5764	 1.33	 0.06	201.73	 1.78	 9.85	 0.95	10.77	 1.15	321.72	287.55	296.45	274.72	292.55	0	54.94
2012	1	12	15.148	6220.6313	11.6312	11.6312	 1.84	 0.27	200.22	 4.12	12.29	 1.00	10.72	 1.11	321.17	292.90	301.39	284.84	300.21	0	56.97
2012	1	12	16.052	6220.6689	11.6688	11.6688	 1.96	 0.16	195.78	 2.01	 6.13	 1.00	10.78	 0.97	320.42	295.70	305.42	282.90	303.72	0	56.58
2012	1	12	16.927	6220.7051	11.7053	11.7053	 2.42	 0.26	199.16	 1.95	10.40	 0.99	10.73	 1.09	320.02	296.84	308.26	280.56	304.91	0	56.11
2012	1	12	18.267	6220.7612	11.7611	11.7611	 1.63	 0.20	193.65	 3.80	28.21	 0.99	10.75	 1.01	320.83	296.93	308.79	276.72	304.23	0	55.34
2012	1	12	20.021	6220.8340	11.8342	11.8342	 1.76	 0.16	195.08	 2.62	 0.77	 1.00	10.75	 1.05	320.87	295.20	305.39	278.96	303.03	0	55.79
2012	1	12	20.954	6220.8730	11.8731	11.8731	 2.47	 0.29	202.40	 2.12	 0.64	 1.00	10.73	 1.14	320.93	294.10	304.80	281.20	304.45	0	56.24
2012	1	12	21.394	6220.8916	11.8914	11.8914	 2.97	 0.33	201.66	 1.40	 7.35	 0.98	10.72	 1.08	321.01	293.53	306.59	280.30	302.06	0	56.06
2012	1	12	23.634	6220.9849	11.9847	11.9847	 2.37	 0.22	206.25	 1.78	 6.52	 0.99	10.73	 1.22	321.28	288.13	298.77	265.84	296.59	0	53.17
2012	1	13	0.076	6221.0029	12.0032	12.0032	 2.18	 0.29	204.72	 2.94	 3.03	 1.00	10.72	 1.27	320.93	286.76	296.84	 0.00	 0.00	0	54.00
2012	1	13	5.907	6221.2461	12.2461	12.2461	 1.18	 0.06	201.66	 2.38	 1.37	 1.00	10.85	 1.27	321.83	279.50	287.65	262.07	 0.00	0	52.41
2012	1	13	6.799	6221.2832	12.2833	12.2833	 0.99	 0.05	199.12	 2.89	 4.78	 1.00	10.80	 1.14	321.51	279.14	284.72	 0.00	284.19	0	54.00
2012	1	13	7.249	6221.3022	12.3020	12.3020	 1.02	 0.05	198.08	 2.77	 9.61	 0.98	10.77	 1.26	321.74	278.95	285.98	260.90	286.68	0	52.18
2012	1	13	7.719	6221.3218	12.3216	12.3216	 0.93	 0.05	196.56	 2.95	 0.79	 1.00	10.75	 1.20	322.36	278.70	282.60	 0.00	286.31	0	54.00
2012	1	13	9.052	6221.3770	12.3772	12.3772	 0.79	 0.05	192.00	 3.95	 2.38	 1.00	10.78	 1.27	323.08	278.01	283.61	259.16	284.06	0	51.83
2012	1	13	10.411	6221.4336	12.4338	12.4338	 0.90	 0.04	193.49	 2.50	 5.82	 0.98	10.75	 1.18	323.92	277.73	282.48	260.44	 0.00	0	52.09
2012	1	13	11.298	6221.4707	12.4708	12.4708	 0.89	 0.04	189.58	 2.84	 0.29	 1.00	10.78	 1.19	324.00	279.71	283.90	268.23	285.59	0	53.65
2012	1	13	12.206	6221.5088	12.5086	12.5086	 1.20	 0.07	197.63	 2.76	 7.50	 0.99	10.77	 1.25	324.35	282.53	287.30	272.28	289.13	0	54.46
2012	1	13	12.645	6221.5269	12.5269	12.5269	 1.79	 0.12	197.96	 1.90	10.66	 0.98	10.72	 1.27	324.17	284.15	292.42	273.01	293.48	0	54.60
2012	1	13	13.083	6221.5449	12.5451	12.5451	 1.00	 0.04	204.82	 2.46	19.73	 0.85	10.73	 1.14	324.15	285.81	290.80	273.75	293.05	0	54.75
2012	1	13	13.524	6221.5635	12.5635	12.5635	 1.50	 0.11	202.34	 2.68	 7.03	 1.00	10.72	 1.21	323.85	287.54	295.09	274.99	295.01	0	55.00
2012	1	13	13.964	6221.5820	12.5818	12.5818	 1.54	 0.29	213.49	 7.05	107.41	 0.98	10.70	 1.20	323.33	289.42	299.25	278.22	299.67	0	55.64
2012	1	13	16.185	6221.6743	12.6744	12.6744	 1.56	 0.07	204.85	 1.62	13.55	 0.90	10.75	 1.17	321.54	296.14	306.85	278.82	303.71	0	55.76
2012	1	13	16.648	6221.6938	12.6937	12.6937	 2.09	 0.16	196.31	 1.76	 6.79	 0.99	10.82	 1.01	321.64	296.73	308.37	277.72	304.02	0	55.54
2012	1	13	19.304	6221.8042	12.8043	12.8043	 1.27	 0.09	197.66	 3.12	12.25	 0.99	10.73	 1.17	321.72	296.11	306.61	275.73	303.73	0	55.15
2012	1	13	22.004	6221.9170	12.9168	12.9168	 2.88	 0.37	203.81	 1.70	 5.84	 1.00	10.77	 1.06	322.31	291.25	303.69	269.04	300.54	0	53.81
2012	1	14	1.132	6222.0474	13.0472	13.0472	 1.45	 0.07	198.13	 1.85	 0.81	 1.00	10.85	 1.19	323.13	283.30	289.36	263.25	288.29	0	52.65
2012	1	14	3.374	6222.1406	13.1406	13.1406	 1.11	 0.06	201.19	 2.67	 7.91	 0.99	10.87	 1.17	323.70	280.84	287.92	264.17	285.78	0	52.83
2012	1	14	7.422	6222.3091	13.3093	13.3093	 0.54	 0.05	151.28	 6.64	 5.55	 1.00	10.92	 1.28	324.09	277.87	284.89	260.67	284.03	0	52.13
2012	1	14	8.334	6222.3472	13.3472	13.3472	 0.45	 0.06	153.03	10.56	 7.49	 1.00	10.80	 1.19	324.36	277.57	284.20	262.28	282.40	0	52.46
2012	1	14	8.782	6222.3657	13.3659	13.3659	 0.33	 0.04	174.65	14.28	38.55	 0.68	10.83	 1.16	324.23	277.48	283.49	262.36	283.75	0	52.47
2012	1	14	9.224	6222.3843	13.3844	13.3844	 0.57	 0.05	154.68	 5.64	13.17	 0.95	10.92	 1.26	324.04	277.30	285.89	260.76	282.40	0	52.15
2012	1	14	11.035	6222.4600	13.4598	13.4598	 0.49	 0.05	198.61	 9.62	15.77	 0.98	10.92	 1.16	324.66	278.67	281.50	265.53	285.81	0	53.11
2012	1	14	15.489	6222.6455	13.6454	13.6454	 2.04	 0.19	198.48	 2.25	 4.23	 1.00	10.72	 1.09	325.01	294.88	303.41	276.65	302.72	0	55.33
2012	1	14	17.270	6222.7197	13.7196	13.7196	 1.21	 0.09	183.21	 2.98	18.80	 0.97	10.78	 1.03	323.48	297.42	307.48	277.57	304.81	0	55.51
2012	1	14	18.147	6222.7563	13.7561	13.7561	 0.74	 0.07	197.32	 6.75	 9.99	 1.00	10.77	 1.15	323.68	297.47	309.04	278.47	304.84	0	55.69
2012	1	14	19.491	6222.8120	13.8121	13.8121	 1.39	 0.14	200.68	 3.91	22.85	 0.99	10.77	 1.23	321.63	296.46	309.07	278.71	303.74	0	55.74
2012	1	14	22.624	6222.9429	13.9427	13.9427	 1.98	 0.12	200.80	 1.58	 2.22	 1.00	10.82	 1.08	325.00	287.47	296.72	 0.00	295.36	0	54.00
2012	1	14	23.069	6222.9614	13.9612	13.9612	 1.53	 0.18	202.49	 4.12	10.06	 1.00	10.98	 1.12	325.04	286.31	295.93	265.71	294.37	0	53.14
2012	1	15	5.337	6223.2222	14.2224	14.2224	 0.58	 0.04	159.64	 5.04	 4.93	 0.99	10.82	 1.05	326.34	271.54	278.46	260.84	277.43	0	52.17
2012	1	15	5.781	6223.2407	14.2409	14.2409	 0.55	 0.06	158.37	 7.13	 4.76	 1.00	10.77	 1.07	326.49	272.68	275.25	260.76	278.75	0	52.15
2012	1	15	7.582	6223.3159	14.3159	14.3159	 0.44	 0.04	159.46	 6.83	 6.78	 0.97	10.77	 1.18	326.51	275.11	279.69	 0.00	 0.00	0	54.00
2012	1	15	8.479	6223.3535	14.3533	14.3533	 0.50	 0.05	142.87	 7.06	18.77	 0.91	10.95	 1.18	326.60	275.68	279.17	260.34	 0.00	0	52.07
2012	1	15	9.401	6223.3916	14.3917	14.3917	 0.29	 0.06	174.28	23.45	15.40	 0.98	10.93	 1.11	326.54	275.98	280.83	260.40	283.21	0	52.08
2012	1	15	11.217	6223.4673	14.4674	14.4674	 0.44	 0.05	156.82	 9.13	 7.15	 0.99	10.83	 1.24	326.81	278.42	284.12	265.43	284.22	0	53.09
2012	1	15	12.545	6223.5229	14.5227	14.5227	 0.38	 0.06	184.48	15.61	13.72	 0.99	10.73	 1.22	326.86	282.33	288.03	268.96	 0.00	0	53.79
2012	1	15	13.893	6223.5791	14.5789	14.5789	 0.42	 0.03	176.68	 6.51	12.72	 0.84	10.73	 1.17	326.14	287.90	295.57	273.78	292.94	0	54.76
2012	1	15	14.770	6223.6152	14.6154	14.6154	 0.49	 0.04	185.14	 7.15	53.16	 0.48	10.75	 1.10	327.17	291.46	298.84	275.68	298.90	0	55.14
2012	1	15	15.208	6223.6338	14.6337	14.6337	 0.81	 0.06	197.60	 4.53	12.48	 0.99	10.75	 1.17	325.89	292.96	303.13	276.60	303.01	0	55.32
2012	1	15	15.673	6223.6528	14.6530	14.6530	 0.77	 0.04	200.26	 3.49	33.17	 0.68	10.82	 1.12	324.22	294.37	303.85	278.80	301.66	0	55.76
2012	1	15	16.112	6223.6714	14.6713	14.6713	 0.54	 0.04	207.20	 7.28	25.90	 0.91	10.78	 0.99	323.37	295.40	305.13	278.76	300.33	0	55.75
2012	1	15	16.552	6223.6895	14.6897	14.6897	 1.30	 0.07	189.79	 2.21	53.54	 0.52	10.75	 1.19	321.79	296.13	307.66	278.45	303.50	0	55.69
2012	1	15	16.991	6223.7080	14.7079	14.7079	 0.83	 0.05	194.93	 3.55	13.14	 0.96	10.75	 1.15	320.86	296.51	308.31	277.64	303.40	0	55.53
2012	1	15	17.429	6223.7261	14.7262	14.7262	 0.54	 0.04	198.37	 7.02	 8.60	 0.99	10.75	 1.08	320.38	296.59	307.48	276.99	303.84	0	55.40
2012	1	15	18.767	6223.7817	14.7820	14.7820	 0.96	 0.07	189.49	 4.11	 0.72	 1.00	10.73	 1.13	319.99	296.36	308.32	280.61	301.73	0	56.12
2012	1	15	19.206	6223.8003	14.8002	14.8002	 0.86	 0.06	202.19	 4.18	25.47	 0.94	10.73	 1.15	320.08	296.05	308.60	280.13	305.98	0	56.03
2012	1	15	19.643	6223.8184	14.8184	14.8184	 1.06	 0.06	189.91	 2.59	 3.16	 1.00	10.72	 1.15	320.13	295.64	309.65	280.82	305.78	0	56.16
2012	1	15	20.982	6223.8740	14.8742	14.8742	 1.15	 0.08	188.19	 3.26	18.89	 0.97	10.72	 1.17	320.90	293.75	305.05	278.74	302.17	0	55.75
2012	1	15	21.869	6223.9111	14.9112	14.9112	 1.36	 0.07	201.64	 2.12	 4.33	 1.00	10.83	 1.20	321.22	292.06	304.77	 0.00	301.11	0	54.00
2012	1	16	0.613	6224.0254	15.0255	15.0255	 1.28	 0.07	193.74	 2.21	13.13	 0.96	10.82	 1.23	323.90	284.11	293.80	 0.00	289.68	0	54.00
2012	1	16	1.499	6224.0625	15.0624	15.0624	 0.70	 0.04	189.85	 3.66	 5.72	 0.99	10.77	 1.19	323.70	282.38	289.50	262.03	290.40	0	52.41
2012	1	16	4.197	6224.1748	15.1749	15.1749	 0.64	 0.04	182.85	 5.05	 3.63	 1.00	10.92	 1.16	323.14	279.64	286.08	265.08	 0.00	0	53.02
2012	1	16	5.994	6224.2500	15.2498	15.2498	 0.77	 0.04	183.12	 3.16	 6.89	 0.98	10.75	 1.26	322.98	279.26	286.71	 0.00	 0.00	0	54.00
2012	1	16	8.695	6224.3623	15.3623	15.3623	 0.62	 0.05	183.56	 5.41	 5.92	 1.00	10.72	 1.16	323.17	279.37	283.94	264.82	287.15	0	52.96
2012	1	16	10.052	6224.4189	15.4189	15.4189	 0.68	 0.04	178.16	 4.46	 1.34	 1.00	10.88	 1.20	323.16	279.59	284.84	264.93	286.08	0	52.99
2012	1	16	10.499	6224.4375	15.4375	15.4375	 0.64	 0.05	188.10	 5.74	 1.78	 1.00	10.85	 1.25	323.14	280.13	288.29	264.87	285.12	0	52.97
2012	1	16	12.293	6224.5122	15.5122	15.5122	 0.70	 0.04	185.39	 4.23	 6.18	 0.99	10.75	 1.25	323.37	284.38	291.89	272.21	289.45	0	54.44
2012	1	16	13.169	6224.5488	15.5487	15.5487	 1.36	 0.35	172.52	 8.92	75.09	 1.00	10.75	 1.25	323.66	287.56	297.63	276.85	295.36	0	55.37
2012	1	16	14.509	6224.6045	15.6045	15.6045	 0.94	 0.04	205.07	 2.74	 5.94	 0.99	10.78	 1.24	323.33	292.47	300.81	279.11	300.28	0	55.82
2012	1	16	17.161	6224.7148	15.7150	15.7150	 1.70	 0.11	206.80	 2.14	 3.80	 1.00	10.73	 1.19	322.79	298.62	307.85	281.82	306.74	0	56.36
2012	1	16	18.036	6224.7515	15.7515	15.7515	 1.29	 0.10	183.28	 3.00	32.09	 0.92	10.73	 0.92	325.83	298.97	311.11	279.69	303.57	0	55.94
2012	1	16	20.257	6224.8442	15.8440	15.8440	 1.13	 0.09	199.98	 3.97	39.13	 0.94	10.78	 1.11	327.45	297.08	311.75	 0.00	302.64	0	54.00
2012	1	17	0.769	6225.0322	16.0320	16.0320	 0.68	 0.04	182.53	 4.13	 3.67	 1.00	10.95	 1.16	327.82	284.91	293.44	264.96	 0.00	0	52.99
2012	1	17	1.683	6225.0703	16.0701	16.0701	 0.61	 0.05	183.47	 5.67	11.22	 0.98	10.85	 1.18	327.67	283.99	291.65	266.91	289.08	0	53.38
2012	1	17	2.576	6225.1074	16.1073	16.1073	 1.17	 0.24	166.40	 7.94	692.81	 0.41	10.77	 1.14	327.79	283.45	288.19	 0.00	291.11	0	54.00
2012	1	17	3.489	6225.1455	16.1454	16.1454	 0.69	 0.04	186.74	 3.92	 3.53	 1.00	10.75	 1.23	328.02	283.03	289.26	265.71	290.74	0	53.14
2012	1	17	3.935	6225.1641	16.1640	16.1640	 0.58	 0.04	187.28	 6.00	 5.98	 0.99	10.77	 1.12	327.79	282.87	291.55	265.58	 0.00	0	53.12
2012	1	17	4.379	6225.1826	16.1825	16.1825	 0.58	 0.05	188.41	 6.43	 8.97	 0.99	10.87	 1.16	327.82	282.68	288.76	 0.00	 0.00	0	54.00
2012	1	17	9.295	6225.3872	16.3873	16.3873	 0.86	 0.05	182.79	 3.58	 8.62	 0.99	10.75	 1.28	326.01	279.22	284.10	261.52	 0.00	0	52.30
2012	1	17	10.210	6225.4253	16.4254	16.4254	 0.71	 0.05	185.42	 4.69	 4.45	 1.00	10.83	 1.11	326.06	279.33	284.56	 0.00	 0.00	0	54.00
2012	1	17	10.653	6225.4438	16.4439	16.4439	 0.79	 0.04	182.65	 3.48	 5.26	 0.99	10.82	 1.24	325.84	279.98	284.72	265.04	 0.00	0	53.01
2012	1	17	11.977	6225.4990	16.4990	16.4990	 0.83	 0.05	190.27	 3.57	 3.03	 1.00	10.77	 1.28	326.12	283.23	289.65	 0.00	289.53	0	54.00
2012	1	17	12.441	6225.5186	16.5184	16.5184	 0.88	 0.05	193.91	 3.21	10.18	 0.98	10.85	 1.27	326.11	284.66	292.05	272.04	291.35	0	54.41
2012	1	17	13.761	6225.5732	16.5734	16.5734	 0.89	 0.06	184.79	 3.59	11.01	 0.98	10.73	 1.08	326.85	289.56	297.15	277.70	297.05	0	55.54
2012	1	17	14.198	6225.5918	16.5916	16.5916	 1.51	 0.08	186.75	 1.75	 5.46	 0.99	10.72	 1.13	326.45	291.33	298.38	 0.00	298.94	0	54.00
2012	1	17	14.662	6225.6108	16.6109	16.6109	 1.29	 0.06	197.94	 2.05	 6.56	 0.99	10.80	 1.09	326.75	293.41	300.21	281.19	301.01	0	56.24
2012	1	17	16.421	6225.6841	16.6842	16.6842	 1.85	 0.12	203.81	 1.91	 0.75	 1.00	10.78	 1.07	324.37	298.06	309.38	280.39	 0.00	0	56.08
2012	1	17	17.323	6225.7217	16.7218	16.7218	 1.71	 0.08	210.31	 1.48	 0.58	 1.00	10.78	 1.18	320.53	298.61	310.04	277.32	305.25	0	55.46
2012	1	17	18.638	6225.7764	16.7766	16.7766	 1.82	 0.11	206.11	 1.84	 2.08	 1.00	10.73	 1.21	322.68	299.31	310.00	284.32	305.90	0	56.86
2012	1	17	19.100	6225.7959	16.7958	16.7958	 1.55	 0.12	204.07	 2.70	 7.65	 1.00	10.77	 1.17	324.25	299.18	309.51	284.03	308.60	0	56.81
2012	1	18	0.458	6226.0190	17.0191	17.0191	 1.57	 0.06	195.68	 1.30	 6.78	 0.94	10.85	 1.25	324.04	283.44	292.06	265.57	289.66	0	53.11
2012	1	18	2.258	6226.0942	17.0941	17.0941	 0.77	 0.18	213.62	17.24	182.91	 0.98	10.87	 1.24	324.39	282.33	290.53	 0.00	289.02	0	54.00
2012	1	18	2.704	6226.1128	17.1126	17.1126	 0.94	 0.05	196.65	 3.07	17.81	 0.93	10.77	 1.28	324.24	282.18	290.89	265.00	290.26	0	53.00
2012	1	18	4.069	6226.1694	17.1695	17.1695	 0.86	 0.04	179.32	 2.87	 7.42	 0.98	10.85	 1.20	325.22	281.63	287.33	265.04	286.86	0	53.01
2012	1	18	4.511	6226.1880	17.1880	17.1880	 0.74	 0.04	184.40	 3.98	 3.94	 1.00	10.85	 1.22	325.19	281.46	287.90	265.00	 0.00	0	53.00
2012	1	18	6.309	6226.2627	17.2629	17.2629	 0.78	 0.05	184.34	 3.98	 2.60	 1.00	10.87	 1.17	326.07	280.13	285.33	261.36	286.13	0	52.27
2012	1	18	7.645	6226.3184	17.3185	17.3185	 0.70	 0.03	187.73	 3.15	 5.14	 0.98	11.00	 1.23	324.18	279.18	286.47	261.96	283.87	0	52.39
2012	1	18	8.564	6226.3569	17.3568	17.3568	 0.65	 0.03	184.24	 3.69	 7.05	 0.97	10.98	 1.19	323.20	278.82	285.61	264.83	 0.00	0	52.97
2012	1	18	9.456	6226.3940	17.3940	17.3940	 0.62	 0.04	186.38	 5.21	 0.72	 1.00	10.85	 1.26	322.98	278.88	283.54	 0.00	 0.00	0	54.00
2012	1	18	9.900	6226.4126	17.4125	17.4125	 0.66	 0.03	181.10	 3.36	 4.28	 0.99	10.85	 1.23	322.99	278.96	285.65	264.89	 0.00	0	52.98
2012	1	18	10.822	6226.4507	17.4509	17.4509	 0.62	 0.05	182.65	 5.58	 4.28	 1.00	10.83	 1.24	323.31	280.22	284.67	266.91	 0.00	0	53.38
2012	1	18	12.587	6226.5244	17.5245	17.5245	 0.69	 0.04	183.80	 4.35	 2.83	 1.00	10.78	 1.28	323.34	285.08	294.03	273.05	292.63	0	54.61
2012	1	18	14.366	6226.5986	17.5986	17.5986	 0.92	 0.04	191.32	 2.64	 7.24	 0.98	10.78	 1.30	323.95	291.40	301.50	276.14	299.37	0	55.23
2012	1	18	14.804	6226.6167	17.6169	17.6169	 1.10	 0.04	189.30	 1.84	 4.36	 0.99	10.82	 1.22	323.68	292.76	304.23	275.93	300.44	0	55.19
2012	1	18	15.267	6226.6362	17.6361	17.6361	 0.85	 0.06	190.02	 4.15	18.49	 0.97	10.77	 1.16	324.22	294.15	304.97	276.02	302.03	0	55.20
2012	1	18	18.356	6226.7646	17.7648	17.7648	 1.17	 0.11	191.19	 4.09	31.54	 0.97	10.73	 1.05	325.08	298.43	308.52	282.06	307.97	0	56.41
2012	1	18	18.793	6226.7832	17.7830	17.7830	 1.49	 0.13	186.72	 2.93	31.64	 0.95	10.72	 0.88	325.37	298.38	307.25	281.91	305.81	0	56.38
2012	1	18	20.131	6226.8389	17.8388	17.8388	 1.89	 0.15	193.11	 2.02	 9.29	 0.99	10.73	 1.01	325.31	297.49	308.01	282.12	303.48	0	56.42
2012	1	18	21.922	6226.9136	17.9134	17.9134	 2.19	 0.48	204.28	 4.87	15.90	 1.00	10.82	 1.19	325.29	293.75	304.68	274.15	 0.00	0	54.83
2012	1	18	22.364	6226.9316	17.9318	17.9318	 1.95	 0.19	199.31	 2.56	 2.62	 1.00	10.73	 1.17	325.24	292.42	303.02	273.79	298.99	0	54.76
2012	1	18	23.692	6226.9873	17.9872	17.9872	 1.61	 0.11	199.71	 2.31	 5.01	 1.00	10.72	 1.24	325.51	287.92	297.97	265.72	296.02	0	53.14
2012	1	19	1.516	6227.0630	18.0632	18.0632	 1.83	 0.57	201.54	 8.81	262.16	 0.97	10.83	 1.28	325.86	283.75	292.48	 0.00	290.18	0	54.00
2012	1	19	1.959	6227.0815	18.0816	18.0816	 0.96	 0.20	200.65	11.79	50.34	 1.00	10.75	 1.22	325.81	283.22	289.48	265.11	289.62	0	53.02
2012	1	19	2.432	6227.1016	18.1013	18.1013	 0.92	 0.05	190.78	 3.02	 7.93	 0.99	10.87	 1.17	325.91	282.84	289.27	 0.00	290.56	0	54.00
2012	1	19	2.882	6227.1201	18.1201	18.1201	 1.08	 0.06	193.50	 2.54	 3.28	 1.00	10.75	 1.28	325.80	282.41	290.14	265.09	288.85	0	53.02
2012	1	19	6.938	6227.2891	18.2891	18.2891	 0.74	 0.04	194.61	 3.77	 5.21	 0.99	10.75	 1.13	326.11	280.55	288.06	265.03	288.31	0	53.01
2012	1	19	8.267	6227.3442	18.3445	18.3445	 0.72	 0.05	190.41	 4.66	 4.40	 1.00	10.80	 1.18	326.37	280.19	285.85	265.02	 0.00	0	53.00
2012	1	19	11.433	6227.4766	18.4764	18.4764	 0.72	 0.04	181.94	 3.51	 2.90	 1.00	10.82	 1.17	326.62	282.01	287.38	268.48	288.15	0	53.70
2012	1	19	12.315	6227.5132	18.5131	18.5131	 0.71	 0.05	188.61	 4.56	 4.21	 1.00	10.72	 1.13	326.77	284.59	290.50	270.24	291.40	0	54.05
2012	1	19	14.971	6227.6235	18.6238	18.6238	 0.93	 0.05	201.05	 2.90	 6.45	 0.99	10.72	 1.13	326.65	294.18	303.19	277.83	 0.00	0	55.57
2012	1	19	15.874	6227.6616	18.6614	18.6614	 0.97	 0.05	199.40	 2.61	 4.02	 1.00	10.77	 1.15	326.25	296.86	306.68	279.61	306.97	0	55.92
2012	1	19	17.628	6227.7344	18.7345	18.7345	 1.00	 0.06	202.14	 3.16	 6.00	 1.00	10.72	 1.21	325.26	299.14	311.62	281.99	304.18	0	56.40
2012	1	19	18.966	6227.7900	18.7902	18.7902	 1.11	 0.07	193.16	 3.09	 4.15	 1.00	10.72	 1.04	324.20	298.84	309.38	280.26	304.33	0	56.05
2012	1	19	19.843	6227.8267	18.8268	18.8268	 1.02	 0.09	192.50	 4.37	33.18	 0.96	10.75	 0.92	324.23	297.80	310.61	278.92	308.03	0	55.78
2012	1	19	20.306	6227.8462	18.8461	18.8461	 1.31	 0.08	199.29	 2.45	 7.60	 0.99	10.82	 1.11	324.37	296.98	308.46	280.35	305.08	0	56.07
2012	1	19	22.065	6227.9194	18.9194	18.9194	 3.49	 0.89	204.17	 2.19	 0.70	 1.00	10.73	 1.21	324.44	293.17	303.70	274.55	303.35	0	54.91
2012	1	19	23.421	6227.9761	18.9759	18.9759	 2.21	 0.23	200.72	 2.20	 5.70	 1.00	10.72	 1.19	325.32	288.55	299.12	265.82	296.86	0	53.16
2012	1	20	0.304	6228.0127	19.0127	19.0127	 2.15	 0.14	202.79	 1.52	 3.38	 1.00	11.00	 1.28	325.40	285.81	296.40	 0.00	293.67	0	54.00
2012	1	20	0.804	6228.0337	19.0335	19.0335	 1.94	 0.15	198.47	 2.05	 4.83	 1.00	10.85	 1.16	325.37	284.55	291.89	263.35	293.04	0	52.67
2012	1	20	1.246	6228.0518	19.0519	19.0519	 0.93	 0.09	250.79	 7.30	1051.35	 0.01	10.90	 1.18	325.14	283.71	290.39	263.89	 0.00	0	52.78
2012	1	20	3.049	6228.1270	19.1270	19.1270	 1.95	 0.11	202.74	 1.55	 6.58	 0.98	10.82	 1.25	325.24	282.31	289.03	265.02	290.11	0	53.00
2012	1	20	3.493	6228.1455	19.1456	19.1456	 1.65	 0.10	195.09	 1.89	 1.17	 1.00	11.07	 1.18	325.32	282.26	285.65	 0.00	289.94	0	54.00
2012	1	20	3.936	6228.1641	19.1640	19.1640	 1.72	 0.09	200.92	 1.61	 1.94	 1.00	10.78	 1.27	325.37	282.04	288.45	265.09	 0.00	0	53.02
2012	1	20	4.827	6228.2012	19.2011	19.2011	 1.63	 0.08	204.22	 1.57	 2.39	 1.00	10.95	 1.30	325.47	281.69	287.49	265.18	286.49	0	53.04
2012	1	20	5.740	6228.2393	19.2392	19.2392	 1.32	 0.26	204.39	 8.47	109.15	 0.99	10.75	 1.27	325.41	281.29	288.10	265.15	286.12	0	53.03
2012	1	20	6.186	6228.2578	19.2578	19.2578	 1.14	 0.06	198.88	 2.69	 3.78	 1.00	10.83	 1.24	325.42	281.11	288.30	 0.00	288.80	0	54.00
2012	1	20	6.629	6228.2764	19.2762	19.2762	 1.15	 0.07	194.69	 2.74	 6.52	 1.00	10.80	 1.19	325.53	280.82	286.53	262.39	287.03	0	52.48
2012	1	20	8.430	6228.3511	19.3512	19.3512	 1.21	 0.05	200.72	 2.06	 4.01	 1.00	10.95	 1.21	326.20	279.96	286.90	 0.00	 0.00	0	54.00
2012	1	20	10.677	6228.4448	19.4449	19.4449	 0.87	 0.05	192.68	 3.15	 7.63	 0.99	10.82	 1.27	327.00	279.90	285.59	 0.00	285.52	0	54.00
2012	1	20	11.121	6228.4634	19.4634	19.4634	 0.90	 0.05	184.93	 2.86	 2.40	 1.00	11.07	 1.21	327.06	280.71	284.67	265.08	286.38	0	53.02
2012	1	20	12.039	6228.5015	19.5016	19.5016	 0.88	 0.05	194.23	 3.69	 8.32	 0.99	10.77	 1.11	327.19	283.00	288.27	267.68	 0.00	0	53.54
2012	1	20	12.478	6228.5200	19.5199	19.5199	 1.18	 0.05	200.52	 1.78	 4.09	 0.99	10.73	 1.23	327.23	284.45	291.74	271.47	293.38	0	54.29
2012	1	20	13.353	6228.5562	19.5564	19.5564	 1.06	 0.06	197.53	 2.81	 1.69	 1.00	10.72	 1.18	327.28	287.68	294.46	272.67	295.04	0	54.53
2012	1	20	13.793	6228.5747	19.5747	19.5747	 1.36	 0.09	202.04	 2.81	 6.95	 1.00	10.73	 1.22	327.12	289.36	297.68	 0.00	296.39	0	54.00
2012	1	20	14.694	6228.6123	19.6123	19.6123	 1.33	 0.07	194.35	 2.06	 2.50	 1.00	10.73	 1.05	326.70	292.66	301.82	274.87	300.17	0	54.97
2012	1	20	15.138	6228.6309	19.6307	19.6307	 1.27	 0.09	195.13	 2.89	13.72	 0.99	10.73	 1.03	326.57	293.94	301.80	276.14	301.17	0	55.23
2012	1	20	16.017	6228.6675	19.6674	19.6674	 1.28	 0.07	204.78	 2.24	14.22	 0.95	10.87	 1.07	326.32	296.00	304.83	277.86	301.02	0	55.57
2012	1	20	17.360	6228.7231	19.7233	19.7233	 1.45	 0.11	196.33	 2.74	 7.98	 1.00	10.75	 0.97	326.03	298.38	307.89	 0.00	302.69	0	54.00
2012	1	20	17.799	6228.7417	19.7416	19.7416	 1.43	 0.11	201.13	 3.03	16.11	 0.99	10.82	 1.06	325.98	298.61	313.76	278.99	308.22	0	55.80
2012	1	20	18.702	6228.7793	19.7792	19.7792	 2.25	 0.16	201.05	 1.48	 9.16	 0.97	10.85	 1.11	326.20	298.86	308.28	282.07	306.16	0	56.41
2012	1	20	19.140	6228.7974	19.7975	19.7975	 1.59	 0.13	200.12	 2.85	 9.42	 1.00	10.73	 1.14	326.15	298.71	310.68	282.10	306.32	0	56.42
2012	1	20	22.247	6228.9268	19.9269	19.9269	 2.67	 1.08	203.58	 6.33	 6.26	 1.00	10.87	 1.01	325.93	292.72	303.57	266.28	301.45	0	53.26
2012	1	20	23.605	6228.9834	19.9836	19.9836	 3.64	 0.98	203.87	 2.04	13.99	 0.99	10.90	 1.22	325.87	289.21	297.39	 0.00	 0.00	0	54.00
2012	1	21	0.047	6229.0020	20.0020	20.0020	 1.78	 0.15	205.15	 2.51	 4.66	 1.00	10.82	 1.24	325.76	288.30	296.04	265.54	296.16	0	53.11
2012	1	21	2.309	6229.0962	20.0962	20.0962	 0.74	 0.04	199.97	 3.42	12.13	 0.93	10.77	 1.14	325.69	283.78	291.39	 0.00	288.79	0	54.00
2012	1	21	3.676	6229.1533	20.1531	20.1531	 0.82	 0.04	185.47	 3.07	 1.26	 1.00	10.80	 1.26	326.04	281.96	288.97	263.07	286.69	0	52.61
2012	1	21	5.460	6229.2275	20.2275	20.2275	 0.67	 0.05	179.51	 4.82	 7.74	 0.99	10.73	 1.27	326.04	280.73	286.28	 0.00	288.31	0	54.00
2012	1	21	5.929	6229.2471	20.2470	20.2470	 0.72	 0.04	180.67	 4.04	 1.56	 1.00	10.73	 1.26	326.16	280.58	288.56	264.75	 0.00	0	52.95
2012	1	21	7.259	6229.3022	20.3025	20.3025	 0.68	 0.05	179.08	 5.02	 2.88	 1.00	10.82	 1.24	325.99	279.95	285.27	263.41	287.41	0	52.68
2012	1	21	9.959	6229.4150	20.4150	20.4150	 0.68	 0.05	184.11	 4.86	 4.98	 1.00	11.02	 1.24	326.54	279.32	287.22	263.67	286.55	0	52.73
2012	1	21	11.319	6229.4717	20.4716	20.4716	 0.74	 0.05	184.41	 4.15	 2.59	 1.00	10.88	 1.30	326.66	281.35	289.19	266.65	285.53	0	53.33
2012	1	21	12.663	6229.5278	20.5276	20.5276	 0.69	 0.03	188.86	 3.36	 2.55	 1.00	10.80	 1.21	323.80	285.33	290.91	272.33	293.91	0	54.47
2012	1	21	15.312	6229.6382	20.6380	20.6380	 0.94	 0.06	194.38	 3.58	 7.65	 0.99	10.75	 1.08	327.05	290.71	298.95	278.42	298.57	0	55.68
2012	1	21	17.089	6229.7119	20.7120	20.7120	 1.55	 0.11	200.07	 2.55	 3.65	 1.00	10.77	 1.14	326.93	296.69	307.04	279.52	301.44	0	55.90
2012	1	21	17.529	6229.7305	20.7304	20.7304	 1.54	 0.10	204.98	 2.24	 5.37	 1.00	10.77	 1.22	326.87	297.34	308.02	278.63	307.14	0	55.73
2012	1	21	18.405	6229.7671	20.7669	20.7669	 1.67	 0.14	195.59	 2.62	33.80	 0.92	10.73	 1.21	326.78	297.77	304.57	277.51	302.57	0	55.50
2012	1	21	19.307	6229.8047	20.8045	20.8045	 1.22	 0.09	206.71	 3.53	14.29	 0.99	10.77	 1.16	326.82	297.32	305.75	277.77	302.32	0	55.55
2012	1	21	20.186	6229.8413	20.8411	20.8411	 1.30	 0.13	196.53	 4.10	16.14	 1.00	10.73	 1.10	326.66	296.17	306.56	275.18	303.72	0	55.04
2012	1	22	1.109	6230.0464	21.0462	21.0462	 0.90	 0.05	197.20	 3.28	 5.77	 0.99	10.82	 1.23	326.65	284.35	290.52	262.98	292.05	0	52.60
2012	1	22	1.555	6230.0649	21.0648	21.0648	 1.09	 0.06	195.99	 2.49	 7.30	 0.99	10.82	 1.30	326.70	283.68	289.84	 0.00	291.27	0	54.00
2012	1	22	2.050	6230.0854	21.0854	21.0854	 1.02	 0.06	190.41	 3.00	 7.39	 0.99	10.93	 1.20	326.76	283.12	288.01	 0.00	289.40	0	54.00
2012	1	22	2.939	6230.1226	21.1225	21.1225	 1.22	 0.05	207.00	 1.78	 6.42	 0.97	10.88	 1.30	326.77	282.34	287.52	 0.00	287.19	0	54.00
2012	1	22	5.625	6230.2344	21.2344	21.2344	 2.47	 0.23	201.59	 1.65	 3.69	 1.00	10.77	 1.14	326.76	281.53	283.62	265.15	286.06	0	53.03
2012	1	22	7.434	6230.3096	21.3098	21.3098	 2.93	 0.37	207.39	 1.68	 0.82	 1.00	10.73	 1.25	326.76	281.39	286.33	265.14	 0.00	0	53.03
2012	1	22	8.795	6230.3667	21.3665	21.3665	 2.92	 0.31	208.80	 1.42	 4.70	 0.99	10.75	 1.23	326.79	281.10	288.20	 0.00	285.68	0	54.00
2012	1	22	10.579	6230.4409	21.4408	21.4408	 3.35	 0.52	207.43	 1.50	 3.24	 1.00	10.73	 1.27	326.73	281.62	286.29	265.12	287.39	0	53.02
2012	1	22	11.497	6230.4790	21.4790	21.4790	 3.02	 0.38	200.73	 1.49	 3.08	 1.00	10.97	 1.18	326.90	283.21	285.80	267.21	289.08	0	53.44
2012	1	22	11.939	6230.4976	21.4975	21.4975	 2.62	 0.26	201.79	 1.60	 3.14	 1.00	10.73	 1.15	326.98	284.29	287.58	268.28	 0.00	0	53.66
2012	1	22	12.378	6230.5156	21.5157	21.5157	 2.40	 0.21	201.08	 1.62	 5.06	 0.99	10.78	 1.15	327.11	285.59	288.71	272.20	289.72	0	54.44
2012	1	22	13.283	6230.5532	21.5535	21.5535	 2.82	 0.26	206.10	 1.34	 3.16	 1.00	10.77	 1.27	324.39	288.74	294.09	275.50	295.51	0	55.10
2012	1	22	16.374	6230.6821	21.6822	21.6822	 3.71	 1.13	202.13	 2.18	 5.07	 1.00	10.73	 1.07	327.29	294.04	300.58	276.63	300.78	0	55.33
2012	1	22	19.031	6230.7930	21.7929	21.7929	 2.63	 0.48	205.70	 2.95	15.64	 1.00	10.75	 1.25	327.32	296.03	306.01	276.16	 0.00	0	55.23
2012	1	22	22.158	6230.9233	21.9232	21.9232	 2.47	 0.36	204.84	 2.68	 8.26	 1.00	10.80	 1.22	327.05	291.22	302.41	 0.00	 0.00	0	54.00
2012	1	23	1.284	6231.0537	22.0535	22.0535	 1.81	 0.14	205.00	 2.22	 1.42	 1.00	10.88	 1.21	326.99	284.82	292.87	263.35	292.76	0	52.67
2012	1	23	3.555	6231.1479	22.1481	22.1481	 1.63	 0.08	203.62	 1.68	 2.82	 1.00	10.83	 1.26	327.05	282.36	288.50	262.96	289.81	0	52.59
2012	1	23	3.997	6231.1665	22.1666	22.1666	 1.40	 0.08	203.56	 2.25	 2.39	 1.00	10.88	 1.26	326.84	281.96	290.08	 0.00	 0.00	0	54.00
2012	1	23	4.448	6231.1855	22.1853	22.1853	 1.15	 0.08	194.80	 3.16	 7.14	 1.00	10.95	 1.19	326.81	281.53	287.09	262.29	286.12	0	52.46
2012	1	23	6.700	6231.2793	22.2792	22.2792	 1.13	 0.05	190.36	 2.15	 3.28	 1.00	10.95	 1.24	326.70	280.12	285.32	264.97	 0.00	0	52.99
2012	1	23	7.170	6231.2988	22.2987	22.2987	 0.92	 0.05	187.62	 3.16	 2.33	 1.00	10.80	 1.13	326.74	280.03	283.45	264.98	287.68	0	53.00
2012	1	23	7.618	6231.3174	22.3174	22.3174	 1.06	 0.06	189.53	 2.96	 3.39	 1.00	10.73	 1.23	326.68	279.99	286.47	264.97	287.65	0	52.99
2012	1	23	8.065	6231.3359	22.3360	22.3360	 0.99	 0.05	188.99	 2.72	 1.29	 1.00	10.78	 1.20	326.77	279.96	283.57	 0.00	286.22	0	54.00
2012	1	23	8.951	6231.3730	22.3730	22.3730	 1.14	 0.04	190.71	 1.63	 3.73	 0.98	10.83	 1.22	326.66	279.93	286.41	265.04	287.47	0	53.01
2012	1	23	9.867	6231.4111	22.4111	22.4111	 1.04	 0.04	191.49	 2.17	 0.71	 1.00	10.87	 1.16	326.87	279.97	284.97	264.52	287.38	0	52.90
2012	1	23	10.763	6231.4482	22.4485	22.4485	 1.07	 0.05	192.72	 2.31	 4.16	 0.99	10.87	 1.21	326.89	280.51	286.10	 0.00	287.77	0	54.00
2012	1	23	11.204	6231.4668	22.4669	22.4669	 1.05	 0.06	190.67	 2.88	 2.61	 1.00	10.82	 1.17	326.96	281.53	286.64	268.35	289.10	0	53.67
2012	1	23	11.676	6231.4863	22.4865	22.4865	 1.22	 0.06	191.11	 2.13	 3.30	 1.00	10.83	 1.23	323.68	282.96	288.50	273.09	287.15	0	54.62
2012	1	23	14.764	6231.6152	22.6152	22.6152	 2.29	 0.22	199.62	 1.97	19.18	 0.95	10.78	 1.15	327.61	291.10	298.60	279.55	298.32	0	55.91
2012	1	23	16.102	6231.6709	22.6709	22.6709	 1.73	 0.07	206.19	 1.35	 2.33	 1.00	10.77	 1.10	327.20	296.54	306.29	278.81	303.71	0	55.76
2012	1	23	16.541	6231.6895	22.6892	22.6892	 2.14	 0.17	202.52	 1.78	 4.71	 1.00	10.75	 1.07	327.15	297.62	308.35	279.03	305.00	0	55.81
2012	1	23	16.978	6231.7075	22.7074	22.7074	 1.81	 0.09	203.16	 1.43	 4.02	 0.99	10.73	 1.04	326.83	298.39	307.56	280.41	303.21	0	56.08
2012	1	23	17.416	6231.7256	22.7257	22.7257	 1.25	 0.09	195.29	 3.15	 2.97	 1.00	10.75	 0.98	326.05	298.68	308.68	278.36	305.73	0	55.67
2012	1	23	18.346	6231.7642	22.7644	22.7644	 1.37	 0.11	205.41	 3.23	 3.29	 1.00	14.18	 1.17	326.05	298.85	307.84	277.82	303.71	0	55.56
2012	1	23	18.813	6231.7837	22.7839	22.7839	 1.68	 0.16	203.99	 2.98	 8.49	 1.00	10.78	 1.19	325.96	298.55	310.97	277.72	308.10	0	55.54
2012	1	23	19.693	6231.8203	22.8205	22.8205	 1.54	 0.13	193.39	 2.91	 5.64	 1.00	10.80	 1.03	326.03	297.35	309.65	276.41	304.74	0	55.28
2012	1	23	20.131	6231.8389	22.8388	22.8388	 1.70	 0.17	201.86	 3.08	 7.00	 1.00	10.70	 1.25	326.03	296.55	306.99	 0.00	301.90	0	54.00
2012	1	23	20.596	6231.8579	22.8581	22.8581	 0.99	 0.10	187.21	 5.34	 8.57	 1.00	10.73	 0.92	326.05	295.54	306.94	274.18	303.30	0	54.84
2012	1	23	22.831	6231.9512	22.9513	22.9513	 2.35	 0.45	196.70	 3.66	13.52	 1.00	11.02	 0.99	325.89	289.47	300.15	265.74	 0.00	0	53.15
2012	1	24	0.168	6232.0068	23.0070	23.0070	 1.25	 0.08	198.23	 2.61	 4.52	 1.00	10.88	 1.23	325.88	286.09	294.68	 0.00	292.49	0	54.00
2012	1	24	0.613	6232.0254	23.0255	23.0255	 1.22	 0.35	208.43	13.22	1175.76	 0.72	10.73	 1.14	325.92	285.27	292.67	264.96	 0.00	0	52.99
2012	1	24	1.533	6232.0640	23.0639	23.0639	 0.59	 0.04	186.79	 4.87	10.02	 0.96	10.78	 1.00	325.98	283.58	283.01	265.23	 0.00	0	53.05
2012	1	24	1.979	6232.0825	23.0824	23.0824	 0.87	 0.05	193.17	 3.36	 0.86	 1.00	10.77	 1.25	325.81	282.98	291.58	265.26	290.86	0	53.05
2012	1	24	2.421	6232.1011	23.1009	23.1009	 1.25	 0.09	178.62	 2.82	28.99	 0.91	10.82	 1.22	325.78	282.49	287.51	265.21	290.44	0	53.04
2012	1	24	4.700	6232.1958	23.1958	23.1958	 0.70	 0.04	182.53	 4.18	 0.86	 1.00	10.78	 1.16	325.91	281.37	286.88	265.00	289.33	0	53.00
2012	1	24	6.067	6232.2529	23.2528	23.2528	 0.76	 0.04	181.17	 3.32	 4.33	 0.99	10.85	 1.21	325.87	280.93	288.01	264.97	286.15	0	52.99
2012	1	24	6.511	6232.2715	23.2713	23.2713	 0.78	 0.04	180.33	 3.02	 1.82	 1.00	10.92	 1.24	325.87	280.86	288.71	 0.00	285.97	0	54.00
2012	1	24	6.956	6232.2900	23.2898	23.2898	 0.69	 0.05	182.44	 4.90	 3.04	 1.00	10.85	 1.26	326.21	280.54	287.08	 0.00	285.76	0	54.00
2012	1	24	8.312	6232.3462	23.3463	23.3463	 0.83	 0.03	197.99	 2.58	 5.78	 0.98	10.85	 1.22	326.29	280.29	285.52	263.32	285.17	0	52.66
2012	1	24	9.197	6232.3833	23.3832	23.3832	 1.21	 0.06	195.81	 2.12	12.93	 0.94	10.85	 1.27	326.16	280.06	286.73	 0.00	284.84	0	54.00
2012	1	24	10.116	6232.4214	23.4215	23.4215	 1.24	 0.06	197.33	 1.99	 3.79	 1.00	10.87	 1.15	326.17	279.98	285.23	 0.00	284.47	0	54.00
2012	1	24	11.002	6232.4585	23.4584	23.4584	 1.74	 0.10	200.82	 1.75	 3.31	 1.00	11.13	 1.14	326.16	281.44	283.98	266.97	287.24	0	53.39
2012	1	24	12.799	6232.5332	23.5333	23.5333	 2.40	 0.18	203.48	 1.46	 0.77	 1.00	10.75	 1.28	326.51	286.57	290.91	273.12	295.76	0	54.62
2012	1	24	14.116	6232.5884	23.5881	23.5881	 2.36	 0.21	208.88	 1.79	 2.69	 1.00	10.73	 1.26	326.64	291.78	298.23	277.22	298.92	0	55.44
2012	1	24	15.898	6232.6626	23.6624	23.6624	 3.48	 0.65	207.21	 1.63	 8.56	 0.99	10.72	 1.07	326.45	297.73	307.21	282.09	307.20	0	56.42
2012	1	24	16.801	6232.7002	23.7001	23.7001	 3.61	 0.67	206.70	 1.47	 3.92	 1.00	10.77	 1.01	318.27	299.54	309.65	287.75	305.71	0	57.55
2012	1	24	19.023	6232.7925	23.7926	23.7926	 5.27	 6.02	202.48	 2.38	 6.54	 1.00	10.75	 0.99	320.36	299.02	313.22	280.46	306.99	0	56.09
2012	1	24	19.898	6232.8291	23.8291	23.8291	 3.28	 0.44	209.93	 1.39	 1.66	 1.00	10.73	 1.21	320.39	297.87	310.72	278.77	303.96	0	55.75
2012	1	24	20.338	6232.8472	23.8474	23.8474	 3.88	 0.96	209.66	 1.61	 3.95	 1.00	10.73	 1.23	320.41	297.10	309.75	278.42	303.36	0	55.68
2012	1	24	20.778	6232.8657	23.8657	23.8657	18.03	1690411.31	213.02	 2.01	 9.11	 1.00	10.83	 1.27	320.56	296.25	312.05	278.14	302.68	0	55.63
2012	1	24	21.243	6232.8853	23.8851	23.8851	 3.68	 0.97	201.05	 1.94	 5.21	 1.00	10.75	 1.00	320.89	295.34	309.05	276.70	301.73	0	55.34
2012	1	24	22.131	6232.9224	23.9221	23.9221	 3.89	 1.90	204.46	 3.08	 7.35	 1.00	10.82	 1.17	321.58	293.08	303.65	273.16	301.06	0	54.63
2012	1	24	22.571	6232.9404	23.9405	23.9405	 3.92	 7.58	212.87	12.38	152.65	 1.00	10.77	 1.28	320.89	291.55	307.90	266.27	 0.00	0	53.25
2012	1	24	23.486	6232.9785	23.9786	23.9786	 4.72	 3.42	197.20	 2.29	 7.49	 1.00	10.75	 1.00	321.33	288.82	295.47	265.68	297.15	0	53.14
2012	1	25	2.168	6233.0903	24.0903	24.0903	 3.22	 0.36	208.23	 1.19	 4.79	 0.99	10.70	 1.13	321.61	284.66	292.06	 0.00	 0.00	0	54.00
2012	1	25	2.611	6233.1089	24.1088	24.1088	 5.78	 5.67	203.33	 1.36	 1.52	 1.00	10.87	 1.07	321.52	284.46	288.67	267.16	292.98	0	53.43
2012	1	25	3.498	6233.1455	24.1457	24.1457	 3.84	 0.78	211.35	 1.39	 3.24	 1.00	10.73	 1.18	321.62	283.97	292.27	265.94	 0.00	0	53.19
2012	1	25	3.996	6233.1665	24.1665	24.1665	 4.90	 2.67	208.20	 1.57	 1.71	 1.00	11.02	 1.14	321.68	283.95	290.18	266.82	289.41	0	53.36
2012	1	25	4.446	6233.1851	24.1853	24.1853	38.41	 1.00	206.50	 0.00	 5.42	 0.00	10.92	 1.17	321.68	283.80	290.60	265.76	289.45	0	53.15
2012	1	25	4.891	6233.2036	24.2038	24.2038	 3.38	 0.42	208.58	 1.18	 1.89	 1.00	10.77	 1.21	321.74	283.75	291.01	 0.00	 0.00	0	54.00
2012	1	25	5.336	6233.2222	24.2223	24.2223	 4.47	 1.51	208.81	 1.38	 5.31	 0.99	10.82	 1.11	321.91	283.66	291.08	265.11	289.12	0	53.02
2012	1	25	7.140	6233.2974	24.2975	24.2975	 4.60	 2.07	206.13	 1.64	 2.20	 1.00	10.80	 1.22	321.97	283.17	289.33	265.15	291.28	0	53.03
2012	1	25	7.581	6233.3159	24.3159	24.3159	 4.41	 1.21	211.99	 1.20	 2.12	 1.00	10.82	 1.29	322.08	283.05	290.20	265.19	288.31	0	53.04
2012	1	25	8.493	6233.3540	24.3539	24.3539	 3.88	 0.76	205.38	 1.25	 3.44	 1.00	10.85	 1.15	322.25	282.69	288.52	265.21	287.79	0	53.04
2012	1	25	10.272	6233.4282	24.4280	24.4280	 4.17	 0.87	211.55	 1.09	 4.88	 0.98	10.77	 1.21	322.31	282.34	289.74	264.96	288.63	0	52.99
2012	1	25	11.182	6233.4658	24.4659	24.4659	 5.53	 4.04	209.13	 1.27	 5.02	 0.99	10.85	 1.25	322.36	283.25	290.38	 0.00	289.37	0	54.00
2012	1	25	11.629	6233.4844	24.4845	24.4845	 3.98	 0.86	207.46	 1.30	 0.77	 1.00	11.02	 1.22	322.39	284.12	290.40	 0.00	 0.00	0	54.00
2012	1	25	12.515	6233.5215	24.5215	24.5215	 3.64	 0.64	210.28	 1.39	 6.62	 0.99	10.87	 1.22	322.49	285.39	292.43	269.22	292.07	0	53.84
2012	1	25	13.864	6233.5776	24.5777	24.5777	 4.42	 1.25	208.16	 1.20	 1.38	 1.00	10.75	 1.27	322.67	287.87	294.90	273.11	296.05	0	54.62
2012	1	25	14.306	6233.5962	24.5961	24.5961	 3.76	 1.10	205.75	 2.05	 2.92	 1.00	10.73	 1.12	322.59	288.66	295.19	273.80	293.46	0	54.76
2012	1	25	14.745	6233.6143	24.6144	24.6144	 3.86	 1.04	206.59	 1.76	 2.52	 1.00	10.72	 1.16	322.73	289.63	296.67	275.25	296.81	0	55.05
2012	1	25	15.213	6233.6338	24.6339	24.6339	 5.21	 3.72	201.89	 1.56	 2.94	 1.00	10.78	 1.07	322.60	290.35	294.45	 0.00	295.51	0	54.00
2012	1	25	16.969	6233.7070	24.7071	24.7071	 6.70	13.88	214.88	 1.39	 2.41	 1.00	10.82	 1.27	321.69	293.28	302.80	275.72	301.12	0	55.14
2012	1	25	17.436	6233.7266	24.7265	24.7265	17.15	311008.47	217.40	 0.91	 2.74	 0.99	10.75	 1.26	321.64	293.12	304.45	 0.00	 0.00	0	54.00
2012	1	25	19.201	6233.7998	24.8000	24.8000	 5.27	 3.26	213.36	 1.36	 1.84	 1.00	10.92	 1.25	322.06	290.56	301.08	271.14	299.79	0	54.23
2012	1	25	21.001	6233.8750	24.8750	24.8750	 5.01	 2.54	207.37	 1.34	 4.30	 0.99	10.82	 1.19	321.80	289.87	298.22	268.62	298.17	0	53.72
2012	1	25	21.442	6233.8936	24.8934	24.8934	 4.04	 1.25	209.97	 1.77	 1.03	 1.00	10.83	 1.26	321.82	289.36	296.83	268.49	297.57	0	53.70
2012	1	25	21.909	6233.9131	24.9129	24.9129	 4.70	 1.88	206.87	 1.36	 1.55	 1.00	10.73	 1.10	321.87	288.74	296.47	 0.00	 0.00	0	54.00
2012	1	25	22.347	6233.9312	24.9311	24.9311	 6.88	12.57	208.53	 1.02	 2.49	 1.00	10.77	 1.11	321.87	288.22	296.53	 0.00	296.51	0	54.00
2012	1	25	22.790	6233.9497	24.9496	24.9496	 4.82	 2.45	209.87	 1.58	 2.97	 1.00	10.82	 1.20	321.91	287.66	295.43	265.69	 0.00	0	53.14
2012	1	25	23.232	6233.9678	24.9680	24.9680	 4.26	 1.07	211.30	 1.23	 0.49	 1.00	10.75	 1.15	321.89	287.09	296.05	265.48	293.83	0	53.10
2012	1	26	1.478	6234.0615	25.0616	25.0616	59.84	 1.00	207.00	 0.00	 7.48	 0.00	10.88	 1.12	322.31	285.87	291.81	267.12	292.48	0	53.42
2012	1	26	1.921	6234.0801	25.0800	25.0800	 3.89	 0.71	203.80	 1.14	 1.97	 1.00	10.80	 1.06	322.20	285.76	288.67	 0.00	293.73	0	54.00
2012	1	26	2.387	6234.0996	25.0995	25.0995	 4.37	 1.50	204.86	 1.50	 2.52	 1.00	10.78	 1.07	322.28	285.65	289.62	266.94	292.24	0	53.39
2012	1	26	2.832	6234.1182	25.1180	25.1180	 5.96	 4.98	208.72	 1.01	 3.28	 0.99	10.90	 1.18	322.25	285.54	292.57	266.83	293.49	0	53.37
2012	1	26	5.087	6234.2119	25.2120	25.2120	23.85	345149753.50	206.46	 1.18	 8.82	 0.96	10.73	 1.12	322.25	285.22	291.08	 0.00	290.16	0	54.00
2012	1	26	5.526	6234.2305	25.2303	25.2303	 4.78	 2.49	214.40	 1.71	 1.85	 1.00	10.75	 1.24	322.27	285.07	293.85	265.80	291.40	0	53.16
2012	1	26	5.967	6234.2485	25.2486	25.2486	 5.89	 7.72	207.16	 1.67	 4.78	 1.00	10.73	 1.13	322.25	284.94	289.42	266.08	289.86	0	53.22
2012	1	26	6.873	6234.2866	25.2864	25.2864	 4.25	 1.48	207.14	 1.68	 4.00	 1.00	10.78	 1.14	322.38	284.66	290.50	 0.00	289.56	0	54.00
2012	1	26	8.194	6234.3413	25.3414	25.3414	 3.34	 0.58	210.52	 1.71	 2.03	 1.00	10.78	 1.21	322.33	284.02	291.19	265.39	 0.00	0	53.08
2012	1	26	8.635	6234.3599	25.3598	25.3598	 3.33	 0.49	208.95	 1.46	 0.67	 1.00	10.93	 1.23	322.44	283.71	289.96	 0.00	291.46	0	54.00
2012	1	26	9.102	6234.3794	25.3793	25.3793	 3.64	 0.71	214.17	 1.56	 2.89	 1.00	10.88	 1.28	322.47	283.42	291.33	265.47	289.67	0	53.09
2012	1	26	9.546	6234.3979	25.3978	25.3978	 3.85	 0.79	209.64	 1.37	 9.24	 0.97	10.90	 1.23	322.31	283.18	290.05	 0.00	287.99	0	54.00
2012	1	26	9.986	6234.4160	25.4161	25.4161	 4.30	 1.17	210.11	 1.28	 0.48	 1.00	10.70	 1.21	322.31	282.90	289.31	265.36	287.69	0	53.07
2012	1	26	12.224	6234.5093	25.5094	25.5094	 3.67	 0.80	205.50	 1.63	 4.76	 1.00	10.98	 1.12	322.67	285.80	290.28	270.49	289.76	0	54.10
2012	1	26	13.579	6234.5659	25.5658	25.5658	 3.76	 0.78	205.77	 1.45	 1.00	 1.00	10.75	 1.12	322.83	288.59	294.31	270.41	295.23	0	54.08
2012	1	26	14.459	6234.6025	25.6025	25.6025	 3.43	 0.66	205.79	 1.74	 6.49	 1.00	10.80	 1.19	322.89	291.05	297.27	272.79	295.27	0	54.56
2012	1	26	14.900	6234.6206	25.6208	25.6208	 3.60	 0.66	201.47	 1.42	 2.44	 1.00	10.85	 1.12	322.95	292.43	299.17	275.33	301.81	0	55.07
2012	1	26	15.340	6234.6392	25.6392	25.6392	 3.07	 0.36	204.54	 1.39	 2.94	 1.00	10.87	 1.14	322.73	293.74	301.56	278.28	298.12	0	55.66
2012	1	26	16.244	6234.6768	25.6769	25.6769	 3.03	 0.76	206.46	 3.05	21.24	 0.99	10.73	 1.15	321.62	296.40	302.77	286.22	303.58	0	57.24
2012	1	26	16.683	6234.6953	25.6951	25.6951	 3.58	 0.69	205.65	 1.54	 1.49	 1.00	10.85	 1.10	320.24	297.47	306.64	287.55	304.68	0	57.51
2012	1	26	18.468	6234.7695	25.7695	25.7695	 3.29	 0.50	208.90	 1.53	 5.45	 0.99	10.85	 1.07	321.39	298.73	309.15	280.03	304.58	0	56.01
2012	1	26	19.351	6234.8062	25.8063	25.8063	 4.74	 1.83	203.19	 1.25	 2.27	 1.00	10.93	 0.96	321.20	297.59	308.16	277.82	305.57	0	55.56
2012	1	26	20.263	6234.8442	25.8443	25.8443	 5.44	 3.87	207.80	 1.33	 0.98	 1.00	10.75	 1.07	321.28	295.37	308.08	273.22	301.87	0	54.64
2012	1	26	21.590	6234.8994	25.8996	25.8996	 4.20	 1.20	204.77	 1.41	 2.00	 1.00	10.92	 1.07	321.32	294.31	304.20	278.81	300.50	0	55.76
2012	1	26	22.032	6234.9180	25.9180	25.9180	25.63	1791023412.10	208.08	 1.04	 0.44	 1.00	10.80	 1.16	321.21	293.67	304.56	 0.00	303.52	0	54.00
2012	1	26	22.499	6234.9375	25.9375	25.9375	17.48	791196.54	206.54	 1.59	 4.72	 1.00	10.83	 1.04	321.34	292.68	304.63	 0.00	299.02	0	54.00
2012	1	26	23.825	6234.9927	25.9927	25.9927	16.65	796334.30	210.88	 3.75	19.94	 1.00	10.77	 1.26	321.70	290.43	299.55	267.58	297.82	0	53.52
2012	1	27	3.395	6235.1416	26.1415	26.1415	 3.44	 0.62	212.89	 1.66	 0.93	 1.00	10.77	 1.16	321.26	281.69	289.94	265.80	 0.00	0	53.16
2012	1	27	4.274	6235.1782	26.1781	26.1781	 3.97	 1.01	211.44	 1.55	 1.05	 1.00	10.77	 1.23	322.12	282.17	288.33	265.21	290.19	0	53.04
2012	1	27	4.715	6235.1963	26.1964	26.1964	 3.74	 0.85	208.13	 1.63	 4.89	 1.00	10.82	 1.15	322.11	282.36	287.46	 0.00	290.57	0	54.00
2012	1	27	5.208	6235.2168	26.2170	26.2170	 3.54	 0.53	213.77	 1.30	 1.16	 1.00	10.92	 1.13	322.14	282.52	289.94	265.21	 0.00	0	53.04
2012	1	27	5.656	6235.2358	26.2356	26.2356	 3.79	 0.92	210.28	 1.71	 1.62	 1.00	10.88	 1.18	322.11	282.62	289.14	265.20	289.44	0	53.04
2012	1	27	6.539	6235.2725	26.2724	26.2724	 3.11	 0.42	213.11	 1.62	 5.38	 1.00	10.83	 1.23	322.07	282.69	290.73	265.25	290.93	0	53.05
2012	1	27	6.982	6235.2910	26.2909	26.2909	 3.20	 0.45	211.77	 1.56	 2.98	 1.00	10.82	 1.22	321.99	282.63	290.44	 0.00	 0.00	0	54.00
2012	1	27	9.227	6235.3843	26.3845	26.3845	 2.26	 0.10	210.39	 0.98	 4.39	 0.96	10.90	 1.25	322.09	282.08	290.44	265.33	290.14	0	53.07
2012	1	27	10.592	6235.4414	26.4413	26.4413	 2.32	 0.21	201.73	 1.82	 5.92	 1.00	10.95	 1.06	322.14	282.15	286.06	265.14	287.01	0	53.03
2012	1	27	12.382	6235.5161	26.5159	26.5159	 2.19	 0.19	205.26	 1.92	 3.34	 1.00	10.78	 1.15	322.33	285.47	291.25	271.63	290.16	0	54.33
2012	1	27	12.822	6235.5342	26.5342	26.5342	 2.08	 0.16	203.30	 1.83	 2.05	 1.00	10.87	 1.09	322.37	286.66	292.13	272.39	295.73	0	54.48
2012	1	27	15.485	6235.6450	26.6452	26.6452	 2.60	 0.25	207.43	 1.60	 4.84	 1.00	10.73	 1.14	321.59	295.61	305.03	282.34	303.16	0	56.47
2012	1	27	16.831	6235.7012	26.7013	26.7013	 2.75	 0.29	203.99	 1.58	 3.03	 1.00	10.83	 0.91	319.47	299.07	310.60	288.05	305.98	0	57.61
2012	1	27	17.272	6235.7197	26.7197	26.7197	 3.96	 0.82	213.43	 1.29	 0.50	 1.00	10.75	 1.16	316.98	298.56	310.34	284.14	307.56	0	56.83
2012	1	27	17.710	6235.7378	26.7379	26.7379	 3.60	 0.54	217.49	 1.26	 0.95	 1.00	10.72	 1.16	316.95	299.09	310.89	 0.00	308.07	0	54.00
2012	1	27	19.052	6235.7939	26.7939	26.7939	 3.62	 0.64	206.68	 1.39	 1.91	 1.00	10.77	 0.98	316.57	298.02	311.91	276.28	306.00	0	55.26
2012	1	27	19.490	6235.8120	26.8121	26.8121	 3.85	 0.74	206.32	 1.25	 0.73	 1.00	10.73	 1.04	317.14	298.18	309.68	285.35	 0.00	0	57.07
2012	1	27	20.366	6235.8486	26.8486	26.8486	 3.87	 0.85	205.45	 1.42	 3.71	 1.00	10.73	 1.06	318.73	296.80	310.38	276.18	303.28	0	55.24
2012	1	27	21.712	6235.9048	26.9047	26.9047	 5.40	 3.41	212.48	 1.24	 1.69	 1.00	10.73	 1.25	321.23	294.57	305.58	271.39	301.23	0	54.28
2012	1	27	23.060	6235.9609	26.9608	26.9608	 3.97	 1.39	210.09	 2.12	 4.08	 1.00	10.85	 1.16	322.60	291.17	301.22	 0.00	299.82	0	54.00
2012	1	27	23.505	6235.9795	26.9794	26.9794	62.62	 1.00	204.42	 0.00	103.92	 0.00	10.87	 1.13	322.59	290.32	299.49	267.58	297.38	0	53.52
2012	1	28	0.389	6236.0161	27.0162	27.0162	 4.87	 1.96	211.38	 1.22	 1.22	 1.00	10.72	 1.17	322.64	288.81	298.69	266.66	297.13	0	53.33
2012	1	28	1.303	6236.0542	27.0543	27.0543	 4.25	 1.20	214.37	 1.41	 4.14	 1.00	10.75	 1.17	321.95	287.48	296.06	265.36	292.87	0	53.07
2012	1	28	2.192	6236.0913	27.0913	27.0913	 3.81	 0.82	209.74	 1.49	 0.68	 1.00	10.82	 1.09	321.80	287.26	293.46	266.98	293.97	0	53.40
2012	1	28	3.544	6236.1475	27.1477	27.1477	 4.11	 1.05	212.64	 1.42	 4.43	 1.00	10.82	 1.20	321.73	287.22	294.55	268.23	294.10	0	53.65
2012	1	28	4.879	6236.2031	27.2033	27.2033	22.29	96488679.90	209.75	 1.59	 6.32	 0.99	10.75	 1.15	321.39	286.59	295.39	267.29	293.33	0	53.46
2012	1	28	5.810	6236.2422	27.2421	27.2421	 5.19	 2.81	208.68	 1.24	 2.06	 1.00	10.83	 1.07	320.85	286.12	293.11	266.80	294.09	0	53.36
2012	1	28	6.251	6236.2603	27.2605	27.2605	 4.45	 1.63	208.66	 1.52	 2.19	 1.00	10.77	 1.10	320.89	286.07	293.26	267.72	 0.00	0	53.54
2012	1	28	6.698	6236.2793	27.2791	27.2791	 5.09	 3.32	207.03	 1.60	 5.00	 1.00	10.82	 1.04	320.80	285.92	293.21	267.27	 0.00	0	53.45
2012	1	28	7.141	6236.2974	27.2975	27.2975	 6.37	11.14	206.89	 1.49	 3.30	 1.00	10.78	 1.08	320.98	285.52	292.67	265.59	293.72	0	53.12
2012	1	28	7.584	6236.3159	27.3160	27.3160	 4.18	 0.95	205.79	 1.16	 2.62	 1.00	10.92	 1.05	320.95	285.11	291.93	265.29	293.31	0	53.06
2012	1	28	8.940	6236.3726	27.3725	27.3725	 3.65	 0.63	212.14	 1.37	 3.70	 1.00	10.75	 1.21	321.58	284.26	292.60	265.16	 0.00	0	53.03
2012	1	28	9.827	6236.4097	27.4094	27.4094	 3.22	 0.31	210.96	 1.05	 2.07	 1.00	10.80	 1.25	320.74	283.75	290.72	 0.00	289.01	0	54.00
2012	1	28	10.292	6236.4287	27.4289	27.4289	 3.22	 0.41	211.47	 1.37	 1.72	 1.00	10.82	 1.16	320.82	283.60	291.58	265.16	291.55	0	53.03
2012	1	28	10.737	6236.4473	27.4474	27.4474	 2.85	 0.29	207.81	 1.43	 4.86	 0.99	10.73	 1.10	320.59	283.90	288.94	267.51	288.89	0	53.50
2012	1	28	12.535	6236.5225	27.5223	27.5223	 2.45	 0.20	199.14	 1.45	 5.28	 0.99	11.00	 0.95	320.88	287.63	291.48	276.51	297.23	0	55.30
2012	1	28	17.861	6236.7441	27.7442	27.7442	 3.98	 1.10	203.73	 1.61	 4.45	 1.00	10.83	 1.04	322.62	301.34	310.04	285.08	307.51	0	57.02
2012	1	28	20.969	6236.8735	27.8737	27.8737	 3.85	 1.04	200.96	 1.72	 2.15	 1.00	10.83	 0.89	320.25	296.33	308.73	273.24	304.42	0	54.65
2012	1	28	21.878	6236.9116	27.9116	27.9116	 4.31	 1.49	214.16	 1.65	 2.24	 1.00	10.75	 1.21	320.68	294.26	307.00	270.89	303.54	0	54.18
2012	1	28	23.675	6236.9863	27.9865	27.9865	 4.28	 1.24	207.90	 1.37	 3.44	 1.00	10.82	 1.10	323.37	290.21	299.18	 0.00	295.87	0	54.00
2012	1	29	1.009	6237.0420	28.0420	28.0420	 4.25	 1.11	206.78	 1.26	 2.13	 1.00	10.73	 1.07	324.70	288.84	296.18	267.30	 0.00	0	53.46
2012	1	29	2.801	6237.1167	28.1167	28.1167	 4.72	 1.62	213.21	 1.17	 3.89	 0.99	10.82	 1.17	325.16	287.44	296.26	265.34	292.61	0	53.07
2012	1	29	3.684	6237.1533	28.1535	28.1535	 4.31	 1.03	209.39	 1.12	 2.09	 1.00	10.77	 1.09	325.04	286.88	294.75	265.30	294.84	0	53.06
2012	1	29	4.599	6237.1914	28.1916	28.1916	 5.21	 2.50	210.99	 1.10	 3.82	 0.99	10.92	 1.17	325.25	286.66	294.17	266.29	291.74	0	53.26
2012	1	29	5.044	6237.2100	28.2102	28.2102	 4.51	 1.44	211.85	 1.29	 1.79	 1.00	10.83	 1.26	325.13	286.61	293.32	266.41	293.04	0	53.28
2012	1	29	6.419	6237.2676	28.2674	28.2674	 3.54	 0.50	209.34	 1.20	 0.36	 1.00	10.83	 1.15	324.89	286.38	292.31	266.96	 0.00	0	53.39
2012	1	29	7.753	6237.3232	28.3231	28.3231	 4.61	 1.66	214.15	 1.35	 1.32	 1.00	10.78	 1.19	324.56	286.04	293.61	265.29	 0.00	0	53.06
2012	1	29	12.229	6237.5098	28.5095	28.5095	 3.68	 0.73	211.08	 1.51	 2.93	 1.00	10.78	 1.16	321.36	286.74	294.08	274.79	291.51	0	54.96
2012	1	29	12.670	6237.5278	28.5279	28.5279	 5.01	 2.55	207.90	 1.34	 3.33	 1.00	10.83	 1.11	321.21	287.97	294.73	275.83	295.19	0	55.17
2012	1	29	14.450	6237.6021	28.6021	28.6021	 4.64	 1.82	212.92	 1.44	 1.08	 1.00	10.75	 1.14	315.61	292.06	301.84	279.83	300.06	0	55.97
2012	1	29	14.888	6237.6201	28.6203	28.6203	 6.04	 6.86	210.00	 1.30	 4.16	 0.99	10.75	 1.00	315.69	292.46	304.03	278.74	302.56	0	55.75
2012	1	29	15.350	6237.6396	28.6396	28.6396	 3.79	 0.70	213.94	 1.31	 1.60	 1.00	10.77	 1.19	316.36	293.35	303.34	281.61	301.03	0	56.32
2012	1	30	1.111	6238.0464	29.0463	29.0463	94.86	 1.00	215.24	 0.00	 5.26	 0.00	10.73	 1.25	321.12	283.21	291.33	 0.00	290.77	0	54.00
2012	1	30	1.553	6238.0649	29.0647	29.0647	 5.82	 6.79	209.80	 1.61	 1.65	 1.00	10.97	 1.09	321.08	283.62	289.69	266.50	290.09	0	53.30
2012	1	30	1.999	6238.0835	29.0833	29.0833	38.42	 1.00	208.65	 0.00	 3.67	 0.00	10.78	 1.13	321.07	283.91	288.38	266.41	292.01	0	53.28
2012	1	30	2.464	6238.1025	29.1026	29.1026	50.47	 1.00	214.54	 0.00	 2.73	 0.00	10.82	 1.19	318.31	284.28	291.93	267.22	291.69	0	53.44
2012	1	30	7.351	6238.3062	29.3063	29.3063	71.66	 1.00	209.77	 0.00	 3.75	 0.00	10.72	 1.09	316.75	279.10	285.99	265.84	284.91	0	53.17
2012	1	30	7.793	6238.3247	29.3247	29.3247	17.71	1008761.45	210.13	 1.63	 9.69	 0.99	11.02	 1.10	321.63	280.11	285.82	265.37	 0.00	0	53.07
2012	1	30	8.675	6238.3613	29.3614	29.3614	29.48	107592250436.99	212.23	 1.36	 4.79	 0.99	10.77	 1.17	322.16	281.32	288.08	265.40	286.01	0	53.08
2012	1	30	9.137	6238.3809	29.3807	29.3807	 4.06	 2.48	209.04	 3.44	12.59	 1.00	10.80	 1.11	322.13	281.81	285.27	265.37	289.47	0	53.07
2012	1	30	10.017	6238.4175	29.4174	29.4174	17.76	843346.63	211.62	 1.31	 1.33	 1.00	10.73	 1.20	321.91	282.54	287.49	265.33	287.16	0	53.07
2012	1	30	10.454	6238.4355	29.4356	29.4356	16.50	354201.80	207.40	 1.89	 5.95	 1.00	10.78	 1.12	321.92	282.74	287.14	265.37	290.11	0	53.07
2012	1	30	10.896	6238.4541	29.4540	29.4540	10.89	887.30	211.00	 1.32	 4.16	 1.00	10.77	 1.21	321.94	283.11	288.10	266.32	289.02	0	53.26
2012	1	30	12.682	6238.5283	29.5284	29.5284	 5.70	 6.49	207.45	 1.72	 1.31	 1.00	10.75	 1.10	322.15	287.50	293.30	272.39	293.56	0	54.48
2012	1	30	14.907	6238.6211	29.6211	29.6211	 3.62	 0.60	217.04	 1.36	 3.56	 1.00	10.78	 1.23	317.40	294.81	304.97	 0.00	302.85	0	54.00
2012	1	30	15.352	6238.6396	29.6397	29.6397	 3.51	 0.63	205.55	 1.53	 2.24	 1.00	10.87	 0.97	317.31	294.52	307.84	274.97	303.78	0	54.99
2012	1	30	15.816	6238.6592	29.6590	29.6590	 4.03	 1.04	206.60	 1.48	 5.88	 0.99	10.83	 1.05	317.56	294.72	304.94	278.72	 0.00	0	55.74
2012	1	30	16.263	6238.6777	29.6776	29.6776	 4.82	 1.84	211.03	 1.19	 4.78	 0.99	10.85	 1.23	317.24	294.37	305.92	275.29	302.75	0	55.06
2012	1	30	17.148	6238.7144	29.7145	29.7145	 6.89	11.78	206.74	 0.94	 1.25	 1.00	10.82	 1.09	317.46	292.47	304.87	270.24	301.57	0	54.05
2012	1	30	17.592	6238.7329	29.7330	29.7330	 5.58	 4.17	210.31	 1.25	 5.08	 0.99	10.82	 1.20	318.36	291.51	302.90	269.58	297.93	0	53.92
2012	1	30	18.059	6238.7524	29.7525	29.7525	 4.73	 2.64	208.23	 1.85	12.83	 0.99	10.78	 1.06	318.73	290.70	302.58	269.63	296.89	0	53.93
2012	1	30	19.394	6238.8081	29.8081	29.8081	17.09	684257.44	195.28	 1.91	 8.80	 1.00	10.88	 0.85	318.97	289.89	296.62	269.60	299.15	0	53.92
2012	1	30	19.836	6238.8267	29.8265	29.8265	36.29	 1.00	213.33	 0.00	 2.25	 0.00	10.73	 1.19	321.43	289.47	300.41	 0.00	296.73	0	54.00
2012	1	30	20.302	6238.8457	29.8459	29.8459	35.36	 1.00	212.55	 0.00	 2.82	 0.00	10.77	 1.17	322.39	289.32	298.53	269.90	296.52	0	53.98
2012	1	30	20.744	6238.8643	29.8643	29.8643	 8.86	185.80	210.39	 2.09	16.45	 0.99	10.82	 1.13	322.44	289.06	298.05	 0.00	294.57	0	54.00
2012	1	30	22.972	6238.9570	29.9572	29.9572	 4.84	 2.81	207.06	 1.76	 5.12	 1.00	10.83	 1.13	323.14	286.57	296.19	 0.00	 0.00	0	54.00
2012	1	30	23.856	6238.9941	29.9940	29.9940	 5.78	 6.90	206.25	 1.68	 4.85	 1.00	10.88	 1.15	323.59	285.73	292.64	 0.00	 0.00	0	54.00
2012	1	31	0.304	6239.0127	30.0126	30.0126	38.14	 1.00	210.24	 0.00	 1.80	 0.00	10.92	 1.21	323.59	285.33	292.36	265.32	 0.00	0	53.06
2012	1	31	1.215	6239.0508	30.0506	30.0506	 4.68	 2.41	205.17	 1.75	 2.62	 1.00	10.92	 1.02	323.63	285.10	290.01	265.29	292.90	0	53.06
2012	1	31	1.659	6239.0693	30.0691	30.0691	 4.82	 2.16	212.60	 1.41	 1.81	 1.00	10.70	 1.17	323.75	285.03	293.02	265.62	289.79	0	53.12
2012	1	31	2.540	6239.1060	30.1058	30.1058	 7.33	23.09	212.87	 1.22	 6.40	 0.98	10.77	 1.21	323.61	284.94	291.68	265.36	291.15	0	53.07
2012	1	31	6.546	6239.2729	30.2727	30.2727	32.82	2883582683918.91	206.97	 1.25	 2.32	 1.00	10.70	 1.15	321.86	281.34	285.01	 0.00	287.12	0	54.00
2012	1	31	7.481	6239.3115	30.3117	30.3117	 3.87	 0.74	210.57	 1.27	 2.95	 1.00	10.83	 1.19	321.92	281.95	288.72	 0.00	286.57	0	54.00
2012	1	31	8.359	6239.3481	30.3483	30.3483	17.12	405682.17	208.18	 1.17	 4.17	 0.99	10.77	 1.15	321.95	282.12	288.31	265.37	289.69	0	53.07
2012	1	31	9.244	6239.3853	30.3852	30.3852	 4.56	 2.04	208.14	 1.71	 5.44	 1.00	10.78	 1.16	321.96	282.10	288.78	265.31	289.60	0	53.06
2012	1	31	10.154	6239.4233	30.4231	30.4231	26.48	5542883503.89	209.80	 1.39	 2.99	 1.00	10.72	 1.20	321.98	282.04	288.28	265.30	289.56	0	53.06
2012	1	31	10.594	6239.4414	30.4414	30.4414	 4.02	 0.84	206.84	 1.20	 6.97	 0.97	10.82	 1.12	322.03	282.16	286.19	265.27	288.15	0	53.05
2012	1	31	11.036	6239.4600	30.4598	30.4598	 5.09	 2.79	208.25	 1.37	 2.08	 1.00	10.75	 1.23	322.01	282.45	286.78	265.35	288.41	0	53.07
2012	1	31	11.475	6239.4780	30.4781	30.4781	17.49	731317.56	208.55	 1.46	 2.13	 1.00	10.73	 1.25	322.05	282.95	287.26	265.44	290.36	0	53.09
2012	1	31	14.184	6239.5908	30.5910	30.5910	 3.61	 0.69	202.59	 1.49	 2.54	 1.00	10.87	 0.95	322.41	290.11	295.45	 0.00	296.73	0	54.00
2012	1	31	14.628	6239.6094	30.6095	30.6095	 4.00	 0.95	210.33	 1.41	 2.30	 1.00	10.85	 1.18	322.62	291.64	300.99	278.01	298.80	0	55.60
2012	1	31	15.516	6239.6465	30.6465	30.6465	55.85	 1.00	202.71	 0.00	 2.61	 0.00	10.83	 0.99	322.82	293.90	301.91	 0.00	301.46	0	54.00
2012	1	31	21.335	6239.8892	30.8890	30.8890	 3.35	 0.94	203.10	 2.66	 9.42	 1.00	10.72	 0.97	322.74	289.81	298.23	265.83	298.56	0	53.17
2012	1	31	23.570	6239.9819	30.9821	30.9821	 4.68	 2.35	206.33	 1.71	 4.96	 1.00	10.82	 1.14	322.84	286.97	295.40	265.48	295.16	0	53.10
