2011	3	1	0.107	5903.0044	59.0044	0.0044	27.16	19890135403.15	209.38	 2.52	 8.71	 1.00	10.75	 1.20	321.76	286.22	294.29	265.03	293.89	0	53.01
2011	3	1	0.544	5903.0225	59.0227	0.0227	 2.96	 0.25	205.50	 1.06	 3.62	 0.99	10.78	 1.15	321.74	285.55	293.08	265.07	290.68	0	53.01
2011	3	1	1.009	5903.0420	59.0420	0.0420	 2.69	 0.24	209.96	 1.40	 7.80	 0.98	10.78	 1.18	321.60	284.60	294.73	264.77	 0.00	0	52.95
2011	3	1	1.446	5903.0601	59.0603	0.0603	 3.19	 0.52	207.24	 1.76	 8.20	 0.99	10.73	 1.19	321.63	283.96	293.93	263.76	289.05	0	52.75
2011	3	1	2.767	5903.1152	59.1153	0.1153	 1.73	 0.12	195.31	 2.08	39.88	 0.77	10.85	 1.19	320.84	282.44	289.33	 0.00	 0.00	0	54.00
2011	3	1	3.673	5903.1528	59.1530	0.1530	 1.94	 0.11	201.34	 1.43	21.01	 0.77	10.77	 1.17	320.00	281.44	287.88	263.21	287.58	0	52.64
2011	3	1	4.549	5903.1895	59.1896	0.1896	 1.98	 0.09	203.31	 1.23	22.56	 0.60	10.78	 1.26	320.49	280.77	287.96	263.07	 0.00	0	52.61
2011	3	1	5.451	5903.2271	59.2271	0.2271	 1.96	 0.13	204.59	 1.76	15.38	 0.94	10.77	 1.20	320.81	280.57	286.69	264.20	285.38	0	52.84
2011	3	1	6.330	5903.2637	59.2638	0.2638	 2.66	 0.27	206.00	 1.62	 5.66	 0.99	10.70	 1.26	320.93	280.93	286.43	264.76	 0.00	0	52.95
2011	3	1	6.769	5903.2822	59.2820	0.2820	 2.42	 0.14	205.23	 1.10	 1.96	 1.00	10.82	 1.23	320.93	281.16	287.05	264.79	 0.00	0	52.96
2011	3	1	8.109	5903.3379	59.3379	0.3379	 2.07	 0.16	198.10	 1.82	23.27	 0.89	10.73	 1.16	321.04	281.33	287.12	264.90	288.60	0	52.98
2011	3	1	8.547	5903.3560	59.3561	0.3561	 1.85	 0.11	202.68	 1.62	 8.52	 0.97	10.78	 1.24	321.17	281.15	286.44	264.58	288.31	0	52.92
2011	3	1	8.986	5903.3745	59.3744	0.3744	 1.76	 0.10	204.49	 1.79	 2.22	 1.00	10.72	 1.23	321.14	281.01	290.91	264.51	286.95	0	52.90
2011	3	1	9.425	5903.3926	59.3927	0.3927	 2.10	 0.16	206.39	 1.86	 5.60	 1.00	10.87	 1.28	321.11	281.00	288.21	264.69	286.86	0	52.94
2011	3	1	9.889	5903.4121	59.4120	0.4120	 1.80	 0.12	201.11	 1.88	 6.61	 0.99	10.77	 1.28	321.12	280.71	286.87	263.60	286.80	0	52.72
2011	3	1	10.326	5903.4302	59.4303	0.4303	 1.52	 0.08	197.99	 1.75	 3.57	 1.00	10.70	 1.26	321.02	280.61	286.34	 0.00	286.48	0	54.00
2011	3	1	11.641	5903.4849	59.4850	0.4850	 1.28	 0.07	198.13	 2.17	 2.81	 1.00	10.72	 1.12	321.20	281.43	286.87	 0.00	287.11	0	54.00
# Unit 3, Cerro Chajnantor CCAT, Filter  0,  Slot 1, 350 um (616) & yellow
#				days
#				since		day of	day of
# yr	mo	dy	 time	1/1/1995	year	month	Tau	unc	Tatm	unc	mse	fitgood	Etime	R	Thot	Twarm	Tchop	Tamb	<Tint>	Filter	Toff
# 1	2	3	4	5		6	7	8	9	10	11	12	13	14	15	16	17	18	19	20	21	22
2011	3	1	12.139	5903.5059	59.5058	0.5058	 1.79	 0.12	191.84	 1.90	 5.85	 0.99	10.77	 1.11	321.30	282.19	284.95	 0.00	286.32	0	54.00
2011	3	1	12.578	5903.5239	59.5241	0.5241	 1.18	 0.05	192.37	 1.89	 6.38	 0.98	10.72	 1.27	321.30	283.11	288.49	265.62	290.20	0	53.12
2011	3	1	14.800	5903.6167	59.6167	0.6167	 2.49	 0.20	207.24	 1.48	 1.35	 1.00	10.72	 1.23	321.23	289.03	295.32	274.80	296.29	0	54.96
2011	3	1	15.239	5903.6348	59.6350	0.6350	 2.18	 0.19	204.13	 1.94	 5.05	 1.00	10.82	 1.19	321.56	290.92	295.20	276.58	298.00	0	55.32
2011	3	1	16.118	5903.6714	59.6716	0.6716	 3.57	 0.61	206.23	 1.39	 2.29	 1.00	10.77	 1.10	321.22	292.83	300.50	277.41	300.98	0	55.48
2011	3	1	17.024	5903.7095	59.7093	0.7093	 3.77	 0.89	203.68	 1.62	 4.23	 1.00	10.75	 1.07	321.29	293.52	300.83	275.91	301.54	0	55.18
2011	3	1	17.463	5903.7275	59.7276	0.7276	 2.92	 0.36	202.73	 1.61	 5.95	 0.99	10.73	 1.03	321.04	294.41	301.56	275.42	 0.00	0	55.08
2011	3	1	17.903	5903.7461	59.7459	0.7459	 7.69	43.90	210.91	 1.60	 3.10	 1.00	10.73	 1.25	321.10	294.82	303.67	275.16	299.09	0	55.03
2011	3	1	19.693	5903.8203	59.8205	0.8205	 5.40	 4.13	202.57	 1.44	 4.96	 0.99	10.75	 1.16	321.52	292.13	298.60	 0.00	296.57	0	54.00
2011	3	1	22.349	5903.9312	59.9312	0.9312	 3.54	 0.57	207.08	 1.35	 3.77	 1.00	10.73	 1.13	321.93	286.61	294.50	265.17	293.83	0	53.03
2011	3	1	23.254	5903.9687	59.9689	0.9689	44.93	 1.00	208.73	 0.00	 5.13	 0.00	10.75	 1.17	318.98	285.35	293.91	264.98	291.14	0	53.00
2011	3	2	1.904	5904.0791	60.0793	1.0793	 1.83	 0.14	203.83	 2.15	 8.47	 0.99	10.73	 1.09	316.38	278.32	284.92	263.21	283.57	0	52.64
2011	3	2	2.341	5904.0977	60.0976	1.0976	 1.75	 0.11	207.80	 1.90	 8.51	 0.99	10.70	 1.16	321.94	278.43	284.55	263.05	283.97	0	52.61
2011	3	2	3.219	5904.1343	60.1341	1.1341	 1.95	 0.13	207.58	 1.81	 1.15	 1.00	10.73	 1.17	322.01	278.71	284.45	262.77	285.54	0	52.55
2011	3	2	3.682	5904.1533	60.1534	1.1534	 2.18	 0.14	206.81	 1.49	 3.23	 1.00	10.78	 1.17	322.03	278.77	283.61	262.65	284.46	0	52.53
2011	3	2	4.558	5904.1899	60.1899	1.1899	 2.23	 0.13	209.75	 1.27	 6.39	 0.97	10.77	 1.24	322.06	278.79	285.67	260.81	284.39	0	52.16
2011	3	2	5.896	5904.2456	60.2456	1.2456	 2.15	 0.18	207.16	 1.93	 3.15	 1.00	10.75	 1.18	322.16	278.85	284.00	260.80	 0.00	0	52.16
2011	3	2	6.334	5904.2642	60.2639	1.2639	 2.19	 0.12	206.96	 1.24	 4.53	 0.98	10.73	 1.23	322.02	278.74	284.80	260.56	284.29	0	52.11
2011	3	2	7.212	5904.3003	60.3005	1.3005	 1.91	 0.10	203.87	 1.39	 5.85	 0.98	10.72	 1.18	322.04	278.64	285.29	261.65	283.02	0	52.33
2011	3	2	7.649	5904.3188	60.3187	1.3187	 1.61	 0.10	204.14	 2.11	 3.01	 1.00	10.80	 1.19	322.10	278.60	285.05	261.89	284.16	0	52.38
2011	3	2	8.988	5904.3745	60.3745	1.3745	 1.54	 0.06	199.71	 1.37	11.49	 0.86	10.73	 1.13	322.05	278.63	283.97	262.52	284.23	0	52.50
2011	3	2	9.426	5904.3926	60.3928	1.3928	 1.61	 0.09	204.45	 1.78	 1.14	 1.00	10.72	 1.26	321.99	278.64	285.37	262.51	284.27	0	52.50
2011	3	2	10.328	5904.4302	60.4303	1.4303	 1.26	 0.05	201.26	 1.86	11.18	 0.93	10.77	 1.21	321.99	278.62	284.75	263.05	284.30	0	52.61
2011	3	2	10.766	5904.4487	60.4486	1.4486	 1.55	 0.08	204.24	 1.86	 6.13	 0.99	10.77	 1.25	322.00	278.99	287.10	264.44	 0.00	0	52.89
2011	3	2	11.204	5904.4668	60.4669	1.4669	 1.38	 0.08	198.12	 2.22	 2.79	 1.00	10.75	 1.08	321.97	279.82	283.90	264.86	286.70	0	52.97
2011	3	2	12.084	5904.5034	60.5035	1.5035	 1.30	 0.06	198.32	 1.91	12.57	 0.93	10.72	 1.21	322.03	281.29	287.68	265.32	286.72	0	53.06
2011	3	2	13.024	5904.5425	60.5427	1.5427	 1.48	 0.08	203.83	 1.89	 2.34	 1.00	10.77	 1.17	322.19	283.70	288.19	266.74	290.00	0	53.35
2011	3	2	13.462	5904.5610	60.5609	1.5609	 1.60	 0.07	204.35	 1.45	 2.70	 1.00	10.72	 1.19	322.14	285.10	288.87	268.38	291.32	0	53.68
2011	3	2	15.240	5904.6353	60.6350	1.6350	 2.52	 0.24	199.88	 1.65	 1.96	 1.00	10.72	 1.08	322.38	290.88	295.26	274.45	 0.00	0	54.89
2011	3	2	15.679	5904.6533	60.6533	1.6533	 3.09	 0.45	204.35	 1.68	 4.21	 1.00	10.80	 1.15	321.82	292.65	297.95	279.36	297.63	0	55.87
2011	3	2	16.561	5904.6899	60.6900	1.6900	 3.44	 0.46	202.34	 1.16	 4.63	 0.99	10.80	 1.05	323.93	295.29	302.85	281.35	300.62	0	56.27
2011	3	2	17.024	5904.7095	60.7093	1.7093	 4.51	 1.56	206.15	 1.35	 1.92	 1.00	10.77	 1.10	323.94	294.54	302.69	272.15	300.90	0	54.43
2011	3	2	18.780	5904.7827	60.7825	1.7825	 4.78	 2.38	201.91	 1.53	 8.11	 0.99	10.70	 1.05	324.20	292.43	300.55	267.76	298.29	0	53.55
2011	3	2	19.242	5904.8018	60.8018	1.8018	16.96	497681.47	208.41	 1.68	 4.46	 1.00	10.73	 1.24	321.55	291.46	300.26	266.33	295.91	0	53.27
2011	3	2	21.891	5904.9121	60.9121	1.9121	 3.47	 1.22	204.08	 3.07	 4.22	 1.00	10.75	 1.01	319.51	282.94	292.22	265.28	287.79	0	53.06
2011	3	2	22.328	5904.9302	60.9303	1.9303	 4.51	 1.83	204.68	 1.57	 5.25	 1.00	10.73	 1.21	323.16	282.93	289.51	265.21	287.95	0	53.04
2011	3	2	23.669	5904.9863	60.9862	1.9862	 4.84	 3.27	201.68	 1.98	 1.19	 1.00	10.90	 1.08	324.16	281.85	287.85	261.74	287.50	0	52.35
2011	3	3	0.108	5905.0044	61.0045	2.0045	 4.59	 2.17	203.06	 1.72	 1.71	 1.00	10.72	 1.13	324.45	281.31	285.57	261.74	286.84	0	52.35
2011	3	3	0.547	5905.0229	61.0228	2.0228	 4.87	 2.32	206.86	 1.41	 3.57	 1.00	10.77	 1.13	324.67	280.99	286.10	262.27	287.44	0	52.45
2011	3	3	0.986	5905.0410	61.0411	2.0411	 3.32	 0.57	208.19	 1.68	 1.60	 1.00	10.72	 1.20	324.74	280.89	286.03	263.26	286.26	0	52.65
2011	3	3	1.423	5905.0591	61.0593	2.0593	 3.22	 0.41	208.59	 1.35	 3.06	 1.00	10.80	 1.18	324.76	280.81	285.34	263.82	286.21	0	52.76
2011	3	3	1.887	5905.0786	61.0786	2.0786	 3.36	 0.48	212.39	 1.41	 1.12	 1.00	10.77	 1.21	324.81	280.83	287.15	264.46	 0.00	0	52.89
2011	3	3	2.766	5905.1152	61.1152	2.1152	 5.46	 4.41	208.82	 1.48	 1.68	 1.00	10.75	 1.19	324.66	280.87	287.41	263.75	286.32	0	52.75
2011	3	3	3.203	5905.1333	61.1334	2.1334	 3.71	 0.78	210.19	 1.57	 3.23	 1.00	10.77	 1.21	324.65	280.84	285.99	263.89	287.35	0	52.78
2011	3	3	4.103	5905.1709	61.1710	2.1710	 5.62	 5.86	206.91	 1.67	 6.49	 1.00	10.73	 1.17	324.78	280.87	286.82	264.69	286.33	0	52.94
2011	3	3	4.543	5905.1895	61.1893	2.1893	 3.92	 0.93	204.85	 1.46	 5.53	 0.99	10.78	 1.16	324.74	280.94	285.27	264.59	286.41	0	52.92
2011	3	3	4.981	5905.2075	61.2076	2.2076	 5.22	 3.05	206.86	 1.29	 2.35	 1.00	10.72	 1.21	324.76	280.97	286.63	 0.00	285.31	0	54.00
2011	3	3	5.420	5905.2261	61.2258	2.2258	 3.54	 0.60	206.17	 1.41	 3.65	 1.00	10.75	 1.17	324.76	280.98	285.44	264.34	287.49	0	52.87
2011	3	3	5.858	5905.2441	61.2441	2.2441	 4.40	 1.32	207.99	 1.29	 5.71	 0.99	10.75	 1.20	324.70	281.08	285.75	264.44	286.40	0	52.89
2011	3	3	6.322	5905.2632	61.2634	2.2634	 3.90	 0.81	202.13	 1.29	 0.98	 1.00	10.80	 1.10	324.72	281.40	283.66	264.74	286.72	0	52.95
2011	3	3	6.761	5905.2817	61.2817	2.2817	 3.50	 0.55	204.98	 1.35	 4.10	 0.99	10.75	 1.20	324.73	281.68	285.94	 0.00	285.63	0	54.00
2011	3	3	8.541	5905.3560	61.3559	2.3559	 3.81	 0.53	205.85	 0.94	 3.76	 0.98	10.75	 1.15	324.83	283.05	286.69	264.83	288.30	0	52.97
2011	3	3	9.416	5905.3921	61.3923	2.3923	 4.02	 1.01	206.41	 1.45	 2.48	 1.00	10.73	 1.23	324.76	283.28	287.37	264.84	289.71	0	52.97
2011	3	3	9.856	5905.4106	61.4106	2.4106	 3.61	 0.85	202.86	 1.83	 0.79	 1.00	10.72	 1.10	324.73	283.29	288.20	264.89	288.60	0	52.98
2011	3	3	12.511	5905.5215	61.5213	2.5213	 3.26	 0.52	205.28	 1.64	 4.55	 1.00	10.75	 1.18	324.85	285.31	290.94	268.17	291.77	0	53.63
2011	3	3	13.000	5905.5415	61.5417	2.5417	 2.86	 0.45	201.55	 2.11	 8.57	 1.00	10.77	 1.13	324.88	285.79	288.80	268.08	290.98	0	53.62
2011	3	3	13.439	5905.5601	61.5600	2.5600	 2.89	 0.26	203.72	 1.19	 2.00	 1.00	10.73	 1.20	324.87	286.55	290.72	 0.00	290.21	0	54.00
2011	3	3	14.314	5905.5962	61.5964	2.5964	 2.83	 0.40	203.98	 1.98	 2.20	 1.00	10.72	 1.13	324.56	288.90	293.88	272.74	294.84	0	54.55
2011	3	3	14.751	5905.6147	61.6146	2.6146	 3.10	 0.45	207.82	 1.70	 2.36	 1.00	10.73	 1.21	323.77	290.45	297.09	275.25	295.32	0	55.05
2011	3	3	15.215	5905.6338	61.6340	2.6340	 2.93	 0.34	205.84	 1.52	 8.25	 0.98	10.83	 1.11	323.37	291.94	296.89	 0.00	296.98	0	54.00
2011	3	3	16.099	5905.6709	61.6708	2.6708	 2.96	 0.28	203.86	 1.20	 3.94	 0.99	10.72	 1.09	324.35	294.52	299.72	283.43	299.71	0	56.69
2011	3	3	16.973	5905.7070	61.7072	2.7072	 3.26	 0.45	208.67	 1.45	 1.26	 1.00	10.70	 1.16	324.85	296.16	304.19	281.00	301.71	0	56.20
2011	3	3	17.439	5905.7266	61.7266	2.7266	 3.75	 0.83	208.03	 1.59	 1.44	 1.00	10.78	 1.10	324.87	295.91	303.97	281.29	301.94	0	56.26
2011	3	3	17.877	5905.7451	61.7449	2.7449	 4.54	 1.31	209.33	 1.12	 3.29	 0.99	10.75	 1.15	324.87	295.21	304.67	275.30	302.86	0	55.06
2011	3	3	18.314	5905.7632	61.7631	2.7631	 4.18	 1.03	204.66	 1.24	 2.46	 1.00	10.72	 1.07	324.92	294.69	303.31	 0.00	299.28	0	54.00
2011	3	3	19.190	5905.7998	61.7996	2.7996	 3.93	 0.73	206.19	 1.15	 2.55	 1.00	10.73	 1.07	324.85	294.09	302.67	270.60	300.30	0	54.12
2011	3	3	19.656	5905.8188	61.8190	2.8190	 4.30	 1.16	204.49	 1.24	 0.35	 1.00	10.80	 1.04	325.00	293.12	301.58	270.16	297.98	0	54.03
2011	3	3	20.534	5905.8555	61.8556	2.8556	25.47	2417681805.97	200.34	 1.59	 4.12	 1.00	10.80	 1.03	325.02	291.99	299.09	268.80	297.94	0	53.76
2011	3	3	20.972	5905.8740	61.8739	2.8739	 4.47	 1.20	201.67	 1.06	 1.99	 1.00	10.77	 1.02	325.02	291.34	297.96	268.81	297.51	0	53.76
2011	3	3	21.412	5905.8921	61.8922	2.8922	 3.67	 0.73	205.95	 1.49	 0.69	 1.00	10.73	 1.08	325.00	290.43	300.05	266.66	297.43	0	53.33
2011	3	3	22.752	5905.9482	61.9480	2.9480	16.74	338147.97	210.00	 1.44	 1.61	 1.00	10.72	 1.24	325.09	287.20	296.02	265.27	292.91	0	53.05
2011	3	4	0.093	5906.0039	62.0039	3.0039	 4.56	 2.50	204.77	 2.05	 0.53	 1.00	10.80	 1.05	324.93	284.94	289.64	263.13	290.45	0	52.63
2011	3	4	0.971	5906.0405	62.0405	3.0405	 3.58	 0.58	206.32	 1.31	 1.06	 1.00	10.73	 1.17	324.48	283.67	287.81	264.86	288.08	0	52.97
2011	3	4	2.309	5906.0962	62.0962	3.0962	 3.60	 0.59	211.33	 1.32	 1.62	 1.00	10.75	 1.25	324.47	282.81	289.40	264.86	289.43	0	52.97
2011	3	4	2.747	5906.1143	62.1145	3.1145	 4.07	 1.43	204.81	 1.93	 2.55	 1.00	10.73	 1.13	324.50	282.61	287.32	264.80	287.00	0	52.96
2011	3	4	3.184	5906.1328	62.1327	3.1327	 4.16	 1.10	210.21	 1.40	 1.68	 1.00	10.72	 1.26	324.43	282.64	287.31	264.77	289.16	0	52.95
2011	3	4	4.059	5906.1689	62.1691	3.1691	 4.33	 1.42	209.00	 1.50	 1.16	 1.00	10.77	 1.19	324.50	282.59	289.48	264.81	286.91	0	52.96
2011	3	4	4.523	5906.1885	62.1885	3.1885	 5.07	 2.86	209.79	 1.44	 4.02	 1.00	10.78	 1.18	324.63	282.48	287.96	264.79	287.92	0	52.96
2011	3	4	4.962	5906.2065	62.2068	3.2068	 4.24	 0.87	213.48	 1.03	 1.04	 1.00	10.73	 1.28	324.50	282.48	290.57	264.85	287.93	0	52.97
2011	3	4	5.839	5906.2432	62.2433	3.2433	 4.29	 1.58	207.91	 1.73	 2.91	 1.00	10.73	 1.19	324.52	282.70	289.22	265.07	288.04	0	53.01
2011	3	4	6.277	5906.2617	62.2615	3.2615	 4.45	 1.55	207.51	 1.44	 7.99	 0.98	10.72	 1.20	324.52	282.74	288.23	264.91	288.12	0	52.98
2011	3	4	7.180	5906.2993	62.2992	3.2992	 3.99	 1.16	207.95	 1.72	 2.45	 1.00	10.73	 1.19	324.42	282.30	288.51	264.86	287.76	0	52.97
2011	3	4	7.620	5906.3174	62.3175	3.3175	 4.23	 1.31	204.04	 1.50	 3.13	 1.00	10.77	 1.11	324.33	282.33	285.17	264.82	287.66	0	52.96
2011	3	4	8.494	5906.3540	62.3539	3.3539	 4.04	 1.25	208.71	 1.78	 4.21	 1.00	10.77	 1.20	324.47	282.80	288.16	264.91	286.93	0	52.98
2011	3	4	10.273	5906.4282	62.4280	3.4280	 4.15	 1.39	209.58	 1.76	 3.45	 1.00	10.72	 1.22	324.43	283.27	289.24	264.87	288.51	0	52.97
2011	3	4	10.717	5906.4463	62.4465	3.4465	 5.05	 2.99	208.81	 1.53	 3.50	 1.00	10.73	 1.21	324.33	283.36	289.72	264.94	288.59	0	52.99
2011	3	4	11.618	5906.4839	62.4841	3.4841	 6.10	 9.58	206.57	 1.68	 5.47	 1.00	10.73	 1.22	324.34	283.74	289.24	 0.00	288.95	0	54.00
2011	3	4	12.056	5906.5024	62.5023	3.5023	 5.83	 7.33	204.95	 1.67	 0.40	 1.00	10.80	 1.16	324.45	284.30	289.28	267.31	289.29	0	53.46
2011	3	4	12.495	5906.5205	62.5206	3.5206	 4.33	 1.70	205.38	 1.77	 3.71	 1.00	10.75	 1.20	324.45	285.02	288.87	267.90	291.25	0	53.58
2011	3	4	12.937	5906.5391	62.5390	3.5390	 4.51	 2.10	206.19	 1.82	 2.83	 1.00	10.75	 1.17	324.47	285.76	291.61	268.65	290.77	0	53.73
2011	3	4	13.877	5906.5781	62.5782	3.5782	 3.67	 1.03	202.26	 2.06	 1.50	 1.00	10.75	 1.12	324.50	286.82	291.50	270.52	291.88	0	54.10
2011	3	4	16.534	5906.6890	62.6889	3.6889	 5.13	 2.77	207.50	 1.29	 0.46	 1.00	10.72	 1.21	324.31	294.43	299.56	284.86	299.74	0	56.97
2011	3	4	16.973	5906.7070	62.7072	3.7072	73.33	 1.00	199.27	 0.00	10.59	 0.00	10.73	 1.06	324.51	295.13	295.01	286.99	 0.00	0	57.40
2011	3	4	17.875	5906.7446	62.7448	3.7448	 3.86	 0.89	199.98	 1.45	 2.56	 1.00	10.83	 0.94	325.65	298.14	304.77	297.95	303.15	0	59.59
2011	3	4	18.313	5906.7632	62.7631	3.7631	 3.77	 0.75	206.46	 1.39	 5.65	 0.99	10.73	 1.10	326.10	297.61	305.42	275.53	303.79	0	55.11
2011	3	4	18.750	5906.7812	62.7813	3.7813	 3.79	 0.81	203.88	 1.45	 8.57	 0.98	10.72	 1.01	326.12	296.07	306.84	269.05	302.51	0	53.81
2011	3	4	19.625	5906.8179	62.8177	3.8177	 3.90	 0.77	208.48	 1.26	 2.52	 1.00	10.72	 1.18	326.28	294.86	304.41	276.10	298.82	0	55.22
2011	3	4	20.087	5906.8369	62.8370	3.8370	 4.38	 1.05	205.75	 1.04	 4.29	 0.98	10.77	 1.13	326.22	294.53	302.31	271.12	300.13	0	54.22
2011	3	4	21.402	5906.8916	62.8918	3.8918	 2.60	 0.93	200.48	 5.82	 7.25	 1.00	10.73	 1.03	326.16	290.94	297.12	265.97	296.14	0	53.19
2011	3	4	21.839	5906.9102	62.9100	3.9100	17.65	1106672.10	203.68	 1.83	 8.58	 0.99	10.73	 1.07	326.00	289.94	296.52	265.77	294.93	0	53.15
2011	3	4	22.301	5906.9292	62.9292	3.9292	 3.91	 0.99	208.67	 1.60	 1.23	 1.00	10.77	 1.20	325.86	288.98	295.39	265.61	294.31	0	53.12
2011	3	5	0.518	5907.0215	63.0216	4.0216	 4.32	 1.49	211.66	 1.61	 1.90	 1.00	10.77	 1.17	325.65	286.11	293.44	265.13	291.29	0	53.03
2011	3	5	0.958	5907.0400	63.0399	4.0399	 5.88	 9.95	202.95	 2.13	 1.09	 1.00	10.72	 1.04	325.60	285.85	289.70	265.11	291.09	0	53.02
2011	3	5	3.612	5907.1504	63.1505	4.1505	35.72	 1.00	207.34	 0.00	 4.72	 0.00	10.78	 1.15	325.67	284.43	289.79	264.96	290.70	0	52.99
2011	3	5	4.954	5907.2065	63.2064	4.2064	44.30	 1.00	209.03	 0.00	 4.72	 0.00	10.85	 1.21	325.74	284.45	289.18	 0.00	289.55	0	54.00
2011	3	5	5.831	5907.2432	63.2430	4.2430	 4.94	 2.77	207.15	 1.57	 2.08	 1.00	10.73	 1.18	325.70	284.46	289.35	264.95	288.49	0	52.99
2011	3	5	6.711	5907.2798	63.2796	4.2796	 5.32	 2.55	206.70	 0.99	 1.06	 1.00	10.73	 1.17	325.43	283.86	287.69	265.00	289.01	0	53.00
2011	3	5	7.174	5907.2988	63.2989	4.2989	 3.60	 0.70	210.31	 1.59	 4.28	 1.00	10.77	 1.19	325.34	283.62	288.81	 0.00	288.91	0	54.00
2011	3	5	9.387	5907.3911	63.3911	4.3911	33.12	 1.00	204.50	 0.00	 0.72	 0.00	10.77	 1.12	325.68	283.03	285.15	265.00	289.14	0	53.00
2011	3	5	9.826	5907.4097	63.4094	4.4094	16.04	172519.73	210.01	 1.49	 5.02	 1.00	10.70	 1.28	325.71	282.98	287.97	264.90	 0.00	0	52.98
2011	3	5	10.703	5907.4458	63.4459	4.4459	18.22	1277624.25	207.87	 1.23	 4.65	 0.99	10.72	 1.23	325.84	283.28	287.08	265.00	287.23	0	53.00
2011	3	5	12.919	5907.5381	63.5383	4.5383	 5.35	 4.09	208.77	 1.54	 5.30	 1.00	10.75	 1.26	325.93	285.61	290.88	268.26	289.16	0	53.65
2011	3	5	13.853	5907.5771	63.5772	4.5772	42.33	 1.00	204.20	 0.00	 6.55	 0.00	10.77	 1.16	325.98	286.73	290.95	270.01	291.50	0	54.00
2011	3	5	14.289	5907.5952	63.5954	4.5954	 5.33	 5.26	204.16	 1.98	 2.33	 1.00	10.78	 1.17	325.91	287.38	292.79	271.04	292.16	0	54.21
2011	3	5	15.167	5907.6318	63.6319	4.6319	 5.00	 3.13	198.32	 1.60	 5.56	 1.00	10.72	 1.03	325.91	289.23	291.63	275.70	294.62	0	55.14
2011	3	5	16.066	5907.6694	63.6694	4.6694	 3.75	 1.02	205.30	 1.93	 6.28	 1.00	10.75	 1.15	325.89	291.79	295.55	282.45	296.15	0	56.49
2011	3	5	16.504	5907.6875	63.6876	4.6877	 6.29	16.51	203.83	 2.36	 2.59	 1.00	10.72	 1.13	325.52	293.61	296.97	285.23	298.37	0	57.05
2011	3	5	17.820	5907.7427	63.7425	4.7425	18.18	1674467.91	210.16	 1.70	 1.97	 1.00	10.73	 1.23	325.35	292.58	301.92	270.23	297.93	0	54.05
2011	3	5	18.284	5907.7617	63.7618	4.7618	 3.54	 0.56	210.64	 1.34	 2.71	 1.00	10.75	 1.15	325.48	292.37	302.12	274.81	298.75	0	54.96
2011	3	5	19.161	5907.7983	63.7984	4.7984	 3.95	 1.08	207.80	 1.68	 4.47	 1.00	10.70	 1.12	325.38	292.71	300.27	270.85	298.16	0	54.17
2011	3	5	20.500	5907.8540	63.8542	4.8542	 3.35	 0.75	208.83	 2.17	 4.02	 1.00	10.77	 1.11	325.36	290.58	298.34	268.30	295.78	0	53.66
2011	3	5	21.375	5907.8906	63.8906	4.8906	 4.00	 1.73	205.96	 2.53	13.11	 1.00	10.73	 1.14	325.38	289.00	296.95	265.63	294.17	0	53.13
2011	3	5	21.813	5907.9087	63.9089	4.9089	 2.61	 0.62	204.24	 3.91	14.33	 1.00	10.75	 1.04	325.39	288.12	294.41	265.52	293.08	0	53.10
2011	3	5	23.589	5907.9829	63.9829	4.9829	 4.32	 1.23	208.92	 1.32	 2.04	 1.00	10.72	 1.19	325.74	284.70	287.44	264.81	289.36	0	52.96
2011	3	6	0.028	5908.0010	64.0012	5.0012	 3.80	 0.85	207.84	 1.54	 8.10	 0.99	10.78	 1.13	325.79	284.71	289.01	264.98	288.44	0	53.00
2011	3	6	2.247	5908.0937	64.0936	5.0936	 3.99	 1.05	208.85	 1.56	 3.16	 1.00	10.72	 1.17	326.03	283.43	290.16	264.94	287.49	0	52.99
2011	3	7	19.694	5909.8208	65.8206	6.8206	 0.94	 0.09	198.76	 5.24	84.12	 0.82	10.72	 1.19	318.22	281.45	282.26	273.28	282.25	0	54.66
2011	3	7	20.571	5909.8569	65.8571	6.8571	 1.42	 0.12	194.20	 3.14	14.40	 0.99	10.73	 1.11	320.68	282.83	287.10	270.35	286.98	0	54.07
2011	3	7	21.472	5909.8945	65.8947	6.8947	 1.18	 0.07	200.49	 2.80	 6.09	 1.00	10.78	 1.09	320.93	282.98	286.18	268.60	 0.00	0	53.72
2011	3	7	22.788	5909.9497	65.9495	6.9495	 1.25	 0.11	192.25	 3.66	12.15	 1.00	10.80	 1.10	321.10	281.48	285.84	264.58	288.53	0	52.92
2011	3	7	23.690	5909.9873	65.9871	6.9871	 0.99	 0.05	179.14	 2.59	18.04	 0.89	10.78	 1.11	321.15	280.12	287.49	261.74	286.03	0	52.35
2011	3	8	0.128	5910.0054	66.0053	7.0053	 0.60	 0.07	182.17	 9.16	 6.76	 1.00	10.75	 1.18	321.18	279.50	286.72	261.11	286.89	0	52.22
2011	3	8	0.567	5910.0234	66.0236	7.0236	 0.46	 0.05	149.49	 8.72	 3.02	 1.00	10.73	 1.07	321.34	279.06	286.23	262.67	 0.00	0	52.53
2011	3	8	1.470	5910.0610	66.0612	7.0612	 0.33	 0.05	181.32	14.91	 6.45	 0.99	10.78	 1.16	321.31	278.37	284.62	264.16	285.57	0	52.83
2011	3	8	2.785	5910.1162	66.1160	7.1160	 0.49	 0.04	224.69	 8.29	19.89	 0.94	10.73	 1.12	321.34	278.40	282.06	264.67	284.63	0	52.93
2011	3	8	3.226	5910.1343	66.1344	7.1344	 0.92	 0.06	204.29	 3.92	13.68	 0.99	10.77	 1.22	321.40	278.58	285.90	264.69	286.03	0	52.94
2011	3	8	4.133	5910.1724	66.1722	7.1722	 1.84	 0.09	207.11	 1.41	 7.68	 0.96	10.83	 1.22	321.37	279.00	284.87	264.66	283.90	0	52.93
2011	3	8	4.574	5910.1904	66.1906	7.1906	 1.87	 0.07	205.17	 1.10	 4.94	 0.96	10.73	 1.18	321.37	279.14	285.24	 0.00	285.27	0	54.00
2011	3	8	5.452	5910.2271	66.2272	7.2272	 2.15	 0.16	206.11	 1.68	12.73	 0.96	10.75	 1.21	321.41	279.39	285.92	264.71	284.32	0	52.94
2011	3	8	5.916	5910.2466	66.2465	7.2465	 1.89	 0.13	205.11	 1.90	 5.36	 1.00	10.75	 1.16	321.47	279.38	284.62	264.46	285.51	0	52.89
2011	3	8	6.355	5910.2646	66.2648	7.2648	 1.80	 0.10	207.12	 1.63	 1.66	 1.00	10.75	 1.14	321.41	279.35	285.66	264.29	285.39	0	52.86
2011	3	8	7.233	5910.3013	66.3014	7.3014	 2.12	 0.13	207.93	 1.46	 4.28	 0.99	10.80	 1.22	321.41	279.26	287.11	264.13	285.10	0	52.83
2011	3	8	8.576	5910.3574	66.3574	7.3573	 1.83	 0.12	211.23	 2.01	 2.98	 1.00	10.72	 1.29	321.39	278.94	288.29	263.25	284.70	0	52.65
2011	3	8	9.017	5910.3755	66.3757	7.3757	 1.90	 0.11	205.06	 1.59	 2.11	 1.00	10.75	 1.15	321.37	278.85	285.27	263.58	284.61	0	52.72
2011	3	8	10.358	5910.4316	66.4316	7.4316	 1.79	 0.13	208.92	 2.22	11.26	 0.99	10.77	 1.12	321.39	278.63	286.14	262.70	284.38	0	52.54
2011	3	8	11.237	5910.4683	66.4682	7.4682	 1.78	 0.10	202.68	 1.63	 2.12	 1.00	10.78	 1.16	321.41	278.97	283.16	264.86	 0.00	0	52.97
2011	3	8	11.675	5910.4863	66.4865	7.4865	 2.09	 0.15	200.70	 1.63	 2.19	 1.00	10.73	 1.19	321.48	279.66	285.18	 0.00	285.21	0	54.00
2011	3	8	12.114	5910.5049	66.5048	7.5048	 1.84	 0.09	209.47	 1.37	 6.64	 0.97	10.75	 1.28	321.59	280.63	287.41	266.15	286.17	0	53.23
2011	3	8	12.579	5910.5239	66.5241	7.5241	 1.76	 0.11	198.59	 1.91	 8.01	 0.99	10.83	 1.08	321.51	281.87	283.47	 0.00	289.06	0	54.00
2011	3	8	14.340	5910.5977	66.5975	7.5975	 2.52	 0.15	205.47	 1.06	 6.06	 0.95	10.82	 1.22	317.51	287.44	292.35	271.57	291.82	0	54.31
2011	3	8	16.568	5910.6904	66.6903	7.6903	 2.88	 0.33	204.85	 1.55	 4.67	 1.00	10.73	 1.22	318.66	292.52	298.93	280.04	295.77	0	56.01
2011	3	8	17.033	5910.7095	66.7097	7.7097	 2.64	 0.25	203.63	 1.50	 0.61	 1.00	10.77	 1.13	319.48	293.25	300.08	278.88	296.97	0	55.78
2011	3	8	18.356	5910.7646	66.7648	7.7648	 3.28	 0.38	206.28	 1.19	 5.21	 0.98	10.80	 1.20	318.27	294.01	302.45	277.95	299.41	0	55.59
2011	3	8	18.795	5910.7832	66.7831	7.7831	 2.57	 0.30	210.32	 2.03	 4.02	 1.00	10.77	 1.24	317.63	293.84	303.47	 0.00	297.10	0	54.00
2011	3	8	19.738	5910.8223	66.8224	7.8224	 3.12	 0.57	204.91	 2.05	 3.55	 1.00	10.73	 1.16	318.38	292.65	301.86	272.62	296.56	0	54.52
2011	3	8	20.622	5910.8594	66.8592	7.8592	 1.61	 0.10	199.22	 1.95	 7.05	 0.99	10.80	 1.13	318.19	290.76	298.06	 0.00	296.72	0	54.00
2011	3	8	22.417	5910.9341	66.9340	7.9340	 0.77	 0.12	214.04	11.93	67.56	 0.99	10.75	 0.94	317.49	285.40	289.25	265.16	292.87	0	53.03
2011	3	8	22.858	5910.9526	66.9524	7.9524	 1.33	 0.10	207.54	 3.32	 5.73	 1.00	10.77	 1.19	317.64	284.07	294.80	264.61	289.14	0	52.92
2011	3	8	23.297	5910.9707	66.9707	7.9707	 1.34	 0.10	193.23	 2.97	31.53	 0.93	10.73	 1.00	317.79	282.93	289.31	263.79	289.14	0	52.76
2011	3	8	23.762	5910.9902	66.9901	7.9901	 0.90	 0.06	199.04	 4.27	 6.21	 1.00	10.77	 1.20	317.89	281.86	287.37	261.86	287.96	0	52.37
2011	3	9	0.203	5911.0083	67.0084	8.0084	 1.13	 0.05	183.81	 2.17	 6.57	 0.98	10.75	 1.17	317.55	280.82	287.99	261.56	 0.00	0	52.31
2011	3	9	0.644	5911.0269	67.0268	8.0268	 1.29	 0.08	198.56	 2.45	 7.68	 0.99	10.85	 1.24	318.03	280.03	288.67	261.03	287.00	0	52.21
2011	3	9	1.526	5911.0635	67.0636	8.0636	 1.24	 0.08	196.62	 2.67	12.33	 0.98	10.77	 1.14	318.86	279.37	286.65	 0.00	285.53	0	54.00
2011	3	9	2.432	5911.1016	67.1013	8.1013	 1.31	 0.07	194.99	 2.29	 4.09	 1.00	10.87	 1.18	318.63	279.02	287.20	263.49	 0.00	0	52.70
2011	3	9	2.873	5911.1196	67.1197	8.1197	 1.04	 0.07	181.05	 3.09	20.56	 0.94	10.70	 1.16	318.82	278.89	285.16	263.39	285.16	0	52.68
2011	3	9	3.757	5911.1567	67.1565	8.1565	 0.91	 0.05	185.60	 3.31	 6.37	 0.99	10.85	 1.24	318.72	278.58	286.47	263.36	 0.00	0	52.67
2011	3	9	4.222	5911.1758	67.1759	8.1759	 1.04	 0.06	185.99	 2.77	 8.88	 0.99	10.77	 1.14	318.95	278.44	285.40	263.29	283.57	0	52.66
2011	3	9	4.665	5911.1943	67.1944	8.1944	 1.19	 0.07	190.60	 2.64	16.02	 0.96	10.72	 1.23	319.08	278.36	285.56	263.17	285.78	0	52.63
2011	3	9	5.107	5911.2129	67.2128	8.2128	 1.17	 0.08	186.38	 3.09	17.15	 0.98	10.80	 1.12	318.92	278.28	283.49	263.13	284.57	0	52.63
2011	3	9	5.550	5911.2314	67.2313	8.2313	 1.02	 0.07	191.79	 3.65	22.63	 0.96	10.77	 1.16	318.91	278.23	284.17	263.34	283.32	0	52.67
2011	3	9	6.904	5911.2876	67.2877	8.2877	 1.14	 0.09	191.20	 3.47	 2.40	 1.00	10.72	 1.05	318.96	278.17	282.83	 0.00	285.60	0	54.00
2011	3	9	7.344	5911.3062	67.3060	8.3060	 2.07	 0.14	202.90	 1.61	19.10	 0.88	10.90	 1.20	318.94	278.19	285.48	263.00	285.60	0	52.60
2011	3	9	7.784	5911.3242	67.3243	8.3243	 1.92	 0.09	206.55	 1.30	 6.13	 0.97	10.75	 1.20	319.07	278.20	285.92	262.89	283.19	0	52.58
2011	3	9	8.224	5911.3428	67.3427	8.3427	 2.14	 0.15	204.83	 1.58	 1.68	 1.00	10.73	 1.24	319.25	278.20	284.88	262.72	285.51	0	52.54
2011	3	9	10.914	5911.4546	67.4547	8.4547	 1.73	 0.09	203.28	 1.62	 7.07	 0.98	10.82	 1.22	319.32	278.27	284.88	264.23	284.20	0	52.85
2011	3	9	11.352	5911.4731	67.4730	8.4730	 1.54	 0.08	201.66	 1.78	 6.07	 0.99	10.77	 1.26	319.34	278.71	285.05	264.92	285.91	0	52.98
2011	3	9	12.230	5911.5098	67.5096	8.5096	 1.37	 0.06	203.57	 1.82	 0.24	 1.00	10.83	 1.25	319.35	280.39	286.87	265.35	284.73	0	53.07
2011	3	9	12.671	5911.5278	67.5280	8.5280	 1.38	 0.06	206.51	 1.73	 3.99	 0.99	10.73	 1.25	319.36	281.71	287.52	266.84	287.64	0	53.37
2011	3	9	13.137	5911.5474	67.5474	8.5474	 1.63	 0.11	204.44	 2.21	 9.19	 0.99	10.85	 1.16	319.37	283.34	289.45	270.20	289.27	0	54.04
2011	3	9	13.579	5911.5659	67.5658	8.5658	 1.95	 0.08	207.15	 1.06	 4.51	 0.96	10.73	 1.30	319.27	284.91	292.92	269.27	292.90	0	53.85
2011	3	9	14.904	5911.6211	67.6210	8.6210	 1.32	 0.15	211.44	 5.04	100.81	 0.91	10.72	 1.13	319.16	289.39	296.79	 0.00	293.27	0	54.00
2011	3	9	15.370	5911.6406	67.6404	8.6404	 1.44	 0.07	199.31	 1.83	34.88	 0.62	10.78	 1.17	318.89	290.59	298.33	269.28	296.38	0	53.86
2011	3	9	15.811	5911.6587	67.6588	8.6588	 1.23	 0.11	181.82	 3.62	32.20	 0.96	10.77	 1.09	318.60	291.44	296.41	269.15	295.01	0	53.83
2011	3	9	17.135	5911.7139	67.7139	8.7139	 0.89	 0.06	194.02	 3.77	25.53	 0.92	10.75	 1.09	318.46	292.62	300.13	272.05	 0.00	0	54.41
2011	3	9	18.040	5911.7515	67.7517	8.7517	 1.59	 0.19	196.31	 3.91	35.89	 0.98	10.82	 1.21	318.18	293.04	301.07	273.15	300.26	0	54.63
2011	3	9	19.360	5911.8066	67.8067	8.8067	 1.47	 0.15	191.53	 3.66	20.66	 0.99	10.77	 1.02	317.82	292.10	300.72	272.29	299.45	0	54.46
2011	3	9	19.858	5911.8276	67.8274	8.8274	 1.49	 0.12	200.78	 2.98	10.23	 1.00	10.75	 1.28	315.23	291.27	298.01	272.36	296.58	0	54.47
2011	3	9	21.892	5911.9121	67.9122	8.9122	 1.00	 0.12	185.36	 6.26	14.21	 1.00	10.73	 0.95	319.43	284.38	289.75	269.34	289.01	0	53.87
2011	3	9	22.774	5911.9487	67.9489	8.9489	 1.35	 0.07	203.95	 2.29	 6.61	 0.99	10.87	 1.21	319.65	282.51	289.60	264.21	289.73	0	52.84
2011	3	9	23.216	5911.9673	67.9673	8.9673	 1.19	 0.09	203.67	 3.37	22.83	 0.97	10.75	 1.23	319.27	281.66	290.59	 0.00	287.76	0	54.00
2011	3	9	23.680	5911.9868	67.9867	8.9867	 0.97	 0.11	193.49	 6.45	66.16	 0.96	10.82	 1.25	318.82	280.68	287.47	261.66	285.67	0	52.33
2011	3	10	0.119	5912.0049	68.0050	9.0050	 0.61	 0.05	181.26	 6.12	 5.62	 1.00	10.73	 1.07	318.23	279.88	285.38	 0.00	286.13	0	54.00
2011	3	10	0.558	5912.0234	68.0232	9.0232	 0.66	 0.03	197.36	 3.79	10.75	 0.94	10.73	 1.22	317.98	279.14	286.05	260.59	285.33	0	52.12
2011	3	10	1.448	5912.0605	68.0603	9.0603	 1.03	 0.05	205.43	 2.45	 2.24	 1.00	10.80	 1.24	317.70	278.48	286.21	264.82	286.09	0	52.96
2011	3	10	1.916	5912.0796	68.0798	9.0798	 0.99	 0.04	203.07	 2.19	 3.30	 0.99	10.78	 1.17	317.81	278.36	284.56	264.03	284.77	0	52.81
2011	3	10	2.359	5912.0981	68.0983	9.0983	 1.06	 0.06	201.56	 2.83	 2.87	 1.00	10.83	 1.17	317.74	278.33	285.93	265.08	 0.00	0	53.02
2011	3	10	3.240	5912.1348	68.1350	9.1350	 1.01	 0.05	202.35	 2.43	 2.62	 1.00	10.77	 1.21	317.80	278.34	285.46	264.99	284.97	0	53.00
2011	3	10	4.144	5912.1729	68.1727	9.1727	 1.21	 0.07	204.55	 2.62	 1.14	 1.00	10.75	 1.18	317.78	278.42	285.48	 0.00	286.39	0	54.00
2011	3	10	4.584	5912.1909	68.1910	9.1910	 1.29	 0.06	202.53	 2.01	14.54	 0.92	10.78	 1.17	317.72	278.39	285.01	263.35	285.07	0	52.67
2011	3	10	5.466	5912.2275	68.2277	9.2277	 1.26	 0.05	206.47	 1.84	 1.15	 1.00	10.75	 1.18	317.73	278.26	284.84	261.37	283.44	0	52.27
2011	3	10	5.906	5912.2461	68.2461	9.2461	 1.32	 0.08	203.45	 2.44	 2.48	 1.00	10.73	 1.19	317.47	278.20	285.90	 0.00	285.78	0	54.00
2011	3	10	6.810	5912.2837	68.2837	9.2837	 1.25	 0.07	203.51	 2.34	 2.88	 1.00	10.77	 1.19	317.54	278.17	284.20	262.05	285.84	0	52.41
2011	3	10	7.692	5912.3203	68.3205	9.3205	 1.42	 0.06	204.78	 1.76	 2.88	 1.00	10.78	 1.24	317.37	277.86	286.02	260.64	 0.00	0	52.13
2011	3	10	8.131	5912.3389	68.3388	9.3388	 1.34	 0.05	205.22	 1.60	 1.50	 1.00	10.77	 1.26	317.29	277.85	285.41	262.34	 0.00	0	52.47
2011	3	10	8.595	5912.3579	68.3581	9.3581	 1.25	 0.06	200.66	 2.12	 6.99	 0.99	10.73	 1.08	317.37	277.83	284.25	 0.00	284.13	0	54.00
2011	3	10	10.357	5912.4316	68.4315	9.4315	 1.23	 0.06	200.42	 2.34	 8.11	 0.99	10.78	 1.25	317.31	277.81	284.09	262.22	 0.00	0	52.44
2011	3	10	11.269	5912.4697	68.4695	9.4695	 1.12	 0.07	198.25	 2.87	 1.53	 1.00	10.83	 1.21	317.28	278.37	283.90	265.19	 0.00	0	53.04
2011	3	10	12.149	5912.5063	68.5062	9.5062	 1.07	 0.05	197.89	 2.41	10.21	 0.97	10.75	 1.21	317.41	280.29	286.33	269.00	288.30	0	53.80
2011	3	10	12.589	5912.5244	68.5246	9.5246	 0.98	 0.06	199.62	 3.20	 2.93	 1.00	10.75	 1.21	317.51	281.59	289.70	269.83	 0.00	0	53.97
2011	3	10	13.494	5912.5625	68.5623	9.5623	 0.99	 0.05	198.64	 2.77	 8.20	 0.98	10.72	 1.18	318.56	284.93	292.20	272.13	 0.00	0	54.43
2011	3	10	15.278	5912.6367	68.6366	9.6366	 1.39	 0.07	206.80	 1.93	 2.43	 1.00	10.77	 1.10	316.53	291.64	300.52	277.10	299.45	0	55.42
2011	3	10	15.718	5912.6548	68.6549	9.6549	 1.58	 0.08	206.85	 1.76	 1.70	 1.00	10.72	 1.14	319.46	293.15	302.53	280.41	 0.00	0	56.08
2011	3	10	16.599	5912.6914	68.6916	9.6916	 1.79	 0.13	204.99	 2.12	 1.11	 1.00	10.85	 1.09	317.83	294.81	304.96	280.80	301.12	0	56.16
2011	3	10	17.040	5912.7100	68.7100	9.7100	 1.77	 0.13	197.94	 2.16	 6.15	 1.00	10.78	 0.94	323.67	295.55	305.34	280.16	300.80	0	56.03
2011	3	10	17.505	5912.7295	68.7294	9.7294	 1.81	 0.09	202.78	 1.42	 1.97	 1.00	10.75	 1.07	322.99	296.08	304.39	277.89	299.54	0	55.58
2011	3	10	20.613	5912.8589	68.8589	9.8589	 2.09	 0.18	204.35	 2.08	 2.23	 1.00	10.78	 1.29	325.82	289.99	296.20	271.16	296.79	0	54.23
2011	3	10	21.997	5912.9165	68.9165	9.9165	 1.92	 0.14	202.49	 1.91	 2.22	 1.00	10.80	 1.12	325.86	287.04	293.87	265.98	 0.00	0	53.20
2011	3	10	22.443	5912.9351	68.9351	9.9351	 1.93	 0.13	205.01	 1.80	 2.29	 1.00	10.80	 1.27	325.82	285.77	292.13	 0.00	 0.00	0	54.00
2011	3	10	22.881	5912.9531	68.9534	9.9534	 2.04	 0.24	199.88	 2.86	 3.31	 1.00	10.72	 1.12	325.90	284.73	290.67	 0.00	291.77	0	54.00
2011	3	10	23.768	5912.9902	68.9903	9.9903	 1.86	 0.11	204.10	 1.73	11.78	 0.96	10.80	 1.25	325.76	282.76	289.54	 0.00	289.86	0	54.00
2011	3	11	0.679	5913.0283	69.0283	10.0283	 1.34	 0.09	208.00	 2.71	 6.46	 1.00	10.72	 1.23	325.73	281.71	286.56	262.84	288.74	0	52.57
2011	3	11	1.125	5913.0469	69.0469	10.0469	 1.43	 0.06	209.18	 1.78	 3.86	 0.99	10.80	 1.25	325.71	281.49	287.77	264.03	285.91	0	52.81
2011	3	11	1.569	5913.0654	69.0654	10.0654	 1.86	 0.11	210.06	 1.64	 4.64	 0.99	10.75	 1.29	325.74	281.43	286.93	264.98	287.13	0	53.00
2011	3	11	2.479	5913.1035	69.1033	10.1033	 1.63	 0.08	206.56	 1.67	 0.56	 1.00	10.97	 1.23	325.75	281.45	286.97	265.08	 0.00	0	53.02
2011	3	11	4.259	5913.1772	69.1775	10.1775	 1.35	 0.07	201.44	 2.08	 1.39	 1.00	10.78	 1.15	325.68	281.17	284.96	 0.00	285.80	0	54.00
2011	3	11	5.617	5913.2339	69.2340	10.2340	 1.33	 0.07	204.05	 2.25	 2.99	 1.00	10.80	 1.21	325.68	280.75	285.59	264.00	 0.00	0	52.80
2011	3	11	8.293	5913.3457	69.3456	10.3456	 0.77	 0.03	193.00	 2.68	 4.80	 0.98	10.80	 1.19	325.70	280.28	285.14	264.25	285.99	0	52.85
2011	3	11	9.205	5913.3838	69.3836	10.3836	 0.68	 0.03	184.08	 3.36	 1.35	 1.00	10.77	 1.14	325.76	280.03	283.62	264.97	284.65	0	52.99
2011	3	11	9.643	5913.4019	69.4018	10.4018	 0.60	 0.05	187.24	 5.99	13.61	 0.97	10.73	 1.24	325.65	279.88	286.29	263.35	284.47	0	52.67
2011	3	11	10.528	5913.4385	69.4387	10.4387	 0.53	 0.05	177.63	 7.40	13.69	 0.98	10.85	 1.19	325.78	279.53	283.61	264.76	 0.00	0	52.95
2011	3	11	10.970	5913.4570	69.4571	10.4571	 0.59	 0.06	172.22	 6.81	 4.84	 1.00	10.72	 1.25	325.67	279.64	286.19	 0.00	286.71	0	54.00
2011	3	11	11.434	5913.4766	69.4764	10.4764	 0.58	 0.03	176.75	 3.35	 5.28	 0.95	10.73	 1.23	325.76	280.19	287.59	265.27	284.65	0	53.05
2011	3	11	12.316	5913.5132	69.5132	10.5132	 0.50	 0.04	171.80	 6.88	16.91	 0.92	10.77	 1.14	325.88	282.23	286.93	266.07	 0.00	0	53.21
2011	3	11	13.203	5913.5503	69.5501	10.5501	 0.51	 0.04	195.07	 7.98	21.21	 0.94	10.78	 1.23	325.79	285.11	292.86	269.32	 0.00	0	53.86
2011	3	11	14.112	5913.5879	69.5880	10.5880	 1.05	 0.06	193.81	 3.12	20.33	 0.95	10.78	 1.25	325.27	289.01	294.98	 0.00	296.21	0	54.00
2011	3	11	14.553	5913.6064	69.6064	10.6064	 1.13	 0.06	193.71	 2.47	14.77	 0.95	10.75	 1.13	325.28	290.87	296.14	276.22	299.26	0	55.24
2011	3	11	14.994	5913.6245	69.6247	10.6247	 1.60	 0.08	197.80	 1.76	17.52	 0.89	10.82	 1.22	323.69	292.75	300.57	277.88	301.17	0	55.58
2011	3	11	15.894	5913.6621	69.6622	10.6622	 1.17	 0.07	195.99	 2.61	11.18	 0.98	10.78	 1.06	318.68	294.94	305.63	275.40	299.03	0	55.08
2011	3	11	16.332	5913.6807	69.6805	10.6805	 1.13	 0.04	201.43	 1.62	 1.08	 1.00	10.75	 1.16	320.28	295.26	305.29	276.64	302.76	0	55.33
2011	3	11	16.772	5913.6987	69.6988	10.6988	 0.85	 0.05	189.44	 3.81	16.46	 0.96	10.87	 0.89	322.31	295.54	304.61	276.98	301.49	0	55.40
2011	3	11	17.653	5913.7354	69.7355	10.7355	 1.35	 0.06	206.99	 1.83	 0.39	 1.00	10.75	 1.15	322.59	296.51	305.97	277.74	303.71	0	55.55
2011	3	11	18.121	5913.7549	69.7551	10.7551	 1.38	 0.07	204.81	 1.95	 1.39	 1.00	10.78	 1.18	324.18	296.65	305.79	276.93	 0.00	0	55.39
2011	3	11	19.005	5913.7920	69.7919	10.7919	 0.88	 0.05	196.11	 3.55	 4.94	 1.00	10.73	 1.05	325.96	296.31	307.42	275.55	 0.00	0	55.11
2011	3	11	19.448	5913.8105	69.8103	10.8103	 0.94	 0.06	204.58	 3.55	 2.55	 1.00	10.93	 1.16	325.94	295.82	305.79	 0.00	301.84	0	54.00
2011	3	11	19.892	5913.8286	69.8288	10.8288	 0.91	 0.05	195.29	 3.47	17.69	 0.95	10.73	 0.95	325.89	295.01	305.12	 0.00	302.99	0	54.00
2011	3	11	20.804	5913.8667	69.8668	10.8668	 1.48	 0.10	201.60	 2.56	 3.53	 1.00	10.83	 1.25	325.73	292.89	303.67	271.24	297.45	0	54.25
2011	3	11	21.693	5913.9038	69.9039	10.9039	 1.48	 0.24	197.61	 5.89	25.92	 1.00	10.75	 1.19	325.55	290.27	298.83	269.45	296.71	0	53.89
2011	3	11	22.635	5913.9429	69.9431	10.9431	 1.41	 0.05	201.81	 1.48	 7.69	 0.94	10.90	 1.15	325.59	287.21	294.79	264.77	294.90	0	52.95
2011	3	11	23.081	5913.9619	69.9617	10.9617	 1.71	 0.09	201.44	 1.61	 5.30	 0.99	10.77	 1.20	325.26	285.97	293.83	263.49	 0.00	0	52.70
2011	3	11	23.524	5913.9800	69.9801	10.9802	 1.53	 0.08	205.88	 1.98	 3.53	 1.00	10.77	 1.28	324.96	284.87	291.84	263.66	289.71	0	52.73
2011	3	12	0.412	5914.0171	70.0172	11.0172	 1.50	 0.07	209.35	 1.63	 1.88	 1.00	10.82	 1.26	324.01	283.54	288.86	265.33	288.31	0	53.07
2011	3	12	0.879	5914.0366	70.0366	11.0366	 1.73	 0.08	212.40	 1.52	 3.61	 0.99	10.88	 1.24	323.97	283.31	289.87	266.79	 0.00	0	53.36
2011	3	12	1.318	5914.0547	70.0549	11.0549	 1.94	 0.14	207.61	 1.99	 2.03	 1.00	10.73	 1.21	323.84	283.30	288.75	266.97	288.22	0	53.39
2011	3	12	2.206	5914.0918	70.0919	11.0919	 1.91	 0.13	206.93	 1.91	 4.33	 1.00	10.88	 1.19	323.88	283.02	289.09	265.27	 0.00	0	53.05
2011	3	12	2.649	5914.1104	70.1104	11.1104	 1.90	 0.12	207.65	 1.75	 0.69	 1.00	10.82	 1.20	324.37	282.83	287.75	265.32	290.67	0	53.06
2011	3	12	3.559	5914.1484	70.1483	11.1483	 2.10	 0.17	207.57	 1.95	 4.96	 1.00	10.80	 1.20	324.98	282.41	288.70	 0.00	288.68	0	54.00
2011	3	12	4.005	5914.1670	70.1669	11.1669	 2.06	 0.13	209.09	 1.63	 3.72	 1.00	10.82	 1.19	325.21	282.30	287.82	265.30	287.13	0	53.06
2011	3	12	4.451	5914.1855	70.1855	11.1855	 1.92	 0.11	208.81	 1.64	 2.57	 1.00	10.88	 1.25	325.30	282.16	287.39	265.30	286.94	0	53.06
2011	3	12	4.894	5914.2041	70.2039	11.2039	 1.73	 0.09	210.19	 1.67	 4.93	 0.99	10.97	 1.26	325.33	282.09	289.24	265.21	286.85	0	53.04
2011	3	12	5.806	5914.2417	70.2419	11.2419	 1.28	 0.05	210.57	 1.63	 0.38	 1.00	10.80	 1.23	325.56	281.91	289.97	265.15	289.44	0	53.03
2011	3	12	7.132	5914.2974	70.2972	11.2972	 1.21	 0.07	202.36	 2.60	 5.70	 1.00	10.78	 1.16	325.68	281.56	285.73	263.97	 0.00	0	52.79
2011	3	12	7.603	5914.3169	70.3168	11.3168	 1.18	 0.05	201.38	 1.94	 8.58	 0.96	10.80	 1.21	325.73	281.40	287.22	263.58	286.11	0	52.72
2011	3	12	8.048	5914.3354	70.3354	11.3353	 1.01	 0.05	200.31	 2.85	 5.75	 0.99	10.75	 1.25	325.62	281.20	286.39	263.24	 0.00	0	52.65
2011	3	12	8.490	5914.3535	70.3538	11.3538	 0.87	 0.04	197.63	 2.99	 0.83	 1.00	10.92	 1.21	325.82	281.07	285.55	263.75	 0.00	0	52.75
2011	3	12	10.286	5914.4287	70.4286	11.4286	 0.57	 0.04	182.50	 5.27	 6.72	 0.99	10.82	 1.18	325.82	280.59	283.45	265.16	287.84	0	53.03
2011	3	12	14.742	5914.6143	70.6142	11.6142	 0.99	 0.05	195.46	 2.75	 9.44	 0.98	10.72	 1.04	322.52	289.05	296.44	277.81	294.92	0	55.56
2011	3	12	15.179	5914.6323	70.6325	11.6325	 1.28	 0.08	197.22	 2.66	13.49	 0.98	10.75	 1.21	322.73	291.37	297.61	278.37	300.67	0	55.67
2011	3	12	19.622	5914.8174	70.8176	11.8176	 0.70	 0.06	176.95	 5.65	14.24	 0.99	10.72	 1.15	324.26	296.24	306.53	276.13	 0.00	0	55.23
2011	3	12	20.065	5914.8359	70.8361	11.8361	 0.86	 0.05	177.04	 3.44	11.46	 0.97	10.72	 1.21	324.26	295.46	307.26	 0.00	300.37	0	54.00
2011	3	12	20.509	5914.8545	70.8545	11.8545	 0.82	 0.07	165.37	 4.66	17.75	 0.98	10.88	 1.14	324.17	294.49	307.04	274.74	299.64	0	54.95
2011	3	12	20.981	5914.8740	70.8742	11.8742	 0.64	 0.03	168.52	 3.56	17.22	 0.76	10.80	 1.18	323.98	293.20	303.44	273.83	 0.00	0	54.77
2011	3	12	23.245	5914.9687	70.9685	11.9685	 0.59	 0.06	157.62	 6.39	 6.25	 1.00	10.80	 1.19	321.37	286.18	295.22	265.59	 0.00	0	53.12
2011	3	13	2.353	5915.0981	71.0981	12.0981	 0.70	 0.04	198.68	 4.55	 7.70	 0.99	10.73	 1.23	326.26	279.58	286.99	 0.00	286.93	0	54.00
2011	3	13	3.711	5915.1548	71.1546	12.1546	 0.72	 0.03	191.69	 2.77	 2.39	 0.99	10.75	 1.19	326.26	280.10	283.83	 0.00	 0.00	0	54.00
2011	3	13	4.156	5915.1733	71.1732	12.1732	 0.76	 0.04	196.53	 3.25	 6.27	 0.98	10.83	 1.24	326.20	280.22	286.45	264.70	287.83	0	52.94
2011	3	13	5.495	5915.2290	71.2290	12.2289	 0.80	 0.03	187.60	 2.65	 5.93	 0.97	10.82	 1.20	326.24	280.74	285.54	 0.00	286.99	0	54.00
2011	3	13	6.853	5915.2856	71.2855	12.2855	 1.00	 0.03	190.91	 1.66	26.95	 0.30	10.83	 1.30	326.19	281.17	288.07	265.07	288.83	0	53.01
2011	3	13	7.298	5915.3042	71.3041	12.3041	 1.07	 0.07	191.76	 3.02	 6.11	 1.00	10.88	 1.15	326.28	281.23	285.86	 0.00	287.47	0	54.00
2011	3	13	8.220	5915.3423	71.3425	12.3425	 1.16	 0.05	184.27	 1.95	 9.10	 0.95	10.85	 1.17	326.29	281.31	286.18	265.18	289.06	0	53.04
2011	3	13	9.109	5915.3794	71.3795	12.3795	 1.28	 0.06	195.23	 2.10	 1.82	 1.00	10.78	 1.23	326.39	281.29	286.59	 0.00	287.50	0	54.00
2011	3	13	9.554	5915.3979	71.3981	12.3981	 1.18	 0.05	199.83	 1.92	 8.70	 0.96	10.90	 1.22	326.38	281.31	286.28	265.12	288.96	0	53.02
2011	3	13	10.916	5915.4551	71.4548	12.4548	 0.99	 0.05	190.81	 2.62	10.34	 0.97	10.82	 1.21	326.37	281.51	286.82	265.17	289.06	0	53.03
2011	3	13	11.360	5915.4731	71.4733	12.4733	 1.18	 0.07	196.23	 2.52	 7.68	 0.99	10.83	 1.17	326.42	281.97	287.12	265.44	288.16	0	53.09
2011	3	13	12.712	5915.5298	71.5297	12.5297	 1.29	 0.07	198.41	 2.28	 3.61	 1.00	10.75	 1.20	326.42	285.55	290.60	271.56	293.91	0	54.31
2011	3	13	13.154	5915.5479	71.5481	12.5481	 1.16	 0.05	202.03	 2.23	 8.93	 0.97	11.02	 1.19	326.18	287.29	293.18	272.13	293.67	0	54.43
2011	3	13	14.035	5915.5850	71.5848	12.5848	 1.19	 0.06	207.07	 2.30	 2.36	 1.00	10.73	 1.22	323.08	290.74	296.90	 0.00	300.63	0	54.00
2011	3	13	14.937	5915.6226	71.6224	12.6224	 1.38	 0.09	200.31	 2.57	13.43	 0.98	10.73	 1.22	321.78	293.73	302.38	273.33	301.17	0	54.67
2011	3	13	18.034	5915.7515	71.7514	12.7514	 0.90	 0.07	185.89	 4.54	34.75	 0.94	10.73	 0.89	320.29	297.41	306.98	276.18	301.81	0	55.24
2011	3	13	18.909	5915.7881	71.7879	12.7879	 1.31	 0.08	189.24	 2.40	 5.35	 1.00	10.73	 1.04	321.00	296.81	309.05	274.91	303.49	0	54.98
2011	3	13	20.248	5915.8437	71.8437	12.8437	 0.96	 0.08	196.96	 4.59	11.79	 1.00	10.85	 1.10	321.08	294.41	303.25	273.37	299.30	0	54.67
2011	3	13	20.690	5915.8623	71.8621	12.8621	 0.84	 0.06	184.50	 4.02	12.48	 0.98	10.82	 0.91	321.34	293.25	300.30	272.66	301.99	0	54.53
2011	3	13	21.131	5915.8804	71.8805	12.8805	 0.92	 0.06	202.16	 3.78	 8.25	 0.99	10.77	 1.19	321.39	292.00	301.18	 0.00	300.75	0	54.00
2011	3	13	22.040	5915.9185	71.9183	12.9183	 0.92	 0.17	196.20	10.78	89.42	 0.99	10.82	 1.10	324.73	289.15	299.72	266.67	 0.00	0	53.33
2011	3	13	22.482	5915.9365	71.9367	12.9367	 0.90	 0.06	193.68	 3.58	 1.60	 1.00	10.73	 1.23	325.17	287.78	296.74	266.21	294.67	0	53.24
2011	3	13	23.369	5915.9736	71.9737	12.9737	 0.72	 0.05	186.38	 4.78	 7.11	 1.00	10.78	 1.21	325.64	285.21	291.31	 0.00	290.14	0	54.00
2011	3	14	0.743	5916.0308	72.0310	13.0310	 0.74	 0.05	176.84	 4.25	 4.33	 1.00	10.77	 1.20	325.80	283.28	288.41	265.32	291.25	0	53.06
2011	3	14	1.185	5916.0493	72.0494	13.0494	 0.72	 0.04	180.16	 3.42	10.78	 0.94	10.78	 1.19	325.83	282.89	292.14	265.33	289.38	0	53.07
2011	3	14	1.628	5916.0679	72.0678	13.0678	 0.68	 0.07	175.91	 6.74	12.81	 0.99	10.75	 1.06	325.78	282.56	288.24	 0.00	290.51	0	54.00
2011	3	14	2.096	5916.0874	72.0873	13.0873	 0.84	 0.04	185.66	 3.02	 7.26	 0.98	10.85	 1.24	325.78	282.26	288.52	 0.00	 0.00	0	54.00
2011	3	14	2.986	5916.1245	72.1244	13.1244	 0.75	 0.05	180.71	 4.07	 1.85	 1.00	10.85	 1.14	325.67	281.66	285.15	265.34	 0.00	0	53.07
2011	3	14	4.789	5916.1997	72.1995	13.1995	 0.82	 0.04	186.34	 3.11	11.23	 0.95	10.92	 1.23	326.01	281.00	287.06	 0.00	 0.00	0	54.00
2011	3	14	5.673	5916.2363	72.2364	13.2364	 0.83	 0.05	196.90	 3.94	 3.77	 1.00	10.73	 1.23	326.05	280.69	288.07	264.45	287.02	0	52.89
2011	3	14	6.589	5916.2744	72.2746	13.2746	 1.19	 0.06	192.64	 2.31	 6.57	 0.99	10.75	 1.29	326.14	280.46	287.14	263.79	 0.00	0	52.76
2011	3	14	7.472	5916.3115	72.3113	13.3113	 1.12	 0.06	198.53	 2.43	 0.59	 1.00	10.87	 1.26	326.14	280.34	285.89	263.94	286.58	0	52.79
2011	3	14	7.912	5916.3296	72.3297	13.3297	 1.12	 0.06	197.41	 2.68	 8.23	 0.99	10.72	 1.12	326.22	280.33	283.48	 0.00	287.91	0	54.00
2011	3	14	8.359	5916.3481	72.3483	13.3483	 1.14	 0.08	200.48	 3.26	 0.75	 1.00	10.93	 1.10	326.37	280.31	284.62	 0.00	285.02	0	54.00
2011	3	14	9.272	5916.3862	72.3863	13.3863	 1.27	 0.06	201.42	 2.02	 6.46	 0.99	10.78	 1.16	326.34	280.32	283.81	265.21	286.43	0	53.04
2011	3	14	9.710	5916.4048	72.4046	13.4046	 1.43	 0.08	202.57	 2.19	 6.33	 0.99	10.75	 1.23	326.36	280.36	285.22	264.42	287.93	0	52.88
2011	3	14	10.592	5916.4414	72.4413	13.4413	 1.56	 0.08	206.01	 1.78	 2.38	 1.00	10.87	 1.28	326.35	280.35	287.81	263.66	286.40	0	52.73
2011	3	14	11.062	5916.4609	72.4609	13.4609	 1.54	 0.08	202.42	 1.75	 2.88	 1.00	10.88	 1.19	322.61	280.50	284.56	265.40	287.32	0	53.08
2011	3	14	14.175	5916.5908	72.5906	13.5906	 1.39	 0.07	206.29	 1.93	 6.32	 0.99	10.77	 1.12	326.65	285.49	289.64	268.57	291.66	0	53.71
2011	3	14	14.615	5916.6089	72.6089	13.6089	 1.58	 0.07	204.05	 1.52	 6.81	 0.97	10.77	 1.19	326.26	287.86	293.88	270.46	297.05	0	54.09
2011	3	14	18.209	5916.7588	72.7587	13.7587	 1.93	 0.13	207.17	 1.81	 6.02	 0.99	10.73	 1.18	321.43	295.60	305.22	274.75	302.00	0	54.95
2011	3	14	19.988	5916.8330	72.8328	13.8328	 2.25	 0.30	201.71	 2.82	10.87	 1.00	10.80	 1.08	321.49	293.84	301.40	272.74	302.32	0	54.55
2011	3	14	20.871	5916.8696	72.8696	13.8696	 2.10	 0.14	205.78	 1.61	 6.13	 0.99	10.83	 1.12	321.98	291.80	301.73	269.74	296.58	0	53.95
2011	3	14	23.112	5916.9629	72.9630	13.9630	 2.33	 0.33	209.38	 2.92	10.47	 1.00	10.85	 1.27	325.81	285.36	293.40	263.75	292.01	0	52.75
2011	3	15	1.376	5917.0571	73.0574	14.0573	 3.57	 0.71	204.84	 1.61	 1.80	 1.00	10.77	 1.19	326.31	283.13	285.67	 0.00	 0.00	0	54.00
2011	3	15	2.263	5917.0942	73.0943	14.0943	 4.24	 1.23	208.07	 1.42	 2.09	 1.00	10.82	 1.21	326.39	283.04	288.58	265.21	289.30	0	53.04
2011	3	15	3.619	5917.1509	73.1508	14.1508	 3.67	 0.72	205.40	 1.47	 0.21	 1.00	10.87	 1.17	326.28	282.92	287.81	 0.00	290.79	0	54.00
2011	3	15	4.062	5917.1694	73.1693	14.1693	 3.81	 0.82	208.67	 1.47	 5.36	 0.99	10.78	 1.27	326.28	282.82	289.17	265.34	290.63	0	53.07
2011	3	15	10.738	5917.4473	73.4474	14.4474	 3.61	 0.60	210.34	 1.32	 5.38	 0.99	10.73	 1.30	326.98	276.33	282.61	265.28	283.75	0	53.06
2011	3	15	12.536	5917.5225	73.5223	14.5223	18.22	1760409.51	208.44	 1.69	 1.87	 1.00	10.80	 1.25	327.15	282.61	287.38	267.91	288.74	0	53.58
2011	3	15	12.976	5917.5405	73.5407	14.5407	 3.12	 0.37	205.84	 1.34	 5.40	 0.99	10.78	 1.18	327.02	284.50	289.13	270.12	290.85	0	54.02
2011	3	15	13.877	5917.5781	73.5782	14.5782	 3.19	 0.43	203.48	 1.46	 5.13	 0.99	10.78	 1.10	325.93	288.28	293.18	270.88	295.19	0	54.18
2011	3	15	15.190	5917.6328	73.6329	14.6329	 3.30	 0.50	210.74	 1.54	 0.84	 1.00	10.77	 1.23	323.18	292.94	302.30	271.22	299.63	0	54.24
2011	3	15	15.628	5917.6514	73.6512	14.6512	 3.01	 0.30	207.10	 1.23	 4.13	 0.99	10.83	 1.13	323.41	294.18	302.84	274.27	300.62	0	54.85
2011	3	15	16.094	5917.6704	73.6706	14.6706	 2.84	 0.33	204.70	 1.62	 9.35	 0.98	10.77	 1.16	321.82	294.95	303.73	273.91	301.55	0	54.78
2011	3	15	16.970	5917.7070	73.7071	14.7071	 3.08	 0.44	205.78	 1.67	 1.91	 1.00	10.75	 1.21	322.05	295.64	305.76	276.05	302.32	0	55.21
2011	3	15	18.311	5917.7632	73.7630	14.7630	 2.82	 0.41	209.69	 2.09	 5.16	 1.00	10.77	 1.20	322.37	296.51	307.48	274.81	300.96	0	54.96
2011	3	15	19.190	5917.7998	73.7996	14.7996	 3.37	 0.80	210.73	 2.30	 6.00	 1.00	10.70	 1.23	322.23	295.77	306.92	274.21	300.16	0	54.84
2011	3	15	20.536	5917.8555	73.8557	14.8557	 3.16	 0.60	200.56	 2.02	 9.33	 0.99	10.82	 1.06	322.99	292.86	302.25	269.85	297.57	0	53.97
2011	3	15	22.308	5917.9297	73.9295	14.9295	 2.74	 0.49	201.69	 2.65	 3.05	 1.00	10.78	 1.09	325.60	287.59	296.68	264.73	 0.00	0	52.95
2011	3	15	23.218	5917.9673	73.9674	14.9674	 3.63	 0.65	206.14	 1.38	 6.16	 0.99	10.80	 1.22	325.90	285.06	293.60	263.48	292.66	0	52.70
2011	3	15	23.659	5917.9858	73.9858	14.9858	 3.18	 0.38	208.53	 1.32	 1.32	 1.00	10.92	 1.22	325.89	284.02	290.25	262.76	 0.00	0	52.55
2011	3	16	0.106	5918.0044	74.0044	15.0044	 2.99	 0.29	205.79	 1.22	 1.93	 1.00	10.83	 1.18	325.87	283.33	290.61	262.60	289.60	0	52.52
2011	3	16	0.552	5918.0229	74.0230	15.0230	 3.12	 0.53	206.12	 1.92	 3.69	 1.00	10.75	 1.21	325.91	282.91	287.30	265.41	291.22	0	53.08
2011	3	16	1.042	5918.0435	74.0434	15.0434	 2.89	 0.29	208.01	 1.37	 1.14	 1.00	10.80	 1.21	325.92	282.64	288.64	 0.00	288.86	0	54.00
2011	3	16	2.369	5918.0986	74.0987	15.0987	 3.67	 0.78	208.86	 1.62	 1.39	 1.00	10.77	 1.23	325.92	282.25	288.57	265.27	288.50	0	53.05
2011	3	16	3.277	5918.1367	74.1366	15.1366	 2.72	 0.20	210.05	 1.16	 4.72	 0.98	10.92	 1.23	326.02	282.07	287.81	265.32	288.36	0	53.06
2011	3	16	3.720	5918.1548	74.1550	15.1550	 2.79	 0.25	207.42	 1.30	 3.56	 0.99	10.93	 1.22	325.87	282.01	287.67	 0.00	289.86	0	54.00
2011	3	16	4.162	5918.1733	74.1734	15.1734	 3.15	 0.46	206.07	 1.63	11.10	 0.98	10.82	 1.20	325.79	282.01	285.67	 0.00	289.77	0	54.00
2011	3	16	7.764	5918.3237	74.3235	15.3235	 3.85	 0.89	207.10	 1.53	 2.02	 1.00	10.77	 1.18	326.03	281.91	288.03	265.30	286.63	0	53.06
2011	3	16	8.207	5918.3418	74.3419	15.3419	 3.33	 0.46	201.25	 1.31	 1.70	 1.00	10.88	 1.14	325.89	281.78	285.35	 0.00	288.05	0	54.00
2011	3	16	9.089	5918.3789	74.3787	15.3787	 2.76	 0.30	206.27	 1.62	 1.83	 1.00	10.73	 1.20	325.94	281.74	285.70	265.34	287.88	0	53.07
2011	3	16	9.997	5918.4165	74.4165	15.4165	 3.47	 0.58	207.71	 1.47	 2.83	 1.00	10.85	 1.16	326.06	281.70	288.09	265.25	287.85	0	53.05
2011	3	16	10.883	5918.4536	74.4534	15.4534	 3.08	 0.47	210.24	 1.83	 1.43	 1.00	10.82	 1.23	325.94	281.86	287.58	265.22	286.45	0	53.04
2011	3	16	11.770	5918.4902	74.4904	15.4904	 3.00	 0.38	204.68	 1.57	 0.81	 1.00	10.77	 1.12	326.06	282.90	286.68	265.64	289.06	0	53.13
2011	3	16	13.557	5918.5649	74.5649	15.5649	 2.88	 0.26	205.98	 1.20	 0.46	 1.00	10.73	 1.18	324.84	288.18	292.18	270.76	294.92	0	54.15
2011	3	16	13.995	5918.5830	74.5831	15.5831	 3.14	 0.38	210.73	 1.39	 1.10	 1.00	10.75	 1.21	323.64	289.75	299.24	271.32	296.61	0	54.26
2011	3	16	14.894	5918.6206	74.6206	15.6206	 3.11	 0.33	210.15	 1.24	 0.39	 1.00	10.72	 1.23	322.82	292.52	301.86	270.54	299.38	0	54.11
2011	3	16	15.332	5918.6387	74.6388	15.6388	 3.28	 0.52	204.44	 1.58	 1.99	 1.00	10.72	 1.09	322.75	293.64	301.56	269.83	297.96	0	53.97
2011	3	16	17.985	5918.7495	74.7494	15.7494	 3.05	 0.73	208.39	 2.90	 2.97	 1.00	10.72	 1.21	323.08	296.43	305.34	274.20	302.61	0	54.84
2011	3	16	18.424	5918.7676	74.7677	15.7677	 3.01	 0.37	207.77	 1.54	16.83	 0.92	10.73	 1.16	322.98	296.21	309.54	 0.00	304.79	0	54.00
2011	3	16	18.888	5918.7871	74.7870	15.7870	 2.53	 0.55	209.06	 3.86	14.25	 1.00	10.75	 1.11	323.05	295.47	307.20	271.51	302.05	0	54.30
2011	3	16	21.130	5918.8804	74.8804	15.8804	 3.68	 1.48	213.82	 3.10	63.93	 0.94	10.77	 1.17	324.95	289.20	300.79	266.01	296.76	0	53.20
2011	3	16	22.016	5918.9175	74.9173	15.9173	 2.87	 0.37	199.47	 1.70	11.03	 0.98	10.83	 1.06	325.17	287.31	293.29	 0.00	 0.00	0	54.00
2011	3	17	0.257	5919.0107	75.0107	16.0107	 1.53	 0.10	198.96	 2.27	 4.96	 1.00	10.83	 1.12	326.42	283.50	291.59	262.76	290.93	0	52.55
2011	3	17	0.701	5919.0293	75.0292	16.0292	 1.51	 0.10	201.08	 2.48	11.18	 0.99	10.72	 1.27	326.35	283.10	291.40	262.48	 0.00	0	52.50
2011	3	17	2.091	5919.0869	75.0871	16.0871	 0.98	 0.08	181.56	 4.26	18.36	 0.99	10.83	 1.18	326.18	281.47	287.55	262.95	289.17	0	52.59
2011	3	17	3.419	5919.1426	75.1425	16.1425	 0.70	 0.05	170.11	 4.57	 8.49	 0.99	10.80	 1.24	325.90	280.43	286.00	261.37	288.13	0	52.27
2011	3	17	4.773	5919.1987	75.1989	16.1989	 0.57	 0.04	180.65	 5.27	 3.29	 1.00	10.80	 1.19	325.87	279.85	285.52	 0.00	284.66	0	54.00
2011	3	17	5.214	5919.2173	75.2173	16.2173	 0.59	 0.05	176.92	 6.31	 3.97	 1.00	10.82	 1.18	325.82	279.72	286.29	 0.00	287.42	0	54.00
2011	3	17	6.566	5919.2734	75.2736	16.2736	 0.69	 0.05	168.21	 4.47	 3.23	 1.00	10.88	 1.24	325.72	279.53	285.59	 0.00	 0.00	0	54.00
2011	3	17	7.011	5919.2920	75.2921	16.2921	 0.61	 0.04	174.49	 4.30	 6.00	 0.98	10.87	 1.20	325.81	279.49	286.50	264.47	 0.00	0	52.89
2011	3	17	8.813	5919.3672	75.3672	16.3672	 0.60	 0.04	183.77	 5.34	 2.76	 1.00	10.80	 1.20	325.86	280.26	286.40	265.03	 0.00	0	53.01
2011	3	17	9.703	5919.4043	75.4043	16.4043	 0.72	 0.05	182.57	 4.64	 3.69	 1.00	10.88	 1.26	325.85	280.61	289.20	265.01	 0.00	0	53.00
2011	3	17	10.146	5919.4229	75.4228	16.4228	 0.68	 0.04	180.91	 3.98	 2.47	 1.00	10.88	 1.23	325.78	280.70	286.40	 0.00	 0.00	0	54.00
2011	3	17	10.614	5919.4424	75.4422	16.4422	 0.61	 0.04	183.36	 5.48	 1.02	 1.00	10.77	 1.14	322.39	280.77	285.98	265.02	287.77	0	53.00
2011	3	17	13.284	5919.5537	75.5535	16.5535	 0.56	 0.05	186.68	 7.60	10.56	 0.99	10.73	 1.11	326.00	282.25	288.40	270.83	287.79	0	54.17
2011	3	17	13.724	5919.5718	75.5718	16.5718	 0.66	 0.05	185.70	 5.44	 5.46	 1.00	10.75	 1.22	326.17	284.84	290.37	271.98	293.75	0	54.40
2011	3	17	14.163	5919.5903	75.5901	16.5901	 0.77	 0.04	182.24	 3.34	 8.25	 0.98	10.78	 1.24	325.42	287.30	293.76	273.45	291.31	0	54.69
2011	3	17	14.601	5919.6084	75.6084	16.6084	 0.51	 0.05	187.30	 8.68	15.65	 0.98	10.77	 1.08	323.20	289.46	294.66	274.63	293.73	0	54.93
2011	3	17	15.503	5919.6460	75.6460	16.6460	 0.87	 0.04	180.95	 2.67	 3.49	 1.00	10.75	 1.18	323.19	293.64	302.18	278.01	300.43	0	55.60
2011	3	17	15.943	5919.6641	75.6643	16.6643	 0.90	 0.05	197.59	 3.21	21.38	 0.90	10.73	 1.00	321.37	295.24	304.82	 0.00	303.78	0	54.00
2011	3	17	16.379	5919.6826	75.6825	16.6825	 1.18	 0.09	190.72	 3.56	10.14	 1.00	10.75	 1.14	317.13	295.90	304.88	284.00	303.89	0	56.80
2011	3	17	16.817	5919.7007	75.7007	16.7007	 0.54	 0.10	246.20	19.23	146.25	 0.95	10.73	 1.03	319.83	296.54	306.14	281.60	303.22	0	56.32
2011	3	17	17.280	5919.7202	75.7200	16.7200	 0.95	 0.05	188.42	 3.07	 8.66	 0.99	10.77	 1.14	321.27	297.22	308.22	280.00	305.90	0	56.00
2011	3	17	17.718	5919.7383	75.7382	16.7382	 0.79	 0.09	165.55	 6.73	22.45	 0.99	10.77	 0.99	320.07	297.50	307.24	279.06	303.85	0	55.81
2011	3	17	18.592	5919.7744	75.7747	16.7747	 1.00	 0.07	175.94	 3.14	16.93	 0.96	10.73	 1.16	318.93	297.30	306.99	278.27	306.17	0	55.65
2011	3	17	19.490	5919.8120	75.8121	16.8121	 0.72	 0.08	186.09	 7.40	15.53	 1.00	10.75	 1.03	318.98	296.21	306.34	276.26	303.54	0	55.25
2011	3	17	20.366	5919.8486	75.8486	16.8486	 0.94	 0.09	187.89	 5.25	24.04	 0.99	10.73	 1.17	318.86	294.44	305.75	274.04	302.32	0	54.81
2011	3	17	21.246	5919.8853	75.8852	16.8852	 0.67	 0.07	181.15	 6.79	 3.61	 1.00	10.87	 1.06	320.33	291.93	303.76	271.18	297.69	0	54.24
2011	3	17	23.469	5919.9780	75.9779	16.9779	 0.77	 0.05	189.29	 4.29	13.24	 0.98	10.82	 1.11	323.43	285.27	293.23	265.40	290.55	0	53.08
2011	3	17	23.937	5919.9976	75.9974	16.9974	 0.94	 0.04	195.46	 2.36	 3.86	 0.99	10.77	 1.19	320.35	284.51	292.31	265.52	291.06	0	53.10
2011	3	18	4.849	5920.2021	76.2020	17.2020	 0.97	 0.05	200.98	 2.62	 2.51	 1.00	10.77	 1.18	316.77	275.53	286.44	265.48	 0.00	0	53.10
2011	3	18	5.739	5920.2393	76.2391	17.2391	 1.05	 0.06	198.03	 2.86	 4.07	 1.00	10.87	 1.20	327.20	277.83	281.52	265.04	282.90	0	53.01
2011	3	18	6.183	5920.2578	76.2576	17.2576	 1.17	 0.06	199.90	 2.37	 2.22	 1.00	10.88	 1.27	327.01	278.77	283.44	265.07	 0.00	0	53.01
2011	3	18	7.542	5920.3145	76.3142	17.3142	 1.04	 0.07	199.60	 3.37	 2.10	 1.00	10.87	 1.15	327.22	280.27	284.61	265.12	287.87	0	53.02
2011	3	18	8.430	5920.3511	76.3513	17.3513	 0.91	 0.06	197.52	 3.71	22.28	 0.94	10.77	 1.28	327.03	280.87	286.57	 0.00	285.64	0	54.00
2011	3	18	10.232	5920.4263	76.4263	17.4263	 0.72	 0.05	188.64	 4.94	 6.71	 1.00	10.77	 1.19	327.04	281.42	285.53	265.00	286.16	0	53.00
2011	3	18	10.677	5920.4448	76.4449	17.4449	 0.81	 0.05	190.67	 3.96	 1.16	 1.00	10.77	 1.26	327.07	281.48	288.57	264.96	 0.00	0	52.99
2011	3	18	11.144	5920.4644	76.4643	17.4643	 0.83	 0.04	189.71	 3.05	 1.87	 1.00	10.77	 1.27	327.13	281.84	288.52	 0.00	288.00	0	54.00
2011	3	18	12.469	5920.5195	76.5195	17.5195	 0.70	 0.04	186.32	 3.48	 6.16	 0.98	10.77	 1.23	327.09	284.89	292.11	268.67	291.37	0	53.73
2011	3	18	13.371	5920.5571	76.5571	17.5571	 0.78	 0.03	187.93	 2.80	 1.21	 1.00	10.75	 1.20	322.94	288.27	294.35	273.16	297.15	0	54.63
2011	3	18	16.019	5920.6675	76.6675	17.6675	 1.04	 0.05	191.28	 2.44	12.31	 0.95	10.72	 1.14	323.03	293.17	301.75	277.20	 0.00	0	55.44
2011	3	18	16.457	5920.6855	76.6857	17.6857	 1.11	 0.06	192.36	 2.40	 6.19	 0.99	10.75	 1.16	321.38	294.11	302.72	281.00	298.35	0	56.20
2011	3	18	17.793	5920.7412	76.7414	17.7414	 0.92	 0.07	184.95	 4.27	11.19	 0.99	10.77	 0.95	319.10	296.82	308.86	280.61	306.17	0	56.12
2011	3	18	21.337	5920.8892	76.8891	17.8891	 0.87	 0.05	190.29	 3.38	 8.34	 0.99	10.82	 0.94	322.32	292.53	303.86	276.65	301.99	0	55.33
2011	3	18	21.778	5920.9072	76.9074	17.9074	 1.46	 0.05	205.39	 1.34	 0.57	 1.00	10.93	 1.20	322.49	291.34	303.47	273.52	297.56	0	54.70
2011	3	18	23.136	5920.9639	76.9640	17.9640	 1.08	 0.05	199.12	 2.27	 3.32	 1.00	10.87	 1.16	323.56	287.08	297.75	265.60	292.97	0	53.12
2011	3	19	0.932	5921.0391	77.0388	18.0388	 1.07	 0.06	190.50	 2.55	 2.68	 1.00	10.72	 1.20	323.97	283.75	292.01	 0.00	 0.00	0	54.00
2011	3	19	2.261	5921.0942	77.0942	18.0942	 0.80	 0.08	181.52	 6.17	20.12	 0.99	10.78	 1.23	324.07	282.77	290.08	 0.00	 0.00	0	54.00
2011	3	19	2.760	5921.1152	77.1150	18.1150	 0.56	 0.04	169.69	 5.96	 5.18	 1.00	10.78	 1.15	324.14	282.29	289.15	265.18	288.99	0	53.04
2011	3	19	4.092	5921.1704	77.1705	18.1705	 0.62	 0.04	179.62	 4.22	 1.14	 1.00	10.75	 1.24	324.13	281.57	287.24	 0.00	288.24	0	54.00
2011	3	19	5.009	5921.2085	77.2087	18.2087	 0.90	 0.05	184.79	 2.96	 4.89	 0.99	10.73	 1.28	321.36	281.02	287.80	 0.00	 0.00	0	54.00
2011	3	19	8.570	5921.3569	77.3571	18.3571	 1.29	 0.07	200.24	 2.16	 6.89	 0.99	10.88	 1.20	326.77	277.41	280.95	 0.00	 0.00	0	54.00
2011	3	19	9.483	5921.3950	77.3951	18.3951	 1.24	 0.06	202.29	 2.07	 3.23	 1.00	10.85	 1.20	326.93	278.30	282.42	263.62	284.26	0	52.72
2011	3	19	9.925	5921.4136	77.4135	18.4135	 1.44	 0.05	202.59	 1.38	 3.35	 0.99	10.82	 1.30	326.78	278.59	285.47	263.46	284.51	0	52.69
2011	3	19	10.368	5921.4321	77.4320	18.4320	 1.41	 0.05	201.81	 1.34	 0.85	 1.00	10.82	 1.25	326.81	278.80	284.29	 0.00	 0.00	0	54.00
2011	3	19	12.164	5921.5068	77.5068	18.5068	 1.13	 0.06	199.60	 2.73	 5.67	 1.00	10.83	 1.30	326.98	281.53	287.12	265.73	289.71	0	53.15
2011	3	19	13.042	5921.5435	77.5434	18.5434	 1.14	 0.04	202.18	 1.74	 3.70	 0.99	10.73	 1.27	327.10	284.85	289.58	268.42	291.41	0	53.68
2011	3	19	13.482	5921.5615	77.5617	18.5617	 1.15	 0.08	204.13	 3.53	12.59	 0.99	10.77	 1.22	327.36	286.70	291.67	269.01	293.51	0	53.80
2011	3	19	14.381	5921.5991	77.5992	18.5992	 1.44	 0.08	197.07	 2.12	 7.23	 0.99	10.73	 1.14	326.04	290.33	298.15	271.10	297.32	0	54.22
2011	3	19	15.696	5921.6538	77.6540	18.6540	 1.29	 0.07	200.49	 2.32	 0.51	 1.00	10.73	 1.11	322.76	294.59	301.13	273.42	298.69	0	54.68
2011	3	19	17.037	5921.7100	77.7099	18.7099	 1.58	 0.14	187.70	 2.72	18.18	 0.98	10.72	 1.00	322.87	296.33	304.98	277.93	302.93	0	55.59
2011	3	19	17.474	5921.7280	77.7281	18.7281	 1.41	 0.13	204.35	 3.57	14.44	 1.00	10.73	 1.19	325.19	296.87	307.88	 0.00	303.00	0	54.00
2011	3	19	17.912	5921.7461	77.7463	18.7463	 1.22	 0.08	200.48	 2.97	 9.14	 0.99	10.82	 1.16	325.52	297.19	306.32	277.32	303.21	0	55.46
2011	3	19	18.826	5921.7842	77.7844	18.7844	 1.13	 0.20	190.27	 8.39	45.73	 1.00	10.83	 0.88	325.45	296.78	309.63	274.93	300.76	0	54.99
2011	3	19	19.266	5921.8027	77.8028	18.8028	 1.58	 0.17	208.28	 3.83	20.79	 0.99	10.73	 1.27	325.47	296.19	307.85	 0.00	304.30	0	54.00
2011	3	19	21.501	5921.8960	77.8959	18.8959	 1.67	 0.25	198.80	 4.64	 6.56	 1.00	10.75	 1.14	325.39	291.01	297.80	269.97	 0.00	0	53.99
2011	3	20	0.174	5922.0073	78.0073	19.0073	 0.95	 0.04	187.66	 1.97	 2.91	 0.99	10.77	 1.23	326.79	283.76	290.93	262.89	290.03	0	52.58
2011	3	20	0.619	5922.0259	78.0258	19.0258	 1.01	 0.06	201.67	 3.27	 4.44	 1.00	10.73	 1.22	326.67	283.10	288.67	264.55	287.79	0	52.91
2011	3	20	1.084	5922.0454	78.0452	19.0452	 1.24	 0.07	203.38	 2.35	 1.80	 1.00	10.77	 1.24	326.73	282.66	290.66	265.24	 0.00	0	53.05
2011	3	20	1.523	5922.0635	78.0635	19.0635	 1.33	 0.08	193.66	 2.29	 4.29	 1.00	10.77	 1.10	326.67	282.43	285.65	 0.00	287.16	0	54.00
2011	3	20	1.964	5922.0820	78.0818	19.0819	 1.40	 0.07	199.69	 2.01	 2.21	 1.00	10.72	 1.21	326.62	282.26	289.19	 0.00	290.06	0	54.00
2011	3	20	2.408	5922.1001	78.1003	19.1003	 1.14	 0.06	196.47	 2.33	 2.69	 1.00	10.82	 1.16	326.59	282.10	286.65	 0.00	 0.00	0	54.00
2011	3	20	3.343	5922.1392	78.1393	19.1393	 1.09	 0.06	188.67	 2.81	 1.47	 1.00	10.75	 1.13	322.05	281.68	286.17	265.26	 0.00	0	53.05
2011	3	20	6.899	5922.2876	78.2875	19.2875	 0.91	 0.06	174.74	 3.53	10.18	 0.99	10.82	 1.24	327.91	277.58	285.62	 0.00	 0.00	0	54.00
2011	3	20	7.346	5922.3062	78.3061	19.3061	 0.81	 0.06	173.51	 4.34	 1.57	 1.00	10.82	 1.17	327.90	278.10	281.70	264.36	 0.00	0	52.87
2011	3	20	7.816	5922.3257	78.3256	19.3256	 0.98	 0.06	173.53	 3.18	 3.94	 1.00	10.85	 1.23	327.98	278.57	284.16	264.32	283.14	0	52.86
2011	3	20	8.263	5922.3442	78.3443	19.3443	 0.87	 0.05	176.90	 3.45	 7.84	 0.99	10.80	 1.25	327.90	278.88	285.90	263.91	284.92	0	52.78
2011	3	20	8.706	5922.3628	78.3627	19.3627	 0.80	 0.05	168.21	 3.34	 4.62	 0.99	10.75	 1.19	327.88	279.09	284.14	 0.00	 0.00	0	54.00
2011	3	20	9.591	5922.3994	78.3996	19.3996	 0.67	 0.04	157.88	 3.71	 6.12	 0.98	10.83	 1.22	327.92	279.27	285.15	263.17	285.31	0	52.63
2011	3	20	10.064	5922.4194	78.4193	19.4193	 0.72	 0.05	162.58	 4.14	 3.42	 1.00	11.02	 1.24	327.96	279.38	286.42	263.11	286.77	0	52.62
2011	3	20	10.508	5922.4380	78.4379	19.4378	 0.57	 0.07	169.12	 8.48	 9.03	 1.00	10.87	 1.18	327.88	279.38	283.80	262.94	286.74	0	52.59
2011	3	20	11.394	5922.4746	78.4748	19.4748	 0.64	 0.05	170.52	 5.70	10.05	 0.99	10.82	 1.26	327.96	280.09	285.68	265.44	287.51	0	53.09
2011	3	20	11.841	5922.4932	78.4934	19.4934	 0.64	 0.03	164.56	 2.95	 8.25	 0.88	10.83	 1.20	328.08	280.95	285.27	265.79	288.69	0	53.16
2011	3	20	12.309	5922.5127	78.5129	19.5129	 0.40	 0.05	180.34	13.00	12.88	 0.99	10.75	 1.11	328.39	282.13	285.92	266.09	286.26	0	53.22
2011	3	20	13.625	5922.5679	78.5677	19.5677	 0.65	 0.04	176.68	 4.43	 8.09	 0.98	10.73	 1.14	328.40	286.64	290.81	265.89	293.35	0	53.18
2011	3	20	14.063	5922.5859	78.5860	19.5860	 0.81	 0.04	191.85	 2.90	12.92	 0.91	10.72	 1.26	328.33	288.30	294.78	268.90	295.09	0	53.78
2011	3	20	14.963	5922.6235	78.6235	19.6234	 1.12	 0.07	192.31	 3.04	37.68	 0.85	10.73	 1.23	327.37	291.69	299.75	269.63	298.32	0	53.93
2011	3	20	15.401	5922.6416	78.6417	19.6417	 0.90	 0.05	198.86	 3.24	 8.32	 0.99	10.73	 1.14	327.20	293.09	300.04	271.47	299.65	0	54.29
2011	3	20	16.744	5922.6978	78.6977	19.6977	 0.82	 0.07	199.81	 5.58	47.95	 0.91	10.78	 1.12	326.95	295.66	305.99	276.44	302.15	0	55.29
2011	3	20	17.184	5922.7158	78.7160	19.7160	 0.92	 0.04	194.09	 2.36	10.38	 0.93	10.90	 1.07	326.69	296.42	304.83	276.72	300.26	0	55.34
2011	3	20	19.861	5922.8276	78.8276	19.8276	 0.99	 0.11	196.01	 6.07	36.40	 0.99	10.90	 1.19	326.49	295.24	305.51	 0.00	303.59	0	54.00
2011	3	20	20.303	5922.8462	78.8460	19.8460	 1.19	 0.14	181.96	 4.94	16.20	 1.00	10.83	 1.05	326.54	294.29	304.45	273.51	 0.00	0	54.70
2011	3	21	1.693	5923.0703	79.0706	20.0706	 0.45	 0.05	165.19	 8.77	 4.67	 1.00	10.80	 1.20	327.83	281.86	287.70	264.80	286.69	0	52.96
2011	3	21	2.139	5923.0894	79.0891	20.0891	 0.45	 0.04	169.10	 7.95	 7.00	 0.99	10.98	 1.12	327.88	281.59	286.85	265.18	 0.00	0	53.04
2011	3	21	3.028	5923.1260	79.1262	20.1262	 0.59	 0.05	163.78	 5.59	 3.04	 1.00	10.80	 1.29	327.88	281.11	289.11	264.76	289.20	0	52.95
2011	3	21	3.473	5923.1445	79.1447	20.1447	 0.45	 0.04	168.11	 8.47	 7.58	 0.99	10.87	 1.21	327.85	280.78	287.81	264.63	287.11	0	52.93
2011	3	21	4.851	5923.2021	79.2021	20.2021	 0.39	 0.05	155.50	10.09	14.90	 0.93	10.75	 1.18	327.87	280.18	286.50	 0.00	288.00	0	54.00
2011	3	21	6.209	5923.2588	79.2587	20.2587	 0.33	 0.04	167.01	12.85	15.08	 0.92	10.78	 1.13	327.96	279.95	288.72	265.07	285.08	0	53.01
2011	3	21	6.650	5923.2769	79.2771	20.2771	 0.13	 0.05	295.22	102.63	22.69	 0.95	10.87	 1.11	327.88	279.96	285.58	 0.00	286.37	0	54.00
2011	3	21	7.091	5923.2954	79.2955	20.2955	 0.45	 0.05	155.16	 8.16	 2.06	 1.00	10.87	 1.25	327.96	279.93	286.75	265.04	286.36	0	53.01
2011	3	21	8.442	5923.3516	79.3518	20.3518	 0.54	 0.05	148.53	 5.94	 3.12	 1.00	10.75	 1.24	327.95	279.74	287.54	264.96	287.57	0	52.99
2011	3	21	10.221	5923.4258	79.4259	20.4259	 0.25	 0.05	184.43	26.97	19.49	 0.95	10.73	 1.14	328.09	279.12	283.48	262.62	286.61	0	52.52
2011	3	21	10.685	5923.4453	79.4452	20.4452	 0.40	 0.03	160.50	 7.14	 1.62	 1.00	10.83	 1.24	328.18	278.93	285.79	 0.00	285.04	0	54.00
2011	3	21	11.575	5923.4824	79.4823	20.4823	 0.29	 0.04	177.19	17.21	13.70	 0.94	10.78	 1.17	328.37	279.93	283.99	265.30	287.48	0	53.06
2011	3	21	12.925	5923.5386	79.5385	20.5385	 0.41	 0.03	159.00	 6.70	12.45	 0.84	10.75	 1.21	328.61	284.36	290.77	270.76	291.06	0	54.15
2011	3	21	13.362	5923.5566	79.5568	20.5568	 0.35	 0.05	149.96	13.37	32.14	 0.81	10.73	 1.07	328.60	286.32	286.97	271.60	290.55	0	54.32
2011	3	21	13.799	5923.5747	79.5749	20.5749	 0.50	 0.04	157.76	 6.38	28.91	 0.73	10.72	 1.24	328.54	288.23	294.45	272.32	292.57	0	54.46
2011	3	21	14.240	5923.5933	79.5933	20.5933	 0.43	 0.04	191.70	 9.46	30.41	 0.81	10.90	 1.23	327.98	290.11	296.75	272.84	297.16	0	54.57
2011	3	21	14.679	5923.6118	79.6116	20.6116	 0.46	 0.05	187.61	10.10	12.45	 0.99	10.75	 1.14	327.58	292.00	297.72	274.19	296.23	0	54.84
2011	3	21	15.143	5923.6309	79.6310	20.6310	 0.94	 0.06	189.08	 3.34	 5.53	 1.00	10.77	 1.21	327.17	293.89	301.41	276.19	300.85	0	55.24
2011	3	21	15.581	5923.6494	79.6492	20.6492	 0.84	 0.06	185.38	 4.51	 9.25	 0.99	10.73	 1.10	325.47	295.57	303.22	277.89	302.49	0	55.58
2011	3	21	16.019	5923.6675	79.6674	20.6675	 1.09	 0.04	192.96	 1.99	25.06	 0.66	10.73	 1.21	323.96	296.66	304.24	282.53	306.06	0	56.51
2011	3	21	16.456	5923.6855	79.6857	20.6857	 1.55	 0.08	199.05	 1.71	13.41	 0.92	10.73	 1.14	322.29	297.34	306.36	283.17	303.96	0	56.63
2011	3	21	17.356	5923.7231	79.7232	20.7232	 2.31	 0.16	205.28	 1.43	 1.05	 1.00	10.77	 1.16	321.17	299.05	308.48	284.85	305.89	0	56.97
2011	3	21	17.796	5923.7417	79.7415	20.7415	 1.67	 0.09	198.42	 1.66	 6.21	 0.99	10.73	 0.97	319.40	299.10	310.41	280.46	303.48	0	56.09
2011	3	21	18.236	5923.7598	79.7598	20.7598	 1.58	 0.07	198.25	 1.56	 1.15	 1.00	10.75	 0.98	320.49	298.98	309.53	281.71	305.28	0	56.34
2011	3	21	19.116	5923.7964	79.7965	20.7965	 1.84	 0.12	204.09	 1.93	 5.87	 1.00	10.82	 1.15	321.12	298.03	310.14	277.51	306.69	0	55.50
2011	3	21	21.346	5923.8896	79.8894	20.8894	 1.60	 0.13	208.20	 2.93	11.33	 1.00	10.80	 1.27	321.40	292.48	305.22	271.87	 0.00	0	54.37
2011	3	21	23.154	5923.9648	79.9647	20.9647	 1.51	 0.10	200.15	 2.26	 2.54	 1.00	10.75	 1.17	323.34	286.76	294.97	265.73	 0.00	0	53.15
2011	3	21	23.595	5923.9829	79.9831	20.9831	 1.25	 0.06	202.65	 2.06	 4.12	 1.00	10.82	 1.15	322.55	285.71	293.19	 0.00	290.87	0	54.00
2011	3	22	0.062	5924.0024	80.0026	21.0026	 1.22	 0.06	204.79	 2.27	 1.59	 1.00	10.78	 1.29	322.53	284.68	291.86	265.45	289.94	0	53.09
2011	3	22	1.400	5924.0581	80.0583	21.0583	 1.19	 0.04	202.29	 1.67	 6.00	 0.97	10.85	 1.23	323.07	283.30	290.64	265.04	288.67	0	53.01
2011	3	22	1.841	5924.0767	80.0767	21.0767	 1.13	 0.05	204.75	 2.38	 2.01	 1.00	10.78	 1.28	322.94	283.08	291.41	265.04	291.25	0	53.01
2011	3	22	2.305	5924.0962	80.0961	21.0961	 1.09	 0.06	200.91	 2.60	 1.36	 1.00	10.85	 1.17	322.92	282.86	289.56	265.04	291.25	0	53.01
2011	3	22	3.635	5924.1514	80.1514	21.1514	 1.21	 0.07	201.67	 2.51	 1.98	 1.00	10.75	 1.30	322.78	282.50	289.46	265.14	289.44	0	53.03
2011	3	22	4.081	5924.1699	80.1700	21.1700	 1.19	 0.06	202.90	 2.24	 2.47	 1.00	10.77	 1.28	322.24	282.29	289.66	265.26	290.60	0	53.05
2011	3	22	5.020	5924.2090	80.2092	21.2092	 1.11	 0.05	200.62	 2.11	 2.25	 1.00	10.82	 1.18	321.73	281.81	288.03	 0.00	287.13	0	54.00
2011	3	22	6.351	5924.2646	80.2646	21.2646	 1.16	 0.07	200.23	 3.03	 6.23	 1.00	10.93	 1.26	324.44	281.07	287.51	263.24	288.79	0	52.65
2011	3	22	7.710	5924.3213	80.3213	21.3213	 0.93	 0.06	196.97	 3.49	 0.39	 1.00	10.83	 1.22	323.90	280.56	287.09	263.32	 0.00	0	52.66
2011	3	22	8.154	5924.3398	80.3398	21.3398	 0.91	 0.05	198.12	 3.10	 5.54	 0.99	10.70	 1.28	324.00	280.43	288.02	 0.00	288.11	0	54.00
2011	3	22	8.597	5924.3584	80.3582	21.3582	 0.78	 0.04	195.76	 3.02	 2.22	 1.00	10.80	 1.19	323.70	280.32	285.05	 0.00	285.16	0	54.00
2011	3	22	9.954	5924.4146	80.4147	21.4147	 0.62	 0.03	194.36	 4.04	11.83	 0.91	10.83	 1.15	323.67	280.34	286.19	265.01	286.78	0	53.00
2011	3	22	10.396	5924.4331	80.4332	21.4332	 0.66	 0.05	190.52	 6.06	 3.84	 1.00	10.77	 1.18	323.70	280.41	285.01	264.98	285.45	0	53.00
2011	3	22	10.836	5924.4517	80.4515	21.4515	 0.64	 0.04	194.03	 4.29	 1.63	 1.00	10.78	 1.23	323.77	280.55	285.48	264.93	287.04	0	52.99
2011	3	22	12.191	5924.5078	80.5080	21.5080	 0.60	 0.04	192.97	 5.35	12.65	 0.96	10.77	 1.21	323.86	283.13	287.96	269.15	291.96	0	53.83
2011	3	22	13.076	5924.5449	80.5448	21.5448	 0.56	 0.04	188.19	 6.29	 9.83	 0.98	10.73	 1.20	324.11	285.96	291.71	270.28	290.67	0	54.06
2011	3	22	13.539	5924.5640	80.5641	21.5641	 0.68	 0.05	191.91	 5.64	 7.81	 1.00	10.75	 1.17	324.43	287.62	295.34	271.25	296.68	0	54.25
2011	3	22	14.413	5924.6006	80.6005	21.6005	 0.99	 0.05	191.96	 2.46	10.91	 0.95	10.77	 1.22	324.50	291.24	297.77	274.01	298.40	0	54.80
2011	3	22	14.852	5924.6187	80.6189	21.6189	 0.92	 0.03	201.85	 2.01	10.42	 0.86	10.75	 1.22	323.80	293.03	301.97	275.88	300.08	0	55.18
2011	3	22	15.291	5924.6372	80.6371	21.6371	 1.36	 0.10	194.22	 2.88	22.34	 0.96	10.75	 1.27	324.97	294.66	302.50	277.82	304.29	0	55.56
2011	3	22	16.190	5924.6748	80.6746	21.6746	 1.35	 0.06	204.26	 1.73	 4.61	 0.99	10.77	 1.15	320.76	297.17	307.15	285.53	306.06	0	57.11
2011	3	22	16.628	5924.6929	80.6928	21.6928	 1.15	 0.11	197.68	 4.43	15.26	 1.00	10.73	 0.91	318.27	297.90	307.50	288.45	306.09	0	57.69
2011	3	22	17.065	5924.7109	80.7110	21.7110	 1.50	 0.07	196.79	 1.69	 2.34	 1.00	10.73	 0.94	319.00	298.80	308.56	289.37	304.82	0	57.87
2011	3	22	17.969	5924.7485	80.7487	21.7487	 1.87	 0.10	202.00	 1.48	 2.32	 1.00	10.80	 1.02	322.95	299.84	309.83	285.93	305.18	0	57.19
2011	3	22	18.849	5924.7852	80.7854	21.7854	 1.61	 0.09	201.16	 1.95	 5.43	 0.99	10.72	 1.02	323.02	299.45	308.62	280.90	304.12	0	56.18
2011	3	22	19.291	5924.8037	80.8038	21.8038	 1.60	 0.10	198.37	 2.03	 2.04	 1.00	10.77	 0.95	322.74	298.87	309.05	279.21	307.44	0	55.84
2011	3	22	19.730	5924.8223	80.8221	21.8221	 2.15	 0.17	201.18	 1.78	 0.75	 1.00	10.83	 1.03	322.64	297.98	310.37	277.66	306.73	0	55.53
2011	3	22	20.194	5924.8413	80.8414	21.8414	 1.97	 0.13	206.25	 1.79	 4.85	 1.00	10.78	 1.21	322.65	296.90	307.40	276.66	305.75	0	55.33
2011	3	22	22.875	5924.9531	80.9531	21.9531	 1.68	 0.07	208.17	 1.41	 7.51	 0.96	10.77	 1.16	325.21	288.96	298.42	265.75	294.52	0	53.15
2011	3	22	23.319	5924.9717	80.9716	21.9716	 2.01	 0.17	210.73	 2.14	 3.28	 1.00	10.80	 1.22	325.38	287.90	297.57	265.52	294.75	0	53.10
2011	3	22	23.764	5924.9902	80.9902	21.9902	 1.76	 0.08	207.52	 1.48	 1.55	 1.00	10.75	 1.22	325.47	287.14	294.96	 0.00	 0.00	0	54.00
2011	3	23	0.207	5925.0088	81.0086	22.0086	 1.68	 0.08	208.96	 1.52	 2.41	 1.00	10.78	 1.21	325.36	286.49	293.39	 0.00	294.61	0	54.00
2011	3	23	0.671	5925.0278	81.0280	22.0280	 1.79	 0.10	214.02	 1.76	 1.66	 1.00	10.93	 1.25	325.32	286.04	295.10	265.16	 0.00	0	53.03
2011	3	23	1.554	5925.0649	81.0647	22.0647	 1.74	 0.07	212.85	 1.24	 3.65	 0.99	10.85	 1.28	325.29	285.54	292.98	266.59	292.26	0	53.32
2011	3	23	2.444	5925.1021	81.1018	22.1018	 1.79	 0.09	210.41	 1.57	 6.04	 0.99	10.85	 1.23	325.46	284.86	292.81	265.02	293.42	0	53.00
2011	3	23	2.915	5925.1216	81.1214	22.1214	 1.69	 0.10	206.66	 1.81	 2.97	 1.00	10.88	 1.17	325.75	284.54	289.92	265.04	291.22	0	53.01
2011	3	23	4.705	5925.1958	81.1960	22.1960	 1.55	 0.09	206.33	 2.03	 1.83	 1.00	10.73	 1.18	324.83	283.58	289.09	 0.00	 0.00	0	54.00
2011	3	23	5.203	5925.2168	81.2168	22.2168	 1.56	 0.09	208.38	 2.09	 3.86	 1.00	10.80	 1.21	325.04	283.45	289.65	264.96	288.56	0	52.99
2011	3	23	6.536	5925.2725	81.2723	22.2723	 1.50	 0.07	207.94	 1.70	 5.45	 0.99	10.98	 1.26	325.14	282.96	288.54	 0.00	290.71	0	54.00
2011	3	23	6.982	5925.2910	81.2909	22.2909	 1.49	 0.09	206.80	 2.29	 4.55	 1.00	10.78	 1.21	325.35	282.87	287.69	 0.00	289.19	0	54.00
2011	3	23	7.448	5925.3105	81.3103	22.3103	 1.49	 0.08	203.77	 1.92	 2.39	 1.00	10.88	 1.25	325.39	282.68	287.12	 0.00	288.94	0	54.00
2011	3	23	7.895	5925.3291	81.3290	22.3290	 1.41	 0.05	207.06	 1.57	 1.88	 1.00	10.80	 1.29	325.31	282.45	287.53	264.84	 0.00	0	52.97
2011	3	23	8.789	5925.3662	81.3662	22.3662	 1.21	 0.06	203.95	 2.38	 6.62	 0.99	10.87	 1.20	325.13	282.08	286.76	264.80	289.54	0	52.96
2011	3	23	9.235	5925.3848	81.3848	22.3848	 1.15	 0.04	208.45	 1.76	 1.68	 1.00	10.97	 1.30	325.21	282.11	288.77	264.91	 0.00	0	52.98
2011	3	23	9.704	5925.4043	81.4043	22.4043	 1.17	 0.06	207.64	 2.43	 1.14	 1.00	10.92	 1.24	324.93	282.12	289.02	266.33	289.86	0	53.27
2011	3	23	10.589	5925.4414	81.4412	22.4412	 1.06	 0.04	208.43	 2.12	 3.46	 0.99	10.77	 1.29	324.92	282.08	290.46	265.89	287.11	0	53.18
2011	3	23	11.034	5925.4600	81.4598	22.4598	 1.01	 0.04	203.48	 2.31	 4.21	 0.99	10.95	 1.19	324.97	282.48	287.19	 0.00	287.34	0	54.00
2011	3	23	11.945	5925.4976	81.4977	22.4977	 1.07	 0.05	203.81	 2.40	 2.28	 1.00	10.82	 1.25	325.23	284.36	290.19	270.94	 0.00	0	54.19
2011	3	23	12.386	5925.5161	81.5161	22.5161	 0.98	 0.06	196.34	 3.10	 6.75	 0.99	10.77	 1.19	325.46	285.68	289.64	272.31	292.55	0	54.46
2011	3	23	16.819	5925.7007	81.7008	22.7008	 1.65	 0.08	204.01	 1.54	 3.47	 0.99	10.73	 1.01	322.86	297.77	308.71	284.98	303.42	0	57.00
2011	3	23	17.697	5925.7373	81.7374	22.7374	 1.86	 0.11	211.80	 1.69	 8.15	 0.98	10.70	 1.17	320.91	299.26	308.74	283.68	305.49	0	56.74
2011	3	23	18.602	5925.7749	81.7751	22.7751	 2.25	 0.14	206.27	 1.34	 4.13	 0.99	10.75	 1.06	318.96	299.15	310.86	281.08	305.68	0	56.22
2011	3	23	20.823	5925.8677	81.8676	22.8676	 2.24	 0.18	208.73	 1.72	 2.44	 1.00	10.80	 1.18	319.69	295.19	305.94	276.22	302.67	0	55.24
2011	3	23	22.585	5925.9409	81.9410	22.9410	 2.13	 0.10	215.62	 1.12	 3.09	 0.99	10.92	 1.30	321.61	290.01	303.78	 0.00	296.02	0	54.00
2011	3	23	23.502	5925.9790	81.9792	22.9792	 1.87	 0.12	205.20	 1.80	 4.88	 1.00	10.90	 1.08	321.83	287.97	298.09	268.91	296.93	0	53.78
2011	3	23	23.947	5925.9976	81.9978	22.9978	 1.77	 0.10	204.20	 1.68	 4.92	 0.99	10.87	 1.13	321.95	287.35	294.00	269.71	294.67	0	53.94
2011	3	24	0.390	5926.0161	82.0163	23.0163	 1.91	 0.13	206.68	 1.82	12.95	 0.96	10.75	 1.16	321.85	286.88	293.89	269.55	295.80	0	53.91
2011	3	24	0.834	5926.0347	82.0348	23.0348	 1.95	 0.08	209.18	 1.13	 4.22	 0.98	10.80	 1.24	321.91	286.46	295.83	 0.00	295.29	0	54.00
2011	3	24	1.304	5926.0542	82.0544	23.0544	 2.03	 0.13	204.90	 1.65	 1.79	 1.00	10.93	 1.15	322.24	286.04	293.71	 0.00	293.30	0	54.00
2011	3	24	1.751	5926.0728	82.0729	23.0729	 1.73	 0.09	204.52	 1.55	 1.09	 1.00	10.85	 1.12	322.35	285.71	291.96	268.30	294.43	0	53.66
2011	3	24	2.191	5926.0913	82.0913	23.0913	 1.99	 0.11	209.53	 1.48	 3.97	 0.99	10.77	 1.20	322.47	285.48	293.12	266.76	294.07	0	53.35
2011	3	24	3.073	5926.1279	82.1281	23.1281	 2.29	 0.13	209.10	 1.23	 1.27	 1.00	10.80	 1.19	323.39	285.03	291.90	265.46	291.90	0	53.09
2011	3	24	3.541	5926.1475	82.1475	23.1475	 2.16	 0.16	209.43	 1.67	 3.44	 1.00	10.75	 1.16	323.59	284.82	291.76	 0.00	 0.00	0	54.00
2011	3	24	3.983	5926.1660	82.1660	23.1660	 2.29	 0.16	204.97	 1.47	 0.53	 1.00	10.85	 1.14	323.34	284.62	289.96	 0.00	 0.00	0	54.00
2011	3	24	4.428	5926.1846	82.1845	23.1845	 2.44	 0.21	211.45	 1.66	 1.42	 1.00	10.73	 1.24	323.48	284.52	291.37	266.16	292.70	0	53.23
2011	3	24	7.579	5926.3159	82.3158	23.3158	 2.21	 0.15	209.13	 1.53	 2.64	 1.00	10.88	 1.17	323.41	284.31	291.28	 0.00	292.66	0	54.00
2011	3	24	8.044	5926.3350	82.3352	23.3351	 2.01	 0.16	208.10	 2.07	 0.86	 1.00	10.77	 1.14	323.12	284.36	288.83	 0.00	291.13	0	54.00
2011	3	24	8.927	5926.3721	82.3720	23.3720	 1.49	 0.08	207.66	 1.98	 0.63	 1.00	10.98	 1.17	323.05	284.26	290.22	 0.00	289.55	0	54.00
2011	3	24	9.814	5926.4087	82.4089	23.4089	 1.62	 0.07	204.90	 1.51	 4.20	 0.99	10.82	 1.16	322.82	283.89	288.95	265.87	291.96	0	53.17
2011	3	24	10.723	5926.4468	82.4468	23.4468	 1.62	 0.10	206.21	 2.03	 2.73	 1.00	10.72	 1.17	322.87	283.77	288.71	267.33	290.41	0	53.47
2011	3	24	12.516	5926.5215	82.5215	23.5215	 1.61	 0.09	209.54	 1.88	 3.24	 1.00	10.75	 1.18	322.81	287.01	294.28	273.31	294.22	0	54.66
2011	3	24	12.954	5926.5396	82.5397	23.5397	 1.71	 0.07	210.79	 1.40	 1.78	 1.00	10.73	 1.23	322.91	288.50	294.87	274.69	293.58	0	54.94
2011	3	24	14.727	5926.6138	82.6136	23.6136	 2.27	 0.17	214.01	 1.64	 2.85	 1.00	10.77	 1.23	322.16	295.40	305.28	 0.00	303.19	0	54.00
2011	3	24	15.602	5926.6499	82.6501	23.6501	 1.93	 0.11	212.00	 1.57	 3.71	 1.00	10.75	 1.18	319.21	297.79	308.98	278.19	304.60	0	55.64
2011	3	24	16.039	5926.6685	82.6683	23.6683	 1.81	 0.15	209.13	 2.45	 7.98	 1.00	10.73	 1.14	317.08	298.36	310.24	280.46	304.85	0	56.09
2011	3	24	17.813	5926.7422	82.7422	23.7422	 1.54	 0.25	192.23	 5.47	 9.98	 1.00	10.72	 0.89	317.09	299.26	307.60	279.63	306.22	0	55.93
2011	3	24	19.594	5926.8164	82.8164	23.8164	 1.01	 0.14	193.82	 7.48	20.46	 1.00	10.75	 0.71	317.03	297.34	312.03	278.56	302.62	0	55.71
2011	3	24	20.470	5926.8530	82.8529	23.8529	 1.14	 0.17	203.43	 7.16	12.36	 1.00	10.77	 0.91	318.03	295.30	308.94	274.92	300.91	0	54.98
2011	3	24	21.376	5926.8906	82.8907	23.8907	 1.68	 0.25	207.66	 4.88	22.77	 1.00	11.00	 1.13	317.91	292.75	304.45	 0.00	301.76	0	54.00
2011	3	24	22.266	5926.9277	82.9277	23.9277	 1.94	 0.15	207.10	 2.01	 6.50	 1.00	10.83	 1.15	319.56	289.82	300.96	 0.00	301.17	0	54.00
2011	3	24	22.710	5926.9463	82.9462	23.9462	 2.29	 0.22	204.91	 1.99	 3.08	 1.00	10.90	 1.14	320.89	288.61	298.24	266.83	296.22	0	53.37
2011	3	24	23.154	5926.9648	82.9647	23.9647	 2.31	 0.23	208.25	 2.04	 2.26	 1.00	10.87	 1.24	321.62	287.54	297.33	 0.00	296.02	0	54.00
2011	3	24	23.622	5926.9844	82.9843	23.9843	 1.95	 0.14	205.24	 1.92	 6.43	 0.99	10.82	 1.13	322.37	286.68	293.41	 0.00	295.21	0	54.00
2011	3	25	0.512	5927.0215	83.0213	24.0213	 2.19	 0.14	210.79	 1.45	 2.61	 1.00	10.80	 1.29	322.30	285.59	293.22	266.89	294.08	0	53.38
2011	3	25	1.866	5927.0776	83.0778	24.0778	 1.80	 0.11	205.83	 1.75	 6.67	 0.99	10.85	 1.13	322.24	284.56	292.00	265.64	 0.00	0	53.13
2011	3	25	2.754	5927.1147	83.1148	24.1148	 1.95	 0.11	210.02	 1.58	 3.71	 1.00	10.72	 1.26	322.54	284.03	291.47	265.39	289.36	0	53.08
2011	3	25	4.114	5927.1714	83.1714	24.1714	 1.89	 0.14	209.02	 2.05	 1.42	 1.00	10.88	 1.24	323.10	283.54	291.81	265.55	291.96	0	53.11
2011	3	25	5.005	5927.2085	83.2085	24.2086	 2.02	 0.15	209.72	 1.86	 2.21	 1.00	10.78	 1.28	322.83	283.32	289.94	265.05	291.69	0	53.01
2011	3	25	5.443	5927.2266	83.2268	24.2268	 2.00	 0.13	209.06	 1.67	 3.91	 1.00	10.73	 1.30	323.03	283.20	290.19	265.03	 0.00	0	53.01
2011	3	25	5.887	5927.2451	83.2453	24.2453	 1.79	 0.09	207.99	 1.51	 2.15	 1.00	10.75	 1.25	323.08	283.00	289.16	 0.00	288.21	0	54.00
2011	3	25	6.380	5927.2656	83.2658	24.2658	 2.14	 0.15	206.13	 1.60	 5.73	 0.99	10.82	 1.18	322.98	282.94	287.85	265.04	289.66	0	53.01
2011	3	25	8.619	5927.3594	83.3591	24.3591	 1.72	 0.09	206.66	 1.63	 3.18	 1.00	10.82	 1.25	322.88	282.56	289.36	 0.00	289.25	0	54.00
2011	3	25	9.063	5927.3774	83.3776	24.3776	 1.90	 0.12	204.98	 1.82	 5.63	 0.99	10.85	 1.24	322.82	282.54	288.78	264.98	 0.00	0	53.00
2011	3	25	9.507	5927.3960	83.3961	24.3961	 1.84	 0.11	202.56	 1.64	 2.10	 1.00	10.87	 1.21	322.97	282.51	287.76	265.00	289.17	0	53.00
2011	3	25	9.952	5927.4146	83.4146	24.4147	 1.77	 0.08	205.75	 1.43	 2.14	 1.00	10.72	 1.25	322.71	282.50	289.57	264.98	287.61	0	53.00
2011	3	25	10.863	5927.4526	83.4526	24.4526	 1.75	 0.10	204.57	 1.72	 0.34	 1.00	10.97	 1.26	322.85	282.51	289.92	265.64	290.71	0	53.13
2011	3	25	11.749	5927.4897	83.4895	24.4895	 1.28	 0.05	204.05	 1.54	 6.37	 0.96	10.83	 1.20	322.69	283.51	289.00	267.57	288.29	0	53.51
2011	3	25	13.104	5927.5459	83.5460	24.5460	 1.33	 0.07	205.30	 2.28	 3.09	 1.00	10.75	 1.19	322.70	287.12	292.83	269.75	293.90	0	53.95
2011	3	25	13.981	5927.5825	83.5826	24.5825	 1.25	 0.07	204.45	 2.37	 2.30	 1.00	10.73	 1.21	322.59	289.95	296.46	270.16	294.48	0	54.03
2011	3	25	14.418	5927.6006	83.6008	24.6008	 1.25	 0.08	198.88	 2.85	 7.77	 1.00	10.72	 1.08	322.24	291.32	297.95	270.93	295.73	0	54.19
2011	3	25	17.069	5927.7114	83.7112	24.7112	 1.23	 0.11	189.15	 3.74	32.57	 0.96	10.75	 1.03	322.37	296.51	301.44	278.18	302.83	0	55.64
2011	3	25	22.867	5927.9526	83.9528	24.9528	 1.29	 0.09	202.97	 2.98	 2.27	 1.00	10.73	 1.23	322.54	287.93	295.99	265.68	296.44	0	53.14
2011	3	25	23.307	5927.9712	83.9711	24.9711	 1.09	 0.05	194.46	 2.46	 2.33	 1.00	10.73	 1.17	322.60	286.74	292.26	265.44	 0.00	0	53.09
2011	3	25	23.747	5927.9893	83.9895	24.9895	 1.02	 0.04	195.77	 2.13	 4.16	 0.99	10.78	 1.25	322.81	285.80	292.17	 0.00	294.00	0	54.00
2011	3	26	0.659	5928.0273	84.0275	25.0275	 1.05	 0.05	196.41	 2.53	 4.32	 1.00	10.80	 1.27	323.54	284.36	290.54	 0.00	292.60	0	54.00
2011	3	26	1.101	5928.0459	84.0459	25.0459	 1.18	 0.06	196.87	 2.44	 5.93	 0.99	10.87	 1.19	323.35	283.89	290.55	 0.00	292.08	0	54.00
2011	3	26	1.989	5928.0830	84.0829	25.0829	 1.04	 0.04	198.57	 2.24	 2.83	 1.00	10.72	 1.18	323.28	283.16	290.33	 0.00	 0.00	0	54.00
2011	3	26	2.459	5928.1025	84.1025	25.1025	 1.10	 0.05	197.08	 2.40	 3.52	 1.00	10.92	 1.17	323.12	282.76	289.73	265.11	291.13	0	53.02
2011	3	26	3.353	5928.1396	84.1397	25.1397	 1.09	 0.06	195.31	 2.77	 9.81	 0.98	11.00	 1.26	323.07	282.31	288.31	265.14	 0.00	0	53.03
2011	3	26	4.240	5928.1768	84.1767	25.1767	 1.10	 0.05	195.47	 2.08	 4.58	 0.99	10.77	 1.27	322.67	281.93	288.78	265.09	 0.00	0	53.02
2011	3	26	4.705	5928.1958	84.1960	25.1960	 0.82	 0.04	199.97	 3.03	 6.16	 0.99	10.85	 1.29	322.65	281.71	289.65	265.11	286.87	0	53.02
2011	3	26	6.027	5928.2510	84.2511	25.2511	 0.90	 0.03	191.44	 1.98	 4.78	 0.97	10.77	 1.28	322.41	281.18	287.20	265.16	287.88	0	53.03
2011	3	26	6.961	5928.2900	84.2901	25.2901	 0.79	 0.05	192.54	 4.07	 2.68	 1.00	10.83	 1.23	322.88	280.80	285.60	 0.00	285.98	0	54.00
2011	3	26	8.731	5928.3638	84.3638	25.3638	 0.65	 0.04	189.18	 5.20	 2.69	 1.00	10.72	 1.12	323.68	280.31	286.22	265.00	288.20	0	53.00
2011	3	26	9.198	5928.3833	84.3832	25.3832	 0.69	 0.05	188.74	 4.63	 6.93	 0.99	10.77	 1.12	323.63	280.16	284.98	 0.00	285.20	0	54.00
2011	3	26	9.639	5928.4014	84.4016	25.4016	 0.69	 0.04	188.19	 3.99	 9.54	 0.97	10.82	 1.15	323.45	280.06	285.37	264.77	286.54	0	52.95
2011	3	26	10.965	5928.4570	84.4569	25.4569	 0.79	 0.03	195.64	 2.67	 1.27	 1.00	10.80	 1.19	323.20	279.98	286.47	 0.00	287.83	0	54.00
2011	3	26	11.432	5928.4766	84.4764	25.4764	 0.85	 0.04	191.97	 2.69	 2.61	 1.00	10.75	 1.24	323.51	280.45	286.47	 0.00	287.97	0	54.00
2011	3	26	11.877	5928.4951	84.4949	25.4949	 0.87	 0.04	188.93	 2.65	 1.94	 1.00	10.83	 1.20	323.23	281.34	286.06	265.61	289.73	0	53.12
2011	3	26	13.195	5928.5498	84.5498	25.5498	 0.79	 0.04	204.52	 3.46	20.45	 0.88	10.72	 1.18	323.64	286.00	291.71	271.28	290.45	0	54.26
2011	3	26	13.660	5928.5693	84.5692	25.5692	 1.00	 0.04	197.26	 2.09	20.63	 0.72	10.85	 1.24	323.47	288.09	294.92	273.29	295.38	0	54.66
2011	3	26	14.539	5928.6060	84.6058	25.6058	 0.77	 0.04	215.71	 3.46	15.24	 0.92	10.70	 1.22	321.48	291.94	299.88	274.75	299.26	0	54.95
2011	3	26	14.976	5928.6240	84.6240	25.6240	 0.99	 0.05	197.12	 2.69	 3.80	 1.00	10.73	 1.18	320.25	293.45	302.14	274.05	 0.00	0	54.81
2011	3	26	15.414	5928.6421	84.6422	25.6422	 1.08	 0.04	205.09	 1.76	 3.11	 0.99	10.77	 1.19	320.53	294.71	304.42	274.97	301.25	0	54.99
2011	3	26	15.878	5928.6616	84.6616	25.6616	 1.06	 0.06	203.39	 2.87	 9.42	 0.99	10.75	 1.11	320.60	295.71	305.48	276.41	304.90	0	55.28
2011	3	26	17.191	5928.7163	84.7163	25.7163	 1.49	 0.08	205.80	 1.93	 1.90	 1.00	10.73	 1.17	319.07	297.24	307.29	279.72	306.03	0	55.94
2011	3	26	17.629	5928.7344	84.7345	25.7345	 1.50	 0.12	204.60	 2.83	10.38	 0.99	10.75	 1.19	318.80	297.60	308.22	279.72	306.67	0	55.94
2011	3	26	18.091	5928.7539	84.7538	25.7538	 1.51	 0.09	206.32	 2.21	 2.50	 1.00	10.80	 1.19	317.72	297.65	307.66	279.16	304.11	0	55.83
2011	3	26	23.417	5928.9756	84.9757	25.9757	 3.22	 1.43	216.85	 4.94	92.54	 0.98	10.92	 1.24	323.86	281.96	289.11	265.51	 0.00	0	53.10
2011	3	26	23.859	5928.9941	84.9941	25.9941	 2.41	 0.17	208.55	 1.40	 3.97	 0.99	10.75	 1.25	323.52	282.12	287.98	265.22	 0.00	0	53.04
2011	3	27	0.298	5929.0122	85.0124	26.0124	 2.71	 0.25	207.69	 1.42	 0.45	 1.00	10.75	 1.24	323.51	282.27	287.08	265.18	288.84	0	53.04
2011	3	27	3.012	5929.1255	85.1255	26.1255	 2.28	 0.19	212.98	 1.76	 2.77	 1.00	10.73	 1.25	323.62	282.50	290.69	265.08	290.84	0	53.02
2011	3	27	4.786	5929.1992	85.1994	26.1994	 2.15	 0.16	204.07	 1.71	 7.10	 0.99	10.92	 1.20	323.39	282.24	286.51	 0.00	290.47	0	54.00
2011	3	27	7.532	5929.3140	85.3138	26.3138	 2.09	 0.18	205.94	 2.06	 4.12	 1.00	10.93	 1.19	323.57	282.00	287.39	265.05	288.60	0	53.01
2011	3	27	8.420	5929.3506	85.3508	26.3508	 2.04	 0.15	204.56	 1.79	 2.39	 1.00	10.83	 1.17	323.51	281.86	287.28	265.12	286.89	0	53.02
2011	3	27	9.306	5929.3877	85.3878	26.3878	 2.35	 0.24	208.77	 2.03	 4.14	 1.00	10.88	 1.28	323.71	281.65	289.47	265.18	288.16	0	53.04
2011	3	27	9.775	5929.4072	85.4073	26.4073	 2.42	 0.18	207.54	 1.42	 9.11	 0.96	10.78	 1.26	323.62	281.57	289.13	265.19	 0.00	0	53.04
2011	3	27	12.008	5929.5005	85.5003	26.5003	 2.63	 0.31	202.92	 1.89	 1.87	 1.00	10.87	 1.17	323.75	283.19	286.53	 0.00	289.68	0	54.00
2011	3	27	12.456	5929.5190	85.5190	26.5190	 2.52	 0.18	202.15	 1.21	 3.10	 0.99	10.90	 1.11	323.72	284.42	288.47	267.86	291.13	0	53.57
2011	3	27	12.899	5929.5376	85.5374	26.5374	 2.52	 0.20	207.83	 1.39	 0.31	 1.00	10.82	 1.25	323.86	285.72	291.75	267.50	292.70	0	53.50
2011	3	27	13.339	5929.5557	85.5558	26.5558	 2.34	 0.18	205.09	 1.54	 2.14	 1.00	10.80	 1.18	323.89	287.23	291.80	267.45	 0.00	0	53.49
2011	3	27	13.778	5929.5742	85.5741	26.5741	 2.50	 0.23	206.17	 1.68	 1.58	 1.00	10.82	 1.27	323.98	288.74	294.78	269.48	294.69	0	53.90
2011	3	27	14.243	5929.5933	85.5935	26.5935	 2.06	 0.14	204.26	 1.71	 4.50	 1.00	10.75	 1.15	324.25	290.25	297.19	270.16	297.40	0	54.03
2011	3	27	15.554	5929.6479	85.6481	26.6481	 2.00	 0.19	200.84	 2.37	 5.22	 1.00	10.75	 1.03	322.46	294.52	302.24	274.53	301.05	0	54.91
2011	3	27	15.992	5929.6665	85.6663	26.6663	 2.05	 0.21	204.21	 2.53	 6.87	 1.00	10.77	 1.04	321.69	295.41	306.27	276.24	301.96	0	55.25
2011	3	27	17.332	5929.7222	85.7222	26.7222	 1.74	 0.21	201.01	 3.71	23.56	 0.99	10.72	 1.10	320.53	297.17	305.81	278.36	 0.00	0	55.67
2011	3	27	19.554	5929.8149	85.8147	26.8147	 2.31	 0.43	196.49	 3.69	 9.90	 1.00	10.73	 1.03	320.83	295.96	304.98	279.41	304.74	0	55.88
2011	3	27	20.438	5929.8516	85.8516	26.8516	 1.36	 0.21	191.86	 5.86	21.35	 1.00	10.98	 0.98	321.22	294.03	302.88	272.89	299.32	0	54.58
2011	3	27	23.140	5929.9644	85.9642	26.9642	 1.23	 0.10	202.97	 3.69	 9.93	 1.00	11.03	 1.20	324.13	285.71	295.04	264.46	293.66	0	52.89
2011	3	28	1.391	5930.0581	86.0579	27.0579	 0.97	 0.06	194.81	 3.18	 2.64	 1.00	11.08	 1.20	324.77	282.52	287.46	265.22	289.09	0	53.04
2011	3	28	1.834	5930.0762	86.0764	27.0764	 0.93	 0.04	199.36	 2.52	 7.88	 0.97	10.75	 1.29	324.80	282.23	289.93	265.21	290.49	0	53.04
2011	3	28	2.272	5930.0947	86.0947	27.0947	 0.88	 0.03	194.34	 2.11	 4.10	 0.98	10.92	 1.22	324.89	281.93	286.73	265.25	286.89	0	53.05
2011	3	28	4.979	5930.2075	86.2074	27.2074	 0.85	 0.05	194.97	 3.79	 6.77	 0.99	10.90	 1.23	324.95	280.91	288.40	 0.00	285.85	0	54.00
2011	3	28	5.423	5930.2261	86.2260	27.2260	 0.79	 0.03	187.99	 2.63	 3.44	 0.99	10.83	 1.17	324.76	280.84	284.82	 0.00	289.04	0	54.00
2011	3	28	5.893	5930.2456	86.2455	27.2455	 0.88	 0.04	193.10	 2.61	 1.79	 1.00	10.80	 1.26	324.73	280.95	287.79	 0.00	 0.00	0	54.00
2011	3	28	6.336	5930.2642	86.2640	27.2640	 0.79	 0.04	189.52	 3.30	 5.73	 0.99	10.83	 1.21	324.75	281.08	285.30	264.94	289.24	0	52.99
2011	3	28	8.624	5930.3594	86.3593	27.3593	 0.74	 0.04	186.06	 3.40	 2.62	 1.00	10.77	 1.21	324.90	281.07	285.83	265.05	289.10	0	53.01
2011	3	28	9.066	5930.3779	86.3778	27.3778	 0.73	 0.04	184.92	 3.64	 1.99	 1.00	10.75	 1.20	324.82	281.03	286.43	265.04	 0.00	0	53.01
2011	3	28	10.423	5930.4341	86.4343	27.4343	 0.79	 0.04	188.29	 3.16	 0.62	 1.00	10.95	 1.25	324.92	280.97	287.09	265.00	288.93	0	53.00
2011	3	28	11.755	5930.4897	86.4898	27.4898	 0.74	 0.04	189.65	 3.43	 5.54	 0.99	10.80	 1.29	325.02	282.06	288.55	 0.00	290.29	0	54.00
2011	3	28	13.100	5930.5459	86.5458	27.5458	 0.65	 0.05	187.62	 5.27	 8.64	 0.99	10.88	 1.15	325.23	285.60	292.84	265.82	292.44	0	53.16
2011	3	28	13.979	5930.5825	86.5825	27.5825	 0.72	 0.05	185.46	 4.59	 8.00	 0.99	10.77	 1.19	325.03	288.65	296.66	269.13	295.58	0	53.83
2011	3	28	14.883	5930.6201	86.6201	27.6201	 0.84	 0.06	191.90	 4.51	14.58	 0.99	10.75	 1.17	322.49	291.72	299.47	270.52	298.08	0	54.10
2011	3	28	19.756	5930.8232	86.8232	27.8232	 1.10	 0.14	196.48	 5.98	10.54	 1.00	10.78	 1.08	323.77	294.39	302.46	274.93	302.83	0	54.99
2011	3	28	23.797	5930.9917	86.9916	27.9916	 1.31	 0.07	201.74	 2.20	 5.19	 1.00	10.80	 1.25	325.24	284.82	293.52	265.62	292.86	0	53.12
2011	3	29	0.240	5931.0098	87.0100	28.0100	 0.91	 0.06	192.64	 3.76	 4.23	 1.00	10.83	 1.21	325.12	283.92	291.84	263.66	291.86	0	52.73
2011	3	29	1.125	5931.0469	87.0469	28.0469	 0.71	 0.05	190.81	 4.69	 9.51	 0.99	10.72	 1.16	325.22	282.90	288.84	265.09	289.39	0	53.02
2011	3	29	1.569	5931.0654	87.0654	28.0654	 0.70	 0.04	191.14	 3.98	 9.24	 0.97	10.72	 1.15	325.03	282.63	288.14	 0.00	 0.00	0	54.00
2011	3	29	5.170	5931.2153	87.2154	28.2154	 0.80	 0.05	183.64	 3.60	 3.40	 1.00	10.87	 1.21	325.02	281.48	286.82	 0.00	288.05	0	54.00
2011	3	29	5.613	5931.2339	87.2339	28.2339	 0.76	 0.05	187.87	 4.44	 1.88	 1.00	10.80	 1.22	325.03	281.37	287.57	 0.00	289.40	0	54.00
2011	3	29	6.059	5931.2524	87.2525	28.2525	 0.83	 0.05	186.74	 3.56	 3.20	 1.00	10.82	 1.26	325.17	281.27	286.17	265.08	287.71	0	53.02
2011	3	29	6.971	5931.2905	87.2905	28.2905	 0.81	 0.05	186.88	 3.50	 4.36	 1.00	10.77	 1.27	324.92	281.10	286.16	 0.00	 0.00	0	54.00
2011	3	29	8.301	5931.3457	87.3459	28.3459	 0.85	 0.04	187.38	 2.93	 3.58	 1.00	10.85	 1.28	325.01	280.72	285.20	265.16	 0.00	0	53.03
2011	3	29	10.568	5931.4404	87.4403	28.4403	 0.70	 0.04	188.39	 4.17	 2.50	 1.00	10.78	 1.18	324.93	280.30	284.20	265.02	286.63	0	53.00
2011	3	29	11.919	5931.4966	87.4966	28.4966	 0.79	 0.05	185.14	 3.84	 2.15	 1.00	10.70	 1.25	325.16	281.76	286.99	265.77	288.12	0	53.15
2011	3	29	16.348	5931.6812	87.6812	28.6812	 0.98	 0.06	190.34	 3.23	 9.85	 0.99	10.75	 1.27	325.33	291.04	295.81	275.14	296.07	0	55.03
2011	3	29	17.227	5931.7178	87.7178	28.7178	 0.61	 0.06	197.62	 7.92	40.84	 0.93	10.73	 0.94	324.88	293.62	298.54	275.55	301.90	0	55.11
2011	3	29	18.130	5931.7554	87.7554	28.7554	 1.23	 0.12	189.15	 4.25	 5.49	 1.00	10.73	 1.15	324.77	294.97	303.01	276.04	301.10	0	55.21
2011	3	29	19.011	5931.7920	87.7921	28.7921	 1.31	 0.15	195.43	 4.66	 5.92	 1.00	10.90	 1.15	324.40	295.20	305.05	275.36	301.46	0	55.07
2011	3	29	20.360	5931.8481	87.8483	28.8483	 1.32	 0.15	199.46	 4.72	13.51	 1.00	10.73	 1.10	324.39	293.41	304.62	272.48	300.00	0	54.50
2011	3	29	21.682	5931.9033	87.9034	28.9034	 1.56	 0.10	211.18	 2.42	 5.31	 1.00	10.95	 1.30	324.89	290.08	302.46	268.19	298.65	0	53.64
2011	3	29	23.035	5931.9600	87.9598	28.9598	 1.24	 0.06	200.88	 2.06	 6.57	 0.99	10.90	 1.22	325.14	286.36	293.92	 0.00	 0.00	0	54.00
2011	3	29	23.927	5931.9971	87.9970	28.9970	 1.06	 0.04	195.23	 2.12	 4.95	 0.99	10.90	 1.22	325.08	284.58	293.53	265.48	291.08	0	53.10
2011	3	30	0.841	5932.0352	88.0351	29.0351	 0.93	 0.06	195.60	 3.83	 2.47	 1.00	10.92	 1.19	324.98	283.62	290.57	265.07	288.67	0	53.01
2011	3	30	1.733	5932.0723	88.0722	29.0722	 0.95	 0.03	193.02	 1.96	 1.95	 1.00	10.83	 1.16	324.97	283.35	288.40	266.73	288.41	0	53.35
2011	3	30	2.645	5932.1104	88.1102	29.1102	 1.11	 0.05	198.45	 2.16	 2.59	 1.00	10.88	 1.26	324.96	283.24	290.58	266.39	288.41	0	53.28
2011	3	30	3.538	5932.1475	88.1474	29.1474	 1.09	 0.05	198.78	 2.24	 4.77	 0.99	10.80	 1.28	324.90	283.02	289.31	264.97	291.29	0	52.99
2011	3	30	4.426	5932.1846	88.1844	29.1844	 1.05	 0.06	200.36	 3.04	 8.43	 0.99	11.00	 1.27	325.01	282.98	290.31	265.25	288.12	0	53.05
2011	3	30	6.226	5932.2593	88.2594	29.2594	 1.18	 0.05	197.44	 1.98	 2.04	 1.00	10.78	 1.29	325.03	282.76	288.56	264.95	289.38	0	52.99
2011	3	30	7.139	5932.2974	88.2975	29.2975	 1.11	 0.05	194.66	 2.10	 2.31	 1.00	10.82	 1.22	325.10	282.56	288.86	 0.00	 0.00	0	54.00
2011	3	30	10.312	5932.4297	88.4297	29.4297	 1.26	 0.05	200.54	 1.74	 5.39	 0.98	10.85	 1.26	325.09	282.52	288.90	266.03	 0.00	0	53.21
2011	3	30	10.759	5932.4482	88.4483	29.4483	 1.21	 0.06	201.31	 2.08	 6.91	 0.98	10.82	 1.24	325.17	282.52	289.12	264.83	287.53	0	52.97
2011	3	30	12.102	5932.5044	88.5043	29.5043	 1.20	 0.07	199.61	 2.74	 1.81	 1.00	10.73	 1.24	325.36	284.89	289.76	271.36	293.75	0	54.27
2011	3	30	13.418	5932.5591	88.5591	29.5591	 1.06	 0.05	202.66	 2.33	 2.10	 1.00	10.73	 1.11	325.19	290.16	295.86	276.94	293.93	0	55.39
2011	3	30	13.880	5932.5781	88.5783	29.5783	 1.12	 0.05	199.84	 2.24	 0.48	 1.00	10.77	 1.07	324.15	291.90	298.28	277.91	 0.00	0	55.58
2011	3	30	14.319	5932.5967	88.5966	29.5966	 1.44	 0.06	205.18	 1.70	 1.13	 1.00	10.72	 1.17	322.33	293.82	301.76	277.70	301.33	0	55.54
2011	3	30	15.194	5932.6333	88.6331	29.6331	 1.35	 0.06	202.06	 1.93	 1.83	 1.00	10.73	 1.05	321.64	296.73	306.60	278.89	304.01	0	55.78
2011	3	30	16.531	5932.6890	88.6888	29.6888	 1.31	 0.06	200.01	 1.97	 2.65	 1.00	10.78	 1.05	320.42	298.88	308.99	281.47	306.19	0	56.29
2011	3	30	17.847	5932.7437	88.7436	29.7436	 1.52	 0.08	205.48	 2.01	 3.86	 1.00	10.75	 1.23	323.01	299.99	311.61	281.52	307.03	0	56.30
2011	3	30	18.309	5932.7627	88.7629	29.7629	 1.55	 0.11	205.77	 2.61	 2.86	 1.00	10.77	 1.18	322.85	299.84	312.52	 0.00	307.05	0	54.00
2011	3	30	19.192	5932.7998	88.7997	29.7997	 1.44	 0.11	199.35	 2.77	 4.05	 1.00	10.92	 1.09	322.59	298.86	311.27	278.42	304.01	0	55.68
2011	3	30	20.079	5932.8364	88.8366	29.8366	 1.36	 0.13	191.64	 3.61	 4.19	 1.00	10.88	 1.04	322.85	297.01	305.48	276.32	304.19	0	55.26
2011	3	30	20.547	5932.8560	88.8561	29.8561	 1.27	 0.11	198.68	 3.81	 3.84	 1.00	10.82	 1.04	323.11	295.74	306.73	274.71	303.04	0	54.94
2011	3	30	21.428	5932.8931	88.8928	29.8928	 1.65	 0.49	208.92	 9.83	82.33	 1.00	10.80	 1.23	323.60	292.98	310.29	271.87	 0.00	0	54.37
2011	3	30	22.318	5932.9297	88.9299	29.9299	 1.55	 0.09	203.68	 2.12	12.76	 0.97	10.77	 1.21	322.39	289.87	295.93	265.94	295.49	0	53.19
2011	3	30	22.789	5932.9497	88.9495	29.9495	 1.43	 0.06	206.42	 1.71	 4.15	 0.99	10.78	 1.15	322.45	288.41	299.85	265.62	 0.00	0	53.12
2011	3	30	23.673	5932.9863	88.9864	29.9864	 1.50	 0.05	204.68	 1.25	 5.02	 0.96	10.83	 1.29	322.61	286.65	296.40	 0.00	295.19	0	54.00
2011	3	31	0.564	5933.0234	89.0235	30.0235	 1.45	 0.09	202.45	 2.22	 3.34	 1.00	10.73	 1.25	323.46	285.68	293.33	267.37	 0.00	0	53.47
2011	3	31	1.029	5933.0430	89.0429	30.0429	 1.60	 0.10	204.84	 2.18	 1.61	 1.00	10.93	 1.21	323.93	285.31	294.40	267.37	293.75	0	53.47
2011	3	31	1.916	5933.0801	89.0798	30.0798	 1.46	 0.06	205.28	 1.69	 3.29	 1.00	10.78	 1.25	324.61	284.95	292.48	268.08	293.65	0	53.62
2011	3	31	2.357	5933.0981	89.0982	30.0982	 1.25	 0.06	204.24	 2.21	 1.59	 1.00	10.82	 1.26	324.87	284.86	291.36	267.89	290.21	0	53.58
2011	3	31	3.270	5933.1362	89.1363	30.1363	 1.18	 0.05	197.70	 1.76	 3.51	 0.99	10.83	 1.21	325.44	284.46	292.02	 0.00	292.84	0	54.00
2011	3	31	7.296	5933.3042	89.3040	30.3040	 0.96	 0.03	190.73	 1.91	 7.28	 0.93	10.80	 1.15	325.56	283.39	290.40	 0.00	 0.00	0	54.00
2011	3	31	7.767	5933.3237	89.3236	30.3236	 0.95	 0.06	191.13	 3.28	 6.75	 0.99	10.78	 1.14	325.63	283.30	288.23	 0.00	290.01	0	54.00
2011	3	31	9.098	5933.3789	89.3791	30.3791	 1.20	 0.06	196.14	 2.17	 5.48	 0.99	10.80	 1.23	325.63	283.18	289.10	265.23	289.67	0	53.05
2011	3	31	10.042	5933.4185	89.4184	30.4184	 1.07	 0.05	196.48	 2.13	 5.85	 0.98	10.77	 1.18	325.49	282.82	290.13	264.93	289.41	0	52.99
2011	3	31	10.494	5933.4370	89.4372	30.4372	 1.08	 0.04	197.82	 1.78	 4.02	 0.98	10.95	 1.29	325.36	282.64	289.72	 0.00	289.18	0	54.00
2011	3	31	12.293	5933.5122	89.5122	30.5122	 0.92	 0.05	188.58	 2.89	 8.75	 0.98	10.83	 1.06	325.67	285.03	288.08	268.76	291.77	0	53.75
2011	3	31	14.045	5933.5854	89.5852	30.5852	 1.12	 0.04	200.25	 1.55	 6.10	 0.94	10.77	 1.27	325.43	291.23	298.32	273.39	298.34	0	54.68
2011	3	31	14.509	5933.6045	89.6045	30.6045	 1.15	 0.05	198.01	 2.13	 1.39	 1.00	10.77	 1.17	325.08	292.91	299.92	273.81	300.05	0	54.76
2011	3	31	16.722	5933.6968	89.6967	30.6967	 1.43	 0.10	193.21	 2.65	11.04	 0.99	10.75	 0.96	323.11	297.92	305.66	279.82	304.55	0	55.96
2011	3	31	19.374	5933.8071	89.8073	30.8073	 1.71	 0.14	197.06	 2.47	 3.81	 1.00	10.72	 1.14	322.53	298.09	307.66	276.91	 0.00	0	55.38
2011	3	31	21.614	5933.9004	89.9006	30.9006	 1.36	 0.36	192.35	10.34	46.83	 1.00	10.73	 0.94	322.74	292.01	301.88	271.76	300.91	0	54.35
2011	3	31	22.499	5933.9375	89.9374	30.9374	 1.19	 0.13	195.48	 4.95	 6.85	 1.00	10.78	 0.99	324.22	288.85	293.15	265.84	297.23	0	53.17
2011	3	31	23.405	5933.9751	89.9752	30.9752	 1.56	 0.11	199.70	 2.38	 4.41	 1.00	10.90	 1.11	324.52	286.47	292.01	265.50	 0.00	0	53.10
