2012	7	1	1.575	6391.0654	182.0656	0.0656	 0.71	 0.03	188.49	 2.74	 2.84	 0.99	10.75	 1.28	322.60	281.92	289.43	 0.00	290.21	0	54.00
2012	7	1	2.016	6391.0840	182.0840	0.0840	 0.74	 0.05	186.44	 4.81	 3.88	 1.00	10.75	 1.24	322.75	281.69	288.53	264.99	288.49	0	53.00
2012	7	1	3.342	6391.1392	182.1393	0.1393	 0.70	 0.03	186.27	 3.29	 2.68	 1.00	10.78	 1.16	322.47	281.19	286.48	264.94	287.93	0	52.99
2012	7	1	3.806	6391.1587	182.1586	0.1586	 0.78	 0.03	182.42	 2.53	 3.65	 0.99	10.77	 1.18	322.45	281.10	287.74	264.90	289.46	0	52.98
2012	7	1	4.251	6391.1772	182.1771	0.1771	 0.80	 0.05	183.85	 3.91	 1.85	 1.00	10.80	 1.28	322.83	281.02	286.89	264.97	287.74	0	52.99
2012	7	1	5.137	6391.2139	182.2141	0.2141	 0.76	 0.04	189.86	 3.64	 1.89	 1.00	10.75	 1.26	322.73	280.84	289.29	264.96	 0.00	0	52.99
2012	7	1	6.486	6391.2700	182.2702	0.2703	 0.76	 0.04	183.40	 3.05	 3.56	 0.99	10.78	 1.25	322.66	280.53	290.03	265.01	287.25	0	53.00
2012	7	1	6.927	6391.2886	182.2887	0.2886	 0.61	 0.05	180.07	 6.48	 3.76	 1.00	10.77	 1.11	322.84	280.47	286.90	264.94	287.13	0	52.99
2012	7	1	8.273	6391.3447	182.3447	0.3447	 0.79	 0.05	180.37	 3.51	 2.06	 1.00	10.88	 1.23	322.80	280.11	287.38	265.01	286.89	0	53.00
2012	7	1	9.158	6391.3813	182.3816	0.3816	 0.77	 0.04	188.06	 3.23	 7.17	 0.98	10.80	 1.29	322.79	279.90	287.36	264.77	 0.00	0	52.95
2012	7	1	10.046	6391.4185	182.4186	0.4186	 0.70	 0.03	186.21	 3.40	11.28	 0.92	10.80	 1.19	322.95	279.66	284.71	264.91	287.45	0	52.98
2012	7	1	10.514	6391.4380	182.4381	0.4381	 0.65	 0.04	189.60	 4.74	 1.51	 1.00	10.83	 1.13	322.87	279.59	284.13	264.96	 0.00	0	52.99
2012	7	1	11.842	6391.4937	182.4934	0.4934	 0.78	 0.03	188.01	 2.71	 4.91	 0.98	10.75	 1.28	322.84	280.63	287.23	265.06	286.82	0	53.01
2012	7	1	12.282	6391.5117	182.5118	0.5118	 0.74	 0.04	179.58	 3.88	 9.25	 0.98	10.78	 1.16	322.99	281.76	285.27	265.34	287.90	0	53.07
2012	7	1	13.624	6391.5679	182.5677	0.5677	 0.58	 0.17	206.92	26.64	37.69	 1.00	10.73	 1.19	322.71	285.71	291.67	 0.00	292.02	0	54.00
2012	7	1	16.721	6391.6968	182.6967	0.6967	 0.57	 0.06	191.14	 8.36	13.47	 0.99	10.75	 1.00	320.63	293.60	301.44	279.59	299.56	0	55.92
2012	7	1	17.184	6391.7158	182.7160	0.7160	 0.90	 0.04	191.83	 2.60	 0.59	 1.00	10.78	 1.24	320.22	294.57	305.69	 0.00	300.57	0	54.00
2012	7	1	17.623	6391.7344	182.7343	0.7343	 0.87	 0.04	190.77	 2.99	 3.27	 1.00	10.73	 1.28	319.34	295.06	305.27	277.29	301.12	0	55.46
2012	7	1	18.938	6391.7891	182.7891	0.7891	 0.84	 0.03	191.48	 2.34	 9.74	 0.90	10.72	 1.21	319.03	295.10	305.53	276.29	299.19	0	55.26
2012	7	1	19.401	6391.8086	182.8084	0.8084	 0.82	 0.04	199.46	 3.37	 6.16	 0.99	10.77	 1.18	319.31	294.47	307.83	272.85	298.68	0	54.57
2012	7	1	19.839	6391.8267	182.8266	0.8266	 0.81	 0.05	195.09	 4.28	 6.51	 1.00	10.80	 1.14	319.56	293.64	304.38	267.15	299.83	0	53.43
2012	7	1	20.277	6391.8447	182.8449	0.8449	 0.81	 0.05	191.39	 4.11	 1.69	 1.00	10.73	 1.12	319.45	292.34	302.81	266.01	300.49	0	53.20
2012	7	1	21.625	6391.9009	182.9010	0.9010	 0.51	 0.29	180.35	47.31	198.09	 1.00	10.73	 0.88	322.40	287.42	295.46	265.91	295.15	0	53.18
2012	7	1	22.512	6391.9380	182.9380	0.9380	 0.91	 0.05	186.21	 3.18	 5.35	 1.00	10.88	 1.15	322.28	285.06	293.15	265.59	293.03	0	53.12
2012	7	1	22.957	6391.9565	182.9565	0.9565	 0.73	 0.10	195.58	 9.18	 4.63	 1.00	10.83	 1.09	322.25	284.23	289.52	265.27	289.58	0	53.05
2012	7	1	23.399	6391.9751	182.9750	0.9750	 0.93	 0.06	195.81	 3.44	 3.03	 1.00	10.75	 1.23	322.42	283.62	292.49	265.16	288.95	0	53.03
# Unit 3, Cerro Chajnantor CCAT, Filter  0,  Slot 1, 350 um (616) & yellow
#				days
#				since		day of	day of
# yr	mo	dy	 time	1/1/1995	year	month	Tau	unc	Tatm	unc	mse	fitgood	Etime	R	Thot	Twarm	Tchop	Tamb	<Tint>	Filter	Toff
# 1	2	3	4	5		6	7	8	9	10	11	12	13	14	15	16	17	18	19	20	21	22
2012	7	2	1.656	6392.0688	183.0690	1.0690	 0.95	 0.05	196.77	 3.23	 0.79	 1.00	10.78	 1.24	322.94	281.39	289.33	263.76	286.57	0	52.75
2012	7	2	2.567	6392.1069	183.1069	1.1069	 0.89	 0.06	192.84	 3.95	 1.45	 1.00	10.87	 1.22	323.09	280.55	288.29	262.65	287.17	0	52.53
2012	7	2	3.897	6392.1626	183.1624	1.1624	 0.81	 0.04	193.81	 3.11	 4.01	 1.00	10.80	 1.21	322.92	279.62	286.95	 0.00	286.09	0	54.00
2012	7	2	4.369	6392.1821	183.1821	1.1820	 0.88	 0.04	196.07	 2.82	 2.84	 1.00	10.83	 1.24	322.95	279.41	287.46	 0.00	 0.00	0	54.00
2012	7	2	4.812	6392.2007	183.2005	1.2005	 0.91	 0.05	194.36	 3.17	 2.91	 1.00	10.73	 1.20	322.94	279.23	286.73	262.83	 0.00	0	52.57
2012	7	2	6.138	6392.2559	183.2558	1.2558	 0.82	 0.06	194.65	 4.35	 5.57	 1.00	10.87	 1.12	322.60	278.65	283.29	261.57	283.58	0	52.31
2012	7	2	6.607	6392.2754	183.2753	1.2753	 1.05	 0.05	197.92	 2.43	 4.63	 0.99	10.98	 1.27	322.84	278.48	283.99	261.55	286.31	0	52.31
2012	7	2	7.051	6392.2939	183.2938	1.2938	 0.95	 0.06	196.20	 3.45	 4.24	 1.00	10.73	 1.19	322.60	278.34	282.81	261.17	284.70	0	52.23
2012	7	2	7.495	6392.3125	183.3123	1.3123	 0.97	 0.07	195.63	 3.73	 4.73	 1.00	10.72	 1.19	322.38	278.23	283.98	 0.00	284.52	0	54.00
2012	7	2	7.936	6392.3306	183.3306	1.3306	 0.88	 0.04	200.72	 2.72	 4.10	 0.99	10.80	 1.17	322.34	278.08	283.74	260.99	284.42	0	52.20
2012	7	2	8.376	6392.3491	183.3490	1.3490	 1.07	 0.05	200.41	 2.48	 3.08	 1.00	10.70	 1.25	322.55	278.00	284.31	261.44	284.25	0	52.29
2012	7	2	9.728	6392.4053	183.4053	1.4053	 1.08	 0.04	201.35	 2.11	 0.88	 1.00	10.73	 1.22	322.49	277.82	284.32	260.94	 0.00	0	52.19
2012	7	2	10.169	6392.4238	183.4237	1.4237	 1.10	 0.06	200.07	 2.61	 1.17	 1.00	10.77	 1.26	322.14	277.77	284.64	 0.00	283.96	0	54.00
2012	7	2	11.969	6392.4985	183.4987	1.4987	 1.05	 0.05	200.72	 2.65	 2.48	 1.00	10.73	 1.29	322.17	278.63	285.12	262.58	 0.00	0	52.52
2012	7	2	12.847	6392.5352	183.5353	1.5353	 1.05	 0.05	197.01	 2.65	 1.75	 1.00	10.75	 1.22	322.42	281.27	287.32	266.05	287.24	0	53.21
2012	7	2	13.311	6392.5547	183.5546	1.5546	 1.18	 0.06	198.44	 2.16	 1.57	 1.00	10.80	 1.18	322.56	282.79	287.39	266.40	288.80	0	53.28
2012	7	2	14.629	6392.6094	183.6096	1.6096	 1.12	 0.04	199.78	 1.76	 1.94	 1.00	10.72	 1.14	321.43	286.25	293.77	 0.00	292.80	0	54.00
2012	7	2	15.066	6392.6279	183.6278	1.6278	 1.29	 0.08	199.73	 2.56	 3.20	 1.00	10.77	 1.17	319.90	287.93	294.41	266.60	294.07	0	53.32
2012	7	2	15.529	6392.6470	183.6471	1.6471	 1.11	 0.06	193.53	 2.42	 4.61	 1.00	10.78	 1.09	319.64	289.32	292.80	270.16	295.39	0	54.03
2012	7	2	18.184	6392.7578	183.7577	1.7577	 1.11	 0.08	197.28	 3.33	11.80	 0.99	10.75	 1.10	319.40	294.17	302.34	 0.00	300.12	0	54.00
2012	7	2	19.501	6392.8125	183.8125	1.8125	 1.01	 0.06	188.84	 2.92	 5.62	 1.00	10.72	 0.98	319.40	293.39	303.21	270.35	299.49	0	54.07
2012	7	2	23.962	6392.9985	183.9984	1.9984	 1.34	 0.07	199.54	 2.12	 8.47	 0.98	10.70	 1.12	322.00	281.08	288.13	259.83	 0.00	0	51.97
2012	7	3	0.452	6393.0190	184.0188	2.0188	 1.47	 0.07	204.95	 1.78	 4.22	 0.99	10.83	 1.26	321.92	280.40	288.81	259.80	 0.00	0	51.96
2012	7	3	1.337	6393.0557	184.0557	2.0557	 1.41	 0.07	198.36	 1.87	 2.04	 1.00	10.77	 1.24	321.68	279.36	286.22	 0.00	285.65	0	54.00
2012	7	3	3.577	6393.1489	184.1490	2.1491	 1.27	 0.06	197.97	 2.15	 4.43	 1.00	10.73	 1.10	322.16	278.14	282.69	260.43	 0.00	0	52.09
2012	7	3	4.930	6393.2056	184.2054	2.2054	 1.43	 0.07	199.81	 1.79	 8.77	 0.97	10.77	 1.20	321.71	277.77	283.55	260.31	282.59	0	52.06
2012	7	3	5.376	6393.2241	184.2240	2.2240	 1.20	 0.06	199.86	 2.20	 7.45	 0.98	10.85	 1.21	321.81	277.64	281.89	260.17	 0.00	0	52.03
2012	7	3	6.707	6393.2793	184.2795	2.2795	 1.35	 0.07	198.84	 2.05	 6.60	 0.99	10.73	 1.27	322.10	277.28	283.08	 0.00	283.53	0	54.00
2012	7	3	7.172	6393.2988	184.2988	2.2988	 1.46	 0.08	203.04	 2.11	 4.08	 1.00	10.78	 1.29	322.08	277.14	284.05	259.98	284.87	0	52.00
2012	7	3	8.953	6393.3730	184.3731	2.3731	 1.31	 0.07	195.29	 2.27	 2.18	 1.00	10.73	 1.12	322.20	276.80	280.73	259.58	282.94	0	51.92
2012	7	3	9.863	6393.4111	184.4110	2.4110	 1.48	 0.09	199.53	 2.21	 0.97	 1.00	10.78	 1.24	322.20	276.63	283.57	259.26	 0.00	0	51.85
2012	7	3	11.669	6393.4863	184.4862	2.4862	 1.37	 0.05	196.15	 1.55	 4.41	 0.98	10.85	 1.19	322.31	276.85	280.41	260.41	 0.00	0	52.08
2012	7	3	14.324	6393.5967	184.5968	2.5968	 1.32	 0.07	195.54	 2.29	 4.00	 1.00	10.77	 1.24	322.71	284.14	289.37	265.75	290.62	0	53.15
2012	7	3	15.202	6393.6333	184.6334	2.6334	 1.26	 0.09	193.91	 3.15	 6.98	 1.00	10.75	 1.21	320.84	286.79	292.50	265.66	292.69	0	53.13
2012	7	3	15.640	6393.6519	184.6517	2.6517	 1.18	 0.09	193.32	 3.43	 6.18	 1.00	10.75	 1.18	320.39	287.78	295.67	266.26	291.18	0	53.25
2012	7	3	16.542	6393.6895	184.6893	2.6892	 1.05	 0.09	196.55	 4.18	 3.10	 1.00	10.75	 1.12	320.36	289.34	297.91	270.47	292.67	0	54.09
2012	7	3	18.321	6393.7632	184.7634	2.7634	 1.08	 0.17	187.33	 7.51	13.17	 1.00	10.77	 0.93	320.05	291.31	299.22	270.71	296.87	0	54.14
2012	7	3	19.197	6393.7998	184.7999	2.7999	 1.33	 0.19	189.86	 5.45	10.20	 1.00	10.75	 1.07	319.90	290.87	299.82	267.07	298.79	0	53.41
2012	7	3	21.859	6393.9106	184.9108	2.9108	 1.46	 0.35	187.68	 8.24	37.70	 1.00	10.73	 1.23	321.18	283.29	288.11	261.09	288.60	0	52.22
2012	7	4	0.104	6394.0044	185.0043	3.0043	 1.44	 0.07	200.34	 1.94	 3.35	 1.00	10.77	 1.20	321.74	278.87	286.00	259.14	283.75	0	51.83
2012	7	4	1.481	6394.0615	185.0617	3.0617	 1.55	 0.08	203.17	 1.80	 6.77	 0.99	10.82	 1.30	322.36	277.47	286.57	258.70	285.23	0	51.74
2012	7	4	1.928	6394.0801	185.0803	3.0803	 1.33	 0.10	195.25	 2.92	 6.06	 1.00	10.83	 1.16	322.48	277.16	280.40	258.71	282.01	0	51.74
2012	7	4	2.818	6394.1172	185.1174	3.1174	 1.43	 0.08	200.37	 2.09	 4.28	 1.00	10.72	 1.21	322.74	276.65	283.55	 0.00	284.28	0	54.00
2012	7	4	3.740	6394.1558	185.1558	3.1558	 1.57	 0.12	198.13	 2.50	 3.34	 1.00	10.87	 1.21	322.50	276.27	281.04	258.60	 0.00	0	51.72
2012	7	4	5.983	6394.2495	185.2493	3.2493	 1.47	 0.14	195.51	 3.36	 9.74	 1.00	10.80	 1.14	322.46	275.52	282.12	 0.00	283.09	0	54.00
2012	7	4	10.035	6394.4180	185.4181	3.4181	 2.06	 0.11	200.85	 1.31	 2.13	 1.00	10.83	 1.17	322.59	274.63	280.18	256.84	 0.00	0	51.37
2012	7	4	10.925	6394.4551	185.4552	3.4552	 2.12	 0.17	199.98	 1.79	 6.31	 0.99	10.78	 1.16	324.76	274.68	279.70	256.87	281.59	0	51.37
2012	7	4	11.378	6394.4741	185.4741	3.4741	 2.47	 0.23	204.56	 1.68	 2.10	 1.00	10.85	 1.22	325.01	274.84	283.12	257.00	281.64	0	51.40
2012	7	4	21.187	6394.8828	185.8828	3.8828	 2.22	 0.22	199.74	 2.13	 5.53	 1.00	10.93	 1.15	325.69	283.91	293.91	259.48	291.29	0	51.90
2012	7	4	23.880	6394.9951	185.9950	3.9950	 1.85	 0.17	199.97	 2.61	 7.48	 1.00	10.82	 1.13	325.22	279.03	286.48	257.33	283.48	0	51.47
2012	7	5	0.776	6395.0322	186.0323	4.0323	 1.92	 0.15	199.44	 2.11	 2.09	 1.00	10.78	 1.20	325.25	277.55	285.02	256.55	 0.00	0	51.31
2012	7	5	1.718	6395.0718	186.0716	4.0716	 1.92	 0.15	197.65	 2.10	10.05	 0.99	10.98	 1.19	325.49	276.45	282.70	256.21	283.69	0	51.24
2012	7	5	2.168	6395.0903	186.0903	4.0903	 1.70	 0.11	195.91	 1.98	 8.35	 0.99	11.00	 1.21	325.08	276.00	283.20	 0.00	283.16	0	54.00
2012	7	5	3.508	6395.1460	186.1462	4.1462	 1.49	 0.10	194.97	 2.32	 7.49	 0.99	10.95	 1.17	325.00	274.95	279.45	255.72	280.69	0	51.14
2012	7	5	4.879	6395.2031	186.2033	4.2033	 1.42	 0.12	192.63	 3.07	 9.69	 1.00	10.87	 1.05	325.07	274.17	279.40	255.51	280.24	0	51.10
2012	7	5	5.772	6395.2407	186.2405	4.2405	 1.45	 0.12	189.99	 2.88	11.10	 0.99	10.73	 1.09	324.81	273.84	278.04	 0.00	280.81	0	54.00
2012	7	5	7.577	6395.3159	186.3157	4.3157	 1.61	 0.17	196.17	 3.50	 4.13	 1.00	10.87	 1.10	324.58	273.38	278.52	255.40	280.15	0	51.08
2012	7	5	8.491	6395.3540	186.3538	4.3538	 1.76	 0.11	194.74	 1.81	 7.43	 0.99	10.77	 1.12	320.51	273.08	279.97	 0.00	 0.00	0	54.00
2012	7	5	12.060	6395.5024	186.5025	4.5025	 1.94	 0.29	191.82	 3.69	14.37	 1.00	10.83	 1.01	324.70	270.17	273.31	255.85	276.81	0	51.17
2012	7	5	13.402	6395.5586	186.5584	4.5584	 1.56	 0.15	196.59	 3.34	 8.91	 1.00	10.80	 1.20	324.97	275.32	278.78	257.20	280.59	0	51.44
2012	7	5	13.841	6395.5767	186.5767	4.5767	 1.56	 0.10	194.95	 2.11	 0.83	 1.00	10.75	 1.23	324.99	276.86	276.81	257.64	284.86	0	51.53
2012	7	5	15.621	6395.6509	186.6509	4.6509	 1.52	 0.14	191.01	 3.07	 6.13	 1.00	10.77	 1.11	324.79	282.26	284.61	260.96	287.34	0	52.19
2012	7	5	18.284	6395.7617	186.7618	4.7618	 2.09	 0.21	191.12	 2.20	 4.74	 1.00	10.78	 1.15	324.39	286.25	288.08	261.61	293.94	0	52.32
2012	7	5	18.721	6395.7798	186.7800	4.7800	 4.46	 2.80	196.78	 2.44	13.93	 0.99	10.75	 1.18	324.51	285.29	290.33	261.01	291.46	0	52.20
2012	7	5	20.500	6395.8540	186.8542	4.8542	 2.06	 0.24	192.12	 2.65	21.34	 0.98	10.75	 1.14	324.56	283.35	290.05	260.29	290.11	0	52.06
2012	7	5	20.939	6395.8726	186.8725	4.8725	 1.80	 0.17	197.87	 2.73	 8.67	 1.00	10.87	 1.21	324.63	282.50	289.01	258.74	291.29	0	51.75
2012	7	5	23.626	6395.9844	186.9844	4.9844	 2.21	 0.86	198.14	 8.24	77.79	 1.00	10.73	 1.20	324.23	277.48	284.26	 0.00	281.86	0	54.00
2012	7	6	0.091	6396.0039	187.0038	5.0038	 2.62	 0.29	194.15	 1.72	 3.57	 1.00	10.77	 1.16	324.22	276.95	282.27	254.19	 0.00	0	50.84
2012	7	6	0.536	6396.0225	187.0223	5.0223	 2.09	 0.21	191.38	 2.29	12.45	 0.99	10.93	 1.19	324.23	276.46	280.27	253.90	 0.00	0	50.78
2012	7	6	0.981	6396.0410	187.0409	5.0409	 1.73	 0.13	189.90	 2.18	 5.52	 1.00	10.85	 1.13	324.13	275.88	280.70	253.90	281.57	0	50.78
2012	7	6	3.259	6396.1357	187.1358	5.1358	 1.20	 0.06	191.34	 2.32	 2.50	 1.00	10.83	 1.18	324.09	272.97	281.09	252.21	 0.00	0	50.44
2012	7	6	3.708	6396.1543	187.1545	5.1545	 1.13	 0.09	187.90	 3.77	 4.18	 1.00	10.90	 1.03	324.08	272.52	278.39	251.96	278.13	0	50.39
2012	7	6	4.153	6396.1729	187.1730	5.1730	 1.18	 0.09	183.60	 3.20	 1.17	 1.00	10.87	 1.03	324.03	272.13	277.75	251.65	276.37	0	50.33
2012	7	6	5.074	6396.2114	187.2114	5.2114	 0.92	 0.05	177.03	 2.77	 1.07	 1.00	11.05	 1.00	324.01	271.38	273.98	 0.00	276.91	0	54.00
2012	7	6	6.873	6396.2866	187.2864	5.2864	 0.68	 0.05	164.71	 4.14	 0.97	 1.00	10.87	 0.91	324.10	270.33	275.65	 0.00	274.44	0	54.00
2012	7	6	8.658	6396.3608	187.3608	5.3608	 0.61	 0.06	163.81	 6.27	 5.54	 1.00	10.75	 0.84	324.01	270.04	274.63	252.35	275.43	0	50.47
2012	7	6	9.125	6396.3804	187.3802	5.3802	 0.75	 0.07	161.32	 4.99	14.70	 0.98	10.78	 0.89	324.07	270.03	274.73	252.38	274.10	0	50.48
2012	7	6	10.011	6396.4170	187.4171	5.4171	 0.47	 0.04	174.34	 7.89	13.99	 0.95	10.77	 0.80	323.90	270.04	273.40	252.12	276.78	0	50.42
2012	7	6	10.458	6396.4355	187.4357	5.4357	 0.39	 0.06	178.73	16.39	19.74	 0.98	10.87	 0.77	324.02	270.07	272.29	 0.00	276.76	0	54.00
2012	7	6	11.819	6396.4927	187.4925	5.4925	 0.62	 0.05	169.55	 4.97	 3.70	 1.00	10.83	 1.04	324.16	271.05	275.56	253.41	 0.00	0	50.68
2012	7	6	12.262	6396.5107	187.5109	5.5109	 0.60	 0.06	174.37	 7.69	 2.43	 1.00	10.73	 1.20	324.26	272.11	277.33	254.11	 0.00	0	50.82
2012	7	6	13.602	6396.5669	187.5667	5.5667	 0.66	 0.05	178.37	 5.21	 9.07	 0.99	10.77	 1.18	324.54	276.11	278.68	255.87	278.21	0	51.17
2012	7	6	14.481	6396.6035	187.6034	5.6034	 0.70	 0.05	181.22	 4.55	 1.17	 1.00	10.75	 1.23	324.49	278.50	283.06	 0.00	284.47	0	54.00
2012	7	6	15.358	6396.6401	187.6399	5.6399	 0.84	 0.06	180.45	 3.95	 2.00	 1.00	10.77	 1.23	324.50	281.81	285.91	260.51	287.26	0	52.10
2012	7	6	15.821	6396.6592	187.6592	5.6592	 0.83	 0.05	184.64	 3.87	 1.54	 1.00	10.85	 1.17	324.58	282.99	286.93	263.22	291.21	0	52.64
2012	7	6	16.260	6396.6777	187.6775	5.6775	 0.84	 0.05	186.90	 3.23	 2.41	 1.00	10.73	 1.18	324.57	283.87	291.04	266.58	289.36	0	53.32
2012	7	6	19.020	6396.7925	187.7925	5.7925	 1.09	 0.08	184.55	 3.40	 7.14	 1.00	10.75	 1.13	324.27	286.54	291.06	266.00	294.00	0	53.20
2012	7	6	19.926	6396.8301	187.8303	5.8303	 1.22	 0.08	190.79	 2.97	 2.19	 1.00	10.77	 1.07	324.45	285.69	293.24	260.47	290.81	0	52.09
2012	7	6	20.806	6396.8667	187.8669	5.8669	 1.29	 0.07	196.32	 2.16	 2.35	 1.00	10.77	 1.16	324.24	283.10	290.88	256.99	288.90	0	51.40
2012	7	6	21.249	6396.8853	187.8854	5.8854	 1.50	 0.10	197.15	 2.46	 4.95	 1.00	10.72	 1.28	324.17	281.54	289.45	256.80	289.59	0	51.36
2012	7	6	22.606	6396.9419	187.9419	5.9419	 1.29	 0.14	197.36	 4.61	 6.60	 1.00	10.88	 1.20	324.04	277.78	289.41	254.40	 0.00	0	50.88
2012	7	7	0.861	6397.0361	188.0359	6.0359	 1.15	 0.06	186.18	 2.35	 4.81	 1.00	10.77	 1.18	324.15	274.28	279.31	 0.00	 0.00	0	54.00
2012	7	7	1.751	6397.0728	188.0730	6.0730	 1.12	 0.05	185.15	 2.10	10.79	 0.94	10.85	 1.13	324.19	273.59	279.91	254.05	280.78	0	50.81
2012	7	7	3.121	6397.1299	188.1300	6.1300	 0.97	 0.05	190.59	 2.87	 2.11	 1.00	10.85	 1.13	324.22	272.89	276.85	254.40	280.06	0	50.88
2012	7	7	3.568	6397.1484	188.1487	6.1487	 0.87	 0.04	189.87	 2.72	 1.79	 1.00	10.87	 1.11	324.13	272.77	278.17	254.33	278.50	0	50.87
2012	7	7	5.378	6397.2241	188.2241	6.2241	 0.82	 0.06	184.94	 4.04	 3.76	 1.00	10.80	 1.03	324.10	272.46	276.33	 0.00	276.81	0	54.00
2012	7	7	7.626	6397.3179	188.3177	6.3177	 0.77	 0.06	180.96	 4.98	 7.33	 1.00	10.72	 1.03	324.07	272.11	275.03	 0.00	 0.00	0	54.00
2012	7	7	8.515	6397.3550	188.3548	6.3548	 0.79	 0.05	178.56	 3.90	 9.30	 0.99	10.75	 1.03	324.06	271.98	275.13	 0.00	276.17	0	54.00
2012	7	7	10.318	6397.4297	188.4299	6.4299	 0.65	 0.06	170.68	 6.06	 0.57	 1.00	10.75	 0.97	324.04	271.66	275.84	 0.00	278.45	0	54.00
2012	7	7	11.204	6397.4668	188.4668	6.4668	 0.68	 0.05	166.08	 4.76	12.05	 0.97	10.72	 0.94	324.07	271.59	276.41	 0.00	275.66	0	54.00
2012	7	7	12.116	6397.5049	188.5049	6.5048	 0.68	 0.04	167.32	 3.67	12.04	 0.92	10.75	 1.21	324.32	273.27	278.51	 0.00	278.51	0	54.00
2012	7	7	12.993	6397.5415	188.5414	6.5414	 0.57	 0.05	167.48	 6.85	 1.67	 1.00	10.75	 1.17	324.51	276.37	276.51	259.34	281.90	0	51.87
2012	7	7	15.211	6397.6338	188.6338	6.6338	 0.56	 0.04	148.05	 4.83	 2.95	 1.00	10.73	 1.27	323.86	284.73	289.14	265.99	290.77	0	53.20
2012	7	7	15.649	6397.6519	188.6520	6.6520	 0.45	 0.07	149.00	11.46	 2.91	 1.00	10.72	 1.18	323.55	286.25	293.13	265.82	292.38	0	53.16
2012	7	7	16.111	6397.6714	188.6713	6.6713	 0.48	 0.04	157.57	 6.29	15.42	 0.89	10.77	 1.22	323.67	287.25	295.35	268.64	296.12	0	53.73
2012	7	7	17.863	6397.7441	188.7443	6.7443	 0.58	 0.05	153.13	 5.59	 2.89	 1.00	10.73	 1.20	324.67	291.47	300.16	275.05	297.25	0	55.01
2012	7	7	18.359	6397.7651	188.7650	6.7650	 0.48	 0.05	159.52	 8.79	 9.20	 0.99	10.77	 1.16	324.74	291.89	299.05	273.28	297.90	0	54.66
2012	7	7	18.798	6397.7832	188.7833	6.7833	 0.46	 0.05	157.40	 8.99	 4.63	 1.00	10.73	 1.17	324.65	291.95	301.30	272.28	298.06	0	54.46
2012	7	8	1.498	6398.0625	189.0624	7.0624	 0.64	 0.06	163.52	 5.72	 3.13	 1.00	10.90	 1.27	324.93	277.66	284.34	 0.00	282.46	0	54.00
2012	7	8	2.828	6398.1177	189.1178	7.1178	 0.55	 0.03	173.60	 4.42	 6.23	 0.97	10.88	 1.29	325.07	277.04	283.70	 0.00	281.87	0	54.00
2012	7	8	3.295	6398.1372	189.1373	7.1373	 0.61	 0.05	170.28	 5.52	 5.61	 1.00	10.77	 1.25	325.11	276.84	284.09	259.16	284.52	0	51.83
2012	7	8	4.185	6398.1743	189.1744	7.1744	 0.48	 0.04	176.98	 6.70	 9.59	 0.97	10.77	 1.24	325.03	276.52	282.85	 0.00	281.28	0	54.00
2012	7	8	5.534	6398.2305	189.2306	7.2306	 0.51	 0.05	169.59	 7.49	13.52	 0.97	10.90	 1.19	324.94	276.04	282.29	 0.00	281.03	0	54.00
2012	7	8	7.310	6398.3047	189.3046	7.3046	 0.52	 0.03	177.19	 5.49	 3.67	 0.99	10.73	 1.21	324.80	275.59	281.84	258.49	283.00	0	51.70
2012	7	8	7.774	6398.3237	189.3239	7.3239	 0.65	 0.05	175.55	 5.31	 8.80	 0.99	10.78	 1.22	324.98	275.47	282.37	258.40	282.97	0	51.68
2012	7	8	11.784	6398.4912	189.4910	7.4910	 2.14	 0.20	202.57	 2.18	 3.38	 1.00	10.85	 1.20	324.91	275.75	282.33	258.15	281.31	0	51.63
2012	7	8	12.249	6398.5103	189.5104	7.5104	 2.52	 0.21	199.19	 1.44	 2.23	 1.00	10.77	 1.17	324.93	276.28	280.60	259.29	280.29	0	51.86
2012	7	8	19.396	6398.8081	189.8082	7.8082	 4.04	 1.01	199.68	 1.38	 3.03	 1.00	10.73	 1.06	319.07	273.42	280.75	260.46	 0.00	0	52.09
2012	7	8	19.837	6398.8267	189.8265	7.8265	 3.77	 0.72	200.90	 1.30	 2.25	 1.00	10.93	 1.25	324.85	274.52	279.73	259.83	281.77	0	51.97
2012	7	8	21.184	6398.8828	189.8826	7.8827	 3.40	 0.62	202.47	 1.66	 6.16	 0.99	10.77	 1.19	324.84	276.68	282.19	259.15	282.63	0	51.83
2012	7	8	21.627	6398.9009	189.9011	7.9011	 3.21	 0.60	197.49	 1.90	 5.25	 1.00	10.80	 1.13	324.82	277.09	279.90	258.90	 0.00	0	51.78
2012	7	9	1.200	6399.0498	190.0500	8.0500	 3.71	 0.65	200.51	 1.24	 1.41	 1.00	10.85	 1.22	324.78	278.19	282.16	259.32	285.16	0	51.86
2012	7	9	2.112	6399.0879	190.0880	8.0880	59.86	 1.00	198.28	 0.00	 8.96	 0.00	10.85	 1.17	324.79	278.29	281.72	259.43	282.48	0	51.89
2012	7	9	2.559	6399.1064	190.1066	8.1066	 3.35	 0.54	201.83	 1.53	 2.32	 1.00	10.88	 1.26	324.82	278.33	282.05	259.54	285.25	0	51.91
2012	7	9	3.917	6399.1631	190.1632	8.1632	 3.83	 0.86	204.57	 1.49	 6.06	 0.99	10.93	 1.29	320.84	278.23	283.99	259.12	282.46	0	51.82
2012	7	9	12.846	6399.5352	190.5352	8.5352	 4.20	 1.71	203.85	 2.01	 4.14	 1.00	10.80	 1.14	323.74	273.96	278.65	259.10	279.07	0	51.82
2012	7	9	13.287	6399.5537	190.5536	8.5536	 3.78	 0.69	199.81	 1.23	 1.67	 1.00	10.82	 1.23	323.77	275.18	278.24	260.07	278.87	0	52.01
2012	7	9	15.081	6399.6284	190.6284	8.6284	33.35	 0.98	210.86	 0.00	134.58	 0.00	10.75	 1.28	323.98	279.24	281.70	261.29	 0.00	0	52.26
2012	7	9	15.521	6399.6465	190.6467	8.6467	 5.06	 3.06	194.79	 1.45	 3.92	 1.00	10.73	 1.21	323.82	279.84	282.31	260.97	288.19	0	52.19
2012	7	9	16.843	6399.7017	190.7018	8.7018	 4.76	 2.29	199.28	 1.50	 2.05	 1.00	10.93	 1.23	323.84	281.13	285.37	261.56	287.33	0	52.31
2012	7	9	18.190	6399.7578	190.7579	8.7579	 3.68	 0.73	199.80	 1.42	 5.91	 0.99	10.75	 1.21	323.81	281.67	287.73	260.91	289.83	0	52.18
2012	7	9	19.561	6399.8149	190.8151	8.8151	 3.96	 1.09	193.94	 1.55	 2.96	 1.00	10.77	 1.06	323.91	281.61	283.66	260.41	287.96	0	52.08
2012	7	9	21.795	6399.9082	190.9081	8.9081	 4.11	 1.08	201.75	 1.38	 3.46	 1.00	10.80	 1.21	323.86	280.30	285.52	258.49	284.82	0	51.70
2012	7	9	23.128	6399.9639	190.9636	8.9636	 4.94	 2.62	199.10	 1.43	 3.06	 1.00	10.75	 1.17	323.80	279.53	283.73	258.53	285.36	0	51.71
2012	7	10	0.922	6400.0386	191.0384	9.0384	 5.11	 3.10	197.62	 1.41	12.13	 0.96	10.75	 1.12	323.83	278.95	282.44	258.96	284.60	0	51.79
2012	7	10	1.364	6400.0566	191.0568	9.0568	 3.89	 1.10	200.37	 1.75	14.26	 0.97	10.82	 1.12	323.80	278.95	283.16	259.00	285.90	0	51.80
2012	7	10	2.276	6400.0947	191.0948	9.0948	 5.15	 3.14	200.29	 1.39	 6.31	 0.99	10.87	 1.22	323.85	278.64	284.01	 0.00	285.64	0	54.00
2012	7	10	2.719	6400.1133	191.1133	9.1133	 4.48	 1.34	196.22	 1.15	 0.54	 1.00	10.82	 1.18	323.82	278.53	280.80	 0.00	285.60	0	54.00
2012	7	10	3.167	6400.1318	191.1319	9.1319	 3.87	 1.15	197.90	 1.84	 3.80	 1.00	10.88	 1.10	323.82	278.46	281.61	259.04	 0.00	0	51.81
2012	7	10	3.608	6400.1504	191.1503	9.1503	 3.73	 0.63	201.06	 1.18	 2.68	 1.00	10.72	 1.16	323.83	278.42	283.64	259.18	283.94	0	51.84
2012	7	10	4.526	6400.1885	191.1886	9.1886	 3.72	 1.08	204.81	 2.08	 3.28	 1.00	10.78	 1.21	323.92	278.33	284.66	259.10	 0.00	0	51.82
2012	7	10	5.411	6400.2256	191.2254	9.2255	 6.20	 9.90	201.40	 1.53	 2.52	 1.00	10.83	 1.23	324.03	278.27	282.81	258.85	282.41	0	51.77
2012	7	10	5.853	6400.2437	191.2439	9.2439	 4.09	 1.14	198.80	 1.46	 0.37	 1.00	10.82	 1.17	323.78	278.25	283.36	258.77	283.73	0	51.75
2012	7	10	6.296	6400.2622	191.2623	9.2623	 5.04	 3.30	197.50	 1.61	 3.63	 1.00	10.88	 1.13	323.84	278.31	284.60	 0.00	285.06	0	54.00
2012	7	10	7.213	6400.3008	191.3006	9.3006	19.12	2772158.36	203.33	 1.06	 5.90	 0.97	11.07	 1.19	323.86	278.12	284.83	258.90	 0.00	0	51.78
2012	7	10	8.543	6400.3560	191.3559	9.3559	 6.23	 8.89	197.79	 1.31	 0.80	 1.00	10.73	 1.19	323.86	278.33	282.69	 0.00	285.15	0	54.00
2012	7	10	10.345	6400.4312	191.4310	9.4310	18.02	1410674.96	200.31	 1.59	13.83	 0.97	10.77	 1.22	323.88	278.27	282.11	258.96	285.06	0	51.79
2012	7	10	13.025	6400.5425	191.5427	9.5427	 2.90	 0.36	200.35	 1.60	 5.58	 0.99	10.73	 1.19	324.07	281.56	286.04	264.94	287.18	0	52.99
2012	7	10	14.365	6400.5986	191.5985	9.5985	 2.95	 0.55	196.22	 2.30	 4.45	 1.00	10.83	 1.09	323.96	285.51	290.01	266.05	294.00	0	53.21
2012	7	10	14.804	6400.6167	191.6168	9.6168	 2.93	 0.35	199.42	 1.54	 1.75	 1.00	10.73	 1.14	323.58	286.21	291.77	265.82	292.25	0	53.16
2012	7	10	17.029	6400.7095	191.7095	9.7095	 3.18	 0.44	201.62	 1.49	 2.61	 1.00	10.83	 1.22	323.61	287.47	293.94	266.37	293.98	0	53.27
2012	7	10	17.932	6400.7471	191.7471	9.7472	 4.25	 1.56	200.82	 1.72	 3.74	 1.00	10.73	 1.15	323.79	286.78	293.44	266.30	291.47	0	53.26
2012	7	10	18.370	6400.7656	191.7654	9.7654	 4.16	 1.60	197.09	 1.90	 4.10	 1.00	10.73	 1.07	323.78	286.42	291.82	264.79	 0.00	0	52.96
2012	7	10	20.185	6400.8408	191.8410	9.8410	 4.07	 1.12	205.13	 1.52	 3.79	 1.00	10.77	 1.24	324.04	284.74	292.48	262.34	 0.00	0	52.47
2012	7	10	20.626	6400.8594	191.8594	9.8594	 4.50	 1.59	202.78	 1.37	 3.26	 1.00	10.75	 1.23	323.97	284.27	291.31	262.20	290.53	0	52.44
2012	7	10	21.956	6400.9150	191.9148	9.9148	 4.20	 1.29	204.15	 1.52	 2.90	 1.00	10.87	 1.26	324.00	283.06	289.57	261.61	290.91	0	52.32
2012	7	10	22.422	6400.9341	191.9343	9.9343	48.83	 1.00	205.60	 0.00	 6.91	 0.00	10.87	 1.28	324.08	282.68	289.67	261.60	288.81	0	52.32
2012	7	11	0.197	6401.0083	192.0082	10.0082	 3.45	 0.61	203.24	 1.55	 4.28	 1.00	10.98	 1.25	324.00	281.70	287.21	261.87	286.28	0	52.37
2012	7	11	0.665	6401.0278	192.0277	10.0277	 3.33	 0.49	203.94	 1.41	 0.35	 1.00	10.80	 1.25	324.12	281.49	287.26	 0.00	289.07	0	54.00
2012	7	11	2.003	6401.0835	192.0834	10.0834	 3.07	 0.47	199.53	 1.74	 5.36	 1.00	10.83	 1.18	323.91	281.19	284.69	 0.00	288.67	0	54.00
2012	7	11	2.916	6401.1216	192.1215	10.1215	 3.85	 0.90	205.33	 1.53	 4.66	 1.00	10.98	 1.21	324.05	281.13	287.08	262.02	285.63	0	52.40
2012	7	11	7.818	6401.3257	192.3258	10.3258	 4.13	 1.60	200.80	 2.00	 4.00	 1.00	10.85	 1.14	318.13	275.99	282.48	 0.00	 0.00	0	54.00
2012	7	11	8.262	6401.3442	192.3443	10.3442	 4.01	 1.17	203.13	 1.67	 7.93	 0.99	10.90	 1.14	323.82	276.62	281.72	261.06	 0.00	0	52.21
2012	7	11	8.709	6401.3628	192.3629	10.3629	 3.52	 0.86	202.06	 2.01	 3.20	 1.00	10.73	 1.16	323.83	277.17	282.08	261.00	282.24	0	52.20
2012	7	11	9.153	6401.3813	192.3814	10.3814	 3.09	 0.39	204.49	 1.48	 3.09	 1.00	10.80	 1.14	323.85	277.63	284.31	260.83	281.62	0	52.17
2012	7	11	10.065	6401.4194	192.4194	10.4194	 3.57	 0.78	196.72	 1.70	 1.56	 1.00	10.77	 1.13	323.86	278.26	282.16	 0.00	282.54	0	54.00
2012	7	11	14.539	6401.6060	192.6058	10.6058	 2.49	 0.35	196.07	 2.42	 2.89	 1.00	10.80	 1.10	322.61	278.00	281.63	266.18	283.11	0	53.24
2012	7	11	16.765	6401.6987	192.6985	10.6985	 2.46	 0.26	198.00	 1.89	 3.98	 1.00	10.75	 1.20	324.12	284.88	291.27	265.90	293.53	0	53.18
2012	7	11	17.204	6401.7168	192.7169	10.7169	 3.45	 0.64	199.93	 1.59	 5.47	 1.00	10.72	 1.27	324.06	285.32	290.80	266.32	289.60	0	53.26
2012	7	11	18.994	6401.7915	192.7914	10.7914	 3.34	 0.54	197.55	 1.48	 3.84	 1.00	10.78	 1.19	324.10	284.86	291.80	 0.00	289.36	0	54.00
2012	7	11	19.439	6401.8101	192.8100	10.8100	16.71	453705.66	203.48	 1.92	 2.27	 1.00	10.95	 1.25	324.00	284.49	292.16	262.29	290.89	0	52.46
2012	7	11	20.320	6401.8467	192.8467	10.8467	 3.22	 0.61	201.63	 1.96	 5.62	 1.00	10.72	 1.16	324.08	283.65	292.18	262.29	291.44	0	52.46
2012	7	11	20.812	6401.8672	192.8672	10.8672	 5.02	 3.68	197.56	 1.82	 1.82	 1.00	10.80	 1.15	324.10	283.19	289.00	261.36	289.42	0	52.27
2012	7	11	22.148	6401.9229	192.9228	10.9228	 4.11	 0.98	200.36	 1.24	 1.26	 1.00	10.73	 1.26	324.05	281.80	287.50	260.06	289.36	0	52.01
2012	7	11	23.058	6401.9609	192.9608	10.9608	 3.09	 0.47	198.33	 1.72	 8.26	 0.99	10.87	 1.13	324.07	281.06	287.73	259.84	288.59	0	51.97
2012	7	11	23.499	6401.9790	192.9791	10.9791	 3.31	 0.56	203.34	 1.65	 5.26	 1.00	10.73	 1.25	323.98	280.77	288.12	259.60	286.82	0	51.92
2012	7	11	23.941	6401.9976	192.9975	10.9975	 4.82	 2.46	201.38	 1.53	 2.53	 1.00	10.80	 1.23	323.99	280.53	287.24	259.48	 0.00	0	51.90
2012	7	12	0.385	6402.0161	193.0160	11.0160	 2.67	 0.34	199.85	 1.98	 1.93	 1.00	10.85	 1.18	323.99	280.28	287.57	259.26	287.67	0	51.85
2012	7	12	3.076	6402.1284	193.1282	11.1282	 2.66	 0.35	201.45	 2.06	 3.31	 1.00	10.88	 1.21	323.93	279.04	285.02	259.18	284.82	0	51.84
2012	7	12	3.547	6402.1479	193.1478	11.1478	 3.20	 0.61	195.21	 1.95	 8.55	 0.99	10.83	 1.16	324.00	278.89	281.60	259.13	283.19	0	51.83
2012	7	12	4.888	6402.2036	193.2037	11.2037	 2.90	 0.35	203.81	 1.60	 4.53	 1.00	10.88	 1.25	323.95	278.56	284.10	259.00	285.67	0	51.80
2012	7	12	5.802	6402.2417	193.2418	11.2418	 5.04	 3.94	194.32	 1.90	 0.49	 1.00	10.85	 1.12	324.05	278.45	281.60	 0.00	 0.00	0	54.00
2012	7	12	8.054	6402.3354	193.3356	11.3356	 1.98	 0.16	201.61	 2.04	 1.41	 1.00	11.02	 1.23	323.89	278.23	282.04	258.54	 0.00	0	51.71
2012	7	12	10.291	6402.4287	193.4288	11.4288	 1.81	 0.12	185.77	 1.69	 0.97	 1.00	10.83	 1.07	323.95	277.94	279.28	 0.00	 0.00	0	54.00
2012	7	12	11.177	6402.4658	193.4657	11.4657	 1.22	 0.07	189.18	 2.58	 3.70	 1.00	10.78	 1.14	323.86	277.19	282.94	 0.00	284.05	0	54.00
2012	7	12	11.619	6402.4839	193.4841	11.4841	 1.34	 0.09	194.73	 2.55	 6.08	 1.00	10.77	 1.21	323.84	276.94	282.78	255.89	282.40	0	51.18
2012	7	12	15.626	6402.6509	193.6511	11.6511	 0.82	 0.05	176.37	 3.56	 8.27	 0.99	10.77	 1.02	323.37	286.86	286.68	266.59	289.94	0	53.32
2012	7	12	17.404	6402.7251	193.7252	11.7252	 0.96	 0.04	177.35	 2.07	13.90	 0.82	10.78	 1.08	322.20	292.92	298.07	283.39	301.47	0	56.68
2012	7	12	20.498	6402.8540	193.8541	11.8541	 1.39	 0.07	192.47	 1.80	 7.41	 0.98	10.73	 1.22	320.19	290.10	300.13	262.83	296.92	0	52.57
2012	7	12	23.672	6402.9863	193.9863	11.9863	 1.20	 0.07	194.37	 2.55	 8.85	 0.99	10.78	 1.11	322.69	280.28	286.04	259.50	 0.00	0	51.90
2012	7	13	0.118	6403.0049	194.0049	12.0049	 1.32	 0.10	192.40	 3.04	 5.82	 1.00	10.80	 1.17	323.09	279.60	285.92	259.41	 0.00	0	51.88
2012	7	13	1.457	6403.0605	194.0607	12.0607	 1.12	 0.09	189.82	 3.76	 2.49	 1.00	10.85	 1.15	323.30	278.28	284.87	260.07	284.50	0	52.01
2012	7	13	1.926	6403.0801	194.0802	12.0802	 1.02	 0.07	188.73	 3.57	 2.10	 1.00	10.77	 1.13	323.22	278.02	283.33	 0.00	285.81	0	54.00
2012	7	13	2.817	6403.1172	194.1174	12.1174	 1.07	 0.05	198.27	 2.49	 5.63	 0.99	10.75	 1.22	323.21	277.63	284.76	260.12	 0.00	0	52.02
2012	7	13	4.617	6403.1924	194.1924	12.1924	 1.22	 0.08	188.22	 2.69	 4.10	 1.00	10.75	 1.19	323.27	277.15	280.19	259.90	 0.00	0	51.98
2012	7	13	5.063	6403.2109	194.2110	12.2110	 1.32	 0.09	194.64	 2.65	 8.15	 0.99	10.80	 1.21	323.25	277.11	283.09	260.13	283.26	0	52.03
2012	7	13	8.207	6403.3418	194.3419	12.3419	 1.22	 0.08	191.73	 2.87	 8.95	 0.99	10.87	 1.16	323.12	277.04	281.12	 0.00	283.25	0	54.00
2012	7	13	14.041	6403.5850	194.5850	12.5850	 1.14	 0.07	194.49	 3.05	 5.39	 1.00	10.72	 1.19	323.38	283.76	289.09	266.47	290.02	0	53.29
2012	7	13	16.256	6403.6772	194.6773	12.6773	 1.26	 0.09	196.23	 2.93	14.97	 0.98	10.73	 1.12	322.31	289.22	298.09	270.00	295.27	0	54.00
2012	7	13	16.693	6403.6953	194.6956	12.6956	 0.93	 0.10	189.32	 5.80	19.56	 0.99	10.75	 0.96	322.52	290.36	293.25	270.88	296.12	0	54.18
2012	7	13	18.476	6403.7700	194.7698	12.7698	 1.26	 0.08	196.02	 2.63	10.98	 0.99	10.73	 1.28	322.40	292.26	298.96	269.99	298.16	0	54.00
2012	7	13	18.914	6403.7881	194.7881	12.7881	 1.07	 0.21	196.95	 9.73	42.05	 1.00	10.72	 1.18	322.39	291.76	292.81	267.61	297.81	0	53.52
2012	7	13	19.351	6403.8062	194.8063	12.8063	 0.56	 0.18	293.80	42.34	1479.50	 0.80	10.73	 1.25	322.31	290.94	300.56	266.92	297.15	0	53.38
2012	7	13	22.065	6403.9194	194.9194	12.9194	 2.09	 0.88	199.60	 9.71	89.82	 1.00	10.77	 1.21	318.30	283.54	293.93	261.21	290.94	0	52.24
2012	7	14	0.740	6404.0308	195.0308	13.0308	 1.21	 0.05	201.34	 2.07	 4.70	 0.99	10.87	 1.15	319.40	274.95	283.25	261.10	 0.00	0	52.22
2012	7	14	2.540	6404.1060	195.1058	13.1058	 1.35	 0.07	199.63	 1.97	 1.67	 1.00	10.80	 1.30	323.73	276.68	283.07	 0.00	283.04	0	54.00
2012	7	14	2.981	6404.1240	195.1242	13.1242	 1.18	 0.06	199.85	 2.52	 3.21	 1.00	10.87	 1.21	323.68	277.00	282.55	 0.00	283.33	0	54.00
2012	7	14	4.307	6404.1797	195.1795	13.1795	 1.18	 0.07	197.65	 2.90	 3.22	 1.00	10.80	 1.17	323.70	277.49	284.14	261.44	283.78	0	52.29
2012	7	14	4.776	6404.1992	195.1990	13.1990	 1.15	 0.06	198.52	 2.50	 6.29	 0.99	10.78	 1.18	323.69	277.52	282.83	261.00	285.36	0	52.20
2012	7	14	6.550	6404.2729	195.2729	13.2729	 1.16	 0.05	200.08	 2.09	 5.21	 0.99	10.82	 1.26	323.69	277.45	284.15	260.90	282.26	0	52.18
2012	7	14	7.018	6404.2925	195.2924	13.2924	 1.10	 0.06	199.55	 2.66	 3.31	 1.00	10.85	 1.21	323.69	277.46	282.54	260.90	285.22	0	52.18
2012	7	14	7.909	6404.3296	195.3295	13.3295	 1.14	 0.06	201.52	 2.45	10.35	 0.98	10.80	 1.21	323.64	277.55	284.39	 0.00	283.76	0	54.00
2012	7	14	9.269	6404.3862	195.3862	13.3862	 1.15	 0.08	195.91	 3.06	 7.78	 1.00	10.73	 1.12	323.69	277.68	281.65	261.19	285.38	0	52.24
2012	7	14	9.712	6404.4048	195.4046	13.4047	 1.27	 0.06	199.15	 2.02	 3.53	 1.00	10.82	 1.23	323.65	277.75	283.80	261.14	285.38	0	52.23
2012	7	14	10.602	6404.4419	195.4418	13.4418	 1.07	 0.07	193.14	 3.37	 5.49	 1.00	10.93	 1.13	323.59	277.67	281.18	260.81	285.29	0	52.16
2012	7	14	12.830	6404.5347	195.5346	13.5346	 0.89	 0.07	200.04	 5.14	11.84	 1.00	10.83	 1.19	323.93	281.17	286.16	264.62	287.06	0	52.92
2012	7	14	13.735	6404.5723	195.5723	13.5723	 1.02	 0.05	198.74	 2.84	 9.26	 0.98	10.77	 1.29	324.20	283.71	289.91	266.20	292.60	0	53.24
2012	7	14	14.175	6404.5908	195.5906	13.5906	 1.09	 0.43	202.98	20.25	280.19	 1.00	10.75	 1.17	323.93	285.04	288.98	265.91	294.05	0	53.18
2012	7	14	14.615	6404.6089	195.6090	13.6090	 1.01	 0.07	190.49	 3.37	 0.89	 1.00	10.73	 1.16	323.42	285.67	289.06	265.77	292.15	0	53.15
2012	7	14	15.490	6404.6455	195.6454	13.6454	 1.08	 0.07	192.02	 3.26	 1.26	 1.00	10.73	 1.09	322.72	288.50	291.85	265.69	294.37	0	53.14
2012	7	14	16.392	6404.6831	195.6830	13.6830	 1.07	 0.39	218.92	20.40	210.63	 1.00	10.75	 1.21	323.43	290.37	300.05	271.64	293.78	0	54.33
2012	7	14	17.707	6404.7378	195.7378	13.7378	 1.20	 0.12	192.20	 4.52	16.04	 1.00	10.78	 1.12	323.62	292.54	297.94	272.08	298.15	0	54.42
2012	7	14	18.170	6404.7573	195.7571	13.7571	 1.25	 0.22	197.68	 7.60	33.02	 1.00	10.78	 1.17	323.66	292.61	297.70	270.48	298.21	0	54.10
2012	7	14	23.088	6404.9619	195.9620	13.9620	 1.57	 0.10	201.10	 2.28	 4.40	 1.00	10.80	 1.07	320.93	276.27	284.38	258.80	 0.00	0	51.76
2012	7	15	0.423	6405.0176	196.0176	14.0176	 1.69	 0.10	199.64	 1.87	 9.23	 0.98	10.87	 1.16	323.98	276.44	280.00	260.56	282.23	0	52.11
2012	7	15	0.894	6405.0371	196.0373	14.0373	 1.58	 0.15	190.55	 3.01	 1.98	 1.00	10.85	 1.08	319.98	276.49	272.28	260.17	281.08	0	52.03
2012	7	15	4.460	6405.1860	196.1859	14.1858	 1.63	 0.11	200.77	 2.17	 8.11	 0.99	10.83	 1.08	323.80	273.11	277.93	258.64	277.63	0	51.73
2012	7	15	4.906	6405.2046	196.2044	14.2044	 1.59	 0.13	199.86	 2.73	 2.04	 1.00	11.00	 1.09	323.81	273.58	279.34	258.49	 0.00	0	51.70
2012	7	15	6.708	6405.2793	196.2795	14.2795	 1.60	 0.12	194.92	 2.36	 3.20	 1.00	10.92	 1.20	323.81	274.47	280.73	 0.00	280.43	0	54.00
2012	7	15	7.153	6405.2979	196.2980	14.2981	 1.49	 0.06	198.32	 1.56	 3.49	 0.99	10.78	 1.22	323.86	274.52	280.78	 0.00	281.90	0	54.00
2012	7	15	7.624	6405.3179	196.3177	14.3177	 1.57	 0.10	199.35	 2.16	 4.22	 1.00	10.88	 1.19	324.06	274.54	281.21	256.90	 0.00	0	51.38
2012	7	15	8.068	6405.3359	196.3362	14.3362	 1.50	 0.10	193.46	 2.22	 7.12	 0.99	10.73	 1.17	323.83	274.56	280.01	 0.00	280.48	0	54.00
2012	7	15	8.510	6405.3545	196.3546	14.3546	 1.33	 0.05	197.15	 1.52	 1.57	 1.00	10.90	 1.12	323.89	274.56	278.73	256.86	 0.00	0	51.37
2012	7	15	9.872	6405.4111	196.4113	14.4113	 1.47	 0.07	197.82	 1.75	 7.20	 0.98	10.80	 1.19	323.85	274.43	278.64	256.74	 0.00	0	51.35
2012	7	15	10.317	6405.4297	196.4299	14.4299	 1.53	 0.06	194.12	 1.42	 2.09	 1.00	11.00	 1.11	323.83	274.39	277.59	256.61	278.80	0	51.32
2012	7	15	12.565	6405.5234	196.5235	14.5235	 1.30	 0.08	194.28	 2.39	 4.81	 1.00	10.75	 1.25	323.80	276.96	281.22	258.83	282.50	0	51.77
2012	7	15	13.439	6405.5601	196.5600	14.5600	 1.14	 0.06	190.85	 2.24	 3.43	 1.00	10.73	 1.21	323.87	279.45	282.82	259.80	282.79	0	51.96
2012	7	15	14.784	6405.6162	196.6160	14.6160	 1.01	 0.08	190.41	 4.24	 6.05	 1.00	10.82	 1.17	324.75	282.85	286.44	261.93	286.35	0	52.39
2012	7	15	16.564	6405.6899	196.6902	14.6902	 1.07	 0.07	189.80	 3.14	 5.88	 1.00	10.77	 1.15	323.75	287.54	294.12	 0.00	294.96	0	54.00
2012	7	15	18.319	6405.7632	196.7633	14.7633	 1.22	 0.47	193.83	17.04	478.54	 0.98	10.75	 1.05	323.66	290.23	295.09	269.69	297.97	0	53.94
2012	7	15	18.784	6405.7827	196.7827	14.7827	 1.08	 0.09	195.31	 4.30	11.74	 1.00	10.77	 1.20	323.89	290.15	298.71	266.07	295.68	0	53.21
2012	7	15	19.222	6405.8008	196.8009	14.8009	 1.32	 0.07	187.43	 2.03	33.99	 0.68	10.77	 1.23	323.70	289.91	298.33	266.67	297.89	0	53.33
2012	7	15	20.098	6405.8374	196.8374	14.8374	 1.10	 0.07	193.24	 3.13	 2.76	 1.00	10.80	 1.18	323.73	288.38	295.43	261.49	295.89	0	52.30
2012	7	15	23.696	6405.9873	196.9873	14.9873	 0.70	 0.05	175.99	 4.85	11.84	 0.98	10.75	 1.05	319.57	273.28	280.33	255.68	278.34	0	51.14
2012	7	16	0.584	6406.0244	197.0243	15.0243	 0.70	 0.04	164.82	 3.87	10.83	 0.96	10.92	 1.21	323.63	273.27	278.65	256.71	277.70	0	51.34
2012	7	16	1.030	6406.0430	197.0429	15.0429	 0.67	 0.08	155.30	 6.75	 3.45	 1.00	10.98	 1.14	323.67	273.34	279.65	256.16	 0.00	0	51.23
2012	7	16	2.396	6406.0996	197.0998	15.0998	 0.68	 0.03	160.55	 3.07	 6.59	 0.95	10.72	 1.19	323.57	273.49	280.46	256.62	280.93	0	51.32
2012	7	16	2.847	6406.1187	197.1186	15.1186	 0.50	 0.06	165.83	 9.70	14.82	 0.99	10.80	 1.11	323.58	273.55	279.16	 0.00	278.10	0	54.00
2012	7	16	3.293	6406.1372	197.1372	15.1372	 0.51	 0.04	171.17	 5.58	 5.06	 0.99	11.00	 1.12	323.60	273.56	278.34	 0.00	279.59	0	54.00
2012	7	16	6.006	6406.2505	197.2503	15.2503	 0.68	 0.06	178.37	 5.81	 4.77	 1.00	10.78	 1.14	323.54	273.57	280.68	255.97	279.48	0	51.19
2012	7	16	6.890	6406.2871	197.2871	15.2871	 0.60	 0.04	173.52	 4.67	 6.89	 0.98	10.77	 1.12	323.59	273.52	279.23	 0.00	279.37	0	54.00
2012	7	16	7.334	6406.3057	197.3056	15.3056	 0.52	 0.05	183.05	 8.27	 1.56	 1.00	10.93	 1.08	323.58	273.48	277.42	255.78	280.68	0	51.16
2012	7	16	7.778	6406.3242	197.3241	15.3241	 0.69	 0.05	171.50	 4.58	 2.63	 1.00	10.78	 1.12	323.61	273.42	278.55	255.55	277.83	0	51.11
2012	7	16	8.246	6406.3437	197.3436	15.3436	 0.60	 0.05	172.96	 5.91	 5.77	 1.00	10.80	 1.05	323.68	273.34	277.39	255.83	279.15	0	51.17
2012	7	16	9.139	6406.3809	197.3808	15.3808	 0.61	 0.05	179.47	 6.17	 3.32	 1.00	10.73	 1.04	323.60	273.33	278.90	256.06	279.05	0	51.21
2012	7	16	11.384	6406.4741	197.4743	15.4743	 0.89	 0.04	188.42	 2.75	 4.28	 0.99	10.92	 1.14	323.64	273.55	280.30	256.50	 0.00	0	51.30
2012	7	16	12.273	6406.5112	197.5114	15.5114	 0.90	 0.04	191.85	 2.65	 7.02	 0.98	10.73	 1.18	323.65	275.35	279.40	258.09	 0.00	0	51.62
2012	7	16	15.837	6406.6597	197.6599	15.6599	 0.47	 0.06	236.87	14.66	170.34	 0.59	10.73	 1.14	323.76	286.00	282.04	 0.00	291.63	0	54.00
2012	7	16	16.714	6406.6963	197.6964	15.6964	 0.66	 0.04	181.25	 4.64	 9.91	 0.98	10.73	 1.18	323.75	288.21	295.21	268.15	296.39	0	53.63
2012	7	16	18.493	6406.7705	197.7705	15.7705	 0.45	 0.06	182.80	12.34	 7.99	 1.00	10.75	 0.93	323.42	290.69	298.23	270.13	296.20	0	54.03
2012	7	16	23.892	6406.9956	197.9955	15.9955	 0.65	 0.04	179.01	 4.16	 3.75	 1.00	10.85	 1.14	324.00	278.14	284.84	257.39	285.76	0	51.48
2012	7	17	0.334	6407.0142	198.0139	16.0139	 0.79	 0.04	175.36	 3.34	 1.22	 1.00	10.75	 1.27	323.96	277.53	284.68	 0.00	 0.00	0	54.00
2012	7	17	1.222	6407.0508	198.0509	16.0509	 0.60	 0.06	168.74	 6.70	 5.55	 1.00	10.93	 1.26	323.45	276.45	283.82	257.31	281.15	0	51.46
2012	7	17	1.668	6407.0693	198.0695	16.0695	 0.37	 0.05	176.84	13.99	 8.02	 0.99	10.87	 1.15	323.30	276.14	280.29	256.80	 0.00	0	51.36
2012	7	17	2.579	6407.1074	198.1075	16.1075	 0.46	 0.04	169.63	 6.94	11.97	 0.94	10.80	 1.25	323.20	275.32	284.07	258.06	280.05	0	51.61
2012	7	17	4.823	6407.2012	198.2009	16.2009	 0.21	 0.05	186.74	32.97	14.45	 0.95	10.75	 1.13	323.32	273.99	281.26	255.90	281.62	0	51.18
2012	7	17	5.269	6407.2197	198.2195	16.2195	 0.29	 0.05	153.92	17.22	12.12	 0.96	10.75	 1.15	323.40	273.63	280.21	256.22	281.11	0	51.24
2012	7	17	5.709	6407.2378	198.2379	16.2379	 0.21	 0.05	189.17	29.79	27.17	 0.76	10.73	 1.15	323.56	273.42	280.38	256.53	280.89	0	51.31
2012	7	17	6.625	6407.2759	198.2760	16.2761	 0.17	 0.06	207.11	54.78	30.74	 0.86	10.82	 1.05	323.68	273.27	278.42	 0.00	 0.00	0	54.00
2012	7	17	7.071	6407.2944	198.2946	16.2946	 0.32	 0.05	157.33	15.17	11.94	 0.97	10.95	 1.14	323.71	273.29	279.82	 0.00	280.54	0	54.00
2012	7	17	7.962	6407.3315	198.3318	16.3318	 0.32	 0.05	163.56	15.89	15.69	 0.96	11.00	 1.10	323.60	273.34	276.93	257.60	279.18	0	51.52
2012	7	17	8.410	6407.3506	198.3504	16.3504	 0.28	 0.05	184.79	20.98	18.98	 0.93	10.87	 1.08	323.64	273.27	279.74	257.48	277.93	0	51.50
2012	7	17	8.881	6407.3701	198.3700	16.3700	 0.33	 0.05	173.42	17.06	10.79	 0.99	10.77	 1.04	323.66	273.24	280.47	257.51	277.89	0	51.50
2012	7	17	9.324	6407.3887	198.3885	16.3885	 0.54	 0.05	155.10	 6.79	 2.56	 1.00	10.95	 1.19	323.52	273.14	280.33	258.12	 0.00	0	51.62
2012	7	17	9.764	6407.4067	198.4068	16.4068	 0.30	 0.04	185.56	16.81	14.13	 0.95	10.83	 1.07	323.52	273.09	277.09	 0.00	280.44	0	54.00
2012	7	17	10.652	6407.4438	198.4438	16.4438	 0.45	 0.05	165.06	 8.61	 9.90	 0.98	10.78	 1.08	323.62	273.10	280.15	258.57	279.33	0	51.71
2012	7	17	11.121	6407.4634	198.4634	16.4634	 0.51	 0.05	161.99	 7.80	 7.25	 0.99	10.78	 1.16	320.32	273.27	277.56	258.70	 0.00	0	51.74
2012	7	17	13.783	6407.5742	198.5743	16.5743	 0.17	 0.05	251.44	57.49	43.44	 0.77	10.73	 1.03	323.48	275.15	278.99	262.03	279.72	0	52.41
2012	7	17	14.660	6407.6108	198.6108	16.6108	 0.44	 0.04	173.32	 7.36	 8.00	 0.97	10.73	 1.20	323.80	278.58	284.07	262.82	287.38	0	52.56
2012	7	17	15.099	6407.6289	198.6291	16.6291	 0.32	 0.05	187.39	15.80	 9.15	 0.99	10.77	 1.14	323.97	280.56	283.49	264.80	286.38	0	52.96
2012	7	17	15.564	6407.6484	198.6485	16.6485	 0.43	 0.05	168.06	 9.83	26.77	 0.87	10.80	 1.20	324.84	282.54	285.62	266.19	290.80	0	53.24
2012	7	17	17.315	6407.7217	198.7215	16.7215	 0.23	 0.04	250.29	33.28	15.07	 0.98	10.72	 1.16	323.88	288.45	294.74	 0.00	293.01	0	54.00
2012	7	17	17.778	6407.7407	198.7407	16.7407	 0.49	 0.21	230.84	47.09	327.11	 0.99	10.77	 1.29	323.92	289.58	297.88	271.09	294.66	0	54.22
2012	7	17	18.656	6407.7773	198.7773	16.7773	 1.19	 0.51	150.53	15.02	158.97	 1.00	10.73	 1.20	323.63	291.20	298.99	278.11	294.31	0	55.62
2012	7	17	19.094	6407.7954	198.7956	16.7956	 0.61	 0.04	178.96	 4.64	 8.69	 0.97	10.73	 1.14	323.56	291.39	299.52	273.93	297.22	0	54.79
2012	7	17	19.532	6407.8140	198.8138	16.8138	 0.40	 0.04	206.40	10.03	 7.78	 0.99	10.72	 1.11	323.50	291.20	300.42	270.57	 0.00	0	54.11
2012	7	17	23.559	6407.9814	198.9816	16.9816	 0.72	 0.05	178.72	 4.10	 0.98	 1.00	10.83	 1.21	324.32	280.11	287.86	258.53	286.53	0	51.71
2012	7	18	0.002	6408.0000	199.0001	17.0001	 0.65	 0.05	179.14	 4.85	 1.30	 1.00	10.73	 1.24	324.15	279.30	286.79	 0.00	286.80	0	54.00
2012	7	18	1.383	6408.0576	199.0576	17.0576	 0.55	 0.05	183.16	 6.76	 3.46	 1.00	10.75	 1.19	324.06	277.32	283.49	259.62	 0.00	0	51.92
2012	7	18	1.825	6408.0762	199.0760	17.0760	 0.60	 0.06	186.64	 7.58	 3.15	 1.00	10.85	 1.27	324.06	277.04	283.91	260.21	281.87	0	52.04
2012	7	18	2.272	6408.0947	199.0947	17.0947	 0.68	 0.04	181.75	 4.42	 6.64	 0.99	10.82	 1.26	324.06	276.85	284.39	260.49	 0.00	0	52.10
2012	7	18	3.627	6408.1514	199.1511	17.1511	 0.63	 0.04	183.55	 5.14	 3.76	 1.00	10.82	 1.21	324.03	276.42	281.18	 0.00	 0.00	0	54.00
2012	7	18	5.881	6408.2451	199.2450	17.2450	 1.00	 0.05	193.50	 2.87	 3.04	 1.00	10.90	 1.25	324.07	276.34	281.77	260.64	282.44	0	52.13
2012	7	18	6.768	6408.2822	199.2820	17.2820	 1.00	 0.05	192.53	 2.52	 4.73	 0.99	10.85	 1.23	323.94	276.35	283.05	260.94	282.47	0	52.19
2012	7	18	9.005	6408.3750	199.3752	17.3752	 0.80	 0.04	187.02	 3.25	 3.52	 1.00	10.82	 1.22	324.11	276.40	282.51	 0.00	 0.00	0	54.00
2012	7	18	9.473	6408.3945	199.3947	17.3947	 0.88	 0.04	187.43	 2.74	12.61	 0.93	10.82	 1.21	324.32	276.33	283.80	259.73	283.61	0	51.95
2012	7	18	10.810	6408.4502	199.4504	17.4504	 0.73	 0.05	191.22	 4.48	 4.74	 1.00	10.92	 1.20	324.31	276.17	280.80	259.76	280.70	0	51.95
2012	7	18	13.483	6408.5620	199.5618	17.5618	 0.67	 0.05	180.39	 5.31	 6.36	 1.00	10.75	 1.17	324.70	281.08	284.28	263.00	289.03	0	52.60
2012	7	18	14.819	6408.6177	199.6175	17.6175	 0.72	 0.29	202.19	28.68	1341.25	 0.83	10.73	 1.28	324.79	284.63	291.21	266.65	293.35	0	53.33
2012	7	18	15.258	6408.6357	199.6357	17.6357	 0.61	 0.05	178.45	 5.59	 3.15	 1.00	10.72	 1.19	323.89	286.73	292.24	267.76	 0.00	0	53.55
2012	7	18	17.039	6408.7100	199.7100	17.7100	 0.52	 0.03	172.07	 5.31	 9.00	 0.95	10.80	 1.13	323.62	292.46	299.44	276.25	298.03	0	55.25
2012	7	18	18.379	6408.7656	199.7658	17.7658	 0.60	 0.05	171.76	 5.72	29.24	 0.85	10.78	 1.18	323.52	294.19	302.97	278.93	297.66	0	55.79
2012	7	18	19.255	6408.8022	199.8023	17.8023	 0.46	 0.04	195.23	 8.08	10.29	 0.97	10.72	 1.12	323.16	294.09	304.06	275.50	300.18	0	55.10
2012	7	18	19.692	6408.8203	199.8205	17.8205	 0.48	 0.04	185.87	 7.62	10.53	 0.98	10.75	 1.08	323.11	293.58	302.53	273.05	299.63	0	54.61
2012	7	18	20.131	6408.8389	199.8388	17.8388	 0.62	 0.03	186.43	 3.87	 7.67	 0.96	10.75	 1.16	323.06	292.76	302.67	265.91	296.95	0	53.18
2012	7	18	20.595	6408.8579	199.8581	17.8581	 0.68	 0.04	179.78	 3.79	 5.41	 0.99	10.77	 1.15	323.22	291.36	303.11	265.98	297.71	0	53.20
2012	7	18	22.359	6408.9316	199.9316	17.9316	 0.69	 0.04	174.70	 3.74	 5.76	 0.99	10.80	 1.20	324.23	284.84	294.22	261.21	290.05	0	52.24
2012	7	18	23.709	6408.9878	199.9879	17.9879	 0.52	 0.05	172.08	 6.80	 4.30	 1.00	10.80	 1.21	324.50	281.46	288.92	260.43	288.87	0	52.09
2012	7	19	0.152	6409.0063	200.0063	18.0063	 0.37	 0.03	172.97	 6.70	 9.42	 0.81	10.75	 1.10	324.43	280.74	286.17	261.27	288.33	0	52.25
2012	7	19	1.970	6409.0820	200.0821	18.0821	 0.54	 0.04	175.51	 5.51	 2.61	 1.00	10.83	 1.22	324.65	279.16	285.72	260.41	 0.00	0	52.08
2012	7	19	2.859	6409.1191	200.1191	18.1191	 0.62	 0.04	182.14	 4.60	 4.67	 0.99	10.92	 1.28	324.70	278.65	286.47	260.99	286.36	0	52.20
2012	7	19	3.329	6409.1387	200.1387	18.1387	 0.67	 0.05	177.27	 4.56	 4.92	 1.00	10.82	 1.25	324.68	278.61	284.66	262.14	283.37	0	52.43
2012	7	19	4.663	6409.1943	200.1943	18.1943	 0.77	 0.04	183.73	 3.51	 5.20	 0.99	10.90	 1.28	324.75	278.39	287.28	259.89	284.64	0	51.98
2012	7	19	5.108	6409.2129	200.2128	18.2128	 0.71	 0.02	186.15	 2.36	 3.09	 0.98	10.88	 1.24	324.71	278.23	285.77	260.10	285.87	0	52.02
2012	7	19	6.019	6409.2510	200.2508	18.2508	 0.70	 0.04	192.40	 4.22	 3.84	 1.00	10.83	 1.18	324.96	277.96	285.09	259.64	 0.00	0	51.93
2012	7	19	6.910	6409.2881	200.2879	18.2879	 0.83	 0.05	188.42	 3.52	 2.58	 1.00	10.85	 1.24	324.80	277.52	284.91	 0.00	 0.00	0	54.00
2012	7	19	7.353	6409.3062	200.3064	18.3064	 0.89	 0.05	187.35	 3.21	 5.96	 0.99	10.82	 1.27	324.75	277.37	284.51	258.15	283.25	0	51.63
2012	7	19	7.821	6409.3257	200.3259	18.3259	 0.78	 0.04	188.12	 3.17	 2.76	 1.00	10.75	 1.25	324.76	277.17	281.89	 0.00	281.60	0	54.00
2012	7	19	9.157	6409.3813	200.3815	18.3815	 0.75	 0.04	189.39	 3.80	13.83	 0.95	10.80	 1.16	324.74	276.95	281.15	261.36	281.55	0	52.27
2012	7	19	10.073	6409.4199	200.4197	18.4197	 0.84	 0.05	196.84	 3.41	 4.89	 1.00	10.95	 1.23	324.89	277.02	285.25	261.64	283.04	0	52.33
2012	7	19	13.199	6409.5498	200.5500	18.5500	 0.96	 0.07	195.78	 3.78	10.75	 0.99	10.80	 1.16	325.22	282.31	288.24	266.18	285.76	0	53.24
2012	7	19	15.859	6409.6606	200.6608	18.6608	 1.25	 0.11	193.37	 3.83	34.13	 0.97	10.72	 1.24	324.47	290.01	296.76	271.07	295.87	0	54.21
2012	7	19	17.199	6409.7168	200.7166	18.7166	 1.15	 0.05	199.49	 2.16	 1.69	 1.00	10.73	 1.18	323.95	293.54	300.02	278.02	301.64	0	55.60
2012	7	19	18.978	6409.7905	200.7908	18.7908	 1.10	 0.04	192.49	 1.64	 3.73	 0.98	10.83	 1.06	319.58	295.24	304.63	 0.00	301.25	0	54.00
2012	7	19	19.856	6409.8271	200.8273	18.8273	 1.03	 0.06	194.19	 3.14	 8.73	 0.99	10.73	 1.05	318.85	293.83	303.01	269.84	300.03	0	53.97
2012	7	19	20.294	6409.8457	200.8456	18.8456	 1.09	 0.06	193.32	 2.69	 2.68	 1.00	10.73	 1.05	318.89	292.80	302.44	265.61	299.15	0	53.12
2012	7	19	20.733	6409.8638	200.8639	18.8639	 1.13	 0.05	198.38	 2.19	 2.76	 1.00	10.82	 1.11	318.98	291.23	301.80	266.30	297.98	0	53.26
2012	7	19	22.080	6409.9199	200.9200	18.9200	 1.45	 0.24	196.01	 5.95	10.88	 1.00	10.70	 1.19	320.95	286.46	295.30	264.80	292.07	0	52.96
2012	7	20	0.317	6410.0132	201.0132	19.0132	 1.36	 0.08	198.77	 2.38	10.23	 0.99	10.72	 1.14	321.44	281.90	288.54	264.32	289.97	0	52.86
2012	7	20	0.761	6410.0317	201.0317	19.0317	 1.46	 0.08	197.73	 2.04	 4.20	 1.00	10.83	 1.12	321.65	281.43	287.69	263.91	286.61	0	52.78
2012	7	20	3.023	6410.1260	201.1259	19.1259	 1.43	 0.07	200.69	 1.83	 4.54	 0.99	10.75	 1.24	321.75	279.89	287.03	 0.00	286.58	0	54.00
2012	7	20	3.465	6410.1445	201.1444	19.1444	 1.13	 0.26	312.18	17.61	1597.82	 0.78	10.75	 1.24	321.73	279.67	288.34	263.45	286.38	0	52.69
2012	7	20	3.942	6410.1641	201.1642	19.1642	 1.39	 0.08	201.54	 2.32	 1.87	 1.00	10.80	 1.16	321.67	279.44	286.90	263.25	 0.00	0	52.65
2012	7	20	4.383	6410.1826	201.1826	19.1826	 1.24	 0.07	198.10	 2.59	 1.79	 1.00	10.78	 1.14	321.75	279.32	285.41	 0.00	287.54	0	54.00
2012	7	20	4.824	6410.2012	201.2010	19.2010	 1.38	 0.06	204.95	 1.73	 4.00	 0.99	10.75	 1.23	321.81	279.21	288.88	263.56	287.44	0	52.71
2012	7	20	7.505	6410.3125	201.3127	19.3127	 1.25	 0.07	202.62	 2.56	 3.58	 1.00	10.82	 1.23	322.10	278.86	286.21	263.99	284.04	0	52.80
2012	7	20	7.945	6410.3311	201.3310	19.3310	 1.29	 0.06	202.12	 1.96	 6.14	 0.99	10.80	 1.25	321.98	278.76	286.37	263.76	283.98	0	52.75
2012	7	20	8.412	6410.3506	201.3505	19.3505	 1.31	 0.06	201.58	 2.08	 2.72	 1.00	10.87	 1.28	322.09	278.84	286.60	263.84	286.86	0	52.77
2012	7	20	9.748	6410.4062	201.4062	19.4062	 1.21	 0.05	199.35	 1.91	 1.49	 1.00	11.03	 1.27	322.08	278.84	285.57	 0.00	286.84	0	54.00
2012	7	20	11.106	6410.4629	201.4627	19.4627	 1.09	 0.06	192.87	 2.80	 1.29	 1.00	10.82	 1.16	322.03	278.74	283.82	263.94	 0.00	0	52.79
2012	7	20	11.548	6410.4810	201.4812	19.4812	 1.16	 0.05	201.50	 2.08	 3.61	 1.00	10.98	 1.28	322.26	279.09	288.23	263.51	 0.00	0	52.70
2012	7	20	11.991	6410.4995	201.4996	19.4996	 1.04	 0.09	197.94	 4.60	 3.10	 1.00	10.73	 1.15	322.22	279.83	285.13	263.94	287.67	0	52.79
2012	7	20	14.210	6410.5923	201.5921	19.5921	 0.96	 0.04	197.98	 2.35	 3.56	 0.99	10.73	 1.12	321.44	286.33	292.73	265.59	295.30	0	53.12
2012	7	20	16.431	6410.6846	201.6846	19.6846	 1.05	 0.05	192.12	 2.31	 3.26	 1.00	10.73	 1.13	319.95	293.07	300.70	279.86	299.55	0	55.97
2012	7	20	16.869	6410.7031	201.7029	19.7029	 1.16	 0.07	197.46	 2.69	 1.90	 1.00	10.72	 1.28	319.06	294.07	303.97	279.76	300.27	0	55.95
2012	7	20	17.334	6410.7222	201.7222	19.7222	 1.17	 0.04	197.83	 1.71	 1.12	 1.00	10.77	 1.20	317.27	294.84	304.31	279.75	302.49	0	55.95
2012	7	20	21.301	6410.8877	201.8875	19.8875	 0.85	 0.15	187.68	10.49	75.75	 0.99	10.73	 1.08	316.89	288.13	297.98	266.09	296.80	0	53.22
2012	7	20	22.651	6410.9438	201.9438	19.9438	 0.97	 0.05	191.50	 2.81	 1.08	 1.00	10.83	 1.25	318.51	284.16	294.91	 0.00	289.94	0	54.00
2012	7	20	23.091	6410.9619	201.9621	19.9621	 0.84	 0.04	189.88	 2.77	 3.86	 0.99	10.78	 1.25	318.17	283.19	292.12	264.03	290.13	0	52.81
2012	7	21	1.317	6411.0547	202.0549	20.0549	 0.72	 0.04	189.69	 3.69	 4.40	 0.99	10.75	 1.19	319.00	280.09	287.18	263.63	288.30	0	52.73
2012	7	21	1.757	6411.0732	202.0732	20.0732	 1.07	 0.27	239.35	15.22	1637.47	 0.58	10.88	 1.24	319.10	279.84	286.90	264.06	 0.00	0	52.81
2012	7	21	2.251	6411.0937	202.0938	20.0938	 0.61	 0.05	186.83	 6.26	 4.52	 1.00	10.83	 1.08	315.16	279.46	285.91	263.56	 0.00	0	52.71
2012	7	21	5.818	6411.2422	202.2424	20.2424	 0.68	 0.04	181.09	 4.29	 1.33	 1.00	10.80	 1.20	324.32	276.01	280.82	263.60	282.36	0	52.72
2012	7	21	6.732	6411.2803	202.2805	20.2805	 0.75	 0.05	179.99	 3.77	 0.97	 1.00	10.88	 1.23	320.58	277.00	283.27	263.18	284.28	0	52.64
2012	7	21	10.292	6411.4287	202.4288	20.4289	 0.62	 0.04	178.26	 4.64	 7.81	 0.98	10.83	 1.20	324.37	275.18	279.95	263.29	279.90	0	52.66
2012	7	21	10.738	6411.4473	202.4474	20.4474	 0.63	 0.05	181.30	 6.01	 2.94	 1.00	10.78	 1.22	324.38	275.89	282.31	263.46	 0.00	0	52.69
2012	7	21	11.206	6411.4668	202.4669	20.4669	 0.72	 0.05	177.78	 4.77	 1.95	 1.00	10.80	 1.26	324.44	276.46	283.85	 0.00	 0.00	0	54.00
2012	7	21	17.392	6411.7246	202.7247	20.7247	 0.73	 0.06	176.42	 4.85	 1.49	 1.00	10.78	 1.29	323.62	294.19	301.73	 0.00	300.07	0	54.00
2012	7	21	18.294	6411.7622	202.7623	20.7623	 0.60	 0.07	169.81	 8.48	10.28	 1.00	10.82	 1.10	323.17	295.07	305.00	276.82	301.06	0	55.36
2012	7	21	19.612	6411.8174	202.8172	20.8172	 0.38	 0.07	184.52	19.01	19.21	 0.99	10.73	 0.99	322.98	294.07	302.97	270.76	302.36	0	54.15
2012	7	21	20.077	6411.8364	202.8366	20.8366	 0.79	 0.07	170.62	 5.46	 4.53	 1.00	10.77	 1.19	323.03	293.09	304.78	265.58	299.29	0	53.12
2012	7	21	20.957	6411.8730	202.8732	20.8732	 0.51	 0.06	192.83	10.17	 9.73	 1.00	10.82	 1.11	322.94	290.08	298.59	266.20	296.76	0	53.24
2012	7	21	23.626	6411.9844	202.9844	20.9844	 0.56	 0.04	175.70	 5.34	 3.87	 1.00	10.78	 1.22	323.59	282.50	289.95	263.36	288.48	0	52.67
2012	7	22	2.294	6412.0957	203.0956	21.0956	 0.51	 0.05	177.58	 7.84	12.92	 0.98	10.80	 1.16	323.54	279.98	286.07	264.82	288.00	0	52.96
2012	7	22	8.601	6412.3584	203.3584	21.3584	 0.61	 0.03	172.00	 3.47	 3.74	 0.99	10.88	 1.24	324.57	277.88	284.41	264.78	285.78	0	52.96
2012	7	22	10.841	6412.4517	203.4517	21.4517	 0.53	 0.05	172.94	 7.33	 8.58	 0.99	10.82	 1.20	324.50	278.63	283.36	264.87	286.39	0	52.97
2012	7	22	11.282	6412.4702	203.4701	21.4701	 0.54	 0.07	174.01	 9.98	 7.77	 1.00	10.77	 1.16	324.59	278.90	285.12	264.89	283.76	0	52.98
2012	7	22	12.628	6412.5264	203.5262	21.5262	 0.65	 0.05	169.63	 5.04	 2.05	 1.00	10.77	 1.25	324.84	282.30	287.61	265.73	290.63	0	53.15
2012	7	22	13.067	6412.5444	203.5444	21.5445	 0.62	 0.34	203.40	44.28	1065.22	 0.96	10.75	 1.27	324.83	283.81	289.65	265.91	292.36	0	53.18
2012	7	22	15.288	6412.6372	203.6370	21.6370	 0.60	 0.15	184.47	18.67	86.00	 0.99	10.80	 1.15	323.22	291.57	301.07	273.81	297.37	0	54.76
2012	7	22	17.940	6412.7476	203.7475	21.7475	 0.61	 0.03	176.98	 3.94	 2.10	 1.00	10.73	 1.22	320.72	296.44	306.21	284.08	300.56	0	56.82
2012	7	22	18.402	6412.7666	203.7668	21.7667	 0.51	 0.05	170.44	 8.04	36.00	 0.83	10.77	 1.01	323.16	296.72	305.70	 0.00	302.26	0	54.00
2012	7	22	18.840	6412.7852	203.7850	21.7850	 0.60	 0.04	172.68	 5.10	 6.16	 0.99	10.75	 1.13	323.71	296.65	307.00	279.90	300.73	0	55.98
2012	7	22	20.621	6412.8594	203.8592	21.8592	 0.48	 0.04	180.38	 8.01	 6.98	 0.99	10.82	 1.10	323.67	293.32	302.72	265.92	298.15	0	53.18
2012	7	22	21.061	6412.8774	203.8775	21.8775	 0.51	 0.05	171.48	 7.18	 4.09	 1.00	10.73	 1.09	324.00	291.53	299.95	265.42	298.51	0	53.08
2012	7	22	22.382	6412.9326	203.9326	21.9326	 0.47	 0.05	177.65	 9.59	 9.31	 0.99	10.82	 1.09	325.25	286.96	294.78	265.75	295.52	0	53.15
2012	7	23	1.078	6413.0449	204.0449	22.0449	 0.38	 0.05	195.57	14.35	18.85	 0.97	10.80	 1.07	325.36	282.53	286.91	265.02	290.89	0	53.00
2012	7	23	1.523	6413.0635	204.0634	22.0634	 0.63	 0.05	177.25	 5.30	 5.61	 1.00	10.88	 1.25	325.31	282.14	286.82	265.05	288.66	0	53.01
2012	7	23	2.844	6413.1187	204.1185	22.1185	 0.51	 0.04	173.55	 7.08	 4.77	 1.00	10.80	 1.17	324.72	281.03	286.49	 0.00	288.91	0	54.00
2012	7	23	3.773	6413.1572	204.1572	22.1572	 0.66	 0.03	173.92	 3.16	 2.22	 1.00	10.72	 1.28	324.01	280.35	288.64	 0.00	 0.00	0	54.00
2012	7	23	5.093	6413.2124	204.2122	22.2122	 0.68	 0.03	173.01	 2.96	 9.79	 0.88	10.90	 1.28	323.61	279.94	288.59	264.97	286.48	0	52.99
2012	7	23	5.999	6413.2500	204.2500	22.2500	 0.57	 0.03	175.79	 3.86	 5.40	 0.97	10.80	 1.23	323.74	279.71	285.50	264.74	286.33	0	52.95
2012	7	23	7.321	6413.3052	204.3051	22.3050	 0.51	 0.05	176.70	 7.71	 2.88	 1.00	10.95	 1.16	323.57	279.39	282.96	263.77	284.51	0	52.75
2012	7	23	7.792	6413.3247	204.3247	22.3247	 0.64	 0.05	181.08	 5.42	 3.81	 1.00	10.87	 1.24	323.67	279.25	286.36	 0.00	284.33	0	54.00
2012	7	23	8.233	6413.3433	204.3430	22.3430	 0.57	 0.04	179.13	 5.94	 7.19	 0.99	10.72	 1.17	323.62	279.13	285.81	263.13	285.52	0	52.63
2012	7	23	9.557	6413.3984	204.3982	22.3982	 0.68	 0.04	180.85	 3.70	 3.59	 1.00	10.78	 1.28	323.11	278.71	285.87	262.44	285.11	0	52.49
2012	7	23	11.349	6413.4727	204.4729	22.4729	 0.58	 0.04	191.57	 5.76	 7.77	 0.99	10.87	 1.16	321.63	278.17	284.22	261.44	282.94	0	52.29
2012	7	23	14.913	6413.6216	204.6214	22.6214	 2.91	 4.06	161.77	14.59	105.57	 1.00	10.72	 1.23	322.57	287.00	294.56	265.62	293.55	0	53.12
2012	7	23	16.229	6413.6763	204.6762	22.6762	 0.71	 0.04	182.15	 3.87	 5.01	 0.99	10.73	 1.28	321.70	290.39	300.17	272.86	296.36	0	54.57
2012	7	23	16.692	6413.6953	204.6955	22.6955	 0.61	 0.05	179.88	 5.52	 9.46	 0.98	10.77	 1.11	320.29	291.46	302.07	276.47	296.97	0	55.29
2012	7	23	17.130	6413.7139	204.7137	22.7138	 0.72	 0.04	176.15	 3.90	 2.29	 1.00	10.73	 1.16	321.12	292.42	300.18	278.29	298.13	0	55.66
2012	7	23	18.446	6413.7686	204.7686	22.7686	 0.87	 0.04	189.46	 2.88	 5.20	 0.99	10.75	 1.22	322.22	293.68	300.98	274.31	299.51	0	54.86
2012	7	23	20.663	6413.8608	204.8609	22.8609	 0.83	 0.08	198.94	 6.10	 1.90	 1.00	10.80	 1.22	323.38	289.59	302.95	265.15	295.67	0	53.03
2012	7	23	23.798	6413.9917	204.9916	22.9916	 0.70	 0.07	177.42	 6.87	 8.72	 1.00	10.75	 1.19	324.49	280.24	284.13	261.05	286.45	0	52.21
2012	7	24	0.243	6414.0103	205.0101	23.0101	 0.45	 0.06	213.36	14.36	 8.76	 1.00	10.77	 1.19	324.31	279.64	281.88	 0.00	287.44	0	54.00
2012	7	24	2.481	6414.1035	205.1034	23.1034	 0.63	 0.05	180.27	 5.76	 1.98	 1.00	10.73	 1.16	324.25	278.42	284.37	 0.00	 0.00	0	54.00
2012	7	24	6.103	6414.2544	205.2543	23.2543	 0.46	 0.04	211.26	 9.74	 2.43	 1.00	10.83	 1.15	324.05	277.56	280.71	260.83	283.90	0	52.17
2012	7	24	7.883	6414.3286	205.3284	23.3284	 0.62	 0.04	183.07	 5.04	11.95	 0.97	10.92	 1.20	323.56	277.02	281.06	260.14	284.68	0	52.03
2012	7	24	8.354	6414.3481	205.3481	23.3481	 0.70	 0.05	179.73	 4.51	 2.03	 1.00	10.82	 1.28	323.74	276.91	283.40	260.67	281.73	0	52.13
2012	7	24	8.799	6414.3667	205.3666	23.3666	 0.69	 0.05	173.29	 4.82	13.98	 0.97	10.82	 1.20	323.85	276.86	281.26	261.07	 0.00	0	52.21
2012	7	24	9.243	6414.3853	205.3851	23.3851	 0.68	 0.04	176.09	 4.17	 4.02	 1.00	10.85	 1.22	323.58	276.86	283.73	261.11	281.62	0	52.22
2012	7	24	13.723	6414.5718	205.5718	23.5718	 0.48	 0.23	250.55	58.18	1453.25	 0.85	10.75	 1.14	324.37	282.21	285.66	263.69	288.20	0	52.74
2012	7	24	14.163	6414.5903	205.5901	23.5901	 0.79	 0.29	184.81	22.75	241.91	 0.99	10.75	 1.18	324.41	283.49	288.48	264.41	286.80	0	52.88
2012	7	24	16.379	6414.6826	205.6825	23.6825	 0.47	 0.09	193.67	18.21	26.95	 1.00	10.72	 1.01	324.41	288.33	294.28	268.28	293.86	0	53.66
2012	7	24	23.482	6414.9785	205.9784	23.9784	 0.54	 0.06	180.72	 9.65	 2.92	 1.00	10.78	 1.13	324.25	277.68	284.12	260.39	283.88	0	52.08
2012	7	25	1.723	6415.0718	206.0718	24.0718	 0.51	 0.06	163.71	 9.60	10.50	 0.99	10.70	 1.16	323.91	276.74	279.59	 0.00	283.10	0	54.00
2012	7	25	2.634	6415.1099	206.1098	24.1098	 0.53	 0.05	171.54	 6.77	 6.77	 0.99	10.82	 1.21	324.02	276.50	284.21	259.47	282.85	0	51.89
2012	7	25	3.079	6415.1284	206.1283	24.1283	 0.49	 0.04	172.66	 7.42	 6.10	 0.99	10.82	 1.22	324.01	276.38	284.55	 0.00	281.24	0	54.00
2012	7	25	3.522	6415.1470	206.1467	24.1467	 0.59	 0.06	162.86	 6.84	10.89	 0.99	10.73	 1.23	323.92	276.28	283.70	259.02	281.14	0	51.80
2012	7	25	4.464	6415.1860	206.1860	24.1860	 0.52	 0.06	162.42	 8.33	 5.09	 1.00	10.77	 1.17	323.83	275.97	283.20	258.65	 0.00	0	51.73
2012	7	25	4.916	6415.2046	206.2048	24.2048	 0.52	 0.04	155.94	 5.75	 2.90	 1.00	10.93	 1.24	323.66	275.86	282.93	258.48	283.65	0	51.70
2012	7	25	5.361	6415.2236	206.2234	24.2234	 0.46	 0.04	172.97	 7.68	 6.61	 0.99	10.82	 1.28	323.86	275.75	281.97	258.51	280.58	0	51.70
2012	7	25	6.247	6415.2603	206.2603	24.2603	 0.46	 0.05	167.97	 9.43	11.84	 0.98	10.85	 1.21	323.62	275.45	281.24	258.55	281.74	0	51.71
2012	7	25	6.717	6415.2798	206.2799	24.2799	 0.52	 0.04	162.48	 6.31	 6.42	 0.99	10.75	 1.21	323.58	275.41	281.94	258.49	281.65	0	51.70
2012	7	25	7.163	6415.2983	206.2985	24.2985	 0.36	 0.04	179.11	12.30	16.67	 0.93	10.90	 1.15	324.44	275.34	279.64	258.42	 0.00	0	51.68
2012	7	25	8.966	6415.3735	206.3736	24.3736	 0.52	 0.05	166.83	 7.71	 2.33	 1.00	10.90	 1.21	324.40	275.03	281.77	 0.00	282.46	0	54.00
2012	7	25	10.309	6415.4297	206.4296	24.4296	 0.31	 0.06	194.25	24.45	21.45	 0.98	10.75	 1.05	324.42	274.81	277.84	 0.00	279.32	0	54.00
2012	7	25	10.759	6415.4482	206.4483	24.4483	 0.59	 0.06	166.52	 6.62	 4.08	 1.00	10.98	 1.22	324.41	274.77	282.71	258.61	 0.00	0	51.72
2012	7	25	11.232	6415.4678	206.4680	24.4680	 0.50	 0.05	165.08	 7.32	15.81	 0.95	10.98	 1.17	324.46	274.85	279.53	258.47	280.57	0	51.69
2012	7	25	13.461	6415.5610	206.5609	24.5609	 0.59	 0.15	208.92	21.70	486.44	 0.79	10.80	 1.29	324.84	280.30	286.19	262.10	286.27	0	52.42
2012	7	25	17.010	6415.7090	206.7088	24.7087	 0.41	 0.06	172.11	13.78	 7.61	 1.00	10.78	 1.09	324.18	290.45	297.29	272.49	298.58	0	54.50
2012	7	25	19.231	6415.8013	206.8013	24.8013	 0.47	 0.12	167.72	21.85	 9.90	 1.00	10.73	 1.12	324.15	291.38	301.29	269.38	297.25	0	53.88
2012	7	25	20.132	6415.8389	206.8388	24.8388	 0.75	 0.07	163.73	 4.98	 6.87	 1.00	10.78	 1.22	321.49	289.76	298.31	265.00	 0.00	0	53.00
2012	7	26	1.476	6416.0615	207.0615	25.0615	 0.63	 0.05	169.74	 5.31	 3.95	 1.00	10.80	 1.03	322.32	270.48	275.73	 0.00	276.43	0	54.00
2012	7	26	1.922	6416.0801	207.0801	25.0801	 0.49	 0.07	175.59	11.30	23.49	 0.98	10.75	 0.95	322.39	271.22	274.56	257.94	 0.00	0	51.59
2012	7	26	2.367	6416.0986	207.0986	25.0986	 0.58	 0.06	173.40	 8.09	16.77	 0.99	10.87	 1.04	322.38	271.81	276.32	257.87	277.96	0	51.57
2012	7	26	2.835	6416.1182	207.1181	25.1181	 0.44	 0.06	176.70	12.20	39.16	 0.90	10.83	 0.99	322.43	272.34	274.19	258.32	280.18	0	51.66
2012	7	26	5.124	6416.2134	207.2135	25.2135	 0.49	 0.07	174.79	12.93	18.87	 0.99	10.77	 1.08	322.60	273.43	280.83	 0.00	278.20	0	54.00
2012	7	26	6.012	6416.2505	207.2505	25.2505	 0.47	 0.08	176.44	15.20	14.79	 1.00	10.88	 1.08	322.48	273.51	276.68	257.74	280.96	0	51.55
2012	7	26	8.272	6416.3447	207.3447	25.3447	 0.44	 0.06	175.72	12.31	15.81	 0.99	10.88	 1.07	322.36	273.61	277.07	 0.00	279.61	0	54.00
2012	7	26	15.840	6416.6602	207.6600	25.6600	 0.66	 0.05	186.90	 5.93	 4.00	 1.00	10.75	 1.10	322.56	281.92	285.80	265.90	284.68	0	53.18
2012	7	26	19.397	6416.8081	207.8082	25.8082	 0.96	 0.04	190.32	 2.48	10.83	 0.95	10.75	 1.27	322.64	289.08	299.03	265.80	294.91	0	53.16
2012	7	26	19.839	6416.8267	207.8266	25.8266	 0.73	 0.08	184.36	 7.50	 5.60	 1.00	10.78	 1.06	322.97	288.55	297.27	266.22	296.33	0	53.24
2012	7	26	21.178	6416.8823	207.8824	25.8824	 0.95	 0.12	182.49	 6.41	28.57	 0.99	10.77	 1.14	323.80	284.87	291.78	260.37	289.24	0	52.07
2012	7	27	1.643	6417.0684	208.0685	26.0684	 0.75	 0.05	187.48	 4.50	 9.88	 0.99	10.80	 1.13	323.53	276.33	282.62	258.74	283.94	0	51.75
2012	7	27	2.965	6417.1235	208.1235	26.1235	 0.92	 0.05	193.74	 3.15	 2.53	 1.00	10.87	 1.26	323.47	275.90	282.92	258.18	280.62	0	51.64
2012	7	27	4.766	6417.1987	208.1986	26.1986	 0.77	 0.06	186.95	 4.83	 5.11	 1.00	10.83	 1.12	323.63	275.36	280.02	258.01	281.55	0	51.60
2012	7	27	5.209	6417.2168	208.2170	26.2170	 0.84	 0.05	193.35	 3.84	 2.40	 1.00	10.80	 1.23	323.48	275.30	281.69	258.35	 0.00	0	51.67
2012	7	27	6.143	6417.2559	208.2560	26.2560	 0.93	 0.06	186.59	 3.69	 2.87	 1.00	10.73	 1.28	323.37	275.19	280.98	 0.00	282.56	0	54.00
2012	7	27	6.589	6417.2744	208.2746	26.2746	 0.82	 0.05	182.10	 3.80	11.30	 0.98	10.93	 1.13	323.46	275.12	278.63	 0.00	279.67	0	54.00
2012	7	27	7.033	6417.2930	208.2931	26.2931	 0.83	 0.05	191.25	 4.04	 1.85	 1.00	10.73	 1.18	323.42	275.08	283.06	258.54	 0.00	0	51.71
2012	7	27	7.475	6417.3115	208.3114	26.3114	 0.78	 0.05	188.43	 4.30	 8.30	 0.99	10.75	 1.18	323.40	275.04	279.44	 0.00	280.90	0	54.00
2012	7	27	7.944	6417.3311	208.3310	26.3310	 0.94	 0.06	184.35	 3.38	 6.80	 0.99	11.00	 1.16	323.44	274.99	281.70	 0.00	279.51	0	54.00
2012	7	27	8.391	6417.3496	208.3496	26.3496	 0.96	 0.07	190.82	 4.06	 7.75	 1.00	10.78	 1.26	323.31	274.94	281.41	258.41	279.46	0	51.68
2012	7	27	8.836	6417.3682	208.3681	26.3681	 1.05	 0.08	186.19	 3.71	 9.59	 1.00	10.73	 1.25	323.37	274.95	281.52	258.45	 0.00	0	51.69
2012	7	27	9.722	6417.4053	208.4051	26.4051	 0.89	 0.08	187.22	 5.19	 3.45	 1.00	10.90	 1.11	323.33	274.82	280.65	258.13	280.60	0	51.63
2012	7	27	11.085	6417.4619	208.4619	26.4619	 0.85	 0.06	188.34	 4.38	10.33	 0.99	10.90	 1.11	323.39	274.63	277.21	258.07	279.01	0	51.61
2012	7	27	11.529	6417.4805	208.4804	26.4804	 0.93	 0.06	185.29	 3.54	 7.86	 0.99	10.90	 1.12	323.35	274.87	279.50	258.64	 0.00	0	51.73
2012	7	27	16.418	6417.6841	208.6841	26.6841	 0.92	 0.06	190.64	 3.63	 9.00	 0.99	10.73	 1.26	324.15	287.06	292.18	266.10	292.38	0	53.22
2012	7	27	18.635	6417.7764	208.7765	26.7765	 1.23	 0.05	194.12	 1.93	 7.03	 0.98	10.73	 1.29	322.66	289.76	297.76	270.28	297.61	0	54.06
2012	7	27	19.537	6417.8140	208.8140	26.8140	 1.05	 0.06	193.31	 2.80	 3.07	 1.00	10.73	 1.22	322.58	289.66	299.30	268.51	297.71	0	53.70
2012	7	27	20.419	6417.8506	208.8508	26.8508	 1.31	 0.08	198.80	 2.53	57.16	 0.63	10.72	 1.29	322.68	288.41	296.96	263.70	294.27	0	52.74
2012	7	27	21.325	6417.8887	208.8885	26.8885	 1.28	 0.06	195.32	 1.99	 4.92	 0.99	10.83	 1.27	323.61	285.50	292.47	261.84	293.69	0	52.37
2012	7	27	23.553	6417.9814	208.9814	26.9814	 1.14	 0.08	193.77	 3.24	 4.26	 1.00	10.82	 1.27	323.91	280.08	287.78	259.38	286.45	0	51.88
2012	7	27	23.995	6418.0000	208.9998	26.9998	 0.94	 0.07	190.75	 4.36	 4.79	 1.00	10.85	 1.13	323.67	279.34	285.21	259.10	284.16	0	51.82
2012	7	28	0.438	6418.0181	209.0182	27.0182	 1.07	 0.07	191.39	 3.32	 1.99	 1.00	10.80	 1.20	323.57	278.75	284.83	 0.00	284.96	0	54.00
2012	7	28	1.796	6418.0747	209.0748	27.0748	 1.11	 0.06	190.59	 2.64	 4.19	 1.00	10.75	 1.27	323.62	277.36	283.65	 0.00	282.69	0	54.00
2012	7	28	2.241	6418.0933	209.0934	27.0934	 1.09	 0.07	193.57	 3.04	 3.34	 1.00	10.88	 1.25	323.62	276.99	282.78	258.31	283.18	0	51.66
2012	7	28	4.050	6418.1689	209.1687	27.1688	 1.05	 0.07	190.76	 3.43	17.35	 0.98	10.88	 1.13	323.71	276.13	281.79	 0.00	 0.00	0	54.00
2012	7	28	4.492	6418.1870	209.1872	27.1872	 1.04	 0.09	192.94	 4.43	 7.04	 1.00	10.92	 1.20	323.68	275.97	279.92	258.34	 0.00	0	51.67
2012	7	28	4.936	6418.2056	209.2057	27.2057	 1.04	 0.05	196.45	 2.65	 5.15	 0.99	10.83	 1.25	323.56	275.92	282.57	258.31	 0.00	0	51.66
2012	7	28	5.824	6418.2427	209.2427	27.2427	 0.87	 0.05	196.92	 3.72	 4.94	 1.00	10.92	 1.17	323.79	275.74	280.66	257.90	283.08	0	51.58
2012	7	28	6.319	6418.2632	209.2633	27.2633	 1.11	 0.07	193.32	 2.90	 3.75	 1.00	10.95	 1.26	323.89	275.53	283.12	257.62	283.00	0	51.52
2012	7	28	7.209	6418.3003	209.3004	27.3004	 1.00	 0.06	193.05	 3.05	 2.58	 1.00	10.73	 1.22	323.64	275.24	282.70	 0.00	282.64	0	54.00
2012	7	28	7.654	6418.3188	209.3189	27.3189	 0.98	 0.06	192.73	 3.06	 0.29	 1.00	10.93	 1.22	323.59	275.17	281.86	257.54	 0.00	0	51.51
2012	7	28	8.571	6418.3569	209.3571	27.3571	 0.96	 0.06	188.92	 3.45	 7.01	 1.00	10.88	 1.16	323.57	275.00	279.56	 0.00	282.36	0	54.00
2012	7	28	9.012	6418.3755	209.3755	27.3755	 1.08	 0.06	195.68	 2.89	 4.66	 1.00	10.73	 1.25	323.42	274.97	282.78	257.31	 0.00	0	51.46
2012	7	28	11.258	6418.4692	209.4691	27.4691	 1.04	 0.07	191.63	 3.26	 2.97	 1.00	10.87	 1.14	323.39	274.83	280.05	257.54	 0.00	0	51.51
2012	7	28	11.708	6418.4878	209.4878	27.4878	 1.01	 0.05	190.72	 2.53	13.13	 0.94	10.83	 1.15	323.57	275.14	278.26	258.06	 0.00	0	51.61
2012	7	28	13.061	6418.5444	209.5442	27.5442	 1.16	 0.07	190.70	 2.71	 7.84	 0.99	10.80	 1.22	323.85	277.97	280.25	260.49	286.06	0	52.10
2012	7	28	14.815	6418.6172	209.6173	27.6173	 1.31	 0.07	195.08	 2.08	 5.05	 0.99	10.73	 1.24	323.92	282.53	288.32	263.84	286.08	0	52.77
2012	7	28	15.278	6418.6367	209.6366	27.6366	 1.30	 0.11	190.18	 3.28	15.25	 0.99	10.73	 1.16	324.34	283.97	287.52	264.39	289.40	0	52.88
2012	7	28	15.717	6418.6548	209.6549	27.6549	 1.27	 0.09	193.23	 2.88	 3.92	 1.00	10.72	 1.14	324.26	285.25	293.08	266.36	290.89	0	53.27
2012	7	28	16.156	6418.6733	209.6731	27.6731	 1.43	 0.16	195.42	 4.27	21.36	 1.00	10.73	 1.19	324.23	286.17	292.16	265.86	292.09	0	53.17
2012	7	28	16.594	6418.6914	209.6914	27.6914	 1.63	 0.14	194.43	 2.65	 5.78	 1.00	10.70	 1.21	324.02	286.91	294.83	265.93	292.71	0	53.19
2012	7	28	17.934	6418.7471	209.7472	27.7472	 1.78	 0.23	191.38	 3.58	 2.23	 1.00	10.75	 1.12	322.74	288.73	295.03	265.50	294.84	0	53.10
2012	7	28	18.810	6418.7837	209.7838	27.7838	 1.55	 0.11	187.59	 2.25	 3.32	 1.00	10.73	 1.02	322.88	288.17	295.29	265.80	294.70	0	53.16
2012	7	28	19.711	6418.8213	209.8213	27.8213	 1.84	 0.19	201.23	 2.92	10.14	 1.00	10.75	 1.24	324.15	286.89	295.57	263.65	295.75	0	52.73
2012	7	28	21.031	6418.8765	209.8763	27.8763	 2.04	 0.25	195.66	 2.91	 1.84	 1.00	10.73	 1.28	324.01	283.96	291.29	259.48	290.39	0	51.90
2012	7	28	21.938	6418.9141	209.9141	27.9141	 1.96	 1.37	176.98	15.78	178.22	 1.00	10.87	 0.98	323.95	281.97	277.00	258.42	289.57	0	51.68
2012	7	28	23.266	6418.9692	209.9694	27.9694	 1.87	 0.45	198.30	 6.60	15.44	 1.00	10.80	 1.21	323.61	279.42	286.80	256.50	285.43	0	51.30
2012	7	28	23.708	6418.9878	209.9878	27.9878	 1.93	 0.14	190.66	 1.75	 4.87	 1.00	10.72	 1.16	323.50	278.72	282.37	256.12	286.03	0	51.22
2012	7	29	1.063	6419.0444	210.0443	28.0443	 2.18	 0.18	199.51	 1.84	 2.27	 1.00	10.73	 1.29	323.66	277.07	283.42	256.89	281.36	0	51.38
2012	7	29	2.418	6419.1006	210.1007	28.1007	 2.16	 0.20	191.96	 1.96	 4.50	 1.00	10.85	 1.17	323.90	276.25	279.94	 0.00	280.58	0	54.00
2012	7	29	2.864	6419.1191	210.1193	28.1193	 2.27	 0.22	192.82	 1.88	 0.96	 1.00	10.83	 1.20	323.69	276.11	281.40	 0.00	283.24	0	54.00
2012	7	29	3.308	6419.1377	210.1378	28.1378	 2.01	 0.19	193.07	 2.24	 1.22	 1.00	10.82	 1.13	323.72	276.03	279.86	256.69	 0.00	0	51.34
2012	7	29	4.667	6419.1943	210.1945	28.1945	 2.38	 0.28	186.64	 2.06	 7.93	 1.00	10.78	 1.09	323.75	275.62	277.85	 0.00	279.84	0	54.00
2012	7	29	6.931	6419.2886	210.2888	28.2888	 2.10	 0.21	199.75	 2.33	 4.64	 1.00	10.82	 1.25	318.73	274.82	283.58	255.59	281.96	0	51.12
2012	7	29	10.044	6419.4185	210.4185	28.4185	 2.11	 0.25	196.82	 2.64	 6.27	 1.00	10.77	 0.75	324.89	269.23	277.07	 0.00	 0.00	0	54.00
2012	7	29	12.724	6419.5303	210.5302	28.5302	 1.73	 0.14	193.78	 2.32	 7.90	 1.00	10.78	 1.15	325.33	275.11	274.92	258.15	280.55	0	51.63
2012	7	29	13.626	6419.5679	210.5677	28.5678	 1.77	 0.15	195.17	 2.38	 1.67	 1.00	10.78	 1.23	325.48	278.24	281.58	 0.00	284.00	0	54.00
2012	7	29	14.944	6419.6226	210.6227	28.6227	 1.95	 0.14	195.56	 1.82	 2.44	 1.00	10.75	 1.24	325.37	282.22	286.40	262.07	288.00	0	52.41
2012	7	29	18.492	6419.7705	210.7705	28.7705	 2.12	 0.18	194.83	 1.91	 2.39	 1.00	10.77	 1.17	324.44	285.69	288.53	269.83	290.06	0	53.97
2012	7	29	20.271	6419.8447	210.8446	28.8446	 2.63	 0.31	196.62	 1.81	 3.78	 1.00	10.73	 1.18	324.22	285.16	292.60	264.42	291.49	0	52.88
2012	7	29	21.596	6419.8999	210.8998	28.8998	 2.65	 0.19	199.34	 1.11	 1.49	 1.00	10.82	 1.22	324.41	282.82	289.20	260.72	287.37	0	52.14
2012	7	29	22.037	6419.9180	210.9182	28.9182	 2.55	 0.20	200.79	 1.34	 4.82	 0.99	10.80	 1.19	324.36	282.21	289.17	260.46	289.80	0	52.09
2012	7	30	1.178	6420.0493	211.0491	29.0491	 1.95	 0.16	197.44	 2.06	 4.86	 1.00	10.75	 1.15	324.64	278.44	284.27	258.47	285.94	0	51.69
2012	7	30	2.507	6420.1045	211.1045	29.1045	 1.98	 0.14	200.50	 1.78	 2.63	 1.00	10.83	 1.27	324.64	277.82	282.75	258.54	282.04	0	51.71
2012	7	30	2.977	6420.1240	211.1240	29.1240	 1.97	 0.18	199.50	 2.34	 4.35	 1.00	10.85	 1.19	324.74	277.57	283.20	258.52	 0.00	0	51.70
2012	7	30	3.426	6420.1426	211.1427	29.1427	 1.61	 0.12	188.68	 2.35	 4.51	 1.00	10.88	 1.14	324.72	277.41	279.36	 0.00	281.76	0	54.00
2012	7	30	4.314	6420.1797	211.1798	29.1798	 1.57	 0.09	197.74	 2.05	 2.87	 1.00	10.78	 1.21	324.67	277.02	283.45	258.54	 0.00	0	51.71
2012	7	30	4.759	6420.1982	211.1983	29.1983	 1.39	 0.11	193.36	 3.09	 3.28	 1.00	10.77	 1.16	324.64	276.90	281.71	 0.00	283.99	0	54.00
2012	7	30	5.233	6420.2183	211.2180	29.2181	 1.49	 0.10	195.30	 2.40	 1.57	 1.00	10.92	 1.25	324.74	276.69	280.35	 0.00	 0.00	0	54.00
2012	7	30	6.126	6420.2554	211.2552	29.2553	 1.39	 0.07	196.00	 1.90	 5.09	 0.99	10.85	 1.20	324.71	276.19	281.78	257.77	281.96	0	51.55
2012	7	30	8.403	6420.3501	211.3501	29.3501	 1.23	 0.07	195.17	 2.40	 2.54	 1.00	10.85	 1.11	324.82	275.08	279.67	257.02	280.90	0	51.40
2012	7	30	9.294	6420.3872	211.3873	29.3872	 1.19	 0.09	190.31	 3.21	 1.53	 1.00	10.80	 1.12	324.91	274.83	277.32	256.93	280.47	0	51.39
2012	7	30	9.762	6420.4067	211.4068	29.4068	 1.26	 0.07	194.13	 2.39	 6.54	 0.99	10.83	 1.11	324.90	274.70	279.33	257.03	280.36	0	51.41
2012	7	30	10.206	6420.4253	211.4253	29.4253	 1.20	 0.07	199.07	 2.50	 6.41	 0.99	10.85	 1.18	324.81	274.69	281.34	256.93	280.22	0	51.39
2012	7	30	11.541	6420.4810	211.4809	29.4809	 1.45	 0.11	194.55	 2.72	 4.63	 1.00	10.82	 1.17	325.01	274.95	280.77	257.29	281.72	0	51.46
2012	7	30	12.445	6420.5186	211.5185	29.5185	 0.96	 0.10	222.72	 6.60	32.11	 0.99	10.75	 1.18	325.16	276.77	279.04	258.54	282.06	0	51.71
2012	7	30	12.883	6420.5366	211.5368	29.5368	 1.29	 0.08	195.62	 2.64	 2.77	 1.00	10.73	 1.13	325.24	277.99	281.26	259.25	283.47	0	51.85
2012	7	30	13.323	6420.5552	211.5551	29.5551	 1.42	 0.10	195.57	 2.70	 0.30	 1.00	10.75	 1.23	325.30	279.16	281.46	259.64	284.01	0	51.93
2012	7	30	13.762	6420.5732	211.5734	29.5734	 1.48	 0.10	196.48	 2.44	 0.70	 1.00	10.77	 1.21	325.40	280.45	285.29	260.18	283.48	0	52.04
2012	7	30	14.227	6420.5928	211.5928	29.5928	 1.45	 0.12	195.93	 3.08	 5.62	 1.00	10.78	 1.17	325.28	282.00	284.75	260.94	287.69	0	52.19
2012	7	30	14.666	6420.6108	211.6111	29.6111	 1.62	 0.08	200.00	 1.65	 2.49	 1.00	10.73	 1.26	325.06	282.76	287.57	261.81	288.81	0	52.36
2012	7	30	15.103	6420.6294	211.6293	29.6293	 1.71	 0.12	198.69	 2.09	 5.30	 1.00	10.73	 1.22	324.75	283.99	290.50	262.41	289.79	0	52.48
2012	7	30	16.883	6420.7036	211.7035	29.7035	 1.70	 0.11	199.69	 2.09	 3.02	 1.00	10.75	 1.15	324.73	288.43	295.91	267.50	293.87	0	53.50
2012	7	30	18.198	6420.7583	211.7583	29.7583	 1.93	 0.19	193.69	 2.53	 3.28	 1.00	10.72	 1.08	324.79	290.31	297.32	270.13	293.30	0	54.03
2012	7	30	21.756	6420.9067	211.9065	29.9065	 2.14	 0.15	199.61	 1.60	 3.64	 1.00	10.73	 1.21	324.36	280.15	285.55	259.76	 0.00	0	51.95
2012	7	30	22.198	6420.9248	211.9249	29.9249	 2.03	 0.12	193.32	 1.39	 3.51	 0.99	10.73	 1.15	324.32	279.73	282.81	259.17	286.99	0	51.83
2012	7	30	22.636	6420.9434	211.9432	29.9432	 1.86	 0.13	193.51	 1.93	 3.84	 1.00	10.73	 1.20	324.32	279.31	283.30	258.65	286.68	0	51.73
2012	7	30	23.104	6420.9629	211.9627	29.9627	 1.77	 0.11	196.19	 1.82	 4.29	 1.00	10.83	 1.16	324.38	278.84	284.41	258.10	284.78	0	51.62
2012	7	30	23.543	6420.9810	211.9810	29.9810	 1.58	 0.09	195.02	 1.84	 8.52	 0.98	10.77	 1.21	324.35	278.29	283.88	258.25	285.81	0	51.65
2012	7	31	0.430	6421.0181	212.0179	30.0179	 1.27	 0.09	197.22	 2.93	 2.64	 1.00	10.92	 1.24	324.45	277.68	283.38	 0.00	282.12	0	54.00
2012	7	31	0.873	6421.0366	212.0364	30.0364	 1.22	 0.08	197.36	 3.04	 0.94	 1.00	10.73	 1.20	324.41	277.35	283.39	258.28	 0.00	0	51.66
2012	7	31	1.781	6421.0742	212.0742	30.0742	 1.40	 0.10	195.74	 2.73	 5.56	 1.00	10.75	 1.26	324.37	276.50	283.35	257.73	 0.00	0	51.55
2012	7	31	2.220	6421.0923	212.0925	30.0925	 1.26	 0.09	195.90	 3.11	 0.46	 1.00	10.80	 1.18	324.42	276.25	282.60	257.64	 0.00	0	51.53
2012	7	31	4.022	6421.1675	212.1676	30.1676	 1.06	 0.09	194.49	 4.25	 4.10	 1.00	10.82	 1.08	324.49	275.26	279.12	257.35	280.98	0	51.47
2012	7	31	6.266	6421.2612	212.2611	30.2611	 1.21	 0.07	193.97	 2.68	 4.67	 1.00	10.73	 1.11	324.45	274.55	277.96	256.90	278.91	0	51.38
2012	7	31	7.154	6421.2979	212.2981	30.2981	 1.26	 0.10	191.00	 3.33	10.00	 1.00	10.75	 1.06	324.57	274.38	278.89	256.84	278.73	0	51.37
2012	7	31	8.984	6421.3745	212.3744	30.3744	 1.38	 0.10	192.72	 2.73	 3.13	 1.00	10.82	 1.18	324.61	274.03	278.94	 0.00	 0.00	0	54.00
2012	7	31	10.346	6421.4312	212.4311	30.4311	 1.50	 0.09	197.01	 2.14	 3.18	 1.00	10.77	 1.12	324.73	273.77	280.84	 0.00	277.90	0	54.00
2012	7	31	10.786	6421.4492	212.4494	30.4494	 1.57	 0.14	195.20	 3.00	 3.95	 1.00	10.73	 1.09	324.69	273.74	278.50	 0.00	277.84	0	54.00
2012	7	31	12.585	6421.5244	212.5244	30.5244	 1.83	 0.58	210.07	 9.39	410.51	 0.94	10.78	 1.17	325.08	276.27	278.37	258.47	279.46	0	51.69
2012	7	31	15.681	6421.6533	212.6534	30.6534	 1.78	 0.19	196.03	 3.05	 2.96	 1.00	10.82	 1.26	324.83	285.05	290.17	266.41	293.11	0	53.28
2012	7	31	23.679	6421.9868	212.9866	30.9866	 1.78	 0.11	202.24	 1.85	 7.64	 0.99	10.93	 1.21	324.58	279.26	288.56	258.00	283.86	0	51.60
