2011	5	1	0.667	5964.0278	120.0278	0.0278	 0.70	 0.05	182.52	 4.44	 9.25	 0.98	10.80	 1.22	325.69	277.80	280.04	257.26	 0.00	0	51.45
2011	5	1	1.135	5964.0474	120.0473	0.0473	 0.63	 0.05	178.23	 5.35	 2.10	 1.00	10.80	 1.18	325.94	277.22	281.88	 0.00	284.72	0	54.00
2011	5	1	2.027	5964.0845	120.0845	0.0845	 0.61	 0.04	169.87	 5.20	 3.29	 1.00	10.92	 1.21	326.45	276.36	283.57	256.78	283.77	0	51.36
# Unit 3, Cerro Chajnantor CCAT, Filter  0,  Slot 1, 350 um (616) & yellow
#				days
#				since		day of	day of
# yr	mo	dy	 time	1/1/1995	year	month	Tau	unc	Tatm	unc	mse	fitgood	Etime	R	Thot	Twarm	Tchop	Tamb	<Tint>	Filter	Toff
# 1	2	3	4	5		6	7	8	9	10	11	12	13	14	15	16	17	18	19	20	21	22
2011	5	1	3.856	5964.1606	120.1607	0.1607	 0.47	 0.07	155.22	10.64	 7.78	 1.00	10.87	 1.18	326.66	275.22	279.82	257.25	281.16	0	51.45
2011	5	1	4.304	5964.1792	120.1793	0.1793	 0.37	 0.06	174.88	14.74	20.72	 0.96	10.90	 1.17	326.59	275.07	281.00	256.93	 0.00	0	51.39
2011	5	1	4.750	5964.1978	120.1979	0.1979	 0.45	 0.07	150.37	11.18	 2.44	 1.00	10.83	 1.20	326.64	274.90	276.83	 0.00	280.93	0	54.00
2011	5	1	5.663	5964.2358	120.2359	0.2359	 0.67	 0.04	148.47	 3.77	 4.08	 0.99	10.73	 1.26	326.64	274.57	282.52	256.84	281.90	0	51.37
2011	5	1	7.003	5964.2920	120.2918	0.2918	 0.13	 0.06	257.36	103.61	54.35	 0.76	10.80	 1.01	326.51	274.24	268.18	256.37	281.43	0	51.27
2011	5	1	9.684	5964.4033	120.4035	0.4035	 0.42	 0.06	154.90	12.43	 6.91	 1.00	10.75	 1.10	326.28	273.67	278.57	256.11	280.72	0	51.22
2011	5	1	12.396	5964.5166	120.5165	0.5165	 0.68	 0.29	133.55	21.63	182.54	 0.99	10.75	 1.27	326.61	276.47	278.93	 0.00	282.31	0	54.00
2011	5	1	13.273	5964.5532	120.5530	0.5530	 0.37	 0.06	156.03	13.03	 7.44	 0.99	10.82	 1.24	326.55	279.10	282.08	260.90	287.93	0	52.18
2011	5	1	14.613	5964.6089	120.6089	0.6089	 0.45	 0.05	147.57	 9.22	 9.77	 0.98	10.77	 1.24	326.58	283.12	285.56	263.39	289.42	0	52.68
2011	5	1	15.492	5964.6455	120.6455	0.6455	 0.38	 0.05	174.75	14.14	17.40	 0.97	10.73	 1.25	326.14	286.05	293.48	266.09	291.92	0	53.22
2011	5	1	15.929	5964.6636	120.6637	0.6637	 0.24	 0.07	191.04	36.78	20.13	 0.98	10.75	 1.11	325.97	286.97	291.81	266.18	293.03	0	53.24
2011	5	1	16.367	5964.6821	120.6820	0.6820	 0.51	 0.09	148.72	12.13	 8.33	 1.00	10.72	 1.24	325.84	288.01	294.18	268.88	294.08	0	53.78
2011	5	1	18.148	5964.7563	120.7562	0.7562	 0.10	 0.05	357.59	159.80	63.15	 0.69	10.77	 1.03	325.35	291.38	296.80	272.67	296.78	0	54.53
2011	5	2	0.397	5965.0166	121.0165	1.0165	 0.64	 0.05	163.49	 4.71	 2.77	 1.00	10.85	 1.29	325.54	279.13	285.87	 0.00	285.38	0	54.00
2011	5	2	0.841	5965.0352	121.0350	1.0350	 0.52	 0.04	168.66	 6.25	13.73	 0.94	10.80	 1.23	325.36	278.51	285.44	258.32	 0.00	0	51.66
2011	5	2	1.286	5965.0537	121.0536	1.0536	 0.41	 0.04	172.35	 8.90	 4.68	 0.99	10.80	 1.18	325.39	277.91	283.78	258.54	282.75	0	51.71
2011	5	2	1.751	5965.0728	121.0730	1.0730	 0.46	 0.05	169.09	 9.77	 9.76	 0.99	10.97	 1.22	325.42	277.58	284.22	259.42	 0.00	0	51.88
2011	5	2	2.641	5965.1099	121.1101	1.1101	 0.44	 0.04	176.17	 7.47	10.38	 0.95	10.78	 1.25	325.29	277.14	283.68	259.83	283.36	0	51.97
2011	5	2	3.528	5965.1470	121.1470	1.1470	 0.51	 0.05	162.92	 7.97	 5.33	 1.00	10.87	 1.24	325.24	276.84	282.57	259.78	281.62	0	51.96
2011	5	2	4.476	5965.1865	121.1865	1.1865	 0.54	 0.03	164.85	 4.28	 9.08	 0.91	10.88	 1.26	325.40	276.78	283.59	260.44	283.05	0	52.09
2011	5	2	4.921	5965.2051	121.2050	1.2050	 0.47	 0.05	167.23	 9.22	 9.79	 0.99	10.73	 1.21	325.39	276.73	282.36	260.20	281.49	0	52.04
2011	5	2	5.364	5965.2236	121.2235	1.2235	 0.42	 0.05	174.54	10.25	 2.38	 1.00	10.75	 1.24	325.38	276.69	281.37	 0.00	281.49	0	54.00
2011	5	2	5.805	5965.2417	121.2419	1.2419	 0.31	 0.05	193.06	19.64	14.00	 0.98	10.72	 1.18	325.54	276.65	280.41	 0.00	282.96	0	54.00
2011	5	2	6.713	5965.2798	121.2797	1.2797	 0.42	 0.05	169.25	11.33	 5.84	 1.00	10.87	 1.21	325.41	276.54	284.23	259.71	281.36	0	51.94
2011	5	2	10.283	5965.4282	121.4284	1.4284	 0.42	 0.04	174.77	 7.78	11.00	 0.94	10.77	 1.24	325.64	276.16	280.71	259.31	280.77	0	51.86
2011	5	2	10.748	5965.4478	121.4478	1.4478	 0.44	 0.04	158.63	 7.92	 9.51	 0.97	10.90	 1.23	325.75	276.09	280.42	259.54	283.47	0	51.91
2011	5	2	11.193	5965.4663	121.4664	1.4664	 0.42	 0.05	156.13	 8.99	11.93	 0.96	11.05	 1.22	325.68	276.42	281.91	260.13	 0.00	0	52.03
2011	5	2	12.528	5965.5220	121.5220	1.5220	 0.42	 0.04	158.22	 7.90	 2.41	 1.00	10.75	 1.20	325.84	279.82	283.85	265.34	288.50	0	53.07
2011	5	2	12.992	5965.5415	121.5413	1.5413	 0.47	 0.04	164.43	 6.64	 3.94	 0.99	10.80	 1.27	326.31	281.56	286.24	265.71	290.64	0	53.14
2011	5	2	15.208	5965.6338	121.6336	1.6336	 0.45	 0.20	234.30	52.06	1207.52	 0.77	10.75	 1.22	325.57	288.73	295.15	266.62	295.32	0	53.32
2011	5	2	15.645	5965.6519	121.6519	1.6519	 0.55	 0.04	161.31	 5.61	 4.34	 1.00	10.73	 1.25	325.38	289.98	299.17	270.97	296.50	0	54.19
2011	5	2	16.521	5965.6885	121.6884	1.6884	 0.40	 0.06	166.03	12.59	 5.04	 1.00	10.68	 1.18	325.27	292.05	297.18	276.91	298.24	0	55.38
2011	5	2	17.421	5965.7261	121.7259	1.7259	 0.35	 0.05	183.75	15.46	14.55	 0.98	10.75	 1.13	326.68	293.80	303.48	 0.00	299.68	0	54.00
2011	5	2	19.641	5965.8184	121.8184	1.8184	 0.22	 0.08	210.50	53.38	88.11	 0.80	10.77	 1.04	326.38	293.32	299.98	272.26	299.93	0	54.45
2011	5	2	22.304	5965.9292	121.9293	1.9293	 0.57	 0.05	166.71	 6.45	 7.06	 0.99	10.83	 1.28	324.71	284.77	293.45	261.77	292.90	0	52.35
2011	5	3	0.539	5966.0225	122.0225	2.0225	 0.49	 0.04	161.14	 6.95	 4.36	 1.00	10.80	 1.23	325.06	279.78	288.12	 0.00	286.09	0	54.00
2011	5	3	0.985	5966.0410	122.0410	2.0410	 0.55	 0.04	165.84	 4.76	11.21	 0.92	10.88	 1.29	325.23	279.10	288.23	259.12	 0.00	0	51.82
2011	5	3	4.133	5966.1724	122.1722	2.1722	 0.33	 0.07	166.92	20.27	 9.81	 1.00	10.85	 1.17	325.91	276.92	282.18	 0.00	 0.00	0	54.00
2011	5	3	5.522	5966.2300	122.2301	2.2301	 0.44	 0.04	166.06	 7.42	 6.87	 0.98	10.83	 1.24	325.56	276.45	283.68	258.85	284.05	0	51.77
2011	5	3	5.965	5966.2485	122.2486	2.2486	 0.55	 0.05	150.18	 6.24	 1.86	 1.00	10.98	 1.26	325.46	276.31	282.75	259.10	 0.00	0	51.82
2011	5	3	6.414	5966.2671	122.2673	2.2673	 0.45	 0.06	154.92	11.10	 4.93	 1.00	11.00	 1.23	325.13	276.16	282.24	 0.00	 0.00	0	54.00
2011	5	3	7.771	5966.3237	122.3238	2.3238	 0.41	 0.05	163.83	11.49	 4.03	 1.00	10.78	 1.24	325.36	275.94	280.77	259.12	 0.00	0	51.82
2011	5	3	8.218	5966.3423	122.3424	2.3424	 0.54	 0.05	148.59	 6.47	 4.11	 1.00	10.98	 1.27	325.37	275.87	282.18	259.02	283.37	0	51.80
2011	5	3	9.133	5966.3804	122.3805	2.3805	 0.49	 0.06	152.83	 8.53	 3.93	 1.00	10.85	 1.20	325.51	275.73	283.33	 0.00	280.29	0	54.00
2011	5	3	13.626	5966.5679	122.5677	2.5677	 1.43	 0.62	191.29	15.78	4336.11	 0.31	10.77	 1.23	323.78	283.33	287.75	266.16	289.60	0	53.23
2011	5	3	14.501	5966.6040	122.6042	2.6042	 0.01	 0.05	2744.83	13508.78	58.61	 0.50	10.72	 1.02	324.18	286.28	284.78	265.59	293.14	0	53.12
2011	5	3	15.377	5966.6406	122.6407	2.6407	 0.42	 0.04	166.73	 8.43	 8.60	 0.97	10.72	 1.20	325.73	289.20	297.30	269.19	295.69	0	53.84
2011	5	3	15.839	5966.6602	122.6600	2.6600	 0.39	 0.04	169.25	10.20	 8.57	 0.98	10.77	 1.13	325.75	290.31	298.60	273.18	297.06	0	54.64
2011	5	3	16.277	5966.6782	122.6782	2.6782	 0.59	 0.03	163.10	 3.95	10.52	 0.90	10.73	 1.27	324.82	291.53	301.65	276.74	297.96	0	55.35
2011	5	3	16.714	5966.6963	122.6964	2.6964	 0.49	 0.04	167.24	 7.20	24.19	 0.85	10.72	 1.20	324.70	292.75	302.96	280.00	298.76	0	56.00
2011	5	3	17.588	5966.7329	122.7328	2.7328	 0.45	 0.05	157.50	 8.84	21.30	 0.91	10.72	 1.12	324.66	294.26	303.07	276.50	300.27	0	55.30
2011	5	3	18.051	5966.7520	122.7521	2.7521	 0.60	 0.05	156.38	 5.38	 3.73	 1.00	10.77	 1.23	322.08	294.43	302.19	275.14	299.95	0	55.03
2011	5	3	21.137	5966.8809	122.8807	2.8807	 0.41	 0.06	179.01	14.99	15.34	 0.99	10.72	 1.16	326.12	285.29	288.93	265.91	291.44	0	53.18
2011	5	3	21.578	5966.8989	122.8991	2.8991	 0.47	 0.05	186.79	 9.08	12.50	 0.98	10.92	 1.23	326.06	284.22	292.08	264.27	 0.00	0	52.85
2011	5	3	22.486	5966.9370	122.9369	2.9369	 0.42	 0.10	208.43	25.44	42.59	 0.99	10.88	 1.15	326.20	282.36	286.44	262.03	288.79	0	52.41
2011	5	3	23.371	5966.9736	122.9738	2.9738	 0.46	 0.05	191.19	10.04	19.50	 0.96	10.92	 1.11	326.26	280.81	286.33	260.49	287.37	0	52.10
2011	5	4	0.724	5967.0303	123.0302	3.0302	 0.72	 0.04	180.16	 3.35	 8.54	 0.96	10.78	 1.24	326.54	279.20	285.09	260.11	 0.00	0	52.02
2011	5	4	1.613	5967.0674	123.0672	3.0672	 0.79	 0.05	179.06	 3.40	 2.05	 1.00	10.80	 1.26	326.48	278.72	284.42	260.90	 0.00	0	52.18
2011	5	4	2.962	5967.1235	123.1234	3.1234	 0.70	 0.04	178.69	 4.01	 6.06	 0.99	10.78	 1.20	326.51	278.12	282.42	 0.00	282.90	0	54.00
2011	5	4	4.293	5967.1787	123.1789	3.1789	 0.57	 0.06	187.79	 8.28	 3.63	 1.00	10.85	 1.20	326.41	277.78	283.26	 0.00	285.28	0	54.00
2011	5	4	4.742	5967.1978	123.1976	3.1976	 0.69	 0.04	181.57	 4.03	 1.50	 1.00	10.97	 1.24	326.57	277.73	281.88	260.93	282.32	0	52.19
2011	5	4	5.235	5967.2183	123.2181	3.2181	 0.67	 0.05	187.83	 4.93	 4.90	 1.00	10.85	 1.24	326.53	277.63	283.58	261.24	282.29	0	52.25
2011	5	4	6.116	5967.2549	123.2548	3.2548	 0.66	 0.03	186.94	 3.69	 4.23	 0.99	10.80	 1.23	326.43	277.58	283.34	260.57	 0.00	0	52.11
2011	5	4	7.475	5967.3115	123.3115	3.3115	 0.70	 0.04	184.64	 3.79	12.48	 0.94	10.87	 1.22	326.57	277.67	282.19	261.61	285.19	0	52.32
2011	5	4	10.605	5967.4419	123.4419	3.4419	 0.66	 0.03	184.61	 3.53	 3.74	 0.99	10.85	 1.26	326.51	277.69	281.66	261.39	 0.00	0	52.28
2011	5	4	11.491	5967.4790	123.4788	3.4788	 0.61	 0.04	186.06	 5.36	 2.44	 1.00	10.85	 1.19	326.73	278.65	282.13	264.89	282.75	0	52.98
2011	5	4	16.397	5967.6831	123.6832	3.6832	 0.53	 0.04	181.52	 6.49	 8.34	 0.99	10.77	 1.07	325.00	293.80	302.27	278.90	300.28	0	55.78
2011	5	4	17.274	5967.7197	123.7198	3.7198	 0.50	 0.04	186.33	 7.07	13.30	 0.96	10.73	 1.05	323.70	295.65	306.14	281.93	300.99	0	56.39
2011	5	4	17.713	5967.7378	123.7380	3.7380	 0.55	 0.03	177.19	 4.85	17.85	 0.81	10.73	 1.02	321.88	296.09	304.20	283.76	 0.00	0	56.75
2011	5	4	18.151	5967.7563	123.7563	3.7563	 0.77	 0.04	181.51	 3.32	 2.84	 1.00	10.73	 1.24	319.18	296.19	305.57	282.86	301.91	0	56.57
2011	5	4	18.612	5967.7754	123.7755	3.7755	 0.65	 0.04	185.91	 4.25	 8.74	 0.97	10.77	 1.11	317.46	295.97	306.24	 0.00	301.94	0	54.00
2011	5	4	19.050	5967.7939	123.7937	3.7938	 0.80	 0.03	182.50	 2.62	 0.66	 1.00	10.75	 1.21	317.35	295.52	306.75	280.05	301.69	0	56.01
2011	5	4	22.147	5967.9229	123.9228	3.9228	 0.64	 0.06	187.75	 6.76	 5.98	 1.00	10.72	 1.22	318.55	286.10	294.97	265.43	293.57	0	53.09
2011	5	4	22.591	5967.9414	123.9413	3.9413	 0.67	 0.05	180.76	 4.76	 6.98	 0.99	10.90	 1.18	319.92	284.88	295.91	265.66	290.79	0	53.13
2011	5	4	23.061	5967.9609	123.9609	3.9609	 0.72	 0.05	180.65	 4.21	 9.14	 0.98	10.78	 1.14	320.96	283.81	292.71	 0.00	 0.00	0	54.00
2011	5	5	2.623	5968.1094	124.1093	4.1093	 0.93	 0.05	191.07	 3.21	 2.01	 1.00	10.72	 1.16	322.64	280.48	286.59	265.08	288.64	0	53.02
2011	5	5	3.977	5968.1655	124.1657	4.1657	 1.16	 0.05	197.51	 2.11	 0.24	 1.00	10.82	 1.21	322.67	280.12	287.01	265.05	286.77	0	53.01
2011	5	5	4.417	5968.1841	124.1840	4.1840	 1.26	 0.07	196.44	 2.25	 8.24	 0.98	10.72	 1.28	322.29	280.00	284.68	 0.00	 0.00	0	54.00
2011	5	5	4.858	5968.2026	124.2024	4.2024	 1.29	 0.07	195.65	 2.27	 3.62	 1.00	10.72	 1.21	322.32	279.93	285.16	265.02	286.55	0	53.00
2011	5	5	5.790	5968.2412	124.2413	4.2413	 1.68	 0.09	203.30	 1.80	 0.68	 1.00	10.77	 1.24	322.24	279.95	285.69	265.04	285.05	0	53.01
2011	5	5	6.676	5968.2783	124.2782	4.2782	 1.79	 0.08	203.28	 1.31	 8.01	 0.94	10.83	 1.23	322.27	280.05	286.15	265.02	288.30	0	53.00
2011	5	5	7.563	5968.3149	124.3151	4.3151	 1.67	 0.08	199.19	 1.55	 0.55	 1.00	11.00	 1.12	322.59	280.04	283.46	265.02	286.73	0	53.00
2011	5	5	8.922	5968.3716	124.3718	4.3718	 2.26	 0.22	203.86	 2.01	 3.26	 1.00	10.87	 1.20	322.43	280.13	285.94	265.02	285.34	0	53.00
2011	5	5	9.370	5968.3906	124.3904	4.3904	 2.46	 0.25	204.29	 1.84	 6.94	 0.99	10.82	 1.30	322.45	280.13	286.37	 0.00	285.27	0	54.00
2011	5	5	9.812	5968.4087	124.4088	4.4088	 2.70	 0.29	205.92	 1.65	 3.54	 1.00	10.72	 1.22	322.27	280.12	285.33	265.00	288.27	0	53.00
2011	5	5	11.606	5968.4834	124.4836	4.4836	 2.58	 0.27	203.58	 1.75	 4.52	 1.00	10.75	 1.17	322.46	281.08	284.86	265.18	 0.00	0	53.04
2011	5	5	12.514	5968.5215	124.5214	4.5214	 3.40	 1.45	206.72	 3.94	43.59	 0.99	10.75	 1.17	322.66	282.90	287.39	 0.00	289.66	0	54.00
2011	5	5	12.956	5968.5400	124.5398	4.5398	 3.76	 0.90	206.88	 1.69	 4.67	 1.00	10.87	 1.29	322.51	283.86	290.64	265.25	293.17	0	53.05
2011	5	5	13.834	5968.5762	124.5764	4.5764	 2.78	 0.42	203.73	 2.18	 4.58	 1.00	10.73	 1.22	322.99	286.16	291.01	266.86	293.09	0	53.37
2011	5	5	15.171	5968.6323	124.6321	4.6321	 2.37	 0.21	204.94	 1.78	 1.22	 1.00	10.73	 1.19	322.02	290.26	297.12	271.45	294.57	0	54.29
2011	5	5	16.045	5968.6685	124.6685	4.6685	 2.59	 0.24	207.31	 1.58	 0.35	 1.00	10.73	 1.25	318.08	292.41	302.11	275.72	301.48	0	55.14
2011	5	5	17.382	5968.7241	124.7243	4.7243	 2.39	 0.26	203.81	 2.12	 0.92	 1.00	10.73	 1.10	318.08	294.52	305.41	277.40	301.24	0	55.48
2011	5	5	18.257	5968.7607	124.7607	4.7607	 3.00	 0.50	204.58	 2.05	 3.17	 1.00	10.72	 1.19	319.10	294.32	303.28	276.41	301.49	0	55.28
2011	5	5	20.031	5968.8345	124.8346	4.8346	 2.80	 0.30	200.70	 1.52	 3.70	 1.00	10.73	 1.10	319.20	293.07	301.52	266.16	300.61	0	53.23
2011	5	5	21.810	5968.9087	124.9088	4.9088	 2.74	 1.38	191.83	 7.09	39.32	 1.00	10.72	 1.02	320.77	288.48	294.39	266.01	295.65	0	53.20
2011	5	5	23.131	5968.9639	124.9638	4.9638	 2.65	 0.30	206.86	 1.83	 0.44	 1.00	10.80	 1.24	318.55	284.61	294.15	264.14	 0.00	0	52.83
2011	5	6	0.483	5969.0200	125.0201	5.0201	 2.25	 0.13	206.71	 1.28	 1.67	 1.00	10.83	 1.24	321.60	282.34	289.86	264.21	287.61	0	52.84
2011	5	6	0.922	5969.0386	125.0384	5.0384	 2.35	 0.12	205.87	 1.03	 1.85	 1.00	10.87	 1.28	321.85	281.89	288.41	264.46	287.08	0	52.89
2011	5	6	1.366	5969.0571	125.0569	5.0569	 2.13	 0.17	202.24	 1.80	 2.08	 1.00	10.87	 1.12	322.02	281.54	287.26	264.49	 0.00	0	52.90
2011	5	6	1.833	5969.0762	125.0764	5.0764	 2.29	 0.22	206.94	 1.97	 2.75	 1.00	10.77	 1.22	322.36	281.21	288.56	264.15	 0.00	0	52.83
2011	5	6	2.273	5969.0947	125.0947	5.0947	 2.26	 0.18	202.97	 1.64	 2.57	 1.00	10.78	 1.19	322.30	280.96	287.92	 0.00	 0.00	0	54.00
2011	5	6	2.718	5969.1133	125.1132	5.1132	 2.11	 0.15	204.66	 1.69	 3.66	 1.00	10.87	 1.23	322.67	280.73	286.56	264.07	285.75	0	52.81
2011	5	6	3.159	5969.1318	125.1316	5.1316	 2.14	 0.17	204.77	 1.87	 1.19	 1.00	10.77	 1.25	322.73	280.54	287.53	 0.00	287.08	0	54.00
2011	5	6	3.600	5969.1499	125.1500	5.1500	 1.76	 0.15	210.43	 2.58	 9.62	 1.00	10.93	 1.24	322.93	280.36	283.26	263.79	 0.00	0	52.76
2011	5	6	4.069	5969.1694	125.1696	5.1696	 1.85	 0.12	201.16	 1.83	 2.11	 1.00	10.73	 1.13	323.18	280.15	285.15	263.56	288.24	0	52.71
2011	5	6	4.514	5969.1880	125.1881	5.1881	 1.84	 0.10	203.35	 1.58	 3.04	 1.00	10.80	 1.22	322.99	280.01	287.24	 0.00	 0.00	0	54.00
2011	5	6	5.405	5969.2251	125.2252	5.2252	 1.67	 0.07	206.54	 1.46	 2.86	 1.00	10.78	 1.24	323.10	279.75	286.64	263.72	 0.00	0	52.74
2011	5	6	5.852	5969.2437	125.2439	5.2439	 1.52	 0.09	204.41	 2.11	 3.96	 1.00	10.88	 1.30	323.17	279.64	286.07	263.67	287.60	0	52.73
2011	5	6	6.343	5969.2642	125.2643	5.2643	 1.48	 0.08	200.83	 2.04	 8.90	 0.98	10.77	 1.16	323.35	279.54	284.82	263.86	286.00	0	52.77
2011	5	6	7.678	5969.3198	125.3199	5.3199	 1.65	 0.11	202.49	 2.16	 9.42	 0.99	10.92	 1.27	323.47	279.35	282.04	263.20	285.70	0	52.64
2011	5	6	9.472	5969.3945	125.3947	5.3947	 1.66	 0.08	202.03	 1.50	 4.04	 0.99	10.78	 1.29	323.40	279.14	283.38	263.20	 0.00	0	52.64
2011	5	6	9.917	5969.4131	125.4132	5.4132	 1.69	 0.09	200.36	 1.64	 7.34	 0.98	10.87	 1.16	323.43	279.12	284.25	263.11	286.77	0	52.62
2011	5	6	10.362	5969.4316	125.4317	5.4317	 1.79	 0.12	204.11	 2.02	 1.82	 1.00	10.82	 1.26	323.49	279.09	283.57	262.79	283.86	0	52.56
2011	5	6	10.833	5969.4512	125.4514	5.4514	 1.89	 0.10	203.34	 1.51	 4.44	 0.99	10.78	 1.20	323.58	279.05	283.60	262.91	 0.00	0	52.58
2011	5	6	11.277	5969.4697	125.4699	5.4699	 2.13	 0.15	206.26	 1.61	 2.37	 1.00	10.73	 1.27	323.67	279.37	285.05	263.61	 0.00	0	52.72
2011	5	6	11.718	5969.4883	125.4883	5.4883	 2.46	 0.18	201.29	 1.30	 1.78	 1.00	10.78	 1.18	323.70	280.09	283.68	265.51	287.96	0	53.10
2011	5	6	12.162	5969.5068	125.5068	5.5068	 2.65	 0.28	207.24	 1.68	 4.12	 1.00	10.93	 1.25	323.69	281.31	286.99	265.82	286.80	0	53.16
2011	5	6	13.072	5969.5444	125.5447	5.5447	 2.48	 0.23	205.77	 1.65	 0.91	 1.00	10.78	 1.18	323.48	284.01	289.07	266.23	290.57	0	53.25
2011	5	6	13.511	5969.5630	125.5630	5.5630	 2.79	 0.45	204.46	 2.31	 1.68	 1.00	10.73	 1.22	323.49	285.40	289.96	265.55	292.12	0	53.11
2011	5	6	14.824	5969.6177	125.6177	5.6177	 3.27	 0.56	204.89	 1.75	 2.98	 1.00	10.72	 1.21	321.80	289.68	295.29	270.58	296.35	0	54.12
2011	5	6	20.577	5969.8574	125.8574	5.8574	 2.97	 0.42	203.52	 1.76	 3.08	 1.00	10.73	 1.13	319.29	289.04	295.12	 0.00	295.63	0	54.00
2011	5	6	21.014	5969.8755	125.8756	5.8756	 3.78	 0.97	208.79	 1.79	 1.49	 1.00	10.70	 1.24	319.36	288.34	297.03	266.08	297.80	0	53.22
2011	5	6	21.919	5969.9131	125.9133	5.9133	 4.01	 0.94	207.14	 1.37	 0.35	 1.00	10.77	 1.19	319.15	286.80	295.67	265.84	294.18	0	53.17
2011	5	6	22.362	5969.9316	125.9317	5.9317	 4.09	 1.24	203.21	 1.63	 2.13	 1.00	10.72	 1.15	319.48	286.28	293.55	265.69	295.02	0	53.14
2011	5	6	22.802	5969.9502	125.9501	5.9501	 4.18	 1.11	204.85	 1.34	 2.83	 1.00	10.78	 1.21	320.86	285.99	293.50	 0.00	293.03	0	54.00
2011	5	6	23.243	5969.9683	125.9685	5.9685	16.30	215672.63	202.73	 1.38	 3.67	 1.00	10.73	 1.21	320.97	285.73	291.33	265.55	292.78	0	53.11
2011	5	7	0.597	5970.0249	126.0249	6.0249	 3.91	 0.92	202.24	 1.45	 4.59	 1.00	11.00	 1.14	322.51	283.86	290.52	263.89	289.16	0	52.78
2011	5	7	1.038	5970.0435	126.0432	6.0432	 2.75	 0.26	204.79	 1.43	 0.75	 1.00	10.73	 1.21	322.72	283.27	290.48	 0.00	289.97	0	54.00
2011	5	7	1.481	5970.0615	126.0617	6.0617	 3.17	 0.59	205.89	 2.05	 3.37	 1.00	10.73	 1.22	322.83	282.76	289.03	264.43	290.84	0	52.89
2011	5	7	1.923	5970.0801	126.0801	6.0801	 3.07	 0.39	206.62	 1.53	 2.34	 1.00	10.90	 1.21	322.92	282.35	288.81	264.32	287.45	0	52.86
2011	5	7	3.278	5970.1367	126.1366	6.1366	 3.48	 0.47	199.62	 1.12	 4.14	 0.99	10.78	 1.14	323.26	281.47	285.90	 0.00	288.00	0	54.00
2011	5	7	3.723	5970.1553	126.1551	6.1551	 3.26	 0.47	205.76	 1.47	 1.60	 1.00	10.80	 1.18	323.36	281.24	288.75	263.81	289.26	0	52.76
2011	5	7	4.636	5970.1934	126.1932	6.1932	 2.95	 0.40	202.49	 1.73	 3.72	 1.00	10.87	 1.09	323.67	280.89	287.23	263.91	 0.00	0	52.78
2011	5	7	5.526	5970.2305	126.2303	6.2303	 2.61	 0.27	203.60	 1.68	 1.41	 1.00	10.80	 1.14	323.79	280.62	285.04	263.66	285.53	0	52.73
2011	5	7	5.970	5970.2485	126.2488	6.2488	 2.76	 0.32	203.96	 1.68	 1.61	 1.00	10.82	 1.17	323.78	280.52	284.68	263.88	285.35	0	52.78
2011	5	7	6.413	5970.2671	126.2672	6.2672	 2.80	 0.39	202.77	 1.98	 2.62	 1.00	10.73	 1.15	323.75	280.44	285.14	263.56	 0.00	0	52.71
2011	5	7	6.908	5970.2876	126.2878	6.2878	 2.86	 0.31	208.72	 1.49	 0.51	 1.00	10.77	 1.25	323.86	280.35	287.35	263.55	288.29	0	52.71
2011	5	7	9.161	5970.3818	126.3817	6.3817	 2.83	 0.27	203.30	 1.34	 2.35	 1.00	10.77	 1.16	324.04	280.08	284.32	 0.00	284.82	0	54.00
2011	5	7	11.407	5970.4751	126.4753	6.4753	 2.68	 0.31	203.81	 1.80	 7.87	 0.99	10.75	 1.12	324.11	280.56	285.11	 0.00	286.56	0	54.00
2011	5	7	11.852	5970.4937	126.4938	6.4938	 2.81	 0.34	207.10	 1.75	 4.06	 1.00	10.87	 1.27	324.10	281.28	287.16	 0.00	287.15	0	54.00
2011	5	7	13.168	5970.5488	126.5487	6.5487	 3.07	 0.34	204.72	 1.28	 4.67	 0.99	10.73	 1.27	323.97	284.83	289.10	265.66	291.11	0	53.13
2011	5	7	13.631	5970.5679	126.5680	6.5680	 2.93	 0.23	210.45	 1.03	 1.87	 1.00	10.75	 1.27	323.41	286.31	293.34	266.18	292.88	0	53.24
2011	5	7	14.069	5970.5864	126.5862	6.5862	 2.75	 0.21	206.93	 1.12	 4.21	 0.98	10.75	 1.19	322.86	287.96	295.25	265.79	296.41	0	53.16
2011	5	7	14.508	5970.6045	126.6045	6.6045	 2.62	 0.30	201.73	 1.85	 6.20	 1.00	10.73	 1.09	322.83	288.86	294.12	266.93	293.14	0	53.39
2011	5	7	14.944	5970.6226	126.6227	6.6227	 2.96	 0.34	205.64	 1.47	 3.46	 1.00	10.75	 1.22	320.58	290.01	296.46	269.68	296.81	0	53.94
2011	5	7	15.383	5970.6411	126.6410	6.6410	 3.13	 0.34	210.52	 1.27	 7.24	 0.97	10.72	 1.24	320.03	291.40	299.86	273.02	295.62	0	54.60
2011	5	7	15.845	5970.6602	126.6602	6.6602	 3.19	 0.50	206.20	 1.71	 2.14	 1.00	10.75	 1.20	320.66	292.65	301.00	276.16	299.02	0	55.23
2011	5	7	17.593	5970.7329	126.7330	6.7330	 2.87	 0.36	202.59	 1.68	 3.42	 1.00	10.75	 1.07	319.16	295.84	306.53	278.45	301.72	0	55.69
2011	5	7	18.492	5970.7705	126.7705	6.7705	 2.54	 0.34	202.45	 2.26	 4.72	 1.00	10.73	 1.01	320.57	295.96	305.27	280.10	300.12	0	56.02
2011	5	7	19.803	5970.8252	126.8251	6.8251	 3.33	 0.82	199.41	 2.32	 5.08	 1.00	10.75	 1.06	320.41	294.57	302.33	 0.00	301.36	0	54.00
2011	5	7	21.146	5970.8809	126.8811	6.8811	17.88	1858418.70	197.19	 2.37	 1.64	 1.00	10.75	 1.00	322.34	290.69	298.86	265.89	297.78	0	53.18
2011	5	7	22.930	5970.9556	126.9554	6.9554	 3.66	 0.74	208.05	 1.54	 2.43	 1.00	10.72	 1.25	322.42	287.51	297.21	265.46	294.58	0	53.09
2011	5	7	23.812	5970.9922	126.9922	6.9922	 4.26	 1.30	206.39	 1.45	 3.08	 1.00	10.77	 1.27	322.47	286.60	293.70	 0.00	 0.00	0	54.00
2011	5	8	1.165	5971.0483	127.0485	7.0485	 3.04	 0.38	201.77	 1.49	 6.99	 0.99	10.82	 1.13	322.37	284.79	291.63	 0.00	291.52	0	54.00
2011	5	8	1.607	5971.0669	127.0670	7.0670	 3.70	 0.64	207.30	 1.30	 1.50	 1.00	10.78	 1.26	322.66	284.00	292.52	263.86	289.20	0	52.77
2011	5	8	2.489	5971.1035	127.1037	7.1037	 3.28	 0.51	201.36	 1.54	 1.04	 1.00	10.98	 1.12	322.59	282.76	290.12	263.00	290.77	0	52.60
2011	5	8	2.956	5971.1230	127.1232	7.1232	 4.02	 0.73	209.24	 1.06	 1.16	 1.00	10.83	 1.29	322.86	282.26	290.88	262.94	288.74	0	52.59
2011	5	8	3.399	5971.1416	127.1416	7.1416	 2.88	 0.31	207.62	 1.46	 1.43	 1.00	10.72	 1.27	322.63	281.83	289.87	 0.00	289.79	0	54.00
2011	5	8	5.632	5971.2349	127.2347	7.2347	 2.98	 0.33	206.95	 1.42	 1.44	 1.00	10.82	 1.24	322.69	280.51	287.95	262.98	286.98	0	52.60
2011	5	8	6.961	5971.2900	127.2900	7.2900	 3.43	 0.50	200.77	 1.27	 5.04	 0.99	10.80	 1.20	322.70	280.02	284.77	 0.00	 0.00	0	54.00
2011	5	8	7.457	5971.3105	127.3107	7.3107	 2.61	 0.22	208.58	 1.40	 3.53	 1.00	10.77	 1.24	319.79	279.79	286.66	261.89	285.77	0	52.38
2011	5	8	11.008	5971.4585	127.4587	7.4587	 2.45	 0.31	206.28	 2.32	 2.10	 1.00	10.73	 1.17	320.76	275.61	279.71	261.33	280.08	0	52.27
2011	5	8	12.363	5971.5151	127.5151	7.5151	 2.78	 0.32	205.96	 1.67	 0.23	 1.00	10.82	 1.25	321.20	279.82	283.04	265.91	283.73	0	53.18
2011	5	8	13.241	5971.5518	127.5517	7.5517	 2.39	 0.26	202.65	 2.03	 2.92	 1.00	10.72	 1.14	321.97	283.32	285.82	265.94	289.81	0	53.19
2011	5	8	13.681	5971.5698	127.5701	7.5701	 2.55	 0.23	208.62	 1.59	 2.34	 1.00	10.75	 1.30	321.81	285.07	291.38	265.83	291.84	0	53.17
2011	5	8	14.581	5971.6074	127.6075	7.6075	 2.49	 0.21	209.26	 1.56	 2.67	 1.00	10.73	 1.22	319.37	288.00	296.47	268.58	295.20	0	53.72
2011	5	8	15.455	5971.6440	127.6440	7.6440	 2.41	 0.22	203.95	 1.71	 2.27	 1.00	10.72	 1.17	318.96	291.03	297.92	272.57	300.32	0	54.51
2011	5	8	15.893	5971.6621	127.6622	7.6622	 2.49	 0.27	208.37	 1.94	 5.76	 1.00	10.73	 1.10	319.35	291.91	302.40	275.04	298.79	0	55.01
2011	5	8	17.667	5971.7363	127.7361	7.7361	 2.79	 0.52	200.60	 2.62	 4.52	 1.00	10.73	 1.05	321.83	295.22	303.93	275.23	301.39	0	55.05
2011	5	8	18.104	5971.7544	127.7543	7.7543	 2.73	 0.55	201.00	 3.01	 6.36	 1.00	10.73	 1.14	321.81	295.47	301.97	277.31	301.73	0	55.46
2011	5	8	18.567	5971.7734	127.7736	7.7736	 3.02	 0.43	206.06	 1.76	 3.33	 1.00	10.77	 1.18	320.12	295.54	305.58	279.81	301.70	0	55.96
2011	5	8	19.005	5971.7920	127.7919	7.7919	 3.35	 0.59	203.46	 1.66	 6.74	 0.99	10.73	 1.10	320.67	295.41	305.53	276.07	301.95	0	55.21
2011	5	8	19.441	5971.8101	127.8101	7.8101	 3.25	 0.57	206.58	 1.82	 3.44	 1.00	10.72	 1.14	320.08	294.75	305.59	273.23	301.53	0	54.65
2011	5	8	20.777	5971.8657	127.8657	7.8657	 2.96	 0.46	199.71	 1.94	 8.18	 0.99	10.77	 1.04	319.19	291.64	300.97	266.05	299.08	0	53.21
2011	5	8	21.217	5971.8843	127.8840	7.8840	 3.31	 0.38	207.43	 1.14	 0.89	 1.00	10.78	 1.20	318.69	290.35	300.67	265.32	296.15	0	53.06
2011	5	8	22.095	5971.9204	127.9206	7.9206	 2.94	 0.79	199.99	 3.39	16.21	 1.00	10.77	 1.04	319.33	288.08	296.67	265.83	293.85	0	53.17
2011	5	8	22.995	5971.9580	127.9581	7.9581	 3.80	 0.94	203.67	 1.66	 1.82	 1.00	10.75	 1.22	321.24	286.01	293.31	265.62	291.63	0	53.12
2011	5	8	23.434	5971.9766	127.9764	7.9764	 3.65	 0.70	205.70	 1.47	 1.91	 1.00	10.73	 1.23	321.89	285.06	293.86	265.34	 0.00	0	53.07
2011	5	9	0.749	5972.0312	128.0312	8.0312	 3.13	 0.37	206.04	 1.33	 0.86	 1.00	10.78	 1.23	322.63	283.00	290.98	264.35	289.63	0	52.87
2011	5	9	1.214	5972.0508	128.0506	8.0506	 3.62	 0.56	204.14	 1.20	 1.69	 1.00	10.83	 1.19	322.90	282.47	288.50	264.48	287.52	0	52.90
2011	5	9	2.096	5972.0874	128.0874	8.0873	 3.50	 0.55	202.40	 1.33	 1.65	 1.00	10.72	 1.16	322.75	281.78	288.47	265.09	289.90	0	53.02
2011	5	9	2.974	5972.1240	128.1239	8.1239	 3.27	 0.48	202.35	 1.47	 5.20	 0.99	10.75	 1.17	322.57	281.28	286.71	264.55	287.84	0	52.91
2011	5	9	4.756	5972.1982	128.1982	8.1982	 3.52	 0.70	206.72	 1.67	 0.75	 1.00	10.78	 1.22	322.31	280.77	288.63	264.58	287.27	0	52.92
2011	5	9	5.195	5972.2163	128.2165	8.2165	 3.88	 1.00	199.34	 1.61	 6.71	 0.99	10.83	 1.08	322.34	280.63	284.73	263.69	285.61	0	52.74
2011	5	9	6.101	5972.2544	128.2542	8.2542	 3.51	 0.68	205.79	 1.63	 1.71	 1.00	10.75	 1.26	322.48	280.31	286.37	263.35	286.85	0	52.67
2011	5	9	6.542	5972.2725	128.2726	8.2726	 3.50	 0.68	204.06	 1.66	 2.42	 1.00	10.73	 1.26	322.37	280.17	285.06	263.26	288.13	0	52.65
2011	5	9	6.983	5972.2910	128.2910	8.2909	 3.18	 0.37	204.77	 1.27	 8.71	 0.96	10.73	 1.21	322.69	280.03	286.35	263.27	286.51	0	52.65
2011	5	9	7.913	5972.3296	128.3297	8.3297	 3.63	 0.84	206.33	 1.81	 7.65	 0.99	10.78	 1.19	322.63	279.79	287.10	263.04	 0.00	0	52.61
2011	5	9	8.799	5972.3667	128.3666	8.3666	 3.15	 0.33	203.18	 1.15	 3.90	 0.99	10.77	 1.20	323.08	279.62	284.72	262.99	284.55	0	52.60
2011	5	9	9.247	5972.3853	128.3853	8.3853	 2.95	 0.37	200.53	 1.58	 2.11	 1.00	10.88	 1.12	322.90	279.54	283.12	263.01	285.82	0	52.60
2011	5	9	9.691	5972.4038	128.4038	8.4038	 3.06	 0.50	201.49	 1.90	 7.35	 1.00	10.72	 1.18	322.73	279.46	282.96	262.98	285.75	0	52.60
2011	5	9	10.597	5972.4414	128.4415	8.4415	 3.28	 0.58	201.97	 1.76	 2.46	 1.00	10.78	 1.21	323.16	279.31	283.70	 0.00	 0.00	0	54.00
2011	5	9	11.477	5972.4780	128.4782	8.4782	 3.04	 0.40	206.57	 1.59	 2.14	 1.00	10.75	 1.29	323.29	279.72	286.05	263.34	 0.00	0	52.67
2011	5	9	11.918	5972.4966	128.4966	8.4966	 2.99	 0.25	207.53	 1.06	 2.67	 0.99	10.73	 1.28	323.49	280.60	286.04	265.19	 0.00	0	53.04
2011	5	9	13.266	5972.5527	128.5527	8.5527	 2.85	 0.31	202.46	 1.48	 5.68	 0.99	10.75	 1.21	323.51	283.57	288.19	265.94	287.56	0	53.19
2011	5	9	13.703	5972.5708	128.5710	8.5710	 3.24	 0.40	205.41	 1.29	 0.96	 1.00	10.72	 1.25	323.50	284.92	290.68	266.07	291.07	0	53.21
2011	5	9	14.142	5972.5894	128.5892	8.5892	 2.56	 0.24	198.08	 1.53	 2.05	 1.00	10.70	 1.12	323.09	286.36	288.75	266.07	292.88	0	53.21
2011	5	9	15.480	5972.6450	128.6450	8.6450	 2.94	 0.47	202.78	 2.04	 5.11	 1.00	10.73	 1.19	323.00	289.95	297.03	269.11	296.20	0	53.82
2011	5	9	15.918	5972.6631	128.6633	8.6633	 3.39	 1.57	191.67	 4.01	10.41	 1.00	10.73	 0.97	322.68	290.81	294.58	272.18	297.39	0	54.44
2011	5	9	16.355	5972.6816	128.6814	8.6814	 2.31	 0.34	208.53	 3.02	 7.93	 1.00	10.72	 1.11	322.78	291.48	300.22	270.98	298.06	0	54.20
2011	5	9	18.130	5972.7554	128.7554	8.7554	 3.26	 0.69	201.79	 2.12	 8.69	 1.00	10.72	 1.08	319.83	294.06	305.94	273.31	302.60	0	54.66
2011	5	9	18.567	5972.7734	128.7736	8.7736	 2.87	 0.36	205.11	 1.73	 3.23	 1.00	10.73	 1.16	320.27	293.21	302.56	269.00	302.13	0	53.80
2011	5	9	23.005	5972.9585	128.9585	8.9585	 2.88	 0.32	203.49	 1.49	 1.87	 1.00	10.73	 1.21	323.05	283.75	289.13	263.36	288.97	0	52.67
2011	5	9	23.908	5972.9961	128.9962	8.9962	 2.86	 0.25	205.16	 1.22	 0.45	 1.00	10.72	 1.24	323.17	282.44	289.31	262.90	 0.00	0	52.58
2011	5	10	1.233	5973.0513	129.0514	9.0514	 3.17	 0.44	194.82	 1.46	 6.46	 0.99	10.87	 1.18	323.34	281.00	281.93	 0.00	288.79	0	54.00
2011	5	10	5.725	5973.2388	129.2385	9.2385	 2.28	 0.25	203.90	 2.27	 4.05	 1.00	10.77	 1.22	323.51	279.40	283.89	261.83	285.56	0	52.37
2011	5	10	6.189	5973.2578	129.2579	9.2579	 2.68	 0.27	205.12	 1.56	 1.90	 1.00	10.75	 1.24	323.72	279.38	284.39	262.05	 0.00	0	52.41
2011	5	10	6.635	5973.2764	129.2765	9.2765	 2.85	 0.28	204.34	 1.37	 4.93	 0.99	10.85	 1.29	323.54	279.46	283.41	261.93	285.58	0	52.39
2011	5	10	8.457	5973.3525	129.3524	9.3524	 4.49	 2.00	204.07	 1.76	 1.21	 1.00	10.88	 1.18	323.52	279.77	284.66	 0.00	284.37	0	54.00
2011	5	10	9.784	5973.4077	129.4077	9.4077	 3.56	 0.67	202.42	 1.52	 4.91	 1.00	10.75	 1.20	323.42	280.52	285.24	 0.00	 0.00	0	54.00
2011	5	10	12.460	5973.5190	129.5192	9.5192	 4.02	 1.19	205.39	 1.70	 1.98	 1.00	10.87	 1.23	323.62	283.09	287.46	265.71	291.32	0	53.14
2011	5	10	12.928	5973.5386	129.5387	9.5387	 3.28	 0.36	207.47	 1.13	 1.35	 1.00	10.75	 1.26	323.76	284.22	290.22	265.87	290.68	0	53.17
2011	5	10	13.811	5973.5757	129.5754	9.5754	 3.71	 0.68	200.80	 1.30	 5.79	 0.99	10.95	 1.18	323.37	286.56	290.45	268.06	291.06	0	53.61
2011	5	10	15.158	5973.6313	129.6316	9.6316	 3.55	 0.53	206.87	 1.22	 0.92	 1.00	10.77	 1.21	323.21	289.64	297.24	 0.00	294.27	0	54.00
2011	5	10	15.599	5973.6499	129.6499	9.6499	 3.29	 0.37	203.77	 1.12	 3.33	 0.99	10.70	 1.17	323.04	289.61	297.07	268.65	 0.00	0	53.73
2011	5	10	16.036	5973.6680	129.6682	9.6682	 3.39	 0.44	203.74	 1.20	 1.97	 1.00	10.75	 1.19	323.07	289.81	296.40	269.90	297.24	0	53.98
2011	5	10	16.911	5973.7046	129.7046	9.7046	 3.39	 0.42	205.71	 1.14	 7.11	 0.96	10.72	 1.19	322.94	291.06	299.93	275.33	298.45	0	55.07
2011	5	10	17.373	5973.7241	129.7239	9.7239	 3.09	 0.38	204.07	 1.41	 5.10	 0.99	10.75	 1.16	322.72	291.70	299.65	270.83	299.44	0	54.17
2011	5	10	17.811	5973.7422	129.7421	9.7421	 3.14	 0.44	199.07	 1.51	 7.18	 0.99	10.73	 1.10	322.59	291.98	300.24	273.75	302.05	0	54.75
2011	5	10	18.250	5973.7603	129.7604	9.7604	 3.71	 0.55	205.53	 1.08	 3.20	 0.99	10.78	 1.24	322.51	292.13	301.46	272.46	 0.00	0	54.49
2011	5	10	18.689	5973.7788	129.7787	9.7787	 4.22	 1.24	204.93	 1.43	 1.81	 1.00	10.78	 1.22	322.56	291.96	302.19	269.49	299.86	0	53.90
2011	5	10	19.128	5973.7969	129.7970	9.7970	16.67	353095.28	201.64	 1.55	 2.10	 1.00	10.78	 1.13	322.91	291.51	301.85	268.91	299.38	0	53.78
2011	5	10	20.035	5973.8350	129.8348	9.8348	 5.51	 5.81	199.86	 1.78	 1.50	 1.00	10.92	 1.08	322.81	290.40	299.36	265.78	 0.00	0	53.16
2011	5	10	20.919	5973.8716	129.8716	9.8716	 5.04	 3.34	199.02	 1.64	 3.53	 1.00	10.73	 1.07	323.20	288.47	297.98	 0.00	294.20	0	54.00
2011	5	10	23.145	5973.9644	129.9644	9.9644	15.89	155595.57	201.70	 1.49	 2.80	 1.00	10.80	 1.14	323.46	284.46	291.41	263.58	289.35	0	52.72
2011	5	10	23.587	5973.9829	129.9828	9.9828	 3.89	 0.94	201.50	 1.51	 2.59	 1.00	10.88	 1.15	323.37	284.04	289.45	263.70	 0.00	0	52.74
2011	5	11	0.497	5974.0205	130.0207	10.0207	40.18	 1.00	204.00	 0.00	 1.51	 0.00	10.78	 1.27	323.48	283.58	289.99	263.07	289.92	0	52.61
2011	5	11	3.188	5974.1328	130.1328	10.1328	 4.66	 1.54	202.47	 1.13	 2.07	 1.00	10.80	 1.18	323.42	282.27	287.84	262.29	 0.00	0	52.46
2011	5	11	3.633	5974.1514	130.1514	10.1514	 3.37	 0.61	201.65	 1.69	 0.99	 1.00	10.93	 1.22	323.35	281.85	287.46	 0.00	288.19	0	54.00
2011	5	11	5.433	5974.2266	130.2264	10.2264	 3.75	 0.69	205.08	 1.30	 2.38	 1.00	10.90	 1.27	323.55	280.56	287.58	259.85	288.90	0	51.97
2011	5	11	7.680	5974.3198	130.3200	10.3200	 3.75	 0.71	199.97	 1.30	 1.96	 1.00	10.77	 1.18	323.45	280.12	284.18	 0.00	284.72	0	54.00
2011	5	11	10.390	5974.4331	130.4329	10.4329	 2.75	 0.32	205.30	 1.71	 1.82	 1.00	10.83	 1.29	323.51	279.10	286.99	261.31	 0.00	0	52.26
2011	5	11	11.301	5974.4707	130.4709	10.4709	 3.01	 0.39	203.20	 1.59	 4.22	 1.00	10.75	 1.25	323.61	278.76	285.67	261.46	284.58	0	52.29
2011	5	11	11.743	5974.4893	130.4893	10.4893	 2.63	 0.23	200.29	 1.39	 2.06	 1.00	10.73	 1.18	323.57	278.79	283.84	261.73	283.30	0	52.35
2011	5	11	12.629	5974.5264	130.5262	10.5262	 2.65	 0.28	200.62	 1.66	 1.28	 1.00	10.78	 1.29	323.66	279.13	282.64	 0.00	286.58	0	54.00
2011	5	11	13.984	5974.5825	130.5827	10.5827	 2.35	 0.19	197.26	 1.56	 2.15	 1.00	10.90	 1.16	323.91	281.98	285.46	265.91	290.54	0	53.18
2011	5	11	14.424	5974.6011	130.6010	10.6010	 2.38	 0.20	198.08	 1.57	 0.29	 1.00	10.70	 1.19	323.98	283.04	288.52	265.58	289.68	0	53.12
2011	5	11	14.863	5974.6191	130.6193	10.6193	 1.94	 0.14	201.94	 1.91	 3.83	 1.00	10.73	 1.22	324.09	284.40	289.24	265.93	293.36	0	53.19
2011	5	11	15.301	5974.6377	130.6375	10.6375	17.26	1637331.65	204.52	 4.03	 7.54	 1.00	10.73	 1.29	323.88	286.32	294.45	266.43	292.79	0	53.29
2011	5	11	16.201	5974.6748	130.6750	10.6750	 2.28	 0.15	204.42	 1.39	 4.41	 0.99	10.75	 1.30	323.47	289.58	298.01	274.04	298.50	0	54.81
2011	5	11	17.074	5974.7114	130.7114	10.7114	 2.58	 0.22	197.18	 1.36	 3.12	 1.00	10.73	 1.08	323.03	292.22	299.15	274.05	297.99	0	54.81
2011	5	11	17.975	5974.7490	130.7490	10.7490	 2.68	 0.21	196.75	 1.17	 1.45	 1.00	10.75	 1.11	322.86	293.56	301.24	273.06	299.66	0	54.61
2011	5	11	18.414	5974.7671	130.7672	10.7672	 2.66	 0.26	194.84	 1.49	 3.71	 1.00	10.73	 1.10	322.87	293.31	301.04	273.21	302.04	0	54.64
2011	5	11	18.850	5974.7856	130.7854	10.7854	 2.30	 0.17	197.95	 1.47	 0.70	 1.00	10.72	 1.19	322.92	292.96	301.63	271.68	297.24	0	54.34
2011	5	11	21.503	5974.8960	130.8960	10.8959	 2.23	 0.14	200.34	 1.30	 1.37	 1.00	10.72	 1.16	323.13	287.99	296.50	264.03	295.46	0	52.81
2011	5	11	22.406	5974.9336	130.9336	10.9336	 1.12	 0.38	205.96	17.02	84.19	 1.00	10.77	 1.06	323.18	285.09	290.65	262.08	 0.00	0	52.42
2011	5	11	23.285	5974.9702	130.9702	10.9702	 1.85	 0.12	199.37	 1.74	 3.61	 1.00	10.73	 1.20	323.39	282.84	290.21	261.27	289.51	0	52.25
2011	5	11	23.724	5974.9883	130.9885	10.9885	 1.95	 0.12	199.08	 1.58	 4.50	 0.99	10.85	 1.21	323.46	281.93	289.48	261.29	288.55	0	52.26
2011	5	12	1.068	5975.0444	131.0445	11.0445	 1.96	 0.09	204.14	 1.26	 2.02	 1.00	10.73	 1.29	323.58	279.94	287.20	260.87	 0.00	0	52.17
2011	5	12	2.390	5975.0996	131.0996	11.0996	 1.73	 0.11	200.31	 1.87	 2.13	 1.00	10.77	 1.17	323.92	278.82	284.29	260.09	 0.00	0	52.02
2011	5	12	2.857	5975.1191	131.1190	11.1190	 2.00	 0.15	206.40	 1.94	 1.18	 1.00	10.77	 1.23	324.12	278.57	286.50	260.13	283.37	0	52.03
2011	5	12	4.623	5975.1924	131.1926	11.1926	 1.52	 0.07	198.77	 1.75	 4.80	 0.99	10.85	 1.18	324.00	277.97	282.12	260.19	284.19	0	52.04
2011	5	12	6.410	5975.2671	131.2671	11.2671	 1.53	 0.08	202.10	 1.90	10.06	 0.97	10.77	 1.23	323.96	277.38	285.14	260.01	283.74	0	52.00
2011	5	12	8.198	5975.3418	131.3416	11.3416	 1.40	 0.06	195.73	 1.63	 4.77	 0.99	10.73	 1.14	323.95	276.82	282.11	259.44	284.53	0	51.89
2011	5	12	8.640	5975.3599	131.3600	11.3600	 1.34	 0.07	198.46	 2.20	10.56	 0.98	10.73	 1.23	323.95	276.77	283.62	 0.00	284.25	0	54.00
2011	5	12	9.571	5975.3989	131.3988	11.3988	 1.21	 0.06	198.69	 2.29	 1.15	 1.00	10.93	 1.26	318.94	276.65	282.87	 0.00	283.25	0	54.00
2011	5	12	14.442	5975.6016	131.6018	11.6018	 1.18	 0.08	202.63	 3.18	 5.16	 1.00	10.72	 1.18	324.47	279.79	287.16	268.58	285.17	0	53.72
2011	5	12	16.657	5975.6938	131.6941	11.6941	 1.43	 0.05	198.77	 1.41	 2.24	 1.00	10.82	 1.22	321.12	291.54	298.58	286.60	295.48	0	57.32
2011	5	12	17.096	5975.7124	131.7123	11.7123	 1.36	 0.08	200.77	 2.29	 2.89	 1.00	10.73	 1.20	320.06	293.09	301.26	287.34	299.24	0	57.47
2011	5	12	18.433	5975.7681	131.7680	11.7680	 1.39	 0.06	202.09	 1.80	 1.57	 1.00	10.82	 1.14	319.01	295.42	307.94	279.20	303.35	0	55.84
2011	5	12	18.870	5975.7861	131.7863	11.7863	 1.38	 0.07	192.13	 1.83	 0.18	 1.00	10.73	 1.11	319.26	295.17	304.03	277.60	301.63	0	55.52
2011	5	12	20.646	5975.8604	131.8602	11.8602	 1.22	 0.06	197.38	 2.26	 9.22	 0.98	10.75	 1.19	320.52	291.62	302.45	265.64	298.76	0	53.13
2011	5	12	23.748	5975.9897	131.9895	11.9895	 1.09	 0.14	205.14	 6.66	35.46	 0.99	10.77	 1.28	321.96	282.33	290.68	262.77	 0.00	0	52.55
2011	5	13	1.095	5976.0454	132.0456	12.0456	 0.91	 0.06	190.05	 3.60	 3.12	 1.00	10.83	 1.17	322.23	280.45	286.63	262.51	 0.00	0	52.50
2011	5	13	2.868	5976.1196	132.1195	12.1195	 0.72	 0.04	188.08	 4.07	 1.33	 1.00	10.72	 1.28	323.08	278.70	284.32	259.88	284.91	0	51.98
2011	5	13	3.332	5976.1387	132.1389	12.1389	 0.81	 0.23	175.36	16.82	89.62	 1.00	10.83	 1.15	322.84	278.32	285.01	261.57	 0.00	0	52.31
2011	5	13	4.215	5976.1758	132.1756	12.1756	 0.60	 0.06	182.85	 7.10	 4.28	 1.00	10.83	 1.17	322.68	278.25	283.72	263.86	286.15	0	52.77
2011	5	13	4.655	5976.1938	132.1939	12.1939	 0.57	 0.03	187.84	 4.88	 5.99	 0.99	10.78	 1.15	322.60	278.29	282.78	 0.00	286.31	0	54.00
2011	5	13	5.096	5976.2124	132.2123	12.2123	 0.59	 0.04	186.10	 6.01	 4.35	 1.00	10.77	 1.18	322.65	278.56	283.27	264.81	 0.00	0	52.96
2011	5	13	5.560	5976.2314	132.2317	12.2317	 0.59	 0.03	194.31	 4.51	 4.10	 0.99	10.85	 1.18	322.70	278.69	284.70	264.90	283.90	0	52.98
2011	5	13	5.999	5976.2500	132.2500	12.2500	 0.65	 0.04	186.48	 4.76	 6.48	 0.99	10.73	 1.20	322.63	278.91	284.06	264.84	285.62	0	52.97
2011	5	13	6.878	5976.2866	132.2866	12.2866	 0.64	 0.05	184.40	 5.26	 7.34	 0.99	10.77	 1.22	322.56	279.25	284.85	265.00	286.05	0	53.00
2011	5	13	7.785	5976.3242	132.3244	12.3244	 0.66	 0.04	182.00	 4.36	 3.73	 1.00	10.77	 1.23	322.66	279.26	284.20	265.05	286.04	0	53.01
2011	5	13	8.666	5976.3608	132.3611	12.3611	 0.62	 0.04	185.24	 4.40	 3.26	 1.00	10.92	 1.26	322.57	279.06	285.61	 0.00	287.41	0	54.00
2011	5	13	9.108	5976.3794	132.3795	12.3795	 0.72	 0.03	174.14	 2.84	 2.48	 0.99	10.70	 1.24	322.58	278.87	284.43	262.62	285.48	0	52.52
2011	5	13	12.693	5976.5288	132.5289	12.5289	 0.42	 0.04	213.71	10.84	28.45	 0.88	10.72	 1.02	321.94	277.57	279.49	266.14	282.54	0	53.23
2011	5	13	13.131	5976.5474	132.5471	12.5471	 0.69	 0.03	189.11	 3.49	 7.97	 0.96	10.73	 1.16	322.41	279.51	282.73	265.48	282.64	0	53.10
2011	5	13	14.008	5976.5835	132.5837	12.5837	 0.73	 0.05	195.23	 4.41	12.14	 0.98	10.73	 1.20	322.93	283.47	287.92	265.94	289.89	0	53.19
2011	5	13	14.470	5976.6030	132.6029	12.6029	 0.94	 0.05	193.37	 2.80	 1.85	 1.00	10.75	 1.29	323.24	284.82	288.83	266.01	291.60	0	53.20
2011	5	13	14.908	5976.6211	132.6212	12.6212	 0.76	 0.05	194.99	 4.29	 4.19	 1.00	10.73	 1.13	323.40	286.52	291.49	265.97	290.44	0	53.19
2011	5	13	15.344	5976.6392	132.6394	12.6394	 0.97	 0.05	192.00	 2.93	 5.65	 0.99	10.72	 1.25	322.92	288.43	294.50	270.27	294.60	0	54.05
2011	5	13	15.783	5976.6577	132.6576	12.6576	 0.80	 0.05	186.10	 3.65	 5.28	 1.00	10.73	 1.06	322.89	289.68	294.57	273.86	293.45	0	54.77
2011	5	13	21.546	5976.8979	132.8978	12.8978	 1.29	 0.07	205.21	 2.26	 3.36	 1.00	10.75	 1.18	323.16	281.91	291.96	264.65	286.93	0	52.93
2011	5	13	21.987	5976.9160	132.9161	12.9161	 1.47	 0.08	199.23	 2.04	 1.04	 1.00	10.93	 1.22	323.46	281.46	287.33	263.67	286.34	0	52.73
2011	5	13	22.430	5976.9346	132.9346	12.9346	 1.60	 0.09	202.27	 1.80	 2.01	 1.00	10.77	 1.29	323.44	281.05	287.05	263.23	288.94	0	52.65
2011	5	13	22.874	5976.9531	132.9531	12.9531	 1.58	 0.06	202.00	 1.39	 2.28	 1.00	10.75	 1.23	323.48	280.71	287.39	262.70	287.14	0	52.54
2011	5	13	23.775	5976.9907	132.9906	12.9906	 1.48	 0.09	206.14	 2.22	 2.82	 1.00	10.77	 1.27	323.49	280.00	286.79	261.96	288.11	0	52.39
2011	5	14	0.659	5977.0273	133.0275	13.0275	 1.29	 0.05	201.57	 1.74	 3.81	 0.99	10.75	 1.14	323.49	279.41	284.26	 0.00	284.41	0	54.00
2011	5	14	1.109	5977.0464	133.0462	13.0462	 1.62	 0.11	206.59	 2.21	 4.67	 1.00	10.75	 1.27	323.47	279.36	288.61	265.08	285.83	0	53.02
2011	5	14	1.572	5977.0654	133.0655	13.0655	 1.53	 0.08	204.23	 1.85	 2.84	 1.00	10.73	 1.23	323.55	279.45	287.44	264.97	284.59	0	52.99
2011	5	14	2.453	5977.1021	133.1022	13.1022	 1.59	 0.10	203.61	 2.20	 2.21	 1.00	10.82	 1.22	323.46	279.66	288.76	265.07	286.33	0	53.01
2011	5	14	3.791	5977.1577	133.1579	13.1579	 1.57	 0.08	204.28	 1.81	 7.71	 0.98	10.75	 1.25	323.53	279.80	286.59	265.18	288.01	0	53.04
2011	5	14	4.229	5977.1763	133.1762	13.1762	 1.37	 0.08	201.49	 2.35	 1.23	 1.00	10.75	 1.19	323.46	279.81	286.40	265.14	286.50	0	53.03
2011	5	14	6.451	5977.2686	133.2688	13.2688	 1.42	 0.06	204.68	 1.55	 1.47	 1.00	10.78	 1.26	323.49	279.59	286.22	265.15	286.07	0	53.03
2011	5	14	7.332	5977.3057	133.3055	13.3055	 1.38	 0.07	198.23	 2.00	 2.55	 1.00	10.87	 1.22	323.49	279.46	286.25	265.14	284.58	0	53.03
2011	5	14	8.679	5977.3618	133.3616	13.3616	 1.27	 0.06	203.21	 1.93	 3.36	 1.00	10.72	 1.28	323.44	279.16	286.92	264.62	286.90	0	52.92
2011	5	14	9.565	5977.3984	133.3985	13.3985	 1.19	 0.06	195.02	 2.18	 2.39	 1.00	10.78	 1.15	323.41	279.03	283.25	 0.00	286.62	0	54.00
2011	5	14	10.501	5977.4375	133.4375	13.4375	 1.28	 0.06	198.05	 2.04	 4.00	 1.00	10.80	 1.22	323.57	278.80	284.24	 0.00	286.52	0	54.00
2011	5	14	11.383	5977.4741	133.4743	13.4743	 1.30	 0.07	197.81	 2.08	 1.81	 1.00	10.80	 1.23	323.60	279.20	284.76	264.74	285.42	0	52.95
2011	5	14	11.822	5977.4927	133.4926	13.4926	 1.02	 0.04	195.43	 2.20	 8.12	 0.96	10.73	 1.08	323.71	279.95	281.76	 0.00	286.23	0	54.00
2011	5	14	12.721	5977.5298	133.5300	13.5300	 1.31	 0.09	197.21	 2.85	 7.02	 1.00	10.73	 1.22	323.92	282.34	287.80	266.26	288.80	0	53.25
2011	5	14	13.158	5977.5483	133.5483	13.5483	 1.16	 0.05	202.79	 2.04	 2.96	 1.00	10.73	 1.27	324.05	283.72	289.91	265.89	290.20	0	53.18
2011	5	14	14.936	5977.6226	133.6223	13.6223	 1.21	 0.05	198.47	 1.85	 2.84	 1.00	10.75	 1.21	323.74	288.86	295.98	266.00	295.55	0	53.20
2011	5	14	15.374	5977.6406	133.6406	13.6406	 1.23	 0.05	198.89	 1.86	 5.22	 0.99	10.73	 1.16	323.68	290.48	298.33	269.11	296.87	0	53.82
2011	5	14	16.250	5977.6772	133.6771	13.6771	 1.11	 0.20	218.37	 9.79	47.77	 1.00	10.73	 1.21	323.57	292.29	300.69	274.47	298.73	0	54.89
2011	5	14	17.150	5977.7144	133.7146	13.7146	 1.25	 0.08	197.67	 2.79	 3.05	 1.00	10.77	 1.14	321.10	294.23	303.30	277.78	300.42	0	55.56
2011	5	14	17.588	5977.7329	133.7328	13.7328	 1.32	 0.08	196.68	 2.53	 1.79	 1.00	10.73	 1.13	321.16	294.69	302.36	277.99	300.89	0	55.60
2011	5	14	18.030	5977.7515	133.7512	13.7512	 1.32	 0.08	197.43	 2.37	 7.41	 0.99	10.83	 1.13	321.29	294.51	303.91	 0.00	300.62	0	54.00
2011	5	14	18.910	5977.7881	133.7879	13.7879	 1.25	 0.04	198.28	 1.35	 5.20	 0.95	10.72	 1.18	321.40	294.28	301.99	275.81	300.56	0	55.16
2011	5	14	19.373	5977.8071	133.8072	13.8072	 1.12	 0.07	192.40	 3.02	14.83	 0.98	10.77	 1.07	321.96	293.71	303.09	273.93	300.27	0	54.79
2011	5	14	23.355	5977.9731	133.9731	13.9731	 1.09	 0.06	188.96	 2.41	 5.02	 0.99	10.75	 1.24	323.55	282.32	289.10	261.54	287.42	0	52.31
2011	5	14	23.818	5977.9922	133.9924	13.9924	 1.12	 0.08	183.32	 3.03	 4.85	 1.00	10.88	 1.26	323.53	281.44	287.99	261.16	287.94	0	52.23
2011	5	15	0.262	5978.0107	134.0109	14.0109	 0.83	 0.05	183.01	 3.36	 6.59	 0.99	10.83	 1.17	323.45	280.73	285.60	 0.00	288.66	0	54.00
2011	5	15	0.710	5978.0298	134.0296	14.0296	 0.94	 0.07	190.44	 3.87	 4.06	 1.00	10.82	 1.25	323.32	280.05	285.82	260.51	 0.00	0	52.10
2011	5	15	1.154	5978.0483	134.0481	14.0481	 0.68	 0.05	181.45	 5.32	 5.53	 1.00	10.78	 1.17	323.24	279.35	285.32	260.56	284.52	0	52.11
2011	5	15	1.597	5978.0664	134.0666	14.0666	 0.73	 0.03	188.10	 2.91	 2.11	 1.00	10.88	 1.16	323.24	279.05	283.79	260.46	283.98	0	52.09
2011	5	15	2.068	5978.0859	134.0862	14.0861	 0.84	 0.04	192.89	 3.19	 2.54	 1.00	10.82	 1.21	323.22	278.70	284.94	260.43	285.09	0	52.09
2011	5	15	5.185	5978.2158	134.2160	14.2160	 0.97	 0.05	194.97	 2.90	 1.28	 1.00	10.80	 1.26	323.42	278.00	285.45	262.97	284.31	0	52.59
2011	5	15	6.068	5978.2529	134.2528	14.2528	 0.89	 0.04	195.94	 2.88	 5.22	 0.99	10.75	 1.24	323.19	277.70	284.30	263.29	284.31	0	52.66
2011	5	15	6.536	5978.2725	134.2723	14.2723	 0.92	 0.04	194.94	 2.38	 2.18	 1.00	10.78	 1.27	323.30	277.58	285.88	263.70	285.70	0	52.74
2011	5	15	7.858	5978.3276	134.3274	14.3274	 0.93	 0.06	193.18	 3.75	 4.86	 1.00	10.88	 1.23	323.31	277.59	285.67	263.63	285.49	0	52.73
2011	5	15	8.297	5978.3457	134.3457	14.3457	 0.92	 0.06	189.09	 3.43	 2.83	 1.00	10.80	 1.23	323.41	277.61	283.89	263.73	282.84	0	52.75
2011	5	15	11.442	5978.4766	134.4768	14.4768	 0.18	 0.12	562.27	276.85	844.05	 0.91	10.73	 1.17	315.79	273.12	281.02	264.18	278.58	0	52.84
2011	5	15	11.881	5978.4951	134.4950	14.4950	 0.72	 0.04	193.07	 3.43	 2.41	 1.00	10.87	 1.27	323.11	274.59	279.67	265.17	279.36	0	53.03
2011	5	15	12.320	5978.5132	134.5133	14.5133	 0.75	 0.05	188.10	 4.47	 1.40	 1.00	10.75	 1.26	323.25	276.73	280.59	265.98	282.25	0	53.20
2011	5	15	15.436	5978.6431	134.6431	14.6431	 0.87	 0.05	181.50	 3.12	 4.93	 0.99	10.75	 1.20	322.36	288.84	296.99	269.28	295.14	0	53.86
2011	5	15	16.753	5978.6982	134.6981	14.6981	 1.32	 0.06	195.70	 1.95	24.81	 0.78	10.72	 1.29	321.61	292.94	301.98	281.49	296.60	0	56.30
2011	5	15	17.654	5978.7354	134.7356	14.7356	 1.13	 0.06	190.48	 2.44	 7.93	 0.99	10.78	 1.28	319.13	294.74	303.48	283.66	300.78	0	56.73
2011	5	15	18.091	5978.7539	134.7538	14.7538	 1.21	 0.05	191.87	 1.70	 9.02	 0.93	10.75	 1.17	319.93	295.12	304.80	280.63	301.41	0	56.13
2011	5	15	22.527	5978.9385	134.9386	14.9386	 1.10	 0.05	195.43	 2.33	 3.04	 1.00	10.78	 1.18	320.05	280.83	289.80	 0.00	286.14	0	54.00
2011	5	15	23.406	5978.9751	134.9753	14.9753	 1.07	 0.04	196.65	 2.09	 4.32	 0.99	10.73	 1.21	320.64	279.87	287.05	262.17	286.33	0	52.43
2011	5	15	23.849	5978.9937	134.9937	14.9937	 1.05	 0.04	200.76	 2.19	 4.91	 0.99	10.75	 1.25	321.08	279.44	286.62	260.40	284.51	0	52.08
2011	5	16	0.315	5979.0132	135.0131	15.0131	 0.98	 0.04	197.61	 2.25	 1.37	 1.00	10.77	 1.22	321.45	279.04	285.41	 0.00	 0.00	0	54.00
2011	5	16	1.643	5979.0684	135.0685	15.0685	 0.87	 0.05	187.97	 3.53	 2.71	 1.00	10.93	 1.19	321.78	278.54	283.20	261.69	286.48	0	52.34
2011	5	16	2.087	5979.0869	135.0869	15.0869	 0.82	 0.04	192.57	 3.31	 1.13	 1.00	10.78	 1.25	321.81	278.37	283.03	261.41	284.78	0	52.28
2011	5	16	2.554	5979.1064	135.1064	15.1064	 0.85	 0.05	194.99	 3.48	 1.53	 1.00	10.75	 1.25	321.91	278.14	285.50	260.80	284.56	0	52.16
2011	5	16	3.432	5979.1431	135.1430	15.1430	 0.71	 0.05	189.00	 4.79	10.07	 0.99	10.73	 1.23	322.69	277.75	281.55	258.97	284.00	0	51.79
2011	5	16	3.869	5979.1611	135.1612	15.1612	 0.83	 0.04	192.95	 3.10	 5.95	 0.99	10.73	 1.29	322.89	277.58	285.58	259.69	283.73	0	51.94
2011	5	16	4.307	5979.1797	135.1795	15.1795	 0.82	 0.04	190.62	 2.94	11.00	 0.94	10.75	 1.30	322.90	277.41	283.83	259.78	283.53	0	51.96
2011	5	16	4.770	5979.1987	135.1988	15.1988	 0.77	 0.06	188.46	 5.12	 4.54	 1.00	10.78	 1.14	322.99	277.29	280.94	259.41	 0.00	0	51.88
2011	5	16	5.209	5979.2173	135.2171	15.2171	 0.74	 0.04	197.29	 3.79	 0.76	 1.00	10.82	 1.17	323.05	277.22	282.44	259.14	283.37	0	51.83
2011	5	16	6.528	5979.2720	135.2720	15.2720	 0.83	 0.05	188.43	 3.57	 3.75	 1.00	10.73	 1.27	323.05	276.98	283.41	259.72	281.65	0	51.94
2011	5	16	8.309	5979.3462	135.3462	15.3462	 0.77	 0.05	188.32	 4.13	 6.48	 0.99	10.78	 1.27	323.16	276.73	281.73	261.58	 0.00	0	52.32
2011	5	16	8.750	5979.3647	135.3646	15.3646	 0.76	 0.04	188.19	 3.30	 4.32	 0.99	10.80	 1.28	323.30	276.75	281.96	261.66	282.76	0	52.33
2011	5	16	9.214	5979.3838	135.3839	15.3839	 0.80	 0.06	190.99	 4.66	 2.60	 1.00	10.78	 1.27	323.34	276.85	282.62	262.60	284.37	0	52.52
2011	5	16	9.652	5979.4023	135.4022	15.4022	 0.76	 0.02	191.03	 2.01	 3.29	 0.97	10.70	 1.22	323.47	276.98	283.25	 0.00	283.05	0	54.00
2011	5	16	10.971	5979.4570	135.4571	15.4571	 0.88	 0.05	185.63	 3.00	 4.31	 1.00	10.73	 1.29	323.46	277.38	283.48	262.86	281.96	0	52.57
2011	5	16	14.541	5979.6060	135.6059	15.6059	 0.84	 0.06	192.14	 4.11	 5.28	 1.00	10.75	 1.26	323.56	284.57	288.78	269.91	291.17	0	53.98
2011	5	16	14.978	5979.6240	135.6241	15.6241	 0.92	 0.05	187.01	 3.06	 9.11	 0.98	10.73	 1.22	322.72	286.98	292.85	272.70	292.88	0	54.54
2011	5	16	15.414	5979.6421	135.6423	15.6423	 0.80	 0.04	185.95	 2.86	 6.25	 0.98	10.73	 1.16	322.34	289.12	294.32	275.91	295.56	0	55.18
2011	5	16	16.314	5979.6797	135.6797	15.6797	 1.13	 0.06	196.35	 2.40	11.12	 0.97	10.73	 1.23	321.29	292.43	300.89	282.04	 0.00	0	56.41
2011	5	16	16.751	5979.6978	135.6980	15.6980	 0.96	 0.06	193.01	 3.38	 4.45	 1.00	10.73	 1.11	320.47	293.91	301.90	282.57	300.35	0	56.51
2011	5	16	17.188	5979.7163	135.7162	15.7162	 1.10	 0.05	197.61	 2.07	 3.20	 1.00	10.73	 1.24	320.00	294.86	304.72	280.73	301.44	0	56.15
2011	5	16	17.628	5979.7344	135.7345	15.7345	 0.96	 0.05	197.09	 3.10	 3.67	 1.00	10.73	 1.20	319.64	295.40	303.92	 0.00	301.77	0	54.00
2011	5	16	18.091	5979.7539	135.7538	15.7538	 0.87	 0.04	192.94	 3.04	 9.49	 0.97	10.77	 1.13	320.03	295.61	304.50	279.11	302.14	0	55.82
2011	5	16	19.406	5979.8086	135.8086	15.8086	 0.92	 0.05	190.80	 3.23	12.21	 0.97	10.70	 1.17	319.63	294.24	305.51	271.49	300.81	0	54.30
2011	5	16	19.843	5979.8267	135.8268	15.8268	 1.01	 0.07	188.63	 3.51	13.13	 0.99	10.73	 1.25	319.66	293.27	304.25	267.25	299.91	0	53.45
2011	5	16	22.065	5979.9194	135.9194	15.9194	 0.70	 0.05	183.84	 4.91	 1.92	 1.00	10.78	 1.17	322.77	285.61	294.19	263.69	293.86	0	52.74
2011	5	16	22.531	5979.9390	135.9388	15.9388	 0.78	 0.04	180.13	 3.00	 8.24	 0.96	10.80	 1.21	322.62	284.31	293.95	 0.00	291.02	0	54.00
2011	5	16	23.413	5979.9756	135.9755	15.9755	 0.68	 0.04	190.78	 3.84	 7.77	 0.98	10.73	 1.24	322.73	282.40	290.28	262.55	290.46	0	52.51
2011	5	17	0.754	5980.0312	136.0314	16.0314	 0.62	 0.04	192.92	 4.93	 5.21	 0.99	10.75	 1.13	322.83	280.67	285.94	264.05	287.27	0	52.81
2011	5	17	1.635	5980.0684	136.0681	16.0681	 0.82	 0.04	188.29	 3.28	 1.58	 1.00	10.75	 1.26	322.57	280.12	287.84	264.22	286.76	0	52.84
2011	5	17	2.074	5980.0864	136.0864	16.0864	 0.69	 0.04	187.12	 3.79	 8.06	 0.97	10.77	 1.20	322.50	279.92	285.38	264.19	285.05	0	52.84
2011	5	17	4.298	5980.1792	136.1791	16.1791	 0.69	 0.05	190.06	 5.15	 7.27	 0.99	10.73	 1.23	322.81	278.77	284.26	 0.00	 0.00	0	54.00
2011	5	17	5.640	5980.2349	136.2350	16.2350	 0.56	 0.05	196.81	 7.83	 4.22	 1.00	10.70	 1.10	322.62	278.24	282.78	261.43	286.16	0	52.29
2011	5	17	6.077	5980.2534	136.2532	16.2532	 0.68	 0.05	190.23	 4.94	 2.58	 1.00	10.72	 1.15	322.64	278.08	283.47	261.22	284.56	0	52.24
2011	5	17	6.961	5980.2900	136.2900	16.2900	 0.77	 0.05	187.09	 3.91	 2.90	 1.00	10.75	 1.20	322.58	277.74	283.02	260.84	285.51	0	52.17
2011	5	17	7.864	5980.3276	136.3277	16.3277	 0.76	 0.05	187.42	 4.30	 8.80	 0.99	10.72	 1.28	322.95	277.46	285.80	 0.00	285.25	0	54.00
2011	5	17	8.741	5980.3643	136.3642	16.3642	 0.69	 0.05	185.09	 5.32	 2.22	 1.00	10.75	 1.18	322.80	277.25	282.74	260.74	284.94	0	52.15
2011	5	17	9.179	5980.3823	136.3825	16.3825	 0.70	 0.05	185.91	 4.67	 8.71	 0.99	10.75	 1.22	322.86	277.10	283.62	260.29	283.41	0	52.06
2011	5	17	9.643	5980.4019	136.4018	16.4018	 0.70	 0.05	179.90	 4.64	 3.89	 1.00	10.75	 1.22	322.40	276.90	283.61	 0.00	283.27	0	54.00
2011	5	17	10.962	5980.4565	136.4567	16.4567	 0.67	 0.05	176.87	 5.19	 5.55	 1.00	10.85	 1.26	321.73	276.39	284.21	259.83	283.90	0	51.97
2011	5	17	12.327	5980.5137	136.5136	16.5136	 0.57	 0.04	184.32	 5.51	 2.19	 1.00	10.73	 1.21	321.98	278.71	282.51	262.32	287.00	0	52.46
2011	5	17	12.766	5980.5317	136.5319	16.5319	 0.52	 0.05	190.01	 8.82	 3.34	 1.00	10.73	 1.17	322.12	279.99	283.59	263.13	283.93	0	52.63
2011	5	17	14.543	5980.6060	136.6059	16.6059	 0.61	 0.04	183.72	 5.05	 7.24	 0.99	10.72	 1.16	322.60	285.07	291.21	266.14	292.02	0	53.23
2011	5	17	14.980	5980.6240	136.6242	16.6242	 0.65	 0.04	187.82	 4.60	18.66	 0.90	10.72	 1.19	323.77	286.70	294.00	265.96	293.25	0	53.19
2011	5	17	15.417	5980.6426	136.6424	16.6424	 0.75	 0.04	191.47	 3.85	 8.98	 0.98	10.73	 1.24	323.71	288.30	295.07	268.74	294.64	0	53.75
2011	5	17	16.753	5980.6982	136.6981	16.6981	 0.77	 0.07	185.60	 5.57	10.96	 1.00	10.72	 1.19	323.20	291.38	297.72	273.85	295.11	0	54.77
2011	5	17	17.192	5980.7163	136.7164	16.7164	 0.94	 0.06	177.44	 3.15	 8.46	 0.99	10.70	 1.18	323.00	292.15	299.87	 0.00	298.13	0	54.00
2011	5	17	17.630	5980.7344	136.7346	16.7346	 0.71	 0.07	189.60	 6.99	35.61	 0.96	10.72	 1.08	323.18	292.61	300.73	273.91	296.18	0	54.78
2011	5	17	18.968	5980.7905	136.7903	16.7903	 0.96	 0.07	192.96	 4.10	10.60	 0.99	10.72	 1.20	323.48	292.42	302.15	271.90	298.28	0	54.38
2011	5	17	20.748	5980.8647	136.8645	16.8645	 1.43	 0.11	198.57	 2.94	10.95	 0.99	10.73	 1.13	323.75	288.31	298.20	263.21	294.87	0	52.64
2011	5	17	22.972	5980.9570	136.9572	16.9572	 1.64	 0.12	198.79	 2.25	10.69	 0.99	10.75	 1.23	323.19	281.55	290.02	 0.00	 0.00	0	54.00
2011	5	18	0.292	5981.0122	137.0122	17.0122	 1.03	 0.04	187.39	 1.98	 8.10	 0.95	10.73	 1.25	322.54	278.91	284.74	257.33	285.16	0	51.47
2011	5	18	0.732	5981.0303	137.0305	17.0305	 0.80	 0.05	183.85	 3.71	 4.03	 1.00	10.73	 1.13	322.58	278.13	281.88	257.13	284.37	0	51.43
2011	5	18	1.637	5981.0684	137.0682	17.0682	 0.85	 0.06	179.99	 4.14	 1.39	 1.00	10.75	 1.21	322.65	277.08	282.96	 0.00	283.32	0	54.00
2011	5	18	2.520	5981.1050	137.1050	17.1050	 0.78	 0.06	174.71	 4.73	 5.72	 1.00	10.92	 1.25	322.68	276.36	284.93	258.39	282.64	0	51.68
2011	5	18	5.651	5981.2354	137.2355	17.2355	 0.49	 0.07	173.81	11.67	13.29	 1.00	10.77	 1.17	319.91	275.04	280.24	 0.00	 0.00	0	54.00
2011	5	18	9.201	5981.3833	137.3834	17.3834	 0.34	 0.05	180.62	14.68	28.47	 0.85	10.73	 0.97	326.59	271.35	273.65	258.64	277.05	0	51.73
2011	5	18	9.639	5981.4019	137.4016	17.4016	 0.45	 0.05	151.85	 9.39	 7.64	 0.99	10.73	 1.00	326.63	272.08	275.96	258.86	276.39	0	51.77
2011	5	18	10.543	5981.4395	137.4393	17.4393	 0.31	 0.06	190.27	21.58	21.51	 0.96	10.75	 1.05	326.59	273.13	276.84	 0.00	278.84	0	54.00
2011	5	18	10.986	5981.4575	137.4577	17.4577	 0.49	 0.04	165.16	 7.17	 5.38	 0.99	10.83	 1.14	326.63	273.51	280.67	258.47	279.14	0	51.69
2011	5	18	11.866	5981.4946	137.4944	17.4944	 0.46	 0.05	158.18	 8.10	13.12	 0.96	10.73	 1.24	326.34	275.46	281.00	 0.00	281.00	0	54.00
2011	5	18	12.793	5981.5332	137.5331	17.5331	 0.58	 0.10	151.25	11.32	13.56	 1.00	10.73	 1.28	326.19	278.46	283.68	261.33	284.45	0	52.27
2011	5	18	13.670	5981.5693	137.5696	17.5696	 0.35	 0.04	165.53	11.75	29.09	 0.73	10.72	 1.18	326.13	281.33	283.88	262.55	287.84	0	52.51
2011	5	18	14.108	5981.5879	137.5878	17.5878	 0.26	 0.04	201.96	18.68	24.41	 0.74	10.72	 1.18	326.20	282.92	287.06	263.51	288.87	0	52.70
2011	5	18	14.571	5981.6069	137.6071	17.6071	 0.39	 0.05	172.62	11.37	 2.46	 1.00	10.78	 1.24	326.40	283.92	289.62	265.20	290.46	0	53.04
2011	5	18	15.447	5981.6436	137.6436	17.6436	 0.43	 0.03	170.80	 6.49	 5.32	 0.98	10.72	 1.28	326.54	287.19	292.67	266.00	293.31	0	53.20
2011	5	18	19.000	5981.7915	137.7917	17.7917	 0.49	 0.05	166.58	 8.09	 1.78	 1.00	10.77	 1.11	326.13	291.41	298.46	270.08	296.88	0	54.02
2011	5	18	20.320	5981.8467	137.8467	17.8467	 0.60	 0.05	168.41	 6.36	22.14	 0.94	10.73	 1.22	326.12	289.05	296.73	263.54	297.41	0	52.71
2011	5	18	20.758	5981.8647	137.8649	17.8649	 0.51	 0.04	176.20	 6.69	 5.95	 0.99	10.77	 1.17	326.21	287.48	297.39	262.89	293.76	0	52.58
2011	5	18	23.446	5981.9771	137.9769	17.9769	 0.62	 0.04	168.81	 4.98	 3.63	 1.00	10.77	 1.25	326.42	279.97	286.20	259.10	286.07	0	51.82
2011	5	19	0.767	5982.0317	138.0320	18.0320	 0.31	 0.04	192.12	15.73	 4.54	 1.00	10.83	 1.10	326.55	278.09	281.59	258.68	285.42	0	51.74
2011	5	19	1.206	5982.0503	138.0503	18.0503	 0.52	 0.05	168.21	 6.89	 2.22	 1.00	10.72	 1.23	326.49	277.81	285.67	 0.00	285.25	0	54.00
2011	5	19	1.668	5982.0693	138.0695	18.0695	 0.55	 0.04	161.01	 5.38	 1.82	 1.00	10.77	 1.15	326.56	277.53	284.45	259.77	285.10	0	51.95
2011	5	19	2.989	5982.1245	138.1246	18.1246	 0.58	 0.04	158.97	 4.65	 3.48	 1.00	10.73	 1.27	326.52	276.93	283.49	259.39	281.52	0	51.88
2011	5	19	3.891	5982.1621	138.1621	18.1621	 0.58	 0.05	156.00	 5.92	 3.94	 1.00	10.80	 1.22	322.48	276.59	283.11	259.46	281.21	0	51.89
2011	5	19	6.545	5982.2725	138.2727	18.2727	 0.13	 0.04	336.04	96.08	35.44	 0.81	10.78	 0.87	315.21	270.62	279.51	258.71	276.19	0	51.74
2011	5	19	7.425	5982.3096	138.3094	18.3094	 0.52	 0.03	159.45	 4.50	 8.89	 0.91	10.75	 1.10	326.29	272.11	278.59	 0.00	277.91	0	54.00
2011	5	19	7.863	5982.3276	138.3276	18.3276	 0.54	 0.06	159.75	 7.65	 6.77	 1.00	10.75	 1.15	326.35	272.72	278.48	258.87	279.93	0	51.77
2011	5	19	8.326	5982.3472	138.3469	18.3469	 0.48	 0.04	163.84	 6.57	 3.44	 1.00	10.75	 1.15	326.44	273.21	278.43	258.73	280.56	0	51.75
2011	5	19	8.765	5982.3652	138.3652	18.3652	 0.49	 0.06	161.49	 9.25	 6.13	 1.00	10.75	 1.22	326.40	273.59	278.66	258.72	279.43	0	51.74
2011	5	19	9.206	5982.3838	138.3836	18.3836	 0.37	 0.05	170.51	13.24	 9.09	 0.99	10.77	 1.14	326.39	273.86	278.21	258.51	279.53	0	51.70
2011	5	19	11.435	5982.4766	138.4765	18.4765	 0.43	 0.06	161.29	12.10	 6.14	 1.00	10.80	 1.23	326.41	275.12	278.93	259.31	278.97	0	51.86
2011	5	19	12.312	5982.5132	138.5130	18.5130	 0.64	 0.23	150.61	21.88	81.33	 1.00	10.72	 1.27	326.30	277.39	281.20	 0.00	283.13	0	54.00
# Unit 3, Cerro Chajnantor CCAT, Filter  0,  Slot 1, 350 um (616) & yellow
#				days
#				since		day of	day of
# yr	mo	dy	 time	1/1/1995	year	month	Tau	unc	Tatm	unc	mse	fitgood	Etime	R	Thot	Twarm	Tchop	Tamb	<Tint>	Filter	Toff
# 1	2	3	4	5		6	7	8	9	10	11	12	13	14	15	16	17	18	19	20	21	22
