2013	4	1	0.479	6665.0200	90.0200	0.0200	 0.74	 0.04	185.12	 3.83	 2.55	 1.00	10.73	 1.10	326.52	282.27	289.05	 0.00	288.25	0	54.00
# Unit 3, Cerro Chajnantor CCAT, Filter  0,  Slot 1, 350 um (616) & yellow
#				days
#				since		day of	day of
# yr	mo	dy	 time	1/1/1995	year	month	Tau	unc	Tatm	unc	mse	fitgood	Etime	R	Thot	Twarm	Tchop	Tamb	<Tint>	Filter	Toff
# 1	2	3	4	5		6	7	8	9	10	11	12	13	14	15	16	17	18	19	20	21	22
2013	4	1	0.970	6665.0404	90.0404	0.0404	 0.68	 0.06	191.12	 6.10	 7.42	 1.00	10.75	 1.03	326.54	281.47	286.74	263.01	287.58	0	52.60
2013	4	1	1.847	6665.0770	90.0770	0.0770	 0.82	 0.04	187.52	 2.97	 4.76	 0.99	10.73	 1.07	326.28	280.57	288.07	262.87	286.69	0	52.57
2013	4	1	2.725	6665.1135	90.1135	0.1135	 0.88	 0.06	183.84	 3.86	 0.80	 1.00	10.73	 1.08	326.06	279.95	288.23	262.76	 0.00	0	52.55
2013	4	1	3.188	6665.1328	90.1328	0.1328	 0.97	 0.07	185.60	 3.65	 9.14	 0.99	10.85	 1.14	326.02	279.66	287.10	262.74	287.22	0	52.55
2013	4	1	3.630	6665.1512	90.1512	0.1512	 0.79	 0.05	183.96	 3.74	13.46	 0.96	10.75	 1.05	325.98	279.44	284.67	262.76	286.90	0	52.55
2013	4	1	4.508	6665.1878	90.1878	0.1878	 0.85	 0.04	191.77	 3.19	 5.28	 0.99	10.73	 1.15	325.93	279.14	288.46	262.50	283.82	0	52.50
2013	4	1	4.949	6665.2062	90.2062	0.2062	 0.97	 0.07	181.16	 3.41	 6.92	 1.00	10.77	 1.15	325.86	278.98	285.82	262.39	285.01	0	52.48
2013	4	1	7.171	6665.2988	90.2988	0.2988	 0.79	 0.06	180.59	 4.45	16.70	 0.97	10.77	 1.15	325.94	278.32	284.97	261.79	284.23	0	52.36
2013	4	1	7.635	6665.3181	90.3181	0.3181	 0.66	 0.06	177.11	 5.95	 7.38	 1.00	10.80	 1.00	325.92	278.15	284.15	261.59	284.12	0	52.32
2013	4	1	8.512	6665.3547	90.3547	0.3547	 0.68	 0.05	172.31	 4.86	 5.56	 1.00	10.77	 1.10	325.89	277.89	284.81	261.26	283.77	0	52.25
2013	4	1	9.391	6665.3913	90.3913	0.3913	 0.58	 0.07	183.14	 9.80	 6.70	 1.00	10.80	 1.07	325.88	277.62	282.38	261.01	283.47	0	52.20
2013	4	1	9.855	6665.4106	90.4106	0.4106	 0.74	 0.05	182.26	 4.76	 5.79	 1.00	10.75	 1.12	325.90	277.49	285.23	261.11	283.37	0	52.22
2013	4	1	10.293	6665.4289	90.4289	0.4289	 0.80	 0.05	185.07	 4.20	13.86	 0.98	10.73	 1.17	325.88	277.43	284.25	260.77	 0.00	0	52.15
2013	4	1	10.732	6665.4472	90.4472	0.4472	 0.61	 0.04	191.85	 5.21	10.52	 0.97	10.73	 1.01	325.89	277.38	282.45	261.02	283.13	0	52.20
2013	4	1	12.074	6665.5031	90.5031	0.5031	 0.84	 0.05	187.70	 3.44	 4.78	 1.00	10.77	 1.14	326.06	279.03	286.75	264.06	284.75	0	52.81
2013	4	1	12.513	6665.5214	90.5214	0.5214	 0.82	 0.05	181.79	 3.30	 6.90	 0.99	10.80	 1.13	326.07	280.18	287.49	265.39	285.88	0	53.08
2013	4	1	12.951	6665.5396	90.5396	0.5396	 0.71	 0.03	186.06	 2.47	12.91	 0.71	10.77	 1.14	326.12	281.58	288.32	265.91	287.15	0	53.18
2013	4	1	14.730	6665.6137	90.6137	0.6137	 0.72	 0.05	193.46	 5.16	22.69	 0.95	10.70	 1.11	326.41	287.98	294.59	265.54	 0.00	0	53.11
2013	4	1	15.169	6665.6320	90.6320	0.6320	 0.84	 0.07	183.33	 5.20	28.11	 0.97	10.73	 1.02	326.43	289.60	295.28	267.69	294.93	0	53.54
2013	4	1	17.826	6665.7427	90.7427	0.7427	 0.87	 0.11	196.85	 7.46	14.33	 1.00	10.73	 1.15	326.54	295.59	304.22	278.43	303.93	0	55.69
2013	4	1	18.264	6665.7610	90.7610	0.7610	 1.24	 0.07	192.00	 2.40	12.33	 0.97	10.70	 1.24	326.51	295.88	305.13	277.37	301.84	0	55.47
2013	4	1	19.166	6665.7986	90.7986	0.7986	 0.72	 0.15	195.51	14.51	24.82	 1.00	10.73	 0.97	326.63	295.61	302.42	276.81	301.97	0	55.36
2013	4	2	2.279	6666.0950	91.0950	1.0950	 0.73	 0.06	180.20	 5.01	 4.37	 1.00	10.73	 1.08	324.48	275.42	279.93	262.03	280.01	0	52.41
2013	4	2	3.158	6666.1316	91.1316	1.1316	 0.78	 0.06	184.01	 4.99	 5.69	 1.00	10.82	 1.09	324.50	276.18	283.41	262.35	282.10	0	52.47
2013	4	2	4.062	6666.1692	91.1692	1.1692	 0.80	 0.05	186.60	 4.18	 8.02	 0.99	10.77	 1.09	324.71	276.83	281.75	262.52	282.96	0	52.50
2013	4	2	4.501	6666.1876	91.1876	1.1876	 0.91	 0.06	186.56	 3.84	 8.96	 0.99	10.77	 1.17	324.64	277.07	283.13	262.39	283.20	0	52.48
2013	4	2	6.282	6666.2617	91.2617	1.2617	 0.88	 0.06	189.72	 3.66	 2.64	 1.00	10.75	 1.12	324.70	277.62	283.90	262.10	282.34	0	52.42
2013	4	2	6.720	6666.2800	91.2800	1.2800	 0.78	 0.06	185.03	 4.48	 5.13	 1.00	10.73	 1.02	324.72	277.68	280.17	261.89	285.19	0	52.38
2013	4	2	8.502	6666.3543	91.3543	1.3543	 0.88	 0.06	186.72	 3.95	 3.77	 1.00	10.77	 1.08	324.66	277.73	283.82	261.70	285.13	0	52.34
2013	4	2	10.279	6666.4283	91.4283	1.4283	 0.91	 0.05	190.90	 3.41	10.70	 0.98	10.77	 1.13	324.76	277.66	282.53	261.71	 0.00	0	52.34
2013	4	2	11.160	6666.4650	91.4650	1.4650	 0.89	 0.06	189.29	 3.65	 1.87	 1.00	10.75	 1.13	324.73	277.95	283.99	262.57	 0.00	0	52.51
2013	4	2	11.599	6666.4833	91.4833	1.4833	 0.83	 0.06	191.73	 4.58	 6.23	 1.00	10.80	 1.12	324.73	278.58	284.03	263.59	282.76	0	52.72
2013	4	2	12.501	6666.5209	91.5209	1.5209	 1.00	 0.05	195.94	 2.64	 4.55	 1.00	10.78	 1.18	324.88	280.72	286.01	266.08	284.52	0	53.22
2013	4	2	13.378	6666.5574	91.5574	1.5574	 0.91	 0.04	193.23	 2.54	 1.49	 1.00	10.77	 1.15	324.91	283.47	289.33	 0.00	289.54	0	54.00
2013	4	2	14.717	6666.6132	91.6132	1.6132	 0.83	 0.05	189.16	 3.55	 4.16	 1.00	10.82	 0.98	325.08	288.58	294.22	267.57	294.68	0	53.51
2013	4	2	15.155	6666.6314	91.6314	1.6314	 0.96	 0.06	189.54	 3.37	 8.84	 0.99	10.77	 1.09	325.08	290.10	297.54	 0.00	295.42	0	54.00
2013	4	2	15.593	6666.6497	91.6497	1.6497	 0.86	 0.06	192.93	 4.18	 8.98	 0.99	10.73	 1.06	324.95	291.52	299.85	270.59	297.34	0	54.12
2013	4	2	17.374	6666.7239	91.7239	1.7239	 0.88	 0.09	190.08	 6.29	10.34	 1.00	10.77	 1.03	326.00	295.19	302.90	276.76	298.60	0	55.35
2013	4	2	20.470	6666.8529	91.8529	1.8529	 1.44	 0.11	199.57	 2.85	 8.18	 1.00	10.77	 1.13	326.29	293.91	303.61	273.44	298.91	0	54.69
2013	4	2	23.599	6666.9833	91.9833	1.9833	 1.10	 0.07	190.39	 3.13	 5.45	 1.00	10.75	 1.03	326.41	283.89	289.54	262.01	290.17	0	52.40
2013	4	3	0.037	6667.0016	92.0016	2.0016	 1.29	 0.09	192.70	 2.99	 7.15	 1.00	10.75	 1.12	326.32	282.94	289.56	261.76	289.10	0	52.35
2013	4	3	0.476	6667.0198	92.0198	2.0198	 1.18	 0.09	193.62	 3.35	 4.63	 1.00	10.73	 1.07	326.35	282.13	290.27	262.03	286.82	0	52.41
2013	4	3	0.913	6667.0381	92.0381	2.0381	 1.11	 0.06	193.61	 2.75	 2.16	 1.00	10.73	 1.03	326.36	281.50	288.75	262.29	287.49	0	52.46
2013	4	3	2.281	6667.0950	92.0950	2.0950	 1.18	 0.07	197.51	 2.67	 2.07	 1.00	10.72	 1.12	326.08	280.12	288.21	262.29	286.23	0	52.46
2013	4	3	3.599	6667.1500	92.1500	2.1500	 0.95	 0.07	193.34	 4.04	 9.76	 1.00	10.73	 1.05	325.93	279.37	283.56	262.32	285.33	0	52.46
2013	4	3	6.717	6667.2799	92.2799	2.2799	 1.20	 0.07	200.16	 2.69	 6.08	 1.00	10.73	 1.23	325.99	278.44	288.22	261.86	284.33	0	52.37
2013	4	3	8.032	6667.3347	92.3347	2.3347	 1.00	 0.06	190.16	 3.25	 7.27	 0.99	10.72	 1.06	325.90	278.19	281.50	261.81	284.04	0	52.36
2013	4	3	8.934	6667.3722	92.3722	2.3722	 1.07	 0.09	191.09	 4.15	12.37	 1.00	10.82	 1.06	325.82	278.02	282.74	261.59	285.15	0	52.32
2013	4	3	11.156	6667.4648	92.4648	2.4648	 1.08	 0.06	200.03	 2.60	 4.34	 1.00	10.75	 1.14	325.74	278.03	284.54	262.34	282.21	0	52.47
2013	4	3	12.936	6667.5390	92.5390	2.5390	 1.23	 0.08	197.90	 2.77	 4.97	 1.00	10.80	 1.11	326.09	282.22	286.15	266.15	287.95	0	53.23
2013	4	3	13.812	6667.5755	92.5755	2.5755	 1.38	 0.07	202.21	 2.12	 0.87	 1.00	10.75	 1.14	326.14	285.14	292.94	265.66	290.99	0	53.13
2013	4	3	17.371	6667.7238	92.7238	2.7238	 1.58	 0.11	204.17	 2.37	 4.01	 1.00	10.77	 1.21	326.96	295.04	301.85	277.40	300.68	0	55.48
2013	4	3	18.247	6667.7603	92.7603	2.7603	 1.86	 0.16	208.32	 2.42	 0.86	 1.00	10.72	 1.18	327.03	296.00	307.24	277.54	301.88	0	55.51
2013	4	3	20.464	6667.8527	92.8527	2.8527	 1.89	 0.21	201.62	 3.02	 4.95	 1.00	10.72	 1.00	327.10	293.62	305.94	272.74	300.36	0	54.55
2013	4	3	23.124	6667.9635	92.9635	2.9635	 2.09	 0.18	200.88	 2.05	 1.67	 1.00	10.73	 1.10	327.00	285.00	294.37	261.73	291.17	0	52.35
2013	4	3	23.563	6667.9818	92.9818	2.9818	 1.77	 0.12	199.85	 1.92	 8.66	 0.99	10.73	 1.13	327.09	283.91	290.47	260.81	291.04	0	52.16
2013	4	4	0.464	6668.0194	93.0194	3.0194	 1.42	 0.09	197.61	 2.48	 5.13	 1.00	10.73	 1.03	327.00	281.76	288.01	260.54	289.47	0	52.11
2013	4	4	0.902	6668.0376	93.0376	3.0376	 1.64	 0.13	200.30	 2.52	 0.85	 1.00	10.73	 1.14	326.68	281.00	288.22	260.54	285.57	0	52.11
2013	4	4	1.780	6668.0742	93.0742	3.0742	 1.49	 0.09	203.74	 2.15	 4.93	 1.00	10.72	 1.17	326.28	279.79	288.27	260.20	285.65	0	52.04
2013	4	4	3.151	6668.1313	93.1313	3.1313	 1.54	 0.11	199.51	 2.50	 3.92	 1.00	10.73	 1.09	326.27	278.53	286.71	260.11	284.35	0	52.02
2013	4	4	3.590	6668.1496	93.1496	3.1496	 1.35	 0.06	199.80	 1.77	 1.24	 1.00	10.78	 1.11	326.20	278.24	285.79	259.89	285.41	0	51.98
2013	4	4	4.496	6668.1873	93.1873	3.1873	 1.27	 0.07	194.27	 2.33	 5.31	 1.00	10.78	 1.06	325.95	277.72	283.67	259.80	283.57	0	51.96
2013	4	4	4.936	6668.2057	93.2057	3.2057	 1.23	 0.08	196.94	 2.81	 7.25	 1.00	10.73	 1.13	325.84	277.48	284.43	259.62	281.90	0	51.92
2013	4	4	5.376	6668.2240	93.2240	3.2240	 1.10	 0.08	189.48	 3.49	 5.16	 1.00	10.87	 1.10	325.79	277.26	280.95	259.39	283.16	0	51.88
2013	4	4	6.256	6668.2607	93.2607	3.2607	 1.12	 0.07	194.20	 2.80	 2.84	 1.00	10.77	 1.23	325.76	276.81	283.16	259.05	 0.00	0	51.81
2013	4	4	6.719	6668.2800	93.2800	3.2800	 1.11	 0.05	190.92	 2.15	11.10	 0.94	10.77	 1.18	325.68	276.59	282.17	258.80	281.01	0	51.76
2013	4	4	7.598	6668.3166	93.3166	3.3166	 0.96	 0.07	184.83	 3.61	11.11	 0.99	10.75	 1.08	325.66	276.24	281.57	258.62	281.94	0	51.72
2013	4	4	8.039	6668.3350	93.3350	3.3350	 0.96	 0.08	180.99	 4.36	 9.08	 1.00	10.73	 1.13	325.73	276.03	281.06	258.33	281.65	0	51.67
2013	4	4	11.610	6668.4838	93.4838	3.4838	 0.84	 0.06	167.30	 3.76	 7.64	 0.99	10.77	 1.12	326.14	275.83	280.24	259.07	281.10	0	51.81
2013	4	4	12.052	6668.5022	93.5022	3.5022	 0.75	 0.07	169.29	 5.24	 2.30	 1.00	10.73	 1.15	326.22	276.80	279.07	261.00	281.75	0	52.20
2013	4	4	12.491	6668.5205	93.5205	3.5205	 0.77	 0.07	164.85	 5.33	 4.52	 1.00	10.73	 1.14	326.30	278.01	281.78	261.81	283.46	0	52.36
2013	4	4	16.486	6668.6869	93.6869	3.6869	 0.48	 0.06	187.83	11.93	34.43	 0.96	10.75	 0.98	326.74	291.30	298.17	274.71	296.88	0	54.94
2013	4	4	18.270	6668.7613	93.7613	3.7613	 0.83	 0.08	186.11	 5.71	 7.09	 1.00	10.75	 1.17	325.83	294.15	304.15	276.31	302.48	0	55.26
2013	4	4	19.584	6668.8160	93.8160	3.8160	 0.99	 0.17	168.52	 7.96	31.28	 1.00	10.78	 0.90	325.91	293.47	302.40	272.94	297.66	0	54.59
2013	4	4	22.704	6668.9460	93.9460	3.9460	 0.90	 0.05	189.74	 3.11	 7.14	 0.99	10.80	 0.94	322.73	280.63	292.29	261.91	 0.00	0	52.38
2013	4	4	23.142	6668.9642	93.9642	3.9642	 1.13	 0.09	187.33	 3.76	 4.38	 1.00	10.75	 1.11	325.93	280.09	286.34	260.97	285.81	0	52.19
2013	4	4	23.580	6668.9825	93.9825	3.9825	 1.04	 0.06	188.62	 3.10	 1.89	 1.00	10.75	 1.17	325.99	279.56	289.64	260.61	285.63	0	52.12
2013	4	5	0.922	6669.0384	94.0384	4.0384	 0.48	 0.08	167.30	14.47	17.64	 1.00	10.77	 1.00	326.05	278.20	283.04	259.61	 0.00	0	51.92
2013	4	5	2.241	6669.0934	94.0934	4.0934	 0.52	 0.06	164.71	 8.75	19.14	 0.97	10.75	 1.11	325.92	277.56	281.79	260.82	283.53	0	52.16
2013	4	5	4.488	6669.1870	94.1870	4.1870	 0.51	 0.06	166.00	 8.68	 6.15	 1.00	10.73	 1.05	326.01	277.28	282.69	260.84	283.29	0	52.17
2013	4	5	5.832	6669.2430	94.2430	4.2430	 0.37	 0.06	176.50	15.57	20.19	 0.97	10.73	 1.01	326.13	277.16	281.14	260.83	283.12	0	52.17
2013	4	5	6.270	6669.2612	94.2612	4.2612	 0.67	 0.07	158.76	 6.00	11.70	 0.99	10.77	 1.19	326.15	277.12	283.87	 0.00	281.65	0	54.00
2013	4	5	6.709	6669.2795	94.2795	4.2795	 0.41	 0.06	174.51	14.56	12.37	 0.99	10.75	 1.01	326.14	277.08	282.72	260.74	 0.00	0	52.15
2013	4	5	7.175	6669.2989	94.2989	4.2989	 0.41	 0.06	171.40	12.20	15.71	 0.98	10.77	 1.02	326.23	277.03	281.28	260.80	282.95	0	52.16
2013	4	5	7.615	6669.3173	94.3173	4.3173	 0.47	 0.05	165.79	 8.66	 5.35	 1.00	10.78	 1.05	326.15	277.03	281.07	260.84	282.97	0	52.17
2013	4	5	12.061	6669.5026	94.5026	4.5026	 0.43	 0.07	175.05	13.99	11.53	 1.00	10.77	 1.03	326.43	278.66	285.22	263.11	284.38	0	52.62
2013	4	5	12.940	6669.5392	94.5392	4.5392	 0.59	 0.07	170.85	 8.40	11.26	 1.00	10.82	 1.16	326.56	281.08	287.96	265.25	284.57	0	53.05
2013	4	5	14.283	6669.5951	94.5951	4.5951	 0.64	 0.06	174.02	 6.44	 1.78	 1.00	10.78	 1.09	326.78	285.82	290.75	265.51	290.93	0	53.10
2013	4	5	16.060	6669.6692	94.6692	4.6692	 0.65	 0.06	179.40	 6.96	 5.46	 1.00	10.78	 1.04	323.75	291.62	296.57	274.10	298.82	0	54.82
2013	4	5	20.931	6669.8721	94.8721	4.8721	 1.63	 0.08	204.30	 1.58	 1.67	 1.00	10.73	 1.26	326.28	290.89	301.48	271.47	297.53	0	54.29
2013	4	5	21.810	6669.9087	94.9087	4.9087	 1.47	 0.11	197.42	 2.68	 1.96	 1.00	10.77	 1.11	326.14	288.37	298.33	267.51	295.36	0	53.50
2013	4	5	23.149	6669.9645	94.9645	4.9645	 1.48	 0.14	194.64	 3.46	11.04	 1.00	10.75	 1.08	326.24	284.40	293.49	262.16	291.97	0	52.43
2013	4	6	0.025	6670.0011	95.0011	5.0011	 1.31	 0.08	200.48	 2.51	 1.82	 1.00	10.77	 1.08	326.15	282.40	291.89	260.90	289.01	0	52.18
2013	4	6	0.465	6670.0194	95.0194	5.0194	 1.27	 0.07	196.89	 2.42	 2.28	 1.00	10.77	 1.02	326.30	281.64	289.98	260.81	287.66	0	52.16
2013	4	6	2.244	6670.0935	95.0935	5.0935	 1.46	 0.08	197.28	 1.92	 9.63	 0.97	10.73	 1.11	326.31	280.06	287.76	261.91	284.59	0	52.38
2013	4	6	3.174	6670.1322	95.1322	5.1322	 1.37	 0.08	189.93	 2.16	 4.48	 1.00	10.77	 0.98	322.46	279.57	283.53	 0.00	284.16	0	54.00
2013	4	6	7.613	6670.3172	95.3172	5.3172	 1.80	 0.10	205.69	 1.74	 1.70	 1.00	10.77	 1.16	326.37	276.58	281.52	262.27	282.43	0	52.45
2013	4	6	8.051	6670.3355	95.3355	5.3355	 1.57	 0.12	202.45	 2.66	 4.28	 1.00	10.75	 1.01	326.25	276.99	281.95	261.99	282.84	0	52.40
2013	4	6	10.711	6670.4463	95.4463	5.4463	 2.08	 0.16	203.12	 1.85	 1.32	 1.00	10.75	 1.15	326.30	278.20	284.44	262.01	283.85	0	52.40
2013	4	6	11.150	6670.4646	95.4646	5.4646	 2.25	 0.17	205.87	 1.62	 3.74	 1.00	10.78	 1.20	326.34	278.61	286.44	263.32	284.10	0	52.66
2013	4	6	12.490	6670.5204	95.5204	5.5204	 1.64	 0.11	198.38	 2.19	 9.80	 0.99	10.77	 1.07	326.72	281.91	285.87	265.94	287.60	0	53.19
2013	4	6	13.367	6670.5570	95.5570	5.5570	 1.52	 0.09	198.07	 2.14	 5.79	 1.00	10.75	 1.09	326.68	284.95	288.96	265.48	290.71	0	53.10
2013	4	6	14.269	6670.5945	95.5945	5.5945	 0.92	 0.05	195.73	 3.06	 5.75	 0.99	10.77	 1.01	326.70	288.14	294.29	265.92	294.05	0	53.18
2013	4	6	15.150	6670.6312	95.6312	5.6312	 1.12	 0.05	195.64	 2.31	 7.00	 0.99	10.77	 1.10	326.71	290.91	298.35	267.55	296.72	0	53.51
2013	4	6	15.588	6670.6495	95.6495	5.6495	 1.16	 0.08	195.64	 3.12	 6.28	 1.00	10.75	 1.12	326.32	292.13	302.35	270.57	299.94	0	54.11
2013	4	6	17.369	6670.7237	95.7237	5.7237	 0.97	 0.06	200.70	 3.34	14.14	 0.98	10.73	 0.99	326.29	295.60	306.01	279.12	298.96	0	55.82
2013	4	6	17.811	6670.7421	95.7421	5.7421	 0.94	 0.06	200.05	 3.56	40.39	 0.82	10.72	 1.02	326.66	296.22	304.86	 0.00	302.08	0	54.00
2013	4	6	20.031	6670.8346	95.8346	5.8346	 1.73	 0.11	198.16	 1.91	 3.84	 1.00	10.73	 1.08	326.48	295.43	307.70	276.69	302.39	0	55.34
2013	4	6	22.692	6670.9455	95.9455	5.9455	 1.81	 0.13	202.41	 2.12	 9.95	 0.99	10.73	 1.07	326.71	286.95	296.69	263.42	292.02	0	52.68
2013	4	6	23.156	6670.9648	95.9648	5.9648	 1.65	 0.11	199.87	 2.18	 3.82	 1.00	10.77	 1.07	326.84	285.59	292.94	262.82	290.52	0	52.56
2013	4	6	23.596	6670.9831	95.9831	5.9831	 1.64	 0.08	200.76	 1.52	 2.27	 1.00	10.80	 1.12	326.75	284.41	292.90	261.85	290.60	0	52.37
2013	4	7	2.700	6671.1125	96.1125	6.1125	 0.90	 0.07	188.32	 4.12	 4.79	 1.00	10.77	 1.14	326.73	279.78	285.20	261.60	285.67	0	52.32
2013	4	7	3.139	6671.1308	96.1308	6.1308	 0.86	 0.07	189.79	 5.05	 7.24	 1.00	10.75	 1.12	326.84	279.46	284.93	262.03	283.96	0	52.41
2013	4	7	3.629	6671.1512	96.1512	6.1512	 0.90	 0.08	183.20	 5.08	 2.67	 1.00	10.82	 1.07	322.82	279.09	285.23	261.93	285.74	0	52.39
2013	4	7	11.603	6671.4835	96.4835	6.4835	 0.63	 0.06	173.14	 7.01	19.70	 0.98	10.78	 0.91	325.75	272.19	276.30	262.82	277.79	0	52.56
2013	4	7	12.044	6671.5019	96.5019	6.5019	 0.57	 0.08	183.43	10.63	11.26	 1.00	10.75	 1.03	325.81	274.16	278.77	263.32	281.58	0	52.66
2013	4	7	12.509	6671.5212	96.5212	6.5212	 0.51	 0.06	186.45	10.16	 3.46	 1.00	10.75	 1.03	325.99	276.22	279.14	263.98	283.77	0	52.80
2013	4	7	13.387	6671.5578	96.5578	6.5578	 0.71	 0.05	173.82	 4.09	 6.29	 0.99	10.77	 1.16	326.01	279.96	286.80	265.91	285.39	0	53.18
2013	4	7	14.268	6671.5945	96.5945	6.5945	 0.58	 0.05	188.90	 7.24	 5.60	 1.00	10.78	 1.16	325.79	283.85	289.92	265.86	289.28	0	53.17
2013	4	7	15.609	6671.6504	96.6504	6.6504	 0.62	 0.07	182.95	 8.99	16.37	 0.99	10.77	 1.02	325.41	289.22	296.48	269.13	294.13	0	53.83
2013	4	7	20.486	6671.8536	96.8536	6.8536	 1.02	 0.16	191.97	 7.91	37.90	 1.00	10.73	 1.04	325.61	292.66	302.24	270.76	299.53	0	54.15
2013	4	7	21.388	6671.8912	96.8912	6.8912	 1.27	 0.12	193.61	 4.01	 6.27	 1.00	10.80	 1.17	325.68	290.00	300.10	268.99	296.77	0	53.80
2013	4	7	22.703	6671.9460	96.9460	6.9460	 1.01	 0.08	192.36	 4.07	 6.35	 1.00	10.73	 1.18	325.58	285.64	295.66	263.35	292.38	0	52.67
2013	4	8	0.485	6672.0202	97.0202	7.0202	 0.56	 0.05	173.85	 7.06	 1.67	 1.00	10.73	 1.05	325.61	281.47	289.66	 0.00	 0.00	0	54.00
2013	4	8	2.266	6672.0944	97.0944	7.0944	 0.57	 0.04	172.47	 5.72	 4.72	 1.00	10.72	 1.08	325.57	279.48	285.40	 0.00	287.09	0	54.00
2013	4	8	2.704	6672.1127	97.1127	7.1127	 0.60	 0.05	169.55	 5.51	 8.03	 0.99	10.73	 1.11	325.58	279.20	286.23	261.86	285.36	0	52.37
2013	4	8	3.584	6672.1493	97.1493	7.1493	 0.42	 0.05	172.43	11.64	 9.49	 0.99	10.77	 1.07	325.58	278.64	285.19	261.36	283.40	0	52.27
2013	4	8	10.284	6672.4285	97.4285	7.4285	 0.43	 0.07	166.11	13.39	 4.07	 1.00	10.75	 1.01	325.92	276.41	284.39	261.41	282.21	0	52.28
2013	4	8	11.627	6672.4844	97.4844	7.4844	 0.54	 0.05	159.99	 6.66	 5.41	 1.00	10.73	 1.12	326.02	277.96	282.68	263.91	283.35	0	52.78
2013	4	8	14.282	6672.5951	97.5951	7.5951	 0.46	 0.05	173.96	 8.77	 8.38	 0.99	10.72	 1.07	326.27	287.51	294.50	269.02	293.51	0	53.80
2013	4	8	16.063	6672.6693	97.6693	7.6693	 0.43	 0.05	174.18	10.22	12.18	 0.98	10.73	 1.02	324.03	294.18	303.43	276.23	300.51	0	55.25
2013	4	8	16.502	6672.6876	97.6876	7.6876	 0.56	 0.05	181.47	 6.84	11.23	 0.98	10.73	 1.12	323.45	294.91	306.68	277.82	301.22	0	55.56
2013	4	8	17.843	6672.7435	97.7435	7.7435	 0.59	 0.04	184.51	 5.11	38.28	 0.63	10.75	 1.02	323.24	296.41	306.41	278.57	300.39	0	55.71
2013	4	8	19.622	6672.8176	97.8176	7.8176	 0.94	 0.07	189.03	 4.24	 3.98	 1.00	10.77	 1.24	322.94	294.96	305.78	275.07	301.84	0	55.01
2013	4	8	20.499	6672.8541	97.8541	7.8541	 0.73	 0.08	194.27	 7.44	 8.57	 1.00	10.73	 0.93	322.89	293.02	307.56	271.59	300.23	0	54.32
2013	4	8	22.715	6672.9465	97.9465	7.9465	 1.05	 0.08	199.54	 3.87	 9.70	 1.00	10.75	 1.10	324.18	285.61	297.64	263.79	292.22	0	52.76
2013	4	9	0.929	6673.0387	98.0387	8.0387	 0.85	 0.06	179.32	 3.74	 4.91	 1.00	10.73	 1.04	324.78	280.78	288.37	260.81	287.18	0	52.16
2013	4	9	1.367	6673.0570	98.0570	8.0570	 0.80	 0.06	183.81	 4.77	 1.25	 1.00	10.72	 1.07	324.72	280.10	287.55	260.39	286.28	0	52.08
2013	4	9	5.834	6673.2431	98.2431	8.2431	 0.58	 0.05	183.94	 6.20	 8.77	 0.99	10.75	 0.91	326.15	273.35	276.28	259.19	280.35	0	51.84
2013	4	9	6.272	6673.2613	98.2613	8.2613	 0.78	 0.07	172.25	 5.52	 3.57	 1.00	10.75	 1.05	326.10	273.87	280.12	259.02	279.55	0	51.80
2013	4	9	7.173	6673.2989	98.2989	8.2989	 0.74	 0.05	169.01	 3.86	 2.14	 1.00	10.75	 1.16	326.13	274.53	281.59	259.42	280.19	0	51.88
2013	4	9	9.833	6673.4097	98.4097	8.4097	 0.79	 0.05	181.23	 3.94	 4.34	 1.00	10.75	 1.09	326.12	275.94	281.84	261.67	281.63	0	52.33
2013	4	9	12.051	6673.5021	98.5021	8.5021	 0.78	 0.05	183.58	 4.01	12.12	 0.98	10.75	 1.03	326.29	278.92	284.28	265.48	286.32	0	53.10
2013	4	9	12.934	6673.5389	98.5389	8.5389	 0.65	 0.04	185.77	 4.71	11.39	 0.97	10.73	 1.03	326.30	281.99	287.28	265.80	 0.00	0	53.16
2013	4	9	13.396	6673.5582	98.5582	8.5582	 0.65	 0.05	187.12	 5.39	 7.70	 0.99	10.77	 1.07	326.36	283.83	288.40	265.27	289.57	0	53.05
2013	4	9	13.835	6673.5764	98.5764	8.5764	 0.84	 0.05	186.10	 3.61	 6.95	 0.99	10.77	 1.19	326.22	285.76	290.99	266.80	291.53	0	53.36
2013	4	9	14.716	6673.6132	98.6132	8.6132	 0.86	 0.05	190.97	 3.23	 8.19	 0.98	10.73	 1.22	326.46	289.53	297.99	270.56	295.50	0	54.11
2013	4	9	15.155	6673.6314	98.6314	8.6314	 0.62	 0.04	179.55	 5.18	14.75	 0.95	10.77	 1.01	326.46	291.28	297.41	271.45	297.31	0	54.29
2013	4	9	17.831	6673.7430	98.7430	8.7430	 0.91	 0.05	188.15	 3.34	12.77	 0.97	10.78	 1.05	324.50	297.12	305.59	 0.00	302.82	0	54.00
2013	4	9	18.707	6673.7795	98.7795	8.7795	 0.91	 0.12	175.44	 6.75	 5.64	 1.00	10.73	 0.98	326.45	297.28	309.41	279.71	301.23	0	55.94
2013	4	9	19.587	6673.8161	98.8161	8.8161	 0.74	 0.08	197.07	 7.09	 5.88	 1.00	10.82	 1.04	326.63	296.26	309.50	276.24	302.90	0	55.25
2013	4	9	22.269	6673.9279	98.9279	8.9279	 0.93	 0.08	190.27	 5.02	13.24	 1.00	10.77	 0.96	326.83	288.13	296.17	266.14	294.67	0	53.23
2013	4	9	23.146	6673.9644	98.9644	8.9644	 1.19	 0.12	188.24	 4.32	12.56	 1.00	10.72	 1.02	327.07	285.52	289.85	263.76	293.03	0	52.75
2013	4	9	23.583	6673.9826	98.9826	8.9826	 1.31	 0.07	203.99	 2.18	13.54	 0.95	10.72	 1.18	326.97	284.50	293.56	263.17	290.66	0	52.63
2013	4	10	0.485	6674.0202	99.0202	9.0202	 1.02	 0.07	188.77	 3.46	 1.71	 1.00	10.83	 0.98	327.12	282.61	288.46	261.45	288.73	0	52.29
2013	4	10	0.927	6674.0386	99.0386	9.0386	 1.00	 0.06	191.57	 2.88	 2.22	 1.00	10.75	 1.02	327.06	281.86	287.08	261.51	286.53	0	52.30
2013	4	10	1.803	6674.0751	99.0751	9.0751	 0.94	 0.04	196.03	 2.55	 5.85	 0.99	10.73	 1.01	327.10	280.87	287.35	 0.00	285.48	0	54.00
2013	4	10	2.243	6674.0935	99.0935	9.0935	 1.01	 0.06	193.34	 3.06	 4.39	 1.00	10.78	 1.03	326.97	280.55	285.97	262.64	287.81	0	52.53
2013	4	10	2.706	6674.1127	99.1127	9.1127	 0.96	 0.05	198.01	 3.14	 4.39	 1.00	10.77	 1.04	326.97	280.36	284.43	262.82	286.31	0	52.56
2013	4	10	3.146	6674.1311	99.1311	9.1311	 0.99	 0.06	199.56	 3.09	 5.36	 1.00	10.75	 1.13	326.77	280.13	285.51	262.76	286.07	0	52.55
2013	4	10	3.585	6674.1494	99.1494	9.1494	 1.03	 0.05	196.43	 2.58	 8.90	 0.98	10.77	 1.11	326.75	279.97	284.38	263.08	285.90	0	52.62
2013	4	10	4.462	6674.1859	99.1859	9.1859	 1.13	 0.04	198.37	 1.85	 0.99	 1.00	10.80	 1.21	326.75	279.66	285.58	262.45	286.96	0	52.49
2013	4	10	6.708	6674.2795	99.2795	9.2795	 0.93	 0.05	197.95	 3.31	 7.38	 0.99	10.75	 1.10	326.94	279.03	286.54	262.27	284.81	0	52.45
2013	4	10	8.051	6674.3355	99.3355	9.3355	 0.87	 0.06	193.22	 4.16	 5.39	 1.00	10.73	 1.05	326.86	278.78	282.05	261.94	284.50	0	52.39
2013	4	10	9.397	6674.3916	99.3916	9.3916	 0.99	 0.04	193.20	 1.93	 3.58	 0.99	10.80	 1.13	326.02	278.49	285.99	261.41	282.89	0	52.28
2013	4	10	10.277	6674.4282	99.4282	9.4282	 0.98	 0.06	193.68	 3.33	10.20	 0.99	10.85	 1.13	326.08	278.35	285.24	261.44	284.02	0	52.29
2013	4	10	11.156	6674.4648	99.4648	9.4648	 0.77	 0.04	195.82	 3.77	 5.01	 1.00	10.72	 1.02	326.17	278.70	282.86	264.90	284.21	0	52.98
2013	4	10	11.620	6674.4842	99.4842	9.4842	 0.96	 0.06	189.02	 3.19	 7.04	 0.99	10.75	 1.06	322.69	279.52	284.32	265.27	283.52	0	53.05
2013	4	10	14.271	6674.5946	99.5946	9.5946	 0.75	 0.06	197.92	 5.24	 6.98	 1.00	10.75	 0.95	326.71	284.32	287.98	268.50	288.67	0	53.70
2013	4	10	15.588	6674.6495	99.6495	9.6495	 1.04	 0.06	198.11	 2.75	 3.67	 1.00	10.73	 1.17	326.85	290.57	297.49	271.89	296.25	0	54.38
2013	4	10	18.718	6674.7799	99.7799	9.7799	 1.27	 0.13	203.58	 4.49	17.01	 1.00	10.82	 1.03	328.01	296.47	308.58	277.18	300.33	0	55.44
2013	4	10	19.158	6674.7982	99.7982	9.7982	 1.43	 0.10	206.96	 2.82	 5.09	 1.00	10.75	 1.10	327.92	296.22	307.54	278.18	304.71	0	55.64
2013	4	10	20.500	6674.8542	99.8542	9.8542	 1.63	 0.10	199.92	 2.00	 2.40	 1.00	10.77	 1.02	327.91	293.94	304.95	270.62	298.73	0	54.12
2013	4	11	6.706	6675.2794	100.2794	10.2794	 1.55	 0.11	203.27	 2.44	16.94	 0.97	10.77	 0.96	327.47	271.79	277.70	260.54	279.02	0	52.11
2013	4	11	7.144	6675.2977	100.2977	10.2977	 1.43	 0.13	197.27	 3.46	 5.30	 1.00	10.78	 0.94	327.46	272.93	276.68	260.71	280.12	0	52.14
2013	4	11	8.493	6675.3539	100.3539	10.3539	 1.45	 0.09	201.50	 2.26	 8.28	 0.99	10.73	 1.10	327.44	274.97	280.07	259.85	 0.00	0	51.97
2013	4	11	8.933	6675.3722	100.3722	10.3722	 1.35	 0.08	201.69	 2.57	 3.30	 1.00	10.75	 1.07	327.48	275.32	281.29	259.60	280.86	0	51.92
2013	4	11	9.838	6675.4099	100.4099	10.4099	 1.31	 0.10	200.34	 3.10	 1.97	 1.00	10.78	 1.02	327.58	275.83	280.04	259.47	281.35	0	51.89
2013	4	11	12.061	6675.5025	100.5025	10.5025	 1.27	 0.06	199.08	 1.94	 6.06	 0.99	10.80	 0.96	327.79	278.43	278.82	262.30	 0.00	0	52.46
2013	4	11	12.500	6675.5208	100.5208	10.5208	 1.53	 0.08	201.69	 1.77	 8.73	 0.97	10.77	 1.11	327.73	279.75	284.52	263.32	284.82	0	52.66
2013	4	11	13.817	6675.5757	100.5757	10.5757	 1.73	 0.16	195.92	 2.80	 0.38	 1.00	10.75	 1.03	327.81	284.08	289.38	265.66	289.46	0	53.13
2013	4	11	14.280	6675.5950	100.5950	10.5950	 1.52	 0.14	196.45	 3.14	 6.41	 1.00	10.77	 0.96	324.42	285.77	287.99	266.27	290.84	0	53.25
2013	4	11	16.928	6675.7053	100.7053	10.7053	 1.72	 0.17	197.16	 2.90	 6.68	 1.00	10.72	 0.98	327.63	288.79	295.24	274.13	291.05	0	54.83
2013	4	11	17.804	6675.7419	100.7419	10.7419	 1.88	 0.19	201.56	 2.77	 3.89	 1.00	10.73	 1.09	327.01	291.32	296.11	275.50	293.85	0	55.10
2013	4	11	18.242	6675.7601	100.7601	10.7601	 2.14	 0.22	202.52	 2.30	10.74	 0.99	10.82	 1.11	326.91	292.24	299.79	277.24	300.22	0	55.45
2013	4	11	20.457	6675.8524	100.8524	10.8524	 1.93	 0.14	192.90	 1.85	 7.89	 0.99	10.73	 0.99	326.80	291.61	298.73	268.45	298.49	0	53.69
2013	4	11	20.921	6675.8717	100.8717	10.8717	 2.90	 0.47	205.10	 2.16	20.29	 0.97	10.75	 1.24	326.86	290.51	301.93	265.57	295.20	0	53.11
2013	4	11	22.677	6675.9449	100.9449	10.9449	 2.51	 0.36	201.92	 2.50	13.82	 0.99	10.80	 1.11	326.82	285.18	294.38	 0.00	291.40	0	54.00
2013	4	11	23.139	6675.9641	100.9641	10.9641	 2.99	 0.35	209.05	 1.49	 2.33	 1.00	10.78	 1.25	323.23	284.05	294.90	261.44	289.83	0	52.29
2013	4	12	2.231	6676.0930	101.0930	11.0930	 2.87	 0.39	200.32	 1.81	 8.28	 0.99	10.73	 1.08	326.98	275.60	279.30	260.58	279.89	0	52.12
2013	4	12	2.671	6676.1113	101.1113	11.1113	 3.23	 0.59	202.12	 1.89	 6.63	 1.00	10.73	 1.13	326.95	276.01	281.01	260.50	281.45	0	52.10
2013	4	12	3.575	6676.1489	101.1489	11.1489	 3.24	 0.53	205.86	 1.69	 4.18	 1.00	10.90	 1.15	322.99	276.95	282.39	261.14	 0.00	0	52.23
2013	4	12	6.257	6676.2607	101.2607	11.2607	 3.14	 0.53	207.70	 1.93	12.11	 0.99	10.75	 1.03	318.69	274.39	284.41	261.84	279.50	0	52.37
2013	4	12	7.134	6676.2972	101.2972	11.2972	 3.40	 0.67	199.88	 1.76	 1.36	 1.00	10.73	 1.06	326.97	276.44	278.53	261.27	282.66	0	52.25
2013	4	12	8.921	6676.3717	101.3717	11.3717	 3.32	 0.52	200.06	 1.49	 3.78	 1.00	10.77	 1.15	326.96	278.34	284.21	 0.00	285.03	0	54.00
2013	4	12	9.798	6676.4083	101.4083	11.4083	 5.10	 3.75	194.85	 1.70	 3.54	 1.00	10.73	 1.07	326.98	278.61	281.72	 0.00	283.87	0	54.00
2013	4	12	12.920	6676.5383	101.5383	11.5383	 1.71	 0.10	199.18	 1.81	 4.59	 1.00	10.73	 1.11	327.20	281.66	288.18	265.77	288.94	0	53.15
2013	4	12	15.142	6676.6309	101.6309	11.6309	 1.48	 0.08	198.89	 1.84	 2.37	 1.00	10.75	 1.11	327.48	288.45	294.41	265.54	294.16	0	53.11
2013	4	12	15.580	6676.6492	101.6492	11.6492	 2.34	 0.18	198.97	 1.46	 3.38	 1.00	10.73	 1.14	327.48	289.79	296.11	269.91	294.80	0	53.98
2013	4	12	17.795	6676.7415	101.7415	11.7415	 1.74	 0.15	197.61	 2.49	 6.55	 1.00	10.75	 1.16	327.39	293.76	299.73	272.67	299.31	0	54.53
2013	4	12	18.672	6676.7780	101.7780	11.7780	 1.80	 0.20	196.54	 3.12	 2.90	 1.00	10.73	 1.11	327.25	293.52	301.17	270.19	299.43	0	54.04
2013	4	12	23.105	6676.9627	101.9627	11.9627	 1.61	 0.13	198.01	 2.62	10.91	 0.99	10.75	 1.18	327.02	280.56	287.67	259.80	287.67	0	51.96
2013	4	13	0.009	6677.0004	102.0004	12.0004	 1.48	 0.09	197.15	 2.06	 9.85	 0.98	10.80	 1.14	327.09	279.14	286.47	258.31	284.92	0	51.66
2013	4	13	1.325	6677.0552	102.0552	12.0552	 0.87	 0.05	179.77	 3.12	 2.81	 1.00	10.77	 1.07	327.09	277.53	280.90	257.68	281.83	0	51.54
2013	4	13	1.791	6677.0746	102.0746	12.0746	 0.87	 0.06	174.82	 3.76	 5.06	 1.00	10.77	 1.10	327.15	277.05	285.00	257.54	282.71	0	51.51
2013	4	13	2.670	6677.1112	102.1112	12.1112	 0.62	 0.05	173.48	 5.54	 9.62	 0.99	10.77	 1.08	327.05	276.68	281.95	259.76	280.93	0	51.95
2013	4	13	3.109	6677.1295	102.1295	12.1295	 0.83	 0.05	173.01	 3.29	 2.66	 1.00	10.77	 1.22	327.05	276.58	284.86	259.86	282.20	0	51.97
2013	4	13	4.015	6677.1673	102.1673	12.1673	 0.64	 0.05	176.21	 5.47	 3.39	 1.00	10.78	 1.11	327.12	276.51	282.22	 0.00	282.02	0	54.00
2013	4	13	4.891	6677.2038	102.2038	12.2038	 0.63	 0.06	182.48	 6.82	 4.38	 1.00	10.72	 1.09	326.94	276.35	283.21	262.83	282.21	0	52.57
2013	4	13	10.694	6677.4456	102.4456	12.4456	 0.69	 0.04	182.34	 3.96	 3.89	 1.00	10.77	 1.05	327.06	275.75	283.03	264.10	281.61	0	52.82
2013	4	13	11.569	6677.4821	102.4821	12.4821	 0.64	 0.04	191.53	 5.15	 0.91	 1.00	10.75	 1.07	327.12	277.82	282.24	265.16	283.15	0	53.03
2013	4	13	12.445	6677.5185	102.5185	12.5185	 0.74	 0.05	183.58	 4.75	21.92	 0.94	10.75	 1.06	327.33	280.59	287.31	265.91	286.39	0	53.18
2013	4	13	13.348	6677.5562	102.5562	12.5562	 0.56	 0.05	189.03	 6.99	16.82	 0.97	10.75	 0.95	327.43	283.85	288.10	265.43	 0.00	0	53.09
2013	4	13	15.568	6677.6487	102.6487	12.6487	 0.67	 0.06	187.22	 6.45	 7.69	 1.00	10.77	 1.05	327.32	292.98	298.28	274.91	298.95	0	54.98
2013	4	13	18.221	6677.7592	102.7592	12.7592	 0.90	 0.07	185.85	 4.63	 6.40	 1.00	10.75	 1.05	326.79	296.90	305.67	277.01	305.23	0	55.40
2013	4	13	19.560	6677.8150	102.8150	12.8150	 0.71	 0.07	192.16	 6.47	16.31	 0.99	10.77	 1.00	326.83	295.90	305.15	277.05	300.21	0	55.41
2013	4	13	20.882	6677.8701	102.8701	12.8701	 0.90	 0.07	188.02	 4.20	17.43	 0.98	10.73	 1.11	326.77	293.08	304.88	265.68	301.43	0	53.14
2013	4	14	0.879	6678.0366	103.0366	13.0366	 0.89	 0.05	186.65	 3.18	 5.00	 1.00	10.70	 1.06	326.38	282.46	288.79	264.83	287.91	0	52.97
2013	4	14	1.316	6678.0548	103.0548	13.0548	 1.12	 0.06	190.59	 2.54	 7.06	 0.99	10.73	 1.24	326.33	281.96	291.17	 0.00	288.12	0	54.00
2013	4	14	2.217	6678.0924	103.0924	13.0924	 0.78	 0.05	195.53	 4.22	 5.80	 1.00	10.78	 1.04	326.24	281.18	286.18	264.41	287.33	0	52.88
2013	4	14	3.095	6678.1290	103.1290	13.1290	 0.90	 0.07	189.65	 4.40	 3.52	 1.00	10.77	 1.07	326.50	280.57	285.12	263.36	286.84	0	52.67
2013	4	14	5.755	6678.2398	103.2398	13.2398	 1.02	 0.06	193.93	 3.12	 7.44	 0.99	10.72	 1.05	326.37	279.64	283.10	263.16	286.99	0	52.63
2013	4	14	7.121	6678.2967	103.2967	13.2967	 0.97	 0.06	197.42	 3.52	 9.55	 0.99	10.73	 0.98	326.44	279.37	284.99	263.15	284.04	0	52.63
2013	4	14	7.558	6678.3149	103.3149	13.3149	 1.15	 0.07	199.47	 3.07	 2.61	 1.00	10.73	 1.11	326.49	279.34	287.45	263.35	285.25	0	52.67
2013	4	14	8.435	6678.3515	103.3515	13.3515	 1.11	 0.05	198.35	 2.14	14.12	 0.91	10.77	 1.17	326.41	279.23	285.12	263.20	285.08	0	52.64
2013	4	14	8.898	6678.3707	103.3707	13.3707	 0.99	 0.05	197.98	 2.64	 3.01	 1.00	10.80	 1.08	326.51	279.16	285.17	263.22	284.99	0	52.64
2013	4	14	10.653	6678.4439	103.4439	13.4439	 1.18	 0.04	201.96	 1.76	 3.90	 0.99	10.72	 1.26	326.61	279.05	286.99	264.20	284.67	0	52.84
2013	4	14	11.554	6678.4814	103.4814	13.4814	 0.90	 0.06	193.78	 4.07	 1.49	 1.00	10.77	 1.00	326.71	279.99	284.80	265.21	285.28	0	53.04
2013	4	14	12.430	6678.5179	103.5179	13.5179	 1.06	 0.05	193.09	 2.33	 2.07	 1.00	10.80	 1.08	326.84	282.05	286.44	265.96	287.63	0	53.19
2013	4	14	13.772	6678.5738	103.5738	13.5738	 1.10	 0.06	200.18	 2.50	 1.19	 1.00	10.75	 1.08	326.97	286.55	293.10	267.43	289.83	0	53.49
2013	4	14	14.211	6678.5921	103.5921	13.5921	 1.25	 0.08	204.51	 2.82	 7.71	 1.00	10.72	 1.16	327.05	288.44	295.80	269.10	296.73	0	53.82
2013	4	14	14.648	6678.6103	103.6103	13.6103	 1.19	 0.06	203.70	 2.33	 2.85	 1.00	10.77	 1.14	327.11	290.41	297.74	270.65	296.17	0	54.13
2013	4	14	16.427	6678.6845	103.6845	13.6845	 1.53	 0.08	205.17	 1.92	 6.43	 0.99	10.73	 1.23	326.86	296.22	305.84	283.00	299.74	0	56.60
2013	4	14	16.865	6678.7027	103.7027	13.7027	 1.41	 0.08	197.74	 2.24	 2.52	 1.00	10.73	 1.07	324.32	297.42	308.15	282.57	300.96	0	56.51
2013	4	14	17.303	6678.7210	103.7210	13.7210	 1.14	 0.08	197.24	 3.16	 3.36	 1.00	10.75	 1.06	326.36	298.08	307.92	282.62	305.21	0	56.52
2013	4	14	17.767	6678.7403	103.7403	13.7403	 1.26	 0.05	197.08	 1.63	10.72	 0.90	10.78	 1.11	324.00	298.47	308.82	283.29	302.00	0	56.66
2013	4	14	18.209	6678.7587	103.7587	13.7587	 0.93	 0.08	178.93	 4.38	17.67	 0.98	10.73	 0.88	326.36	298.68	307.16	284.22	 0.00	0	56.84
2013	4	14	18.647	6678.7770	103.7770	13.7770	 0.58	 0.06	203.70	 8.74	22.85	 0.98	10.75	 0.90	325.18	298.56	309.16	281.62	306.41	0	56.32
2013	4	14	19.522	6678.8134	103.8134	13.8134	 0.95	 0.09	185.65	 4.98	 8.76	 1.00	10.72	 1.04	325.21	297.50	308.36	 0.00	304.26	0	54.00
2013	4	14	20.423	6678.8510	103.8510	13.8510	 0.80	 0.06	187.13	 4.40	18.53	 0.96	10.77	 1.01	325.06	295.46	305.73	270.23	302.55	0	54.05
2013	4	14	22.201	6678.9250	103.9250	13.9250	 0.85	 0.08	181.01	 5.16	 4.25	 1.00	10.78	 1.09	325.91	289.11	298.65	265.91	294.48	0	53.18
2013	4	15	0.418	6679.0174	104.0174	14.0174	 0.64	 0.04	178.61	 4.78	 3.23	 1.00	10.75	 1.06	326.03	283.59	291.31	265.23	288.51	0	53.05
2013	4	15	0.857	6679.0357	104.0357	14.0357	 0.43	 0.04	179.57	 9.51	 8.15	 0.99	10.78	 0.95	326.01	282.85	290.21	264.44	289.14	0	52.89
2013	4	15	3.077	6679.1282	104.1282	14.1282	 0.81	 0.05	177.95	 3.86	 3.34	 1.00	10.73	 1.09	326.06	281.20	288.14	264.96	286.15	0	52.99
2013	4	15	4.395	6679.1831	104.1831	14.1831	 0.87	 0.05	186.21	 3.17	11.34	 0.97	10.75	 1.15	326.12	280.89	288.05	264.95	287.23	0	52.99
2013	4	15	4.860	6679.2025	104.2025	14.2025	 0.92	 0.05	178.12	 2.99	 2.27	 1.00	10.77	 1.09	326.13	280.80	287.20	264.91	285.85	0	52.98
2013	4	15	5.298	6679.2208	104.2208	14.2208	 0.91	 0.05	180.09	 3.18	 2.86	 1.00	10.80	 1.17	326.09	280.77	290.20	264.91	287.15	0	52.98
2013	4	15	6.618	6679.2758	104.2758	14.2758	 0.78	 0.05	179.22	 4.30	 3.51	 1.00	10.82	 1.10	326.20	280.47	288.87	 0.00	286.73	0	54.00
2013	4	15	7.549	6679.3146	104.3146	14.3146	 0.67	 0.05	177.73	 4.76	 4.96	 1.00	10.75	 1.06	326.18	280.16	287.57	265.05	286.48	0	53.01
2013	4	15	7.988	6679.3328	104.3328	14.3328	 0.74	 0.04	174.67	 3.40	 5.79	 0.99	10.77	 1.11	326.20	279.93	289.60	264.79	284.94	0	52.96
2013	4	15	9.328	6679.3887	104.3887	14.3887	 0.53	 0.04	177.68	 6.19	10.91	 0.97	10.75	 1.04	326.71	279.25	285.24	263.28	285.34	0	52.66
2013	4	15	9.768	6679.4070	104.4070	14.4070	 0.72	 0.04	178.59	 3.86	 2.05	 1.00	10.80	 1.23	326.74	279.07	287.54	262.89	285.12	0	52.58
2013	4	15	10.207	6679.4253	104.4253	14.4253	 0.69	 0.05	171.62	 4.89	 2.68	 1.00	10.75	 1.15	326.33	278.87	287.51	262.76	285.91	0	52.55
2013	4	15	11.552	6679.4813	104.4813	14.4813	 0.70	 0.04	171.27	 4.09	 3.40	 1.00	10.75	 1.13	322.51	279.32	285.55	 0.00	284.76	0	54.00
2013	4	15	14.202	6679.5917	104.5917	14.5917	 0.52	 0.06	186.24	 9.50	16.83	 0.99	10.77	 0.98	326.43	283.81	288.88	271.35	287.34	0	54.27
2013	4	15	14.640	6679.6100	104.6100	14.6100	 0.72	 0.05	180.07	 4.84	 8.44	 0.99	10.73	 1.04	326.71	286.52	289.75	272.29	292.23	0	54.46
2013	4	15	15.516	6679.6465	104.6465	14.6465	 0.77	 0.04	192.44	 3.73	 4.00	 1.00	10.73	 1.03	326.93	291.40	301.85	276.87	294.54	0	55.37
2013	4	15	15.979	6679.6658	104.6658	14.6658	 0.88	 0.05	189.63	 3.43	 7.23	 0.99	10.77	 1.09	326.86	293.20	300.83	280.67	296.64	0	56.13
2013	4	15	17.734	6679.7389	104.7389	14.7389	 0.79	 0.05	190.13	 4.44	14.98	 0.98	10.72	 1.14	324.32	298.22	308.15	286.10	304.16	0	57.22
2013	4	15	21.298	6679.8874	104.8874	14.8874	 0.91	 0.07	184.96	 4.08	26.45	 0.95	10.78	 1.30	326.35	293.06	305.32	268.22	 0.00	0	53.64
2013	4	15	22.176	6679.9240	104.9240	14.9240	 1.00	 0.05	193.38	 2.80	16.01	 0.94	10.75	 1.25	326.56	289.88	301.17	265.89	296.27	0	53.18
2013	4	16	1.299	6680.0541	105.0541	15.0541	 0.66	 0.06	165.51	 5.50	 3.73	 1.00	10.73	 1.11	326.77	282.52	291.08	265.18	288.73	0	53.04
2013	4	16	2.178	6680.0908	105.0908	15.0908	 0.62	 0.05	171.43	 5.91	 9.83	 0.99	10.78	 1.10	326.76	281.71	291.13	264.93	286.38	0	52.99
2013	4	16	4.836	6680.2015	105.2015	15.2015	 0.57	 0.05	168.64	 6.25	 4.91	 1.00	10.77	 1.10	326.44	280.06	286.65	264.34	286.19	0	52.87
2013	4	16	5.738	6680.2391	105.2391	15.2391	 0.56	 0.04	174.62	 4.85	 3.55	 1.00	10.75	 1.14	326.38	279.59	286.94	263.75	284.30	0	52.75
2013	4	16	6.176	6680.2573	105.2573	15.2573	 0.68	 0.04	165.57	 3.89	 3.71	 1.00	10.75	 1.16	326.73	279.45	286.88	264.67	 0.00	0	52.93
2013	4	16	7.545	6680.3144	105.3144	15.3144	 0.65	 0.06	171.73	 5.74	 4.76	 1.00	10.78	 1.13	326.87	279.21	286.69	264.92	286.76	0	52.98
2013	4	16	9.767	6680.4070	105.4070	15.4070	 0.74	 0.05	171.80	 4.34	 4.92	 1.00	10.77	 1.16	327.23	278.78	287.18	262.84	284.76	0	52.57
2013	4	16	10.206	6680.4253	105.4253	15.4253	 0.54	 0.06	180.43	 8.26	 5.27	 1.00	10.73	 1.13	327.33	278.65	284.28	261.94	285.70	0	52.39
2013	4	16	12.427	6680.5178	105.5178	15.5178	 0.58	 0.05	170.39	 5.65	 1.67	 1.00	10.72	 1.13	326.67	281.87	286.97	265.68	287.58	0	53.14
2013	4	16	12.866	6680.5361	105.5361	15.5361	 0.73	 0.06	170.61	 4.76	 8.23	 0.99	10.73	 1.22	326.76	283.51	291.17	267.65	288.88	0	53.53
2013	4	16	13.303	6680.5543	105.5543	15.5543	 0.62	 0.03	171.40	 3.95	11.57	 0.91	10.73	 1.13	326.76	285.23	292.42	269.10	291.22	0	53.82
2013	4	16	14.205	6680.5919	105.5919	15.5919	 0.61	 0.03	181.08	 3.26	 1.68	 1.00	10.77	 1.15	326.77	288.95	296.73	270.92	292.55	0	54.18
2013	4	16	15.084	6680.6285	105.6285	15.6285	 0.71	 0.05	181.20	 4.61	 2.48	 1.00	10.75	 1.10	326.71	292.12	301.44	273.46	300.38	0	54.69
2013	4	16	15.523	6680.6468	105.6468	15.6468	 0.82	 0.06	182.71	 4.05	 4.46	 1.00	10.72	 1.11	327.01	293.93	302.35	279.42	300.06	0	55.88
2013	4	16	15.961	6680.6650	105.6650	15.6650	 0.73	 0.04	189.42	 3.83	 1.88	 1.00	10.78	 1.05	327.85	295.33	301.41	283.49	301.12	0	56.70
2013	4	16	17.736	6680.7390	105.7390	15.7390	 1.10	 0.06	195.83	 2.81	 2.80	 1.00	10.72	 1.14	321.32	299.05	310.26	283.05	305.18	0	56.61
2013	4	16	18.175	6680.7573	105.7573	15.7573	 1.09	 0.04	191.74	 1.92	 3.75	 0.99	10.77	 1.17	321.24	298.97	311.21	281.73	305.23	0	56.35
2013	4	16	19.513	6680.8131	105.8131	15.8131	 0.59	 0.05	177.28	 6.92	 5.85	 1.00	10.72	 0.95	321.63	297.39	310.60	 0.00	306.61	0	54.00
2013	4	16	20.854	6680.8689	105.8689	15.8689	 0.58	 0.06	169.88	 6.86	 9.63	 0.99	10.75	 1.03	322.11	293.78	307.74	267.62	301.41	0	53.52
2013	4	16	23.949	6680.9979	105.9979	15.9979	 0.90	 0.10	180.88	 6.26	19.70	 1.00	10.75	 1.15	324.77	283.99	293.05	264.34	291.80	0	52.87
2013	4	17	1.291	6681.0538	106.0538	16.0538	 1.14	 0.08	189.14	 3.06	 4.14	 1.00	10.77	 0.99	323.01	281.87	287.95	262.81	286.67	0	52.56
2013	4	17	1.731	6681.0721	106.0721	16.0721	 1.07	 0.07	190.28	 3.33	 3.38	 1.00	10.82	 1.03	322.37	281.22	287.64	261.89	286.02	0	52.38
2013	4	17	2.171	6681.0905	106.0905	16.0905	 1.10	 0.06	193.24	 2.55	20.04	 0.90	10.75	 1.07	322.51	280.88	286.03	263.77	287.10	0	52.75
2013	4	17	2.611	6681.1088	106.1088	16.1088	 1.49	 0.09	199.95	 2.29	 2.47	 1.00	10.73	 1.07	322.48	280.74	287.52	265.00	287.02	0	53.00
2013	4	17	3.048	6681.1270	106.1270	16.1270	 1.14	 0.06	195.33	 2.59	11.91	 0.97	10.72	 1.01	322.43	280.60	287.11	264.91	288.47	0	52.98
2013	4	17	3.950	6681.1646	106.1646	16.1646	 1.38	 0.07	197.62	 2.10	 3.46	 1.00	10.75	 1.02	322.24	280.39	285.26	263.89	286.81	0	52.78
2013	4	17	4.391	6681.1829	106.1829	16.1829	 1.28	 0.06	199.98	 1.88	 4.40	 0.99	10.73	 1.13	322.27	280.25	288.00	263.12	286.67	0	52.62
2013	4	17	6.608	6681.2753	106.2753	16.2753	 1.23	 0.06	197.64	 2.07	11.24	 0.95	10.75	 1.13	322.64	279.46	286.73	263.11	285.55	0	52.62
2013	4	17	7.047	6681.2936	106.2936	16.2936	 1.30	 0.07	188.74	 2.22	 5.36	 0.99	10.80	 1.13	322.57	279.41	283.02	264.00	285.48	0	52.80
2013	4	17	7.979	6681.3324	106.3324	16.3324	 1.05	 0.05	191.38	 2.41	17.32	 0.89	10.77	 1.14	322.61	279.19	287.06	263.22	286.83	0	52.64
2013	4	17	8.417	6681.3507	106.3507	16.3507	 1.01	 0.06	184.26	 2.82	14.70	 0.95	10.75	 1.11	322.54	279.10	285.75	262.86	285.28	0	52.57
2013	4	17	9.293	6681.3872	106.3872	16.3872	 0.80	 0.03	192.51	 2.73	 8.18	 0.95	10.85	 1.09	322.70	278.78	284.69	261.21	283.55	0	52.24
2013	4	17	9.733	6681.4056	106.4056	16.4056	 0.91	 0.05	188.56	 2.90	 4.37	 1.00	10.73	 1.08	322.90	278.54	284.30	260.35	284.53	0	52.07
2013	4	17	10.196	6681.4248	106.4248	16.4248	 0.82	 0.06	190.12	 4.18	10.81	 0.99	10.73	 1.08	324.31	278.31	286.28	260.47	284.20	0	52.09
2013	4	17	10.634	6681.4431	106.4431	16.4431	 0.76	 0.05	191.42	 4.74	 8.71	 0.99	10.75	 1.12	323.71	278.14	284.61	260.32	285.20	0	52.06
2013	4	17	12.851	6681.5355	106.5355	16.5355	 0.91	 0.06	195.33	 3.65	 8.32	 0.99	10.73	 1.10	322.64	283.07	289.43	265.79	289.10	0	53.16
2013	4	17	13.730	6681.5721	106.5721	16.5721	 1.03	 0.06	191.49	 2.96	18.03	 0.95	10.80	 1.11	322.79	286.45	295.26	268.80	290.93	0	53.76
2013	4	17	14.169	6681.5904	106.5904	16.5904	 1.31	 0.09	194.96	 2.64	 6.83	 1.00	10.73	 1.11	322.76	288.20	294.42	269.90	293.87	0	53.98
2013	4	17	14.634	6681.6097	106.6097	16.6097	 1.39	 0.07	198.13	 2.08	11.69	 0.97	10.80	 1.21	322.77	290.00	298.79	271.53	298.94	0	54.31
2013	4	17	16.848	6681.7020	106.7020	16.7020	 1.69	 0.11	193.56	 1.93	 3.26	 1.00	10.77	 0.86	323.07	297.15	305.70	288.52	303.15	0	57.70
2013	4	17	17.724	6681.7385	106.7385	16.7385	 2.06	 0.10	199.43	 1.19	 2.90	 0.99	10.73	 1.05	322.12	298.77	309.83	284.58	 0.00	0	56.92
2013	4	17	18.161	6681.7567	106.7567	16.7567	 1.96	 0.10	206.92	 1.41	 4.13	 0.99	10.75	 1.20	322.59	298.99	310.14	285.62	303.28	0	57.12
2013	4	17	19.062	6681.7942	106.7942	16.7942	 1.74	 0.12	198.40	 2.03	 2.41	 1.00	10.77	 1.03	323.99	298.66	308.49	281.72	307.43	0	56.34
2013	4	17	20.374	6681.8489	106.8489	16.8489	 2.23	 0.18	204.30	 1.76	 2.22	 1.00	10.73	 0.98	323.81	296.26	311.19	272.16	303.56	0	54.43
2013	4	17	20.812	6681.8672	106.8672	16.8672	 2.12	 0.19	198.71	 2.05	 0.96	 1.00	10.72	 0.92	323.98	294.99	306.99	269.07	302.09	0	53.81
2013	4	17	21.274	6681.8864	106.8864	16.8864	 2.65	 0.32	212.77	 1.98	 7.37	 1.00	10.77	 1.24	324.15	293.29	307.67	267.86	300.52	0	53.57
2013	4	17	22.591	6681.9413	106.9413	16.9413	 2.33	 0.22	202.50	 1.86	 8.34	 0.99	10.73	 1.04	324.45	288.63	297.97	265.69	295.72	0	53.14
2013	4	17	23.493	6681.9789	106.9789	16.9789	 2.37	 0.18	204.43	 1.44	 4.53	 0.99	10.78	 1.11	325.29	286.23	294.36	265.46	294.07	0	53.09
2013	4	18	0.810	6682.0337	107.0337	17.0338	 2.35	 0.14	204.33	 1.21	 3.37	 0.99	10.72	 1.16	326.34	283.90	291.66	263.62	290.02	0	52.72
2013	4	18	1.248	6682.0520	107.0520	17.0520	 2.50	 0.24	208.69	 1.73	 1.33	 1.00	10.73	 1.19	326.21	283.34	291.05	262.83	288.02	0	52.57
2013	4	18	1.710	6682.0713	107.0713	17.0713	 2.36	 0.21	206.96	 1.81	 5.70	 1.00	10.77	 1.09	326.28	282.93	289.05	263.01	289.00	0	52.60
2013	4	18	2.148	6682.0895	107.0895	17.0895	 2.57	 0.30	202.34	 1.92	 3.12	 1.00	10.73	 1.01	326.25	282.59	286.55	262.77	287.11	0	52.55
2013	4	18	3.025	6682.1261	107.1261	17.1261	 2.43	 0.20	203.42	 1.52	 3.35	 1.00	10.77	 1.04	326.15	281.93	286.39	263.07	289.24	0	52.61
2013	4	18	3.932	6682.1638	107.1638	17.1638	 2.82	 0.27	204.30	 1.35	 3.39	 1.00	10.77	 1.08	326.08	281.51	285.77	262.77	285.90	0	52.55
2013	4	18	4.371	6682.1821	107.1821	17.1821	 2.62	 0.27	207.43	 1.71	 1.34	 1.00	10.73	 1.10	326.32	281.30	287.27	262.29	288.57	0	52.46
2013	4	18	5.249	6682.2187	107.2187	17.2187	 2.55	 0.28	207.76	 1.90	 3.03	 1.00	10.77	 1.14	325.74	280.93	287.38	263.26	286.80	0	52.65
2013	4	18	6.591	6682.2746	107.2746	17.2746	 2.78	 0.31	209.99	 1.65	 9.04	 0.98	10.73	 1.26	326.01	280.59	287.99	263.49	285.04	0	52.70
2013	4	18	7.030	6682.2929	107.2929	17.2929	 2.23	 0.19	203.70	 1.80	 4.03	 1.00	10.73	 1.10	326.02	280.49	284.37	263.01	286.38	0	52.60
2013	4	18	8.399	6682.3500	107.3500	17.3500	 2.17	 0.16	202.19	 1.60	 2.64	 1.00	10.73	 1.08	326.18	280.19	285.10	 0.00	286.05	0	54.00
2013	4	18	8.839	6682.3683	107.3683	17.3683	 1.99	 0.10	204.57	 1.28	 1.24	 1.00	10.73	 1.13	326.06	280.04	285.76	261.76	285.82	0	52.35
2013	4	18	9.717	6682.4049	107.4049	17.4049	 2.15	 0.20	199.75	 2.07	 4.36	 1.00	10.73	 1.04	326.01	279.86	284.60	262.45	285.55	0	52.49
2013	4	18	10.156	6682.4232	107.4232	17.4232	 1.98	 0.11	205.12	 1.46	15.14	 0.88	10.75	 1.08	326.00	279.76	285.43	262.27	286.83	0	52.45
2013	4	18	10.620	6682.4425	107.4425	17.4425	 1.91	 0.12	202.70	 1.74	 0.99	 1.00	10.77	 1.04	326.00	279.69	284.28	262.59	286.76	0	52.52
2013	4	18	11.496	6682.4790	107.4790	17.4790	 2.05	 0.14	205.56	 1.72	 1.27	 1.00	10.77	 1.19	325.88	280.56	284.85	265.08	286.05	0	53.02
2013	4	18	11.935	6682.4973	107.4973	17.4973	 1.96	 0.13	207.59	 1.77	 4.97	 1.00	10.73	 1.22	325.72	281.73	287.29	265.33	285.41	0	53.07
2013	4	18	12.839	6682.5350	107.5350	17.5350	 2.08	 0.17	206.73	 2.02	17.56	 0.96	10.78	 1.15	325.02	284.62	290.05	268.33	290.59	0	53.67
2013	4	18	13.278	6682.5533	107.5533	17.5533	 2.00	 0.15	203.32	 1.94	 1.97	 1.00	10.73	 1.11	324.87	286.11	290.49	269.43	292.18	0	53.89
2013	4	18	14.153	6682.5897	107.5897	17.5897	 2.47	 0.19	207.42	 1.38	 1.42	 1.00	10.73	 1.18	324.28	289.54	296.23	 0.00	295.59	0	54.00
2013	4	18	15.053	6682.6272	107.6272	17.6272	 2.69	 0.29	206.44	 1.70	 1.70	 1.00	10.75	 1.10	324.47	292.37	299.21	275.90	298.53	0	55.18
2013	4	18	15.928	6682.6636	107.6636	17.6636	 3.68	 0.84	208.22	 1.72	 1.58	 1.00	10.72	 1.07	324.34	294.03	305.50	277.33	300.94	0	55.47
2013	4	18	17.267	6682.7195	107.7195	17.7195	 2.97	 0.42	197.64	 1.71	 0.45	 1.00	10.77	 0.92	324.29	293.83	303.36	273.24	301.27	0	54.65
2013	4	18	18.147	6682.7561	107.7561	17.7561	19.41	4767465.06	198.98	 1.34	 2.54	 1.00	10.77	 1.01	324.36	293.39	301.44	273.77	298.90	0	54.75
2013	4	18	18.588	6682.7745	107.7745	17.7745	 3.64	 0.72	203.17	 1.51	 2.73	 1.00	10.75	 1.05	324.41	293.50	303.86	275.34	301.03	0	55.07
2013	4	18	19.489	6682.8120	107.8120	17.8120	 3.06	 0.31	207.45	 1.23	 4.88	 0.99	10.77	 1.18	324.59	293.96	303.50	278.79	301.39	0	55.76
2013	4	18	19.927	6682.8303	107.8303	17.8303	 2.72	 0.26	192.63	 1.38	 4.64	 0.99	10.73	 0.88	324.44	294.46	302.41	275.01	302.10	0	55.00
2013	4	18	20.805	6682.8669	107.8669	17.8669	 3.01	 0.29	209.30	 1.22	 0.45	 1.00	10.75	 1.17	324.31	293.91	305.35	271.25	301.66	0	54.25
2013	4	18	21.243	6682.8851	107.8851	17.8851	 2.92	 0.31	206.12	 1.38	 3.22	 1.00	10.78	 1.13	324.15	292.70	304.32	268.22	301.48	0	53.64
2013	4	18	21.706	6682.9044	107.9044	17.9044	 2.89	 0.30	206.70	 1.41	 4.34	 0.99	10.78	 1.07	321.37	291.13	303.11	265.90	298.28	0	53.18
2013	4	19	2.143	6683.0893	108.0893	18.0893	 2.75	 0.28	208.22	 1.52	 2.67	 1.00	10.75	 1.06	324.37	281.11	287.82	265.07	287.23	0	53.01
2013	4	19	2.582	6683.1076	108.1076	18.1076	 2.97	 0.37	208.40	 1.61	 3.40	 1.00	10.72	 1.05	324.25	281.22	289.95	265.16	285.82	0	53.03
2013	4	19	3.897	6683.1624	108.1624	18.1624	 3.39	 0.53	208.63	 1.46	 1.30	 1.00	10.73	 1.12	324.27	280.99	287.92	265.12	287.11	0	53.02
2013	4	19	4.799	6683.1999	108.1999	18.1999	 2.76	 0.37	203.99	 1.97	 4.47	 1.00	10.75	 1.05	324.25	280.87	286.00	265.14	288.50	0	53.03
2013	4	19	5.238	6683.2182	108.2182	18.2182	 3.33	 0.52	207.91	 1.53	11.97	 0.96	10.73	 1.14	324.27	280.78	287.92	264.00	286.90	0	52.80
2013	4	19	5.675	6683.2365	108.2365	18.2365	 2.80	 0.33	208.18	 1.70	 4.44	 1.00	10.75	 1.12	324.20	280.68	287.25	264.27	286.80	0	52.85
2013	4	19	6.577	6683.2741	108.2741	18.2741	 2.96	 0.34	206.91	 1.47	 6.21	 0.99	10.77	 1.14	324.25	280.47	287.30	264.67	285.13	0	52.93
2013	4	19	7.899	6683.3291	108.3291	18.3291	 2.89	 0.32	204.28	 1.49	 3.52	 1.00	10.73	 1.11	324.16	280.21	285.32	264.02	287.65	0	52.80
2013	4	19	8.336	6683.3473	108.3473	18.3473	 2.62	 0.24	205.07	 1.50	 5.25	 0.99	10.77	 1.08	324.17	280.12	285.38	264.09	284.73	0	52.82
2013	4	19	13.701	6683.5709	108.5709	18.5709	 2.11	 0.23	201.05	 2.50	 2.22	 1.00	10.73	 0.95	322.58	279.87	284.07	270.88	284.75	0	54.18
2013	4	19	15.016	6683.6257	108.6257	18.6257	 2.32	 0.23	206.76	 2.07	 8.49	 0.99	10.82	 1.14	324.14	288.42	293.81	274.31	297.45	0	54.86
2013	4	19	15.479	6683.6450	108.6450	18.6450	 3.16	 0.47	212.25	 1.71	 3.41	 1.00	10.78	 1.26	320.68	290.63	297.61	278.27	296.64	0	55.65
2013	4	19	19.008	6683.7920	108.7920	18.7920	 1.48	 0.12	190.46	 2.83	36.39	 0.92	10.78	 1.14	323.71	295.56	303.71	278.18	301.72	0	55.64
2013	4	19	19.911	6683.8296	108.8296	18.8296	 1.32	 0.13	198.74	 4.11	26.00	 0.99	10.77	 1.08	323.96	294.63	305.08	274.44	301.47	0	54.89
2013	4	19	20.349	6683.8479	108.8479	18.8479	 1.54	 0.20	188.29	 4.27	44.20	 0.98	10.72	 1.05	323.79	293.85	303.62	271.94	298.72	0	54.39
2013	4	19	22.572	6683.9405	108.9405	18.9405	 1.34	 0.09	203.07	 2.80	 8.25	 1.00	10.73	 1.12	324.06	286.78	297.66	265.74	292.17	0	53.15
2013	4	19	23.011	6683.9588	108.9588	18.9588	 1.42	 0.06	196.07	 1.66	 3.44	 0.99	10.77	 1.08	324.08	285.63	294.60	265.59	293.49	0	53.12
2013	4	19	23.450	6683.9771	108.9771	18.9771	 1.34	 0.08	195.96	 2.27	 4.56	 1.00	10.82	 0.97	324.18	284.65	293.14	264.63	291.14	0	52.93
2013	4	19	23.889	6683.9954	108.9954	18.9954	 1.63	 0.08	201.42	 1.68	 2.30	 1.00	10.75	 1.06	324.13	283.80	290.37	263.92	290.22	0	52.78
2013	4	20	0.353	6684.0147	109.0147	19.0147	 1.86	 0.12	204.53	 1.75	 6.60	 0.99	10.77	 1.07	321.55	283.00	291.24	263.60	288.02	0	52.72
2013	4	20	3.008	6684.1253	109.1253	19.1253	 1.81	 0.11	206.65	 1.89	12.47	 0.97	10.77	 1.03	318.48	276.47	285.47	264.60	281.87	0	52.92
2013	4	20	3.452	6684.1438	109.1438	19.1438	 2.18	 0.21	205.81	 2.15	 4.31	 1.00	10.85	 1.08	324.91	277.01	284.23	263.98	282.82	0	52.80
2013	4	20	7.454	6684.3106	109.3106	19.3106	 1.64	 0.08	201.55	 1.65	 7.56	 0.98	10.73	 1.13	325.28	279.18	283.46	263.29	285.12	0	52.66
2013	4	20	7.892	6684.3288	109.3288	19.3288	 1.42	 0.09	197.33	 2.29	 5.04	 1.00	10.78	 1.05	325.36	279.22	282.94	263.27	285.11	0	52.65
2013	4	20	8.773	6684.3655	109.3655	19.3655	 1.62	 0.09	202.49	 1.92	 9.78	 0.98	10.73	 1.09	325.18	279.21	283.78	262.89	285.05	0	52.58
2013	4	20	11.930	6684.4971	109.4971	19.4971	 1.51	 0.08	201.38	 1.82	 2.09	 1.00	10.77	 1.11	325.37	280.82	287.25	265.35	284.69	0	53.07
2013	4	20	16.799	6684.7000	109.7000	19.7000	 1.62	 0.08	205.76	 1.76	 9.94	 0.97	10.73	 1.23	324.30	294.00	303.36	281.82	299.60	0	56.36
2013	4	21	0.329	6685.0137	110.0137	20.0137	 0.69	 0.04	191.10	 4.43	10.77	 0.97	10.73	 1.04	324.10	281.73	291.27	263.31	288.09	0	52.66
2013	4	21	1.671	6685.0696	110.0696	20.0696	 1.05	 0.05	195.46	 2.29	 5.60	 0.99	10.75	 1.15	324.36	280.53	287.28	263.86	 0.00	0	52.77
2013	4	21	2.110	6685.0879	110.0879	20.0879	 1.06	 0.07	195.58	 3.17	 1.90	 1.00	10.75	 1.09	324.45	280.33	287.61	264.29	286.66	0	52.86
2013	4	21	2.549	6685.1062	110.1062	20.1062	 1.23	 0.06	199.50	 2.34	 3.46	 1.00	10.78	 1.17	324.58	280.11	289.37	264.46	286.43	0	52.89
2013	4	21	3.454	6685.1439	110.1439	20.1439	 1.17	 0.07	196.09	 2.78	 1.03	 1.00	10.77	 1.03	324.45	279.81	285.57	263.66	287.55	0	52.73
2013	4	21	4.771	6685.1988	110.1988	20.1988	 1.20	 0.06	204.18	 2.36	 3.14	 1.00	10.73	 1.12	324.50	279.49	285.22	262.35	285.53	0	52.47
2013	4	21	5.676	6685.2365	110.2365	20.2365	 1.32	 0.06	204.45	 2.02	 4.22	 1.00	10.83	 1.13	324.58	279.48	287.26	262.69	285.51	0	52.54
2013	4	21	6.991	6685.2913	110.2913	20.2913	 1.46	 0.08	204.53	 2.13	 5.64	 0.99	10.73	 1.20	324.52	279.55	289.34	263.11	285.60	0	52.62
2013	4	21	7.454	6685.3106	110.3106	20.3106	 1.20	 0.08	202.43	 3.23	 6.96	 1.00	10.77	 1.04	324.65	279.50	287.26	263.15	285.56	0	52.63
2013	4	21	8.331	6685.3471	110.3471	20.3471	 1.28	 0.06	198.46	 1.83	 1.95	 1.00	10.72	 1.14	324.48	279.46	284.07	262.59	285.48	0	52.52
2013	4	21	10.140	6685.4225	110.4225	20.4225	 1.24	 0.05	199.67	 1.96	 5.49	 0.99	10.88	 1.16	324.74	279.32	287.49	262.70	285.26	0	52.54
2013	4	21	10.579	6685.4408	110.4408	20.4408	 1.00	 0.06	198.92	 3.18	 1.98	 1.00	10.77	 1.04	324.67	279.27	284.06	262.48	285.20	0	52.50
2013	4	21	11.456	6685.4773	110.4773	20.4773	 1.06	 0.06	198.15	 2.70	 2.04	 1.00	10.75	 1.11	324.71	279.98	286.98	265.12	285.64	0	53.02
2013	4	21	11.919	6685.4966	110.4966	20.4966	 1.02	 0.07	196.75	 3.58	 3.75	 1.00	10.78	 1.09	324.80	280.92	285.30	265.29	286.02	0	53.06
2013	4	21	15.449	6685.6437	110.6437	20.6437	 1.20	 0.05	196.26	 2.01	13.74	 0.91	10.72	 1.08	325.29	292.74	300.99	276.44	298.84	0	55.29
2013	4	21	18.565	6685.7735	110.7735	20.7735	 1.58	 0.06	202.70	 1.24	 1.92	 1.00	10.75	 1.15	323.94	299.40	309.80	290.65	303.39	0	58.13
2013	4	21	19.002	6685.7917	110.7917	20.7917	 1.24	 0.07	200.83	 2.40	 3.90	 1.00	10.75	 0.96	324.23	299.43	310.79	291.18	305.08	0	58.24
2013	4	21	19.443	6685.8101	110.8101	20.8101	 1.60	 0.11	193.63	 2.28	 9.05	 0.99	10.73	 0.90	322.60	299.15	311.86	290.31	307.31	0	58.06
2013	4	21	19.882	6685.8284	110.8284	20.8284	 1.64	 0.06	204.30	 1.31	 2.90	 0.99	10.72	 1.06	323.00	298.38	311.59	281.05	303.48	0	56.21
2013	4	21	20.783	6685.8659	110.8659	20.8659	 1.42	 0.09	207.39	 2.41	 1.12	 1.00	10.78	 1.19	323.06	295.88	307.47	270.42	301.43	0	54.08
2013	4	22	0.313	6686.0130	111.0130	21.0130	 1.16	 0.07	203.17	 3.01	 5.25	 1.00	10.82	 1.03	323.53	284.87	293.34	265.24	292.77	0	53.05
2013	4	22	2.530	6686.1054	111.1054	21.1054	 1.43	 0.09	203.17	 2.32	 2.17	 1.00	10.73	 1.12	324.82	282.34	291.31	265.07	290.16	0	53.01
2013	4	22	3.431	6686.1430	111.1430	21.1430	 1.24	 0.07	199.36	 2.51	 8.45	 0.99	10.77	 1.02	324.90	281.90	287.36	264.86	288.22	0	52.97
2013	4	22	4.310	6686.1796	111.1796	21.1796	 1.31	 0.06	202.05	 1.83	 2.60	 1.00	10.72	 1.10	323.99	281.37	289.36	 0.00	287.48	0	54.00
2013	4	22	4.747	6686.1978	111.1978	21.1978	 1.24	 0.06	195.42	 2.15	 6.71	 0.99	10.75	 1.00	323.22	281.01	287.36	262.32	288.64	0	52.46
2013	4	22	5.186	6686.2161	111.2161	21.2161	 1.23	 0.10	198.27	 3.62	 4.23	 1.00	10.73	 1.08	323.15	280.59	285.83	262.05	285.38	0	52.41
2013	4	22	5.650	6686.2354	111.2354	21.2354	 1.19	 0.05	199.84	 2.08	 5.03	 0.99	10.80	 1.05	322.61	280.28	285.21	262.53	286.40	0	52.51
2013	4	22	6.969	6686.2904	111.2904	21.2904	 1.31	 0.09	196.27	 2.75	 4.66	 1.00	10.78	 1.06	323.65	279.47	283.84	262.21	285.43	0	52.44
2013	4	22	10.114	6686.4214	111.4214	21.4214	 1.08	 0.06	195.25	 2.80	 5.76	 1.00	10.77	 1.13	323.86	278.30	284.05	260.26	283.99	0	52.05
2013	4	22	10.557	6686.4399	111.4399	21.4399	 0.91	 0.06	195.85	 3.61	 6.64	 1.00	10.73	 1.05	323.74	278.24	283.31	260.37	283.96	0	52.07
2013	4	22	10.995	6686.4581	111.4581	21.4581	 0.96	 0.05	197.43	 2.83	 3.71	 1.00	10.75	 1.13	323.85	278.43	285.03	262.58	282.58	0	52.52
2013	4	22	11.433	6686.4764	111.4764	21.4764	 0.90	 0.04	195.48	 2.65	 2.60	 1.00	10.73	 1.10	323.56	279.19	283.62	264.86	 0.00	0	52.97
2013	4	22	11.871	6686.4946	111.4946	21.4946	 0.88	 0.06	189.22	 4.21	 6.52	 1.00	10.80	 1.05	323.82	280.12	284.05	264.97	285.13	0	52.99
2013	4	22	12.335	6686.5140	111.5140	21.5140	 0.93	 0.06	195.19	 3.62	 5.05	 1.00	10.77	 1.12	323.71	281.45	287.03	266.06	287.20	0	53.21
2013	4	22	12.773	6686.5322	111.5322	21.5322	 0.97	 0.05	187.24	 2.47	 2.79	 1.00	10.77	 1.14	323.42	282.85	287.35	267.47	288.80	0	53.49
2013	4	22	15.865	6686.6610	111.6610	21.6610	 1.13	 0.05	196.13	 2.18	 2.35	 1.00	10.77	 1.05	323.69	293.89	300.88	280.39	300.22	0	56.08
2013	4	22	16.302	6686.6793	111.6793	21.6793	 1.30	 0.05	207.39	 1.54	 1.37	 1.00	10.77	 1.24	323.77	295.15	305.28	284.80	301.09	0	56.96
2013	4	22	16.765	6686.6985	111.6985	21.6985	 1.12	 0.06	193.12	 2.45	 1.68	 1.00	10.80	 1.01	319.94	296.54	303.53	288.15	301.96	0	57.63
2013	4	22	20.292	6686.8455	111.8455	21.8455	 1.69	 0.08	202.48	 1.54	 1.81	 1.00	10.75	 1.08	323.92	295.95	305.77	274.34	300.85	0	54.87
2013	4	22	20.730	6686.8638	111.8637	21.8637	 1.78	 0.10	206.07	 1.64	 9.35	 0.97	10.73	 1.14	323.89	295.03	306.06	270.49	301.91	0	54.10
2013	4	22	21.191	6686.8830	111.8830	21.8830	 1.76	 0.13	205.93	 2.22	 4.28	 1.00	10.77	 1.13	324.37	293.44	305.29	269.27	300.56	0	53.85
2013	4	22	21.630	6686.9012	111.9013	21.9013	 1.65	 0.10	202.49	 2.01	 3.40	 1.00	10.75	 1.01	324.59	291.85	304.00	268.05	298.94	0	53.61
2013	4	22	22.944	6686.9560	111.9560	21.9560	 1.80	 0.08	208.21	 1.25	 2.82	 0.99	10.82	 1.18	324.44	288.17	299.21	265.50	296.90	0	53.10
2013	4	23	0.282	6687.0117	112.0117	22.0117	 1.96	 0.14	205.78	 1.94	 1.64	 1.00	10.77	 1.06	323.86	285.77	294.26	265.18	292.36	0	53.04
2013	4	23	0.721	6687.0300	112.0300	22.0300	 1.76	 0.12	205.73	 2.01	 3.03	 1.00	10.75	 1.02	324.12	285.20	294.34	265.22	291.74	0	53.04
2013	4	23	1.158	6687.0483	112.0483	22.0483	 1.77	 0.09	206.95	 1.56	 5.08	 0.99	10.72	 1.06	324.19	284.73	292.68	265.18	292.86	0	53.04
2013	4	23	1.621	6687.0675	112.0675	22.0675	 1.96	 0.13	207.70	 1.71	 2.44	 1.00	10.77	 1.18	324.33	284.29	292.02	 0.00	 0.00	0	54.00
2013	4	23	2.058	6687.0858	112.0858	22.0858	 1.89	 0.12	205.86	 1.76	 5.31	 0.99	10.77	 1.12	324.19	283.97	291.46	265.07	291.89	0	53.01
2013	4	23	2.497	6687.1040	112.1040	22.1040	 1.83	 0.12	206.76	 1.95	 2.71	 1.00	10.75	 1.11	324.15	283.74	292.02	 0.00	291.62	0	54.00
2013	4	23	3.842	6687.1601	112.1601	22.1601	 2.01	 0.16	208.55	 2.01	 6.31	 1.00	10.77	 1.16	323.27	282.84	291.30	264.96	289.28	0	52.99
2013	4	23	4.721	6687.1967	112.1967	22.1967	 1.68	 0.10	203.40	 1.91	 1.84	 1.00	10.73	 1.01	323.72	282.04	289.82	262.71	288.29	0	52.54
2013	4	23	6.061	6687.2525	112.2525	22.2525	 1.71	 0.10	208.85	 1.85	 7.15	 0.99	10.78	 1.17	324.00	281.07	288.93	262.50	 0.00	0	52.50
2013	4	23	7.819	6687.3258	112.3258	22.3258	 1.76	 0.11	206.49	 1.86	 2.33	 1.00	10.73	 1.13	324.11	279.93	287.89	262.18	285.75	0	52.44
2013	4	23	8.284	6687.3452	112.3452	22.3452	 1.68	 0.07	204.97	 1.43	 0.31	 1.00	10.78	 1.10	324.15	279.78	286.06	262.29	285.60	0	52.46
2013	4	23	10.968	6687.4570	112.4570	22.4570	 1.19	 0.08	194.45	 3.10	11.46	 0.99	10.78	 0.95	323.94	279.54	282.05	264.13	286.74	0	52.83
2013	4	23	11.407	6687.4753	112.4753	22.4753	 1.23	 0.09	199.15	 3.22	 7.93	 1.00	10.73	 1.01	323.81	280.17	284.80	264.91	285.93	0	52.98
2013	4	23	11.846	6687.4936	112.4936	22.4936	 1.37	 0.06	202.78	 1.81	 3.78	 0.99	10.77	 1.17	323.93	281.21	287.24	265.05	 0.00	0	53.01
2013	4	23	12.748	6687.5312	112.5312	22.5312	 1.20	 0.07	194.08	 2.53	 2.10	 1.00	10.78	 1.04	324.14	284.10	286.50	267.82	290.07	0	53.56
2013	4	23	13.186	6687.5494	112.5494	22.5494	 1.16	 0.05	196.34	 2.13	 2.41	 1.00	10.75	 1.08	324.18	285.48	288.54	268.41	291.54	0	53.68
2013	4	23	14.064	6687.5860	112.5860	22.5860	 1.22	 0.07	198.09	 2.69	 3.30	 1.00	10.72	 1.13	324.23	288.72	295.11	270.64	294.24	0	54.13
2013	4	23	15.404	6687.6419	112.6419	22.6419	 1.51	 0.09	200.92	 2.12	 6.44	 0.99	10.75	 1.17	324.23	292.73	300.62	275.15	301.54	0	55.03
2013	4	23	15.846	6687.6602	112.6602	22.6602	 1.21	 0.07	202.86	 2.87	 3.67	 1.00	10.85	 1.09	324.22	293.93	303.67	 0.00	299.92	0	54.00
2013	4	23	16.283	6687.6785	112.6785	22.6785	 1.39	 0.08	204.37	 2.42	 3.51	 1.00	10.73	 1.09	324.16	294.94	306.71	282.51	301.17	0	56.50
2013	4	23	18.063	6687.7526	112.7526	22.7526	 1.52	 0.09	201.42	 2.03	 1.14	 1.00	10.73	 1.01	323.89	298.95	307.63	290.12	304.44	0	58.02
2013	4	23	19.404	6687.8085	112.8085	22.8085	 1.72	 0.09	203.25	 1.58	 1.47	 1.00	10.77	 1.00	322.60	299.31	311.58	288.53	304.03	0	57.71
2013	4	23	21.155	6687.8815	112.8815	22.8815	 1.80	 0.12	207.08	 2.00	 3.16	 1.00	10.72	 1.11	322.17	294.99	307.55	270.48	302.42	0	54.10
2013	4	23	22.934	6687.9556	112.9556	22.9556	 1.72	 0.12	206.50	 2.15	 7.14	 0.99	10.73	 1.09	323.73	288.79	300.02	265.48	295.79	0	53.10
2013	4	24	1.150	6688.0479	113.0479	23.0479	 1.30	 0.08	201.27	 2.49	 8.90	 0.99	10.72	 0.98	323.32	284.33	292.48	265.09	290.88	0	53.02
2013	4	24	7.798	6688.3249	113.3249	23.3249	 1.26	 0.07	203.76	 2.39	 5.90	 0.99	10.75	 1.06	325.10	274.66	280.78	265.00	282.03	0	53.00
2013	4	24	9.140	6688.3808	113.3808	23.3808	 1.17	 0.05	207.88	 2.06	 4.59	 0.99	10.73	 1.19	325.09	276.69	283.68	263.57	281.18	0	52.71
2013	4	24	11.821	6688.4925	113.4925	23.4925	 0.97	 0.07	195.21	 3.76	 5.10	 1.00	10.72	 1.07	325.22	280.43	282.95	265.06	285.34	0	53.01
2013	4	24	14.041	6688.5850	113.5850	23.5850	 1.03	 0.04	192.64	 1.91	 5.52	 0.97	10.73	 1.20	324.64	289.00	296.18	271.53	297.50	0	54.31
2013	4	24	14.916	6688.6215	113.6215	23.6215	 1.00	 0.04	195.81	 2.30	 2.19	 1.00	10.77	 1.16	325.12	291.83	300.70	274.02	298.08	0	54.80
2013	4	24	18.027	6688.7511	113.7511	23.7511	 1.21	 0.08	198.13	 2.98	 3.48	 1.00	10.73	 0.95	323.41	296.90	305.03	287.21	301.65	0	57.44
2013	4	24	19.805	6688.8252	113.8252	23.8252	 1.39	 0.07	198.67	 1.91	 2.32	 1.00	10.77	 1.06	321.52	296.42	306.80	277.79	301.37	0	55.56
2013	4	24	20.242	6688.8434	113.8434	23.8434	 1.47	 0.08	201.24	 2.11	11.61	 0.97	10.75	 1.19	321.34	295.59	308.45	272.68	302.89	0	54.54
2013	4	25	0.237	6689.0099	114.0099	24.0099	 1.48	 0.09	203.39	 2.14	 2.98	 1.00	10.77	 1.05	324.14	284.89	294.31	265.18	291.50	0	53.04
2013	4	25	1.995	6689.0831	114.0831	24.0831	 1.48	 0.07	203.23	 1.83	 2.98	 1.00	10.78	 1.03	324.18	283.20	288.80	265.02	289.63	0	53.00
2013	4	25	2.901	6689.1209	114.1209	24.1209	 1.43	 0.08	205.12	 2.30	 3.60	 1.00	10.75	 1.07	324.35	282.73	290.68	265.01	289.15	0	53.00
2013	4	25	3.340	6689.1392	114.1392	24.1392	 1.58	 0.10	205.99	 2.18	 1.59	 1.00	10.75	 1.10	324.34	282.57	291.09	265.02	288.95	0	53.00
2013	4	25	3.778	6689.1574	114.1574	24.1574	 1.41	 0.05	205.58	 1.37	 2.31	 0.99	10.75	 1.14	324.34	282.38	287.59	265.01	288.75	0	53.00
2013	4	25	4.683	6689.1951	114.1951	24.1951	 1.32	 0.07	202.21	 2.35	 1.57	 1.00	10.75	 1.08	324.42	282.06	289.24	 0.00	286.90	0	54.00
2013	4	25	8.224	6689.3427	114.3427	24.3427	 1.27	 0.07	204.11	 2.56	15.02	 0.97	10.77	 1.15	324.32	281.41	288.49	264.96	 0.00	0	52.99
2013	4	25	8.663	6689.3610	114.3610	24.3610	 1.20	 0.06	203.65	 2.31	 3.56	 1.00	10.82	 1.11	324.20	281.40	288.21	264.96	288.99	0	52.99
2013	4	25	11.811	6689.4921	114.4921	24.4921	 1.06	 0.07	196.89	 3.45	 4.01	 1.00	10.75	 0.99	320.67	277.71	285.27	265.44	282.94	0	53.09
2013	4	25	12.249	6689.5104	114.5104	24.5104	 1.17	 0.05	200.61	 1.90	 5.61	 0.98	10.78	 1.18	325.12	279.23	284.33	265.55	286.00	0	53.11
2013	4	25	12.687	6689.5286	114.5286	24.5286	 1.17	 0.05	199.51	 2.18	10.50	 0.96	10.75	 1.21	325.09	281.01	287.44	266.93	286.82	0	53.39
2013	4	25	13.127	6689.5470	114.5470	24.5470	 1.10	 0.06	197.04	 2.91	 5.14	 1.00	10.75	 1.14	325.07	283.12	289.42	268.22	290.03	0	53.64
2013	4	25	14.029	6689.5845	114.5845	24.5845	 1.08	 0.06	197.07	 2.74	 2.14	 1.00	10.78	 1.16	324.89	287.19	296.03	271.01	290.52	0	54.20
2013	4	25	14.466	6689.6028	114.6028	24.6028	 1.09	 0.06	194.21	 2.55	 1.40	 1.00	10.77	 1.12	325.08	289.10	294.27	272.72	295.05	0	54.54
2013	4	25	14.904	6689.6210	114.6210	24.6210	 0.76	 0.06	204.84	 5.30	 9.24	 1.00	10.75	 1.09	325.28	290.70	295.94	274.96	294.40	0	54.99
2013	4	25	15.344	6689.6393	114.6393	24.6393	 0.87	 0.09	187.08	 5.80	 7.59	 1.00	10.73	 0.86	325.04	292.86	293.95	278.83	299.19	0	55.77
2013	4	25	16.244	6689.6769	114.6769	24.6769	 1.35	 0.08	199.39	 2.52	 2.99	 1.00	10.73	 1.03	323.27	296.05	304.75	287.29	301.68	0	57.46
2013	4	25	17.123	6689.7135	114.7135	24.7135	 1.34	 0.06	204.21	 1.75	11.82	 0.92	10.75	 1.09	324.32	298.42	310.63	284.99	303.78	0	57.00
2013	4	25	18.901	6689.7875	114.7875	24.7875	 0.93	 0.05	194.56	 3.24	 6.91	 0.99	10.73	 0.92	322.51	298.71	309.92	283.71	305.32	0	56.74
2013	4	25	19.776	6689.8240	114.8240	24.8240	 1.10	 0.06	193.02	 2.51	 7.24	 0.99	10.73	 1.00	322.72	297.52	310.38	277.48	306.66	0	55.50
2013	4	25	20.240	6689.8433	114.8433	24.8433	 1.16	 0.06	193.36	 2.27	 1.38	 1.00	10.77	 1.10	322.86	296.44	307.19	273.60	301.72	0	54.72
2013	4	25	20.678	6689.8616	114.8616	24.8616	 0.71	 0.05	190.78	 5.45	16.98	 0.98	10.73	 0.87	322.67	295.28	307.94	269.42	304.05	0	53.88
2013	4	25	21.997	6689.9166	114.9166	24.9166	 1.23	 0.06	199.05	 2.24	 6.12	 0.99	10.77	 1.28	322.64	289.99	298.50	265.33	297.27	0	53.07
2013	4	25	22.461	6689.9359	114.9359	24.9359	 1.04	 0.07	186.95	 3.29	 1.91	 1.00	10.77	 1.01	322.84	288.38	296.04	265.52	296.61	0	53.10
2013	4	25	23.778	6689.9908	114.9908	24.9908	 0.84	 0.06	192.88	 4.26	 1.81	 1.00	10.73	 0.99	323.34	285.08	292.61	265.21	292.86	0	53.04
2013	4	26	0.217	6690.0090	115.0090	25.0090	 0.95	 0.05	192.10	 2.63	 7.23	 0.98	10.73	 1.08	323.68	284.28	290.90	265.19	289.41	0	53.04
2013	4	26	1.556	6690.0648	115.0648	25.0648	 0.85	 0.04	189.11	 3.02	 5.80	 0.99	10.73	 1.04	322.18	282.93	288.64	264.98	289.50	0	53.00
2013	4	26	1.993	6690.0830	115.0830	25.0830	 0.97	 0.05	192.40	 2.80	 3.12	 1.00	10.75	 1.19	324.34	282.58	290.75	264.96	 0.00	0	52.99
2013	4	26	3.336	6690.1390	115.1390	25.1390	 0.83	 0.05	187.87	 3.69	 2.90	 1.00	10.77	 1.07	324.37	281.98	288.86	264.98	288.48	0	53.00
2013	4	26	3.777	6690.1574	115.1574	25.1574	 0.91	 0.04	189.85	 2.22	15.33	 0.80	10.73	 1.16	323.61	281.59	289.01	264.67	286.71	0	52.93
2013	4	26	4.217	6690.1757	115.1757	25.1757	 0.70	 0.06	189.13	 6.18	 2.21	 1.00	10.73	 1.02	323.20	281.16	288.06	264.12	287.45	0	52.82
2013	4	26	5.564	6690.2318	115.2318	25.2318	 0.80	 0.05	190.91	 3.73	 3.13	 1.00	10.83	 1.10	322.95	280.18	288.88	 0.00	286.52	0	54.00
2013	4	26	6.005	6690.2502	115.2502	25.2502	 0.98	 0.06	185.06	 3.05	 9.41	 0.99	10.90	 1.22	322.60	279.89	288.65	263.67	287.68	0	52.73
2013	4	26	7.347	6690.3061	115.3061	25.3061	 0.82	 0.04	182.29	 3.13	10.58	 0.96	10.78	 1.09	322.60	279.38	284.90	263.73	285.73	0	52.75
2013	4	26	11.333	6690.4722	115.4722	25.4722	 0.93	 0.07	192.99	 4.28	 5.55	 1.00	10.78	 1.12	322.05	278.65	286.29	 0.00	284.41	0	54.00
2013	4	26	11.821	6690.4925	115.4925	25.4925	 0.92	 0.05	186.86	 3.28	 5.89	 1.00	10.77	 1.09	321.73	279.46	283.27	264.78	285.09	0	52.96
2013	4	26	13.139	6690.5475	115.5475	25.5475	 0.88	 0.05	193.24	 3.09	 1.69	 1.00	10.73	 1.13	321.92	283.25	289.66	265.82	289.29	0	53.16
2013	4	26	14.479	6690.6033	115.6033	25.6033	 0.78	 0.06	190.23	 4.76	13.83	 0.98	10.75	 1.01	321.85	287.44	293.27	265.94	293.64	0	53.19
2013	4	26	14.919	6690.6216	115.6216	25.6216	 0.82	 0.05	193.35	 3.70	 3.93	 1.00	10.73	 1.03	321.43	288.40	297.19	266.76	297.06	0	53.35
2013	4	26	15.358	6690.6399	115.6399	25.6399	 1.05	 0.06	193.10	 2.69	 5.88	 0.99	10.73	 1.19	321.17	289.87	299.08	270.26	298.39	0	54.05
2013	4	26	16.258	6690.6774	115.6774	25.6774	 0.90	 0.05	197.39	 3.40	 4.53	 1.00	10.78	 1.03	322.11	291.91	300.45	 0.00	300.48	0	54.00
2013	4	26	16.694	6690.6956	115.6956	25.6956	 1.05	 0.07	189.32	 3.05	 2.88	 1.00	10.75	 1.04	322.13	293.14	301.35	277.68	299.13	0	55.54
2013	4	26	18.475	6690.7698	115.7698	25.7698	 1.27	 0.12	194.27	 4.02	 5.98	 1.00	10.78	 1.17	323.45	295.30	304.00	276.14	301.44	0	55.23
2013	4	26	22.007	6690.9170	115.9170	25.9170	 1.23	 0.10	190.99	 3.57	 2.71	 1.00	10.73	 1.09	323.49	287.15	297.04	265.83	293.76	0	53.17
2013	4	26	22.447	6690.9353	115.9353	25.9353	 1.30	 0.06	194.27	 1.87	 6.49	 0.98	10.83	 1.17	323.44	285.76	294.85	264.50	291.07	0	52.90
2013	4	26	22.911	6690.9546	115.9546	25.9546	 1.13	 0.06	196.39	 2.45	 7.41	 0.99	10.78	 1.02	323.50	284.61	295.29	263.50	291.07	0	52.70
2013	4	27	0.226	6691.0094	116.0094	26.0094	 1.02	 0.05	196.63	 2.49	 9.98	 0.97	10.73	 1.09	323.17	281.86	290.51	262.30	288.26	0	52.46
2013	4	27	3.354	6691.1397	116.1397	26.1397	 0.80	 0.07	191.57	 5.49	 9.67	 1.00	10.77	 1.09	323.03	278.40	286.06	 0.00	284.54	0	54.00
2013	4	27	5.112	6691.2130	116.2130	26.2130	 0.91	 0.08	186.69	 4.85	 5.64	 1.00	10.75	 1.12	322.54	277.60	282.83	261.36	285.28	0	52.27
2013	4	27	6.458	6691.2691	116.2691	26.2691	 0.89	 0.05	187.98	 3.34	 4.79	 1.00	10.78	 1.18	322.79	277.23	283.43	261.20	283.36	0	52.24
2013	4	27	6.898	6691.2874	116.2874	26.2874	 0.79	 0.05	185.57	 3.60	 4.94	 1.00	10.73	 1.11	322.66	277.15	282.17	261.04	284.65	0	52.21
2013	4	27	7.341	6691.3059	116.3059	26.3059	 0.77	 0.05	186.92	 4.26	 5.29	 1.00	10.75	 1.11	322.91	277.09	284.05	261.03	283.21	0	52.21
2013	4	27	12.270	6691.5112	116.5113	26.5113	 0.69	 0.06	187.16	 5.53	 3.70	 1.00	10.78	 1.07	321.45	278.74	283.47	265.59	284.14	0	53.12
2013	4	27	15.356	6691.6398	116.6398	26.6398	 0.63	 0.05	190.04	 5.61	 8.61	 0.99	10.73	 1.08	324.73	286.84	294.76	270.02	292.20	0	54.00
2013	4	27	16.698	6691.6958	116.6958	26.6958	 0.89	 0.09	185.49	 5.49	15.86	 0.99	10.77	 1.18	324.84	291.29	298.36	275.47	297.03	0	55.09
2013	4	27	17.137	6691.7141	116.7141	26.7141	 0.70	 0.07	178.84	 6.96	 5.76	 1.00	10.73	 1.00	324.73	292.58	300.50	276.09	300.78	0	55.22
2013	4	27	17.576	6691.7323	116.7323	26.7323	 0.57	 0.08	185.24	11.52	17.80	 1.00	10.75	 0.97	323.77	293.41	298.58	275.74	299.01	0	55.15
2013	4	27	18.014	6691.7506	116.7506	26.7506	 0.52	 0.08	185.25	13.12	57.61	 0.94	10.87	 0.88	323.50	293.91	301.56	275.81	301.83	0	55.16
2013	4	27	18.918	6691.7883	116.7883	26.7883	 0.92	 0.12	183.68	 6.95	 7.53	 1.00	10.77	 1.15	323.87	294.03	302.18	274.43	300.08	0	54.89
2013	4	27	22.008	6691.9170	116.9170	26.9170	 0.95	 0.31	204.35	19.03	230.24	 0.99	10.75	 1.11	324.03	286.41	298.74	265.41	292.95	0	53.08
2013	4	27	22.886	6691.9536	116.9536	26.9536	 1.05	 0.08	192.95	 3.67	 5.86	 1.00	10.78	 1.09	324.13	284.14	292.05	263.56	290.81	0	52.71
2013	4	28	0.228	6692.0095	117.0095	27.0095	 0.76	 0.05	186.44	 4.55	 1.47	 1.00	10.78	 1.04	324.15	281.39	287.84	263.72	286.16	0	52.74
2013	4	28	1.569	6692.0654	117.0654	27.0654	 0.87	 0.05	183.72	 3.09	 6.02	 0.99	10.77	 1.13	324.25	280.29	286.53	262.88	285.09	0	52.58
2013	4	28	2.446	6692.1019	117.1019	27.1019	 0.79	 0.04	187.56	 3.22	 4.53	 0.99	10.77	 1.10	324.23	279.73	285.51	262.82	285.89	0	52.56
2013	4	28	2.888	6692.1203	117.1203	27.1203	 0.84	 0.05	186.69	 3.69	 1.62	 1.00	10.80	 1.12	324.28	279.50	287.89	262.77	284.27	0	52.55
2013	4	28	4.229	6692.1762	117.1762	27.1762	 0.70	 0.06	189.58	 6.17	 4.78	 1.00	10.72	 1.04	324.29	279.35	284.94	264.35	286.94	0	52.87
2013	4	28	6.011	6692.2505	117.2505	27.2505	 0.70	 0.04	183.45	 4.01	 5.90	 0.99	10.75	 1.02	324.35	279.31	286.35	 0.00	285.59	0	54.00
2013	4	28	6.888	6692.2870	117.2870	27.2870	 0.86	 0.05	181.64	 3.27	 7.12	 0.99	10.73	 1.16	324.28	279.10	286.69	263.29	285.29	0	52.66
2013	4	28	7.325	6692.3052	117.3052	27.3052	 0.74	 0.06	188.28	 5.62	 9.07	 1.00	10.73	 1.11	324.32	279.02	287.11	263.41	283.80	0	52.68
2013	4	28	8.667	6692.3611	117.3611	27.3611	 0.81	 0.05	185.36	 3.98	 8.42	 0.99	10.72	 1.14	324.48	278.89	287.24	263.60	285.03	0	52.72
2013	4	28	9.987	6692.4161	117.4161	27.4161	 0.79	 0.05	182.81	 3.90	 4.59	 1.00	10.72	 1.12	324.50	278.81	286.26	263.83	284.89	0	52.77
2013	4	28	10.889	6692.4537	117.4537	27.4537	 0.75	 0.04	181.15	 3.75	 1.80	 1.00	10.75	 1.17	324.39	278.84	284.65	264.62	284.84	0	52.92
2013	4	28	11.328	6692.4720	117.4720	27.4720	 0.78	 0.04	184.15	 3.39	 7.08	 0.98	10.75	 1.23	324.47	279.36	284.65	264.93	285.19	0	52.99
2013	4	28	11.767	6692.4903	117.4903	27.4903	 0.75	 0.05	179.96	 4.19	 3.26	 1.00	10.73	 1.12	324.58	280.25	287.64	265.26	285.87	0	53.05
2013	4	28	14.008	6692.5837	117.5837	27.5837	 0.72	 0.06	182.72	 5.11	 8.48	 0.99	10.72	 1.08	324.83	287.05	294.47	265.83	292.93	0	53.17
2013	4	28	14.908	6692.6212	117.6212	27.6212	 0.63	 0.06	182.09	 6.99	12.04	 0.99	10.77	 0.98	322.12	289.34	295.44	268.36	295.05	0	53.67
2013	4	28	18.430	6692.7679	117.7679	27.7679	 0.71	 0.06	189.56	 5.50	 8.41	 1.00	10.72	 1.14	324.19	293.47	300.79	278.75	299.09	0	55.75
2013	4	28	19.330	6692.8054	117.8054	27.8054	 0.51	 0.05	200.30	 8.30	44.21	 0.80	10.77	 0.92	324.64	293.71	301.81	276.16	300.06	0	55.23
2013	4	28	23.299	6692.9708	117.9708	27.9708	 1.01	 0.05	192.87	 2.80	 1.75	 1.00	10.75	 1.28	324.62	283.01	294.99	262.60	289.37	0	52.52
2013	4	28	23.761	6692.9901	117.9901	27.9901	 0.66	 0.04	192.08	 4.69	 5.59	 0.99	10.77	 1.05	324.81	282.13	288.01	262.32	287.05	0	52.46
2013	4	29	1.979	6693.0825	118.0825	28.0825	 0.69	 0.05	185.63	 5.09	 4.91	 1.00	10.77	 1.12	324.82	279.99	287.43	263.90	286.31	0	52.78
2013	4	29	3.296	6693.1373	118.1373	28.1373	 0.62	 0.04	181.67	 4.68	 2.97	 1.00	10.77	 1.09	324.67	279.41	285.79	263.03	285.62	0	52.61
2013	4	29	4.195	6693.1748	118.1748	28.1748	 0.65	 0.05	178.70	 5.07	 1.69	 1.00	10.75	 1.09	324.71	279.08	283.59	263.08	285.31	0	52.62
2013	4	29	4.632	6693.1930	118.1930	28.1930	 0.74	 0.04	179.08	 3.15	 7.17	 0.97	10.72	 1.21	324.69	278.98	287.54	263.32	286.58	0	52.66
2013	4	29	5.070	6693.2113	118.2113	28.2113	 0.66	 0.05	174.21	 5.37	 4.48	 1.00	10.78	 1.13	324.68	278.92	286.31	263.53	286.51	0	52.71
2013	4	29	5.509	6693.2295	118.2295	28.2295	 0.72	 0.05	176.90	 4.57	14.03	 0.97	10.77	 1.20	324.70	278.86	285.99	263.39	285.09	0	52.68
2013	4	29	5.947	6693.2478	118.2478	28.2478	 0.56	 0.06	173.60	 8.04	 1.30	 1.00	10.73	 1.05	324.69	278.80	285.34	263.75	286.36	0	52.75
2013	4	29	7.726	6693.3219	118.3219	28.3219	 0.58	 0.05	171.77	 6.32	 6.75	 0.99	10.73	 1.06	324.66	278.82	285.15	264.59	286.36	0	52.92
2013	4	29	8.167	6693.3403	118.3403	28.3403	 0.73	 0.05	165.99	 4.38	 7.68	 0.99	10.75	 1.14	324.64	278.86	285.63	264.93	285.06	0	52.99
2013	4	29	8.629	6693.3596	118.3596	28.3596	 0.72	 0.05	167.23	 3.93	 3.60	 1.00	10.80	 1.08	324.73	278.91	287.01	264.96	285.16	0	52.99
2013	4	29	10.383	6693.4326	118.4326	28.4326	 0.64	 0.05	175.32	 5.19	 5.54	 1.00	10.73	 1.06	324.62	278.88	284.67	264.06	283.62	0	52.81
2013	4	29	11.286	6693.4703	118.4703	28.4703	 0.72	 0.04	178.94	 3.97	 4.18	 1.00	10.78	 1.17	324.65	279.40	286.24	265.01	285.25	0	53.00
2013	4	29	12.163	6693.5068	118.5068	28.5068	 0.75	 0.06	175.72	 4.78	 5.48	 1.00	10.77	 1.20	324.81	281.44	288.22	265.55	287.31	0	53.11
2013	4	29	12.601	6693.5250	118.5250	28.5250	 0.66	 0.05	180.02	 5.30	 2.34	 1.00	10.75	 1.20	324.85	282.79	288.15	265.76	290.86	0	53.15
2013	4	29	13.098	6693.5457	118.5457	28.5457	 0.60	 0.05	177.85	 6.06	 1.02	 1.00	10.77	 1.07	324.99	284.29	290.67	265.93	290.37	0	53.19
2013	4	29	13.973	6693.5822	118.5822	28.5822	 0.48	 0.05	182.00	 8.46	19.01	 0.94	10.78	 0.99	325.10	287.25	292.40	265.94	290.97	0	53.19
2013	4	29	17.967	6693.7486	118.7486	28.7486	 0.82	 0.07	185.18	 5.28	11.21	 1.00	10.73	 1.05	324.23	296.58	305.09	280.06	302.42	0	56.01
2013	4	29	18.405	6693.7669	118.7669	28.7669	 0.79	 0.07	182.73	 5.31	 4.31	 1.00	10.82	 0.97	325.19	296.71	308.10	 0.00	302.69	0	54.00
2013	4	29	19.747	6693.8228	118.8228	28.8228	 0.88	 0.11	185.99	 6.96	 5.26	 1.00	10.80	 1.01	325.50	295.35	307.07	273.35	304.19	0	54.67
2013	4	29	20.186	6693.8411	118.8411	28.8411	 0.74	 0.08	186.44	 6.94	 5.68	 1.00	10.73	 0.94	325.67	294.48	300.68	268.34	303.26	0	53.67
2013	4	29	20.625	6693.8594	118.8594	28.8594	 0.88	 0.09	187.62	 5.80	 8.99	 1.00	10.83	 1.02	325.80	293.22	304.66	265.82	300.63	0	53.16
2013	4	29	21.504	6693.8960	118.8960	28.8960	 1.20	 0.23	207.44	 9.14	84.98	 0.99	10.80	 1.36	325.62	289.71	305.33	265.93	296.47	0	53.19
2013	4	30	0.618	6694.0257	119.0257	29.0257	 1.27	 0.10	198.64	 3.41	 3.66	 1.00	10.82	 1.10	320.83	278.12	287.25	265.05	283.48	0	53.01
2013	4	30	1.932	6694.0805	119.0805	29.0805	 1.19	 0.06	197.31	 2.22	 2.82	 1.00	10.75	 1.10	324.94	279.09	284.67	265.05	285.34	0	53.01
2013	4	30	3.276	6694.1365	119.1365	29.1365	 1.34	 0.07	203.55	 2.10	 6.60	 0.99	10.78	 1.15	324.91	279.64	288.60	265.07	285.97	0	53.01
2013	4	30	3.716	6694.1548	119.1548	29.1548	 1.50	 0.08	200.23	 1.84	 8.57	 0.98	10.75	 1.14	324.87	279.75	287.14	 0.00	286.02	0	54.00
2013	4	30	4.619	6694.1924	119.1924	29.1924	 1.38	 0.12	198.44	 3.45	 8.22	 1.00	10.77	 1.06	324.93	279.85	286.13	265.06	286.15	0	53.01
2013	4	30	5.059	6694.2108	119.2108	29.2108	 1.39	 0.09	197.90	 2.39	 7.31	 0.99	10.75	 1.12	324.84	279.86	285.68	265.05	287.52	0	53.01
2013	4	30	5.496	6694.2290	119.2290	29.2290	 1.40	 0.08	203.09	 2.15	 3.79	 1.00	10.73	 1.23	324.84	279.83	288.75	264.67	286.07	0	52.93
2013	4	30	5.937	6694.2474	119.2474	29.2474	 1.38	 0.08	195.67	 2.31	 9.13	 0.99	10.75	 1.13	324.88	279.78	286.78	264.53	284.58	0	52.91
2013	4	30	7.279	6694.3033	119.3033	29.3033	 1.46	 0.08	204.83	 2.15	 3.41	 1.00	10.73	 1.22	324.87	279.64	287.82	264.06	285.76	0	52.81
2013	4	30	7.719	6694.3216	119.3216	29.3216	 1.40	 0.09	198.23	 2.41	 9.90	 0.99	10.83	 1.14	324.86	279.60	285.65	263.93	285.70	0	52.79
2013	4	30	9.057	6694.3774	119.3774	29.3774	 1.17	 0.07	194.88	 2.84	 3.36	 1.00	10.77	 1.02	324.88	279.40	283.52	263.68	285.49	0	52.74
2013	4	30	9.497	6694.3957	119.3957	29.3957	 1.30	 0.07	198.43	 2.22	 3.94	 1.00	10.85	 1.17	324.84	279.37	285.10	263.79	285.38	0	52.76
2013	4	30	11.719	6694.4883	119.4883	29.4883	 0.98	 0.06	193.29	 3.14	 9.54	 0.99	10.77	 1.06	324.93	280.12	284.24	 0.00	285.79	0	54.00
2013	4	30	12.156	6694.5065	119.5065	29.5065	 0.97	 0.06	193.73	 3.56	 5.94	 1.00	10.75	 1.09	325.04	281.09	285.51	265.67	288.60	0	53.13
2013	4	30	12.596	6694.5248	119.5248	29.5248	 1.10	 0.06	192.63	 2.66	 3.45	 1.00	10.83	 1.09	325.06	282.20	288.33	265.96	289.84	0	53.19
2013	4	30	14.847	6694.6186	119.6186	29.6186	 1.29	 0.13	193.54	 4.21	 3.69	 1.00	10.73	 1.03	325.40	288.23	294.49	266.07	294.12	0	53.21
2013	4	30	15.286	6694.6369	119.6369	29.6369	 1.28	 0.10	199.69	 3.30	 4.79	 1.00	10.73	 1.17	325.56	289.85	295.63	269.41	295.34	0	53.88
2013	4	30	18.405	6694.7669	119.7669	29.7669	 1.49	 0.07	205.63	 1.86	 3.95	 1.00	10.75	 1.16	325.20	296.04	305.95	279.60	301.92	0	55.92
2013	4	30	19.721	6694.8217	119.8217	29.8217	 1.62	 0.09	207.84	 1.92	16.96	 0.93	10.75	 1.21	325.15	294.97	307.83	272.85	301.39	0	54.57
2013	4	30	22.835	6694.9515	119.9515	29.9515	 1.65	 0.09	202.89	 1.75	 4.88	 0.99	10.73	 1.09	321.06	281.55	287.92	263.96	286.65	0	52.79
2013	4	30	23.273	6694.9697	119.9697	29.9697	 1.69	 0.11	203.23	 2.13	 2.08	 1.00	10.73	 1.13	324.94	281.17	286.86	263.31	288.10	0	52.66
