2012	2	1	0.454	6240.0190	31.0189	0.0189	 3.60	 0.70	207.84	 1.56	 1.31	 1.00	10.73	 1.19	322.98	286.23	293.99	 0.00	294.29	0	54.00
2012	2	1	0.896	6240.0371	31.0373	0.0373	 4.59	 1.94	207.77	 1.56	 5.57	 1.00	10.85	 1.19	323.07	285.89	293.87	 0.00	293.97	0	54.00
2012	2	1	1.800	6240.0752	31.0750	0.0750	 3.08	 0.43	206.16	 1.64	 4.15	 1.00	10.87	 1.01	323.23	284.84	290.89	265.46	 0.00	0	53.09
2012	2	1	2.241	6240.0933	31.0934	0.0934	 4.29	 1.17	210.47	 1.31	 4.01	 0.99	10.87	 1.21	323.22	284.44	293.39	 0.00	292.42	0	54.00
2012	2	1	2.683	6240.1118	31.1118	0.1118	 3.26	 0.52	207.23	 1.64	 8.07	 0.99	10.85	 1.07	323.40	284.14	290.97	265.33	 0.00	0	53.07
2012	2	1	3.596	6240.1499	31.1498	0.1498	 5.40	 7.00	191.01	 2.29	13.62	 0.99	10.75	 0.99	323.30	283.63	278.84	265.30	290.22	0	53.06
2012	2	1	4.040	6240.1685	31.1683	0.1683	 4.76	 2.25	207.21	 1.53	 2.51	 1.00	10.87	 1.10	323.25	283.44	291.08	265.33	290.05	0	53.07
2012	2	1	6.284	6240.2617	31.2618	0.2618	 3.53	 0.65	212.55	 1.59	 0.49	 1.00	10.87	 1.29	323.36	282.97	291.48	 0.00	291.01	0	54.00
2012	2	1	6.726	6240.2803	31.2802	0.2802	 3.42	 0.45	206.21	 1.19	 1.51	 1.00	10.73	 1.13	323.38	282.94	289.56	265.32	289.55	0	53.06
2012	2	1	7.168	6240.2988	31.2987	0.2987	 3.67	 0.58	211.76	 1.21	 2.78	 1.00	10.77	 1.28	323.55	282.87	290.52	265.29	 0.00	0	53.06
# Unit 3, Cerro Chajnantor CCAT, Filter  0,  Slot 1, 350 um (616) & yellow
#				days
#				since		day of	day of
# yr	mo	dy	 time	1/1/1995	year	month	Tau	unc	Tatm	unc	mse	fitgood	Etime	R	Thot	Twarm	Tchop	Tamb	<Tint>	Filter	Toff
# 1	2	3	4	5		6	7	8	9	10	11	12	13	14	15	16	17	18	19	20	21	22
2012	2	1	9.437	6240.3931	31.3932	0.3932	 3.46	 0.54	207.48	 1.39	 2.76	 1.00	10.77	 1.15	323.71	282.71	288.82	 0.00	287.78	0	54.00
2012	2	1	10.343	6240.4312	31.4310	0.4310	 3.59	 0.84	206.03	 1.87	 1.53	 1.00	10.80	 1.11	324.02	282.79	287.88	265.23	289.14	0	53.05
2012	2	1	11.229	6240.4678	31.4679	0.4679	 2.96	 0.75	206.80	 3.24	34.40	 0.99	10.73	 1.09	323.94	283.58	288.85	 0.00	289.82	0	54.00
2012	2	1	12.113	6240.5049	31.5047	0.5047	 2.92	 0.36	203.93	 1.62	 0.76	 1.00	10.85	 1.15	323.62	285.74	289.53	272.06	 0.00	0	54.41
2012	2	1	13.466	6240.5610	31.5611	0.5611	 2.64	 0.67	196.83	 3.89	42.17	 0.99	10.80	 1.09	323.66	290.58	285.79	280.13	295.73	0	56.03
2012	2	1	13.905	6240.5796	31.5794	0.5794	 3.58	 0.67	212.47	 1.56	 4.57	 1.00	10.72	 1.28	323.69	292.10	301.36	280.04	297.53	0	56.01
2012	2	1	14.346	6240.5977	31.5977	0.5977	 3.05	 0.34	206.98	 1.33	 3.85	 0.99	10.85	 1.11	323.41	293.44	303.69	280.14	301.25	0	56.03
2012	2	1	14.810	6240.6172	31.6171	0.6171	 3.42	 0.68	206.78	 1.81	 5.60	 1.00	10.82	 1.08	321.18	295.20	305.52	282.23	304.86	0	56.45
2012	2	1	20.122	6240.8384	31.8384	0.8384	17.43	1637910.02	203.20	 3.38	32.77	 0.99	10.73	 1.03	323.74	291.91	301.74	272.17	299.17	0	54.43
2012	2	1	21.476	6240.8950	31.8948	0.8948	 3.65	 1.72	205.07	 3.57	29.06	 0.99	10.77	 1.23	323.67	290.69	297.63	269.91	298.38	0	53.98
2012	2	1	23.718	6240.9883	31.9882	0.9882	 4.44	 6.32	217.95	 6.23	211.07	 0.97	10.73	 1.28	323.42	286.88	294.63	 0.00	296.16	0	54.00
2012	2	2	0.157	6241.0063	32.0066	1.0066	 3.68	 1.01	204.89	 2.04	 2.05	 1.00	10.83	 1.15	323.56	286.30	293.57	265.55	292.89	0	53.11
2012	2	2	1.047	6241.0435	32.0436	1.0436	 2.48	 0.22	209.83	 1.63	 3.53	 1.00	10.72	 1.18	323.94	285.34	293.42	265.65	 0.00	0	53.13
2012	2	2	2.402	6241.1001	32.1001	1.1001	 2.72	 0.30	206.84	 1.66	 1.74	 1.00	10.73	 1.18	323.91	284.00	289.90	265.37	291.96	0	53.07
2012	2	2	2.844	6241.1187	32.1185	1.1185	 2.39	 0.26	206.45	 2.07	 3.30	 1.00	10.77	 1.06	323.62	283.66	290.53	265.34	288.81	0	53.07
2012	2	2	4.198	6241.1748	32.1749	1.1749	 2.01	 0.12	202.59	 1.46	 1.66	 1.00	10.85	 1.16	324.10	282.85	290.11	 0.00	289.37	0	54.00
2012	2	2	5.087	6241.2119	32.2119	1.2119	 1.52	 0.08	199.66	 1.95	 7.06	 0.99	10.87	 1.27	323.88	282.48	289.61	265.12	290.50	0	53.02
2012	2	2	5.530	6241.2305	32.2304	1.2304	 1.25	 0.07	197.24	 2.31	 1.69	 1.00	10.88	 1.13	324.24	282.35	288.96	265.15	290.37	0	53.03
2012	2	2	5.977	6241.2490	32.2491	1.2491	 1.25	 0.07	199.33	 2.31	 2.98	 1.00	10.92	 1.23	324.38	282.25	289.58	265.09	290.16	0	53.02
2012	2	2	6.448	6241.2686	32.2687	1.2687	 1.07	 0.04	197.75	 1.86	 2.25	 1.00	10.77	 1.11	324.76	282.11	289.60	 0.00	 0.00	0	54.00
2012	2	2	6.892	6241.2871	32.2872	1.2872	 1.17	 0.09	207.94	 3.55	22.54	 0.98	10.95	 1.26	324.32	281.89	290.34	264.36	287.02	0	52.87
2012	2	2	7.338	6241.3057	32.3057	1.3057	 1.37	 0.07	198.49	 1.97	 2.81	 1.00	10.90	 1.29	323.20	281.50	290.41	263.11	286.58	0	52.62
2012	2	2	7.780	6241.3242	32.3242	1.3242	 1.47	 0.26	196.35	 6.50	59.08	 0.99	10.83	 1.20	322.96	281.13	289.69	 0.00	 0.00	0	54.00
2012	2	2	8.222	6241.3428	32.3426	1.3426	 1.28	 0.05	198.18	 1.80	 4.88	 0.99	10.82	 1.24	322.57	280.85	287.75	263.10	 0.00	0	52.62
2012	2	2	8.714	6241.3633	32.3631	1.3631	 1.30	 0.06	195.81	 1.79	 2.51	 1.00	10.98	 1.17	322.85	280.56	287.08	263.14	285.56	0	52.63
2012	2	2	9.159	6241.3818	32.3816	1.3816	 1.32	 0.09	192.15	 2.78	 7.76	 1.00	10.83	 1.25	323.02	280.44	287.01	 0.00	288.13	0	54.00
2012	2	2	9.604	6241.4004	32.4002	1.4002	 1.17	 0.05	200.66	 1.86	10.24	 0.93	10.82	 1.25	323.18	280.38	288.18	263.73	 0.00	0	52.75
2012	2	2	13.216	6241.5508	32.5506	1.5506	 1.77	 0.10	207.40	 1.77	23.22	 0.85	10.75	 1.23	323.80	288.78	295.50	277.68	299.39	0	55.54
2012	2	2	14.094	6241.5874	32.5872	1.5872	 2.01	 0.17	207.30	 2.21	 1.89	 1.00	10.73	 1.13	324.03	292.10	302.15	276.76	299.47	0	55.35
2012	2	2	14.531	6241.6055	32.6055	1.6055	 2.26	 0.18	208.74	 1.70	 3.18	 1.00	10.72	 1.13	324.23	293.78	304.07	278.59	301.82	0	55.72
2012	2	2	17.188	6241.7163	32.7162	1.7162	 2.66	 0.26	205.06	 1.56	 1.50	 1.00	10.70	 1.08	319.51	299.13	311.81	280.89	306.01	0	56.18
2012	2	2	22.091	6241.9204	32.9205	1.9205	 3.08	 0.41	210.37	 1.58	 6.03	 0.99	10.83	 1.24	323.11	293.02	304.32	 0.00	 0.00	0	54.00
2012	2	2	23.867	6241.9946	32.9945	1.9945	 3.45	 0.57	211.93	 1.51	 2.82	 1.00	10.82	 1.22	321.99	287.68	297.97	265.77	293.42	0	53.15
2012	2	3	0.343	6242.0142	33.0143	2.0143	 3.13	 0.53	210.00	 1.96	 4.45	 1.00	10.75	 1.08	321.62	286.71	294.63	265.61	294.61	0	53.12
2012	2	3	0.784	6242.0327	33.0327	2.0327	 4.24	 1.05	210.84	 1.23	 1.47	 1.00	10.80	 1.20	321.55	286.05	293.98	265.33	292.79	0	53.07
2012	2	3	2.118	6242.0884	33.0883	2.0883	 3.30	 0.41	213.90	 1.27	 1.65	 1.00	10.80	 1.21	321.47	285.09	294.30	267.39	 0.00	0	53.48
2012	2	3	2.586	6242.1079	33.1077	2.1077	 3.30	 0.36	216.53	 1.15	 2.89	 0.99	10.83	 1.26	321.77	284.90	294.81	267.69	291.83	0	53.54
2012	2	3	3.028	6242.1260	33.1262	2.1262	 2.76	 0.30	208.81	 1.62	 3.07	 1.00	10.88	 1.11	321.82	284.67	290.60	265.29	291.51	0	53.06
2012	2	3	3.478	6242.1450	33.1449	2.1449	 3.76	 0.56	212.57	 1.08	 2.04	 1.00	10.77	 1.19	321.44	284.47	292.66	 0.00	289.81	0	54.00
2012	2	3	4.363	6242.1816	33.1818	2.1818	 3.76	 0.63	210.50	 1.19	 5.80	 0.98	10.83	 1.15	321.55	284.03	292.41	265.26	290.79	0	53.05
2012	2	3	4.833	6242.2012	33.2014	2.2014	 4.26	 0.90	210.32	 1.03	 1.02	 1.00	10.80	 1.12	321.64	283.85	291.74	265.26	 0.00	0	53.05
2012	2	3	5.716	6242.2383	33.2382	2.2382	 3.86	 1.02	208.70	 1.74	 7.08	 0.99	10.78	 1.05	321.51	284.09	289.90	265.96	290.67	0	53.19
2012	2	3	6.161	6242.2568	33.2567	2.2567	 3.75	 0.69	209.47	 1.33	 4.62	 0.99	10.82	 1.09	321.80	284.13	290.69	265.21	292.15	0	53.04
2012	2	3	6.604	6242.2754	33.2752	2.2752	 3.74	 0.88	207.96	 1.71	 0.89	 1.00	10.72	 1.10	321.87	283.91	289.37	 0.00	 0.00	0	54.00
2012	2	3	7.961	6242.3315	33.3317	2.3317	 3.35	 0.44	209.25	 1.29	 3.55	 1.00	10.73	 1.17	321.96	283.17	290.24	265.32	291.14	0	53.06
2012	2	3	15.114	6242.6299	33.6297	2.6297	 3.89	 0.76	216.35	 1.29	 1.18	 1.00	10.77	 1.23	322.90	295.41	304.24	 0.00	305.63	0	54.00
2012	2	3	16.452	6242.6855	33.6855	2.6855	 3.46	 0.59	209.36	 1.51	 0.76	 1.00	10.73	 1.08	318.92	297.19	306.83	282.05	304.03	0	56.41
2012	2	3	16.889	6242.7036	33.7037	2.7037	16.75	360047.73	203.65	 1.47	 6.73	 0.99	10.73	 0.98	317.38	298.45	306.14	285.96	304.86	0	57.19
2012	2	3	17.326	6242.7217	33.7219	2.7219	 3.78	 0.57	213.25	 1.08	 1.01	 1.00	10.73	 1.09	317.23	298.67	309.95	280.46	 0.00	0	56.09
2012	2	3	18.666	6242.7778	33.7777	2.7777	 4.05	 1.19	204.79	 1.64	 1.03	 1.00	10.72	 1.01	317.03	298.84	310.93	284.14	308.58	0	56.83
2012	2	3	19.104	6242.7959	33.7960	2.7960	 2.90	 0.69	197.32	 3.05	21.21	 0.99	10.77	 0.93	317.25	298.75	307.73	282.23	306.57	0	56.45
2012	2	3	23.558	6242.9814	33.9816	2.9816	 4.62	 1.79	211.29	 1.43	 2.74	 1.00	10.82	 1.17	322.36	289.34	300.75	265.76	 0.00	0	53.15
2012	2	4	0.909	6243.0381	34.0379	3.0379	 5.29	 2.85	212.68	 1.16	 0.71	 1.00	10.75	 1.21	319.64	287.35	295.64	266.86	 0.00	0	53.37
2012	2	4	3.571	6243.1489	34.1488	3.1488	16.68	303703.26	209.23	 1.37	 2.09	 1.00	10.83	 1.06	321.53	282.38	289.84	266.99	287.54	0	53.40
2012	2	4	4.016	6243.1675	34.1674	3.1673	29.96	192084822640.12	208.88	 1.47	11.50	 0.97	10.83	 1.12	322.24	282.80	287.52	266.64	 0.00	0	53.33
2012	2	4	5.378	6243.2241	34.2241	3.2241	 3.65	 0.60	210.41	 1.29	 1.18	 1.00	10.83	 1.18	322.33	283.27	289.01	266.48	290.08	0	53.30
2012	2	4	5.819	6243.2427	34.2425	3.2425	 4.88	 2.32	209.73	 1.41	 2.95	 1.00	10.77	 1.16	322.25	283.27	290.41	265.37	291.60	0	53.07
2012	2	4	6.265	6243.2612	34.2610	3.2610	 3.66	 0.73	211.49	 1.56	 1.27	 1.00	10.87	 1.18	322.31	283.23	290.94	265.27	288.49	0	53.05
2012	2	4	6.706	6243.2793	34.2794	3.2794	 6.63	 9.98	212.03	 1.06	 0.61	 1.00	10.77	 1.24	322.33	283.18	290.96	265.20	288.40	0	53.04
2012	2	4	7.148	6243.2979	34.2978	3.2978	 3.79	 0.80	209.23	 1.48	 2.62	 1.00	10.88	 1.16	322.41	283.14	288.88	265.16	288.40	0	53.03
2012	2	4	7.619	6243.3174	34.3175	3.3175	 3.95	 0.93	212.30	 1.47	 2.00	 1.00	10.82	 1.19	322.39	283.09	290.53	265.21	291.24	0	53.04
2012	2	4	11.655	6243.4858	34.4856	3.4856	 4.22	 0.92	209.55	 1.09	 0.78	 1.00	10.77	 1.20	323.02	285.02	291.41	270.52	293.11	0	54.10
2012	2	4	12.122	6243.5049	34.5051	3.5051	 6.36	 9.98	210.24	 1.37	 1.58	 1.00	10.75	 1.20	323.11	286.06	291.45	272.51	294.80	0	54.50
2012	2	4	12.559	6243.5234	34.5233	3.5233	 4.32	 0.96	213.14	 1.04	 2.40	 1.00	10.80	 1.21	323.24	287.37	295.08	 0.00	296.59	0	54.00
2012	2	4	12.999	6243.5415	34.5416	3.5416	27.34	10888213975.23	209.34	 1.15	 4.27	 0.99	10.72	 1.18	323.20	288.95	296.14	276.74	296.27	0	55.35
2012	2	4	13.437	6243.5601	34.5599	3.5599	 3.49	 0.49	211.65	 1.24	 1.28	 1.00	10.73	 1.25	323.15	290.47	298.45	277.24	300.67	0	55.45
2012	2	4	13.874	6243.5781	34.5781	3.5781	 3.61	 0.70	210.59	 1.56	 2.92	 1.00	10.80	 1.14	323.30	291.98	301.42	277.81	299.77	0	55.56
2012	2	4	14.341	6243.5977	34.5975	3.5975	 4.23	 1.30	212.48	 1.55	 8.33	 0.99	10.82	 1.14	323.87	293.65	304.89	279.95	301.41	0	55.99
2012	2	4	14.779	6243.6157	34.6158	3.6158	 3.20	 0.55	206.95	 1.84	 2.29	 1.00	10.73	 1.05	323.58	295.21	303.47	283.22	305.47	0	56.64
2012	2	4	15.657	6243.6523	34.6524	3.6524	 3.88	 0.66	212.69	 1.13	 2.19	 1.00	10.73	 1.10	323.44	296.16	307.22	281.69	304.51	0	56.34
2012	2	4	17.000	6243.7085	34.7083	3.7083	 4.43	 1.43	211.14	 1.38	 3.85	 1.00	10.77	 1.03	323.36	296.30	308.31	 0.00	 0.00	0	54.00
2012	2	4	17.437	6243.7266	34.7265	3.7265	 4.20	 0.98	212.45	 1.21	 2.31	 1.00	10.77	 1.14	321.87	297.54	307.87	287.37	 0.00	0	57.47
2012	2	4	17.875	6243.7446	34.7448	3.7448	 6.15	 5.04	207.74	 0.84	 7.31	 0.88	10.73	 1.06	320.11	297.42	307.88	281.48	305.03	0	56.30
2012	2	4	18.315	6243.7632	34.7631	3.7631	 4.17	 1.53	204.39	 1.87	 5.09	 1.00	10.75	 0.97	321.37	296.39	309.02	271.04	304.38	0	54.21
2012	2	4	19.663	6243.8193	34.8193	3.8193	 5.84	 3.95	211.01	 0.92	 2.46	 0.99	10.73	 1.24	321.62	294.79	306.44	271.51	300.91	0	54.30
2012	2	4	21.008	6243.8755	34.8753	3.8753	 5.53	 5.11	209.31	 1.61	 1.49	 1.00	10.75	 1.16	322.79	293.67	303.94	271.20	 0.00	0	54.24
2012	2	4	23.676	6243.9863	34.9865	3.9865	 3.87	 0.67	211.36	 1.15	 1.37	 1.00	10.72	 1.09	323.61	289.44	299.21	267.19	297.67	0	53.44
2012	2	5	1.005	6244.0420	35.0419	4.0419	 4.01	 0.91	207.91	 1.33	 4.72	 0.99	10.72	 1.10	323.57	288.10	295.77	267.46	296.47	0	53.49
2012	2	5	1.469	6244.0610	35.0612	4.0612	 4.84	 3.00	209.58	 1.89	 4.53	 1.00	10.78	 1.20	323.60	287.88	295.23	268.02	293.09	0	53.60
2012	2	5	1.917	6244.0801	35.0799	4.0799	101.87	 1.00	209.68	 0.00	 6.30	 0.00	10.85	 1.18	323.53	287.43	296.20	267.82	 0.00	0	53.56
2012	2	5	2.360	6244.0981	35.0983	4.0983	14.17	16211.85	208.81	 0.90	 3.66	 0.98	10.90	 1.20	323.47	287.15	294.53	 0.00	 0.00	0	54.00
2012	2	5	3.713	6244.1548	35.1547	4.1547	19.58	5459999.11	210.85	 1.36	 3.25	 1.00	10.78	 1.15	323.70	286.68	294.27	267.75	293.30	0	53.55
2012	2	5	4.155	6244.1733	35.1731	4.1731	 4.08	 0.84	211.22	 1.16	 1.25	 1.00	10.77	 1.17	323.63	286.55	293.81	 0.00	 0.00	0	54.00
2012	2	5	4.596	6244.1914	35.1915	4.1915	29.03	58583400285.44	210.75	 1.15	 8.14	 0.96	10.82	 1.14	323.64	286.52	294.15	267.89	293.07	0	53.58
2012	2	5	5.478	6244.2280	35.2283	4.2283	 4.08	 0.61	209.53	 0.84	 0.75	 1.00	10.80	 1.15	323.72	286.47	293.18	267.72	291.50	0	53.54
2012	2	5	5.945	6244.2476	35.2477	4.2477	 4.18	 1.04	214.35	 1.32	 1.95	 1.00	10.85	 1.23	323.69	286.40	294.55	267.94	291.43	0	53.59
2012	2	5	6.390	6244.2661	35.2663	4.2663	 5.73	 5.44	210.22	 1.41	 3.96	 1.00	10.85	 1.14	323.57	286.36	293.90	267.94	291.45	0	53.59
2012	2	5	7.277	6244.3032	35.3032	4.3032	17.46	613891.46	206.58	 1.26	 2.59	 1.00	10.73	 1.11	323.60	286.26	292.06	267.75	292.78	0	53.55
2012	2	5	7.719	6244.3218	35.3216	4.3216	 4.41	 1.17	215.17	 1.17	 1.58	 1.00	10.83	 1.24	323.63	286.22	294.75	267.76	294.08	0	53.55
2012	2	5	8.188	6244.3413	35.3412	4.3412	 4.73	 1.82	211.99	 1.30	 4.26	 0.99	10.73	 1.22	323.62	286.13	293.63	267.75	 0.00	0	53.55
2012	2	5	10.897	6244.4541	35.4540	4.4540	26.57	7749271273.75	208.32	 1.75	 1.99	 1.00	10.85	 1.15	323.68	285.65	291.73	268.11	291.85	0	53.62
2012	2	5	11.780	6244.4907	35.4908	4.4908	 6.51	12.91	209.04	 1.53	 8.43	 0.99	10.78	 1.13	323.69	286.46	292.57	268.75	294.18	0	53.75
2012	2	5	13.571	6244.5654	35.5655	4.5655	41.45	 0.96	211.74	 0.00	 9.73	 0.00	10.77	 1.26	323.81	288.75	295.00	271.51	292.89	0	54.30
2012	2	5	14.464	6244.6025	35.6027	4.6027	 3.85	 0.93	213.78	 1.64	 2.93	 1.00	10.77	 1.30	324.06	290.56	298.09	272.89	294.77	0	54.58
2012	2	5	14.929	6244.6221	35.6220	4.6220	 3.66	 0.71	211.99	 1.51	 2.74	 1.00	10.77	 1.20	324.14	291.92	299.31	275.54	300.80	0	55.11
2012	2	5	16.251	6244.6772	35.6771	4.6771	 4.60	 2.42	209.51	 1.94	 1.68	 1.00	10.78	 1.11	324.30	295.54	302.58	280.78	302.06	0	56.16
2012	2	5	16.692	6244.6953	35.6955	4.6955	 3.27	 0.48	214.30	 1.57	 1.55	 1.00	10.73	 1.12	324.32	296.40	305.00	282.54	303.53	0	56.51
2012	2	5	18.035	6244.7515	35.7514	4.7514	 4.73	 2.63	209.55	 1.86	 6.87	 1.00	10.72	 1.00	319.57	297.96	309.71	280.82	305.81	0	56.16
2012	2	5	20.265	6244.8442	35.8444	4.8444	 5.26	 3.86	205.95	 1.57	 5.31	 1.00	10.73	 1.08	322.30	294.65	305.86	270.43	302.69	0	54.09
2012	2	5	21.616	6244.9009	35.9007	4.9007	58.27	 1.00	207.11	 0.00	10.72	 0.00	10.75	 1.12	322.36	291.73	301.45	268.86	300.72	0	53.77
2012	2	5	22.955	6244.9565	35.9564	4.9564	 4.46	 1.33	207.25	 1.22	 3.74	 0.99	10.90	 1.10	323.01	289.58	297.03	268.20	297.98	0	53.64
2012	2	5	23.399	6244.9751	35.9750	4.9750	 4.11	 1.35	208.16	 1.79	 8.14	 0.99	10.77	 1.10	323.30	289.08	296.61	268.09	294.62	0	53.62
2012	2	5	23.865	6244.9946	35.9944	4.9944	15.15	77280.19	208.82	 1.61	 3.39	 1.00	10.90	 1.13	323.55	288.52	297.21	 0.00	294.01	0	54.00
2012	2	6	0.311	6245.0132	36.0129	5.0129	 4.62	 2.19	209.52	 1.74	 4.50	 1.00	10.72	 1.11	323.72	288.09	295.36	267.15	293.53	0	53.43
2012	2	6	1.195	6245.0498	36.0498	5.0498	 9.04	154.47	211.17	 1.46	 3.10	 1.00	10.88	 1.11	323.85	287.59	295.69	267.75	294.32	0	53.55
2012	2	6	2.106	6245.0879	36.0878	5.0878	 4.27	 1.20	213.97	 1.39	 1.17	 1.00	10.80	 1.25	323.97	286.96	297.05	 0.00	292.66	0	54.00
2012	2	6	2.994	6245.1250	36.1248	5.1248	 7.62	36.04	209.69	 1.40	 1.80	 1.00	10.82	 1.20	323.97	286.72	294.03	 0.00	294.82	0	54.00
2012	2	6	3.436	6245.1431	36.1431	5.1431	 4.25	 1.31	213.69	 1.54	 3.14	 1.00	10.80	 1.20	324.01	286.62	295.42	268.17	294.76	0	53.63
2012	2	6	3.877	6245.1616	36.1615	5.1615	 4.00	 1.13	213.59	 1.73	 1.92	 1.00	10.92	 1.20	323.97	286.42	293.64	 0.00	 0.00	0	54.00
2012	2	6	5.225	6245.2178	36.2177	5.2177	 4.63	 1.36	211.99	 1.08	 2.91	 0.99	10.75	 1.16	323.81	286.09	294.55	265.64	294.19	0	53.13
2012	2	6	5.663	6245.2358	36.2360	5.2360	 3.27	 0.48	208.87	 1.51	 3.53	 1.00	10.82	 1.07	323.82	285.89	292.10	266.39	293.93	0	53.28
2012	2	6	6.108	6245.2544	36.2545	5.2545	 4.37	 1.18	212.09	 1.22	 2.47	 1.00	10.73	 1.17	323.77	285.75	293.03	266.69	293.76	0	53.34
2012	2	6	7.025	6245.2925	36.2927	5.2927	 4.04	 0.98	211.25	 1.40	 4.40	 1.00	10.78	 1.16	323.81	285.82	291.71	266.46	290.83	0	53.29
2012	2	6	7.903	6245.3291	36.3293	5.3293	15.73	107589.81	207.62	 1.25	 2.08	 1.00	10.87	 1.08	323.78	286.38	291.12	 0.00	294.30	0	54.00
2012	2	6	8.343	6245.3477	36.3476	5.3476	 5.92	 4.44	208.40	 0.95	 4.82	 0.97	10.78	 1.12	323.74	286.48	292.27	267.08	292.96	0	53.42
2012	2	6	8.813	6245.3672	36.3672	5.3672	 4.49	 1.23	212.06	 1.12	 3.02	 0.99	10.78	 1.20	323.81	286.32	293.92	 0.00	294.27	0	54.00
2012	2	6	10.136	6245.4224	36.4223	5.4223	20.58	16015523.77	211.10	 1.48	 0.84	 1.00	10.77	 1.21	323.71	285.74	292.29	266.18	292.37	0	53.24
2012	2	6	10.580	6245.4409	36.4408	5.4408	 4.52	 1.40	213.55	 1.24	 1.41	 1.00	10.92	 1.24	323.75	285.62	293.54	265.34	290.68	0	53.07
2012	2	6	11.074	6245.4614	36.4614	5.4614	 3.94	 0.96	210.67	 1.52	 2.67	 1.00	10.77	 1.15	323.85	285.82	291.41	267.19	292.15	0	53.44
2012	2	6	11.521	6245.4800	36.4800	5.4800	 5.37	 4.17	212.67	 1.57	 3.30	 1.00	10.87	 1.18	323.80	286.18	294.15	269.72	292.49	0	53.94
2012	2	6	11.964	6245.4985	36.4985	5.4985	 4.27	 1.29	208.32	 1.45	 3.12	 1.00	10.77	 1.12	323.83	286.91	292.46	 0.00	294.76	0	54.00
2012	2	6	13.757	6245.5732	36.5732	5.5732	 4.69	 1.83	208.06	 1.34	 0.84	 1.00	10.88	 1.12	324.24	291.10	297.81	275.99	300.20	0	55.20
2012	2	6	14.648	6245.6104	36.6103	5.6103	 4.29	 1.01	214.26	 1.15	 1.82	 1.00	10.77	 1.26	324.25	292.85	302.15	277.52	300.15	0	55.50
2012	2	6	15.995	6245.6665	36.6665	5.6665	 4.80	 2.32	208.91	 1.53	 0.98	 1.00	10.77	 1.09	322.76	295.66	303.93	283.14	 0.00	0	56.63
2012	2	6	16.882	6245.7036	36.7034	5.7034	 3.20	 0.44	207.60	 1.49	 1.37	 1.00	10.72	 1.02	322.38	297.52	305.61	291.99	302.49	0	58.40
2012	2	6	18.671	6245.7778	36.7780	5.7780	 3.60	 0.71	211.06	 1.60	 4.34	 1.00	10.82	 0.97	319.01	294.98	309.74	270.49	 0.00	0	54.10
2012	2	6	19.113	6245.7964	36.7964	5.7964	 5.30	 4.41	213.00	 1.78	 3.95	 1.00	10.73	 1.14	319.16	293.75	306.60	270.11	 0.00	0	54.02
2012	2	6	20.900	6245.8706	36.8708	5.8708	16.92	417716.99	208.48	 1.47	 4.97	 1.00	10.77	 1.11	320.21	290.34	299.37	269.82	299.01	0	53.96
2012	2	6	21.346	6245.8896	36.8894	5.8894	 5.00	 2.40	212.52	 1.31	 1.95	 1.00	10.85	 1.23	320.09	289.79	299.42	269.74	298.61	0	53.95
2012	2	6	22.253	6245.9272	36.9272	5.9272	23.89	400902473.15	211.58	 1.35	 0.20	 1.00	10.77	 1.08	320.60	288.98	298.06	270.11	296.16	0	54.02
2012	2	7	0.023	6246.0010	37.0010	6.0010	 4.40	 1.16	210.99	 1.16	 2.52	 1.00	10.83	 1.10	323.06	287.87	295.73	268.35	295.90	0	53.67
2012	2	7	0.930	6246.0386	37.0388	6.0388	32.35	1933327582617.73	211.67	 1.38	 4.12	 1.00	10.88	 1.15	323.11	287.63	296.04	268.23	294.26	0	53.65
2012	2	7	5.370	6246.2236	37.2238	6.2238	 3.95	 0.82	212.91	 1.30	 3.19	 1.00	10.70	 1.04	321.00	282.20	289.23	267.73	287.41	0	53.55
2012	2	7	5.811	6246.2422	37.2421	6.2421	 4.50	 1.44	207.61	 1.27	 0.92	 1.00	10.70	 1.09	323.02	282.76	285.52	267.52	289.71	0	53.50
2012	2	7	9.809	6246.4087	37.4087	6.4087	125.14	 1.00	209.97	 0.00	 5.81	 0.00	10.70	 1.04	319.19	280.74	286.69	266.39	285.67	0	53.28
2012	2	7	11.614	6246.4839	37.4839	6.4839	 3.95	 0.89	211.06	 1.41	 6.85	 0.99	10.82	 1.14	321.52	284.07	289.57	270.19	290.11	0	54.04
2012	2	7	12.492	6246.5205	37.5205	6.5205	 5.21	 3.33	209.80	 1.45	11.05	 0.97	10.80	 1.16	321.64	285.83	292.18	270.70	291.94	0	54.14
2012	2	7	12.933	6246.5391	37.5389	6.5389	 5.23	 2.14	209.34	 0.91	 4.62	 0.97	10.75	 1.10	321.76	286.67	294.16	 0.00	292.83	0	54.00
2012	2	7	13.837	6246.5767	37.5765	6.5766	 4.05	 1.26	208.54	 1.78	 2.12	 1.00	10.78	 1.11	322.00	289.06	296.03	 0.00	 0.00	0	54.00
2012	2	7	14.717	6246.6133	37.6132	6.6132	 3.53	 0.64	201.94	 1.47	 0.65	 1.00	10.75	 1.01	321.88	292.26	299.23	277.10	298.91	0	55.42
2012	2	7	15.157	6246.6313	37.6315	6.6315	 3.42	 0.56	208.77	 1.52	 1.44	 1.00	10.73	 1.18	319.38	293.91	301.85	279.22	300.28	0	55.84
2012	2	7	17.375	6246.7241	37.7239	6.7239	47.57	 1.00	215.42	 0.00	 9.67	 0.00	10.70	 1.19	319.72	299.59	310.20	280.81	304.76	0	56.16
2012	2	7	18.277	6246.7617	37.7615	6.7615	47.60	 1.00	213.39	 0.00	 3.38	 0.00	10.80	 1.19	318.77	297.93	308.04	273.86	303.95	0	54.77
2012	2	7	18.716	6246.7798	37.7798	6.7798	 5.71	 7.42	204.49	 1.90	 7.45	 1.00	10.73	 0.97	318.67	296.80	311.47	272.13	304.72	0	54.43
2012	2	7	20.037	6246.8350	37.8349	6.8349	 3.78	 1.10	208.26	 2.03	 8.95	 1.00	10.70	 1.09	319.26	293.43	305.27	269.43	301.58	0	53.89
2012	2	7	22.263	6246.9277	37.9276	6.9276	 5.15	 3.03	211.94	 1.42	 3.31	 1.00	10.78	 1.29	320.93	287.92	296.96	265.66	293.61	0	53.13
2012	2	7	23.609	6246.9839	37.9837	6.9837	25.35	1766808015.84	210.98	 1.39	 2.15	 1.00	10.70	 1.16	322.36	286.12	294.97	265.62	294.04	0	53.12
2012	2	8	0.492	6247.0205	38.0205	7.0205	24.21	574568879.80	210.07	 1.39	 2.96	 1.00	10.90	 1.22	323.45	285.51	291.42	265.50	292.05	0	53.10
2012	2	8	1.400	6247.0581	38.0583	7.0583	 3.75	 0.73	210.18	 1.41	 3.57	 1.00	10.80	 1.17	323.45	284.94	292.41	 0.00	 0.00	0	54.00
2012	2	8	2.726	6247.1138	38.1136	7.1136	 4.05	 0.98	209.68	 1.39	 2.57	 1.00	10.83	 1.17	323.31	284.33	290.84	265.33	290.94	0	53.07
2012	2	8	3.639	6247.1519	38.1516	7.1516	 4.45	 1.77	211.24	 1.68	 1.17	 1.00	10.70	 1.21	323.13	283.94	291.80	265.38	290.61	0	53.08
2012	2	8	4.082	6247.1699	38.1701	7.1701	 3.58	 0.74	209.14	 1.70	 5.98	 1.00	10.78	 1.17	323.18	283.85	290.29	265.34	290.50	0	53.07
2012	2	8	4.527	6247.1885	38.1886	7.1886	 3.57	 0.64	211.74	 1.50	 0.54	 1.00	10.87	 1.23	323.33	283.85	291.04	265.39	291.91	0	53.08
2012	2	8	4.969	6247.2070	38.2071	7.2071	20.38	14684824.69	209.87	 1.64	 5.12	 1.00	10.75	 1.18	323.42	283.82	291.27	265.37	 0.00	0	53.07
2012	2	8	6.324	6247.2637	38.2635	7.2635	 3.42	 0.60	211.98	 1.64	 4.18	 1.00	10.82	 1.19	323.25	283.78	290.80	265.34	 0.00	0	53.07
2012	2	8	6.766	6247.2817	38.2819	7.2819	 3.42	 0.68	210.32	 1.85	 5.79	 1.00	10.93	 1.16	323.22	283.80	289.76	265.30	291.73	0	53.06
2012	2	8	8.121	6247.3384	38.3384	7.3384	 3.37	 0.47	208.65	 1.33	 1.50	 1.00	10.80	 1.10	323.10	284.01	289.52	265.26	290.61	0	53.05
2012	2	8	10.799	6247.4502	38.4500	7.4500	 3.71	 0.86	210.60	 1.73	 3.59	 1.00	10.78	 1.19	323.24	283.29	290.43	265.43	289.83	0	53.09
2012	2	8	11.240	6247.4683	38.4683	7.4683	 3.84	 0.81	208.47	 1.40	 3.25	 1.00	10.77	 1.16	323.18	283.90	289.87	268.33	290.33	0	53.67
2012	2	8	11.682	6247.4868	38.4868	7.4868	 5.69	 4.15	207.57	 1.11	 3.66	 0.99	10.85	 1.18	323.13	284.90	290.60	270.41	291.42	0	54.08
2012	2	8	13.954	6247.5815	38.5814	7.5814	 3.42	 0.59	212.54	 1.64	 1.44	 1.00	10.85	 1.24	323.04	292.43	302.01	280.21	302.93	0	56.04
2012	2	8	14.416	6247.6006	38.6007	7.6007	 3.43	 0.65	211.28	 1.74	 1.51	 1.00	10.75	 1.19	320.80	293.94	302.85	282.43	299.89	0	56.49
2012	2	8	19.281	6247.8032	38.8034	7.8034	 3.48	 0.92	204.93	 2.29	 5.51	 1.00	10.72	 0.93	315.90	296.08	312.25	271.56	306.38	0	54.31
2012	2	8	19.721	6247.8218	38.8217	7.8217	22.73	213543487.78	205.03	 2.22	11.78	 1.00	10.73	 1.07	316.04	294.69	305.16	269.96	301.43	0	53.99
2012	2	8	20.604	6247.8584	38.8585	7.8585	19.52	28085613.13	192.66	 6.82	38.35	 1.00	10.80	 1.00	316.47	292.18	299.45	268.82	301.16	0	53.76
2012	2	8	21.069	6247.8779	38.8779	7.8779	 5.60	 4.58	208.93	 1.34	 1.63	 1.00	10.82	 1.19	316.51	291.38	302.41	269.33	300.07	0	53.87
2012	2	8	22.394	6247.9331	38.9331	7.9331	 3.50	 2.67	210.55	 6.69	24.04	 1.00	10.87	 1.14	317.67	288.82	299.61	266.89	 0.00	0	53.38
2012	2	8	23.301	6247.9707	38.9709	7.9709	81.69	 1.00	214.17	 0.00	 2.98	 0.00	10.73	 1.22	321.14	287.56	298.70	266.61	293.37	0	53.32
2012	2	9	1.980	6248.0825	39.0825	8.0825	 5.41	 2.86	207.45	 1.01	 3.59	 0.99	10.75	 1.12	320.84	285.79	292.14	266.47	292.65	0	53.29
2012	2	9	2.421	6248.1011	39.1009	8.1009	 4.14	 1.18	213.16	 1.54	 1.71	 1.00	10.88	 1.22	320.84	285.66	293.55	265.83	294.00	0	53.17
2012	2	9	3.307	6248.1377	39.1378	8.1378	 4.50	 1.65	208.25	 1.47	 4.55	 1.00	10.70	 1.06	320.80	285.74	293.22	 0.00	291.07	0	54.00
2012	2	9	4.656	6248.1938	39.1940	8.1940	 3.75	 0.67	213.18	 1.30	 1.08	 1.00	10.68	 1.23	320.69	285.43	294.76	265.43	292.31	0	53.09
2012	2	9	5.537	6248.2310	39.2307	8.2307	 3.51	 0.46	209.00	 1.13	 3.14	 0.99	10.70	 1.19	320.59	285.15	291.95	 0.00	 0.00	0	54.00
2012	2	9	6.444	6248.2686	39.2685	8.2685	 4.11	 0.88	210.55	 1.17	 0.38	 1.00	10.87	 1.16	319.78	284.94	292.16	265.44	290.32	0	53.09
2012	2	9	6.890	6248.2871	39.2871	8.2871	16.41	222612.64	209.12	 1.31	 1.63	 1.00	10.80	 1.11	319.47	284.79	292.40	265.40	293.01	0	53.08
2012	2	9	7.333	6248.3057	39.3055	8.3055	19.36	3858835.52	208.37	 1.19	 3.07	 1.00	10.95	 1.11	319.43	284.57	291.35	265.37	292.93	0	53.07
2012	2	9	8.246	6248.3437	39.3436	8.3436	18.88	2612071.02	208.50	 1.30	 5.68	 0.99	10.75	 1.13	319.76	284.51	291.44	 0.00	289.87	0	54.00
2012	2	9	9.132	6248.3804	39.3805	8.3805	 4.68	 1.59	210.63	 1.18	 2.15	 1.00	10.75	 1.16	319.72	284.52	292.44	 0.00	292.70	0	54.00
2012	2	9	9.573	6248.3989	39.3989	8.3989	 7.10	19.04	209.89	 1.24	 3.86	 0.99	10.82	 1.16	319.79	284.62	293.04	267.25	290.02	0	53.45
2012	2	9	10.013	6248.4170	39.4172	8.4172	 4.30	 1.51	211.00	 1.67	 2.61	 1.00	10.85	 1.10	319.76	284.78	292.59	267.07	291.56	0	53.41
2012	2	9	10.918	6248.4551	39.4549	8.4549	 4.14	 1.18	212.11	 1.54	 2.17	 1.00	10.73	 1.25	319.72	285.01	294.34	 0.00	290.32	0	54.00
2012	2	9	11.359	6248.4731	39.4733	8.4733	 3.91	 0.77	207.22	 1.24	 7.63	 0.97	10.77	 1.15	319.73	285.40	292.07	268.84	 0.00	0	53.77
2012	2	9	11.802	6248.4917	39.4917	8.4917	 4.97	 3.37	204.11	 1.83	 0.08	 1.00	10.73	 1.13	319.81	286.25	291.54	270.14	294.02	0	54.03
2012	2	9	13.185	6248.5493	39.5494	8.5494	 3.62	 0.59	209.74	 1.29	 3.53	 1.00	10.70	 1.13	319.80	289.70	298.11	 0.00	294.68	0	54.00
2012	2	9	13.623	6248.5674	39.5676	8.5676	 4.28	 1.36	208.69	 1.52	 2.69	 1.00	10.73	 1.20	319.46	291.27	299.70	280.54	297.44	0	56.11
2012	2	9	14.061	6248.5859	39.5859	8.5859	 4.42	 1.16	208.46	 1.11	 1.43	 1.00	10.73	 1.15	319.28	292.68	301.74	281.66	302.76	0	56.33
2012	2	9	15.842	6248.6602	39.6601	8.6601	 3.26	 0.41	208.33	 1.32	 3.86	 0.99	10.77	 1.14	318.36	295.71	306.66	282.39	 0.00	0	56.48
2012	2	9	16.722	6248.6968	39.6967	8.6967	 5.77	 5.30	209.49	 1.31	 4.75	 0.99	10.75	 1.14	318.67	296.18	307.99	 0.00	302.87	0	54.00
2012	2	9	17.623	6248.7344	39.7343	8.7343	 4.37	 1.12	211.09	 1.15	 2.89	 1.00	10.72	 1.13	317.79	295.94	307.98	271.65	302.89	0	54.33
2012	2	9	18.061	6248.7524	39.7526	8.7526	 3.64	 0.83	207.04	 1.77	 4.19	 1.00	10.82	 1.02	317.64	294.97	309.04	269.76	305.17	0	53.95
2012	2	9	23.396	6248.9746	39.9748	8.9748	41.63	 1.00	208.27	 0.00	 5.44	 0.00	11.00	 1.10	320.08	285.22	291.69	 0.00	293.58	0	54.00
2012	2	10	5.178	6249.2158	40.2158	9.2158	42.38	 1.00	209.38	 0.00	 4.36	 0.00	10.85	 1.11	323.98	279.80	284.01	266.75	283.87	0	53.35
2012	2	10	6.065	6249.2529	40.2527	9.2527	 5.50	 4.63	207.44	 1.50	 6.78	 0.99	10.78	 1.22	323.95	281.66	284.98	266.18	 0.00	0	53.24
2012	2	10	6.535	6249.2725	40.2723	9.2723	 6.03	 7.03	210.96	 1.36	 2.80	 1.00	10.82	 1.21	324.06	282.21	287.58	266.05	286.91	0	53.21
2012	2	10	6.980	6249.2910	40.2908	9.2908	 5.28	 3.73	206.08	 1.49	 0.72	 1.00	10.80	 1.13	324.00	282.68	286.31	265.57	287.41	0	53.11
2012	2	10	8.781	6249.3657	40.3659	9.3659	 4.25	 1.32	207.95	 1.51	 6.01	 0.99	10.75	 1.15	324.13	283.60	290.74	265.40	289.79	0	53.08
2012	2	10	9.219	6249.3843	40.3841	9.3841	 4.17	 1.08	212.19	 1.36	 3.56	 1.00	10.77	 1.26	324.08	283.70	291.62	265.40	289.87	0	53.08
2012	2	10	10.108	6249.4214	40.4212	9.4212	 5.75	 5.68	209.87	 1.44	 1.08	 1.00	10.83	 1.22	324.07	283.73	290.84	265.47	 0.00	0	53.09
2012	2	10	14.594	6249.6079	40.6081	9.6081	 4.39	 1.69	204.74	 1.64	 4.98	 1.00	10.68	 1.17	324.14	289.62	293.69	274.13	295.08	0	54.83
2012	2	10	15.042	6249.6270	40.6267	9.6267	 3.83	 0.62	209.69	 1.10	 1.20	 1.00	10.75	 1.28	323.08	291.67	298.60	278.32	 0.00	0	55.66
2012	2	10	16.387	6249.6826	40.6828	9.6828	 3.41	 0.56	208.35	 1.53	 0.61	 1.00	10.88	 1.14	323.59	296.13	303.58	 0.00	304.09	0	54.00
2012	2	10	22.627	6249.9429	40.9428	9.9428	 4.28	 1.56	201.42	 1.67	 4.25	 1.00	10.77	 0.96	321.15	285.53	292.58	265.84	 0.00	0	53.17
2012	2	10	23.514	6249.9800	40.9798	9.9798	 4.78	 1.69	210.03	 1.14	 3.63	 0.99	10.83	 1.16	321.34	285.47	292.35	265.64	293.55	0	53.13
2012	2	11	0.862	6250.0361	41.0359	10.0359	 3.82	 0.60	216.40	 1.10	 1.38	 1.00	10.78	 1.21	321.51	285.51	292.98	266.54	290.67	0	53.31
2012	2	11	1.305	6250.0542	41.0544	10.0544	16.95	492212.74	207.86	 1.69	 8.58	 0.99	10.77	 1.10	321.48	285.44	291.90	 0.00	 0.00	0	54.00
2012	2	11	1.747	6250.0728	41.0728	10.0728	 3.88	 1.00	210.20	 1.68	 4.53	 1.00	10.78	 1.06	321.49	285.35	292.87	265.54	291.91	0	53.11
2012	2	11	3.099	6250.1289	41.1291	10.1291	 4.24	 1.24	206.51	 1.41	 3.59	 1.00	10.92	 1.07	321.77	285.21	291.05	265.47	290.33	0	53.09
2012	2	11	3.987	6250.1660	41.1661	10.1661	 3.85	 0.75	210.28	 1.30	 0.59	 1.00	10.77	 1.11	321.50	284.89	292.64	265.55	 0.00	0	53.11
2012	2	11	4.897	6250.2041	41.2040	10.2040	31.18	766973147802.64	206.37	 1.71	 1.88	 1.00	10.75	 1.08	321.32	284.50	291.37	265.57	 0.00	0	53.11
2012	2	11	6.669	6250.2778	41.2779	10.2779	 4.69	 2.04	209.82	 1.50	 0.64	 1.00	10.72	 1.16	321.53	284.15	292.38	265.47	290.63	0	53.09
2012	2	11	7.136	6250.2974	41.2973	10.2973	27.89	19273812297.70	208.17	 1.17	 3.83	 0.99	10.78	 1.14	321.46	284.09	291.06	265.46	292.08	0	53.09
2012	2	11	7.577	6250.3159	41.3157	10.3157	 4.34	 1.45	208.36	 1.52	 1.15	 1.00	10.75	 1.16	321.17	283.99	290.59	265.47	291.93	0	53.09
2012	2	11	8.018	6250.3340	41.3341	10.3341	 3.43	 0.53	209.77	 1.42	 2.20	 1.00	10.80	 1.12	321.54	283.83	292.30	265.52	291.66	0	53.10
2012	2	11	9.810	6250.4087	41.4087	10.4087	 4.97	 2.13	209.32	 1.18	 1.99	 1.00	10.85	 1.16	321.71	282.66	290.35	265.59	288.91	0	53.12
2012	2	11	10.691	6250.4453	41.4454	10.4454	 2.51	 1.48	215.10	10.98	354.27	 0.99	10.72	 1.09	321.70	282.49	288.12	265.54	288.65	0	53.11
2012	2	11	11.597	6250.4834	41.4832	10.4832	 4.71	 1.80	207.58	 1.30	 2.15	 1.00	10.78	 1.21	321.75	283.66	290.26	267.89	288.13	0	53.58
2012	2	11	12.921	6250.5386	41.5384	10.5384	 4.64	 1.69	206.15	 1.28	 1.62	 1.00	10.75	 1.20	321.99	287.45	293.47	273.84	295.18	0	54.77
2012	2	11	13.363	6250.5566	41.5568	10.5568	 4.25	 1.49	206.10	 1.69	 0.73	 1.00	10.72	 1.17	322.28	289.09	295.41	 0.00	294.75	0	54.00
2012	2	11	13.862	6250.5776	41.5776	10.5776	17.30	486380.88	207.81	 1.17	 2.58	 1.00	11.00	 1.22	322.15	290.73	298.90	277.93	296.43	0	55.59
2012	2	11	17.413	6250.7256	41.7255	10.7255	 3.68	 0.77	206.31	 1.55	 2.20	 1.00	10.72	 1.03	323.66	299.80	308.13	 0.00	305.61	0	54.00
2012	2	11	18.324	6250.7637	41.7635	10.7635	 2.91	 0.33	210.11	 1.55	 7.65	 0.99	10.82	 1.12	321.69	300.73	311.93	288.30	306.34	0	57.66
2012	2	11	18.763	6250.7817	41.7818	10.7818	 4.12	 1.54	201.86	 1.96	 7.86	 1.00	10.87	 1.02	321.49	300.46	309.73	277.47	 0.00	0	55.49
2012	2	11	20.096	6250.8374	41.8373	10.8373	 4.15	 1.03	208.48	 1.31	 2.14	 1.00	10.77	 1.08	323.24	296.40	309.21	269.71	301.96	0	53.94
2012	2	11	20.564	6250.8569	41.8568	10.8568	 5.77	45.06	192.64	10.23	146.02	 1.00	10.85	 0.78	323.79	294.69	299.72	267.90	301.47	0	53.58
2012	2	11	21.006	6250.8755	41.8753	10.8753	18.63	18178507.63	204.31	11.41	193.20	 1.00	10.90	 1.06	323.83	293.17	303.34	 0.00	301.13	0	54.00
2012	2	11	21.449	6250.8936	41.8937	10.8937	62.17	 1.00	206.09	 0.00	 7.18	 0.00	10.77	 1.06	323.85	291.93	300.62	266.34	299.69	0	53.27
2012	2	11	22.330	6250.9302	41.9304	10.9304	 6.28	 9.11	212.22	 1.37	 1.39	 1.00	10.75	 1.20	323.92	289.87	299.43	265.82	296.26	0	53.16
2012	2	11	22.794	6250.9497	41.9497	10.9497	 6.26	 7.28	203.82	 1.08	 1.37	 1.00	10.77	 1.07	324.17	289.20	295.77	266.27	295.51	0	53.25
2012	2	11	23.674	6250.9863	41.9864	10.9864	29.37	83314020809.67	215.38	 1.19	 0.88	 1.00	10.70	 1.27	323.89	288.35	297.07	266.89	294.67	0	53.38
2012	2	12	1.021	6251.0425	42.0425	11.0425	69.04	 1.00	213.65	 0.00	 9.23	 0.00	10.93	 1.07	324.01	287.58	290.25	266.52	292.49	0	53.30
2012	2	12	1.463	6251.0610	42.0609	11.0609	 3.68	 0.76	212.72	 1.59	 0.48	 1.00	10.73	 1.12	323.95	287.50	293.97	 0.00	293.72	0	54.00
2012	2	12	1.902	6251.0791	42.0792	11.0792	20.89	20223737.43	210.93	 1.37	 6.21	 0.99	10.80	 1.11	323.89	287.47	293.31	266.79	293.59	0	53.36
2012	2	12	2.346	6251.0977	42.0978	11.0978	 4.12	 1.06	213.85	 1.42	 2.46	 1.00	10.78	 1.18	323.80	287.49	293.53	267.41	 0.00	0	53.48
2012	2	12	3.253	6251.1357	42.1355	11.1355	23.79	313878817.52	213.87	 1.18	 2.31	 1.00	10.77	 1.15	323.76	287.47	293.37	267.48	293.57	0	53.50
2012	2	12	3.694	6251.1538	42.1539	11.1539	 4.83	 2.03	216.74	 1.34	 2.03	 1.00	10.75	 1.17	323.75	287.51	295.39	267.57	292.14	0	53.51
2012	2	12	5.021	6251.2090	42.2092	11.2092	16.86	390679.56	215.95	 1.52	 5.38	 1.00	10.85	 1.15	323.76	287.61	294.16	267.61	295.02	0	53.52
2012	2	12	5.491	6251.2290	42.2288	11.2288	 6.57	 9.44	217.25	 1.09	 0.58	 1.00	10.75	 1.30	323.80	287.64	294.21	267.82	292.25	0	53.56
2012	2	12	6.805	6251.2837	42.2835	11.2835	81.14	 1.00	216.88	 0.00	 2.51	 0.00	10.73	 1.27	323.80	287.80	295.80	267.14	292.31	0	53.43
2012	2	12	7.246	6251.3018	42.3019	11.3019	22.72	110093227.55	214.13	 1.21	 1.66	 1.00	10.72	 1.22	323.80	287.83	293.10	267.27	 0.00	0	53.45
2012	2	12	7.709	6251.3213	42.3212	11.3212	 7.50	27.30	216.49	 1.24	 4.19	 0.99	10.77	 1.20	323.79	287.87	295.39	267.55	 0.00	0	53.51
2012	2	12	8.592	6251.3579	42.3580	11.3580	 5.14	 2.09	214.01	 1.00	 4.02	 0.98	10.78	 1.18	323.75	287.90	293.53	267.52	 0.00	0	53.50
2012	2	12	9.036	6251.3765	42.3765	11.3765	17.68	951335.11	210.95	 1.59	 1.42	 1.00	10.72	 1.14	323.78	287.90	291.77	267.37	293.77	0	53.47
2012	2	12	10.382	6251.4326	42.4326	11.4326	33.16	 1.00	211.51	 0.00	 3.95	 0.00	10.70	 1.18	323.75	287.78	293.25	 0.00	293.59	0	54.00
2012	2	12	10.824	6251.4512	42.4510	11.4510	 5.09	 2.78	216.46	 1.41	 4.37	 1.00	10.73	 1.17	323.79	287.78	296.01	265.42	294.90	0	53.08
2012	2	12	11.267	6251.4692	42.4694	11.4694	 3.93	 0.69	215.25	 1.12	 3.46	 0.99	10.73	 1.17	323.77	287.94	296.32	267.12	292.21	0	53.42
2012	2	12	12.176	6251.5073	42.5073	11.5073	 4.31	 1.40	214.17	 1.55	 1.35	 1.00	10.75	 1.23	323.85	288.73	295.08	269.91	296.01	0	53.98
2012	2	12	12.617	6251.5259	42.5257	11.5257	 4.37	 1.26	214.34	 1.31	 3.20	 1.00	10.78	 1.21	323.82	289.21	296.60	270.15	 0.00	0	54.03
2012	2	12	13.056	6251.5439	42.5440	11.5440	 3.92	 0.83	210.07	 1.34	 2.87	 1.00	10.80	 1.09	323.85	289.72	296.27	270.30	 0.00	0	54.06
2012	2	12	14.874	6251.6196	42.6198	11.6198	 0.50	 0.25	499.19	119.76	14594.67	 0.54	10.82	 1.15	324.16	292.87	298.71	270.86	297.78	0	54.17
2012	2	12	16.193	6251.6748	42.6747	11.6747	 3.68	 0.69	202.24	 1.38	 1.89	 1.00	10.78	 1.10	324.30	295.53	301.51	278.53	298.61	0	55.71
2012	2	12	17.101	6251.7124	42.7125	11.7125	 4.27	 1.35	204.50	 1.48	 1.38	 1.00	10.73	 1.13	324.36	297.46	305.53	284.01	302.45	0	56.80
2012	2	12	17.541	6251.7310	42.7309	11.7309	 4.42	 1.72	205.45	 1.64	 2.42	 1.00	10.78	 1.07	324.33	298.15	306.45	 0.00	303.39	0	54.00
2012	2	12	18.417	6251.7676	42.7674	11.7674	 4.20	 2.12	194.98	 2.38	 2.78	 1.00	10.77	 0.93	324.15	299.08	309.71	284.91	303.28	0	56.98
2012	2	12	18.881	6251.7866	42.7867	11.7867	 4.59	 1.47	213.09	 1.22	 2.33	 1.00	10.77	 1.29	324.17	299.10	309.95	281.13	305.29	0	56.23
2012	2	12	19.324	6251.8052	42.8051	11.8052	 3.85	 0.87	207.27	 1.50	 4.76	 1.00	10.77	 1.11	323.95	298.59	308.80	275.58	304.87	0	55.12
2012	2	12	19.763	6251.8232	42.8234	11.8234	 3.22	 0.48	207.15	 1.58	 2.71	 1.00	10.80	 1.12	324.02	297.61	307.63	273.21	302.23	0	54.64
2012	2	12	20.643	6251.8604	42.8601	11.8601	 3.12	 0.57	203.12	 2.05	 2.77	 1.00	10.87	 1.04	324.23	295.09	304.44	270.46	299.80	0	54.09
2012	2	13	0.196	6252.0083	43.0082	12.0082	28.20	31191545505.13	209.82	 1.41	 1.41	 1.00	10.70	 1.17	323.91	284.91	290.50	265.77	290.56	0	53.15
2012	2	13	1.542	6252.0645	43.0642	12.0642	57.22	 1.00	210.26	 0.00	 2.98	 0.00	10.77	 1.08	324.08	285.14	290.17	265.88	292.35	0	53.18
2012	2	13	1.981	6252.0825	43.0826	12.0826	18.26	1091898.83	211.79	 1.03	 0.94	 1.00	10.83	 1.19	323.89	285.19	292.81	 0.00	292.39	0	54.00
2012	2	13	3.767	6252.1567	43.1570	12.1570	18.93	2845450.08	210.93	 1.36	 1.82	 1.00	10.82	 1.17	324.05	285.31	292.05	265.71	292.36	0	53.14
2012	2	13	4.207	6252.1753	43.1753	12.1753	16.80	250187.20	211.64	 1.01	 6.10	 0.96	10.87	 1.17	323.99	285.32	291.54	265.72	292.44	0	53.14
2012	2	13	4.648	6252.1938	43.1937	12.1937	42.31	 1.00	208.46	 0.00	 1.83	 0.00	10.77	 1.12	324.10	285.29	290.18	265.54	289.81	0	53.11
2012	2	13	5.089	6252.2119	43.2120	12.2120	 6.35	10.28	210.70	 1.43	 2.85	 1.00	10.83	 1.15	324.11	285.22	292.34	265.37	291.03	0	53.07
2012	2	13	5.529	6252.2305	43.2304	12.2304	 6.12	 9.85	202.58	 1.66	 2.26	 1.00	10.80	 0.98	324.09	285.08	290.53	265.40	289.66	0	53.08
2012	2	13	6.435	6252.2681	43.2681	12.2681	 5.99	 6.22	209.36	 1.23	 1.51	 1.00	10.77	 1.20	324.05	285.02	290.77	265.39	290.84	0	53.08
2012	2	13	7.315	6252.3047	43.3048	12.3048	89.67	 1.00	208.87	 0.00	 6.26	 0.00	10.72	 1.23	324.03	285.03	290.04	265.40	292.04	0	53.08
2012	2	13	8.659	6252.3608	43.3608	12.3608	 6.26	 7.10	208.89	 1.08	 2.49	 1.00	10.88	 1.16	324.09	285.00	290.38	265.36	292.03	0	53.07
2012	2	13	9.546	6252.3979	43.3978	12.3978	16.92	349552.59	206.10	 1.23	 7.40	 0.98	10.75	 1.09	323.97	284.50	290.08	265.52	288.93	0	53.10
2012	2	13	10.453	6252.4355	43.4355	12.4355	42.64	 1.00	210.97	 0.00	 2.47	 0.00	10.75	 1.22	323.99	284.57	291.46	 0.00	 0.00	0	54.00
2012	2	13	10.894	6252.4541	43.4539	12.4539	19.79	7276866.97	205.99	 1.44	 4.38	 1.00	10.80	 1.05	324.16	284.71	290.09	265.60	290.31	0	53.12
2012	2	13	11.336	6252.4722	43.4723	12.4723	18.62	1479120.55	207.47	 0.95	10.78	 0.85	10.73	 1.13	324.05	285.07	291.01	267.57	289.28	0	53.51
2012	2	13	12.214	6252.5088	43.5089	12.5089	 3.88	 0.93	207.81	 1.54	 1.55	 1.00	10.78	 1.16	324.07	286.24	291.96	270.09	293.15	0	54.02
2012	2	13	12.680	6252.5283	43.5283	12.5283	 5.26	 3.00	205.73	 1.22	 3.32	 1.00	10.78	 1.17	324.19	287.40	291.70	270.74	291.14	0	54.15
2012	2	13	13.119	6252.5469	43.5466	12.5466	 3.91	 0.93	206.21	 1.50	 3.78	 1.00	10.73	 1.14	324.23	288.42	294.70	 0.00	292.06	0	54.00
2012	2	13	18.919	6252.7881	43.7883	12.7883	25.95	3107091552.11	205.33	 1.29	 4.73	 0.99	10.73	 1.13	323.67	297.43	306.11	 0.00	304.70	0	54.00
2012	2	13	19.384	6252.8076	43.8077	12.8077	37.38	 1.00	200.49	 0.00	 3.66	 0.00	10.72	 1.03	323.93	296.28	303.70	 0.00	302.47	0	54.00
2012	2	13	19.823	6252.8262	43.8260	12.8259	17.49	720241.41	206.08	 1.43	 1.93	 1.00	10.72	 1.11	324.10	295.08	304.15	 0.00	 0.00	0	54.00
2012	2	13	20.261	6252.8442	43.8442	12.8442	 3.17	 0.46	201.90	 1.56	 5.39	 0.99	10.80	 1.04	324.20	294.19	303.05	 0.00	300.26	0	54.00
2012	2	13	21.603	6252.8999	43.9001	12.9001	 3.11	 1.31	203.38	 4.77	28.58	 1.00	10.75	 1.03	324.30	291.09	297.72	 0.00	298.27	0	54.00
2012	2	13	22.045	6252.9185	43.9185	12.9185	 4.10	 1.40	208.22	 1.86	 0.61	 1.00	10.77	 1.16	324.23	290.02	297.67	266.37	297.23	0	53.27
2012	2	13	22.923	6252.9551	43.9551	12.9551	 3.67	 0.70	202.66	 1.43	16.50	 0.91	10.68	 1.09	324.29	288.20	289.79	265.64	295.33	0	53.13
2012	2	14	0.714	6253.0298	44.0297	13.0297	 6.03	 6.05	209.55	 1.15	 2.24	 1.00	10.78	 1.23	323.99	285.59	292.61	265.33	 0.00	0	53.07
2012	2	14	3.386	6253.1411	44.1411	13.1411	 3.83	 0.73	212.27	 1.32	 2.43	 1.00	10.72	 1.18	323.75	285.09	292.46	265.26	289.63	0	53.05
2012	2	14	3.828	6253.1597	44.1595	13.1595	 4.01	 0.98	209.11	 1.44	 4.51	 1.00	10.77	 1.12	323.80	285.02	290.35	265.21	 0.00	0	53.04
2012	2	14	6.942	6253.2891	44.2892	13.2892	 3.44	 0.62	209.84	 1.65	 3.01	 1.00	10.77	 1.20	317.63	278.86	285.86	265.26	284.09	0	53.05
2012	2	14	7.382	6253.3076	44.3076	13.3076	 3.57	 0.72	203.39	 1.62	 2.62	 1.00	10.78	 1.12	322.27	279.29	281.83	265.27	283.91	0	53.05
2012	2	14	8.267	6253.3442	44.3445	13.3445	 4.43	 1.74	208.81	 1.66	 2.45	 1.00	10.80	 1.23	322.44	280.39	286.06	265.18	287.36	0	53.04
2012	2	14	8.732	6253.3638	44.3638	13.3638	 4.70	 2.14	204.17	 1.52	 3.38	 1.00	10.75	 1.12	322.54	280.99	283.70	265.15	 0.00	0	53.03
2012	2	14	9.616	6253.4009	44.4007	13.4006	 3.63	 0.54	210.45	 1.18	 3.95	 0.99	10.88	 1.22	322.44	281.99	289.60	265.27	 0.00	0	53.05
2012	2	14	10.498	6253.4375	44.4374	13.4374	17.19	507925.01	203.03	 1.33	 1.09	 1.00	10.77	 1.11	322.46	282.63	286.39	 0.00	287.06	0	54.00
2012	2	14	10.967	6253.4570	44.4570	13.4570	 3.87	 0.69	211.45	 1.19	 3.47	 0.99	10.78	 1.29	319.93	282.66	290.83	265.41	288.24	0	53.08
2012	2	14	14.495	6253.6040	44.6040	13.6040	 3.75	 0.58	211.44	 1.12	 1.85	 1.00	10.73	 1.29	322.90	288.10	295.21	277.21	292.22	0	55.44
2012	2	14	14.933	6253.6221	44.6222	13.6222	 3.62	 0.76	207.41	 1.67	 9.75	 0.99	10.78	 1.12	322.95	289.32	295.27	277.11	295.15	0	55.42
2012	2	14	15.871	6253.6611	44.6613	13.6613	28.33	51634790080.48	197.35	 1.92	 1.37	 1.00	10.73	 0.98	322.95	291.77	294.99	281.55	297.55	0	56.31
2012	2	14	18.089	6253.7539	44.7537	13.7537	 4.19	 0.89	209.51	 1.09	 0.84	 1.00	10.73	 1.23	321.29	296.91	306.43	280.16	303.37	0	56.03
2012	2	14	20.748	6253.8643	44.8645	13.8645	 3.59	 0.69	208.47	 1.56	 1.09	 1.00	10.72	 1.16	322.38	292.35	300.70	268.89	298.08	0	53.78
2012	2	14	21.626	6253.9009	44.9011	13.9011	 5.38	 6.98	208.09	 2.55	11.78	 1.00	10.75	 1.14	322.54	290.82	299.47	268.74	296.64	0	53.75
2012	2	14	22.092	6253.9204	44.9205	13.9205	 4.18	 1.55	200.95	 1.84	 3.17	 1.00	10.78	 0.97	322.58	290.25	297.35	 0.00	 0.00	0	54.00
2012	2	14	23.854	6253.9941	44.9939	13.9939	 4.04	 0.92	209.56	 1.32	 4.38	 0.99	10.80	 1.14	322.36	287.87	295.22	265.93	 0.00	0	53.19
2012	2	15	1.205	6254.0503	45.0502	14.0502	18.75	2347849.50	204.04	 1.30	 1.59	 1.00	10.77	 1.10	322.38	286.75	292.89	 0.00	292.65	0	54.00
2012	2	15	1.645	6254.0684	45.0685	14.0685	 4.82	 1.96	209.82	 1.27	 3.92	 0.99	10.73	 1.15	322.31	286.43	293.61	266.90	293.45	0	53.38
2012	2	15	2.085	6254.0869	45.0869	14.0869	 3.82	 0.62	211.62	 1.12	 2.03	 1.00	10.88	 1.20	322.22	286.13	293.66	266.69	292.03	0	53.34
2012	2	15	2.989	6254.1245	45.1245	14.1245	 3.36	 0.50	210.95	 1.47	 2.91	 1.00	10.72	 1.07	322.19	285.60	293.68	266.36	292.66	0	53.27
2012	2	15	3.433	6254.1431	45.1431	14.1431	 3.41	 0.59	205.77	 1.59	 4.93	 1.00	10.75	 1.10	322.12	285.36	290.60	266.08	290.06	0	53.22
2012	2	15	4.309	6254.1797	45.1795	14.1795	 4.54	 1.60	211.07	 1.38	 1.68	 1.00	10.72	 1.14	322.05	284.87	291.60	266.04	290.72	0	53.21
2012	2	15	4.775	6254.1987	45.1990	14.1990	53.32	 1.00	210.69	 0.00	 2.81	 0.00	10.78	 1.24	322.01	284.69	291.84	 0.00	 0.00	0	54.00
2012	2	15	5.216	6254.2173	45.2173	14.2173	17.06	356028.71	210.14	 1.10	 4.84	 0.98	10.73	 1.17	321.91	284.54	292.08	265.93	290.37	0	53.19
2012	2	15	6.097	6254.2539	45.2541	14.2541	21.31	37199634.20	204.97	 1.60	 2.30	 1.00	10.77	 1.16	321.94	284.36	288.36	265.64	291.38	0	53.13
2012	2	15	7.438	6254.3101	45.3099	14.3099	 6.28	 8.74	206.94	 1.28	 1.37	 1.00	10.73	 1.13	321.87	283.63	289.04	265.27	288.35	0	53.05
2012	2	15	8.319	6254.3467	45.3466	14.3466	 4.05	 0.96	208.61	 1.34	 0.80	 1.00	10.72	 1.20	322.21	283.06	288.11	265.23	289.91	0	53.05
2012	2	15	8.757	6254.3647	45.3649	14.3649	 5.02	 3.08	208.71	 1.61	 2.53	 1.00	10.70	 1.18	322.08	282.95	288.65	265.21	289.84	0	53.04
2012	2	15	9.221	6254.3843	45.3842	14.3842	19.88	6081675.54	207.90	 1.11	 2.01	 1.00	10.78	 1.09	322.31	282.89	288.22	265.24	 0.00	0	53.05
2012	2	15	9.662	6254.4023	45.4026	14.4026	20.33	9981538.81	206.55	 1.15	 2.74	 1.00	10.75	 1.14	322.14	282.99	287.44	265.23	288.68	0	53.05
2012	2	15	10.103	6254.4209	45.4209	14.4209	 5.47	 6.79	209.44	 2.28	 0.83	 1.00	10.73	 1.13	322.08	282.95	288.05	265.19	288.68	0	53.04
2012	2	15	10.978	6254.4575	45.4574	14.4574	20.29	13002518.01	209.90	 1.58	 1.43	 1.00	10.78	 1.23	322.04	283.17	289.14	266.28	287.52	0	53.26
2012	2	15	11.441	6254.4766	45.4767	14.4767	 4.56	 1.92	211.35	 1.63	 7.21	 0.99	10.77	 1.24	322.14	283.77	289.59	267.92	287.97	0	53.58
2012	2	15	11.881	6254.4951	45.4950	14.4950	20.03	8818953.95	204.54	 1.37	 5.11	 0.99	10.83	 1.12	322.24	284.75	289.08	269.87	290.18	0	53.97
2012	2	15	13.665	6254.5693	45.5694	14.5694	 4.05	 0.84	207.22	 1.17	 2.33	 1.00	10.75	 1.17	319.80	288.87	294.17	274.34	294.91	0	54.87
2012	2	15	16.346	6254.6812	45.6811	14.6811	 3.81	 0.81	202.03	 1.42	 2.09	 1.00	10.73	 1.00	322.33	289.95	294.00	280.58	293.66	0	56.12
2012	2	15	16.783	6254.6992	45.6993	14.6993	33.22	 1.00	209.08	 0.00	 1.78	 0.00	10.72	 1.22	322.41	290.93	295.97	277.41	296.44	0	55.48
2012	2	15	17.221	6254.7178	45.7175	14.7175	 4.39	 1.28	209.83	 1.29	 8.63	 0.97	10.83	 1.19	322.57	290.57	297.92	272.06	296.10	0	54.41
2012	2	15	18.126	6254.7554	45.7553	14.7553	 4.13	 1.16	213.84	 1.54	 4.71	 1.00	10.73	 1.22	322.67	292.53	301.72	 0.00	299.69	0	54.00
2012	2	15	19.002	6254.7915	45.7917	14.7917	 4.83	 2.44	210.43	 1.57	 0.49	 1.00	10.77	 1.25	322.65	292.74	300.83	272.66	298.45	0	54.53
2012	2	15	20.342	6254.8477	45.8476	14.8476	 5.79	 5.25	209.49	 1.28	 2.03	 1.00	10.75	 1.10	322.60	291.38	300.04	270.30	298.83	0	54.06
2012	2	15	20.779	6254.8657	45.8658	14.8658	30.79	434918286168.27	205.07	 1.44	 4.54	 1.00	10.73	 1.05	322.58	290.71	296.03	269.69	295.47	0	53.94
2012	2	15	21.656	6254.9023	45.9024	14.9023	17.60	875691.12	212.74	 1.60	 2.43	 1.00	10.82	 1.18	322.67	289.42	298.32	269.24	295.29	0	53.85
2012	2	15	23.439	6254.9766	45.9766	14.9766	 3.87	 0.99	208.58	 1.68	 0.63	 1.00	10.73	 1.08	322.30	287.31	293.62	266.61	294.08	0	53.32
2012	2	16	0.321	6255.0132	46.0134	15.0134	 5.80	 5.09	210.32	 1.23	 6.58	 0.98	10.73	 1.09	322.36	286.46	293.71	265.87	293.18	0	53.17
2012	2	16	0.786	6255.0327	46.0327	15.0327	16.72	355475.46	207.38	 1.52	 5.91	 0.99	10.87	 1.08	322.38	286.18	290.35	265.84	291.70	0	53.17
2012	2	16	2.106	6255.0879	46.0878	15.0878	 4.86	 2.53	209.92	 1.57	 0.59	 1.00	10.77	 1.16	322.35	285.54	290.98	266.48	290.94	0	53.30
2012	2	16	2.544	6255.1060	46.1060	15.1060	47.37	 1.00	210.21	 0.00	 4.22	 0.00	10.73	 1.17	322.37	285.35	291.57	266.64	290.75	0	53.33
2012	2	16	3.006	6255.1255	46.1253	15.1253	 4.30	 1.34	209.36	 1.46	 1.60	 1.00	10.70	 1.15	322.50	285.22	290.00	266.43	290.68	0	53.29
2012	2	16	6.551	6255.2729	46.2730	15.2730	 4.65	 2.36	208.73	 1.81	 7.94	 0.99	10.80	 1.09	322.57	283.81	287.99	265.48	288.06	0	53.10
2012	2	16	8.334	6255.3472	46.3472	15.3472	17.00	554231.66	204.05	 1.77	 3.55	 1.00	10.75	 1.09	322.42	283.82	285.86	265.64	289.11	0	53.13
2012	2	16	8.774	6255.3657	46.3656	15.3656	23.88	429721318.68	212.78	 1.47	 0.52	 1.00	10.80	 1.25	322.42	283.71	290.89	265.33	289.03	0	53.07
2012	2	16	11.898	6255.4956	46.4958	15.4958	 3.99	 1.11	209.01	 1.66	 3.36	 1.00	10.78	 1.21	322.58	284.74	289.55	269.91	288.43	0	53.98
2012	2	16	13.213	6255.5508	46.5505	15.5505	47.18	 1.00	214.00	 0.00	110.73	 0.00	10.70	 1.14	322.63	288.71	293.23	 0.00	 0.00	0	54.00
2012	2	16	15.429	6255.6431	46.6429	15.6429	 2.93	 0.41	207.46	 1.84	 6.27	 1.00	10.82	 1.13	322.30	297.19	303.34	290.44	302.84	0	58.09
2012	2	16	17.250	6255.7187	46.7187	15.7187	 3.17	 1.58	215.81	 5.72	60.91	 1.00	10.85	 1.13	321.74	297.16	308.61	276.79	302.28	0	55.36
2012	2	16	18.595	6255.7749	46.7748	15.7748	 4.29	 1.26	213.03	 1.41	 2.19	 1.00	10.77	 1.23	322.28	295.61	305.43	272.12	301.67	0	54.42
2012	2	16	19.034	6255.7930	46.7931	15.7931	 4.22	 1.86	205.13	 2.15	 5.16	 1.00	10.70	 1.11	322.21	295.05	303.56	273.49	 0.00	0	54.70
2012	2	16	19.472	6255.8115	46.8113	15.8113	 4.04	 1.09	210.16	 1.57	 1.33	 1.00	10.75	 1.25	322.22	294.65	302.45	272.97	300.42	0	54.59
2012	2	16	20.811	6255.8672	46.8671	15.8671	 5.81	 8.78	213.10	 2.13	 8.14	 1.00	10.77	 1.24	322.64	292.17	302.26	269.43	297.86	0	53.89
2012	2	16	21.250	6255.8853	46.8854	15.8854	 3.50	 0.90	211.56	 2.28	 1.90	 1.00	10.73	 1.17	322.79	291.26	298.77	269.02	296.83	0	53.80
2012	2	16	21.691	6255.9038	46.9038	15.9038	 3.17	 0.77	207.81	 2.69	 6.94	 1.00	10.73	 1.15	322.67	290.38	295.52	 0.00	295.93	0	54.00
2012	2	17	0.789	6256.0327	47.0329	16.0329	45.36	 1.00	213.03	 0.00	 7.75	 0.00	10.73	 1.21	322.56	286.35	294.46	267.55	 0.00	0	53.51
2012	2	17	1.252	6256.0522	47.0522	16.0522	23.43	312738826.11	206.48	 1.63	 3.39	 1.00	10.77	 1.11	322.62	286.11	290.17	267.34	291.47	0	53.47
2012	2	17	2.131	6256.0889	47.0888	16.0888	24.04	537603233.83	210.53	 1.56	 2.94	 1.00	10.72	 1.27	322.67	285.80	290.21	267.21	292.13	0	53.44
2012	2	17	3.474	6256.1445	47.1448	16.1448	 4.69	 2.19	215.28	 1.66	 8.31	 0.99	10.77	 1.24	319.42	285.32	292.57	265.72	290.39	0	53.14
2012	2	17	9.658	6256.4023	47.4024	16.4024	13.88	20076.29	214.07	 1.52	 1.27	 1.00	10.75	 1.24	321.97	282.11	288.74	265.55	288.27	0	53.11
2012	2	17	10.999	6256.4585	47.4583	16.4583	17.42	811658.18	209.14	 1.75	 3.30	 1.00	10.77	 1.10	321.94	282.30	287.52	265.64	288.27	0	53.13
2012	2	17	11.439	6256.4766	47.4766	16.4766	 4.15	 1.28	208.80	 1.62	 4.87	 1.00	10.73	 1.20	321.98	283.00	286.24	268.79	289.19	0	53.76
2012	2	17	11.877	6256.4951	47.4949	16.4949	 4.13	 1.38	210.42	 1.80	 4.58	 1.00	10.72	 1.21	322.12	284.01	289.36	269.87	288.47	0	53.97
2012	2	17	12.339	6256.5142	47.5141	16.5141	14.50	31518.66	209.26	 1.26	 1.49	 1.00	10.75	 1.16	322.21	285.18	290.57	270.49	291.60	0	54.10
2012	2	17	13.213	6256.5508	47.5506	16.5506	 4.44	 2.15	205.95	 2.00	 4.08	 1.00	10.73	 1.13	322.37	287.99	291.77	276.20	293.08	0	55.24
# Unit 3, Cerro Chajnantor CCAT, Filter  0,  Slot 1, 350 um (616) & yellow
#				days
#				since		day of	day of
# yr	mo	dy	 time	1/1/1995	year	month	Tau	unc	Tatm	unc	mse	fitgood	Etime	R	Thot	Twarm	Tchop	Tamb	<Tint>	Filter	Toff
# 1	2	3	4	5		6	7	8	9	10	11	12	13	14	15	16	17	18	19	20	21	22
