2010	11	1	0.229	5783.0098	304.0096	0.0095	 0.77	 0.05	185.60	 3.90	 9.48	 0.98	10.85	 1.24	321.24	282.13	289.22	261.51	 0.00	0	52.30
2010	11	1	2.024	5783.0845	304.0843	0.0843	 0.47	 0.06	170.96	10.37	 0.32	 1.00	10.93	 1.15	321.20	279.36	287.76	264.48	284.37	0	52.90
2010	11	1	2.908	5783.1211	304.1212	0.1212	 0.52	 0.04	168.48	 6.01	 7.31	 0.98	10.80	 1.22	321.20	278.97	285.04	263.52	284.14	0	52.70
2010	11	1	3.790	5783.1577	304.1579	0.1579	 0.58	 0.06	161.32	 7.10	 3.04	 1.00	10.77	 1.23	321.12	278.61	284.43	 0.00	286.61	0	54.00
# Unit 3, Cerro Chajnantor CCAT, Filter  0,  Slot 1, 350 um (616) & yellow
#				days
#				since		day of	day of
# yr	mo	dy	 time	1/1/1995	year	month	Tau	unc	Tatm	unc	mse	fitgood	Etime	R	Thot	Twarm	Tchop	Tamb	<Tint>	Filter	Toff
# 1	2	3	4	5		6	7	8	9	10	11	12	13	14	15	16	17	18	19	20	21	22
2010	11	1	5.164	5783.2153	304.2152	0.2152	 0.33	 0.05	186.37	17.35	10.62	 0.99	10.72	 1.11	321.04	278.09	284.26	 0.00	 0.00	0	54.00
2010	11	1	6.958	5783.2900	304.2899	0.2899	 0.43	 0.05	158.61	 9.84	12.77	 0.97	10.73	 1.22	321.39	277.56	284.30	 0.00	282.69	0	54.00
2010	11	1	8.750	5783.3647	304.3646	0.3646	 0.55	 0.05	150.42	 5.56	10.25	 0.96	10.82	 1.24	321.16	277.20	283.84	262.19	282.29	0	52.44
2010	11	1	9.193	5783.3828	304.3831	0.3831	 0.27	 0.06	195.86	27.14	30.39	 0.92	10.82	 1.13	321.20	277.18	283.25	 0.00	284.89	0	54.00
2010	11	1	9.635	5783.4014	304.4015	0.4015	 0.47	 0.05	155.39	 8.16	13.12	 0.97	10.82	 1.22	321.04	277.14	283.96	262.57	284.90	0	52.51
2010	11	1	11.426	5783.4761	304.4761	0.4761	 0.33	 0.06	177.64	17.89	22.30	 0.95	10.80	 1.15	321.41	279.57	283.39	267.00	286.02	0	53.40
2010	11	1	11.865	5783.4941	304.4944	0.4944	 0.48	 0.05	169.26	 8.19	 3.54	 1.00	10.73	 1.28	321.52	280.75	286.83	268.67	285.43	0	53.73
2010	11	1	12.303	5783.5127	304.5126	0.5126	 0.30	 0.03	222.00	15.54	13.27	 0.94	10.72	 1.21	321.54	282.10	283.54	269.67	289.24	0	53.93
2010	11	1	15.851	5783.6606	304.6604	0.6604	 1.08	 0.06	174.89	 2.38	44.27	 0.53	10.73	 1.22	317.13	294.58	305.07	282.13	301.40	0	56.43
2010	11	1	16.289	5783.6787	304.6787	0.6787	 0.89	 0.03	185.17	 2.19	10.74	 0.88	10.72	 1.22	318.64	295.36	307.09	280.68	303.37	0	56.14
2010	11	1	17.163	5783.7153	304.7151	0.7151	 0.93	 0.03	175.34	 1.73	10.90	 0.76	10.73	 1.26	317.75	296.51	307.30	283.68	302.41	0	56.74
2010	11	1	20.710	5783.8628	304.8629	0.8629	 0.86	 0.05	184.72	 3.64	 6.32	 1.00	10.72	 1.13	320.25	292.07	307.38	276.77	301.59	0	55.35
2010	11	1	21.151	5783.8813	304.8813	0.8813	 0.32	 0.07	248.40	31.58	53.07	 0.96	10.77	 1.03	320.53	291.09	290.64	274.69	300.97	0	54.94
2010	11	1	21.592	5783.8999	304.8997	0.8997	 0.84	 0.07	194.17	 5.14	13.05	 0.99	10.78	 1.25	320.95	290.10	301.24	 0.00	299.45	0	54.00
2010	11	1	22.059	5783.9189	304.9191	0.9191	 0.92	 0.32	195.38	19.77	34.82	 1.00	10.77	 1.28	321.79	288.58	301.43	265.33	296.41	0	53.07
2010	11	1	22.941	5783.9561	304.9559	0.9559	 0.70	 0.11	218.66	12.30	210.08	 0.85	10.78	 1.19	320.83	286.03	295.51	 0.00	 0.00	0	54.00
2010	11	2	0.289	5784.0122	305.0121	1.0121	 0.60	 0.04	187.16	 4.65	 9.44	 0.96	10.80	 1.22	323.47	282.69	289.86	 0.00	289.04	0	54.00
2010	11	2	1.612	5784.0674	305.0671	1.0672	 1.11	 0.17	154.99	 5.80	388.18	 0.32	10.80	 1.27	320.25	280.41	286.86	261.94	 0.00	0	52.39
2010	11	2	2.053	5784.0854	305.0855	1.0856	 0.42	 0.04	172.60	 7.79	11.26	 0.94	10.73	 1.22	320.64	279.89	285.86	263.07	 0.00	0	52.61
2010	11	2	3.402	5784.1416	305.1417	1.1417	 0.39	 0.05	163.65	10.71	 7.21	 0.99	10.80	 1.19	320.78	278.70	284.75	 0.00	283.87	0	54.00
2010	11	2	3.845	5784.1602	305.1602	1.1602	 0.42	 0.14	203.84	34.46	1247.25	 0.21	10.90	 1.16	320.76	278.34	282.52	262.04	284.85	0	52.41
2010	11	2	4.289	5784.1787	305.1787	1.1787	19.10	13409398.86	134.30	 3.46	40.32	 0.99	10.77	 1.26	319.79	278.01	284.64	261.71	283.15	0	52.34
2010	11	2	6.551	5784.2729	305.2729	1.2730	 0.32	 0.03	182.12	11.59	13.27	 0.88	10.92	 1.10	318.30	276.08	281.15	259.38	280.87	0	51.88
2010	11	2	7.020	5784.2925	305.2925	1.2925	 0.37	 0.04	177.92	10.07	14.24	 0.91	10.82	 1.09	318.11	275.73	281.41	259.54	 0.00	0	51.91
2010	11	2	8.351	5784.3481	305.3480	1.3480	 0.50	 0.03	177.80	 4.87	 3.88	 0.99	10.75	 1.16	317.43	275.23	280.58	259.39	281.48	0	51.88
2010	11	2	8.793	5784.3662	305.3664	1.3664	 0.32	 0.06	193.68	23.26	48.19	 0.90	10.82	 1.02	317.53	275.21	276.76	259.94	282.81	0	51.99
2010	11	2	9.258	5784.3857	305.3857	1.3858	 0.56	 0.04	180.92	 5.72	 3.69	 1.00	10.82	 1.18	317.49	275.30	283.26	259.99	280.15	0	52.00
2010	11	2	9.703	5784.4043	305.4043	1.4043	 0.62	 0.04	174.63	 4.45	 8.72	 0.97	10.77	 1.26	317.36	275.28	282.07	259.44	281.53	0	51.89
2010	11	2	11.022	5784.4595	305.4592	1.4592	 1.10	 0.38	153.23	12.99	172.10	 0.99	10.78	 1.25	317.50	277.25	282.06	266.84	283.31	0	53.37
2010	11	2	11.486	5784.4785	305.4786	1.4786	 0.55	 0.03	181.61	 5.14	 5.10	 0.99	10.73	 1.21	317.66	278.68	283.91	268.74	283.33	0	53.75
2010	11	2	15.012	5784.6255	305.6255	1.6255	 0.86	 0.07	194.17	 4.70	 5.38	 1.00	10.73	 1.08	319.31	292.84	303.06	281.16	300.98	0	56.23
2010	11	2	15.448	5784.6436	305.6437	1.6437	 0.63	 0.20	254.30	32.34	3018.46	 0.35	10.73	 1.01	320.18	294.25	301.97	282.68	301.13	0	56.54
2010	11	2	16.349	5784.6812	305.6812	1.6812	 1.15	 0.05	201.89	 2.27	 8.29	 0.98	10.77	 1.22	321.02	296.42	306.82	280.98	302.20	0	56.20
2010	11	2	16.788	5784.6997	305.6995	1.6995	 1.09	 0.06	196.87	 2.58	 4.98	 1.00	10.73	 1.13	323.02	296.97	306.30	281.68	302.79	0	56.34
2010	11	2	17.663	5784.7358	305.7359	1.7359	 0.81	 0.06	197.09	 4.59	 1.89	 1.00	10.72	 1.15	320.03	297.49	307.61	282.50	303.22	0	56.50
2010	11	2	18.562	5784.7734	305.7734	1.7734	 0.59	 0.04	199.99	 5.44	18.49	 0.91	10.73	 0.95	317.05	296.97	308.46	283.68	303.26	0	56.74
2010	11	2	19.435	5784.8096	305.8098	1.8098	 0.65	 0.07	188.48	 8.31	13.98	 1.00	10.73	 0.99	316.67	295.78	310.07	280.09	303.64	0	56.02
2010	11	2	20.775	5784.8657	305.8656	1.8656	 0.88	 0.07	187.61	 4.82	11.60	 1.00	10.72	 1.16	317.22	292.66	304.87	275.21	301.00	0	55.04
2010	11	2	23.441	5784.9766	305.9767	1.9767	 0.58	 0.21	196.21	30.58	141.65	 1.00	10.88	 1.28	318.38	284.08	294.55	 0.00	 0.00	0	54.00
2010	11	3	4.808	5785.2002	306.2003	2.2003	 0.47	 0.04	181.19	 7.66	20.83	 0.89	10.78	 1.13	322.98	279.02	284.47	264.23	284.36	0	52.85
2010	11	3	5.747	5785.2393	306.2394	2.2395	 0.54	 0.04	183.97	 5.96	14.47	 0.94	10.82	 1.20	323.96	278.99	283.92	264.35	285.42	0	52.87
2010	11	3	6.187	5785.2578	306.2578	2.2578	 0.64	 0.04	180.32	 4.11	 4.31	 0.99	10.78	 1.27	324.00	279.04	285.95	 0.00	 0.00	0	54.00
2010	11	3	7.539	5785.3140	306.3141	2.3141	 0.63	 0.05	181.12	 5.18	 3.25	 1.00	10.78	 1.23	323.75	278.87	285.01	 0.00	285.20	0	54.00
2010	11	3	7.980	5785.3325	306.3325	2.3325	 0.65	 0.06	183.22	 6.18	 2.72	 1.00	10.75	 1.26	323.94	278.74	284.59	262.87	285.02	0	52.57
2010	11	3	9.777	5785.4072	306.4073	2.4074	 0.49	 0.04	180.17	 7.20	12.31	 0.96	10.92	 1.10	322.34	278.24	281.28	262.89	282.97	0	52.58
2010	11	3	10.226	5785.4263	306.4261	2.4261	 0.67	 0.05	174.48	 4.76	 4.39	 1.00	10.85	 1.26	321.95	278.37	284.10	263.48	283.08	0	52.70
2010	11	3	10.671	5785.4448	306.4446	2.4446	 0.70	 0.05	171.04	 4.28	 4.12	 1.00	11.00	 1.29	322.06	278.98	286.07	264.86	 0.00	0	52.97
2010	11	3	11.557	5785.4814	306.4815	2.4815	 0.66	 0.04	176.17	 4.17	 1.22	 1.00	10.77	 1.27	322.57	280.69	287.33	266.14	286.41	0	53.23
2010	11	3	14.672	5785.6113	306.6113	2.6113	 0.92	 0.05	191.73	 2.90	 9.05	 0.98	10.73	 1.30	320.83	291.79	300.97	275.82	298.55	0	55.16
2010	11	3	15.986	5785.6660	306.6661	2.6661	 0.78	 0.06	193.58	 4.94	 3.31	 1.00	10.73	 1.21	316.53	294.77	305.95	278.53	302.39	0	55.71
2010	11	3	16.448	5785.6855	306.6853	2.6853	 0.68	 0.06	186.54	 6.78	13.94	 0.99	10.77	 1.00	317.02	295.35	307.08	280.59	301.89	0	56.12
2010	11	3	18.661	5785.7773	306.7776	2.7775	 0.98	 0.05	188.45	 2.68	 3.88	 1.00	10.78	 1.13	319.93	296.16	306.05	283.09	303.59	0	56.62
2010	11	3	19.098	5785.7959	306.7957	2.7958	 1.08	 0.06	193.46	 2.78	 4.01	 1.00	10.70	 1.18	320.12	295.80	306.57	280.74	303.59	0	56.15
2010	11	3	19.974	5785.8320	306.8322	2.8322	 1.09	 0.08	197.63	 3.53	13.55	 0.99	10.73	 1.20	319.91	294.42	305.85	277.94	302.71	0	55.59
2010	11	3	22.636	5785.9434	306.9432	2.9432	 0.88	 0.26	207.20	18.37	2037.87	 0.43	10.75	 1.12	316.53	286.31	296.48	263.66	293.54	0	52.73
2010	11	3	23.104	5785.9629	306.9627	2.9627	 0.79	 0.10	181.37	 7.77	 4.84	 1.00	10.77	 1.25	317.92	284.57	295.78	262.21	290.59	0	52.44
2010	11	3	23.991	5785.9995	306.9996	2.9996	 0.55	 0.06	181.70	 8.00	 4.13	 1.00	10.95	 1.22	319.00	281.68	291.93	 0.00	287.26	0	54.00
2010	11	4	0.874	5786.0366	307.0364	3.0364	 0.58	 0.06	175.56	 7.40	 5.57	 1.00	10.87	 1.19	320.08	279.45	286.01	259.10	 0.00	0	51.82
2010	11	4	1.785	5786.0742	307.0744	3.0744	 0.63	 0.04	171.35	 4.92	11.59	 0.97	10.87	 1.25	320.62	277.89	285.09	260.79	285.28	0	52.16
2010	11	4	2.230	5786.0928	307.0929	3.0929	 0.46	 0.05	187.69	10.46	15.32	 0.98	10.85	 1.16	320.82	277.52	281.92	260.50	 0.00	0	52.10
2010	11	4	3.123	5786.1299	307.1301	3.1301	 0.66	 0.05	175.24	 5.20	 6.94	 0.99	10.92	 1.22	321.20	276.83	284.05	 0.00	 0.00	0	54.00
2010	11	4	3.591	5786.1494	307.1496	3.1496	 0.67	 0.05	180.69	 5.53	 4.03	 1.00	10.83	 1.24	321.69	276.77	282.59	259.58	284.36	0	51.92
2010	11	4	5.867	5786.2446	307.2445	3.2445	 0.75	 0.06	167.89	 4.36	 4.87	 1.00	10.80	 1.25	325.11	275.81	282.72	259.39	281.64	0	51.88
2010	11	4	7.199	5786.2998	307.3000	3.3000	 0.88	 0.07	159.51	 3.96	11.33	 0.99	10.82	 1.22	323.64	275.34	282.61	 0.00	282.34	0	54.00
2010	11	4	7.643	5786.3184	307.3185	3.3185	 0.63	 0.05	172.31	 5.26	 1.76	 1.00	10.75	 1.25	322.69	275.16	282.01	258.36	279.63	0	51.67
2010	11	4	9.882	5786.4116	307.4117	3.4117	 0.53	 0.05	183.80	 7.27	 8.74	 0.99	10.90	 1.13	320.39	274.10	280.55	258.02	279.88	0	51.60
2010	11	4	10.350	5786.4312	307.4312	3.4312	 0.61	 0.06	169.10	 7.04	 3.96	 1.00	10.77	 1.10	320.72	274.27	279.71	 0.00	280.01	0	54.00
2010	11	4	10.791	5786.4497	307.4496	3.4496	 0.64	 0.04	184.38	 4.44	 3.30	 1.00	10.98	 1.23	320.87	274.88	282.32	260.20	 0.00	0	52.04
2010	11	4	11.236	5786.4683	307.4682	3.4682	 0.59	 0.04	176.22	 5.50	 7.51	 0.99	10.80	 1.17	321.00	275.67	279.78	261.44	 0.00	0	52.29
2010	11	4	11.677	5786.4863	307.4866	3.4866	 0.65	 0.04	181.12	 4.34	 2.56	 1.00	10.75	 1.28	321.18	276.81	282.04	265.25	282.85	0	53.05
2010	11	4	12.581	5786.5244	307.5242	3.5242	 0.59	 0.04	176.89	 5.35	12.52	 0.96	10.82	 1.22	321.31	279.69	286.06	265.21	 0.00	0	53.04
2010	11	4	14.333	5786.5972	307.5972	3.5972	 0.61	 0.04	177.62	 4.25	 3.08	 1.00	10.75	 1.28	321.45	286.19	295.12	269.22	293.27	0	53.84
2010	11	4	16.108	5786.6714	307.6712	3.6712	 0.50	 0.04	188.75	 7.68	22.77	 0.91	10.72	 1.07	319.40	291.42	298.47	275.63	298.32	0	55.13
2010	11	4	16.544	5786.6895	307.6894	3.6894	 0.79	 0.05	182.89	 3.78	13.01	 0.96	10.73	 1.24	318.88	292.30	302.81	276.97	298.92	0	55.39
2010	11	4	17.007	5786.7085	307.7086	3.7086	 0.81	 0.06	189.24	 4.70	 8.59	 1.00	10.77	 1.26	318.85	292.92	304.02	276.84	299.77	0	55.37
2010	11	4	18.319	5786.7632	307.7633	3.7633	 0.94	 0.09	189.71	 5.54	43.40	 0.96	10.75	 1.14	318.30	293.54	297.54	277.47	300.73	0	55.49
2010	11	4	21.431	5786.8931	307.8930	3.8930	 1.27	 0.05	190.75	 1.63	 5.01	 0.98	10.88	 1.15	318.43	288.72	299.70	 0.00	295.43	0	54.00
2010	11	5	0.109	5787.0044	308.0045	4.0045	 1.16	 0.31	190.10	12.20	591.09	 0.87	10.75	 1.17	319.71	280.28	285.55	258.49	 0.00	0	51.70
2010	11	5	2.796	5787.1167	308.1165	4.1165	 0.78	 0.06	177.88	 4.62	 9.88	 0.99	10.80	 1.28	320.16	275.92	283.76	257.51	283.47	0	51.50
2010	11	5	4.155	5787.1733	308.1731	4.1731	 0.60	 0.05	173.38	 6.54	 7.62	 1.00	10.73	 1.16	320.56	274.84	279.55	257.42	 0.00	0	51.48
2010	11	5	4.599	5787.1914	308.1916	4.1916	 0.53	 0.04	182.08	 6.80	 3.62	 1.00	10.77	 1.15	320.37	274.57	280.67	257.02	280.79	0	51.40
2010	11	5	5.485	5787.2285	308.2285	4.2286	 0.63	 0.06	169.99	 6.83	11.80	 0.99	10.75	 1.16	319.56	274.07	281.06	 0.00	278.86	0	54.00
2010	11	5	5.929	5787.2471	308.2471	4.2471	 0.52	 0.06	191.05	10.25	198.61	 0.25	10.75	 1.10	319.95	273.86	278.69	257.44	 0.00	0	51.49
2010	11	5	6.424	5787.2676	308.2677	4.2677	 0.64	 0.07	167.47	 7.52	 3.81	 1.00	10.80	 1.13	320.31	273.81	281.60	 0.00	281.24	0	54.00
2010	11	5	6.867	5787.2861	308.2861	4.2861	 0.48	 0.05	179.09	 9.24	 8.16	 0.99	10.75	 1.07	320.02	273.80	279.73	257.97	 0.00	0	51.59
2010	11	5	7.315	5787.3047	308.3048	4.3048	 0.39	 0.05	176.58	12.21	 2.11	 1.00	10.78	 1.01	319.96	273.84	279.56	 0.00	278.69	0	54.00
2010	11	5	7.758	5787.3232	308.3232	4.3232	 0.49	 0.06	180.41	 9.95	12.46	 0.99	10.75	 1.11	320.04	273.91	280.14	259.62	278.83	0	51.92
2010	11	5	8.679	5787.3618	308.3616	4.3616	 0.59	 0.04	175.37	 5.47	 6.27	 0.99	10.90	 1.13	320.04	274.21	281.29	259.94	280.22	0	51.99
2010	11	5	14.023	5787.5845	308.5843	4.5843	 0.76	 0.05	176.28	 3.82	 1.06	 1.00	10.75	 1.30	320.26	285.37	294.61	270.38	292.48	0	54.08
2010	11	5	14.899	5787.6206	308.6208	4.6208	 0.67	 0.06	179.84	 5.87	 7.59	 1.00	10.83	 1.23	318.34	288.89	298.81	274.24	295.88	0	54.85
2010	11	5	16.675	5787.6948	308.6948	4.6948	 0.63	 0.08	191.41	 9.46	 9.25	 1.00	10.73	 1.10	318.85	293.46	306.14	276.64	297.99	0	55.33
2010	11	5	17.112	5787.7129	308.7130	4.7130	 0.81	 0.06	187.39	 4.64	11.20	 0.99	10.73	 1.11	318.59	294.07	302.79	277.91	300.44	0	55.58
2010	11	5	17.575	5787.7324	308.7323	4.7323	 0.94	 0.04	186.62	 2.53	 1.19	 1.00	10.78	 1.23	318.13	294.39	303.35	278.52	300.88	0	55.70
2010	11	5	19.324	5787.8052	308.8052	4.8052	 0.91	 0.05	186.12	 3.06	 9.01	 0.98	10.73	 1.24	317.03	294.26	303.95	280.98	302.03	0	56.20
2010	11	5	20.661	5787.8608	308.8609	4.8609	 0.75	 0.21	217.90	21.33	832.09	 0.82	10.73	 1.15	316.45	292.23	304.25	276.78	299.02	0	55.36
2010	11	5	21.097	5787.8789	308.8791	4.8791	 0.79	 0.05	189.86	 3.93	 1.17	 1.00	10.72	 1.13	316.43	291.30	304.26	274.11	301.71	0	54.82
2010	11	6	0.674	5788.0283	309.0281	5.0281	 0.79	 0.04	186.92	 3.25	 9.10	 0.97	10.78	 1.29	321.04	282.44	291.15	264.66	287.85	0	52.93
2010	11	6	1.114	5788.0464	309.0464	5.0464	 0.62	 0.04	198.63	 4.65	 1.54	 1.00	10.72	 1.20	321.10	281.91	288.05	264.59	287.17	0	52.92
2010	11	6	2.469	5788.1030	309.1029	5.1029	 0.87	 0.04	191.95	 2.64	 6.05	 0.98	10.80	 1.23	321.53	280.88	287.40	264.41	285.95	0	52.88
2010	11	6	2.915	5788.1216	309.1215	5.1214	 0.90	 0.04	192.60	 2.42	 1.74	 1.00	10.88	 1.29	321.25	280.78	286.76	264.98	285.90	0	53.00
2010	11	6	4.241	5788.1768	309.1767	5.1767	 0.67	 0.04	182.27	 4.19	 6.20	 0.99	10.87	 1.17	321.33	280.63	284.90	265.16	 0.00	0	53.03
2010	11	6	4.708	5788.1963	309.1962	5.1962	 0.64	 0.04	188.04	 4.27	 4.15	 0.99	10.78	 1.18	321.32	280.49	287.30	264.39	 0.00	0	52.88
2010	11	6	5.149	5788.2144	309.2145	5.2145	 0.59	 0.04	187.55	 5.16	 4.89	 0.99	10.78	 1.20	321.38	280.36	287.62	264.42	285.74	0	52.88
2010	11	6	5.591	5788.2329	309.2330	5.2330	 0.61	 0.05	185.15	 5.78	 0.83	 1.00	10.78	 1.21	321.31	280.16	286.71	 0.00	 0.00	0	54.00
2010	11	6	6.477	5788.2700	309.2699	5.2699	 0.73	 0.05	170.63	 4.19	 4.38	 1.00	10.95	 1.26	321.42	279.78	285.83	 0.00	286.34	0	54.00
2010	11	6	6.969	5788.2905	309.2904	5.2904	 0.64	 0.05	172.98	 5.23	 5.20	 1.00	10.83	 1.15	318.34	279.42	285.70	264.48	284.89	0	52.90
2010	11	6	10.535	5788.4390	309.4389	5.4389	 0.56	 0.04	179.03	 5.59	 8.28	 0.98	10.82	 1.21	320.14	276.21	282.08	265.12	283.97	0	53.02
2010	11	6	10.974	5788.4570	309.4572	5.4573	 0.59	 0.04	179.01	 5.14	 3.13	 1.00	10.78	 1.27	319.87	277.47	281.58	266.73	283.80	0	53.35
2010	11	6	12.756	5788.5312	309.5315	5.5315	 0.81	 0.06	194.77	 4.61	 2.63	 1.00	10.77	 1.23	320.48	284.11	289.79	272.44	291.31	0	54.49
2010	11	6	13.193	5788.5498	309.5497	5.5497	 1.06	 0.13	196.94	 6.30	319.29	 0.49	10.73	 1.23	320.30	285.95	293.89	272.90	293.22	0	54.58
2010	11	6	15.866	5788.6611	309.6611	5.6611	 1.02	 0.38	215.90	21.91	1126.27	 0.92	10.75	 1.09	322.19	295.66	306.36	282.78	302.09	0	56.56
2010	11	6	16.742	5788.6978	309.6976	5.6976	 1.12	 0.09	194.07	 3.67	17.99	 0.99	10.73	 1.24	317.28	297.14	308.51	284.35	302.99	0	56.87
2010	11	6	18.951	5788.7896	309.7896	5.7896	 0.90	 0.09	182.08	 5.40	18.09	 0.99	10.73	 1.05	317.30	296.53	308.05	283.53	305.14	0	56.71
2010	11	6	19.388	5788.8076	309.8079	5.8078	 0.76	 0.07	189.61	 6.14	26.33	 0.98	10.73	 1.01	317.09	296.03	309.26	282.95	303.81	0	56.59
2010	11	6	19.826	5788.8262	309.8260	5.8261	 0.89	 0.07	174.04	 3.97	32.60	 0.90	10.72	 0.98	317.42	295.42	307.37	282.73	303.55	0	56.55
2010	11	6	20.728	5788.8638	309.8636	5.8637	 1.38	 0.08	196.63	 2.17	 9.99	 0.98	10.73	 1.24	317.17	293.75	306.98	279.77	302.25	0	55.95
2010	11	7	2.507	5789.1045	310.1045	6.1045	 0.83	 0.05	179.13	 3.12	 6.31	 0.99	10.83	 1.20	320.93	278.13	284.62	264.52	286.04	0	52.90
2010	11	7	3.420	5789.1426	310.1425	6.1425	 0.77	 0.05	172.85	 3.66	 9.34	 0.98	10.70	 1.25	320.97	278.31	282.21	 0.00	284.80	0	54.00
2010	11	7	4.305	5789.1792	310.1794	6.1794	 0.80	 0.04	169.53	 3.14	 2.79	 1.00	10.72	 1.28	320.95	278.43	285.06	 0.00	 0.00	0	54.00
2010	11	7	5.209	5789.2173	310.2170	6.2170	 0.65	 0.05	176.66	 4.99	 6.68	 0.99	10.77	 1.20	320.96	278.33	285.57	263.15	283.51	0	52.63
2010	11	7	5.649	5789.2354	310.2354	6.2354	 0.46	 0.05	187.44	 9.49	 5.99	 1.00	10.83	 1.14	320.88	278.27	284.25	263.15	 0.00	0	52.63
2010	11	7	6.096	5789.2539	310.2540	6.2540	 0.64	 0.06	174.09	 6.10	 9.44	 0.99	10.92	 1.24	320.93	278.16	285.05	263.00	284.70	0	52.60
2010	11	7	6.539	5789.2725	310.2725	6.2725	 0.60	 0.04	174.72	 5.21	 7.01	 0.99	10.82	 1.24	320.94	278.08	282.80	263.27	284.62	0	52.65
2010	11	7	6.980	5789.2910	310.2908	6.2908	 0.55	 0.03	180.32	 4.75	 6.67	 0.97	10.77	 1.24	320.91	278.02	282.94	263.28	 0.00	0	52.66
2010	11	7	7.473	5789.3115	310.3114	6.3114	 0.70	 0.04	172.98	 3.88	 2.04	 1.00	10.78	 1.24	320.88	277.97	284.22	 0.00	285.94	0	54.00
2010	11	7	7.916	5789.3296	310.3298	6.3298	 0.69	 0.04	173.87	 3.66	11.03	 0.94	10.70	 1.23	320.85	277.95	284.26	263.48	285.90	0	52.70
2010	11	7	8.359	5789.3481	310.3483	6.3483	 0.50	 0.04	190.21	 7.55	10.31	 0.98	10.75	 1.12	320.79	277.93	283.69	263.31	284.49	0	52.66
2010	11	7	9.720	5789.4048	310.4050	6.4050	 0.70	 0.06	174.05	 5.35	 7.17	 1.00	10.75	 1.16	320.95	277.60	282.48	 0.00	 0.00	0	54.00
2010	11	7	10.158	5789.4233	310.4232	6.4232	 0.67	 0.04	181.41	 3.86	 5.36	 0.99	10.72	 1.24	320.99	277.82	284.14	262.96	282.59	0	52.59
2010	11	7	12.387	5789.5161	310.5161	6.5161	 0.75	 0.05	188.41	 4.45	 2.59	 1.00	10.73	 1.18	321.29	283.10	288.42	272.04	290.01	0	54.41
2010	11	7	13.262	5789.5527	310.5526	6.5526	 1.86	 0.89	165.24	10.87	256.18	 0.99	10.73	 1.14	321.25	286.31	294.87	272.04	293.58	0	54.41
2010	11	7	14.162	5789.5903	310.5901	6.5901	 0.86	 0.04	203.96	 2.85	13.82	 0.92	10.75	 1.22	321.61	289.39	299.45	273.29	296.89	0	54.66
2010	11	7	15.037	5789.6265	310.6265	6.6265	 1.09	 0.07	198.47	 3.00	12.39	 0.98	10.73	 1.26	320.99	292.45	302.71	276.85	299.84	0	55.37
2010	11	7	16.811	5789.7007	310.7004	6.7005	 1.02	 0.07	189.44	 3.44	13.18	 0.99	10.78	 1.07	317.16	295.80	305.97	279.72	302.71	0	55.94
2010	11	7	17.249	5789.7187	310.7187	6.7187	 0.59	 0.07	200.98	 9.82	36.72	 0.97	10.73	 0.87	316.84	295.97	305.55	279.05	304.79	0	55.81
2010	11	7	18.123	5789.7554	310.7551	6.7551	 1.25	 0.09	200.65	 3.11	10.50	 0.99	10.75	 1.12	317.11	295.86	307.43	280.80	303.09	0	56.16
2010	11	7	18.586	5789.7744	310.7744	6.7744	 0.81	 0.14	186.67	10.70	92.36	 0.98	10.75	 0.81	316.67	295.44	305.54	278.24	302.98	0	55.65
2010	11	7	20.336	5789.8472	310.8473	6.8473	 1.69	 0.11	203.82	 2.02	 1.99	 1.00	10.72	 1.24	316.90	292.57	305.70	277.06	300.81	0	55.41
2010	11	7	20.798	5789.8667	310.8666	6.8666	 1.61	 0.45	218.77	10.08	188.93	 0.99	10.77	 1.25	317.10	291.58	303.97	275.49	298.12	0	55.10
2010	11	7	23.476	5789.9780	310.9781	6.9781	 1.30	 0.13	191.20	 4.08	 3.52	 1.00	10.93	 1.24	320.98	283.41	290.24	 0.00	290.33	0	54.00
2010	11	8	0.811	5790.0337	311.0338	7.0338	 1.57	 0.18	221.46	 4.37	729.32	 0.04	10.82	 1.22	320.77	280.05	287.73	259.39	285.31	0	51.88
2010	11	8	1.281	5790.0532	311.0533	7.0534	 1.21	 0.07	190.23	 2.55	 4.25	 1.00	10.93	 1.14	321.31	279.16	286.07	 0.00	284.18	0	54.00
2010	11	8	2.609	5790.1089	311.1087	7.1087	 1.16	 0.05	197.40	 2.18	 3.87	 1.00	10.77	 1.25	322.12	277.48	283.00	259.11	284.59	0	51.82
2010	11	8	3.522	5790.1470	311.1467	7.1467	 1.10	 0.08	190.00	 3.41	 3.45	 1.00	10.82	 1.14	322.70	276.78	283.83	259.31	 0.00	0	51.86
2010	11	8	3.972	5790.1655	311.1655	7.1655	 1.08	 0.07	189.60	 3.03	 8.04	 0.99	10.92	 1.23	322.71	276.52	281.34	259.36	282.38	0	51.87
2010	11	8	5.302	5790.2207	311.2209	7.2209	 0.98	 0.06	188.19	 3.28	 1.38	 1.00	10.88	 1.19	322.71	275.85	281.62	259.65	282.93	0	51.93
2010	11	8	6.215	5790.2588	311.2589	7.2589	 0.93	 0.05	185.54	 3.13	 8.26	 0.99	10.85	 1.12	322.87	275.67	281.69	259.43	281.42	0	51.89
2010	11	8	7.098	5790.2959	311.2958	7.2958	 0.99	 0.05	187.42	 2.37	 7.73	 0.97	10.72	 1.24	324.40	275.51	280.80	259.00	 0.00	0	51.80
2010	11	8	7.544	5790.3145	311.3143	7.3143	 0.92	 0.07	191.07	 4.30	 9.96	 1.00	11.12	 1.14	324.07	275.45	280.24	258.84	 0.00	0	51.77
2010	11	8	8.041	5790.3350	311.3350	7.3350	 0.96	 0.07	191.71	 3.93	 2.04	 1.00	10.88	 1.11	324.08	275.38	278.43	 0.00	 0.00	0	54.00
2010	11	8	8.927	5790.3721	311.3720	7.3720	 1.03	 0.06	185.62	 2.99	 0.40	 1.00	10.95	 1.10	324.25	275.30	279.56	257.99	280.85	0	51.60
2010	11	8	10.280	5790.4282	311.4283	7.4283	 1.12	 0.06	191.07	 2.70	 8.23	 0.99	10.77	 1.21	323.14	275.49	282.18	259.69	279.59	0	51.94
2010	11	8	13.398	5790.5581	311.5582	7.5582	 0.75	 0.22	217.91	22.15	317.86	 0.98	10.77	 1.26	323.12	284.85	291.20	269.05	 0.00	0	53.81
2010	11	8	14.276	5790.5947	311.5948	7.5948	 1.08	 0.06	185.57	 2.59	11.10	 0.97	10.73	 1.19	322.75	288.10	294.28	270.92	294.74	0	54.18
2010	11	8	14.740	5790.6143	311.6142	7.6142	 0.91	 0.07	189.35	 4.18	23.98	 0.96	10.77	 1.13	323.17	289.77	297.22	272.55	296.45	0	54.51
2010	11	8	16.491	5790.6870	311.6871	7.6871	 0.87	 0.06	199.30	 4.20	23.29	 0.95	10.73	 1.23	324.44	294.12	304.30	276.59	300.58	0	55.32
2010	11	8	17.391	5790.7246	311.7246	7.7246	 1.00	 0.09	191.00	 4.52	18.16	 0.99	10.72	 1.07	324.59	295.23	303.73	275.50	304.62	0	55.10
2010	11	8	17.833	5790.7432	311.7430	7.7430	 0.79	 0.10	198.17	 8.83	40.35	 0.99	10.77	 0.91	324.67	295.34	309.03	276.08	302.37	0	55.22
2010	11	8	18.709	5790.7793	311.7795	7.7795	 0.89	 0.08	197.56	 5.11	 5.97	 1.00	10.75	 1.10	324.49	295.00	303.99	276.64	304.41	0	55.33
2010	11	8	19.614	5790.8174	311.8173	7.8173	 1.32	 0.22	199.52	 7.00	52.10	 1.00	10.82	 1.27	324.43	293.89	297.63	274.39	301.14	0	54.88
2010	11	9	0.544	5791.0225	312.0227	8.0227	 0.72	 0.04	183.86	 4.19	 4.70	 1.00	10.92	 1.20	324.38	277.72	282.85	 0.00	283.56	0	54.00
2010	11	9	1.907	5791.0796	312.0794	8.0794	 0.53	 0.04	180.51	 6.63	18.01	 0.93	10.80	 1.18	323.41	276.76	281.62	260.34	284.05	0	52.07
2010	11	9	2.352	5791.0981	312.0980	8.0980	 0.59	 0.04	170.67	 5.44	 5.72	 0.99	10.72	 1.23	323.20	276.71	282.94	 0.00	 0.00	0	54.00
2010	11	9	2.798	5791.1167	312.1166	8.1166	 0.57	 0.05	167.49	 6.16	 3.67	 1.00	10.97	 1.27	323.06	276.63	282.42	260.60	281.32	0	52.12
2010	11	9	3.248	5791.1353	312.1353	8.1353	 0.35	 0.04	191.08	11.42	31.18	 0.69	10.85	 1.11	323.22	276.50	280.62	259.62	281.21	0	51.92
2010	11	9	3.693	5791.1538	312.1538	8.1539	 0.41	 0.06	163.32	12.53	11.22	 0.99	10.95	 1.12	323.24	276.32	280.83	259.15	 0.00	0	51.83
2010	11	9	4.162	5791.1733	312.1734	8.1734	 0.57	 0.04	152.49	 4.31	 2.90	 0.99	10.88	 1.26	323.56	276.15	283.24	 0.00	283.53	0	54.00
2010	11	9	5.049	5791.2104	312.2104	8.2104	 0.49	 0.04	164.32	 6.68	15.85	 0.91	10.83	 1.23	323.30	276.21	283.60	260.96	283.74	0	52.19
2010	11	9	5.938	5791.2476	312.2474	8.2474	 0.47	 0.04	168.37	 7.08	16.47	 0.91	10.80	 1.22	323.30	276.37	281.73	261.69	281.13	0	52.34
2010	11	9	6.406	5791.2671	312.2669	8.2669	 0.49	 0.05	170.38	 8.75	11.39	 0.99	10.93	 1.18	323.33	276.45	283.75	261.73	284.08	0	52.35
2010	11	9	6.847	5791.2852	312.2853	8.2853	 0.45	 0.04	171.82	 7.35	 8.65	 0.97	10.80	 1.18	323.37	276.54	281.58	 0.00	283.97	0	54.00
2010	11	9	7.735	5791.3223	312.3223	8.3223	 0.60	 0.06	171.71	 7.26	 6.47	 1.00	10.77	 1.29	323.69	276.68	282.40	261.03	 0.00	0	52.21
2010	11	9	9.118	5791.3799	312.3799	8.3799	 0.54	 0.04	180.05	 6.06	 8.49	 0.98	10.73	 1.23	323.39	276.71	282.72	261.11	284.15	0	52.22
2010	11	9	9.561	5791.3984	312.3984	8.3984	 0.65	 0.04	180.02	 4.46	 4.85	 0.99	10.82	 1.26	323.41	276.74	282.60	260.96	 0.00	0	52.19
2010	11	9	10.003	5791.4170	312.4168	8.4168	 0.49	 0.04	186.87	 8.06	11.71	 0.98	10.78	 1.14	323.37	277.06	282.10	 0.00	282.90	0	54.00
2010	11	9	11.355	5791.4731	312.4731	8.4731	 0.63	 0.04	173.62	 3.98	 4.39	 0.99	10.73	 1.26	323.50	279.35	283.20	 0.00	287.02	0	54.00
2010	11	9	11.796	5791.4917	312.4915	8.4915	 0.58	 0.12	187.95	16.81	44.90	 1.00	10.82	 1.25	323.56	280.49	287.44	265.09	286.70	0	53.02
2010	11	9	12.237	5791.5098	312.5099	8.5099	 0.56	 0.04	188.60	 5.87	 6.54	 0.99	10.73	 1.28	323.64	281.75	287.90	267.11	286.05	0	53.42
2010	11	9	13.577	5791.5659	312.5657	8.5657	 0.58	 0.04	185.27	 5.60	 3.95	 1.00	10.80	 1.26	323.86	286.27	294.95	269.99	293.11	0	54.00
2010	11	9	15.351	5791.6396	312.6396	8.6396	 0.64	 0.18	190.99	21.18	136.21	 0.99	10.80	 1.13	325.11	292.97	301.29	277.87	302.75	0	55.57
2010	11	9	17.102	5791.7124	312.7126	8.7126	 0.94	 0.05	194.40	 2.81	11.78	 0.96	10.73	 1.19	321.07	296.64	305.25	280.98	301.48	0	56.20
2010	11	9	18.439	5791.7681	312.7683	8.7683	 1.20	 0.08	198.12	 2.93	 5.05	 1.00	10.77	 1.23	319.02	296.65	308.08	281.34	304.02	0	56.27
2010	11	9	18.878	5791.7866	312.7866	8.7866	 1.23	 0.05	189.66	 1.57	10.91	 0.87	10.77	 1.09	319.27	296.27	308.56	280.26	304.04	0	56.05
2010	11	9	19.316	5791.8047	312.8048	8.8048	 1.17	 0.06	197.75	 2.25	 2.64	 1.00	10.73	 1.16	319.59	295.77	307.99	280.77	301.77	0	56.15
2010	11	9	19.778	5791.8242	312.8241	8.8241	 1.13	 0.10	190.20	 3.92	 5.62	 1.00	10.78	 1.04	319.50	295.03	307.68	279.96	301.37	0	55.99
2010	11	9	20.217	5791.8423	312.8423	8.8424	 1.23	 0.09	196.31	 3.39	 4.98	 1.00	10.75	 1.23	319.40	294.20	308.36	276.32	302.58	0	55.26
2010	11	9	20.656	5791.8608	312.8607	8.8606	 0.72	 0.14	242.28	16.58	259.14	 0.94	10.88	 1.29	319.20	293.22	305.95	277.64	303.47	0	55.53
2010	11	9	21.095	5791.8789	312.8790	8.8790	 1.28	 0.10	193.23	 3.34	 4.94	 1.00	10.88	 1.13	319.14	292.14	302.91	275.55	 0.00	0	55.11
2010	11	9	22.445	5791.9351	312.9352	8.9352	 2.37	 0.92	203.79	 7.58	537.50	 0.84	10.73	 1.19	320.54	287.97	297.86	265.41	 0.00	0	53.08
2010	11	9	23.769	5791.9902	312.9904	8.9904	 1.19	 0.06	194.90	 2.36	 0.68	 1.00	10.75	 1.18	321.30	284.17	292.11	261.86	292.21	0	52.37
2010	11	10	1.121	5792.0469	313.0467	9.0467	 0.88	 0.04	188.31	 2.36	 3.15	 0.99	10.80	 1.26	321.45	281.50	288.72	264.46	286.63	0	52.89
2010	11	10	1.563	5792.0649	313.0651	9.0651	 0.64	 0.05	184.65	 5.86	10.73	 0.99	10.97	 1.06	321.76	281.09	283.62	264.41	288.99	0	52.88
2010	11	10	2.006	5792.0835	313.0836	9.0836	 0.75	 0.05	192.28	 4.28	 6.44	 0.99	10.87	 1.19	321.79	280.75	287.54	264.39	 0.00	0	52.88
2010	11	10	4.252	5792.1772	313.1772	9.1772	 0.93	 0.05	188.12	 2.74	 3.47	 1.00	10.82	 1.29	321.89	279.56	286.00	 0.00	 0.00	0	54.00
2010	11	10	5.162	5792.2153	313.2151	9.2151	 0.92	 0.05	186.46	 3.13	 3.13	 1.00	10.85	 1.21	322.35	279.36	285.20	264.39	 0.00	0	52.88
2010	11	10	6.048	5792.2520	313.2520	9.2520	 0.82	 0.04	186.52	 3.14	 5.42	 0.99	10.82	 1.19	321.90	279.24	283.86	 0.00	285.68	0	54.00
2010	11	10	6.490	5792.2705	313.2704	9.2704	 0.92	 0.03	191.26	 2.12	 3.67	 0.99	10.85	 1.28	321.85	279.21	286.47	264.38	285.67	0	52.88
2010	11	10	6.956	5792.2900	313.2898	9.2898	 0.78	 0.04	192.29	 3.13	 4.19	 0.99	10.87	 1.20	321.97	279.17	284.50	264.36	287.00	0	52.87
2010	11	10	7.397	5792.3081	313.3082	9.3082	 0.77	 0.05	185.99	 3.77	 8.32	 0.98	10.75	 1.17	322.22	279.12	282.73	264.41	 0.00	0	52.88
2010	11	10	8.724	5792.3633	313.3635	9.3635	 0.82	 0.05	185.04	 4.03	 4.18	 1.00	10.72	 1.21	321.92	279.09	284.30	264.39	285.53	0	52.88
2010	11	10	14.096	5792.5874	313.5873	9.5873	 0.79	 0.28	189.82	22.06	171.28	 1.00	10.72	 1.22	323.47	284.78	292.06	275.67	290.58	0	55.13
2010	11	10	14.534	5792.6055	313.6056	9.6056	 0.74	 0.03	188.01	 3.11	 1.63	 1.00	10.78	 1.22	323.63	287.45	295.12	275.83	294.39	0	55.17
2010	11	10	15.876	5792.6616	313.6615	9.6615	 1.05	 0.20	211.95	10.59	133.44	 0.98	10.75	 1.26	319.86	293.63	303.31	 0.00	302.32	0	54.00
2010	11	10	18.963	5792.7900	313.7901	9.7901	 1.16	 0.12	189.91	 4.61	 3.78	 1.00	10.72	 1.16	321.67	294.34	302.99	279.39	301.34	0	55.88
2010	11	10	21.181	5792.8823	313.8825	9.8825	 1.43	 0.08	196.89	 2.11	10.10	 0.98	10.73	 1.19	321.53	291.46	304.48	275.22	301.44	0	55.04
2010	11	10	21.624	5792.9009	313.9010	9.9010	 1.19	 0.10	193.69	 3.90	20.85	 0.99	10.75	 1.04	321.53	290.44	304.18	273.91	 0.00	0	54.78
2010	11	10	22.538	5792.9390	313.9391	9.9391	 1.32	 0.23	193.05	 7.06	22.06	 1.00	10.77	 1.05	321.70	287.71	298.54	265.22	 0.00	0	53.04
2010	11	10	22.977	5792.9575	313.9574	9.9574	 0.92	 0.08	193.46	 5.25	13.81	 1.00	10.75	 1.05	321.75	286.40	293.81	 0.00	294.91	0	54.00
2010	11	11	0.301	5793.0127	314.0125	10.0126	 0.87	 0.05	180.28	 3.53	 9.03	 0.99	10.77	 1.14	322.30	283.26	290.09	264.07	289.97	0	52.81
2010	11	11	0.769	5793.0322	314.0320	10.0320	 0.72	 0.05	184.98	 4.33	 2.05	 1.00	10.90	 1.09	322.64	282.66	287.94	264.44	290.70	0	52.89
2010	11	11	1.210	5793.0503	314.0504	10.0504	 0.78	 0.04	182.57	 3.17	 2.40	 1.00	10.77	 1.17	322.65	282.20	286.77	264.49	288.88	0	52.90
2010	11	11	3.002	5793.1250	314.1251	10.1251	 0.88	 0.04	195.11	 2.90	 7.16	 0.98	10.77	 1.22	322.77	280.91	289.70	264.48	288.86	0	52.90
2010	11	11	4.770	5793.1987	314.1988	10.1988	 0.93	 0.04	191.63	 2.47	 1.50	 1.00	10.85	 1.26	322.67	280.20	286.20	264.39	288.13	0	52.88
2010	11	11	6.126	5793.2554	314.2552	10.2552	 0.92	 0.04	191.91	 2.64	 4.96	 0.99	10.77	 1.25	322.86	279.65	285.83	 0.00	286.05	0	54.00
2010	11	11	6.564	5793.2734	314.2735	10.2735	 0.46	 0.05	241.34	14.08	33.16	 0.97	10.75	 1.13	322.82	279.49	272.09	264.11	285.87	0	52.82
2010	11	11	7.009	5793.2920	314.2921	10.2921	 0.91	 0.04	190.33	 2.64	 2.16	 1.00	10.75	 1.30	322.96	279.37	285.88	264.40	286.80	0	52.88
2010	11	11	7.922	5793.3301	314.3301	10.3301	 0.82	 0.06	188.69	 4.23	 0.84	 1.00	10.78	 1.22	323.10	279.37	285.40	264.36	286.99	0	52.87
2010	11	11	9.244	5793.3853	314.3852	10.3852	 0.77	 0.04	189.00	 2.93	 3.60	 0.99	10.80	 1.20	323.14	279.27	285.24	 0.00	284.21	0	54.00
2010	11	11	9.735	5793.4058	314.4056	10.4056	 0.80	 0.05	188.40	 4.30	 3.22	 1.00	10.73	 1.17	323.34	279.26	286.48	264.32	285.52	0	52.86
2010	11	11	10.182	5793.4243	314.4242	10.4242	 0.76	 0.06	181.20	 4.93	 6.86	 1.00	10.73	 1.13	323.25	279.62	282.14	264.35	284.33	0	52.87
2010	11	11	12.842	5793.5352	314.5351	10.5351	 0.75	 0.05	185.64	 4.02	 8.47	 0.99	10.78	 1.17	323.35	286.00	290.92	271.90	 0.00	0	54.38
2010	11	11	13.279	5793.5532	314.5533	10.5533	 0.61	 0.06	191.05	 7.71	 6.95	 1.00	10.73	 1.07	323.38	287.41	294.14	271.64	292.17	0	54.33
2010	11	11	13.717	5793.5718	314.5716	10.5716	 0.89	 0.06	189.37	 4.06	 3.33	 1.00	10.75	 1.27	323.34	288.80	296.38	272.22	298.43	0	54.44
2010	11	11	15.933	5793.6641	314.6639	10.6639	 0.82	 0.06	188.79	 4.65	18.18	 0.98	10.73	 1.16	321.25	295.79	305.27	277.91	302.97	0	55.58
2010	11	11	16.396	5793.6831	314.6832	10.6832	 1.00	 0.09	187.67	 4.41	 8.89	 1.00	10.77	 1.22	320.86	296.48	304.47	279.54	303.62	0	55.91
2010	11	11	16.834	5793.7017	314.7014	10.7014	 0.92	 0.09	192.46	 5.52	 4.72	 1.00	10.75	 1.15	320.28	297.01	308.67	279.88	304.05	0	55.98
2010	11	11	19.485	5793.8120	314.8119	10.8119	 0.95	 0.19	176.83	10.18	23.51	 1.00	10.73	 0.99	321.27	295.92	306.82	278.56	305.89	0	55.71
2010	11	11	19.922	5793.8301	314.8301	10.8301	 1.05	 0.09	186.08	 4.11	12.95	 0.99	10.72	 1.09	321.19	295.27	307.47	279.13	305.31	0	55.83
2010	11	11	21.265	5793.8862	314.8860	10.8860	 0.73	 0.09	193.10	 8.54	10.11	 1.00	10.75	 1.08	321.04	292.49	301.20	 0.00	299.09	0	54.00
2010	11	11	22.599	5793.9414	314.9416	10.9416	 0.96	 0.30	197.99	17.43	129.22	 1.00	10.72	 1.21	321.42	288.51	298.29	 0.00	294.90	0	54.00
2010	11	11	23.518	5793.9800	314.9799	10.9799	 0.68	 0.05	190.75	 5.42	 4.90	 1.00	10.90	 1.13	321.46	285.89	294.14	 0.00	291.87	0	54.00
2010	11	12	0.848	5794.0352	315.0353	11.0353	 0.62	 0.03	194.21	 3.93	 8.50	 0.95	10.78	 1.15	321.59	283.29	290.13	264.90	288.76	0	52.98
2010	11	12	1.757	5794.0732	315.0732	11.0732	 0.70	 0.06	187.43	 6.04	 3.36	 1.00	10.90	 1.14	321.62	282.40	291.51	264.76	287.79	0	52.95
2010	11	12	3.564	5794.1484	315.1485	11.1485	 0.64	 0.03	195.54	 3.82	 8.81	 0.95	10.87	 1.17	321.56	281.27	286.39	264.42	286.48	0	52.88
2010	11	12	4.010	5794.1670	315.1671	11.1671	 0.61	 0.04	192.51	 4.98	 6.54	 0.99	11.02	 1.17	321.63	281.02	285.69	 0.00	287.66	0	54.00
2010	11	12	5.335	5794.2222	315.2223	11.2223	 0.81	 0.04	192.62	 3.11	 3.42	 1.00	10.73	 1.26	321.72	280.50	287.40	264.42	 0.00	0	52.88
2010	11	12	5.801	5794.2417	315.2417	11.2417	 0.83	 0.04	193.81	 2.74	11.06	 0.93	10.73	 1.24	321.79	280.38	287.28	264.36	285.52	0	52.87
2010	11	12	6.244	5794.2603	315.2602	11.2602	 0.91	 0.04	186.97	 2.66	 3.37	 1.00	10.85	 1.30	321.92	280.26	285.13	264.38	285.42	0	52.88
2010	11	12	6.688	5794.2788	315.2787	11.2787	 0.86	 0.03	188.35	 2.39	 3.57	 0.99	10.72	 1.28	321.73	280.14	285.91	264.39	288.03	0	52.88
2010	11	12	8.481	5794.3535	315.3534	11.3534	 0.79	 0.04	181.73	 3.35	 7.02	 0.99	10.88	 1.24	321.81	279.64	284.89	 0.00	286.13	0	54.00
2010	11	12	9.809	5794.4087	315.4087	11.4087	 0.72	 0.05	187.77	 4.42	 6.10	 0.99	10.97	 1.25	321.87	279.55	286.09	264.30	285.77	0	52.86
2010	11	12	12.534	5794.5225	315.5222	11.5223	 0.63	 0.05	189.84	 6.28	 1.24	 1.00	10.77	 1.17	322.12	286.07	292.52	274.63	293.29	0	54.93
2010	11	12	12.974	5794.5405	315.5406	11.5406	 0.47	 0.05	195.39	 9.33	 8.05	 0.99	10.82	 1.11	322.17	287.59	287.61	276.23	292.79	0	55.25
2010	11	12	13.413	5794.5591	315.5589	11.5589	 0.67	 0.04	188.20	 4.46	 6.42	 0.99	10.73	 1.22	322.15	289.38	297.58	276.35	297.02	0	55.27
2010	11	12	13.852	5794.5771	315.5772	11.5772	 0.65	 0.04	183.13	 4.96	 1.66	 1.00	10.73	 1.16	322.06	291.00	298.70	277.04	298.72	0	55.41
2010	11	12	14.290	5794.5952	315.5954	11.5954	 1.03	 0.05	176.03	 2.15	 5.65	 0.98	10.77	 1.21	321.96	292.50	300.65	276.74	 0.00	0	55.35
2010	11	12	15.189	5794.6328	315.6329	11.6329	 0.83	 0.06	189.99	 4.19	 6.05	 1.00	10.75	 1.00	321.74	294.93	303.46	277.17	302.75	0	55.43
2010	11	12	15.626	5794.6509	315.6511	11.6511	 0.91	 0.07	196.82	 4.37	 8.21	 1.00	10.72	 1.07	321.63	295.86	307.14	277.64	305.91	0	55.53
2010	11	12	16.063	5794.6694	315.6693	11.6693	 1.10	 0.05	201.15	 2.41	13.73	 0.94	10.72	 1.26	321.58	296.54	308.46	277.62	304.04	0	55.52
2010	11	12	18.717	5794.7798	315.7798	11.7799	 0.92	 0.09	188.28	 5.45	 7.90	 1.00	10.78	 1.01	321.54	297.06	304.17	279.63	304.55	0	55.93
2010	11	12	19.180	5794.7993	315.7992	11.7992	 0.89	 0.14	195.55	 9.02	 6.65	 1.00	10.80	 0.96	321.52	296.48	309.78	280.77	304.18	0	56.15
2010	11	12	20.058	5794.8359	315.8358	11.8358	 1.19	 0.17	202.03	 6.70	 2.48	 1.00	10.73	 1.13	321.48	295.10	307.11	278.09	303.37	0	55.62
2010	11	12	20.935	5794.8721	315.8723	11.8723	 1.33	 0.19	195.53	 5.63	12.56	 1.00	10.80	 1.16	321.32	293.22	305.47	276.15	 0.00	0	55.23
2010	11	12	22.733	5794.9473	315.9472	11.9472	 1.19	 0.07	201.28	 2.88	 6.45	 1.00	10.90	 1.23	321.58	287.87	300.27	 0.00	295.32	0	54.00
2010	11	12	23.647	5794.9854	315.9853	11.9853	 1.21	 0.09	196.28	 3.35	 4.85	 1.00	10.77	 1.07	321.58	285.00	293.48	263.05	292.52	0	52.61
2010	11	13	1.885	5795.0786	316.0785	12.0785	 1.07	 0.05	201.23	 2.55	 1.46	 1.00	10.77	 1.22	321.71	280.46	288.08	261.47	287.11	0	52.29
2010	11	13	3.653	5795.1523	316.1522	12.1522	 1.28	 0.08	201.83	 2.64	 1.98	 1.00	10.73	 1.23	321.85	278.85	285.02	261.50	 0.00	0	52.30
2010	11	13	4.118	5795.1714	316.1716	12.1716	 1.39	 0.06	197.21	 1.71	 2.35	 1.00	10.73	 1.19	318.59	278.59	283.01	261.61	283.50	0	52.32
2010	11	13	11.730	5795.4888	316.4888	12.4888	 0.27	 0.21	432.28	220.50	1570.60	 0.95	10.75	 1.20	325.10	273.45	279.10	269.01	281.22	0	53.80
2010	11	13	14.381	5795.5991	316.5992	12.5992	 0.62	 0.04	180.97	 4.96	 6.77	 0.99	10.73	 1.29	324.86	288.38	296.37	275.57	298.82	0	55.11
2010	11	13	15.280	5795.6367	316.6367	12.6367	 0.59	 0.06	185.25	 7.35	 6.18	 1.00	10.78	 1.18	324.95	292.35	299.18	277.79	296.93	0	55.56
2010	11	13	15.719	5795.6548	316.6550	12.6550	 0.79	 0.03	177.70	 2.48	14.29	 0.79	10.72	 1.29	325.17	293.78	302.16	278.18	300.51	0	55.64
2010	11	13	16.156	5795.6733	316.6732	12.6732	 0.60	 0.03	182.55	 3.99	13.16	 0.86	10.72	 1.12	324.57	294.87	304.77	280.93	301.45	0	56.19
2010	11	13	16.593	5795.6914	316.6914	12.6914	 0.74	 0.04	185.82	 3.90	 6.40	 0.99	10.73	 1.28	322.55	295.82	305.90	282.39	301.82	0	56.48
2010	11	13	17.032	5795.7095	316.7097	12.7097	 0.53	 0.05	183.23	 8.45	10.19	 0.99	10.72	 1.08	322.85	296.33	306.83	280.87	302.89	0	56.17
2010	11	13	18.809	5795.7837	316.7837	12.7837	 0.62	 0.05	188.85	 6.59	 9.86	 0.99	10.77	 1.11	322.90	296.28	307.41	279.74	305.86	0	55.95
2010	11	13	20.150	5795.8394	316.8396	12.8396	 0.70	 0.06	186.48	 5.88	 4.89	 1.00	10.75	 1.10	322.97	294.71	307.52	278.84	302.85	0	55.77
2010	11	13	21.477	5795.8950	316.8949	12.8949	 1.05	 0.07	183.44	 3.30	 7.64	 1.00	10.73	 1.13	322.82	292.02	302.76	 0.00	299.12	0	54.00
2010	11	13	21.949	5795.9146	316.9145	12.9145	 0.41	 0.10	192.97	25.73	27.94	 1.00	10.88	 0.82	322.87	290.53	294.03	266.30	298.56	0	53.26
2010	11	13	23.280	5795.9702	316.9700	12.9700	 0.80	 0.06	190.60	 4.94	 9.89	 1.00	10.85	 1.27	322.30	286.17	296.25	264.79	292.10	0	52.96
2010	11	14	1.085	5796.0454	317.0452	13.0452	 0.54	 0.04	172.95	 5.79	 4.92	 0.99	11.03	 1.18	323.22	281.85	288.63	263.67	288.26	0	52.73
2010	11	14	1.526	5796.0635	317.0636	13.0636	 0.62	 0.05	172.22	 5.41	 5.76	 1.00	10.82	 1.28	323.13	281.24	288.44	263.05	287.67	0	52.61
2010	11	14	2.883	5796.1201	317.1201	13.1201	 0.53	 0.04	172.16	 5.61	 0.38	 1.00	10.87	 1.21	323.59	279.89	287.90	264.44	287.54	0	52.89
2010	11	14	3.766	5796.1567	317.1569	13.1569	 0.40	 0.05	184.46	11.67	14.55	 0.97	10.78	 1.15	323.38	279.54	283.49	264.48	287.28	0	52.90
2010	11	14	4.207	5796.1753	317.1753	13.1753	 0.56	 0.05	174.73	 6.43	 7.83	 0.99	10.85	 1.25	323.58	279.33	287.28	263.84	285.70	0	52.77
2010	11	14	4.676	5796.1948	317.1948	13.1948	 0.49	 0.03	178.50	 5.61	 2.48	 1.00	10.75	 1.16	323.56	279.11	284.23	 0.00	 0.00	0	54.00
2010	11	14	6.912	5796.2881	317.2880	13.2880	 0.49	 0.05	192.89	 8.75	 7.97	 0.99	10.75	 1.07	324.13	278.81	284.88	 0.00	 0.00	0	54.00
2010	11	14	7.802	5796.3252	317.3251	13.3251	 0.69	 0.05	188.48	 4.69	 2.70	 1.00	10.83	 1.23	324.10	278.92	284.41	264.48	285.86	0	52.90
2010	11	14	8.245	5796.3437	317.3435	13.3435	 0.75	 0.05	192.00	 4.27	 5.07	 1.00	10.95	 1.24	324.10	278.82	285.58	 0.00	 0.00	0	54.00
2010	11	14	8.690	5796.3623	317.3621	13.3621	 0.77	 0.05	190.16	 3.99	 7.04	 0.99	10.77	 1.19	323.91	278.81	282.82	264.48	283.46	0	52.90
2010	11	14	9.160	5796.3818	317.3817	13.3817	 0.87	 0.05	196.04	 3.71	 5.17	 1.00	10.77	 1.25	324.20	278.82	286.51	264.44	283.43	0	52.89
2010	11	14	10.938	5796.4556	317.4557	13.4558	 0.83	 0.04	190.05	 3.18	 4.80	 0.99	10.77	 1.17	324.18	280.76	282.68	266.83	286.49	0	53.37
2010	11	15	0.166	5797.0068	318.0069	14.0069	 0.67	 0.04	177.77	 3.59	 4.92	 0.99	10.68	 1.15	320.91	283.87	294.32	264.07	290.82	0	52.81
2010	11	15	0.606	5797.0254	318.0252	14.0252	 0.75	 0.06	179.13	 4.95	10.13	 0.99	10.85	 1.14	321.41	282.94	290.64	264.65	289.63	0	52.93
2010	11	15	1.489	5797.0620	318.0620	14.0620	 0.68	 0.04	176.75	 4.43	 7.96	 0.99	10.75	 1.18	322.82	281.73	288.52	 0.00	289.57	0	54.00
2010	11	15	3.281	5797.1367	318.1367	14.1367	 0.65	 0.06	186.52	 6.76	 3.20	 1.00	10.68	 1.22	323.36	280.05	285.20	263.90	286.44	0	52.78
2010	11	15	3.721	5797.1553	318.1550	14.1550	 0.62	 0.05	184.05	 5.59	 6.60	 0.99	10.77	 1.14	323.12	279.80	285.52	263.73	284.83	0	52.75
2010	11	15	4.631	5797.1929	318.1930	14.1930	 0.77	 0.05	177.22	 3.81	 2.01	 1.00	10.90	 1.26	322.94	279.30	284.82	263.61	285.85	0	52.72
2010	11	15	5.075	5797.2114	318.2115	14.2114	 0.79	 0.06	184.89	 4.45	 4.60	 1.00	10.77	 1.29	322.57	279.17	285.62	262.98	285.72	0	52.60
2010	11	15	5.961	5797.2485	318.2484	14.2484	 0.59	 0.11	209.58	16.52	193.29	 0.89	10.73	 1.20	321.69	278.79	283.75	262.80	286.55	0	52.56
2010	11	15	6.425	5797.2676	318.2677	14.2677	 0.74	 0.03	186.04	 3.08	 4.37	 0.99	10.90	 1.17	321.87	278.51	283.91	262.15	 0.00	0	52.43
2010	11	15	6.870	5797.2861	318.2862	14.2862	 0.68	 0.05	189.65	 4.94	 2.08	 1.00	10.77	 1.17	322.87	278.30	283.35	261.53	284.40	0	52.31
2010	11	15	7.759	5797.3232	318.3233	14.3233	 0.71	 0.04	188.07	 4.21	 5.32	 0.99	10.77	 1.20	324.73	277.98	282.23	261.13	283.92	0	52.23
2010	11	15	8.206	5797.3418	318.3419	14.3419	 0.79	 0.04	189.80	 3.27	 5.12	 0.99	10.78	 1.21	324.98	277.94	283.21	261.90	282.54	0	52.38
2010	11	15	8.675	5797.3613	318.3615	14.3615	 0.75	 0.06	195.66	 5.15	 4.38	 1.00	10.97	 1.18	325.07	277.92	283.55	 0.00	 0.00	0	54.00
2010	11	15	10.005	5797.4170	318.4169	14.4169	 0.84	 0.05	189.28	 3.70	 3.06	 1.00	10.80	 1.27	325.45	278.35	283.03	 0.00	 0.00	0	54.00
2010	11	15	10.920	5797.4551	318.4550	14.4550	 1.24	 0.31	179.24	10.03	82.49	 1.00	10.82	 1.28	325.62	279.78	283.22	265.25	 0.00	0	53.05
2010	11	15	14.899	5797.6206	318.6208	14.6208	 0.86	 0.05	189.67	 3.46	 5.25	 1.00	10.73	 1.29	321.67	292.17	301.62	275.99	296.97	0	55.20
2010	11	15	16.235	5797.6763	318.6765	14.6765	 0.80	 0.14	173.37	10.30	24.31	 1.00	10.73	 1.04	318.09	294.83	306.44	280.89	301.91	0	56.18
2010	11	15	16.672	5797.6948	318.6946	14.6947	 0.97	 0.06	179.67	 2.89	 7.20	 0.99	10.72	 1.23	316.60	295.32	305.70	281.52	301.98	0	56.30
2010	11	15	17.570	5797.7319	318.7321	14.7321	 0.58	 0.04	191.38	 5.76	24.15	 0.87	10.77	 0.97	318.51	295.89	309.20	282.38	302.98	0	56.48
2010	11	15	18.006	5797.7505	318.7503	14.7503	 0.87	 0.06	184.65	 4.18	 6.29	 1.00	10.72	 1.19	318.41	295.94	306.35	281.79	303.22	0	56.36
2010	11	15	20.218	5797.8423	318.8424	14.8424	 1.03	 0.08	186.58	 3.72	28.87	 0.94	10.73	 0.95	318.13	293.36	303.94	278.68	303.63	0	55.74
2010	11	15	20.654	5797.8604	318.8606	14.8606	 1.05	 0.09	190.76	 4.15	20.60	 0.98	10.70	 1.03	318.39	292.46	303.68	277.95	300.79	0	55.59
2010	11	15	21.094	5797.8789	318.8789	14.8789	 1.41	 0.07	199.77	 1.84	 0.48	 1.00	10.93	 1.20	318.52	291.54	305.00	277.80	298.17	0	55.56
2010	11	15	23.323	5797.9717	318.9718	14.9718	 1.47	 0.09	197.52	 2.18	 5.66	 1.00	10.75	 1.16	321.21	284.51	293.46	262.03	292.65	0	52.41
2010	11	15	23.766	5797.9902	318.9902	14.9902	 1.34	 0.09	191.56	 2.72	 4.62	 1.00	10.88	 1.17	321.14	283.20	292.39	260.69	291.07	0	52.14
2010	11	16	1.145	5798.0479	319.0477	15.0477	 1.04	 0.05	191.24	 2.61	 9.12	 0.98	10.90	 1.20	320.21	279.82	286.33	258.84	286.33	0	51.77
2010	11	16	2.502	5798.1045	319.1042	15.1043	 0.99	 0.05	186.03	 2.45	 2.78	 1.00	10.88	 1.27	322.81	277.62	284.46	257.25	283.48	0	51.45
2010	11	16	3.839	5798.1602	319.1600	15.1600	 0.56	 0.05	174.48	 6.96	10.00	 0.99	10.78	 1.18	322.77	276.33	279.26	258.39	280.83	0	51.68
2010	11	16	4.285	5798.1787	319.1785	15.1785	 0.60	 0.03	174.71	 3.62	 6.64	 0.95	11.00	 1.20	322.58	276.05	278.86	258.52	280.51	0	51.70
2010	11	16	6.087	5798.2534	319.2536	15.2536	 0.50	 0.05	179.67	 8.48	 6.20	 1.00	10.80	 1.13	321.89	275.11	280.63	257.61	279.72	0	51.52
2010	11	16	6.537	5798.2725	319.2724	15.2724	 0.60	 0.04	174.45	 5.31	 2.88	 1.00	11.20	 1.20	322.01	275.00	282.50	258.22	281.96	0	51.64
2010	11	16	7.005	5798.2920	319.2919	15.2919	 0.69	 0.05	173.96	 5.01	 2.53	 1.00	10.78	 1.20	322.89	274.85	285.28	 0.00	279.35	0	54.00
2010	11	16	7.454	5798.3105	319.3106	15.3106	 0.52	 0.05	174.75	 7.16	 5.12	 1.00	10.93	 1.10	322.77	274.79	280.16	258.18	 0.00	0	51.64
2010	11	16	7.898	5798.3291	319.3291	15.3291	 0.54	 0.04	173.41	 5.47	14.97	 0.91	10.82	 1.13	321.71	274.72	280.32	 0.00	280.63	0	54.00
2010	11	16	8.784	5798.3662	319.3660	15.3660	 0.62	 0.05	170.88	 5.89	 6.26	 1.00	10.77	 1.15	321.71	274.58	280.91	 0.00	 0.00	0	54.00
2010	11	16	9.254	5798.3857	319.3856	15.3856	 0.69	 0.04	179.44	 3.82	 5.75	 0.99	10.78	 1.24	322.32	274.44	281.70	258.10	 0.00	0	51.62
2010	11	16	9.696	5798.4038	319.4040	15.4040	 0.60	 0.05	176.99	 5.79	 4.27	 1.00	10.77	 1.16	322.32	274.50	281.15	257.97	280.28	0	51.59
2010	11	16	10.135	5798.4224	319.4223	15.4223	 0.60	 0.05	174.35	 6.32	 3.66	 1.00	10.73	 1.20	322.44	274.92	281.69	 0.00	 0.00	0	54.00
2010	11	16	10.578	5798.4409	319.4408	15.4408	 0.62	 0.04	166.99	 4.12	 4.41	 0.99	10.87	 1.21	322.62	275.58	281.52	 0.00	281.01	0	54.00
2010	11	16	11.024	5798.4595	319.4594	15.4594	 0.44	 0.10	192.63	21.38	13.54	 1.00	10.73	 1.21	322.57	276.49	281.54	 0.00	280.56	0	54.00
2010	11	16	14.584	5798.6074	319.6077	15.6077	 0.37	 0.04	201.58	12.78	28.79	 0.87	10.80	 1.10	322.03	288.26	292.77	271.21	295.42	0	54.24
2010	11	16	15.459	5798.6440	319.6441	15.6441	 0.62	 0.05	183.34	 6.70	 7.05	 1.00	10.72	 1.19	321.04	290.85	301.37	274.01	300.45	0	54.80
2010	11	16	15.922	5798.6636	319.6634	15.6634	 0.61	 0.05	186.75	 5.93	15.44	 0.97	10.75	 1.16	321.73	291.99	299.98	276.19	299.10	0	55.24
2010	11	16	17.672	5798.7363	319.7363	15.7363	 0.69	 0.07	185.80	 6.68	 8.11	 1.00	10.73	 1.13	320.08	293.99	306.13	276.40	301.13	0	55.28
2010	11	16	18.571	5798.7739	319.7738	15.7738	 0.68	 0.04	184.21	 4.20	 7.12	 0.99	10.77	 1.17	320.64	293.96	305.97	278.56	301.36	0	55.71
2010	11	16	20.349	5798.8477	319.8479	15.8479	 0.90	 0.06	191.63	 4.17	13.09	 0.99	10.77	 1.11	320.28	291.98	307.63	276.09	299.99	0	55.22
2010	11	17	0.358	5799.0151	320.0149	16.0149	 0.76	 0.06	180.63	 4.83	 3.81	 1.00	10.97	 1.19	320.87	280.42	287.41	 0.00	286.91	0	54.00
2010	11	17	2.195	5799.0913	320.0915	16.0915	 0.71	 0.05	172.35	 4.16	 3.53	 1.00	10.85	 1.21	321.53	277.36	282.15	260.02	 0.00	0	52.00
2010	11	17	3.996	5799.1665	320.1665	16.1665	 0.55	 0.05	181.00	 7.14	 0.80	 1.00	10.75	 1.19	321.58	276.49	282.70	259.73	284.18	0	51.95
2010	11	17	4.436	5799.1851	320.1848	16.1848	 0.66	 0.05	175.64	 5.32	 6.90	 1.00	10.83	 1.23	321.80	276.23	281.43	258.87	281.14	0	51.77
2010	11	17	7.592	5799.3164	320.3163	16.3163	 0.59	 0.05	178.46	 5.93	 9.62	 0.99	10.80	 1.14	317.16	274.79	282.23	258.90	281.62	0	51.78
2010	11	17	10.711	5799.4463	320.4463	16.4463	 0.58	 0.05	168.00	 6.50	 6.36	 1.00	10.87	 1.07	324.82	272.37	278.96	 0.00	 0.00	0	54.00
2010	11	17	16.490	5799.6870	320.6871	16.6871	 0.39	 0.06	203.87	17.28	52.73	 0.90	10.78	 1.01	321.78	294.03	303.15	276.86	300.44	0	55.37
2010	11	17	18.243	5799.7603	320.7601	16.7601	 0.94	 0.08	181.37	 4.50	24.62	 0.97	10.72	 1.24	323.51	295.53	303.31	278.53	302.43	0	55.71
2010	11	17	19.581	5799.8159	320.8159	16.8159	 0.58	 0.08	178.60	10.10	 7.03	 1.00	10.75	 1.05	322.63	294.34	305.38	277.74	302.13	0	55.55
2010	11	17	23.165	5799.9653	320.9652	16.9652	 0.89	 0.25	197.61	17.11	258.57	 0.98	10.90	 1.16	323.15	284.97	293.03	 0.00	290.41	0	54.00
2010	11	18	0.490	5800.0205	321.0204	17.0204	 0.62	 0.04	180.78	 4.57	 3.89	 1.00	10.90	 1.18	323.25	281.43	288.97	261.67	 0.00	0	52.33
2010	11	18	0.930	5800.0386	321.0388	17.0387	 0.74	 0.03	181.43	 2.33	 2.01	 0.99	10.78	 1.25	322.84	280.77	288.84	261.21	288.39	0	52.24
2010	11	18	1.861	5800.0776	321.0775	17.0775	 0.60	 0.04	181.32	 5.05	 1.53	 1.00	10.73	 1.16	321.78	279.62	285.79	 0.00	286.89	0	54.00
2010	11	18	2.744	5800.1143	321.1143	17.1143	 0.73	 0.04	179.79	 3.53	 2.74	 1.00	10.73	 1.22	321.85	279.06	285.03	 0.00	284.01	0	54.00
2010	11	18	3.658	5800.1523	321.1524	17.1524	 0.60	 0.05	177.33	 6.35	 1.92	 1.00	10.75	 1.17	321.87	278.58	284.67	 0.00	283.71	0	54.00
2010	11	18	4.101	5800.1709	321.1709	17.1709	 0.71	 0.04	175.64	 4.05	 5.32	 0.99	10.88	 1.25	321.80	278.33	284.14	262.18	283.41	0	52.44
2010	11	18	5.432	5800.2266	321.2263	17.2263	 0.68	 0.04	183.46	 4.48	 5.09	 1.00	10.82	 1.26	321.74	277.74	284.02	261.77	285.54	0	52.35
2010	11	18	5.901	5800.2461	321.2459	17.2459	 0.61	 0.05	184.39	 6.65	 5.43	 1.00	10.80	 1.13	321.78	277.66	283.29	262.07	 0.00	0	52.41
2010	11	18	6.791	5800.2827	321.2829	17.2829	 0.69	 0.06	185.21	 5.94	 6.27	 1.00	10.87	 1.17	323.07	277.41	282.80	261.19	 0.00	0	52.24
2010	11	18	9.033	5800.3765	321.3764	17.3764	 0.76	 0.05	191.27	 4.71	13.38	 0.98	10.73	 1.17	322.73	277.31	281.74	261.34	283.35	0	52.27
2010	11	18	9.918	5800.4131	321.4132	17.4133	 0.93	 0.04	188.35	 2.21	 2.21	 1.00	10.82	 1.30	322.86	277.52	283.56	 0.00	283.39	0	54.00
2010	11	18	10.387	5800.4326	321.4328	17.4328	 0.89	 0.05	189.34	 3.14	 5.27	 0.99	10.78	 1.27	322.92	278.11	283.74	264.49	285.52	0	52.90
2010	11	18	13.927	5800.5801	321.5803	17.5803	 0.80	 0.04	186.98	 2.81	 3.61	 0.99	10.70	 1.27	323.19	288.73	297.11	271.91	295.87	0	54.38
2010	11	18	17.915	5800.7466	321.7465	17.7465	 1.38	 0.10	201.84	 2.89	 3.38	 1.00	10.73	 1.26	322.23	292.69	301.16	276.45	299.04	0	55.29
2010	11	18	18.353	5800.7646	321.7647	17.7647	 1.55	 0.08	195.11	 1.83	 2.56	 1.00	10.75	 1.12	322.13	292.96	300.88	277.33	299.69	0	55.47
2010	11	18	18.789	5800.7827	321.7829	17.7829	 2.48	 0.34	190.74	 2.28	 2.35	 1.00	10.75	 1.03	322.14	292.89	301.91	275.89	300.11	0	55.18
2010	11	18	19.253	5800.8022	321.8022	17.8022	 1.60	 0.13	202.54	 2.70	 2.48	 1.00	10.78	 1.25	322.33	292.75	301.85	278.14	300.02	0	55.63
2010	11	18	19.692	5800.8203	321.8205	17.8205	 1.72	 0.15	197.24	 2.67	16.64	 0.99	10.77	 1.18	322.30	292.40	300.02	275.75	299.90	0	55.15
2010	11	18	20.573	5800.8574	321.8572	17.8572	 2.10	 0.18	199.01	 1.94	 4.41	 1.00	10.72	 1.20	322.17	291.17	301.34	273.40	301.06	0	54.68
2010	11	18	21.012	5800.8755	321.8755	17.8755	 1.91	 0.15	197.27	 2.03	 1.01	 1.00	10.72	 1.14	322.21	290.39	302.53	 0.00	298.40	0	54.00
2010	11	19	0.176	5801.0073	322.0073	18.0073	 1.76	 0.13	197.42	 2.23	 1.21	 1.00	10.88	 1.22	323.38	281.52	288.34	258.52	288.96	0	51.70
2010	11	19	2.886	5801.1201	322.1202	18.1202	 1.10	 0.05	190.54	 2.25	 1.91	 1.00	10.75	 1.27	323.62	277.16	281.18	 0.00	284.30	0	54.00
2010	11	19	3.327	5801.1387	322.1386	18.1386	 1.02	 0.06	195.63	 2.86	 7.50	 0.99	10.95	 1.22	324.22	276.64	282.17	257.18	 0.00	0	51.44
2010	11	19	3.770	5801.1572	322.1571	18.1571	 0.96	 0.05	192.28	 2.77	 2.08	 1.00	10.80	 1.13	324.55	276.25	280.92	257.20	 0.00	0	51.44
2010	11	19	4.236	5801.1763	322.1765	18.1765	 1.14	 0.09	195.50	 3.49	 2.19	 1.00	10.87	 1.22	324.47	275.86	282.66	257.33	 0.00	0	51.47
2010	11	19	6.921	5801.2886	322.2884	18.2884	 1.06	 0.07	194.57	 3.33	 4.63	 1.00	10.95	 1.11	323.46	274.30	280.50	256.50	 0.00	0	51.30
2010	11	19	7.810	5801.3252	322.3254	18.3254	 1.15	 0.06	198.88	 2.32	 7.64	 0.98	10.73	 1.17	323.34	273.96	283.87	256.14	278.28	0	51.23
2010	11	19	8.721	5801.3633	322.3634	18.3634	 1.13	 0.06	187.50	 2.45	 7.66	 0.99	10.92	 1.06	322.69	273.50	279.64	255.65	280.59	0	51.13
2010	11	19	9.165	5801.3818	322.3819	18.3819	 1.12	 0.06	194.68	 2.76	 3.13	 1.00	10.75	 1.13	323.10	273.49	281.35	255.96	 0.00	0	51.19
2010	11	19	9.606	5801.4004	322.4002	18.4002	 1.00	 0.08	189.11	 4.00	 0.38	 1.00	10.73	 1.04	323.21	273.47	277.92	255.84	278.93	0	51.17
2010	11	19	13.205	5801.5503	322.5502	18.5502	 0.59	 0.08	181.56	 9.76	 3.07	 1.00	10.77	 1.18	323.74	281.70	287.22	264.94	290.51	0	52.99
2010	11	19	13.644	5801.5684	322.5685	18.5685	 0.70	 0.05	178.46	 4.71	14.52	 0.97	10.77	 1.25	323.69	282.97	291.35	265.43	289.40	0	53.09
2010	11	19	18.065	5801.7529	322.7527	18.7527	 1.13	 0.15	187.12	 5.86	66.00	 0.97	10.72	 1.19	323.62	287.20	293.72	272.10	292.07	0	54.42
2010	11	19	19.378	5801.8076	322.8074	18.8074	 1.01	 0.11	197.59	 5.62	48.28	 0.97	10.72	 1.10	323.52	288.52	295.45	271.89	297.80	0	54.38
2010	11	19	20.714	5801.8633	322.8631	18.8631	 1.38	 0.17	189.50	 4.75	18.37	 1.00	10.73	 1.08	323.30	288.13	296.52	272.26	295.92	0	54.45
2010	11	19	21.603	5801.8999	322.9001	18.9001	 1.74	 0.15	200.26	 2.63	13.93	 0.99	10.92	 1.29	323.39	286.85	295.83	268.95	295.72	0	53.79
2010	11	20	0.310	5802.0127	323.0129	19.0129	 1.55	 0.11	196.99	 2.50	 1.64	 1.00	10.98	 1.19	323.71	280.92	288.20	 0.00	285.61	0	54.00
2010	11	20	1.203	5802.0503	323.0501	19.0501	 1.03	 0.06	190.16	 3.00	10.14	 0.99	10.90	 1.21	323.55	279.77	285.34	 0.00	284.48	0	54.00
2010	11	20	2.089	5802.0869	323.0870	19.0870	 0.95	 0.07	190.82	 3.89	 3.12	 1.00	10.72	 1.20	323.53	278.41	283.98	256.82	283.02	0	51.36
2010	11	20	3.919	5802.1631	323.1633	19.1633	 0.97	 0.06	180.69	 2.98	 1.56	 1.00	10.97	 1.25	323.73	276.32	284.60	 0.00	 0.00	0	54.00
2010	11	20	5.280	5802.2202	323.2200	19.2200	 0.81	 0.06	178.72	 3.95	 3.38	 1.00	10.78	 1.20	323.64	275.53	279.21	258.52	282.65	0	51.70
2010	11	20	6.608	5802.2754	323.2754	19.2753	 0.81	 0.05	179.51	 3.70	 5.99	 0.99	10.87	 1.15	323.80	274.95	280.38	 0.00	281.83	0	54.00
2010	11	20	7.075	5802.2949	323.2948	19.2948	 0.87	 0.05	182.44	 3.10	 3.88	 1.00	10.77	 1.15	323.56	274.79	281.82	 0.00	 0.00	0	54.00
2010	11	20	8.416	5802.3506	323.3507	19.3507	 0.87	 0.05	182.80	 3.59	 7.16	 0.99	10.70	 1.14	323.49	274.53	279.96	 0.00	280.16	0	54.00
2010	11	20	9.336	5802.3892	323.3890	19.3890	 0.79	 0.06	180.45	 4.95	 5.83	 1.00	10.82	 1.07	323.60	274.39	276.89	257.94	 0.00	0	51.59
2010	11	20	9.789	5802.4077	323.4079	19.4079	 0.74	 0.07	179.70	 5.86	 2.32	 1.00	10.97	 1.05	323.49	274.50	276.25	258.32	 0.00	0	51.66
2010	11	20	10.238	5802.4268	323.4266	19.4266	 0.49	 0.04	201.75	 7.86	14.78	 0.96	10.92	 1.04	323.65	274.94	268.85	 0.00	281.75	0	54.00
2010	11	20	10.687	5802.4453	323.4453	19.4453	 0.85	 0.06	181.37	 3.72	 4.13	 1.00	10.75	 1.24	323.68	275.61	280.88	 0.00	279.58	0	54.00
2010	11	20	12.047	5802.5020	323.5020	19.5019	 0.81	 0.04	184.77	 3.03	 5.01	 0.99	10.92	 1.28	323.71	278.58	283.35	 0.00	 0.00	0	54.00
2010	11	20	12.487	5802.5205	323.5203	19.5203	 0.80	 0.05	189.79	 3.74	 9.34	 0.98	10.78	 1.27	323.87	279.80	285.41	265.23	288.30	0	53.05
2010	11	20	13.369	5802.5571	323.5570	19.5570	 0.79	 0.07	190.92	 5.90	 7.73	 1.00	10.78	 1.28	323.95	282.75	290.04	265.65	289.25	0	53.13
2010	11	20	15.586	5802.6494	323.6494	19.6494	 0.77	 0.07	197.21	 6.47	36.08	 0.96	10.75	 1.27	323.69	289.35	296.45	269.04	298.64	0	53.81
2010	11	20	16.925	5802.7051	323.7052	19.7052	 1.24	 0.13	193.30	 4.41	 8.65	 1.00	10.73	 1.18	323.93	291.73	298.81	271.97	298.31	0	54.39
2010	11	20	18.704	5802.7793	323.7793	19.7793	 1.74	 0.24	198.13	 4.03	23.66	 1.00	10.77	 1.12	323.72	292.78	302.81	275.82	299.84	0	55.16
2010	11	20	23.170	5802.9653	323.9654	19.9654	 1.94	 0.22	200.43	 2.93	 0.54	 1.00	11.02	 1.17	324.04	284.65	291.06	260.93	289.31	0	52.19
2010	11	20	23.613	5802.9839	323.9839	19.9839	 1.74	 0.13	200.58	 2.32	12.06	 0.99	10.87	 1.19	324.30	283.54	292.50	260.49	287.95	0	52.10
2010	11	21	1.417	5803.0591	324.0591	20.0590	 1.65	 0.13	197.32	 2.42	 3.55	 1.00	10.85	 1.18	324.09	280.73	283.22	259.87	288.10	0	51.97
2010	11	21	1.863	5803.0776	324.0776	20.0776	 1.37	 0.09	193.68	 2.68	 7.24	 1.00	10.83	 1.17	324.04	280.20	283.25	259.32	285.86	0	51.86
2010	11	21	2.305	5803.0962	324.0960	20.0961	 1.43	 0.15	197.62	 3.82	 7.89	 1.00	10.75	 1.23	323.96	279.77	284.43	259.15	 0.00	0	51.83
2010	11	21	3.244	5803.1353	324.1352	20.1352	 1.20	 0.09	191.28	 3.16	 2.26	 1.00	10.75	 1.18	323.97	278.19	281.91	257.35	 0.00	0	51.47
2010	11	21	3.689	5803.1538	324.1537	20.1537	 1.23	 0.12	185.22	 4.09	 6.07	 1.00	10.77	 1.17	324.06	277.55	281.47	257.32	 0.00	0	51.46
2010	11	21	4.576	5803.1904	324.1906	20.1906	 1.07	 0.09	185.09	 4.13	 2.49	 1.00	10.72	 1.26	323.82	276.56	282.22	 0.00	280.97	0	54.00
2010	11	21	5.016	5803.2090	324.2090	20.2090	 0.89	 0.13	178.01	 7.73	18.98	 1.00	10.77	 1.14	323.98	276.15	279.62	 0.00	280.56	0	54.00
2010	11	21	5.923	5803.2466	324.2468	20.2468	 0.64	 0.07	178.52	 7.76	 5.96	 1.00	10.77	 1.07	323.82	275.39	277.55	 0.00	 0.00	0	54.00
2010	11	21	6.365	5803.2651	324.2652	20.2652	 0.76	 0.07	180.47	 5.85	13.34	 0.99	10.80	 1.11	323.93	275.05	281.25	256.75	280.68	0	51.35
2010	11	21	6.806	5803.2837	324.2836	20.2836	 0.88	 0.08	181.78	 4.77	 1.92	 1.00	10.80	 1.14	323.96	274.75	283.21	256.78	 0.00	0	51.36
2010	11	21	7.714	5803.3213	324.3214	20.3214	 0.90	 0.06	176.88	 3.57	 6.44	 1.00	10.85	 1.07	323.93	274.19	281.72	256.28	278.48	0	51.26
2010	11	21	8.157	5803.3398	324.3399	20.3399	 0.89	 0.06	174.70	 3.31	 4.65	 1.00	10.73	 1.13	323.82	274.00	277.17	256.43	280.75	0	51.29
2010	11	21	9.042	5803.3770	324.3767	20.3767	 0.61	 0.07	181.56	 8.51	 2.08	 1.00	10.75	 1.03	323.85	273.68	277.44	256.77	 0.00	0	51.35
2010	11	21	9.483	5803.3950	324.3951	20.3951	 0.55	 0.07	184.34	10.99	 4.67	 1.00	10.90	 0.94	323.85	273.58	276.70	256.91	280.18	0	51.38
2010	11	21	9.948	5803.4146	324.4145	20.4145	 0.69	 0.08	174.33	 7.20	 3.80	 1.00	10.75	 1.02	323.90	273.73	279.13	 0.00	 0.00	0	54.00
2010	11	21	10.837	5803.4517	324.4516	20.4516	 0.54	 0.06	184.63	 9.12	10.91	 1.00	10.85	 1.08	323.90	274.82	279.48	259.10	281.46	0	51.82
2010	11	21	11.282	5803.4702	324.4701	20.4701	 0.54	 0.06	178.79	 8.69	12.72	 0.99	10.85	 1.11	323.96	275.59	278.85	259.45	282.37	0	51.89
2010	11	21	11.731	5803.4888	324.4888	20.4888	 0.50	 0.05	183.21	 8.34	12.26	 0.98	10.82	 1.15	324.18	276.52	279.27	260.24	283.83	0	52.05
2010	11	21	12.642	5803.5269	324.5268	20.5268	 0.59	 0.05	176.60	 6.08	14.74	 0.97	10.80	 1.29	324.19	278.85	283.41	 0.00	 0.00	0	54.00
2010	11	21	15.301	5803.6377	324.6375	20.6375	 0.54	 0.10	214.13	18.30	146.44	 0.93	10.73	 1.27	325.11	289.19	295.15	272.08	298.98	0	54.42
2010	11	21	19.296	5803.8042	324.8040	20.8040	 0.96	 0.10	187.24	 5.48	 6.75	 1.00	10.80	 1.10	322.54	293.91	304.31	274.98	301.34	0	55.00
2010	11	21	22.846	5803.9517	324.9519	20.9519	 0.74	 0.05	204.50	 5.21	17.18	 0.98	10.87	 1.22	324.59	286.46	293.71	265.23	291.97	0	53.05
2010	11	21	23.315	5803.9717	324.9715	20.9715	 0.94	 0.05	193.60	 2.91	 6.75	 0.99	10.80	 1.23	324.71	285.09	294.53	264.07	292.98	0	52.81
2010	11	22	1.557	5804.0649	325.0649	21.0649	 0.67	 0.05	188.07	 5.75	 2.73	 1.00	10.83	 1.19	324.48	281.61	286.24	 0.00	286.43	0	54.00
2010	11	22	2.003	5804.0835	325.0834	21.0834	 0.75	 0.04	189.36	 3.40	 3.78	 1.00	10.93	 1.26	324.44	281.44	288.53	264.36	287.91	0	52.87
2010	11	22	3.834	5804.1597	325.1598	21.1598	 0.62	 0.04	179.72	 5.29	 2.10	 1.00	10.95	 1.16	324.49	280.47	285.42	264.48	 0.00	0	52.90
2010	11	22	4.278	5804.1782	325.1783	21.1782	 0.63	 0.06	186.96	 6.68	 1.64	 1.00	10.87	 1.24	324.41	280.31	286.75	264.52	285.26	0	52.90
2010	11	22	4.719	5804.1968	325.1966	21.1966	 0.84	 0.05	180.10	 3.19	 4.37	 1.00	10.77	 1.19	324.38	280.17	286.62	 0.00	287.86	0	54.00
2010	11	22	5.609	5804.2339	325.2337	21.2337	 0.74	 0.04	184.42	 3.50	 4.95	 0.99	10.78	 1.20	324.59	280.07	285.11	 0.00	287.68	0	54.00
2010	11	22	6.966	5804.2900	325.2902	21.2902	 0.61	 0.05	178.00	 6.29	12.61	 0.98	10.80	 1.22	324.42	279.99	283.95	 0.00	286.25	0	54.00
2010	11	22	7.855	5804.3271	325.3273	21.3273	 0.57	 0.04	181.21	 4.96	 0.38	 1.00	10.77	 1.21	324.41	279.80	283.42	264.42	286.04	0	52.88
2010	11	22	9.653	5804.4023	325.4022	21.4022	 0.63	 0.04	174.02	 4.28	 0.96	 1.00	11.03	 1.17	324.38	279.62	284.72	264.36	287.06	0	52.87
2010	11	22	11.444	5804.4771	325.4768	21.4769	 0.58	 0.05	183.34	 6.78	 1.31	 1.00	10.80	 1.16	324.48	282.09	286.54	266.32	 0.00	0	53.26
2010	11	22	14.537	5804.6055	325.6057	21.6057	 0.58	 0.04	193.26	 5.45	 4.34	 1.00	10.72	 1.14	324.78	291.27	298.68	273.94	297.93	0	54.79
2010	11	22	14.999	5804.6250	325.6249	21.6249	 0.78	 0.07	187.67	 5.36	 3.60	 1.00	10.77	 1.21	323.46	292.65	300.76	275.77	300.00	0	55.15
2010	11	22	16.311	5804.6797	325.6796	21.6796	 0.70	 0.05	187.90	 4.97	28.02	 0.90	10.72	 1.06	322.77	295.43	303.83	277.97	301.78	0	55.59
2010	11	22	19.860	5804.8276	325.8275	21.8275	 1.03	 0.10	196.36	 4.90	32.63	 0.98	10.75	 1.10	322.87	291.46	298.92	 0.00	297.73	0	54.00
2010	11	22	20.298	5804.8457	325.8458	21.8458	 1.41	 0.08	198.88	 2.22	 1.66	 1.00	10.72	 1.21	322.93	291.23	300.02	277.88	296.43	0	55.58
2010	11	22	20.739	5804.8643	325.8641	21.8641	 1.64	 0.09	204.80	 1.89	 9.00	 0.98	10.72	 1.29	322.98	290.88	301.90	277.24	300.86	0	55.45
2010	11	22	21.177	5804.8823	325.8824	21.8824	 1.72	 0.11	199.97	 1.87	 1.39	 1.00	10.78	 1.22	322.84	290.35	300.78	 0.00	298.10	0	54.00
2010	11	23	2.125	5805.0884	326.0885	22.0885	 0.79	 0.03	183.16	 2.47	 1.66	 1.00	10.80	 1.25	324.88	279.52	284.74	261.36	284.30	0	52.27
2010	11	23	3.015	5805.1255	326.1256	22.1256	 0.79	 0.06	173.03	 4.40	 4.71	 1.00	11.12	 1.28	323.62	278.71	283.50	261.02	284.78	0	52.20
2010	11	23	3.899	5805.1626	326.1624	22.1624	 0.50	 0.08	182.10	14.51	13.51	 1.00	10.75	 1.14	323.99	278.02	282.73	260.84	285.38	0	52.17
2010	11	23	4.396	5805.1831	326.1832	22.1832	 0.67	 0.06	175.08	 6.18	 3.35	 1.00	10.90	 1.21	324.46	277.72	283.44	260.57	283.88	0	52.11
2010	11	23	4.842	5805.2017	326.2018	22.2017	 0.50	 0.05	182.57	 8.09	 3.50	 1.00	10.83	 1.14	324.05	277.47	282.85	260.43	285.00	0	52.09
2010	11	23	5.283	5805.2202	326.2201	22.2201	 0.71	 0.05	176.94	 4.90	 1.43	 1.00	10.77	 1.30	323.58	277.23	282.28	260.17	284.68	0	52.03
2010	11	23	6.173	5805.2573	326.2572	22.2572	 0.69	 0.05	171.92	 4.95	 3.60	 1.00	10.80	 1.23	323.11	276.77	282.18	259.76	281.56	0	51.95
2010	11	23	7.975	5805.3325	326.3323	22.3323	 0.65	 0.04	172.45	 3.82	 7.85	 0.97	10.72	 1.20	322.80	276.00	282.26	259.29	283.47	0	51.86
2010	11	23	8.423	5805.3511	326.3510	22.3509	 0.57	 0.04	174.03	 5.04	12.30	 0.94	10.80	 1.16	323.22	275.73	281.65	258.81	 0.00	0	51.76
2010	11	23	8.894	5805.3706	326.3706	22.3706	 0.60	 0.07	171.95	 8.14	 7.32	 1.00	10.80	 1.15	319.89	275.58	282.54	258.81	281.23	0	51.76
2010	11	23	14.215	5805.5923	326.5923	22.5923	 0.56	 0.05	175.73	 6.52	13.90	 0.97	10.73	 1.14	324.54	280.62	284.57	267.94	287.11	0	53.59
2010	11	23	16.428	5805.6846	326.6845	22.6845	 0.69	 0.05	179.41	 5.34	 4.67	 1.00	10.75	 1.28	324.17	290.71	299.94	275.88	297.56	0	55.18
2010	11	23	18.641	5805.7769	326.7767	22.7767	 0.81	 0.06	182.24	 4.71	 7.61	 1.00	10.78	 1.11	324.80	293.99	303.72	278.86	301.23	0	55.77
2010	11	23	19.082	5805.7949	326.7951	22.7951	 0.82	 0.09	189.78	 7.21	 3.33	 1.00	10.73	 1.10	323.35	293.89	300.91	277.16	301.32	0	55.43
2010	11	23	19.983	5805.8325	326.8326	22.8326	 1.30	 0.09	195.31	 2.77	 7.65	 1.00	10.77	 1.20	323.75	292.93	304.12	277.44	298.43	0	55.49
2010	11	23	20.421	5805.8511	326.8509	22.8509	 1.09	 0.10	194.25	 4.45	 3.69	 1.00	10.82	 1.10	323.82	292.32	303.45	275.99	299.94	0	55.20
2010	11	23	21.747	5805.9062	326.9061	22.9061	 1.60	 0.11	197.18	 2.34	 5.29	 1.00	10.87	 1.27	324.42	289.82	298.70	273.70	295.81	0	54.74
2010	11	23	23.547	5805.9810	326.9811	22.9811	 1.19	 0.07	193.16	 2.54	 2.04	 1.00	10.78	 1.29	325.03	284.16	292.40	 0.00	289.49	0	54.00
2010	11	24	1.794	5806.0747	327.0747	23.0747	 0.68	 0.05	179.80	 4.86	 2.78	 1.00	10.77	 1.24	324.53	279.77	284.98	261.30	287.12	0	52.26
2010	11	24	3.154	5806.1313	327.1314	23.1314	 0.67	 0.03	185.46	 3.46	 2.92	 1.00	10.78	 1.25	324.46	278.59	284.01	261.01	283.32	0	52.20
2010	11	24	3.594	5806.1499	327.1497	23.1497	 0.57	 0.05	189.99	 7.32	 5.53	 1.00	10.75	 1.18	324.52	278.30	282.58	260.78	283.00	0	52.16
2010	11	24	4.038	5806.1685	327.1682	23.1683	 0.69	 0.06	180.03	 5.61	 3.79	 1.00	10.98	 1.23	324.60	278.07	282.77	260.75	282.87	0	52.15
2010	11	24	4.975	5806.2075	327.2073	23.2073	 0.71	 0.05	180.30	 4.87	 1.77	 1.00	10.90	 1.17	325.08	277.65	282.54	260.49	283.59	0	52.10
2010	11	24	5.419	5806.2256	327.2258	23.2258	 0.67	 0.05	179.76	 4.64	 3.87	 1.00	10.73	 1.20	325.00	277.56	281.76	260.53	 0.00	0	52.11
2010	11	24	5.859	5806.2441	327.2441	23.2441	 0.71	 0.04	179.74	 3.77	 1.44	 1.00	10.77	 1.19	325.06	277.46	282.58	260.65	 0.00	0	52.13
2010	11	24	6.305	5806.2627	327.2627	23.2627	 0.76	 0.04	181.34	 2.91	 2.92	 1.00	10.88	 1.27	324.99	277.37	282.57	260.44	283.27	0	52.09
2010	11	24	6.750	5806.2812	327.2812	23.2812	 0.69	 0.05	184.76	 5.33	 7.41	 1.00	10.87	 1.22	324.87	277.32	283.03	260.61	283.21	0	52.12
2010	11	24	7.665	5806.3193	327.3194	23.3194	 0.76	 0.04	181.89	 3.54	 1.23	 1.00	10.72	 1.28	324.72	277.29	282.77	261.74	281.84	0	52.35
2010	11	24	8.549	5806.3564	327.3562	23.3562	 0.69	 0.03	185.30	 3.47	 3.53	 0.99	10.85	 1.22	324.70	277.36	282.89	262.10	 0.00	0	52.42
2010	11	24	8.994	5806.3750	327.3748	23.3748	 0.71	 0.06	182.77	 5.29	 2.77	 1.00	10.85	 1.23	324.62	277.39	282.16	262.41	283.29	0	52.48
2010	11	24	10.351	5806.4312	327.4313	23.4313	 0.74	 0.05	179.90	 4.35	 6.68	 0.99	10.73	 1.27	324.61	278.47	282.91	264.34	283.81	0	52.87
2010	11	24	12.144	5806.5059	327.5060	23.5060	 0.66	 0.05	181.78	 5.74	 5.40	 1.00	10.72	 1.23	325.05	283.18	290.16	270.27	291.84	0	54.05
2010	11	24	13.018	5806.5425	327.5424	23.5424	 0.69	 0.05	176.82	 4.57	 5.61	 1.00	10.73	 1.17	325.43	286.50	292.45	273.31	291.07	0	54.66
2010	11	24	16.132	5806.6724	327.6721	23.6722	 0.79	 0.05	195.15	 3.78	15.26	 0.95	10.73	 1.13	320.93	296.57	306.49	283.81	302.49	0	56.76
2010	11	24	17.885	5806.7451	327.7452	23.7452	 0.87	 0.05	198.64	 3.19	 7.23	 0.99	10.72	 1.29	322.04	298.18	309.45	283.59	306.14	0	56.72
2010	11	24	23.233	5806.9683	327.9680	23.9680	 1.16	 0.09	194.11	 3.69	 3.39	 1.00	10.83	 1.11	321.18	281.67	289.19	 0.00	287.38	0	54.00
2010	11	25	0.568	5807.0234	328.0237	24.0237	 0.70	 0.04	180.71	 3.50	 3.96	 0.99	10.72	 1.28	323.96	280.14	287.57	263.90	287.62	0	52.78
2010	11	25	2.362	5807.0986	328.0984	24.0984	 0.79	 0.05	192.31	 3.87	 2.88	 1.00	10.73	 1.21	323.78	279.47	285.70	262.58	287.13	0	52.52
2010	11	25	4.606	5807.1919	328.1919	24.1919	 0.68	 0.04	173.58	 4.11	 1.65	 1.00	10.82	 1.22	322.42	278.49	284.18	262.52	284.81	0	52.50
2010	11	25	5.049	5807.2104	328.2104	24.2104	 0.58	 0.03	176.65	 4.17	 1.80	 1.00	10.72	 1.24	322.79	278.34	283.02	262.77	285.90	0	52.55
2010	11	25	5.986	5807.2495	328.2494	24.2494	 0.46	 0.05	174.76	 9.55	 6.15	 1.00	10.87	 1.10	322.79	278.14	281.44	262.77	284.44	0	52.55
2010	11	25	6.428	5807.2681	328.2678	24.2678	 0.53	 0.05	171.51	 7.51	13.20	 0.98	10.82	 1.18	322.50	278.07	281.78	 0.00	 0.00	0	54.00
2010	11	25	7.780	5807.3242	328.3242	24.3242	 0.62	 0.06	168.04	 6.50	 5.81	 1.00	10.77	 1.21	322.87	277.71	283.51	262.25	282.62	0	52.45
2010	11	25	8.664	5807.3608	328.3610	24.3610	 0.60	 0.05	167.24	 6.11	 5.48	 1.00	10.75	 1.23	322.63	277.54	283.08	261.86	 0.00	0	52.37
2010	11	25	13.999	5807.5835	328.5833	24.5833	 0.43	 0.04	179.88	 9.00	 3.84	 1.00	10.73	 1.24	322.19	289.62	295.12	275.50	299.61	0	55.10
2010	11	25	14.898	5807.6206	328.6208	24.6208	 0.84	 0.08	149.69	 4.33	 9.50	 0.99	10.73	 1.16	321.75	293.05	301.98	279.86	302.39	0	55.97
2010	11	25	16.212	5807.6753	328.6755	24.6755	 0.83	 0.05	181.02	 3.32	50.93	 0.51	10.72	 1.19	322.82	296.23	304.31	283.55	302.88	0	56.71
2010	11	25	16.675	5807.6948	328.6948	24.6948	 0.89	 0.05	174.05	 2.85	20.29	 0.85	10.77	 1.17	321.64	297.08	308.65	283.99	303.21	0	56.80
2010	11	25	17.550	5807.7314	328.7313	24.7313	 0.58	 0.02	192.47	 3.28	18.65	 0.50	10.73	 1.08	321.38	298.07	308.53	283.14	305.38	0	56.63
2010	11	25	17.987	5807.7495	328.7495	24.7494	 0.48	 0.07	199.91	14.94	10.76	 1.00	10.73	 0.97	319.90	298.12	311.50	285.88	305.27	0	57.18
2010	11	25	18.424	5807.7676	328.7676	24.7677	 0.83	 0.04	194.27	 3.22	 7.34	 0.99	10.75	 1.23	320.46	298.01	310.35	285.25	305.34	0	57.05
2010	11	25	22.428	5807.9346	328.9345	24.9345	 0.98	 0.25	223.92	15.89	243.44	 0.99	10.87	 1.27	321.33	288.07	298.40	266.69	 0.00	0	53.34
2010	11	25	22.872	5807.9531	328.9530	24.9530	 1.19	 0.06	196.39	 2.30	 9.63	 0.98	11.00	 1.26	322.27	286.89	296.51	 0.00	292.83	0	54.00
2010	11	26	1.572	5808.0654	329.0655	25.0655	 0.60	 0.05	175.43	 6.06	 4.11	 1.00	10.77	 1.13	323.58	281.82	289.07	264.56	 0.00	0	52.91
2010	11	26	2.460	5808.1025	329.1025	25.1025	 0.56	 0.05	180.93	 6.47	11.47	 0.98	10.72	 1.20	323.99	280.92	287.78	264.55	 0.00	0	52.91
2010	11	26	2.904	5808.1211	329.1210	25.1210	 0.55	 0.04	181.61	 5.47	 8.23	 0.98	10.75	 1.21	324.26	280.61	286.89	 0.00	285.64	0	54.00
2010	11	26	3.812	5808.1587	329.1588	25.1588	 0.61	 0.05	175.15	 5.64	 5.35	 1.00	10.93	 1.21	324.30	280.07	285.68	264.48	285.06	0	52.90
2010	11	26	4.254	5808.1772	329.1773	25.1773	 0.62	 0.04	171.31	 4.15	 8.72	 0.96	10.73	 1.22	324.57	279.86	285.44	 0.00	 0.00	0	54.00
2010	11	26	5.579	5808.2324	329.2325	25.2325	 0.53	 0.05	182.96	 8.12	 4.10	 1.00	10.77	 1.19	324.70	279.33	285.54	263.17	284.09	0	52.63
2010	11	26	6.074	5808.2529	329.2531	25.2531	 0.62	 0.06	179.47	 6.52	 0.68	 1.00	10.75	 1.19	324.64	279.11	285.58	262.77	286.64	0	52.55
2010	11	26	7.411	5808.3086	329.3088	25.3088	 0.52	 0.04	180.48	 5.78	 1.86	 1.00	10.83	 1.16	324.19	278.75	284.81	263.76	284.85	0	52.75
2010	11	26	7.855	5808.3271	329.3273	25.3273	 0.54	 0.04	179.28	 6.35	 6.34	 0.99	10.77	 1.21	324.22	278.74	282.57	264.35	284.84	0	52.87
2010	11	26	8.322	5808.3467	329.3467	25.3467	 0.54	 0.04	180.55	 6.14	13.08	 0.96	10.77	 1.19	324.19	278.82	283.44	 0.00	 0.00	0	54.00
2010	11	26	9.209	5808.3838	329.3837	25.3837	 0.70	 0.04	176.29	 3.91	 1.10	 1.00	10.88	 1.27	324.15	278.92	285.07	264.34	 0.00	0	52.87
2010	11	26	9.649	5808.4019	329.4020	25.4020	 0.53	 0.05	179.17	 7.18	 5.23	 1.00	10.98	 1.17	324.26	278.98	282.63	264.24	285.05	0	52.85
2010	11	26	10.095	5808.4204	329.4206	25.4206	 0.53	 0.04	182.01	 5.58	18.83	 0.84	10.78	 1.18	324.32	279.38	284.56	 0.00	 0.00	0	54.00
2010	11	26	12.785	5808.5327	329.5327	25.5327	 0.64	 0.04	177.01	 4.13	 1.69	 1.00	10.80	 1.20	324.74	287.41	294.55	275.55	294.60	0	55.11
2010	11	26	14.101	5808.5874	329.5876	25.5875	 0.56	 0.08	209.79	13.86	81.45	 0.95	10.72	 1.16	324.58	292.12	294.23	278.52	299.45	0	55.70
2010	11	26	14.539	5808.6060	329.6058	25.6058	 0.56	 0.04	185.15	 5.45	 7.38	 0.98	10.73	 1.12	324.28	293.73	302.77	279.37	304.15	0	55.87
2010	11	26	15.003	5808.6250	329.6251	25.6251	 0.84	 0.04	175.98	 2.69	 2.26	 1.00	10.75	 1.17	322.96	295.22	304.27	279.69	303.04	0	55.94
2010	11	26	15.440	5808.6436	329.6433	25.6433	 0.49	 0.04	190.31	 7.14	10.77	 0.97	10.73	 0.96	322.13	296.19	306.82	281.01	303.74	0	56.20
2010	11	26	16.314	5808.6797	329.6797	25.6797	 0.97	 0.06	169.41	 3.07	51.95	 0.61	10.73	 1.04	320.95	297.90	309.70	283.62	304.45	0	56.72
2010	11	26	16.751	5808.6978	329.6979	25.6979	 0.34	 0.05	209.34	19.08	82.12	 0.67	10.75	 0.80	317.07	298.22	313.38	283.54	304.50	0	56.71
2010	11	26	17.652	5808.7354	329.7355	25.7355	 0.89	 0.05	182.99	 2.84	 4.34	 0.99	10.73	 1.22	320.87	298.64	309.66	283.84	305.64	0	56.77
2010	11	26	18.089	5808.7539	329.7537	25.7537	 0.80	 0.05	181.80	 3.74	 7.47	 0.99	10.73	 1.12	318.50	298.48	309.17	284.70	305.32	0	56.94
2010	11	26	18.963	5808.7900	329.7901	25.7901	 0.87	 0.05	184.19	 3.45	10.18	 0.98	10.72	 1.12	317.25	297.85	309.97	284.07	304.84	0	56.81
2010	11	26	19.425	5808.8096	329.8094	25.8094	 0.86	 0.05	185.66	 3.50	15.68	 0.96	10.75	 1.05	317.96	297.34	309.56	284.69	305.22	0	56.94
2010	11	26	20.739	5808.8643	329.8641	25.8641	 0.88	 0.08	184.26	 5.08	 3.47	 1.00	10.77	 0.99	318.67	295.22	309.55	280.87	303.88	0	56.17
2010	11	26	21.180	5808.8823	329.8825	25.8825	 0.98	 0.08	189.37	 4.07	14.85	 0.99	10.70	 1.09	318.89	294.22	306.38	279.63	304.41	0	55.93
2010	11	26	21.647	5808.9019	329.9019	25.9020	 1.31	 0.08	193.66	 2.42	11.52	 0.98	10.90	 1.15	318.81	293.10	305.40	277.60	300.04	0	55.52
2010	11	27	1.649	5809.0688	330.0687	26.0687	 0.73	 0.04	182.99	 3.16	 1.96	 1.00	10.90	 1.28	322.70	280.04	284.57	264.60	284.93	0	52.92
2010	11	27	2.115	5809.0884	330.0881	26.0881	 0.79	 0.05	178.86	 4.16	 2.53	 1.00	10.90	 1.27	322.78	279.89	285.82	 0.00	287.71	0	54.00
2010	11	27	3.447	5809.1436	330.1436	26.1436	 0.61	 0.04	174.86	 5.06	14.72	 0.94	10.73	 1.19	322.88	279.47	285.01	 0.00	 0.00	0	54.00
2010	11	27	5.696	5809.2373	330.2373	26.2374	 0.63	 0.04	179.83	 4.96	 6.69	 0.99	10.77	 1.26	322.60	278.77	285.14	262.20	285.11	0	52.44
2010	11	27	6.636	5809.2764	330.2765	26.2765	 0.55	 0.04	180.47	 6.22	 5.53	 0.99	10.75	 1.15	322.81	278.33	283.38	 0.00	 0.00	0	54.00
2010	11	27	7.075	5809.2949	330.2948	26.2948	 0.72	 0.05	178.14	 4.36	 1.29	 1.00	10.75	 1.26	322.14	278.11	285.40	263.27	 0.00	0	52.65
2010	11	27	7.962	5809.3315	330.3318	26.3317	 0.67	 0.03	179.17	 3.02	 4.19	 0.98	10.75	 1.26	321.91	278.24	285.33	264.03	285.87	0	52.81
2010	11	27	8.403	5809.3501	330.3501	26.3501	 0.72	 0.05	171.55	 4.11	 4.84	 1.00	10.75	 1.23	321.92	278.27	284.63	 0.00	285.93	0	54.00
2010	11	27	9.306	5809.3877	330.3878	26.3878	 0.58	 0.04	185.49	 5.28	 1.60	 1.00	10.83	 1.21	322.11	278.33	284.09	264.35	 0.00	0	52.87
2010	11	27	10.633	5809.4429	330.4431	26.4430	 0.72	 0.08	171.95	 7.14	 6.06	 1.00	10.78	 1.26	322.30	279.95	283.40	267.65	287.73	0	53.53
2010	11	27	11.542	5809.4810	330.4809	26.4809	 0.60	 0.08	178.63	 9.35	13.92	 1.00	10.70	 1.26	322.30	282.31	287.21	272.55	288.80	0	54.51
2010	11	27	11.983	5809.4995	330.4993	26.4993	 0.52	 0.15	318.22	41.68	641.27	 0.93	10.80	 1.25	322.46	283.77	290.24	274.39	286.87	0	54.88
2010	11	27	13.323	5809.5552	330.5551	26.5551	 0.79	 0.21	187.13	16.55	100.73	 1.00	10.75	 1.19	322.21	288.79	296.38	276.18	296.34	0	55.24
2010	11	27	13.761	5809.5732	330.5734	26.5734	 2.00	 0.71	209.10	 9.22	146.63	 0.99	10.72	 1.17	322.52	290.50	299.67	277.24	295.76	0	55.45
2010	11	27	14.637	5809.6099	330.6099	26.6099	 0.83	 0.04	186.99	 3.13	 5.44	 0.99	10.72	 1.30	322.95	293.61	304.54	279.35	301.64	0	55.87
2010	11	27	15.074	5809.6279	330.6281	26.6281	 0.71	 0.08	199.69	 8.10	121.23	 0.76	10.82	 1.24	321.59	295.00	305.15	279.56	302.17	0	55.91
2010	11	27	15.974	5809.6655	330.6656	26.6656	 0.81	 0.05	189.34	 4.13	 3.65	 1.00	10.75	 1.19	320.89	297.26	307.46	283.61	 0.00	0	56.72
2010	11	27	16.411	5809.6836	330.6838	26.6838	 0.89	 0.05	188.95	 3.26	 9.34	 0.98	10.73	 1.17	318.23	297.85	308.34	282.80	304.93	0	56.56
2010	11	27	16.848	5809.7021	330.7020	26.7020	 0.90	 0.04	191.39	 2.32	 3.91	 0.99	10.72	 1.19	318.75	298.29	309.27	284.03	305.32	0	56.81
2010	11	27	17.746	5809.7393	330.7394	26.7394	 0.81	 0.04	187.54	 3.20	 0.41	 1.00	10.75	 1.08	322.94	299.01	310.17	286.94	305.88	0	57.39
2010	11	27	19.061	5809.7944	330.7942	26.7942	 1.04	 0.06	195.03	 2.76	 9.86	 0.98	10.73	 1.30	323.95	298.86	309.08	285.94	304.48	0	57.19
2010	11	27	19.499	5809.8125	330.8124	26.8124	 1.08	 0.07	184.44	 3.14	 7.30	 1.00	10.72	 1.16	323.41	298.42	310.13	284.09	306.47	0	56.82
2010	11	27	20.401	5809.8501	330.8501	26.8501	 1.07	 0.07	190.89	 3.32	 4.55	 1.00	10.72	 1.16	323.10	296.98	307.47	282.04	305.56	0	56.41
2010	11	27	23.079	5809.9614	330.9616	26.9616	 1.22	 0.09	194.12	 3.06	 3.28	 1.00	10.73	 1.17	324.14	289.42	298.83	 0.00	297.86	0	54.00
2010	11	28	0.431	5810.0181	331.0179	27.0179	 0.76	 0.03	186.40	 2.97	 3.72	 0.99	10.87	 1.20	324.53	285.57	292.38	265.05	292.13	0	53.01
2010	11	28	0.876	5810.0366	331.0365	27.0365	 0.64	 0.04	193.37	 5.28	 3.64	 1.00	10.78	 1.19	324.52	284.75	291.75	 0.00	 0.00	0	54.00
2010	11	28	1.755	5810.0732	331.0731	27.0731	 0.77	 0.04	189.14	 3.14	 6.31	 0.98	10.78	 1.20	324.23	283.25	290.92	264.59	290.96	0	52.92
2010	11	28	2.199	5810.0918	331.0916	27.0916	 0.73	 0.04	187.61	 3.51	 3.33	 1.00	10.75	 1.22	324.16	282.79	288.29	264.52	 0.00	0	52.90
2010	11	28	4.440	5810.1851	331.1850	27.1850	 0.57	 0.04	192.20	 5.41	13.57	 0.94	10.85	 1.12	323.86	281.02	286.71	264.46	 0.00	0	52.89
2010	11	28	6.244	5810.2603	331.2602	27.2602	 0.63	 0.05	187.23	 6.34	 5.63	 1.00	10.83	 1.20	325.01	280.36	286.14	264.41	287.89	0	52.88
2010	11	28	7.178	5810.2993	331.2991	27.2991	 0.41	 0.03	204.88	 8.80	26.22	 0.78	10.83	 1.02	325.24	280.11	279.92	264.38	284.97	0	52.88
2010	11	28	7.620	5810.3174	331.3175	27.3175	 0.64	 0.04	194.54	 5.06	 4.20	 1.00	10.75	 1.21	325.22	280.06	284.35	264.34	286.15	0	52.87
2010	11	28	8.064	5810.3359	331.3360	27.3360	 0.63	 0.04	190.14	 5.21	 5.96	 0.99	10.80	 1.18	325.42	280.03	285.27	 0.00	286.13	0	54.00
2010	11	28	8.514	5810.3550	331.3547	27.3547	 0.66	 0.04	184.93	 4.86	10.99	 0.98	10.93	 1.15	325.36	279.94	284.52	264.41	286.05	0	52.88
2010	11	28	8.954	5810.3730	331.3731	27.3731	 0.75	 0.04	187.63	 3.16	 1.99	 1.00	10.88	 1.27	325.47	279.85	285.44	263.91	287.20	0	52.78
2010	11	28	10.312	5810.4297	331.4297	27.4297	 0.71	 0.04	185.19	 4.14	 3.44	 1.00	10.77	 1.26	325.05	280.60	284.82	266.66	284.94	0	53.33
2010	11	28	11.661	5810.4858	331.4859	27.4859	 0.72	 0.04	188.61	 4.01	 2.79	 1.00	10.77	 1.22	325.30	284.03	289.94	272.40	 0.00	0	54.48
2010	11	28	12.099	5810.5039	331.5041	27.5041	 0.74	 0.04	194.07	 3.76	 5.67	 0.99	10.75	 1.28	325.34	285.39	291.76	273.22	 0.00	0	54.64
2010	11	28	13.413	5810.5591	331.5589	27.5589	 0.79	 0.04	187.95	 3.22	 5.23	 0.99	10.72	 1.15	325.62	289.97	295.82	275.43	297.10	0	55.09
2010	11	28	13.876	5810.5781	331.5782	27.5782	 0.78	 0.04	195.90	 3.09	 2.41	 1.00	10.77	 1.13	325.28	291.49	300.58	277.04	298.85	0	55.41
2010	11	28	14.313	5810.5962	331.5964	27.5964	 0.89	 0.06	187.73	 3.59	 6.46	 1.00	10.73	 1.08	324.99	293.09	300.90	276.57	300.08	0	55.31
2010	11	28	16.091	5810.6704	331.6705	27.6705	 0.92	 0.05	194.64	 3.02	 6.51	 0.99	10.75	 1.12	322.74	297.36	306.81	281.58	304.66	0	56.32
2010	11	28	16.529	5810.6885	331.6887	27.6887	 0.95	 0.04	198.61	 2.45	 6.62	 0.98	10.75	 1.14	322.66	298.04	309.70	283.55	303.09	0	56.71
2010	11	28	16.966	5810.7070	331.7069	27.7069	 1.10	 0.06	191.41	 2.49	 0.97	 1.00	10.80	 1.15	323.52	298.62	307.12	283.29	305.23	0	56.66
2010	11	28	17.404	5810.7251	331.7252	27.7252	 0.76	 0.06	186.13	 5.26	27.02	 0.95	10.75	 0.86	323.51	298.89	311.19	281.89	304.10	0	56.38
2010	11	28	20.520	5810.8550	331.8550	27.8550	 1.43	 0.09	201.88	 2.50	 7.26	 1.00	10.80	 1.14	321.69	295.67	309.16	279.84	304.34	0	55.97
2010	11	28	22.751	5810.9478	331.9479	27.9480	 1.77	 0.08	203.38	 1.33	 9.92	 0.91	10.90	 1.17	322.42	289.27	300.24	265.39	298.01	0	53.08
2010	11	28	23.194	5810.9663	331.9664	27.9664	 1.68	 0.10	204.30	 1.84	10.22	 0.97	10.75	 1.23	322.12	287.87	299.17	265.21	296.27	0	53.04
2010	11	29	0.076	5811.0034	332.0032	28.0032	 1.46	 0.07	199.20	 1.83	 2.90	 1.00	10.90	 1.17	322.07	285.20	294.87	263.22	291.97	0	52.64
2010	11	29	0.982	5811.0410	332.0409	28.0409	 1.51	 0.11	203.56	 2.61	 4.18	 1.00	10.75	 1.29	322.08	282.99	292.50	262.01	288.25	0	52.40
2010	11	29	1.424	5811.0596	332.0593	28.0593	 1.57	 0.07	201.46	 1.62	 1.03	 1.00	10.77	 1.29	322.49	282.17	288.79	261.73	 0.00	0	52.35
2010	11	29	2.311	5811.0962	332.0963	28.0963	 1.48	 0.07	198.40	 1.67	 2.95	 1.00	10.78	 1.24	321.57	280.97	288.32	263.77	288.64	0	52.75
2010	11	29	4.114	5811.1714	332.1714	28.1714	 1.17	 0.07	200.63	 2.74	 0.74	 1.00	11.02	 1.21	322.49	279.37	287.20	262.10	287.15	0	52.42
2010	11	29	4.565	5811.1904	332.1902	28.1902	 1.29	 0.09	200.21	 2.94	 2.16	 1.00	10.80	 1.26	322.58	279.20	286.20	262.04	285.51	0	52.41
2010	11	29	5.479	5811.2285	332.2283	28.2283	 1.20	 0.05	191.96	 1.74	 6.99	 0.96	10.83	 1.20	323.21	278.73	285.90	261.29	 0.00	0	52.26
2010	11	29	6.806	5811.2837	332.2836	28.2836	 0.78	 0.06	190.06	 4.85	 0.91	 1.00	10.90	 1.24	323.36	278.36	282.79	262.04	 0.00	0	52.41
2010	11	29	8.189	5811.3413	332.3412	28.3412	 0.82	 0.04	185.30	 2.71	 1.38	 1.00	11.07	 1.22	323.57	278.18	283.43	262.53	284.20	0	52.51
2010	11	29	8.639	5811.3599	332.3600	28.3600	 0.85	 0.06	186.46	 3.94	 4.30	 1.00	11.28	 1.25	323.87	278.00	284.59	261.76	 0.00	0	52.35
2010	11	29	9.089	5811.3789	332.3787	28.3787	 0.87	 0.05	184.07	 3.48	 8.23	 0.99	10.73	 1.25	322.34	277.94	281.73	261.63	282.75	0	52.33
2010	11	29	9.530	5811.3970	332.3971	28.3971	 0.84	 0.04	182.24	 2.75	 2.35	 1.00	10.78	 1.21	322.27	277.84	281.57	 0.00	282.62	0	54.00
2010	11	29	11.327	5811.4722	332.4720	28.4720	 0.74	 0.04	181.83	 3.45	 2.28	 1.00	10.85	 1.24	321.92	280.45	285.13	267.01	 0.00	0	53.40
2010	11	29	19.305	5811.8042	332.8044	28.8044	 1.02	 0.06	195.85	 2.88	12.06	 0.97	10.75	 1.25	321.92	290.75	301.34	282.05	297.20	0	56.41
2010	11	29	19.743	5811.8228	332.8226	28.8226	 1.11	 0.05	198.34	 2.16	10.99	 0.95	10.75	 1.26	321.87	291.12	299.24	280.77	298.41	0	56.15
2010	11	29	20.181	5811.8408	332.8409	28.8409	 1.06	 0.09	196.22	 4.11	10.00	 1.00	10.73	 1.11	321.93	291.32	300.54	280.33	299.09	0	56.07
2010	11	29	20.618	5811.8589	332.8591	28.8591	 1.58	 0.07	200.65	 1.61	 5.92	 0.98	10.72	 1.24	321.77	291.35	302.36	280.52	301.63	0	56.10
2010	11	29	21.084	5811.8784	332.8785	28.8785	 1.67	 0.10	199.63	 1.94	 6.46	 0.99	10.77	 1.16	321.74	291.00	300.43	278.07	299.23	0	55.61
2010	11	29	22.856	5811.9521	332.9523	28.9523	 1.79	 0.19	209.49	 3.13	15.31	 0.99	10.88	 1.19	321.79	287.23	298.22	268.05	294.68	0	53.61
2010	11	29	23.768	5811.9902	332.9904	28.9903	 1.54	 0.11	199.77	 2.54	 2.39	 1.00	10.80	 1.24	321.62	284.82	293.97	 0.00	293.73	0	54.00
2010	11	30	0.654	5812.0273	333.0273	29.0273	 1.01	 0.06	184.55	 2.93	12.31	 0.97	10.80	 1.21	321.69	282.61	290.96	261.53	 0.00	0	52.31
2010	11	30	1.100	5812.0459	333.0458	29.0458	 0.76	 0.05	176.99	 3.98	 2.61	 1.00	10.85	 1.17	321.69	281.63	289.65	261.19	286.89	0	52.24
2010	11	30	1.572	5812.0654	333.0655	29.0655	 0.60	 0.05	173.95	 6.47	19.49	 0.96	10.87	 1.16	321.56	280.86	286.71	263.07	287.36	0	52.61
2010	11	30	2.015	5812.0840	333.0840	29.0839	 0.52	 0.05	186.45	 8.81	 8.63	 1.00	10.77	 1.18	321.58	280.42	286.05	 0.00	 0.00	0	54.00
2010	11	30	2.461	5812.1025	333.1026	29.1026	 0.55	 0.05	180.41	 6.76	11.71	 0.98	10.77	 1.19	321.58	279.98	285.41	 0.00	285.16	0	54.00
2010	11	30	3.353	5812.1396	333.1397	29.1397	 0.70	 0.06	179.09	 5.67	 5.76	 1.00	10.78	 1.24	321.69	279.27	287.20	262.70	287.06	0	52.54
2010	11	30	3.825	5812.1592	333.1594	29.1594	 0.75	 0.04	180.03	 3.65	 1.82	 1.00	10.92	 1.25	321.74	278.82	287.26	 0.00	283.94	0	54.00
2010	11	30	5.154	5812.2148	333.2148	29.2147	 0.66	 0.04	166.87	 3.93	 5.23	 0.99	10.73	 1.27	321.66	278.16	285.47	262.42	285.87	0	52.48
2010	11	30	6.069	5812.2529	333.2529	29.2529	 0.47	 0.05	172.00	 9.42	 4.19	 1.00	10.75	 1.14	321.79	277.89	284.59	 0.00	282.91	0	54.00
2010	11	30	6.959	5812.2900	333.2899	29.2900	 0.57	 0.04	169.93	 5.63	 2.16	 1.00	10.73	 1.28	322.08	277.59	283.68	261.41	 0.00	0	52.28
2010	11	30	8.339	5812.3477	333.3475	29.3475	 0.56	 0.05	161.47	 6.69	12.56	 0.98	10.90	 1.21	321.87	277.20	283.16	261.25	282.19	0	52.25
2010	11	30	9.229	5812.3848	333.3846	29.3845	 1.56	 0.68	107.94	 8.13	594.42	 0.74	10.88	 0.98	322.35	276.93	274.48	 0.00	283.09	0	54.00
2010	11	30	9.670	5812.4028	333.4029	29.4029	 0.58	 0.04	161.66	 4.97	 0.78	 1.00	10.73	 1.30	321.69	276.84	284.23	261.41	 0.00	0	52.28
2010	11	30	10.109	5812.4214	333.4212	29.4212	 0.49	 0.05	164.70	 7.93	 5.90	 1.00	10.73	 1.23	321.68	277.26	283.67	263.67	 0.00	0	52.73
2010	11	30	11.020	5812.4590	333.4592	29.4592	 0.42	 0.04	175.34	 9.31	 8.01	 0.99	10.80	 1.21	321.74	279.04	285.76	265.80	 0.00	0	53.16
2010	11	30	11.899	5812.4956	333.4958	29.4958	 0.35	 0.03	178.78	 9.32	14.92	 0.81	10.70	 1.16	322.09	281.38	284.44	269.13	290.04	0	53.83
2010	11	30	12.339	5812.5142	333.5141	29.5141	 0.50	 0.05	173.60	 8.89	 7.22	 1.00	10.75	 1.27	322.08	282.79	289.73	270.15	291.87	0	54.03
2010	11	30	15.451	5812.6436	333.6438	29.6438	 0.57	 0.08	164.63	 9.93	15.38	 0.99	10.73	 1.12	321.83	292.57	302.75	275.01	302.43	0	55.00
2010	11	30	16.326	5812.6802	333.6803	29.6803	 0.48	 0.08	177.73	13.83	255.39	 0.31	10.72	 0.97	319.60	294.33	302.26	277.12	303.17	0	55.42
2010	11	30	20.316	5812.8467	333.8465	29.8465	 0.89	 0.05	192.42	 3.04	 7.37	 0.99	10.73	 1.05	320.01	294.22	306.80	280.00	302.61	0	56.00
2010	11	30	20.754	5812.8647	333.8647	29.8648	 1.08	 0.10	200.18	 4.77	 0.10	 1.00	10.82	 1.14	319.88	293.57	306.61	279.28	301.97	0	55.86
2010	11	30	21.195	5812.8833	333.8831	29.8831	 1.20	 0.07	200.51	 2.66	 1.99	 1.00	10.77	 1.12	319.89	292.65	306.83	277.54	302.82	0	55.51
2010	11	30	22.111	5812.9214	333.9213	29.9213	 1.59	 0.12	198.23	 2.46	 4.05	 1.00	10.93	 1.17	320.06	290.23	302.12	271.70	297.72	0	54.34
2010	11	30	23.445	5812.9771	333.9769	29.9769	 0.91	 0.07	190.97	 4.20	 2.43	 1.00	11.08	 1.11	321.51	285.73	295.98	 0.00	291.73	0	54.00
