2011	8	1	0.139	6056.0059	212.0058	0.0058	 0.68	 0.10	170.33	 9.35	14.48	 1.00	10.73	 1.00	325.77	272.54	279.27	 0.00	276.76	0	54.00
2011	8	1	0.580	6056.0239	212.0242	0.0242	 0.75	 0.10	177.52	 8.28	32.92	 0.99	10.87	 1.09	325.75	271.99	278.99	252.03	278.78	0	50.41
2011	8	1	1.486	6056.0620	212.0619	0.0619	 0.86	 0.05	177.72	 3.46	11.14	 0.98	10.80	 1.07	325.79	271.08	278.61	252.24	278.33	0	50.45
2011	8	1	1.928	6056.0806	212.0803	0.0803	 0.67	 0.07	170.70	 6.72	34.10	 0.94	10.77	 0.90	325.77	270.87	274.57	252.77	275.09	0	50.55
2011	8	1	2.369	6056.0986	212.0987	0.0987	 0.70	 0.06	171.82	 5.24	 2.81	 1.00	10.75	 0.93	325.73	270.71	273.04	253.06	274.91	0	50.61
2011	8	1	2.808	6056.1172	212.1170	0.1170	 0.44	 0.07	176.13	15.00	36.37	 0.97	10.75	 0.78	325.66	270.58	266.74	253.11	274.74	0	50.62
2011	8	1	3.717	6056.1548	212.1549	0.1549	 0.69	 0.16	159.77	13.61	60.32	 0.99	10.88	 0.80	325.72	270.62	273.56	253.09	277.66	0	50.62
2011	8	1	4.605	6056.1919	212.1919	0.1919	 0.79	 0.08	161.27	 5.18	 5.66	 1.00	10.77	 0.93	325.62	270.87	272.28	253.06	276.35	0	50.61
2011	8	1	5.499	6056.2290	212.2291	0.2291	 0.68	 0.11	173.13	10.66	 7.54	 1.00	10.90	 0.93	325.82	270.91	275.89	252.89	276.31	0	50.58
2011	8	1	7.734	6056.3223	212.3223	0.3223	 0.94	 0.05	184.54	 2.77	 2.51	 1.00	10.83	 0.96	325.71	270.73	279.50	251.99	275.98	0	50.40
2011	8	1	9.081	6056.3784	212.3784	0.3784	 0.68	 0.05	171.40	 4.69	 3.38	 1.00	10.75	 0.86	325.76	270.43	276.02	 0.00	275.64	0	54.00
2011	8	1	9.523	6056.3970	212.3968	0.3968	 0.74	 0.07	159.90	 5.19	 5.42	 1.00	10.73	 0.80	325.76	270.30	274.44	 0.00	276.78	0	54.00
2011	8	1	10.429	6056.4346	212.4346	0.4345	 0.62	 0.06	176.94	 6.87	19.25	 0.98	10.90	 0.77	325.81	269.99	275.20	251.62	 0.00	0	50.32
2011	8	1	10.873	6056.4531	212.4530	0.4531	 0.56	 0.08	170.59	10.27	13.48	 1.00	10.80	 0.76	325.74	269.86	273.74	251.45	 0.00	0	50.29
2011	8	1	11.321	6056.4717	212.4717	0.4717	 0.70	 0.11	172.91	 9.93	 8.87	 1.00	10.93	 0.88	325.74	269.96	276.15	251.59	276.25	0	50.32
2011	8	1	12.209	6056.5088	212.5087	0.5087	 0.59	 0.13	155.99	14.35	 5.46	 1.00	10.83	 1.07	325.89	271.05	275.59	252.93	278.02	0	50.59
2011	8	1	13.113	6056.5464	212.5464	0.5464	 0.44	 0.08	148.98	14.71	 4.05	 1.00	10.75	 1.15	326.14	273.64	274.31	254.43	279.19	0	50.89
2011	8	1	16.201	6056.6748	212.6750	0.6750	 0.66	 0.03	177.51	 3.66	 4.03	 0.99	10.73	 1.21	325.90	282.54	288.93	265.68	291.04	0	53.14
2011	8	1	17.541	6056.7310	212.7309	0.7309	 0.78	 0.07	180.02	 5.34	12.28	 0.99	10.77	 1.24	325.12	286.22	292.71	265.90	 0.00	0	53.18
2011	8	1	17.978	6056.7490	212.7491	0.7491	 0.86	 0.07	184.23	 4.55	 0.95	 1.00	10.75	 1.25	325.47	286.85	294.49	265.68	292.30	0	53.14
2011	8	1	18.854	6056.7856	212.7856	0.7856	 0.88	 0.04	181.11	 2.75	10.77	 0.95	10.82	 1.24	324.43	287.33	295.22	266.12	290.51	0	53.22
2011	8	1	20.198	6056.8418	212.8416	0.8416	 0.97	 0.06	186.27	 3.08	 6.28	 0.99	10.73	 1.25	324.54	286.18	295.35	260.85	 0.00	0	52.17
2011	8	1	20.636	6056.8599	212.8598	0.8598	 0.85	 0.05	184.06	 3.12	 4.40	 1.00	10.75	 1.16	324.90	285.14	292.52	258.43	291.49	0	51.69
# Unit 3, Cerro Chajnantor CCAT, Filter  0,  Slot 1, 350 um (616) & yellow
#				days
#				since		day of	day of
# yr	mo	dy	 time	1/1/1995	year	month	Tau	unc	Tatm	unc	mse	fitgood	Etime	R	Thot	Twarm	Tchop	Tamb	<Tint>	Filter	Toff
# 1	2	3	4	5		6	7	8	9	10	11	12	13	14	15	16	17	18	19	20	21	22
2011	8	1	21.572	6056.8989	212.8988	0.8988	 0.88	 0.06	184.24	 3.98	16.63	 0.97	10.77	 1.18	321.46	281.88	290.03	256.87	287.02	0	51.37
2011	8	2	1.545	6057.0645	213.0644	1.0644	 1.02	 0.05	192.94	 2.34	 3.89	 0.99	10.72	 1.04	325.11	271.18	277.00	254.27	275.41	0	50.85
2011	8	2	2.007	6057.0835	213.0836	1.0836	 0.93	 0.04	190.74	 2.39	 2.75	 1.00	10.75	 0.95	325.17	271.38	277.29	 0.00	275.64	0	54.00
2011	8	2	2.884	6057.1201	213.1201	1.1202	 1.12	 0.05	197.72	 2.26	 2.76	 1.00	10.75	 1.11	325.08	271.66	279.28	254.02	278.77	0	50.80
2011	8	2	3.763	6057.1567	213.1568	1.1568	 1.06	 0.05	196.04	 2.44	 1.04	 1.00	10.73	 1.01	325.05	271.92	275.73	254.62	277.50	0	50.92
2011	8	2	4.227	6057.1763	213.1761	1.1761	 1.08	 0.06	193.20	 2.48	 3.55	 1.00	10.78	 0.99	325.09	272.01	275.45	254.70	276.20	0	50.94
2011	8	2	5.546	6057.2310	213.2311	1.2311	 1.16	 0.05	196.33	 1.99	 1.61	 1.00	10.72	 1.08	325.08	272.32	277.60	254.66	279.36	0	50.93
2011	8	2	7.332	6057.3057	213.3055	1.3055	 1.31	 0.07	199.15	 2.34	 4.86	 1.00	10.73	 1.13	325.09	272.58	280.58	254.89	278.21	0	50.98
2011	8	2	8.680	6057.3618	213.3617	1.3617	 1.22	 0.05	198.90	 1.97	 5.38	 0.99	10.82	 1.08	320.87	272.54	278.26	254.75	 0.00	0	50.95
2011	8	2	12.227	6057.5093	213.5094	1.5094	 1.42	 0.09	196.46	 2.27	 8.10	 0.99	10.73	 1.26	325.42	270.49	275.57	256.09	275.85	0	51.22
2011	8	2	13.567	6057.5654	213.5653	1.5653	 1.15	 0.06	190.17	 2.35	 0.82	 1.00	10.73	 1.19	325.24	276.23	279.26	258.15	282.20	0	51.63
2011	8	2	15.781	6057.6577	213.6575	1.6575	 1.14	 0.09	189.17	 3.79	 8.77	 1.00	10.75	 1.26	325.50	283.97	292.14	265.52	287.06	0	53.10
2011	8	2	16.657	6057.6938	213.6940	1.6940	 0.99	 0.04	184.04	 2.13	10.45	 0.92	10.75	 1.16	325.47	286.31	292.78	265.76	291.79	0	53.15
2011	8	2	17.999	6057.7500	213.7500	1.7500	 0.99	 0.05	182.99	 2.63	 7.15	 0.99	10.75	 1.23	325.79	288.79	296.88	269.32	294.38	0	53.86
2011	8	2	18.876	6057.7866	213.7865	1.7865	 0.92	 0.05	177.55	 2.91	11.67	 0.96	10.73	 1.20	326.37	289.26	297.05	267.59	292.58	0	53.52
2011	8	2	20.218	6057.8423	213.8424	1.8424	 0.86	 0.07	183.91	 4.64	10.16	 1.00	10.75	 1.13	326.18	288.09	296.45	262.29	294.47	0	52.46
2011	8	2	20.656	6057.8608	213.8607	1.8607	 0.99	 0.06	188.81	 3.23	 7.97	 0.99	10.72	 1.24	326.10	286.89	296.92	259.93	293.32	0	51.99
2011	8	2	21.094	6057.8789	213.8789	1.8789	 0.99	 0.06	188.21	 3.19	 7.39	 0.99	10.75	 1.24	326.12	285.33	294.88	259.06	291.93	0	51.81
2011	8	2	23.351	6057.9731	213.9729	1.9730	 0.79	 0.10	172.42	 7.28	 6.02	 1.00	10.75	 1.13	326.10	278.40	283.99	255.03	284.27	0	51.01
2011	8	2	23.789	6057.9912	213.9912	1.9912	 0.81	 0.05	189.21	 3.91	 1.89	 1.00	10.85	 1.26	326.08	277.50	282.84	254.82	284.59	0	50.96
2011	8	3	2.018	6058.0840	214.0841	2.0841	 0.73	 0.04	186.90	 3.84	 0.65	 1.00	10.83	 1.19	325.88	274.45	282.57	254.28	280.07	0	50.86
2011	8	3	2.481	6058.1035	214.1034	2.1034	 0.71	 0.04	186.57	 3.82	 2.90	 1.00	10.77	 1.17	326.01	274.07	281.56	254.62	 0.00	0	50.92
2011	8	3	2.927	6058.1221	214.1219	2.1219	 0.74	 0.06	177.56	 5.23	 3.32	 1.00	10.78	 1.16	325.91	273.77	278.45	254.71	 0.00	0	50.94
2011	8	3	3.368	6058.1401	214.1403	2.1403	 0.64	 0.05	183.78	 5.86	 6.04	 1.00	10.77	 1.10	325.90	273.54	278.75	255.09	279.22	0	51.02
2011	8	3	4.246	6058.1768	214.1769	2.1769	 0.84	 0.07	182.09	 4.62	12.31	 0.99	10.73	 1.20	325.94	273.21	279.78	255.14	277.39	0	51.03
2011	8	3	4.709	6058.1963	214.1962	2.1962	 0.72	 0.05	186.83	 4.92	 3.25	 1.00	10.85	 1.10	325.95	273.03	278.83	255.18	278.78	0	51.04
2011	8	3	6.934	6058.2891	214.2889	2.2889	 0.69	 0.05	178.17	 4.40	 4.20	 1.00	10.75	 1.05	325.97	272.64	276.76	254.12	279.57	0	50.82
2011	8	3	9.596	6058.3999	214.3998	2.3998	 0.68	 0.04	173.17	 4.24	 1.97	 1.00	10.80	 1.06	325.87	272.30	278.06	254.52	279.11	0	50.90
2011	8	3	11.381	6058.4741	214.4742	2.4742	 0.71	 0.08	160.91	 7.12	 8.67	 1.00	10.87	 1.08	325.96	272.48	272.99	255.27	278.80	0	51.05
2011	8	3	12.261	6058.5107	214.5108	2.5109	 0.63	 0.06	163.60	 6.33	 1.91	 1.00	10.73	 1.22	326.12	274.57	278.47	257.91	280.08	0	51.58
2011	8	3	13.137	6058.5474	214.5474	2.5474	 0.49	 0.05	172.36	 8.78	 4.98	 1.00	10.75	 1.13	326.21	277.59	283.33	259.90	285.90	0	51.98
2011	8	3	13.599	6058.5664	214.5666	2.5666	 0.56	 0.04	176.46	 4.85	 1.84	 1.00	10.77	 1.22	326.34	279.18	285.16	261.07	285.31	0	52.21
2011	8	3	14.036	6058.5850	214.5848	2.5848	 0.39	 0.07	210.18	20.10	51.21	 0.95	10.73	 1.20	326.21	281.00	286.12	263.13	287.19	0	52.63
2011	8	3	14.912	6058.6216	214.6213	2.6213	 0.55	 0.05	176.13	 7.15	 8.54	 0.99	10.72	 1.20	326.03	283.86	292.36	266.29	290.38	0	53.26
2011	8	3	16.251	6058.6772	214.6771	2.6771	 0.58	 0.04	176.90	 4.66	 7.28	 0.97	10.75	 1.19	325.62	288.53	294.56	273.94	297.69	0	54.79
2011	8	3	19.781	6058.8242	214.8242	2.8242	 0.66	 0.03	180.27	 3.42	 4.89	 0.98	10.75	 1.15	319.79	291.31	301.05	270.30	298.27	0	54.06
2011	8	3	20.683	6058.8618	214.8618	2.8618	 0.57	 0.05	181.65	 6.22	19.69	 0.93	10.73	 1.08	321.17	289.25	300.02	262.87	296.34	0	52.57
2011	8	3	22.484	6058.9370	214.9368	2.9368	 0.69	 0.06	180.75	 6.16	 3.77	 1.00	10.75	 1.22	322.61	282.65	293.87	259.58	289.43	0	51.92
2011	8	4	0.700	6059.0293	215.0292	3.0292	 0.78	 0.05	185.62	 4.02	 4.67	 1.00	10.77	 1.19	322.59	278.09	286.22	258.44	284.48	0	51.69
2011	8	4	1.577	6059.0659	215.0657	3.0657	 0.71	 0.04	179.92	 3.62	 4.56	 0.99	10.73	 1.18	322.60	277.20	283.07	259.34	283.55	0	51.87
2011	8	4	2.456	6059.1025	215.1023	3.1023	 0.75	 0.05	183.15	 4.21	 2.90	 1.00	10.80	 1.26	322.34	276.67	283.76	259.12	283.03	0	51.82
2011	8	4	2.920	6059.1216	215.1217	3.1217	 0.69	 0.05	176.64	 4.70	 5.89	 1.00	10.80	 1.20	322.62	276.42	279.70	 0.00	282.87	0	54.00
2011	8	4	3.797	6059.1582	215.1582	3.1582	 0.72	 0.05	183.06	 4.69	 9.60	 0.99	10.77	 1.24	322.18	276.07	282.70	258.76	 0.00	0	51.75
2011	8	4	5.579	6059.2324	215.2325	3.2325	 0.67	 0.04	185.79	 4.67	 4.33	 1.00	10.77	 1.21	322.26	275.43	282.57	258.18	283.22	0	51.64
2011	8	4	7.359	6059.3066	215.3066	3.3066	 0.65	 0.04	183.13	 4.05	 5.20	 0.99	10.78	 1.16	322.24	274.92	282.50	257.95	281.17	0	51.59
2011	8	4	7.802	6059.3252	215.3251	3.3251	 0.58	 0.04	184.02	 4.98	 7.90	 0.98	10.72	 1.15	322.20	274.82	280.80	 0.00	281.11	0	54.00
2011	8	4	8.240	6059.3433	215.3433	3.3433	 0.83	 0.05	174.81	 3.12	 4.61	 0.99	10.73	 1.24	322.42	274.72	281.94	257.55	282.05	0	51.51
2011	8	4	9.118	6059.3799	215.3799	3.3799	 0.57	 0.04	191.12	 6.02	 2.21	 1.00	10.78	 1.14	322.20	274.56	281.30	257.31	280.69	0	51.46
2011	8	4	9.584	6059.3994	215.3993	3.3993	 0.64	 0.05	174.24	 5.34	 5.09	 1.00	10.77	 1.10	322.24	274.42	281.09	 0.00	280.56	0	54.00
2011	8	4	10.022	6059.4175	215.4176	3.4176	 0.78	 0.04	175.39	 3.08	 4.99	 0.99	10.73	 1.17	322.13	274.33	282.70	257.03	280.49	0	51.41
2011	8	4	10.461	6059.4360	215.4359	3.4359	 0.73	 0.04	179.19	 3.67	 3.96	 1.00	10.73	 1.20	322.05	274.20	282.11	256.95	280.25	0	51.39
2011	8	4	12.244	6059.5103	215.5102	3.5102	 0.66	 0.04	183.56	 3.83	 1.92	 1.00	10.70	 1.20	322.01	276.03	280.19	259.77	282.07	0	51.95
2011	8	4	13.559	6059.5649	215.5650	3.5650	 0.50	 0.10	232.44	23.19	18.74	 1.00	10.78	 1.30	323.24	279.79	284.53	261.76	286.28	0	52.35
2011	8	4	17.108	6059.7129	215.7128	3.7128	 0.66	 0.04	185.15	 4.49	 7.84	 0.98	10.72	 1.16	323.18	285.65	292.01	271.75	288.26	0	54.35
2011	8	4	17.982	6059.7490	215.7493	3.7493	 0.94	 0.06	178.48	 3.47	 6.73	 1.00	10.73	 1.26	322.59	287.91	295.74	271.56	293.53	0	54.31
2011	8	4	19.319	6059.8052	215.8050	3.8050	 0.83	 0.05	183.25	 3.46	 1.26	 1.00	10.73	 1.23	322.82	288.92	298.31	269.02	295.26	0	53.80
2011	8	4	21.534	6059.8975	215.8972	3.8972	 0.92	 0.11	193.91	 6.69	13.64	 1.00	10.73	 1.28	322.53	284.23	294.19	259.95	291.65	0	51.99
2011	8	4	21.972	6059.9155	215.9155	3.9155	 0.83	 0.49	177.59	33.71	291.38	 1.00	10.77	 1.23	322.79	282.75	288.12	258.79	290.91	0	51.76
2011	8	5	0.658	6060.0273	216.0274	4.0274	 0.68	 0.10	214.51	12.68	480.53	 0.44	10.73	 1.21	322.71	277.02	284.82	256.77	281.89	0	51.35
2011	8	5	1.120	6060.0469	216.0467	4.0467	 0.73	 0.04	182.14	 3.42	 5.89	 0.99	10.77	 1.17	322.86	276.42	283.82	256.93	281.34	0	51.39
2011	8	5	2.874	6060.1196	216.1198	4.1197	 0.82	 0.07	177.49	 4.81	 7.12	 1.00	10.73	 1.22	322.58	274.88	282.92	256.41	279.63	0	51.28
2011	8	5	3.336	6060.1392	216.1390	4.1390	 0.65	 0.06	183.68	 6.25	 1.19	 1.00	10.83	 1.16	318.95	274.49	280.21	256.06	 0.00	0	51.21
2011	8	5	6.879	6060.2866	216.2866	4.2866	 0.84	 0.05	178.64	 3.18	 1.57	 1.00	10.75	 0.90	321.12	269.60	276.15	255.59	274.18	0	51.12
2011	8	5	7.319	6060.3052	216.3049	4.3049	 0.73	 0.06	178.69	 5.58	 1.64	 1.00	10.75	 0.89	321.15	270.11	273.88	255.40	277.57	0	51.08
2011	8	5	8.663	6060.3608	216.3610	4.3610	 0.81	 0.04	180.32	 2.78	10.31	 0.93	10.73	 0.99	321.06	271.13	275.28	255.25	277.09	0	51.05
2011	8	5	10.008	6060.4170	216.4170	4.4170	 0.71	 0.05	183.79	 4.35	 7.01	 0.99	10.77	 0.93	321.21	271.58	276.22	255.31	277.58	0	51.06
2011	8	5	10.888	6060.4536	216.4537	4.4537	 0.85	 0.05	188.46	 3.70	 2.39	 1.00	10.80	 1.04	321.13	271.76	278.74	255.09	277.67	0	51.02
2011	8	5	11.327	6060.4722	216.4720	4.4720	 0.88	 0.06	181.64	 3.51	 3.64	 1.00	10.77	 1.07	321.14	272.10	278.05	255.59	277.86	0	51.12
2011	8	5	12.232	6060.5098	216.5097	4.5097	 0.80	 0.08	192.69	 6.05	88.05	 0.78	10.78	 1.15	321.26	274.09	279.43	257.58	280.05	0	51.52
2011	8	5	13.109	6060.5464	216.5462	4.5462	 0.96	 0.04	184.84	 2.39	10.14	 0.95	10.75	 1.28	321.45	277.02	284.20	260.07	283.19	0	52.01
2011	8	5	14.445	6060.6021	216.6019	4.6019	 0.83	 0.04	184.35	 3.18	 6.61	 0.99	10.77	 1.20	321.48	281.91	289.52	263.04	287.98	0	52.61
2011	8	5	16.661	6060.6943	216.6942	4.6942	 0.82	 0.05	183.44	 3.73	 0.29	 1.00	10.75	 1.18	321.93	287.83	293.98	269.63	291.41	0	53.93
2011	8	5	17.101	6060.7124	216.7125	4.7125	 0.84	 0.06	184.27	 4.28	 3.53	 1.00	10.75	 1.17	321.92	289.00	297.04	272.69	294.62	0	54.54
2011	8	5	17.538	6060.7310	216.7307	4.7307	 0.75	 0.06	185.95	 4.86	 1.61	 1.00	10.73	 1.10	321.58	289.84	297.70	272.64	295.63	0	54.53
2011	8	5	17.976	6060.7490	216.7490	4.7490	 1.01	 0.04	188.79	 1.85	 3.04	 0.99	10.75	 1.28	320.73	290.33	300.14	272.94	293.85	0	54.59
2011	8	5	18.414	6060.7671	216.7672	4.7672	 1.05	 0.06	187.32	 3.02	 1.12	 1.00	10.73	 1.18	319.97	290.54	299.71	271.72	296.48	0	54.34
2011	8	5	19.753	6060.8232	216.8230	4.8230	 1.21	 0.06	199.48	 2.33	 1.03	 1.00	10.75	 1.24	320.70	289.75	302.40	266.80	298.78	0	53.36
2011	8	5	20.190	6060.8413	216.8412	4.8412	 1.40	 0.09	191.78	 2.39	 3.71	 1.00	10.72	 1.17	320.79	289.04	297.71	264.42	295.82	0	52.88
2011	8	5	21.090	6060.8789	216.8788	4.8788	 1.52	 0.10	192.68	 2.27	 4.53	 1.00	10.75	 1.09	317.42	286.36	297.81	261.60	294.86	0	52.32
2011	8	5	23.772	6060.9907	216.9905	4.9905	 1.56	 0.11	192.55	 2.27	 8.43	 0.99	10.77	 1.12	318.96	275.35	282.29	258.15	280.66	0	51.63
2011	8	6	1.093	6061.0454	217.0455	5.0455	 1.44	 0.05	198.84	 1.40	 7.88	 0.93	10.82	 1.24	321.64	275.12	281.49	257.07	281.28	0	51.41
2011	8	6	1.557	6061.0649	217.0649	5.0649	 1.52	 0.11	197.08	 2.49	 9.35	 0.99	10.82	 1.18	321.55	274.98	281.70	257.02	282.66	0	51.40
2011	8	6	2.436	6061.1016	217.1015	5.1015	 1.10	 0.07	192.20	 2.87	10.91	 0.98	10.77	 1.18	321.41	274.78	275.29	257.23	281.00	0	51.45
2011	8	6	3.312	6061.1382	217.1380	5.1380	 1.22	 0.07	192.81	 2.31	 9.37	 0.98	10.73	 1.18	321.55	274.69	279.76	 0.00	280.90	0	54.00
2011	8	6	4.654	6061.1938	217.1939	5.1939	 1.38	 0.07	194.47	 1.98	 4.25	 1.00	10.75	 1.18	321.54	274.75	281.26	257.93	279.41	0	51.59
2011	8	6	5.095	6061.2124	217.2123	5.2123	 1.29	 0.05	195.32	 1.76	 2.41	 1.00	10.75	 1.15	321.54	274.77	281.51	257.91	282.49	0	51.58
2011	8	6	5.997	6061.2500	217.2499	5.2499	 1.39	 0.09	197.51	 2.57	 4.95	 1.00	10.77	 1.18	321.57	274.76	281.59	257.61	280.98	0	51.52
2011	8	6	6.436	6061.2681	217.2682	5.2682	 1.31	 0.05	195.44	 1.72	 2.32	 1.00	10.75	 1.21	321.48	274.77	281.00	257.81	280.97	0	51.56
2011	8	6	6.875	6061.2866	217.2865	5.2864	 1.23	 0.07	193.14	 2.58	 1.89	 1.00	10.83	 1.22	321.50	274.74	280.83	257.89	282.41	0	51.58
2011	8	6	8.657	6061.3608	217.3607	5.3607	 1.27	 0.06	191.07	 2.06	 6.51	 0.99	10.75	 1.14	321.52	274.56	280.36	257.84	280.72	0	51.57
2011	8	6	9.096	6061.3789	217.3790	5.3790	 1.24	 0.07	192.48	 2.36	 4.59	 1.00	10.75	 1.11	321.56	274.56	279.99	257.63	280.66	0	51.53
2011	8	6	9.972	6061.4155	217.4155	5.4155	 1.71	 0.12	195.36	 2.09	 1.41	 1.00	10.70	 1.17	321.49	274.53	282.00	 0.00	280.61	0	54.00
2011	8	6	10.436	6061.4351	217.4348	5.4348	 1.79	 0.11	193.30	 1.64	 7.73	 0.98	10.73	 1.15	321.67	274.53	277.89	257.81	279.18	0	51.56
2011	8	6	11.316	6061.4717	217.4715	5.4715	 1.91	 0.13	199.75	 1.77	 1.93	 1.00	10.75	 1.19	321.51	274.85	281.04	258.23	280.71	0	51.65
2011	8	6	12.192	6061.5078	217.5080	5.5080	 2.35	 0.18	201.15	 1.46	 2.05	 1.00	10.77	 1.27	321.92	277.42	282.49	263.39	281.20	0	52.68
2011	8	6	13.095	6061.5454	217.5456	5.5456	 2.34	 0.18	196.20	 1.43	 1.31	 1.00	10.77	 1.23	322.84	280.42	284.43	266.24	289.00	0	53.25
2011	8	6	13.972	6061.5820	217.5822	5.5822	 1.96	 0.18	197.48	 2.28	 0.76	 1.00	10.73	 1.20	322.91	283.67	289.00	265.97	292.66	0	53.19
2011	8	6	14.870	6061.6196	217.6196	5.6196	 1.40	 0.13	196.88	 3.64	 8.11	 1.00	10.75	 1.11	323.39	285.61	291.95	265.18	292.27	0	53.04
2011	8	6	17.521	6061.7300	217.7300	5.7300	 1.12	 0.07	193.50	 2.91	12.34	 0.98	10.73	 1.11	320.81	290.81	299.16	272.14	296.48	0	54.43
2011	8	6	18.397	6061.7666	217.7665	5.7665	 1.11	 0.08	190.99	 3.30	 6.44	 1.00	10.73	 1.01	321.16	291.36	298.66	272.97	297.17	0	54.59
2011	8	6	20.617	6061.8589	217.8590	5.8590	 1.97	 0.14	193.09	 1.73	 3.93	 1.00	10.73	 1.08	322.08	289.09	297.43	 0.00	295.91	0	54.00
2011	8	7	1.087	6062.0454	218.0453	6.0453	 1.67	 0.07	198.96	 1.38	 3.13	 0.99	10.78	 1.24	323.69	279.68	287.34	 0.00	285.87	0	54.00
2011	8	7	1.529	6062.0635	218.0637	6.0637	 1.72	 0.09	198.89	 1.51	 5.24	 0.99	10.80	 1.23	323.65	279.14	285.60	259.11	285.26	0	51.82
2011	8	7	2.434	6062.1016	218.1014	6.1014	 1.69	 0.10	202.08	 1.86	 2.66	 1.00	10.77	 1.26	323.63	278.31	285.52	259.26	285.84	0	51.85
2011	8	7	3.315	6062.1382	218.1381	6.1381	 1.63	 0.09	201.45	 1.76	 5.79	 0.99	10.80	 1.20	323.62	278.17	284.84	259.57	285.71	0	51.91
2011	8	7	3.755	6062.1562	218.1564	6.1564	 1.55	 0.12	196.54	 2.69	 6.00	 1.00	10.77	 1.13	323.58	277.99	283.73	 0.00	285.48	0	54.00
2011	8	7	4.220	6062.1758	218.1758	6.1758	 1.52	 0.11	198.99	 2.55	 4.72	 1.00	10.75	 1.16	319.84	277.94	283.95	260.03	282.52	0	52.01
2011	8	7	7.321	6062.3052	218.3050	6.3050	 2.22	 0.18	200.65	 1.70	 3.29	 1.00	10.80	 1.12	322.84	275.28	280.05	260.71	280.82	0	52.14
2011	8	7	7.761	6062.3232	218.3234	6.3234	 2.20	 0.18	201.76	 1.80	 3.82	 1.00	10.73	 1.18	322.83	276.05	282.88	260.71	283.33	0	52.14
2011	8	7	8.201	6062.3418	218.3417	6.3417	 2.13	 0.14	200.70	 1.52	 1.79	 1.00	10.83	 1.22	322.86	276.68	282.98	260.64	 0.00	0	52.13
2011	8	7	8.669	6062.3613	218.3612	6.3612	 2.03	 0.14	202.86	 1.66	 0.57	 1.00	10.78	 1.21	322.85	277.16	284.09	260.50	283.05	0	52.10
2011	8	7	9.111	6062.3794	218.3796	6.3796	 1.74	 0.12	200.95	 2.02	 3.17	 1.00	10.77	 1.18	322.75	277.56	283.66	260.54	 0.00	0	52.11
2011	8	7	10.434	6062.4346	218.4348	6.4348	 1.71	 0.11	201.91	 2.08	 2.18	 1.00	10.97	 1.25	322.78	278.32	283.99	260.46	282.69	0	52.09
2011	8	7	10.903	6062.4541	218.4543	6.4543	 1.77	 0.13	201.00	 2.14	 7.62	 0.99	10.87	 1.28	322.89	278.51	285.85	260.54	282.91	0	52.11
2011	8	7	11.786	6062.4912	218.4911	6.4911	 1.53	 0.19	196.31	 4.36	 3.68	 1.00	10.73	 1.18	322.90	279.25	283.82	261.46	284.90	0	52.29
2011	8	7	12.224	6062.5093	218.5093	6.5093	 1.64	 0.06	200.66	 1.16	 2.64	 0.99	10.78	 1.30	322.98	279.86	287.18	262.08	287.54	0	52.42
2011	8	7	13.127	6062.5469	218.5470	6.5470	 1.28	 0.11	186.68	 3.56	14.70	 0.99	10.77	 1.16	323.23	281.68	286.91	262.09	287.88	0	52.42
2011	8	7	14.004	6062.5835	218.5835	6.5835	 1.04	 0.05	190.70	 2.52	 7.54	 0.98	10.75	 1.22	323.49	283.54	288.39	261.96	289.80	0	52.39
2011	8	7	14.878	6062.6201	218.6199	6.6199	 0.93	 0.05	194.34	 2.72	 2.76	 1.00	10.72	 1.25	323.97	284.99	294.15	 0.00	291.52	0	54.00
2011	8	7	16.657	6062.6938	218.6940	6.6941	 1.31	 0.07	200.57	 2.27	 4.49	 1.00	10.73	 1.19	322.48	290.00	298.48	274.77	298.42	0	54.95
2011	8	7	17.095	6062.7124	218.7123	6.7123	 1.50	 0.09	199.15	 2.20	 3.57	 1.00	10.75	 1.19	320.52	291.09	299.52	275.87	294.43	0	55.17
2011	8	7	17.559	6062.7314	218.7316	6.7316	 1.52	 0.10	197.17	 2.18	 2.54	 1.00	10.75	 1.15	319.08	291.90	300.17	276.06	295.40	0	55.21
2011	8	7	17.996	6062.7500	218.7498	6.7498	 1.44	 0.08	199.94	 2.08	 6.65	 0.99	10.75	 1.16	318.68	292.29	302.48	274.89	297.95	0	54.98
2011	8	7	19.771	6062.8237	218.8238	6.8238	 1.89	 0.22	202.62	 3.12	 8.83	 1.00	10.77	 1.21	317.29	291.13	301.94	267.76	295.74	0	53.55
2011	8	7	21.524	6062.8970	218.8969	6.8969	 2.61	 0.54	204.29	 3.41	17.44	 1.00	10.73	 1.27	318.19	286.61	294.93	264.44	292.17	0	52.89
2011	8	7	23.303	6062.9712	218.9710	6.9710	 1.66	 0.13	197.81	 2.49	 2.20	 1.00	10.77	 1.12	318.85	281.88	291.45	260.44	287.35	0	52.09
2011	8	8	1.112	6063.0464	219.0463	7.0463	 1.14	 0.12	187.88	 4.67	33.82	 0.98	10.83	 1.02	319.00	278.54	281.59	259.59	286.90	0	51.92
2011	8	8	1.556	6063.0649	219.0648	7.0648	 1.56	 0.14	193.42	 2.96	30.49	 0.96	10.80	 1.24	318.97	277.96	287.98	259.60	284.60	0	51.92
2011	8	8	4.689	6063.1953	219.1954	7.1954	 1.16	 0.06	200.18	 2.45	 9.84	 0.98	10.77	 1.17	319.56	275.85	281.82	259.04	283.83	0	51.81
2011	8	8	5.129	6063.2139	219.2137	7.2137	 1.14	 0.06	197.09	 2.37	 6.95	 0.99	10.82	 1.06	319.61	275.68	282.86	258.94	282.26	0	51.79
2011	8	8	5.569	6063.2319	219.2321	7.2320	 1.56	 0.06	201.16	 1.31	 7.57	 0.93	10.75	 1.20	319.96	275.56	283.41	258.80	281.99	0	51.76
2011	8	8	6.012	6063.2505	219.2505	7.2505	36.23	 1.00	201.40	 0.00	62.15	 0.00	10.78	 1.27	319.86	275.43	285.71	258.68	283.34	0	51.74
2011	8	8	6.453	6063.2690	219.2689	7.2689	 1.60	 0.10	200.49	 2.14	 2.73	 1.00	10.75	 1.22	319.76	275.33	283.38	258.64	280.44	0	51.73
2011	8	8	6.919	6063.2881	219.2883	7.2883	 1.35	 0.10	195.95	 2.94	 7.47	 1.00	10.78	 1.09	320.10	275.21	280.53	258.65	281.61	0	51.73
2011	8	8	7.800	6063.3252	219.3250	7.3250	 1.34	 0.06	199.18	 1.91	 5.17	 0.99	10.75	 1.16	320.19	275.06	283.27	258.49	279.93	0	51.70
2011	8	8	8.242	6063.3433	219.3434	7.3434	 1.27	 0.06	197.75	 1.95	 6.02	 0.99	10.73	 1.22	320.18	274.98	283.42	258.74	281.27	0	51.75
2011	8	8	8.682	6063.3618	219.3618	7.3618	 1.08	 0.08	194.72	 3.49	 3.36	 1.00	10.75	 1.08	320.23	274.93	278.91	258.60	279.80	0	51.72
2011	8	8	9.145	6063.3809	219.3811	7.3811	 1.22	 0.07	193.35	 2.40	 1.56	 1.00	10.82	 1.06	320.24	274.86	279.00	258.33	281.19	0	51.67
2011	8	8	9.586	6063.3994	219.3994	7.3994	 1.35	 0.09	198.82	 2.73	 4.19	 1.00	10.78	 1.14	320.27	274.84	281.17	258.28	 0.00	0	51.66
2011	8	8	10.469	6063.4360	219.4362	7.4362	 1.51	 0.09	195.25	 2.08	 2.48	 1.00	10.73	 1.13	320.31	274.82	280.76	258.76	281.06	0	51.75
2011	8	8	10.912	6063.4546	219.4547	7.4547	 1.57	 0.09	199.91	 2.06	 2.97	 1.00	10.87	 1.23	320.26	274.94	280.71	259.41	281.16	0	51.88
2011	8	8	11.376	6063.4741	219.4740	7.4740	 1.35	 0.07	197.37	 2.03	 1.13	 1.00	10.77	 1.16	320.35	275.26	282.34	259.91	279.98	0	51.98
2011	8	8	12.254	6063.5107	219.5106	7.5106	 1.24	 0.08	189.01	 2.55	 1.98	 1.00	10.80	 1.03	320.58	276.93	279.46	260.78	283.16	0	52.16
2011	8	8	13.592	6063.5664	219.5664	7.5664	 1.47	 0.08	199.55	 2.03	 1.86	 1.00	10.77	 1.20	320.84	280.64	288.02	263.05	289.90	0	52.61
2011	8	8	14.030	6063.5845	219.5846	7.5846	 1.61	 0.11	198.31	 2.14	 8.37	 0.99	10.73	 1.24	320.76	282.27	288.60	263.74	288.79	0	52.75
2011	8	8	15.346	6063.6392	219.6394	7.6394	 1.39	 0.07	192.48	 1.87	 9.13	 0.97	10.73	 1.10	319.64	285.87	290.96	265.89	289.75	0	53.18
2011	8	8	17.120	6063.7134	219.7133	7.7133	 1.77	 0.13	197.26	 2.07	 7.93	 0.99	10.75	 1.16	317.25	290.41	298.42	276.34	296.23	0	55.27
2011	8	8	17.558	6063.7314	219.7316	7.7316	 1.47	 0.07	195.49	 1.74	 1.61	 1.00	10.73	 1.09	316.20	291.15	298.85	277.77	297.26	0	55.55
2011	8	8	18.457	6063.7690	219.7691	7.7691	 1.46	 0.07	196.68	 1.83	 2.45	 1.00	10.73	 1.18	318.54	292.07	300.50	279.32	298.13	0	55.86
2011	8	8	19.334	6063.8057	219.8056	7.8056	 1.20	 0.05	193.61	 1.84	 2.59	 1.00	10.73	 1.21	320.57	292.12	300.17	276.99	298.71	0	55.40
2011	8	8	20.233	6063.8433	219.8430	7.8430	 1.02	 0.05	195.73	 2.47	 6.24	 0.99	10.75	 1.18	321.15	291.20	302.39	267.10	298.60	0	53.42
2011	8	8	20.672	6063.8613	219.8613	7.8613	 0.95	 0.05	192.88	 2.93	11.08	 0.97	10.73	 1.25	320.98	290.15	301.86	266.16	298.01	0	53.23
2011	8	8	21.111	6063.8794	219.8796	7.8796	 0.85	 0.05	185.85	 3.80	14.22	 0.97	10.75	 1.08	320.73	288.70	300.49	265.39	294.11	0	53.08
2011	8	9	0.705	6064.0293	220.0294	8.0294	 0.86	 0.05	186.14	 3.31	 2.26	 1.00	10.85	 1.26	318.58	279.26	289.02	262.73	286.19	0	52.55
2011	8	9	1.144	6064.0479	220.0477	8.0477	 0.80	 0.04	185.52	 2.68	 1.12	 1.00	10.80	 1.19	318.49	278.82	289.28	262.90	287.07	0	52.58
2011	8	9	1.587	6064.0659	220.0661	8.0661	 0.74	 0.04	191.23	 3.66	 2.54	 1.00	10.73	 1.15	318.56	278.48	287.41	262.02	285.33	0	52.40
2011	8	9	2.026	6064.0845	220.0844	8.0844	 0.58	 0.03	192.05	 4.91	 1.89	 1.00	10.75	 1.17	319.00	278.19	285.69	264.34	286.07	0	52.87
2011	8	9	2.467	6064.1025	220.1028	8.1028	 0.70	 0.04	190.88	 3.64	 3.64	 1.00	10.78	 1.21	318.63	278.03	287.02	 0.00	284.78	0	54.00
2011	8	9	2.932	6064.1221	220.1221	8.1222	 0.74	 0.04	189.21	 4.01	 1.65	 1.00	10.73	 1.16	318.68	277.85	285.38	263.56	286.09	0	52.71
2011	8	9	3.371	6064.1406	220.1404	8.1404	 0.74	 0.04	188.13	 3.97	 4.55	 1.00	10.73	 1.19	318.59	277.74	286.01	263.56	284.63	0	52.71
2011	8	9	4.250	6064.1772	220.1771	8.1771	 0.90	 0.05	192.24	 3.15	 9.93	 0.98	10.72	 1.26	318.24	277.48	287.86	262.58	285.87	0	52.52
2011	8	9	4.688	6064.1953	220.1953	8.1953	 0.63	 0.06	187.42	 6.70	 5.06	 1.00	10.72	 1.07	318.21	277.38	280.31	262.74	284.28	0	52.55
2011	8	9	5.152	6064.2148	220.2146	8.2147	 0.79	 0.05	187.35	 3.61	 0.52	 1.00	10.80	 1.20	318.43	277.27	285.42	262.63	282.77	0	52.53
2011	8	9	5.591	6064.2329	220.2330	8.2330	 0.62	 0.05	191.91	 5.85	11.87	 0.98	10.73	 1.11	318.30	277.19	284.82	262.39	284.13	0	52.48
2011	8	9	6.029	6064.2510	220.2512	8.2512	 0.72	 0.05	189.07	 4.53	 3.92	 1.00	10.75	 1.21	318.05	277.12	286.06	262.99	282.65	0	52.60
2011	8	9	6.908	6064.2876	220.2878	8.2878	 0.60	 0.06	184.20	 7.08	 6.77	 1.00	10.82	 1.12	317.90	277.28	283.53	 0.00	282.65	0	54.00
2011	8	9	7.371	6064.3071	220.3071	8.3071	 0.69	 0.06	188.81	 5.67	 3.57	 1.00	10.77	 1.15	317.77	277.35	284.73	264.98	284.41	0	53.00
2011	8	9	9.126	6064.3804	220.3802	8.3802	 0.79	 0.04	196.87	 3.16	 5.77	 0.99	10.73	 1.19	317.83	277.66	284.39	264.94	284.68	0	52.99
2011	8	9	10.027	6064.4180	220.4178	8.4178	 0.84	 0.04	192.05	 2.91	 7.73	 0.98	10.72	 1.19	317.92	277.77	283.05	264.89	284.81	0	52.98
2011	8	9	10.467	6064.4360	220.4361	8.4361	 0.98	 0.03	188.03	 1.85	 6.24	 0.95	10.78	 1.25	317.95	277.82	284.26	264.84	 0.00	0	52.97
2011	8	9	10.907	6064.4546	220.4544	8.4544	 0.80	 0.04	189.34	 2.96	 3.23	 1.00	10.72	 1.16	318.09	277.87	283.54	264.18	284.78	0	52.84
2011	8	9	11.809	6064.4922	220.4921	8.4920	 0.66	 0.04	189.99	 4.79	16.99	 0.94	10.77	 1.03	318.25	278.93	281.30	265.23	285.67	0	53.05
2011	8	9	12.248	6064.5103	220.5103	8.5103	 1.06	 0.30	185.87	13.65	53.46	 1.00	10.72	 1.19	318.21	280.16	286.90	265.73	286.92	0	53.15
2011	8	9	12.686	6064.5288	220.5286	8.5286	 0.87	 0.06	196.40	 3.90	 1.31	 1.00	10.73	 1.21	317.86	281.63	290.05	266.11	288.65	0	53.22
2011	8	9	13.124	6064.5469	220.5468	8.5468	 0.90	 0.04	193.62	 2.43	 8.45	 0.95	10.73	 1.12	318.01	283.24	291.05	268.45	290.41	0	53.69
2011	8	9	14.461	6064.6025	220.6026	8.6026	 0.96	 0.05	193.36	 3.07	 2.34	 1.00	10.75	 1.18	318.75	288.92	297.27	271.10	296.05	0	54.22
2011	8	9	16.237	6064.6768	220.6766	8.6766	 0.74	 0.05	190.65	 4.87	30.76	 0.90	10.77	 0.92	324.14	293.41	299.81	284.40	299.09	0	56.88
2011	8	9	16.674	6064.6948	220.6948	8.6948	 1.03	 0.05	197.14	 2.70	 1.37	 1.00	10.73	 1.10	316.87	294.58	303.75	287.10	299.18	0	57.42
2011	8	9	17.112	6064.7129	220.7130	8.7130	 1.10	 0.05	195.07	 2.35	 4.84	 0.99	10.75	 1.04	321.69	295.68	305.70	289.67	299.80	0	57.93
2011	8	9	18.449	6064.7686	220.7687	8.7687	 1.60	 0.05	201.76	 1.09	 2.03	 0.99	10.75	 1.13	318.03	297.48	305.98	283.35	302.21	0	56.67
2011	8	9	19.326	6064.8052	220.8052	8.8052	 1.70	 0.09	202.16	 1.61	 1.53	 1.00	10.80	 1.14	322.97	296.75	306.91	279.51	304.85	0	55.90
2011	8	9	19.764	6064.8237	220.8235	8.8235	 1.45	 0.07	193.70	 1.82	 1.52	 1.00	10.72	 1.01	323.47	296.16	305.31	277.22	302.85	0	55.44
2011	8	9	20.203	6064.8418	220.8418	8.8418	 1.48	 0.07	203.44	 1.85	 2.71	 1.00	10.75	 1.15	323.59	295.37	306.05	271.36	302.42	0	54.27
2011	8	9	20.665	6064.8608	220.8611	8.8611	 1.37	 0.05	203.57	 1.41	 6.98	 0.94	10.77	 1.19	323.50	294.08	305.74	267.47	303.21	0	53.49
2011	8	9	22.889	6064.9536	220.9537	8.9537	 1.51	 0.06	200.90	 1.38	 3.81	 0.99	10.77	 1.28	323.60	286.52	296.08	265.57	293.35	0	53.11
2011	8	9	23.328	6064.9722	220.9720	8.9720	 1.32	 0.09	189.84	 2.85	14.28	 0.98	10.73	 1.05	322.96	285.47	289.70	265.38	292.22	0	53.08
2011	8	10	0.207	6065.0088	221.0086	9.0086	 1.27	 0.07	199.43	 2.35	 7.20	 0.99	10.77	 1.18	323.06	283.84	292.99	265.30	289.04	0	53.06
2011	8	10	0.646	6065.0269	221.0269	9.0269	 1.46	 0.05	201.75	 1.40	 3.34	 0.99	10.73	 1.30	323.00	283.14	291.51	265.19	289.73	0	53.04
2011	8	10	1.135	6065.0474	221.0473	9.0473	 1.31	 0.07	198.32	 2.23	 8.06	 0.99	10.78	 1.15	322.66	282.36	291.75	263.51	288.87	0	52.70
2011	8	10	1.572	6065.0654	221.0655	9.0655	 1.37	 0.08	199.60	 2.20	 3.48	 1.00	10.73	 1.29	322.04	281.80	288.06	263.37	288.34	0	52.67
2011	8	10	2.011	6065.0840	221.0838	9.0838	 1.34	 0.07	199.16	 2.08	 8.18	 0.98	10.75	 1.19	321.95	281.33	288.67	262.60	287.86	0	52.52
2011	8	10	3.794	6065.1582	221.1581	9.1581	 1.23	 0.07	201.90	 2.58	 1.06	 1.00	10.83	 1.29	322.19	280.41	287.81	265.07	288.41	0	53.01
2011	8	10	5.110	6065.2129	221.2129	9.2129	 1.08	 0.06	196.64	 2.79	 4.76	 1.00	10.72	 1.19	324.62	280.07	286.04	263.86	286.43	0	52.77
2011	8	10	6.011	6065.2505	221.2505	9.2505	 0.99	 0.05	194.63	 2.77	 4.50	 1.00	10.77	 1.17	327.14	280.03	286.03	264.29	287.51	0	52.86
2011	8	10	7.791	6065.3247	221.3246	9.3246	 0.82	 0.02	196.95	 1.93	 4.50	 0.95	10.82	 1.16	327.49	280.15	285.23	265.04	286.12	0	53.01
2011	8	10	8.667	6065.3613	221.3611	9.3611	 0.84	 0.06	196.51	 4.43	 1.00	 1.00	10.72	 1.25	327.40	280.25	286.82	265.07	284.86	0	53.01
2011	8	10	9.543	6065.3975	221.3976	9.3976	 0.81	 0.04	191.54	 3.09	 6.55	 0.98	10.73	 1.23	327.41	280.31	285.79	265.05	286.26	0	53.01
2011	8	10	10.447	6065.4351	221.4353	9.4353	 0.75	 0.03	192.05	 3.17	 1.43	 1.00	10.75	 1.24	327.39	280.21	287.79	265.05	 0.00	0	53.01
2011	8	10	11.323	6065.4717	221.4718	9.4718	 0.77	 0.04	188.19	 3.58	 2.06	 1.00	10.75	 1.26	327.47	280.43	285.18	265.02	286.26	0	53.00
2011	8	10	12.663	6065.5278	221.5276	9.5276	 0.71	 0.05	182.12	 4.74	 2.91	 1.00	10.72	 1.18	327.68	283.49	288.07	265.88	289.22	0	53.18
2011	8	10	13.541	6065.5640	221.5642	9.5642	 0.73	 0.04	183.23	 3.52	 4.00	 0.99	10.75	 1.17	327.76	286.27	291.42	267.24	295.23	0	53.45
2011	8	10	15.318	6065.6382	221.6382	9.6382	 0.84	 0.04	183.66	 2.71	 5.08	 0.99	10.77	 1.16	326.29	292.65	301.23	275.41	299.30	0	55.08
2011	8	10	16.655	6065.6938	221.6939	9.6939	 0.91	 0.04	189.91	 2.33	10.60	 0.92	10.77	 1.13	324.27	296.10	307.02	285.18	301.82	0	57.04
2011	8	10	20.182	6065.8408	221.8409	9.8409	 1.02	 0.06	196.17	 2.92	 3.22	 1.00	10.72	 1.08	325.58	294.89	304.97	275.03	303.94	0	55.01
2011	8	10	21.523	6065.8970	221.8968	9.8968	 1.05	 0.05	195.58	 2.45	 0.90	 1.00	10.75	 1.14	325.80	291.09	301.39	266.39	298.45	0	53.28
2011	8	10	22.840	6065.9517	221.9517	9.9517	 0.97	 0.07	200.86	 4.11	15.65	 0.99	10.77	 1.14	325.92	287.31	296.10	265.59	295.44	0	53.12
2011	8	11	0.179	6066.0073	222.0075	10.0075	 0.84	 0.04	197.13	 2.83	 7.58	 0.97	10.77	 1.10	325.46	284.58	291.93	265.32	291.14	0	53.06
2011	8	11	1.980	6066.0825	222.0825	10.0825	 1.03	 0.05	197.21	 2.65	 6.83	 0.99	10.72	 1.24	322.68	281.91	289.00	263.70	288.30	0	52.74
2011	8	11	3.295	6066.1372	222.1373	10.1373	 0.92	 0.04	199.06	 2.48	 2.22	 1.00	10.73	 1.29	323.58	281.22	289.87	265.02	287.64	0	53.00
2011	8	11	3.758	6066.1567	222.1566	10.1566	 0.86	 0.05	191.72	 3.33	 3.75	 1.00	10.75	 1.13	323.58	281.04	287.59	265.01	287.48	0	53.00
2011	8	11	4.195	6066.1748	222.1748	10.1748	 0.89	 0.05	194.27	 3.37	 1.77	 1.00	10.78	 1.26	323.67	280.96	288.13	265.07	287.37	0	53.01
2011	8	11	4.634	6066.1929	222.1931	10.1931	 0.83	 0.04	196.56	 3.07	 4.43	 0.99	10.78	 1.21	323.70	280.80	286.95	265.09	287.16	0	53.02
2011	8	11	5.513	6066.2295	222.2297	10.2297	 0.87	 0.05	195.72	 3.50	 4.75	 1.00	10.85	 1.24	323.21	280.59	288.07	265.07	288.46	0	53.01
2011	8	11	5.979	6066.2490	222.2491	10.2491	 0.80	 0.05	198.88	 3.94	 5.82	 1.00	10.77	 1.12	324.21	280.51	287.74	265.07	286.92	0	53.01
2011	8	11	6.418	6066.2676	222.2674	10.2674	 0.96	 0.04	192.66	 2.35	 0.43	 1.00	10.73	 1.28	324.20	280.51	287.30	265.00	286.95	0	53.00
2011	8	11	7.733	6066.3223	222.3222	10.3222	 0.80	 0.03	191.92	 2.21	 2.97	 0.99	10.73	 1.27	324.39	280.54	285.88	264.98	288.46	0	53.00
2011	8	11	8.195	6066.3413	222.3415	10.3415	 0.74	 0.04	192.85	 3.68	 2.44	 1.00	10.77	 1.18	324.23	280.55	287.36	265.01	287.02	0	53.00
2011	8	11	9.514	6066.3965	222.3964	10.3964	 0.69	 0.04	190.01	 3.86	 4.51	 0.99	10.73	 1.21	323.84	280.41	287.50	265.07	286.87	0	53.01
2011	8	11	9.953	6066.4146	222.4147	10.4147	 0.73	 0.04	191.88	 3.84	 0.95	 1.00	10.72	 1.25	323.85	280.31	288.77	265.04	288.11	0	53.01
2011	8	11	10.854	6066.4521	222.4523	10.4523	 0.74	 0.04	185.73	 3.71	 1.96	 1.00	10.73	 1.29	323.76	280.14	286.92	265.04	286.56	0	53.01
2011	8	11	11.292	6066.4707	222.4705	10.4705	 0.63	 0.04	187.14	 4.28	 2.56	 1.00	10.73	 1.21	323.81	280.33	286.55	265.02	285.17	0	53.00
2011	8	11	12.171	6066.5073	222.5071	10.5071	 0.60	 0.04	180.63	 5.35	 8.68	 0.98	10.73	 1.17	323.88	281.84	286.58	265.51	287.95	0	53.10
2011	8	11	12.634	6066.5264	222.5264	10.5264	 0.61	 0.07	186.52	 8.24	23.21	 0.98	10.77	 1.16	323.89	283.28	289.20	265.77	289.78	0	53.15
2011	8	11	13.509	6066.5630	222.5629	10.5629	 0.47	 0.04	191.80	 8.25	26.61	 0.86	10.73	 1.07	322.94	285.97	291.62	267.47	292.72	0	53.49
2011	8	11	13.948	6066.5811	222.5811	10.5811	 0.63	 0.04	182.84	 4.82	 6.95	 0.99	10.75	 1.15	321.87	287.41	293.20	268.22	294.34	0	53.64
2011	8	11	16.162	6066.6733	222.6734	10.6734	 0.76	 0.04	185.67	 3.43	 6.22	 0.99	10.73	 1.13	322.63	293.09	301.26	278.30	299.90	0	55.66
2011	8	11	16.599	6066.6914	222.6916	10.6916	 0.88	 0.05	195.21	 3.57	 8.16	 0.99	10.73	 1.22	323.74	294.33	301.74	279.98	300.64	0	56.00
2011	8	11	21.032	6066.8765	222.8764	10.8764	 1.73	 0.19	199.01	 3.26	 3.31	 1.00	10.78	 1.14	327.14	292.80	300.52	 0.00	301.29	0	54.00
2011	8	11	21.495	6066.8955	222.8956	10.8956	 1.74	 0.11	208.47	 2.02	 4.26	 1.00	10.82	 1.24	327.25	291.26	303.41	266.24	299.90	0	53.25
2011	8	12	0.593	6067.0249	223.0247	11.0247	 1.28	 0.06	202.43	 2.13	 3.36	 1.00	10.83	 1.17	326.61	284.25	292.35	 0.00	290.63	0	54.00
2011	8	12	3.272	6067.1362	223.1363	11.1363	 1.13	 0.04	198.52	 1.79	 4.08	 0.99	10.75	 1.24	324.57	281.66	288.33	265.14	288.01	0	53.03
2011	8	12	3.711	6067.1548	223.1546	11.1546	 1.09	 0.04	196.77	 1.95	 4.98	 0.98	10.72	 1.20	324.52	281.39	290.64	265.13	287.78	0	53.03
2011	8	12	4.176	6067.1738	223.1740	11.1740	 0.88	 0.04	193.35	 2.79	 6.38	 0.98	10.80	 1.08	324.93	281.12	286.86	265.14	288.93	0	53.03
2011	8	12	4.614	6067.1924	223.1922	11.1922	 0.95	 0.05	194.49	 3.15	 1.94	 1.00	10.73	 1.21	325.12	280.95	287.56	265.07	287.32	0	53.01
2011	8	12	5.489	6067.2285	223.2287	11.2287	 0.96	 0.05	198.74	 3.11	 1.45	 1.00	10.75	 1.21	325.09	280.73	286.61	265.02	287.04	0	53.00
2011	8	12	5.930	6067.2471	223.2471	11.2471	 1.00	 0.05	198.30	 2.52	 5.31	 0.99	10.72	 1.23	325.10	280.66	288.91	264.93	286.99	0	52.99
2011	8	12	6.392	6067.2661	223.2663	11.2663	 0.96	 0.05	198.76	 2.68	10.01	 0.97	10.77	 1.20	325.11	280.64	288.18	264.90	288.46	0	52.98
2011	8	12	6.830	6067.2847	223.2846	11.2846	 0.96	 0.06	197.54	 3.29	 3.73	 1.00	10.83	 1.26	324.85	280.72	287.33	264.96	287.18	0	52.99
2011	8	12	7.271	6067.3027	223.3029	11.3029	 0.92	 0.05	195.43	 2.88	 0.64	 1.00	10.72	 1.19	324.74	280.75	286.73	264.98	287.23	0	53.00
2011	8	12	7.708	6067.3213	223.3212	11.3212	 0.93	 0.05	192.69	 3.25	 4.69	 1.00	10.72	 1.24	324.64	280.74	288.50	265.02	287.17	0	53.00
2011	8	12	8.147	6067.3394	223.3394	11.3394	 0.82	 0.04	195.74	 3.13	 1.17	 1.00	10.73	 1.28	324.69	280.67	289.33	265.07	287.11	0	53.01
2011	8	12	9.488	6067.3955	223.3953	11.3953	 0.71	 0.04	187.68	 4.32	16.04	 0.94	10.73	 1.21	324.46	280.35	286.96	265.07	288.09	0	53.01
2011	8	12	10.369	6067.4321	223.4320	11.4320	 0.61	 0.05	198.68	 6.64	 1.93	 1.00	10.77	 1.21	323.79	280.05	282.77	264.89	286.36	0	52.98
2011	8	12	10.831	6067.4512	223.4513	11.4513	 0.75	 0.04	199.96	 4.01	 3.45	 1.00	10.78	 1.26	323.96	279.89	288.01	264.96	 0.00	0	52.99
2011	8	12	11.706	6067.4878	223.4877	11.4878	 0.81	 0.05	196.83	 4.24	 3.12	 1.00	10.75	 1.29	324.39	280.60	286.85	265.26	 0.00	0	53.05
2011	8	12	12.144	6067.5059	223.5060	11.5060	 0.84	 0.05	197.37	 3.87	 4.16	 1.00	10.78	 1.27	324.33	281.51	289.39	265.73	289.03	0	53.15
2011	8	12	12.582	6067.5244	223.5243	11.5243	 0.70	 0.03	199.24	 3.71	 5.48	 0.99	10.75	 1.22	324.42	282.63	289.68	266.02	288.95	0	53.20
2011	8	12	16.571	6067.6904	223.6904	11.6904	 1.11	 0.06	196.88	 2.53	 2.06	 1.00	10.73	 1.20	324.23	291.05	297.09	277.74	294.68	0	55.55
2011	8	12	17.009	6067.7085	223.7087	11.7087	 1.15	 0.06	202.86	 2.54	 1.54	 1.00	10.77	 1.23	324.99	292.72	301.35	278.93	298.73	0	55.79
2011	8	12	18.786	6067.7827	223.7828	11.7828	 0.71	 0.11	179.71	 9.77	42.20	 0.99	10.73	 0.72	323.57	294.83	299.25	275.44	301.20	0	55.09
2011	8	12	20.561	6067.8569	223.8567	11.8567	 1.54	 0.10	200.39	 2.32	 3.34	 1.00	10.72	 1.11	324.52	292.44	303.52	265.30	299.25	0	53.06
2011	8	12	21.000	6067.8750	223.8750	11.8750	 1.53	 0.10	197.44	 2.22	 1.43	 1.00	10.73	 1.05	324.51	291.10	300.85	265.39	298.02	0	53.08
2011	8	12	21.439	6067.8931	223.8933	11.8933	 1.78	 0.16	204.42	 2.71	 5.31	 1.00	10.77	 1.16	324.45	289.56	302.57	265.93	296.63	0	53.19
2011	8	12	22.779	6067.9492	223.9491	11.9491	 1.58	 0.14	203.62	 2.98	12.53	 0.99	10.75	 1.23	324.00	285.39	294.83	262.49	292.07	0	52.50
2011	8	12	23.658	6067.9858	223.9857	11.9857	 1.44	 0.06	202.46	 1.55	 4.05	 0.99	10.75	 1.25	324.41	283.26	292.68	260.75	289.59	0	52.15
2011	8	13	3.249	6068.1353	224.1354	12.1354	 1.10	 0.06	192.94	 2.66	 4.04	 1.00	10.73	 1.23	325.01	275.46	281.18	262.20	282.44	0	52.44
2011	8	13	3.692	6068.1538	224.1538	12.1538	 1.04	 0.06	195.98	 2.83	 3.00	 1.00	10.75	 1.21	325.04	276.06	281.29	262.69	282.05	0	52.54
2011	8	13	4.131	6068.1719	224.1721	12.1721	 1.22	 0.06	192.90	 2.11	 3.72	 1.00	10.73	 1.29	325.01	276.53	280.98	261.89	282.57	0	52.38
2011	8	13	4.595	6068.1914	224.1915	12.1915	 1.08	 0.06	187.94	 2.67	 7.00	 0.99	10.80	 1.16	325.09	276.81	282.11	262.21	282.92	0	52.44
2011	8	13	5.473	6068.2280	224.2280	12.2280	 1.06	 0.05	190.64	 2.13	 1.96	 1.00	10.77	 1.24	324.98	277.18	284.54	261.51	283.33	0	52.30
2011	8	13	7.257	6068.3022	224.3024	12.3024	 1.00	 0.05	182.11	 2.64	 0.63	 1.00	10.82	 1.23	325.08	277.50	282.57	261.69	283.58	0	52.34
2011	8	13	8.135	6068.3389	224.3390	12.3390	 1.02	 0.05	185.90	 2.22	16.61	 0.85	10.75	 1.25	325.04	277.52	283.35	261.44	283.53	0	52.29
2011	8	13	12.582	6068.5244	224.5243	12.5243	 0.74	 0.04	178.22	 3.53	 7.51	 0.98	10.87	 1.24	325.20	280.27	286.08	264.13	286.45	0	52.83
2011	8	13	13.484	6068.5620	224.5618	12.5618	 0.77	 0.05	183.55	 3.71	 1.34	 1.00	10.77	 1.20	325.43	282.69	288.08	265.29	289.00	0	53.06
2011	8	13	14.803	6068.6167	224.6168	12.6168	 0.90	 0.05	183.63	 3.32	 1.27	 1.00	10.72	 1.25	325.21	286.26	293.30	266.35	295.30	0	53.27
2011	8	13	15.706	6068.6543	224.6544	12.6544	 0.89	 0.05	184.02	 2.97	12.25	 0.95	10.77	 1.12	322.36	288.85	293.67	266.01	294.27	0	53.20
2011	8	13	18.356	6068.7646	224.7648	12.7648	 1.05	 0.10	194.61	 4.96	 8.75	 1.00	10.77	 1.04	325.28	289.26	295.75	272.55	294.84	0	54.51
2011	8	13	20.574	6068.8574	224.8572	12.8572	 1.51	 0.14	202.62	 3.29	 4.63	 1.00	10.73	 1.23	325.21	289.28	297.61	266.05	296.03	0	53.21
2011	8	13	21.013	6068.8755	224.8755	12.8755	 1.50	 0.11	199.98	 2.71	 2.69	 1.00	10.75	 1.16	325.19	288.29	297.27	266.46	295.03	0	53.29
2011	8	13	23.247	6068.9687	224.9686	12.9686	 1.77	 0.13	209.01	 2.33	24.35	 0.94	10.83	 1.21	325.56	282.76	293.90	261.84	290.47	0	52.37
2011	8	14	0.603	6069.0249	225.0251	13.0251	 1.68	 0.11	201.59	 1.99	 4.15	 1.00	10.77	 1.24	325.66	280.73	285.95	261.50	285.45	0	52.30
2011	8	14	1.041	6069.0435	225.0434	13.0434	 1.82	 0.09	200.63	 1.41	 1.86	 1.00	10.90	 1.24	325.66	280.29	286.72	261.37	287.91	0	52.27
2011	8	14	1.482	6069.0615	225.0618	13.0617	 1.71	 0.08	199.26	 1.40	 6.31	 0.97	10.83	 1.20	325.63	279.93	284.55	261.36	286.18	0	52.27
2011	8	14	1.921	6069.0801	225.0800	13.0800	 1.68	 0.09	200.21	 1.71	10.52	 0.96	10.78	 1.18	325.63	279.64	286.29	261.39	287.18	0	52.28
2011	8	14	2.850	6069.1187	225.1187	13.1187	 1.86	 0.10	199.95	 1.55	 5.88	 0.99	10.78	 1.19	325.70	279.13	284.60	261.39	283.77	0	52.28
2011	8	14	3.291	6069.1372	225.1371	13.1371	 1.63	 0.07	200.30	 1.40	 2.85	 0.99	10.75	 1.22	325.65	278.95	283.80	261.24	286.57	0	52.25
2011	8	14	3.732	6069.1553	225.1555	13.1555	 1.70	 0.12	199.64	 2.19	 7.33	 0.99	10.77	 1.22	325.66	278.80	283.43	261.36	284.90	0	52.27
2011	8	14	4.613	6069.1924	225.1922	13.1922	 1.86	 0.14	202.87	 2.06	 5.15	 1.00	10.78	 1.30	325.62	278.55	285.22	261.24	286.06	0	52.25
2011	8	14	6.402	6069.2666	225.2668	13.2667	 1.53	 0.09	198.03	 2.00	 8.36	 0.99	10.92	 1.23	325.62	278.11	282.70	260.81	285.49	0	52.16
2011	8	14	7.313	6069.3047	225.3047	13.3047	 1.24	 0.06	195.49	 2.11	 5.03	 0.99	10.80	 1.12	325.61	277.87	283.71	260.49	282.39	0	52.10
2011	8	14	8.200	6069.3418	225.3417	13.3417	 1.37	 0.07	196.97	 1.86	 1.35	 1.00	10.80	 1.25	325.69	277.67	283.98	 0.00	 0.00	0	54.00
2011	8	14	8.641	6069.3599	225.3600	13.3600	 1.26	 0.06	198.97	 1.88	 3.82	 0.99	10.78	 1.23	325.51	277.55	281.82	260.13	284.87	0	52.03
2011	8	14	9.083	6069.3784	225.3785	13.3785	 1.18	 0.04	199.88	 1.72	 1.67	 1.00	10.75	 1.19	325.46	277.55	283.09	260.29	 0.00	0	52.06
2011	8	14	10.439	6069.4351	225.4350	13.4350	 1.33	 0.07	200.78	 2.30	 6.09	 0.99	11.03	 1.29	325.35	277.24	283.62	260.03	281.63	0	52.01
2011	8	14	12.238	6069.5098	225.5099	13.5099	 1.28	 0.05	196.18	 1.68	 1.57	 1.00	10.73	 1.20	325.53	279.46	283.28	263.46	283.29	0	52.69
2011	8	14	12.677	6069.5283	225.5282	13.5282	 1.24	 0.06	195.93	 2.02	 3.46	 1.00	10.77	 1.20	325.67	280.77	285.77	264.56	286.86	0	52.91
2011	8	14	13.555	6069.5649	225.5648	13.5648	 1.20	 0.07	194.89	 2.58	 4.76	 1.00	10.73	 1.15	326.07	283.63	288.57	266.18	289.98	0	53.24
2011	8	14	14.019	6069.5840	225.5841	13.5841	 1.27	 0.06	195.03	 1.91	 2.10	 1.00	10.77	 1.16	325.92	285.23	290.15	266.11	294.66	0	53.22
2011	8	14	16.238	6069.6768	225.6766	13.6766	 1.27	 0.07	200.62	 2.29	 4.06	 1.00	10.82	 1.14	325.69	291.78	299.29	275.93	298.24	0	55.19
2011	8	14	16.678	6069.6948	225.6949	13.6949	 1.29	 0.05	198.50	 1.75	 2.34	 1.00	10.73	 1.14	325.07	292.79	300.41	 0.00	301.74	0	54.00
2011	8	14	17.991	6069.7495	225.7496	13.7496	 1.52	 0.08	202.84	 1.96	 2.55	 1.00	10.75	 1.25	317.55	294.28	304.78	277.68	302.28	0	55.54
2011	8	14	18.898	6069.7876	225.7874	13.7874	 1.42	 0.17	180.66	 4.10	20.14	 1.00	10.73	 0.83	318.63	293.97	304.45	275.13	300.37	0	55.03
2011	8	14	19.334	6069.8057	225.8056	13.8056	 1.81	 0.13	199.57	 2.09	 9.53	 0.99	10.73	 1.15	318.64	293.49	303.23	276.25	300.27	0	55.25
2011	8	14	22.009	6069.9170	225.9171	13.9171	 2.78	 0.78	198.26	 3.94	 7.62	 1.00	10.80	 1.23	322.64	286.00	296.45	262.89	293.30	0	52.58
2011	8	14	22.452	6069.9355	225.9355	13.9355	 1.80	 0.13	200.43	 2.09	 9.03	 0.99	10.72	 1.22	322.95	284.68	292.75	261.93	290.05	0	52.39
2011	8	14	22.917	6069.9551	225.9549	13.9549	 1.79	 0.12	199.24	 1.92	 3.04	 1.00	10.77	 1.22	323.37	283.41	290.20	261.61	 0.00	0	52.32
2011	8	14	23.805	6069.9917	225.9919	13.9919	 1.55	 0.10	199.94	 2.33	 5.38	 1.00	10.73	 1.23	323.91	281.41	287.84	259.75	286.49	0	51.95
2011	8	15	0.248	6070.0103	226.0103	14.0103	 1.48	 0.07	200.50	 1.68	 8.85	 0.96	10.78	 1.24	324.09	280.64	288.65	259.35	288.73	0	51.87
2011	8	15	0.695	6070.0288	226.0289	14.0289	 1.46	 0.12	194.84	 2.97	 5.83	 1.00	10.90	 1.17	325.17	279.95	285.12	259.20	284.82	0	51.84
2011	8	15	2.048	6070.0854	226.0853	14.0853	 1.29	 0.07	195.50	 2.30	 1.82	 1.00	10.70	 1.12	325.52	278.55	284.54	259.38	286.00	0	51.88
2011	8	15	4.319	6070.1802	226.1799	14.1799	 1.42	 0.07	200.27	 2.00	 6.01	 0.99	10.83	 1.22	325.22	277.40	283.09	259.03	283.39	0	51.81
2011	8	15	5.205	6070.2168	226.2169	14.2169	 1.43	 0.10	191.60	 2.49	 4.75	 1.00	10.73	 1.16	325.15	277.10	280.19	 0.00	281.56	0	54.00
2011	8	15	5.675	6070.2363	226.2365	14.2364	 1.47	 0.06	201.23	 1.58	 6.60	 0.97	10.90	 1.18	325.34	277.02	282.94	259.18	 0.00	0	51.84
2011	8	15	6.124	6070.2554	226.2552	14.2552	 1.44	 0.10	202.60	 2.60	 9.12	 0.99	10.83	 1.21	325.18	276.86	283.36	259.20	281.34	0	51.84
2011	8	15	7.920	6070.3301	226.3300	14.3300	 1.70	 0.11	196.47	 2.03	 3.28	 1.00	10.75	 1.21	321.32	276.53	280.87	258.91	 0.00	0	51.78
2011	8	15	15.034	6070.6265	226.6264	14.6264	 1.74	 0.19	191.97	 3.20	 4.38	 1.00	10.72	 1.05	323.84	276.50	279.08	264.46	280.96	0	52.89
2011	8	15	19.477	6070.8115	226.8116	14.8116	 2.68	 0.78	199.38	 4.38	13.53	 1.00	10.73	 1.26	323.07	289.29	294.36	265.26	293.17	0	53.05
2011	8	16	0.388	6071.0161	227.0162	15.0162	17.24	565743.65	194.24	 1.35	 6.78	 0.99	10.85	 1.16	325.20	280.14	283.80	258.70	285.93	0	51.74
2011	8	16	3.071	6071.1279	227.1279	15.1279	 2.57	 0.20	200.50	 1.31	 2.89	 1.00	10.85	 1.25	325.31	278.70	284.18	258.42	284.47	0	51.68
2011	8	16	3.513	6071.1465	227.1464	15.1464	 2.59	 0.23	202.02	 1.47	 2.66	 1.00	10.80	 1.24	325.26	278.46	286.78	258.18	285.57	0	51.64
2011	8	16	5.339	6071.2227	227.2225	15.2225	 2.14	 0.23	196.77	 2.42	10.66	 0.99	10.75	 1.28	325.28	277.71	285.13	 0.00	284.78	0	54.00
2011	8	16	5.778	6071.2407	227.2407	15.2407	 1.62	 0.11	192.56	 2.17	 1.25	 1.00	10.73	 1.17	325.24	277.37	280.86	 0.00	284.41	0	54.00
2011	8	16	6.244	6071.2603	227.2601	15.2602	 1.63	 0.10	198.70	 1.93	 4.07	 1.00	10.78	 1.25	325.25	277.01	283.62	257.32	 0.00	0	51.46
2011	8	16	6.683	6071.2783	227.2785	15.2785	 1.27	 0.09	198.17	 2.95	 3.70	 1.00	10.78	 1.21	325.19	276.75	283.67	257.28	283.80	0	51.46
2011	8	16	7.125	6071.2969	227.2969	15.2969	 1.20	 0.07	194.13	 2.71	12.01	 0.98	10.72	 1.15	325.18	276.42	281.36	 0.00	280.72	0	54.00
2011	8	16	7.569	6071.3154	227.3154	15.3154	 1.62	 0.11	192.45	 2.09	 5.23	 1.00	10.95	 1.25	325.15	276.10	282.23	 0.00	 0.00	0	54.00
2011	8	16	9.363	6071.3901	227.3901	15.3901	 1.48	 0.10	196.69	 2.47	 1.42	 1.00	10.72	 1.24	325.17	274.97	283.21	255.94	280.53	0	51.19
2011	8	16	9.805	6071.4087	227.4085	15.4085	 1.39	 0.10	191.77	 2.63	 7.65	 1.00	10.85	 1.17	325.20	274.69	278.44	255.91	281.68	0	51.18
2011	8	16	11.601	6071.4834	227.4834	15.4834	 1.25	 0.08	191.94	 2.55	11.44	 0.98	10.82	 1.23	325.26	274.44	279.26	256.68	279.70	0	51.34
2011	8	16	12.484	6071.5200	227.5202	15.5202	 1.21	 0.08	193.82	 2.76	13.45	 0.98	10.77	 1.26	325.43	276.33	281.95	258.28	281.62	0	51.66
2011	8	16	14.264	6071.5942	227.5943	15.5944	 1.10	 0.10	187.58	 4.05	 7.38	 1.00	10.73	 1.16	325.69	282.03	285.60	263.41	287.85	0	52.68
2011	8	16	14.704	6071.6128	227.6127	15.6127	 0.99	 0.08	190.74	 4.20	10.88	 1.00	10.75	 1.25	325.69	283.23	289.66	262.57	286.53	0	52.51
2011	8	16	15.167	6071.6318	227.6320	15.6320	 0.98	 0.09	183.82	 4.84	 8.71	 1.00	10.82	 1.14	325.79	284.34	290.76	264.35	 0.00	0	52.87
2011	8	16	15.607	6071.6504	227.6503	15.6503	 0.96	 0.06	193.58	 3.47	 7.73	 0.99	10.75	 1.24	325.72	285.69	293.11	265.79	294.30	0	53.16
2011	8	16	16.046	6071.6685	227.6686	15.6686	 0.91	 0.06	183.33	 3.77	15.56	 0.98	10.73	 1.15	325.78	286.69	293.08	266.46	295.29	0	53.29
2011	8	16	16.485	6071.6870	227.6869	15.6869	 1.19	 0.09	179.45	 3.03	 2.44	 1.00	10.73	 1.20	325.70	287.64	293.49	267.83	293.16	0	53.57
2011	8	16	16.924	6071.7051	227.7052	15.7052	 0.96	 0.05	175.71	 2.51	26.13	 0.73	10.77	 1.17	325.66	288.06	294.01	265.84	294.32	0	53.17
2011	8	16	17.388	6071.7246	227.7245	15.7245	 0.97	 0.06	182.02	 3.28	 8.20	 0.99	10.78	 1.23	325.64	288.66	295.90	266.91	294.91	0	53.38
2011	8	16	18.707	6071.7793	227.7794	15.7794	 0.81	 0.07	175.17	 5.08	23.59	 0.97	10.73	 1.13	323.44	290.04	298.78	270.14	296.23	0	54.03
2011	8	16	19.147	6071.7979	227.7978	15.7978	 0.81	 0.04	196.07	 3.49	 3.09	 1.00	10.78	 1.27	323.50	289.88	300.44	269.71	 0.00	0	53.94
2011	8	16	20.048	6071.8354	227.8353	15.8353	 0.92	 0.08	174.36	 4.21	 3.25	 1.00	10.73	 1.15	323.97	288.99	298.01	265.86	295.67	0	53.17
2011	8	16	20.488	6071.8535	227.8537	15.8537	 0.94	 0.06	184.91	 3.54	 6.30	 1.00	10.78	 1.23	324.48	288.19	298.55	262.72	297.05	0	52.54
2011	8	16	20.929	6071.8721	227.8721	15.8720	 0.82	 0.10	183.60	 7.31	53.88	 0.96	10.75	 1.18	324.93	287.06	294.10	261.81	293.90	0	52.36
2011	8	16	21.831	6071.9097	227.9096	15.9096	 1.25	 0.69	135.76	16.47	334.40	 0.99	10.80	 1.06	321.63	283.93	285.80	259.38	289.39	0	51.88
2011	8	17	5.882	6072.2451	228.2451	16.2451	 0.23	 0.10	171.62	50.70	18.99	 0.99	10.90	 0.75	325.20	268.10	270.74	257.91	274.29	0	51.58
2011	8	17	6.324	6072.2637	228.2635	16.2635	 0.42	 0.07	135.87	11.63	12.15	 0.99	10.75	 0.88	325.23	269.22	275.38	257.78	274.79	0	51.56
2011	8	17	7.230	6072.3013	228.3013	16.3013	 0.53	 0.05	133.28	 5.43	13.40	 0.91	10.75	 1.03	325.22	270.76	277.05	257.26	275.36	0	51.45
2011	8	17	8.113	6072.3379	228.3380	16.3380	 0.39	 0.06	146.96	12.61	 2.10	 1.00	10.82	 1.05	325.29	271.74	279.48	257.02	277.71	0	51.40
2011	8	17	9.022	6072.3760	228.3759	16.3759	 0.44	 0.05	143.07	 8.49	 7.64	 0.99	10.80	 1.10	325.44	272.40	279.65	257.33	276.93	0	51.47
2011	8	17	10.787	6072.4492	228.4495	16.4495	 0.48	 0.05	139.98	 7.43	 9.44	 0.98	10.77	 1.15	325.42	273.00	280.29	256.61	280.15	0	51.32
2011	8	17	11.252	6072.4687	228.4689	16.4689	 0.41	 0.05	144.07	 9.37	15.02	 0.93	10.77	 1.13	325.53	273.42	278.22	257.70	278.89	0	51.54
2011	8	17	11.693	6072.4873	228.4872	16.4872	 0.16	 0.07	225.17	72.89	 7.22	 1.00	10.77	 1.14	325.51	274.24	274.75	 0.00	279.99	0	54.00
2011	8	17	13.911	6072.5796	228.5796	16.5796	 0.44	 0.04	157.87	 7.06	 5.51	 0.99	10.77	 1.24	323.91	281.77	288.97	263.71	290.31	0	52.74
2011	8	17	14.350	6072.5981	228.5979	16.5979	 0.43	 0.05	158.05	 9.13	 8.13	 0.99	10.73	 1.23	322.41	283.32	290.68	264.49	289.84	0	52.90
2011	8	17	15.230	6072.6348	228.6346	16.6346	 0.51	 0.06	153.55	 8.59	 1.61	 1.00	10.73	 1.26	321.58	285.45	293.39	265.30	291.94	0	53.06
2011	8	17	15.693	6072.6538	228.6539	16.6539	 0.50	 0.04	157.02	 5.28	11.41	 0.90	10.77	 1.17	322.68	286.91	295.78	266.16	293.15	0	53.23
2011	8	17	16.570	6072.6904	228.6904	16.6904	 0.46	 0.05	167.16	 9.12	 5.68	 1.00	10.73	 1.26	322.38	288.95	296.80	272.68	297.20	0	54.54
2011	8	17	17.008	6072.7085	228.7087	16.7087	 0.35	 0.05	166.85	13.17	41.75	 0.67	10.73	 1.12	322.36	290.01	298.04	272.91	295.58	0	54.58
2011	8	17	17.447	6072.7271	228.7270	16.7270	 0.29	 0.06	211.35	28.51	15.73	 0.99	10.77	 1.16	321.27	290.68	299.05	273.63	296.17	0	54.73
2011	8	17	17.911	6072.7461	228.7463	16.7463	 0.49	 0.06	175.87	10.13	48.80	 0.84	10.75	 1.17	325.06	291.29	300.52	274.39	294.83	0	54.88
2011	8	17	18.788	6072.7827	228.7829	16.7828	 0.55	 0.03	179.95	 4.91	11.70	 0.92	10.73	 1.24	327.46	291.90	302.29	274.35	297.93	0	54.87
2011	8	17	19.228	6072.8013	228.8012	16.8012	 0.28	 0.05	230.59	27.25	73.44	 0.69	10.73	 1.07	327.47	291.69	298.24	272.34	297.90	0	54.47
2011	8	17	20.572	6072.8569	228.8572	16.8572	 1.00	 0.06	186.14	 3.18	17.10	 0.96	10.72	 1.12	327.24	289.63	300.21	262.91	 0.00	0	52.58
2011	8	17	21.014	6072.8755	228.8756	16.8756	 1.26	 0.09	180.15	 2.79	18.44	 0.96	10.78	 1.18	327.24	288.31	296.72	262.50	292.93	0	52.50
2011	8	18	0.115	6073.0049	229.0048	17.0048	 1.06	 0.05	183.66	 2.04	 7.22	 0.97	10.80	 1.19	326.77	279.28	284.50	256.34	286.87	0	51.27
2011	8	18	0.580	6073.0239	229.0242	17.0242	 0.97	 0.05	189.15	 2.93	 5.97	 0.99	10.75	 1.23	326.81	278.43	281.67	256.20	285.51	0	51.24
2011	8	18	1.465	6073.0610	229.0611	17.0611	 0.57	 0.05	181.63	 7.37	 6.08	 1.00	10.77	 1.07	326.59	277.16	276.62	256.41	284.16	0	51.28
2011	8	18	2.812	6073.1172	229.1172	17.1172	 0.81	 0.04	187.63	 3.36	 7.16	 0.99	10.75	 1.16	326.80	275.74	281.18	256.50	281.44	0	51.30
2011	8	18	3.252	6073.1357	229.1355	17.1355	 0.79	 0.04	184.40	 3.24	 8.79	 0.97	10.87	 1.17	326.62	275.42	282.42	256.19	281.10	0	51.24
2011	8	18	3.696	6073.1538	229.1540	17.1540	 0.69	 0.04	184.49	 3.88	 7.33	 0.98	10.75	 1.13	326.68	275.11	279.84	256.24	282.15	0	51.25
2011	8	18	4.141	6073.1724	229.1726	17.1726	 0.84	 0.04	186.71	 2.85	 2.98	 1.00	10.85	 1.19	326.71	274.89	282.39	256.50	 0.00	0	51.30
2011	8	18	4.583	6073.1909	229.1910	17.1910	 0.84	 0.05	187.51	 3.79	 4.04	 1.00	10.78	 1.19	326.78	274.67	281.62	255.93	 0.00	0	51.19
2011	8	18	5.074	6073.2114	229.2114	17.2114	 0.91	 0.04	186.53	 2.74	 4.06	 1.00	10.75	 1.22	321.49	274.31	279.99	255.69	 0.00	0	51.14
2011	8	18	13.071	6073.5444	229.5446	17.5446	 0.86	 0.05	188.19	 3.26	 9.60	 0.98	10.83	 1.26	324.44	270.58	275.29	258.92	274.12	0	51.78
2011	8	18	13.511	6073.5630	229.5629	17.5629	 0.75	 0.04	186.66	 3.30	 3.79	 0.99	10.73	 1.18	324.67	273.25	275.05	259.65	279.53	0	51.93
2011	8	18	13.974	6073.5820	229.5822	17.5822	 0.92	 0.04	182.29	 2.53	 8.45	 0.97	10.78	 1.19	324.69	275.81	280.47	260.66	282.32	0	52.13
2011	8	18	14.414	6073.6006	229.6006	17.6006	 0.83	 0.04	187.33	 3.06	 5.46	 0.99	10.73	 1.25	324.55	278.25	282.62	261.37	284.61	0	52.27
2011	8	18	15.293	6073.6372	229.6372	17.6372	 0.85	 0.05	189.81	 3.90	 7.50	 0.99	10.73	 1.21	323.11	282.23	288.00	265.62	288.46	0	53.12
2011	8	18	15.733	6073.6558	229.6555	17.6555	 0.95	 0.05	188.51	 2.80	 4.63	 1.00	10.77	 1.26	323.69	284.10	289.99	265.77	290.22	0	53.15
2011	8	18	16.195	6073.6748	229.6748	17.6748	 0.93	 0.05	189.65	 3.21	 6.43	 0.99	10.73	 1.19	322.32	285.58	292.68	273.08	291.71	0	54.62
2011	8	18	16.634	6073.6929	229.6931	17.6931	 1.09	 0.08	191.68	 3.43	 2.73	 1.00	10.73	 1.24	324.18	287.14	295.06	271.02	292.71	0	54.20
2011	8	18	17.072	6073.7114	229.7113	17.7113	 1.01	 0.06	190.71	 3.16	 2.88	 1.00	10.73	 1.16	321.97	288.40	295.31	271.71	291.58	0	54.34
2011	8	18	17.951	6073.7480	229.7480	17.7480	 1.30	 0.07	193.54	 2.31	 3.74	 1.00	10.75	 1.22	321.13	289.89	297.12	272.95	295.59	0	54.59
2011	8	18	18.856	6073.7856	229.7856	17.7856	 1.26	 0.12	182.14	 3.89	14.00	 1.00	10.73	 1.04	321.68	290.30	298.23	270.45	294.18	0	54.09
2011	8	18	19.294	6073.8037	229.8039	17.8039	 1.27	 0.06	193.81	 2.05	 8.54	 0.98	10.73	 1.14	321.60	290.04	298.85	 0.00	 0.00	0	54.00
2011	8	18	22.859	6073.9526	229.9525	17.9525	 1.57	 0.12	194.65	 2.58	 6.07	 1.00	10.80	 1.15	321.14	280.35	289.19	257.21	285.43	0	51.44
2011	8	19	0.614	6074.0254	230.0256	18.0256	 1.50	 0.11	197.49	 2.62	 6.44	 1.00	10.75	 1.26	321.23	276.76	283.46	256.28	281.63	0	51.26
2011	8	19	3.299	6074.1377	230.1375	18.1375	 1.62	 0.11	200.95	 2.36	 2.41	 1.00	10.85	 1.27	321.79	274.07	281.09	255.59	281.62	0	51.12
2011	8	19	3.740	6074.1558	230.1558	18.1558	 1.65	 0.08	195.65	 1.57	 2.27	 1.00	10.77	 1.22	321.72	273.82	279.03	255.31	281.40	0	51.06
2011	8	19	4.620	6074.1924	230.1925	18.1925	 1.40	 0.09	189.06	 2.33	 3.83	 1.00	10.78	 1.03	321.69	273.39	276.79	255.43	280.78	0	51.09
2011	8	19	5.552	6074.2314	230.2313	18.2313	 1.49	 0.10	199.16	 2.37	 6.62	 1.00	10.77	 1.11	321.72	273.00	279.95	255.07	279.08	0	51.01
2011	8	19	5.994	6074.2495	230.2497	18.2497	 1.65	 0.12	190.78	 2.28	15.76	 0.97	10.78	 1.04	321.42	272.88	279.88	255.08	278.92	0	51.02
2011	8	19	6.878	6074.2866	230.2866	18.2866	 1.62	 0.14	194.06	 2.76	 4.72	 1.00	10.75	 1.10	321.65	272.63	278.49	254.83	279.99	0	50.97
2011	8	19	7.783	6074.3242	230.3243	18.3243	 1.47	 0.12	191.95	 2.97	 7.19	 1.00	10.75	 0.98	321.85	272.38	275.71	254.64	279.72	0	50.93
2011	8	19	9.556	6074.3979	230.3982	18.3982	 1.27	 0.10	195.99	 3.15	 2.47	 1.00	10.83	 0.98	322.32	272.04	279.48	254.31	276.47	0	50.86
2011	8	19	10.024	6074.4175	230.4176	18.4177	 1.16	 0.07	192.67	 2.63	 8.38	 0.99	10.77	 0.94	322.46	271.93	276.32	254.38	276.37	0	50.88
2011	8	19	10.465	6074.4360	230.4360	18.4360	 1.14	 0.08	193.08	 3.28	10.42	 0.99	10.87	 0.97	322.07	271.87	276.28	254.52	276.24	0	50.90
2011	8	19	10.912	6074.4546	230.4547	18.4547	 1.22	 0.09	195.62	 3.14	 1.48	 1.00	10.85	 1.04	322.09	271.84	277.30	254.60	278.81	0	50.92
2011	8	19	11.798	6074.4917	230.4916	18.4916	 1.18	 0.10	188.80	 3.65	 8.33	 1.00	10.77	 1.11	321.93	272.80	277.57	255.87	276.67	0	51.17
2011	8	19	12.262	6074.5107	230.5109	18.5109	 1.15	 0.08	193.52	 3.35	10.30	 0.99	10.83	 1.17	322.19	273.80	277.83	256.25	279.59	0	51.25
2011	8	19	12.703	6074.5293	230.5293	18.5293	 1.14	 0.06	188.21	 2.37	 6.90	 0.99	10.73	 1.18	322.26	274.91	278.45	256.97	280.75	0	51.39
2011	8	19	13.581	6074.5659	230.5659	18.5659	 0.84	 0.05	194.27	 3.59	11.54	 0.98	10.78	 1.08	322.41	277.44	281.81	258.65	280.91	0	51.73
2011	8	19	14.924	6074.6221	230.6218	18.6218	 1.05	 0.06	195.24	 2.96	 7.09	 0.99	10.75	 1.23	322.17	281.53	285.77	260.79	287.77	0	52.16
2011	8	19	15.362	6074.6401	230.6401	18.6401	 0.97	 0.06	191.13	 3.51	 1.30	 1.00	10.73	 1.12	322.09	282.93	286.58	262.03	288.99	0	52.41
2011	8	19	16.238	6074.6768	230.6766	18.6766	 1.08	 0.08	193.83	 3.61	15.82	 0.99	10.78	 1.19	321.92	284.99	289.98	265.87	293.67	0	53.17
2011	8	19	17.143	6074.7144	230.7143	18.7143	 1.38	 0.10	184.09	 2.70	 7.08	 1.00	10.75	 1.02	321.63	287.39	292.17	269.72	295.79	0	53.94
2011	8	19	18.019	6074.7510	230.7508	18.7508	 1.64	 0.12	193.98	 2.38	 4.59	 1.00	10.73	 1.18	320.97	288.85	295.96	270.99	294.80	0	54.20
2011	8	19	18.926	6074.7886	230.7886	18.7886	 1.84	 0.12	196.46	 1.72	 1.81	 1.00	10.78	 1.21	320.08	289.18	297.69	270.26	295.49	0	54.05
2011	8	19	19.803	6074.8252	230.8251	18.8251	 1.66	 0.10	197.19	 1.91	 8.38	 0.99	10.73	 1.23	320.11	288.49	297.67	266.87	295.43	0	53.37
2011	8	19	21.146	6074.8809	230.8811	18.8811	 1.95	 0.11	200.25	 1.42	 4.80	 0.99	10.80	 1.26	320.85	285.62	295.12	261.19	292.76	0	52.24
2011	8	20	1.155	6075.0483	231.0481	19.0481	 1.20	 0.07	195.30	 2.74	 4.00	 1.00	10.72	 1.27	321.15	275.94	283.75	256.96	282.13	0	51.39
2011	8	20	1.619	6075.0674	231.0675	19.0675	 1.12	 0.06	189.78	 2.65	 4.52	 1.00	10.75	 1.12	321.27	275.44	280.38	256.74	283.08	0	51.35
2011	8	20	2.062	6075.0859	231.0859	19.0859	 1.23	 0.10	193.83	 3.39	 4.33	 1.00	10.75	 1.29	321.19	275.04	282.53	257.03	281.20	0	51.41
2011	8	20	3.382	6075.1411	231.1409	19.1409	 0.87	 0.08	196.64	 5.42	 9.63	 1.00	10.87	 1.17	321.26	274.32	278.95	257.44	 0.00	0	51.49
2011	8	20	3.847	6075.1602	231.1603	19.1603	 1.02	 0.10	184.97	 4.76	 5.46	 1.00	10.75	 1.09	321.26	274.15	279.24	257.57	278.84	0	51.51
2011	8	20	4.730	6075.1973	231.1971	19.1971	 1.06	 0.07	194.51	 3.52	 6.64	 1.00	10.80	 1.27	321.27	273.96	282.52	257.54	280.08	0	51.51
2011	8	20	5.169	6075.2153	231.2154	19.2154	 0.90	 0.07	197.15	 4.38	 5.79	 1.00	10.73	 1.19	321.23	273.88	280.69	257.48	278.58	0	51.50
2011	8	20	6.990	6075.2915	231.2913	19.2913	 0.93	 0.08	187.97	 4.47	 8.95	 1.00	10.85	 1.21	321.34	273.69	280.32	 0.00	278.42	0	54.00
2011	8	20	7.431	6075.3096	231.3096	19.3096	 0.98	 0.07	192.20	 3.92	 2.88	 1.00	10.80	 1.20	321.38	273.66	283.44	257.44	280.99	0	51.49
2011	8	20	7.878	6075.3281	231.3282	19.3282	 0.90	 0.09	187.24	 5.35	 6.10	 1.00	10.77	 1.11	321.26	273.58	280.92	257.22	279.53	0	51.44
2011	8	20	8.348	6075.3477	231.3478	19.3478	 0.85	 0.07	189.96	 5.12	 3.42	 1.00	10.75	 1.07	321.20	273.47	279.21	256.90	 0.00	0	51.38
2011	8	20	9.668	6075.4028	231.4028	19.4028	 0.66	 0.07	181.84	 7.09	13.30	 0.99	10.73	 0.96	321.29	273.15	276.16	 0.00	280.32	0	54.00
2011	8	20	10.107	6075.4209	231.4211	19.4211	 0.89	 0.05	193.11	 3.23	 5.72	 0.99	10.75	 1.17	321.37	273.14	282.89	257.27	 0.00	0	51.45
2011	8	20	10.571	6075.4404	231.4405	19.4405	 0.79	 0.08	190.23	 6.18	11.11	 1.00	10.77	 1.10	321.37	273.08	279.91	 0.00	280.36	0	54.00
2011	8	20	11.452	6075.4771	231.4772	19.4772	 0.86	 0.08	184.50	 5.39	 6.56	 1.00	10.73	 1.16	321.32	273.53	277.51	257.68	279.26	0	51.54
2011	8	20	12.329	6075.5137	231.5137	19.5137	 0.90	 0.08	182.70	 4.73	 7.24	 1.00	10.72	 1.20	321.57	275.21	278.84	258.73	281.14	0	51.75
2011	8	20	13.667	6075.5693	231.5695	19.5695	 0.71	 0.07	188.24	 6.94	 4.58	 1.00	10.73	 1.16	321.88	279.08	281.88	261.57	288.00	0	52.31
2011	8	20	16.383	6075.6826	231.6826	19.6826	 1.18	 0.09	194.71	 3.47	11.06	 0.99	10.72	 1.22	322.29	284.34	291.62	266.26	288.74	0	53.25
2011	8	20	17.259	6075.7192	231.7191	19.7191	 1.07	 0.08	193.05	 3.88	 8.47	 1.00	10.72	 1.14	321.67	286.78	291.66	 0.00	289.43	0	54.00
2011	8	20	20.374	6075.8491	231.8489	19.8489	 2.06	 0.18	195.27	 1.97	 9.40	 0.99	10.78	 1.16	321.35	284.90	292.63	262.67	291.82	0	52.53
2011	8	20	21.691	6075.9038	231.9038	19.9038	 1.91	 0.34	193.95	 4.64	29.96	 1.00	10.73	 1.13	321.43	282.52	288.34	260.01	289.24	0	52.00
2011	8	20	23.476	6075.9780	231.9781	19.9781	 1.27	 0.12	188.26	 3.85	 6.36	 1.00	10.80	 1.11	321.72	278.38	283.01	257.00	286.62	0	51.40
2011	8	21	0.361	6076.0151	232.0150	20.0150	 1.33	 0.16	194.26	 4.72	 7.85	 1.00	10.73	 1.21	321.75	276.88	284.44	257.04	284.41	0	51.41
2011	8	21	0.829	6076.0347	232.0345	20.0345	 1.34	 0.08	193.25	 2.33	 9.09	 0.99	10.75	 1.26	322.08	276.40	282.81	257.19	284.08	0	51.44
2011	8	21	1.271	6076.0527	232.0529	20.0530	 1.13	 0.08	194.72	 3.34	 8.64	 1.00	10.75	 1.24	322.20	275.97	283.47	256.96	283.69	0	51.39
2011	8	21	3.065	6076.1279	232.1277	20.1277	 1.08	 0.07	194.42	 3.02	 5.88	 1.00	10.75	 1.24	322.42	274.65	281.02	256.36	282.16	0	51.27
2011	8	21	3.506	6076.1460	232.1461	20.1461	 1.00	 0.04	195.33	 2.32	 9.08	 0.96	10.80	 1.18	322.42	274.42	279.69	256.02	281.83	0	51.20
2011	8	21	3.946	6076.1646	232.1644	20.1644	 1.00	 0.08	195.92	 4.32	 4.40	 1.00	10.83	 1.15	322.47	274.17	282.24	255.97	281.52	0	51.19
2011	8	21	4.389	6076.1826	232.1829	20.1829	 1.05	 0.08	193.34	 3.60	21.96	 0.97	10.90	 1.10	322.53	273.97	278.38	256.08	279.97	0	51.22
2011	8	21	4.836	6076.2017	232.2015	20.2015	 1.12	 0.06	189.37	 2.52	 6.55	 0.99	10.93	 1.15	322.50	273.82	281.73	 0.00	279.70	0	54.00
2011	8	21	5.301	6076.2207	232.2209	20.2209	 1.09	 0.08	191.21	 3.60	 6.90	 1.00	10.78	 1.17	322.46	273.66	279.43	256.05	281.08	0	51.21
2011	8	21	6.184	6076.2578	232.2577	20.2577	 0.87	 0.05	192.93	 3.16	 2.51	 1.00	10.73	 1.14	322.55	273.43	282.08	 0.00	280.63	0	54.00
2011	8	21	7.531	6076.3140	232.3138	20.3138	 0.92	 0.08	191.63	 5.09	 8.45	 1.00	10.88	 1.10	322.58	273.03	279.97	 0.00	280.06	0	54.00
2011	8	21	7.972	6076.3320	232.3322	20.3322	 0.96	 0.07	194.41	 4.01	11.51	 0.99	10.77	 1.14	322.43	272.89	280.83	255.83	279.84	0	51.17
2011	8	21	8.414	6076.3506	232.3506	20.3506	 0.95	 0.07	190.11	 4.08	 1.77	 1.00	10.78	 1.03	322.49	272.75	279.23	255.62	278.32	0	51.12
2011	8	21	8.856	6076.3691	232.3690	20.3690	 1.13	 0.07	197.80	 2.79	 5.21	 1.00	10.73	 1.21	322.46	272.60	281.08	255.47	 0.00	0	51.09
2011	8	21	9.294	6076.3872	232.3873	20.3872	 1.03	 0.08	194.51	 4.11	 4.94	 1.00	10.75	 1.05	322.54	272.47	279.70	255.43	277.95	0	51.09
2011	8	21	9.762	6076.4067	232.4068	20.4068	 0.91	 0.08	192.95	 4.92	18.59	 0.99	10.75	 0.96	322.79	272.32	277.47	255.66	 0.00	0	51.13
2011	8	21	11.996	6076.5000	232.4998	20.4998	 0.77	 0.07	194.25	 6.15	16.33	 0.99	10.78	 1.09	322.71	273.66	276.63	256.63	279.23	0	51.33
2011	8	21	12.433	6076.5181	232.5181	20.5181	 0.76	 0.08	190.34	 6.45	 2.99	 1.00	10.73	 1.16	322.61	274.65	278.57	257.41	280.26	0	51.48
2011	8	21	12.873	6076.5366	232.5364	20.5364	 0.74	 0.07	188.19	 6.05	24.14	 0.97	10.73	 1.15	322.56	275.77	280.16	258.22	281.32	0	51.64
2011	8	21	14.649	6076.6104	232.6104	20.6104	 0.95	 0.07	197.05	 4.38	30.32	 0.96	10.73	 1.20	323.08	281.17	287.04	260.55	287.10	0	52.11
2011	8	21	15.526	6076.6470	232.6469	20.6469	 1.22	 0.12	198.62	 4.57	20.26	 0.99	10.75	 1.15	323.02	283.60	289.95	263.29	292.17	0	52.66
2011	8	21	16.460	6076.6860	232.6859	20.6858	 1.68	 0.26	195.07	 4.78	15.18	 1.00	10.78	 1.11	322.77	285.91	292.79	266.17	291.46	0	53.23
2011	8	21	16.899	6076.7041	232.7041	20.7041	 1.69	 0.12	195.02	 2.24	 2.11	 1.00	10.73	 1.13	322.33	286.54	293.75	265.80	292.59	0	53.16
2011	8	21	22.209	6076.9253	232.9254	20.9254	 3.18	 1.31	198.67	 4.36	23.57	 1.00	10.72	 1.09	321.94	281.21	287.83	259.47	285.98	0	51.89
2011	8	22	5.330	6077.2222	233.2221	21.2221	 2.35	 0.48	194.04	 3.80	 8.61	 1.00	10.77	 0.94	322.53	271.76	273.39	256.60	 0.00	0	51.32
2011	8	22	7.566	6077.3154	233.3152	21.3152	 2.95	 0.53	201.18	 2.29	 5.29	 1.00	10.92	 1.19	322.57	274.07	281.91	256.09	279.80	0	51.22
2011	8	22	8.034	6077.3350	233.3348	21.3348	17.97	2634237.71	199.05	 3.10	 4.33	 1.00	10.77	 1.16	322.66	274.26	281.65	256.02	281.36	0	51.20
2011	8	22	10.269	6077.4277	233.4279	21.4279	 2.53	 0.35	196.06	 2.31	17.20	 0.98	10.77	 1.17	322.65	274.51	279.81	255.54	281.39	0	51.11
2011	8	22	10.710	6077.4463	233.4463	21.4463	 1.97	 0.17	191.87	 2.09	 6.35	 1.00	10.82	 1.10	322.57	274.51	280.41	 0.00	278.66	0	54.00
2011	8	22	11.592	6077.4829	233.4830	21.4830	 2.59	 0.27	197.00	 1.69	 1.45	 1.00	10.80	 1.20	322.63	274.70	282.19	255.52	 0.00	0	51.10
2011	8	22	12.939	6077.5391	233.5391	21.5391	 1.31	 0.13	193.78	 4.01	18.48	 0.99	10.73	 1.23	322.73	276.55	279.44	257.33	282.39	0	51.47
2011	8	22	13.377	6077.5571	233.5574	21.5574	 1.58	 0.18	184.95	 3.58	25.14	 0.99	10.77	 1.17	322.75	277.59	283.31	257.84	285.70	0	51.57
2011	8	22	14.254	6077.5937	233.5939	21.5939	 1.21	 0.15	180.41	 5.00	31.15	 0.99	10.72	 1.20	322.77	279.89	284.33	257.87	286.09	0	51.57
2011	8	22	14.716	6077.6133	233.6132	21.6132	 1.21	 0.09	186.08	 3.13	26.63	 0.95	10.75	 1.23	322.77	281.25	286.49	258.99	284.76	0	51.80
2011	8	22	15.155	6077.6313	233.6315	21.6315	 0.94	 0.11	189.33	 6.19	88.85	 0.90	10.75	 1.14	322.63	282.21	285.68	260.58	285.82	0	52.12
2011	8	22	15.594	6077.6499	233.6497	21.6497	 1.14	 0.09	175.02	 3.47	 7.84	 1.00	10.73	 1.05	322.51	283.44	286.82	262.30	289.70	0	52.46
2011	8	22	16.032	6077.6680	233.6680	21.6680	 1.24	 0.11	189.22	 3.78	 4.96	 1.00	10.72	 1.20	322.41	284.30	292.94	265.40	290.42	0	53.08
2011	8	22	16.968	6077.7070	233.7070	21.7070	 1.03	 0.06	189.62	 3.12	12.28	 0.98	10.75	 1.18	322.66	286.21	293.55	265.98	292.25	0	53.20
2011	8	22	17.404	6077.7251	233.7252	21.7252	 1.09	 0.07	189.61	 3.08	 6.21	 1.00	10.75	 1.18	322.56	286.99	292.82	266.21	292.94	0	53.24
2011	8	22	18.717	6077.7798	233.7799	21.7799	 1.54	 0.10	190.07	 2.12	 7.37	 0.99	10.72	 1.22	322.51	287.79	294.71	265.34	294.12	0	53.07
2011	8	22	19.180	6077.7993	233.7991	21.7992	 1.19	 0.08	185.82	 2.81	 6.93	 1.00	10.77	 1.09	319.66	287.70	293.55	265.98	293.78	0	53.20
2011	8	22	23.148	6077.9644	233.9645	21.9645	 0.08	 0.10	909.78	1038.12	381.05	 0.91	10.73	 1.26	322.47	275.52	283.65	 0.00	283.05	0	54.00
2011	8	23	0.936	6078.0391	234.0390	22.0390	 0.69	 0.05	174.25	 4.62	 4.62	 1.00	10.75	 1.30	322.48	273.94	285.06	256.11	278.62	0	51.22
2011	8	23	2.724	6078.1133	234.1135	22.1135	 0.28	 0.04	194.91	19.89	13.83	 0.96	10.72	 1.09	322.58	273.40	279.25	 0.00	279.62	0	54.00
2011	8	23	3.164	6078.1318	234.1318	22.1318	 0.20	 0.04	233.35	32.74	10.39	 0.96	10.90	 1.05	322.57	273.42	274.98	257.03	281.12	0	51.41
2011	8	23	4.071	6078.1694	234.1696	22.1696	 0.46	 0.05	161.89	 9.08	 4.19	 1.00	10.77	 1.13	322.59	273.53	279.83	257.61	278.27	0	51.52
2011	8	23	4.511	6078.1880	234.1879	22.1879	 0.49	 0.05	157.62	 8.34	 7.90	 0.99	10.78	 1.20	322.58	273.59	280.24	257.48	278.36	0	51.50
2011	8	23	5.830	6078.2427	234.2429	22.2429	 0.52	 0.05	155.60	 6.51	 5.66	 0.99	10.77	 1.25	322.59	274.12	281.95	259.83	280.42	0	51.97
2011	8	23	7.173	6078.2988	234.2989	22.2989	 0.55	 0.04	153.50	 5.41	 7.50	 0.98	10.90	 1.28	322.57	274.87	280.99	 0.00	281.25	0	54.00
2011	8	23	7.616	6078.3174	234.3173	22.3173	 0.54	 0.04	158.24	 5.29	 2.99	 1.00	10.73	 1.24	322.54	275.02	283.49	260.27	281.41	0	52.05
2011	8	23	8.058	6078.3359	234.3357	22.3357	 0.41	 0.06	172.13	13.57	16.66	 0.98	10.80	 1.20	322.55	275.11	281.74	260.01	281.49	0	52.00
2011	8	23	8.521	6078.3550	234.3550	22.3550	 0.45	 0.04	166.50	 8.27	 2.12	 1.00	10.80	 1.17	322.56	275.14	282.15	259.68	 0.00	0	51.94
2011	8	23	8.960	6078.3735	234.3733	22.3733	 0.43	 0.05	173.20	 9.60	 4.81	 1.00	10.77	 1.22	322.48	275.12	283.12	 0.00	281.49	0	54.00
2011	8	23	9.400	6078.3916	234.3917	22.3917	 0.58	 0.04	155.18	 5.09	 3.03	 1.00	10.75	 1.25	322.53	275.18	283.13	259.41	282.94	0	51.88
2011	8	23	9.837	6078.4097	234.4099	22.4099	 0.32	 0.05	180.46	18.57	14.29	 0.98	10.80	 1.11	322.54	275.18	281.53	259.41	279.93	0	51.88
2011	8	23	11.182	6078.4658	234.4659	22.4659	 0.59	 0.04	149.69	 3.94	 4.25	 0.99	10.75	 1.29	322.56	275.43	283.93	259.93	282.90	0	51.99
2011	8	23	12.058	6078.5024	234.5024	22.5024	 0.51	 0.05	153.67	 6.83	 5.74	 0.99	10.73	 1.25	322.60	277.13	284.45	262.20	283.44	0	52.44
2011	8	23	12.958	6078.5400	234.5399	22.5399	 0.62	 0.06	142.89	 5.95	21.95	 0.94	10.75	 1.22	322.81	279.79	286.34	264.71	286.47	0	52.94
2011	8	23	15.175	6078.6323	234.6323	22.6323	 0.47	 0.05	157.89	 7.92	 8.32	 0.99	10.77	 1.21	320.10	287.06	295.55	265.91	293.55	0	53.18
2011	8	23	17.857	6078.7441	234.7440	22.7440	 0.47	 0.05	165.44	 8.95	 7.92	 0.99	10.82	 1.18	322.65	289.69	296.51	275.94	294.28	0	55.19
2011	8	23	18.296	6078.7622	234.7623	22.7624	 0.49	 0.05	154.95	 7.98	21.61	 0.92	10.77	 1.15	320.83	290.28	297.42	275.30	295.77	0	55.06
2011	8	23	19.173	6078.7988	234.7989	22.7989	 0.51	 0.08	159.25	11.92	27.03	 0.98	10.73	 1.13	320.75	290.48	300.56	272.26	296.71	0	54.45
2011	8	23	19.635	6078.8184	234.8181	22.8181	 0.58	 0.06	163.87	 7.20	 6.73	 1.00	10.78	 1.20	320.81	290.01	300.25	269.32	296.67	0	53.86
2011	8	23	20.074	6078.8364	234.8364	22.8364	 0.48	 0.05	178.02	 9.75	12.06	 0.99	10.73	 1.18	320.81	289.34	301.16	265.57	296.04	0	53.11
2011	8	23	20.513	6078.8545	234.8547	22.8547	 0.49	 0.06	169.34	10.05	39.29	 0.89	10.83	 1.15	321.24	288.44	298.84	266.14	 0.00	0	53.23
2011	8	23	21.391	6078.8911	234.8913	22.8913	 0.50	 0.05	191.68	 9.88	27.43	 0.95	10.73	 1.18	321.46	285.78	293.14	263.06	293.04	0	52.61
2011	8	24	0.950	6079.0396	235.0396	23.0396	 0.77	 0.04	181.40	 3.63	 4.00	 1.00	10.75	 1.22	321.99	277.90	286.58	259.54	282.94	0	51.91
2011	8	24	1.390	6079.0581	235.0579	23.0579	 0.73	 0.05	179.60	 4.23	 5.06	 1.00	10.77	 1.20	321.98	277.52	284.77	259.39	283.90	0	51.88
2011	8	24	1.830	6079.0762	235.0762	23.0762	 0.71	 0.04	188.02	 3.95	 5.10	 0.99	10.72	 1.19	321.95	277.14	284.30	259.48	283.54	0	51.90
2011	8	24	3.169	6079.1318	235.1320	23.1320	 0.76	 0.04	181.32	 3.67	 1.42	 1.00	10.73	 1.21	321.95	276.39	283.52	258.89	281.27	0	51.78
2011	8	24	5.389	6079.2246	235.2245	23.2245	 0.61	 0.04	184.68	 4.93	 7.61	 0.98	10.73	 1.15	322.17	275.21	280.74	258.23	281.46	0	51.65
2011	8	24	6.731	6079.2803	235.2805	23.2805	 0.83	 0.04	186.56	 3.07	 1.74	 1.00	10.78	 1.11	321.96	274.82	279.76	258.45	279.59	0	51.69
2011	8	24	7.171	6079.2988	235.2988	23.2988	 0.85	 0.05	188.88	 3.80	 4.39	 1.00	10.82	 1.16	321.81	274.77	280.39	258.49	279.48	0	51.70
2011	8	24	8.048	6079.3354	235.3353	23.3353	 0.75	 0.05	185.29	 4.38	 3.55	 1.00	10.80	 1.07	321.85	274.65	278.33	258.23	280.73	0	51.65
2011	8	24	8.486	6079.3535	235.3536	23.3536	 0.93	 0.04	188.50	 2.63	 4.97	 0.99	10.73	 1.24	321.80	274.54	283.54	257.90	280.66	0	51.58
2011	8	24	8.948	6079.3730	235.3728	23.3728	 0.83	 0.06	184.30	 4.46	 3.35	 1.00	10.78	 1.15	321.93	274.38	280.12	257.47	280.48	0	51.49
2011	8	24	9.826	6079.4092	235.4094	23.4094	 0.68	 0.05	187.84	 4.87	 1.62	 1.00	10.72	 1.10	321.55	274.09	278.81	257.11	278.77	0	51.42
2011	8	24	10.706	6079.4463	235.4461	23.4461	 0.75	 0.06	188.50	 4.80	 4.00	 1.00	10.73	 1.10	321.52	273.93	280.49	257.65	279.92	0	51.53
2011	8	24	11.169	6079.4653	235.4654	23.4654	 0.88	 0.13	185.73	 8.30	132.41	 0.91	10.77	 1.05	321.70	274.08	279.38	257.78	278.59	0	51.56
2011	8	24	12.481	6079.5200	235.5200	23.5200	 0.80	 0.05	187.79	 3.55	 4.96	 1.00	10.75	 1.20	321.94	276.69	282.23	260.06	282.94	0	52.01
2011	8	24	12.919	6079.5381	235.5383	23.5383	 0.97	 0.05	184.42	 2.94	10.59	 0.98	10.72	 1.28	322.02	277.79	283.86	260.70	281.86	0	52.14
2011	8	24	13.819	6079.5757	235.5758	23.5758	 0.92	 0.05	190.62	 2.89	 3.96	 1.00	10.73	 1.24	322.45	280.67	288.03	261.74	287.17	0	52.35
2011	8	24	15.133	6079.6304	235.6305	23.6305	 0.97	 0.08	191.76	 4.33	 2.41	 1.00	10.73	 1.28	322.45	284.53	292.59	263.20	290.79	0	52.64
2011	8	24	15.596	6079.6499	235.6498	23.6498	 0.94	 0.05	189.28	 3.09	 7.38	 0.99	10.75	 1.21	322.09	285.92	291.51	266.37	291.98	0	53.27
2011	8	24	16.034	6079.6680	235.6681	23.6681	 0.89	 0.04	188.32	 2.85	 2.58	 1.00	10.75	 1.14	321.97	286.65	292.89	266.09	290.16	0	53.22
2011	8	24	16.908	6079.7046	235.7045	23.7045	 1.04	 0.05	188.74	 2.37	13.48	 0.93	10.72	 1.17	321.42	288.41	295.45	267.78	294.26	0	53.56
2011	8	24	17.344	6079.7227	235.7227	23.7227	 1.08	 0.06	186.01	 2.61	 7.30	 0.99	10.73	 1.18	321.37	289.06	297.11	269.50	294.65	0	53.90
2011	8	24	17.841	6079.7432	235.7434	23.7434	 1.18	 0.05	190.50	 1.91	11.29	 0.92	10.75	 1.15	321.31	289.49	297.92	268.32	295.28	0	53.66
2011	8	24	18.280	6079.7617	235.7617	23.7617	 1.38	 0.07	195.82	 2.06	 9.22	 0.98	10.73	 1.28	321.16	289.67	299.04	271.39	295.40	0	54.28
2011	8	24	18.719	6079.7798	235.7800	23.7800	 1.37	 0.14	192.83	 3.97	15.12	 1.00	10.72	 1.20	321.05	289.57	297.73	270.06	295.46	0	54.01
2011	8	24	20.058	6079.8359	235.8357	23.8357	 1.63	 0.12	193.37	 2.42	 3.03	 1.00	10.77	 1.16	318.61	286.64	296.64	264.81	293.19	0	52.96
2011	8	24	23.147	6079.9644	235.9645	23.9645	 1.06	 0.07	195.05	 3.14	 2.19	 1.00	10.73	 1.26	321.93	274.84	281.87	256.15	279.89	0	51.23
2011	8	24	23.585	6079.9829	235.9827	23.9827	 1.33	 0.17	209.40	 5.62	41.51	 0.99	10.78	 1.13	321.93	274.58	280.82	255.95	279.24	0	51.19
2011	8	25	0.024	6080.0010	236.0010	24.0010	 1.10	 0.17	207.35	 7.84	105.61	 0.97	10.73	 1.21	321.99	274.36	274.78	255.89	281.83	0	51.18
2011	8	25	0.489	6080.0205	236.0204	24.0204	 0.98	 0.03	189.87	 1.82	 2.93	 0.99	10.75	 1.18	322.18	274.17	280.33	256.22	280.31	0	51.24
2011	8	25	0.930	6080.0386	236.0387	24.0387	 0.88	 0.04	187.91	 2.43	 1.94	 1.00	10.77	 1.13	322.09	274.01	279.35	256.09	281.69	0	51.22
2011	8	25	1.368	6080.0571	236.0570	24.0570	 0.98	 0.07	189.37	 3.56	 1.65	 1.00	10.73	 1.17	322.02	273.89	280.78	256.36	280.08	0	51.27
2011	8	25	1.808	6080.0752	236.0753	24.0753	 0.83	 0.05	184.68	 3.57	 3.26	 1.00	10.75	 1.09	322.12	273.80	278.28	256.06	279.95	0	51.21
2011	8	25	2.246	6080.0937	236.0936	24.0936	 0.82	 0.04	188.63	 3.24	 7.67	 0.98	10.77	 1.18	322.21	273.71	280.61	 0.00	281.27	0	54.00
2011	8	25	2.709	6080.1128	236.1129	24.1129	 0.99	 0.08	183.16	 4.00	19.09	 0.98	10.80	 1.25	318.15	273.56	281.23	256.35	278.32	0	51.27
2011	8	25	5.814	6080.2422	236.2423	24.2423	 0.76	 0.06	167.53	 4.44	 6.46	 1.00	10.73	 0.91	322.39	269.27	275.91	256.69	275.07	0	51.34
2011	8	25	6.692	6080.2788	236.2788	24.2788	 0.65	 0.05	173.02	 5.38	 2.78	 1.00	10.73	 1.00	322.48	270.62	277.23	256.53	276.67	0	51.31
2011	8	25	7.155	6080.2983	236.2981	24.2981	 0.76	 0.04	167.56	 3.45	 1.19	 1.00	10.77	 1.07	322.60	271.22	277.98	256.65	277.28	0	51.33
2011	8	25	7.595	6080.3164	236.3165	24.3165	 0.64	 0.06	166.46	 5.75	 4.35	 1.00	10.78	 1.06	322.54	271.70	277.13	256.70	277.69	0	51.34
2011	8	25	8.036	6080.3350	236.3348	24.3348	 0.74	 0.06	159.03	 4.40	 2.85	 1.00	10.78	 1.10	322.55	272.14	278.33	257.20	276.63	0	51.44
2011	8	25	8.475	6080.3530	236.3531	24.3531	 0.60	 0.04	160.33	 4.33	 9.15	 0.95	10.77	 1.07	322.54	272.48	277.87	256.80	277.01	0	51.36
2011	8	25	10.263	6080.4277	236.4276	24.4276	 0.55	 0.04	161.09	 5.64	 6.40	 0.99	10.73	 1.09	322.53	273.29	278.93	257.29	280.72	0	51.46
2011	8	25	10.701	6080.4458	236.4459	24.4459	 0.55	 0.04	163.19	 5.37	 4.07	 1.00	10.73	 1.10	322.54	273.45	278.40	257.73	279.38	0	51.55
2011	8	25	11.602	6080.4834	236.4834	24.4834	 0.48	 0.04	171.01	 7.06	 3.34	 1.00	10.77	 1.12	322.63	274.12	278.66	259.12	280.02	0	51.82
2011	8	25	12.042	6080.5020	236.5018	24.5018	 0.55	 0.04	169.94	 4.79	15.44	 0.86	10.73	 1.23	322.67	275.12	280.68	261.17	281.11	0	52.23
2011	8	25	12.917	6080.5381	236.5382	24.5382	 0.62	 0.07	159.16	 7.06	 5.00	 1.00	10.73	 1.20	322.78	278.15	283.44	264.01	284.60	0	52.80
2011	8	25	13.353	6080.5562	236.5564	24.5564	 0.62	 0.05	164.77	 5.10	 1.92	 1.00	10.73	 1.26	322.88	279.83	285.88	265.75	283.79	0	53.15
2011	8	25	16.030	6080.6680	236.6679	24.6679	 0.54	 0.06	167.94	 7.84	16.97	 0.97	10.75	 1.08	317.51	289.74	296.67	274.25	295.61	0	54.85
2011	8	25	18.709	6080.7798	236.7796	24.7796	 0.75	 0.06	178.74	 5.20	11.58	 0.99	10.72	 1.27	319.91	290.25	301.52	273.97	295.30	0	54.79
2011	8	25	19.585	6080.8159	236.8160	24.8160	 0.68	 0.06	180.84	 5.72	21.25	 0.96	10.73	 1.16	319.84	290.09	299.84	272.31	294.36	0	54.46
2011	8	26	0.456	6081.0190	237.0190	25.0190	 0.58	 0.04	176.21	 4.67	 7.30	 0.98	10.73	 1.17	320.42	279.31	286.50	260.41	284.62	0	52.08
2011	8	26	0.919	6081.0381	237.0383	25.0383	 0.65	 0.05	182.53	 5.60	13.85	 0.98	10.80	 1.27	320.54	278.77	284.53	260.86	285.48	0	52.17
2011	8	26	4.009	6081.1670	237.1671	25.1671	 0.55	 0.04	170.91	 6.17	 7.97	 0.99	10.80	 1.26	320.49	276.80	285.86	260.83	283.59	0	52.17
2011	8	26	4.448	6081.1855	237.1853	25.1853	 0.51	 0.05	166.66	 7.23	 3.79	 1.00	10.73	 1.24	320.43	276.64	282.28	260.78	284.83	0	52.16
2011	8	26	4.885	6081.2036	237.2035	25.2035	 0.57	 0.04	169.13	 5.39	 4.94	 0.99	10.75	 1.28	320.45	276.46	285.24	260.61	283.19	0	52.12
2011	8	26	5.348	6081.2227	237.2228	25.2228	 0.56	 0.05	164.26	 7.06	17.73	 0.96	10.75	 1.21	317.08	276.24	284.40	260.21	281.56	0	52.04
2011	8	26	8.440	6081.3516	237.3517	25.3517	 0.54	 0.04	169.61	 6.13	 2.85	 1.00	10.73	 1.05	322.63	271.70	277.87	259.43	277.67	0	51.89
2011	8	26	8.878	6081.3701	237.3699	25.3699	 0.61	 0.04	173.41	 4.74	 6.97	 0.99	10.73	 1.14	322.65	272.40	278.37	260.09	277.14	0	52.02
2011	8	26	9.316	6081.3882	237.3882	25.3881	 0.55	 0.05	181.68	 7.49	 2.51	 1.00	10.75	 1.11	322.64	273.02	278.86	259.73	279.21	0	51.95
2011	8	26	10.217	6081.4258	237.4257	25.4257	 0.65	 0.04	182.29	 4.79	 4.92	 1.00	10.72	 1.20	322.75	273.96	279.90	259.83	280.15	0	51.97
2011	8	26	10.653	6081.4438	237.4439	25.4439	 0.58	 0.05	183.01	 6.74	 1.95	 1.00	10.72	 1.13	322.76	274.23	280.95	259.20	280.38	0	51.84
2011	8	26	11.091	6081.4619	237.4621	25.4621	 0.65	 0.04	185.82	 4.76	 2.51	 1.00	10.75	 1.21	322.77	274.59	280.79	259.75	279.13	0	51.95
2011	8	26	11.528	6081.4805	237.4803	25.4803	 0.54	 0.04	186.89	 6.02	 5.72	 0.99	10.73	 1.15	322.89	275.37	278.94	261.46	281.28	0	52.29
2011	8	26	11.990	6081.4995	237.4996	25.4996	 0.69	 0.04	181.74	 4.42	 3.51	 1.00	10.77	 1.20	323.17	276.63	280.93	263.22	280.75	0	52.64
2011	8	26	13.303	6081.5542	237.5543	25.5543	 0.51	 0.04	183.51	 6.35	 0.97	 1.00	10.75	 1.15	322.87	281.05	284.41	265.82	287.75	0	53.16
2011	8	26	13.741	6081.5728	237.5725	25.5725	 0.67	 0.03	179.02	 3.30	 6.87	 0.96	10.73	 1.22	322.05	282.76	290.23	266.30	289.59	0	53.26
2011	8	26	14.204	6081.5918	237.5918	25.5918	 0.72	 0.04	180.92	 3.76	 5.68	 0.99	10.75	 1.23	321.95	284.52	291.81	266.14	291.38	0	53.23
2011	8	26	17.735	6081.7388	237.7390	25.7390	 0.57	 0.06	192.81	 9.04	 6.18	 1.00	10.75	 1.08	320.77	292.13	300.71	272.85	297.88	0	54.57
2011	8	26	18.174	6081.7573	237.7573	25.7573	 0.92	 0.06	182.95	 3.63	 5.78	 1.00	10.77	 1.22	320.79	292.17	302.94	273.21	297.88	0	54.64
2011	8	26	19.107	6081.7959	237.7961	25.7961	 0.89	 0.06	188.66	 3.62	 6.13	 1.00	10.78	 1.10	320.56	291.79	299.05	273.48	295.70	0	54.70
2011	8	26	19.545	6081.8145	237.8144	25.8144	 0.95	 0.09	200.64	 5.49	15.14	 1.00	10.77	 1.08	320.36	291.20	301.34	271.01	297.54	0	54.20
2011	8	26	19.983	6081.8325	237.8326	25.8326	 1.18	 0.09	193.59	 3.45	10.78	 1.00	10.73	 1.15	320.64	290.46	300.08	269.44	296.92	0	53.89
2011	8	26	20.421	6081.8511	237.8509	25.8509	 1.29	 0.11	198.64	 3.45	 2.94	 1.00	10.77	 1.17	320.83	289.53	300.83	267.14	296.16	0	53.43
2011	8	26	23.099	6081.9624	237.9625	25.9625	 1.34	 0.16	195.17	 4.68	30.88	 0.99	10.75	 1.14	321.06	281.11	287.48	258.90	287.75	0	51.78
2011	8	27	1.317	6082.0547	238.0549	26.0549	 0.85	 0.05	179.28	 3.43	 5.11	 1.00	10.73	 1.01	322.32	277.12	270.04	 0.00	282.02	0	54.00
2011	8	27	1.754	6082.0732	238.0731	26.0731	 0.96	 0.07	186.09	 3.59	14.67	 0.98	10.73	 1.11	321.74	276.65	281.61	257.90	284.84	0	51.58
2011	8	27	2.634	6082.1099	238.1097	26.1097	 1.14	 0.06	192.05	 2.44	 6.48	 0.99	10.77	 1.28	321.59	275.86	283.80	257.59	283.59	0	51.52
2011	8	27	3.541	6082.1475	238.1475	26.1475	 0.87	 0.04	190.45	 2.71	 3.46	 1.00	10.77	 1.10	321.57	275.31	276.77	257.81	283.06	0	51.56
2011	8	27	4.420	6082.1841	238.1842	26.1842	 1.03	 0.04	195.49	 1.95	 3.99	 0.99	10.73	 1.20	321.65	274.84	281.83	257.06	281.11	0	51.41
2011	8	27	4.858	6082.2026	238.2024	26.2024	 1.02	 0.07	188.64	 3.65	 7.61	 1.00	10.73	 1.21	321.44	274.57	280.72	 0.00	280.72	0	54.00
2011	8	27	5.296	6082.2207	238.2207	26.2207	 0.98	 0.07	189.83	 3.61	 4.48	 1.00	10.73	 1.15	321.41	274.37	279.23	 0.00	280.43	0	54.00
2011	8	27	7.077	6082.2949	238.2949	26.2949	 1.10	 0.07	197.71	 3.10	 5.88	 1.00	10.77	 1.16	321.35	273.46	280.52	255.99	279.40	0	51.20
2011	8	27	7.517	6082.3130	238.3132	26.3132	 1.27	 0.07	197.97	 2.26	 3.35	 1.00	10.83	 1.21	321.52	273.25	280.44	255.81	277.83	0	51.16
2011	8	27	7.982	6082.3325	238.3326	26.3326	 1.30	 0.13	192.93	 3.99	15.81	 1.00	10.87	 1.14	317.43	272.97	278.48	 0.00	 0.00	0	54.00
2011	8	27	12.876	6082.5366	238.5365	26.5365	 1.38	 0.10	194.25	 2.78	 4.63	 1.00	10.73	 1.06	315.62	268.50	272.87	259.54	274.10	0	51.91
2011	8	27	15.089	6082.6289	238.6287	26.6287	 1.60	 0.16	197.40	 3.40	10.55	 1.00	10.80	 1.24	323.40	281.19	285.78	262.75	287.25	0	52.55
2011	8	27	15.527	6082.6470	238.6469	26.6469	 1.63	 0.16	192.27	 3.02	 8.75	 1.00	10.73	 1.14	323.32	283.04	286.14	265.45	 0.00	0	53.09
2011	8	27	15.963	6082.6650	238.6651	26.6651	 1.68	 0.07	200.11	 1.37	 4.34	 0.99	10.73	 1.24	323.04	284.44	290.23	266.61	290.31	0	53.32
2011	8	27	17.301	6082.7207	238.7209	26.7209	 1.84	 0.16	196.74	 2.45	 3.48	 1.00	10.73	 1.18	322.31	288.13	295.08	269.91	293.74	0	53.98
2011	8	27	19.108	6082.7964	238.7962	26.7962	 2.34	 0.20	198.24	 1.64	 1.24	 1.00	10.75	 1.10	322.23	289.70	299.22	265.41	296.47	0	53.08
2011	8	27	19.547	6082.8145	238.8145	26.8145	 1.85	 0.17	193.92	 2.50	 9.23	 1.00	10.77	 0.98	322.08	289.46	299.78	267.82	296.41	0	53.56
2011	8	27	19.986	6082.8325	238.8327	26.8327	 2.33	 0.20	194.06	 1.67	 1.63	 1.00	10.73	 1.15	322.13	288.98	296.93	265.68	296.17	0	53.14
2011	8	27	20.423	6082.8511	238.8510	26.8509	 2.14	 0.12	200.78	 1.28	 6.14	 0.97	10.73	 1.20	322.24	288.39	298.10	266.04	295.61	0	53.21
2011	8	27	21.324	6082.8887	238.8885	26.8885	 2.23	 0.16	199.61	 1.52	 3.46	 1.00	10.77	 1.21	322.15	286.25	296.45	263.45	293.69	0	52.69
2011	8	27	23.546	6082.9810	238.9811	26.9811	 1.23	 0.07	193.87	 2.45	 6.55	 0.99	10.95	 1.05	318.21	279.84	287.04	257.80	285.91	0	51.56
2011	8	28	4.432	6083.1846	239.1846	27.1847	 0.78	 0.06	182.47	 4.76	 3.99	 1.00	10.73	 1.17	323.03	273.37	279.12	258.10	279.53	0	51.62
2011	8	28	4.869	6083.2031	239.2029	27.2029	 0.70	 0.06	179.57	 5.53	 8.31	 1.00	10.73	 1.09	323.05	273.54	278.23	257.96	281.16	0	51.59
2011	8	28	6.657	6083.2773	239.2774	27.2774	 0.74	 0.07	179.21	 5.63	 5.80	 1.00	10.72	 1.16	323.09	273.82	279.56	257.36	281.36	0	51.47
2011	8	28	7.977	6083.3325	239.3324	27.3324	 0.63	 0.04	179.43	 4.59	 8.93	 0.97	10.98	 1.10	323.09	273.67	277.79	256.86	279.71	0	51.37
2011	8	28	9.321	6083.3882	239.3884	27.3884	 0.84	 0.06	177.87	 4.19	13.42	 0.98	10.73	 1.25	323.09	273.47	280.84	256.60	279.36	0	51.32
2011	8	28	10.199	6083.4248	239.4250	27.4250	 0.90	 0.05	178.99	 3.25	 9.36	 0.98	10.70	 1.30	323.06	273.30	281.98	256.55	279.13	0	51.31
2011	8	28	11.543	6083.4810	239.4810	27.4810	 0.67	 0.05	175.40	 5.30	 7.65	 0.99	10.80	 1.16	323.20	274.11	278.40	258.23	281.43	0	51.65
2011	8	28	11.984	6083.4995	239.4993	27.4993	 0.75	 0.06	171.18	 4.48	 3.96	 1.00	10.75	 1.20	323.29	275.01	281.76	 0.00	280.96	0	54.00
2011	8	28	13.761	6083.5732	239.5734	27.5734	 0.81	 0.06	176.55	 4.14	 2.73	 1.00	10.73	 1.27	323.83	280.34	287.31	261.27	286.82	0	52.25
2011	8	28	15.097	6083.6289	239.6290	27.6290	 0.80	 0.10	169.03	 7.38	 8.80	 1.00	10.75	 1.16	320.19	284.38	289.83	263.45	290.06	0	52.69
2011	8	28	17.743	6083.7393	239.7393	27.7393	 0.54	 0.05	175.07	 7.90	24.49	 0.94	10.72	 0.99	322.99	285.92	289.44	270.76	289.46	0	54.15
2011	8	28	19.993	6083.8330	239.8330	27.8330	 0.85	 0.09	178.45	 5.75	56.39	 0.91	10.72	 0.93	322.70	287.50	295.26	267.22	293.56	0	53.44
2011	8	28	20.868	6083.8696	239.8695	27.8695	 1.19	 0.10	198.50	 3.66	11.66	 1.00	10.75	 1.26	322.59	286.20	296.35	263.89	294.68	0	52.78
2011	8	28	21.306	6083.8877	239.8877	27.8877	 0.87	 0.12	183.36	 7.63	24.49	 1.00	10.73	 1.02	322.78	285.07	289.45	264.10	292.03	0	52.82
2011	8	29	0.427	6084.0176	240.0178	28.0178	 1.11	 0.06	190.24	 2.43	 5.78	 0.99	10.77	 1.24	322.76	277.98	283.38	257.53	285.65	0	51.51
2011	8	29	1.307	6084.0547	240.0545	28.0545	 0.91	 0.06	183.30	 3.63	 6.33	 1.00	10.85	 1.15	322.89	276.84	281.49	257.54	284.41	0	51.51
2011	8	29	1.748	6084.0728	240.0728	28.0728	 1.00	 0.06	190.33	 3.11	 5.41	 1.00	10.73	 1.28	322.92	276.42	285.12	257.81	282.58	0	51.56
2011	8	29	3.532	6084.1470	240.1472	28.1472	 0.84	 0.05	180.99	 3.51	 4.28	 1.00	10.73	 1.24	322.84	275.47	282.65	258.40	281.67	0	51.68
2011	8	29	3.973	6084.1655	240.1655	28.1655	 0.61	 0.05	181.51	 5.89	 5.27	 1.00	10.78	 1.14	322.86	275.33	279.62	258.37	281.51	0	51.67
2011	8	29	4.439	6084.1851	240.1849	28.1849	 0.80	 0.05	182.14	 4.08	 5.54	 1.00	10.77	 1.29	322.86	275.17	282.62	258.27	281.41	0	51.65
2011	8	29	4.880	6084.2031	240.2033	28.2033	 0.61	 0.05	183.32	 6.31	 6.76	 1.00	10.78	 1.20	322.87	275.05	279.97	258.25	282.74	0	51.65
2011	8	29	5.756	6084.2397	240.2399	28.2398	 0.64	 0.04	182.07	 4.61	 4.96	 0.99	10.90	 1.19	322.86	274.90	281.35	258.45	281.15	0	51.69
2011	8	29	6.659	6084.2773	240.2775	28.2775	 0.65	 0.04	179.12	 3.95	 9.14	 0.96	10.75	 1.13	322.99	274.79	279.94	258.36	 0.00	0	51.67
2011	8	29	7.539	6084.3140	240.3141	28.3141	 0.56	 0.04	183.15	 6.32	 6.74	 0.99	10.75	 1.13	322.82	274.72	281.30	 0.00	280.90	0	54.00
2011	8	29	9.320	6084.3882	240.3883	28.3883	 0.69	 0.05	177.14	 4.86	 2.34	 1.00	10.82	 1.17	322.81	274.64	279.95	258.10	280.75	0	51.62
2011	8	29	11.981	6084.4990	240.4992	28.4992	 0.68	 0.04	182.86	 3.99	 0.93	 1.00	10.77	 1.27	323.08	276.39	282.74	261.29	282.51	0	52.26
2011	8	29	12.420	6084.5176	240.5175	28.5175	 0.70	 0.06	171.77	 5.00	 7.17	 1.00	10.75	 1.20	323.13	277.61	283.56	262.08	 0.00	0	52.42
2011	8	29	12.857	6084.5356	240.5357	28.5357	 0.66	 0.04	177.69	 4.47	 2.56	 1.00	10.73	 1.20	323.25	279.03	284.94	262.97	285.50	0	52.59
2011	8	29	13.757	6084.5732	240.5732	28.5732	 0.71	 0.07	174.14	 6.48	10.79	 1.00	10.73	 1.24	323.35	282.17	288.84	265.22	285.35	0	53.04
2011	8	29	14.195	6084.5913	240.5915	28.5915	 0.61	 0.04	184.36	 4.50	 9.13	 0.96	10.72	 1.23	323.25	283.59	290.68	265.32	287.64	0	53.06
2011	8	29	15.072	6084.6279	240.6280	28.6280	 0.57	 0.05	180.39	 6.53	22.61	 0.93	10.73	 1.13	323.30	286.20	290.79	266.41	295.36	0	53.28
2011	8	29	16.409	6084.6836	240.6837	28.6837	 0.71	 0.05	181.76	 4.40	17.55	 0.94	10.83	 1.21	322.57	289.35	297.22	271.03	295.59	0	54.21
2011	8	29	16.849	6084.7021	240.7021	28.7021	 0.82	 0.05	178.42	 3.35	 4.36	 1.00	10.73	 1.22	321.90	290.29	298.52	271.93	298.94	0	54.39
2011	8	29	18.186	6084.7578	240.7578	28.7578	 0.74	 0.06	185.00	 5.53	33.40	 0.93	10.78	 1.14	321.23	291.66	301.03	274.61	299.52	0	54.92
2011	8	29	18.624	6084.7759	240.7760	28.7760	 0.84	 0.06	185.63	 4.16	 6.15	 1.00	10.73	 1.25	321.36	291.64	300.06	273.26	297.51	0	54.65
2011	8	29	19.063	6084.7944	240.7943	28.7943	 0.78	 0.07	184.95	 5.29	 5.23	 1.00	10.82	 1.13	321.38	291.47	298.20	275.55	297.48	0	55.11
2011	8	29	19.501	6084.8125	240.8125	28.8125	 0.94	 0.08	189.06	 4.54	 4.41	 1.00	10.73	 1.24	321.26	291.08	299.79	273.36	295.20	0	54.67
2011	8	29	22.702	6084.9458	240.9459	28.9459	 0.80	 0.09	180.76	 7.03	15.63	 1.00	10.72	 1.21	322.07	282.28	283.65	 0.00	289.06	0	54.00
2011	8	29	23.139	6084.9639	240.9641	28.9641	 0.78	 0.06	181.50	 4.71	 5.07	 1.00	10.77	 1.20	321.97	281.20	287.69	258.98	288.14	0	51.80
2011	8	29	23.578	6084.9824	240.9824	28.9824	 0.84	 0.05	183.06	 3.63	 0.59	 1.00	10.73	 1.23	322.13	280.22	287.90	258.83	286.70	0	51.77
2011	8	30	0.918	6085.0381	241.0382	29.0382	 0.53	 0.04	187.33	 6.53	 7.87	 0.99	10.73	 1.14	322.37	277.89	285.35	259.13	285.71	0	51.83
2011	8	30	2.235	6085.0933	241.0931	29.0931	 0.66	 0.04	178.55	 4.72	 3.80	 1.00	10.75	 1.25	322.34	276.71	283.50	258.89	283.22	0	51.78
2011	8	30	3.573	6085.1489	241.1489	29.1489	 0.57	 0.04	186.47	 5.10	 2.18	 1.00	10.73	 1.22	322.52	275.99	281.93	258.87	283.78	0	51.77
2011	8	30	4.011	6085.1670	241.1671	29.1671	 0.59	 0.05	183.83	 6.85	 8.14	 0.99	10.73	 1.22	322.57	275.84	280.75	259.07	282.22	0	51.81
2011	8	30	6.668	6085.2778	241.2778	29.2778	 0.66	 0.04	178.43	 4.35	 8.21	 0.98	10.77	 1.20	322.41	275.24	282.45	258.24	281.46	0	51.65
2011	8	30	7.570	6085.3154	241.3154	29.3154	 0.71	 0.04	178.67	 3.28	14.78	 0.86	10.78	 1.27	322.36	275.10	281.83	258.58	282.84	0	51.72
2011	8	30	8.447	6085.3521	241.3520	29.3520	 0.69	 0.04	178.30	 4.19	 9.20	 0.98	10.80	 1.25	322.44	274.96	280.71	258.15	281.16	0	51.63
2011	8	30	8.887	6085.3701	241.3703	29.3703	 0.53	 0.04	188.41	 6.81	 5.48	 1.00	10.73	 1.14	322.46	274.92	282.29	258.32	279.63	0	51.66
2011	8	30	10.229	6085.4263	241.4262	29.4262	 0.84	 0.06	178.85	 3.81	11.22	 0.98	10.80	 1.30	322.55	274.73	284.25	258.14	279.45	0	51.63
2011	8	30	10.668	6085.4443	241.4445	29.4445	 0.60	 0.04	185.00	 4.93	15.11	 0.92	10.73	 1.15	322.40	274.73	280.84	257.96	280.76	0	51.59
2011	8	30	11.107	6085.4629	241.4628	29.4628	 0.53	 0.04	179.71	 6.52	 6.31	 0.99	10.80	 1.08	322.55	275.02	276.57	259.48	280.80	0	51.90
2011	8	30	13.321	6085.5552	241.5550	29.5550	 0.61	 0.06	177.85	 6.62	 4.67	 1.00	10.73	 1.25	322.77	281.26	287.16	266.39	288.07	0	53.28
2011	8	30	14.222	6085.5928	241.5926	29.5926	 0.63	 0.05	173.26	 5.11	 7.28	 0.99	10.73	 1.18	321.90	284.75	292.10	265.86	291.66	0	53.17
2011	8	30	16.431	6085.6846	241.6846	29.6846	 0.75	 0.04	181.36	 3.65	 5.15	 0.99	10.73	 1.22	320.83	291.22	301.45	274.87	297.61	0	54.97
2011	8	30	17.305	6085.7212	241.7210	29.7210	 0.76	 0.04	179.26	 3.29	 6.14	 0.99	10.73	 1.21	318.34	292.71	302.47	276.54	298.39	0	55.31
2011	8	30	17.742	6085.7393	241.7392	29.7392	 0.56	 0.06	179.66	 7.94	 8.74	 1.00	10.72	 1.08	321.42	293.12	301.49	277.31	298.54	0	55.46
2011	8	30	18.643	6085.7769	241.7768	29.7768	 0.69	 0.04	179.52	 4.17	 7.68	 0.98	10.73	 1.13	324.98	293.53	302.74	278.98	301.40	0	55.80
2011	8	30	19.958	6085.8315	241.8316	29.8316	 0.67	 0.06	177.78	 5.92	 7.02	 1.00	10.73	 1.08	325.04	292.68	303.25	275.66	299.24	0	55.13
2011	8	30	20.421	6085.8511	241.8509	29.8509	 0.88	 0.04	183.55	 2.62	 2.64	 1.00	10.77	 1.26	325.01	291.82	303.04	270.08	301.28	0	54.02
2011	8	30	23.103	6085.9624	241.9626	29.9626	 0.82	 0.05	188.70	 3.75	 3.20	 1.00	10.73	 1.19	325.44	283.88	292.88	261.44	290.47	0	52.29
2011	8	31	2.201	6086.0918	242.0917	30.0917	 0.64	 0.05	179.47	 5.44	 2.44	 1.00	10.78	 1.19	325.44	279.32	285.57	261.13	286.90	0	52.23
2011	8	31	2.641	6086.1099	242.1100	30.1100	 0.61	 0.04	179.64	 4.62	 2.66	 1.00	10.72	 1.20	325.22	279.02	285.44	261.76	285.25	0	52.35
2011	8	31	4.422	6086.1841	242.1843	30.1843	 0.60	 0.04	178.12	 5.19	 6.50	 0.99	10.73	 1.21	325.37	278.65	287.35	264.22	284.88	0	52.84
2011	8	31	4.860	6086.2026	242.2025	30.2025	 0.61	 0.04	175.42	 4.97	 2.22	 1.00	10.73	 1.20	325.33	278.61	285.68	 0.00	284.88	0	54.00
2011	8	31	5.762	6086.2402	242.2401	30.2401	 0.68	 0.05	176.22	 4.51	 4.66	 1.00	10.73	 1.25	325.34	278.54	288.31	263.91	284.91	0	52.78
2011	8	31	6.637	6086.2764	242.2765	30.2765	 0.48	 0.05	178.72	 8.69	12.74	 0.98	10.73	 1.09	325.39	278.50	284.19	264.14	284.84	0	52.83
2011	8	31	7.074	6086.2949	242.2947	30.2947	 0.64	 0.06	176.90	 6.44	 4.79	 1.00	10.82	 1.26	325.37	278.46	285.94	263.66	284.83	0	52.73
2011	8	31	7.537	6086.3140	242.3140	30.3140	 0.74	 0.04	172.89	 3.55	 4.67	 0.99	10.75	 1.27	321.52	278.35	286.79	263.29	284.45	0	52.66
2011	8	31	10.627	6086.4429	242.4428	30.4428	 0.60	 0.05	178.28	 5.97	 3.81	 1.00	10.82	 1.12	325.88	274.00	281.39	263.15	279.77	0	52.63
2011	8	31	11.967	6086.4985	242.4986	30.4986	 0.66	 0.04	177.67	 4.59	 2.69	 1.00	10.83	 1.28	326.45	277.91	283.99	265.65	283.99	0	53.13
2011	8	31	12.405	6086.5171	242.5169	30.5169	 0.55	 0.04	177.09	 5.83	13.04	 0.95	10.73	 1.16	326.52	279.76	283.35	265.88	283.59	0	53.18
2011	8	31	12.842	6086.5352	242.5351	30.5351	 0.71	 0.04	172.93	 3.16	 4.34	 0.99	10.73	 1.26	326.54	281.62	287.30	266.87	288.21	0	53.37
2011	8	31	14.181	6086.5908	242.5909	30.5909	 0.49	 0.05	177.00	 9.11	15.42	 0.98	10.78	 1.13	326.67	288.21	293.60	272.33	295.34	0	54.47
2011	8	31	15.057	6086.6274	242.6274	30.6274	 0.44	 0.03	190.78	 7.41	 3.14	 1.00	10.72	 1.11	322.49	291.48	299.09	273.64	297.89	0	54.73
2011	8	31	15.494	6086.6455	242.6456	30.6456	 0.66	 0.03	175.51	 3.51	 7.11	 0.96	10.73	 1.22	323.22	293.02	301.33	275.87	298.33	0	55.17
2011	8	31	17.271	6086.7197	242.7196	30.7196	 0.65	 0.05	177.34	 5.27	13.91	 0.97	10.78	 1.00	325.94	297.24	305.02	281.35	303.86	0	56.27
2011	8	31	17.708	6086.7378	242.7378	30.7378	 0.61	 0.04	178.37	 4.99	11.21	 0.97	10.72	 1.00	326.70	297.74	305.82	 0.00	301.37	0	54.00
2011	8	31	18.610	6086.7754	242.7754	30.7754	 0.60	 0.03	181.34	 4.27	11.68	 0.92	10.77	 1.05	326.64	298.10	308.55	284.48	303.43	0	56.90
2011	8	31	19.484	6086.8120	242.8118	30.8118	 0.55	 0.05	178.00	 6.94	22.39	 0.93	10.72	 1.03	323.70	297.43	307.85	283.90	303.44	0	56.78
2011	8	31	20.363	6086.8486	242.8485	30.8485	 0.64	 0.03	178.63	 3.83	 4.82	 0.99	10.77	 1.17	323.62	295.54	307.09	275.50	302.61	0	55.10
2011	8	31	20.826	6086.8677	242.8677	30.8677	 0.68	 0.04	174.92	 3.74	 4.13	 0.99	10.75	 1.27	324.03	294.19	306.22	270.35	301.48	0	54.07
2011	8	31	23.945	6086.9976	242.9977	30.9977	 0.56	 0.04	165.56	 5.54	 2.77	 1.00	10.80	 1.23	326.07	284.33	292.65	265.26	289.66	0	53.05
