2011	4	1	0.291	5934.0122	90.0121	0.0121	 1.65	 0.07	205.74	 1.45	 3.42	 0.99	10.82	 1.22	324.61	285.28	292.01	266.84	291.95	0	53.37
2011	4	1	0.735	5934.0308	90.0306	0.0306	 1.51	 0.07	207.31	 1.72	 0.55	 1.00	10.77	 1.26	324.67	284.94	292.06	266.91	293.20	0	53.38
2011	4	1	1.648	5934.0688	90.0687	0.0687	 1.44	 0.08	207.69	 2.30	 3.53	 1.00	10.77	 1.25	324.66	284.52	291.06	267.11	289.72	0	53.42
2011	4	1	2.528	5934.1055	90.1053	0.1053	 1.52	 0.10	204.52	 2.37	 0.73	 1.00	10.82	 1.17	324.76	284.23	290.50	 0.00	289.45	0	54.00
2011	4	1	2.973	5934.1240	90.1239	0.1239	 1.49	 0.05	209.81	 1.38	 9.67	 0.89	10.88	 1.30	324.85	284.06	292.10	265.54	289.28	0	53.11
2011	4	1	3.884	5934.1616	90.1618	0.1618	 1.54	 0.12	213.60	 2.95	40.71	 0.92	10.78	 1.25	325.00	283.68	292.04	265.70	291.86	0	53.14
2011	4	1	4.326	5934.1802	90.1803	0.1803	 1.30	 0.07	203.93	 2.27	 4.40	 1.00	10.83	 1.10	324.99	283.69	289.07	 0.00	288.83	0	54.00
2011	4	1	4.773	5934.1987	90.1989	0.1989	 1.49	 0.09	199.28	 2.08	 7.85	 0.99	10.82	 1.18	325.13	283.73	288.33	 0.00	 0.00	0	54.00
2011	4	1	5.220	5934.2173	90.2175	0.2175	 1.30	 0.07	202.54	 2.34	 4.76	 1.00	10.88	 1.24	325.18	283.68	289.87	265.59	292.04	0	53.12
2011	4	1	5.665	5934.2358	90.2361	0.2361	 1.09	 0.06	196.99	 2.92	 0.59	 1.00	10.78	 1.19	325.02	283.50	287.12	 0.00	288.75	0	54.00
2011	4	1	6.135	5934.2554	90.2556	0.2556	 1.13	 0.10	202.22	 4.41	59.59	 0.91	10.88	 1.19	325.02	283.34	290.11	265.15	288.56	0	53.03
2011	4	1	7.471	5934.3110	90.3113	0.3113	 0.85	 0.05	184.78	 3.55	 3.81	 1.00	10.80	 1.17	324.73	282.81	286.26	 0.00	291.31	0	54.00
2011	4	1	8.385	5934.3496	90.3494	0.3494	 0.88	 0.04	184.75	 2.83	 7.12	 0.98	10.90	 1.22	324.83	282.50	289.30	264.93	287.61	0	52.99
2011	4	1	9.276	5934.3867	90.3865	0.3865	 0.68	 0.05	175.79	 4.82	 5.82	 1.00	10.80	 1.21	324.88	282.14	287.57	264.90	 0.00	0	52.98
# Unit 3, Cerro Chajnantor CCAT, Filter  0,  Slot 1, 350 um (616) & yellow
#				days
#				since		day of	day of
# yr	mo	dy	 time	1/1/1995	year	month	Tau	unc	Tatm	unc	mse	fitgood	Etime	R	Thot	Twarm	Tchop	Tamb	<Tint>	Filter	Toff
# 1	2	3	4	5		6	7	8	9	10	11	12	13	14	15	16	17	18	19	20	21	22
2011	4	1	10.661	5934.4443	90.4442	0.4442	 0.59	 0.04	175.40	 5.18	 5.67	 0.99	10.78	 1.15	325.27	281.90	285.62	 0.00	288.43	0	54.00
2011	4	1	11.101	5934.4624	90.4626	0.4626	 0.61	 0.04	189.70	 4.63	 4.00	 1.00	10.83	 1.25	325.23	282.26	287.97	265.44	288.56	0	53.09
2011	4	1	11.991	5934.4995	90.4996	0.4996	 0.67	 0.04	190.94	 3.94	 3.98	 0.99	10.83	 1.25	325.36	283.70	289.39	267.46	292.32	0	53.49
2011	4	1	12.893	5934.5371	90.5372	0.5372	 0.68	 0.06	193.71	 6.04	 4.43	 1.00	10.73	 1.20	325.59	286.41	292.21	 0.00	293.52	0	54.00
2011	4	1	13.332	5934.5557	90.5555	0.5555	 0.76	 0.03	192.75	 2.90	 2.97	 0.99	10.82	 1.23	325.41	288.19	293.29	272.07	295.37	0	54.41
2011	4	1	13.771	5934.5737	90.5738	0.5738	 0.74	 0.03	196.34	 3.28	 1.36	 1.00	10.72	 1.24	325.03	289.92	296.48	272.80	297.11	0	54.56
2011	4	1	14.209	5934.5918	90.5920	0.5920	 0.76	 0.03	188.12	 2.96	 2.93	 1.00	10.77	 1.16	324.63	291.64	297.49	273.59	298.84	0	54.72
2011	4	1	15.111	5934.6299	90.6296	0.6296	 0.83	 0.06	191.31	 4.72	 3.27	 1.00	10.75	 1.14	324.88	294.79	302.96	275.22	304.57	0	55.04
2011	4	1	15.549	5934.6479	90.6479	0.6479	 0.95	 0.04	197.04	 2.48	 2.76	 1.00	10.72	 1.24	324.77	296.07	306.36	276.15	303.14	0	55.23
2011	4	1	15.987	5934.6660	90.6661	0.6661	 0.82	 0.05	190.79	 3.79	 2.70	 1.00	10.75	 1.12	324.58	297.01	305.46	278.07	306.41	0	55.61
2011	4	1	16.862	5934.7026	90.7026	0.7026	 0.51	 0.05	192.39	 9.10	30.80	 0.92	10.68	 0.92	324.47	298.23	306.03	281.20	307.35	0	56.24
2011	4	1	17.324	5934.7217	90.7219	0.7219	 0.62	 0.11	186.46	13.31	40.90	 0.99	10.73	 0.94	322.07	298.63	307.99	279.51	304.84	0	55.90
2011	4	1	19.980	5934.8325	90.8325	0.8325	 1.00	 0.05	190.48	 2.38	 4.35	 0.99	10.78	 1.26	324.63	293.60	303.30	277.27	 0.00	0	55.45
2011	4	1	22.211	5934.9253	90.9255	0.9255	 1.13	 0.21	195.59	 8.99	49.92	 1.00	10.73	 1.18	324.68	288.57	296.64	 0.00	294.26	0	54.00
2011	4	1	22.653	5934.9438	90.9439	0.9439	 0.93	 0.05	194.88	 3.07	 3.70	 1.00	10.88	 1.09	324.54	287.38	295.92	265.93	293.02	0	53.19
2011	4	1	23.096	5934.9624	90.9623	0.9623	 1.01	 0.12	198.44	 6.44	62.94	 0.97	10.82	 1.16	324.68	286.26	294.77	265.68	291.75	0	53.14
2011	4	2	0.005	5935.0000	91.0002	1.0002	 0.82	 0.05	189.07	 4.02	 4.24	 1.00	10.78	 1.16	321.34	284.37	292.82	264.96	 0.00	0	52.99
2011	4	2	3.567	5935.1484	91.1486	1.1486	 0.68	 0.04	186.89	 4.55	 7.77	 0.99	10.77	 1.21	323.29	278.29	281.83	 0.00	283.18	0	54.00
2011	4	2	4.483	5935.1870	91.1868	1.1868	 0.66	 0.05	186.77	 5.28	 3.81	 1.00	11.05	 1.14	323.33	278.98	282.93	265.15	285.62	0	53.03
2011	4	2	6.726	5935.2803	91.2802	1.2802	 0.66	 0.04	184.26	 4.70	 2.35	 1.00	10.82	 1.19	323.26	279.41	283.62	263.96	286.09	0	52.79
2011	4	2	7.168	5935.2988	91.2986	1.2986	 0.70	 0.05	188.42	 4.97	 0.94	 1.00	10.83	 1.25	323.14	279.39	286.17	 0.00	284.48	0	54.00
2011	4	2	8.054	5935.3354	91.3356	1.3356	 0.57	 0.05	196.49	 7.31	 2.40	 1.00	10.78	 1.14	323.23	279.33	282.91	264.38	285.80	0	52.88
2011	4	2	9.844	5935.4102	91.4102	1.4102	 0.64	 0.04	187.45	 4.68	 4.10	 1.00	10.78	 1.18	323.25	279.56	284.70	 0.00	287.55	0	54.00
2011	4	2	10.288	5935.4287	91.4287	1.4287	 0.65	 0.04	193.92	 5.05	 7.52	 0.99	10.78	 1.23	323.31	279.65	283.51	264.98	 0.00	0	53.00
2011	4	2	11.224	5935.4678	91.4677	1.4677	 0.65	 0.05	188.93	 5.44	 4.13	 1.00	10.78	 1.15	319.10	280.06	284.68	 0.00	 0.00	0	54.00
2011	4	2	14.329	5935.5972	91.5970	1.5970	 0.51	 0.05	187.46	 8.68	 6.47	 1.00	10.78	 1.15	322.41	285.86	288.62	270.22	291.29	0	54.04
2011	4	2	15.665	5935.6528	91.6527	1.6527	 0.63	 0.03	190.31	 4.25	 4.64	 0.99	10.75	 1.20	324.21	291.78	298.38	275.67	300.85	0	55.13
2011	4	2	17.879	5935.7451	91.7450	1.7450	 0.63	 0.09	188.06	10.56	35.56	 0.99	10.75	 1.04	320.40	296.31	308.67	279.40	300.47	0	55.88
2011	4	2	19.629	5935.8179	91.8179	1.8179	 0.95	 0.06	187.37	 3.58	40.20	 0.82	10.70	 1.24	322.17	295.46	305.60	 0.00	302.29	0	54.00
2011	4	2	20.535	5935.8555	91.8556	1.8556	 0.93	 0.08	179.37	 4.79	12.30	 1.00	10.83	 1.12	322.57	293.63	302.76	273.09	300.78	0	54.62
2011	4	2	20.975	5935.8740	91.8740	1.8740	 0.97	 0.07	194.53	 3.91	 1.85	 1.00	10.72	 1.21	322.89	292.59	302.44	 0.00	299.73	0	54.00
2011	4	2	21.415	5935.8921	91.8923	1.8923	 1.32	 0.07	195.86	 2.08	 0.62	 1.00	10.78	 1.21	323.07	291.21	300.04	271.72	298.52	0	54.34
2011	4	2	23.656	5935.9858	91.9856	1.9856	 0.93	 0.06	190.62	 3.54	 1.86	 1.00	10.80	 1.27	323.23	284.64	293.81	262.72	291.54	0	52.54
2011	4	3	0.569	5936.0239	92.0237	2.0237	 0.65	 0.04	185.74	 4.80	 1.53	 1.00	10.80	 1.20	323.54	282.89	290.27	 0.00	 0.00	0	54.00
2011	4	3	1.014	5936.0425	92.0422	2.0422	 0.73	 0.04	183.06	 3.93	 4.79	 1.00	10.87	 1.24	323.51	282.31	290.00	265.21	 0.00	0	53.04
2011	4	3	1.465	5936.0610	92.0610	2.0610	 0.73	 0.04	184.35	 3.61	 5.71	 0.99	10.83	 1.25	323.61	281.80	291.17	265.18	290.11	0	53.04
2011	4	3	2.834	5936.1182	92.1181	2.1181	 0.65	 0.04	191.46	 4.22	 5.75	 0.99	10.85	 1.20	320.56	280.85	288.59	265.18	286.09	0	53.04
2011	4	3	8.628	5936.3594	92.3595	2.3595	 0.84	 0.03	190.09	 2.31	 5.71	 0.97	11.07	 1.24	322.24	273.69	280.26	 0.00	 0.00	0	54.00
2011	4	3	9.551	5936.3979	92.3979	2.3980	 0.67	 0.05	193.70	 5.70	 2.81	 1.00	10.77	 1.12	322.21	275.30	277.77	262.87	280.24	0	52.57
2011	4	3	9.994	5936.4165	92.4164	2.4164	 0.75	 0.05	192.80	 4.49	 5.81	 1.00	10.77	 1.22	322.23	275.84	280.31	 0.00	282.12	0	54.00
2011	4	3	11.321	5936.4717	92.4717	2.4717	 0.69	 0.04	197.36	 4.23	 9.39	 0.98	10.95	 1.18	322.34	277.51	282.18	264.14	285.38	0	52.83
2011	4	3	12.269	5936.5112	92.5112	2.5112	 0.86	 0.08	195.01	 5.54	14.77	 0.99	10.77	 1.30	322.43	279.72	286.14	266.18	288.47	0	53.24
2011	4	3	12.710	5936.5298	92.5296	2.5296	 0.94	 0.08	190.12	 4.64	 1.80	 1.00	10.80	 1.29	322.45	281.01	286.75	266.37	290.11	0	53.27
2011	4	3	16.264	5936.6777	92.6777	2.6777	 0.90	 0.06	199.71	 3.96	11.91	 0.99	10.77	 1.27	321.44	291.56	301.21	272.87	297.64	0	54.57
2011	4	3	18.919	5936.7881	92.7883	2.7883	 0.80	 0.11	183.68	 8.53	 4.63	 1.00	10.72	 0.95	321.79	294.38	298.65	277.41	300.86	0	55.48
2011	4	3	19.799	5936.8252	92.8250	2.8250	 1.15	 0.09	194.46	 3.75	 3.31	 1.00	10.78	 1.12	321.67	293.50	304.28	 0.00	298.20	0	54.00
2011	4	3	21.593	5936.8999	92.8997	2.8997	 1.50	 0.08	200.35	 1.80	 5.48	 0.99	10.73	 1.22	321.11	289.08	300.36	269.49	296.55	0	53.90
2011	4	3	22.951	5936.9561	92.9563	2.9563	 1.37	 0.11	187.57	 3.09	 5.10	 1.00	10.82	 0.99	319.45	284.66	292.16	 0.00	293.15	0	54.00
2011	4	3	23.395	5936.9746	92.9748	2.9748	 1.18	 0.08	187.44	 2.78	 1.67	 1.00	10.83	 1.04	319.70	283.55	286.15	262.65	289.21	0	52.53
2011	4	3	23.837	5936.9932	92.9932	2.9932	 1.25	 0.06	198.26	 2.10	 5.03	 0.99	10.82	 1.26	320.87	282.61	290.24	262.25	 0.00	0	52.45
2011	4	4	0.281	5937.0117	93.0117	3.0117	 1.02	 0.06	188.54	 3.12	 7.09	 0.99	10.87	 1.20	321.82	281.82	289.48	 0.00	 0.00	0	54.00
2011	4	4	0.724	5937.0303	93.0302	3.0302	 0.75	 0.04	190.23	 3.62	 3.27	 1.00	10.77	 1.16	322.64	281.18	287.04	261.36	287.95	0	52.27
2011	4	4	1.640	5937.0684	93.0683	3.0683	 0.47	 0.04	198.29	 9.33	30.00	 0.89	10.97	 1.03	322.99	280.39	270.20	 0.00	 0.00	0	54.00
2011	4	4	2.525	5937.1050	93.1052	3.1052	 0.81	 0.03	186.28	 2.42	 4.74	 0.98	10.73	 1.28	323.10	279.86	286.94	 0.00	 0.00	0	54.00
2011	4	4	2.969	5937.1235	93.1237	3.1237	 0.71	 0.05	188.59	 4.95	 4.27	 1.00	10.87	 1.19	323.20	279.62	285.36	 0.00	287.89	0	54.00
2011	4	4	3.448	5937.1436	93.1437	3.1437	 0.81	 0.05	191.42	 3.85	 1.59	 1.00	10.80	 1.24	323.19	279.45	287.40	 0.00	284.54	0	54.00
2011	4	4	3.891	5937.1621	93.1621	3.1621	 0.83	 0.05	190.05	 3.34	12.81	 0.96	10.82	 1.29	323.20	279.28	286.76	263.15	 0.00	0	52.63
2011	4	4	4.340	5937.1807	93.1808	3.1808	 1.20	 0.15	190.47	 5.56	15.50	 1.00	10.90	 1.11	323.19	279.20	274.47	 0.00	287.32	0	54.00
2011	4	4	5.225	5937.2178	93.2177	3.2177	 0.84	 0.06	188.27	 4.19	 1.57	 1.00	10.92	 1.27	323.19	278.98	284.93	262.77	285.52	0	52.55
2011	4	4	7.942	5937.3311	93.3309	3.3309	 0.81	 0.04	189.33	 3.23	 4.21	 1.00	10.78	 1.23	319.55	278.51	284.42	262.34	284.68	0	52.47
2011	4	4	13.746	5937.5728	93.5727	3.5727	 0.89	 0.05	187.29	 3.11	 3.53	 1.00	10.73	 1.29	323.38	280.66	284.15	265.42	284.65	0	53.08
2011	4	4	14.183	5937.5908	93.5910	3.5909	 0.87	 0.05	189.49	 3.29	 5.19	 1.00	10.72	 1.27	323.13	283.31	287.99	267.59	287.23	0	53.52
2011	4	4	15.083	5937.6284	93.6284	3.6284	 0.85	 0.04	186.24	 2.86	 4.59	 0.99	10.73	 1.24	322.79	288.11	292.32	270.72	297.43	0	54.14
2011	4	4	17.295	5937.7207	93.7206	3.7206	 1.12	 0.09	190.55	 3.72	17.09	 0.99	10.72	 1.22	320.16	294.68	303.34	 0.00	302.43	0	54.00
2011	4	4	17.732	5937.7388	93.7388	3.7388	 0.77	 0.06	190.49	 4.78	 7.68	 1.00	10.73	 1.01	319.47	295.18	303.00	280.71	302.90	0	56.14
2011	4	4	18.169	5937.7568	93.7570	3.7570	 0.74	 0.07	188.14	 6.19	 7.16	 1.00	10.75	 0.93	319.17	295.51	304.84	281.47	300.68	0	56.29
2011	4	4	19.073	5937.7949	93.7947	3.7947	 1.04	 0.05	194.60	 2.35	 4.52	 0.99	10.75	 1.14	321.54	295.52	305.66	279.92	300.04	0	55.98
2011	4	4	19.952	5937.8315	93.8314	3.8314	 1.20	 0.10	192.15	 3.67	 5.16	 1.00	10.75	 1.20	321.82	294.50	305.32	276.53	301.49	0	55.31
2011	4	4	20.831	5937.8682	93.8679	3.8679	 1.14	 0.06	193.62	 2.67	 6.80	 0.99	10.72	 1.18	321.20	292.50	303.40	272.17	297.95	0	54.43
2011	4	4	21.736	5937.9058	93.9057	3.9057	 1.33	 0.48	195.84	14.69	52.14	 1.00	10.85	 1.28	318.86	289.34	294.95	266.08	296.86	0	53.22
2011	4	4	23.062	5937.9609	93.9609	3.9609	 1.07	 0.06	194.29	 2.62	 4.85	 1.00	10.77	 1.26	321.03	285.24	293.73	 0.00	293.20	0	54.00
2011	4	4	23.532	5937.9805	93.9805	3.9805	 1.20	 0.06	192.63	 2.20	 3.05	 1.00	10.80	 1.16	319.22	283.99	291.68	262.84	289.62	0	52.57
2011	4	5	4.886	5938.2036	94.2036	4.2036	 0.84	 0.05	193.78	 3.83	 3.08	 1.00	10.98	 1.15	324.66	273.82	277.83	265.00	281.22	0	53.00
2011	4	5	5.332	5938.2222	94.2222	4.2222	 0.87	 0.05	192.57	 3.68	 1.61	 1.00	10.72	 1.20	324.90	275.14	278.53	 0.00	281.62	0	54.00
2011	4	5	6.246	5938.2603	94.2602	4.2602	 0.87	 0.04	192.23	 3.01	 3.88	 1.00	10.93	 1.15	325.01	276.98	280.34	265.00	285.33	0	53.00
2011	4	5	7.576	5938.3154	94.3157	4.3157	 1.00	 0.04	199.31	 2.24	 2.04	 1.00	10.78	 1.30	324.95	278.63	287.11	265.00	285.29	0	53.00
2011	4	5	9.826	5938.4097	94.4094	4.4094	 0.93	 0.04	194.28	 2.36	 2.37	 1.00	11.12	 1.24	324.63	279.81	287.67	264.91	 0.00	0	52.98
2011	4	5	12.066	5938.5029	94.5028	4.5028	 0.86	 0.03	196.83	 2.47	 6.50	 0.97	10.70	 1.23	323.84	282.38	287.70	266.23	289.02	0	53.25
2011	4	5	12.505	5938.5210	94.5210	4.5211	 0.90	 0.05	192.17	 3.23	 0.40	 1.00	10.78	 1.27	323.23	283.74	287.83	268.54	290.65	0	53.71
2011	4	5	13.443	5938.5601	94.5601	4.5601	 0.85	 0.05	192.45	 3.26	 6.41	 0.99	10.77	 1.20	321.91	287.30	292.87	271.35	294.27	0	54.27
2011	4	5	14.318	5938.5967	94.5966	4.5966	 0.83	 0.07	200.28	 5.23	 6.79	 1.00	10.73	 1.14	320.60	290.59	299.47	273.60	295.48	0	54.72
2011	4	5	14.755	5938.6147	94.6148	4.6148	 0.76	 0.05	192.63	 4.48	 6.88	 1.00	10.72	 1.06	319.21	291.86	300.60	272.76	298.66	0	54.55
2011	4	5	15.217	5938.6343	94.6340	4.6340	 0.94	 0.04	189.65	 2.49	 4.40	 0.99	10.75	 1.20	320.24	293.38	302.85	275.57	300.07	0	55.11
2011	4	5	16.966	5938.7070	94.7069	4.7069	 0.83	 0.09	172.50	 5.88	10.70	 1.00	10.75	 0.87	317.80	297.47	305.31	285.72	302.99	0	57.14
2011	4	5	17.427	5938.7261	94.7261	4.7261	 0.85	 0.05	202.83	 3.39	 6.82	 0.99	10.77	 1.19	315.56	297.83	308.55	285.02	302.65	0	57.00
2011	4	5	18.302	5938.7627	94.7626	4.7626	 0.99	 0.06	196.02	 3.11	23.73	 0.91	10.72	 1.01	315.32	298.15	310.03	287.90	303.60	0	57.58
2011	4	6	0.093	5939.0039	95.0039	5.0039	 1.09	 0.07	201.08	 3.33	 2.66	 1.00	10.88	 1.14	317.12	283.61	291.47	265.44	 0.00	0	53.09
2011	4	6	0.538	5939.0225	95.0224	5.0224	 1.17	 0.05	199.51	 1.84	 2.59	 1.00	10.82	 1.22	317.55	283.25	290.31	265.18	289.01	0	53.04
2011	4	6	0.985	5939.0410	95.0411	5.0411	 1.09	 0.06	197.99	 2.64	 3.83	 1.00	10.83	 1.20	317.40	282.83	289.27	 0.00	291.58	0	54.00
2011	4	6	1.867	5939.0776	95.0778	5.0778	 1.69	 0.13	206.54	 2.53	 1.36	 1.00	10.73	 1.23	317.45	282.50	289.25	266.43	291.31	0	53.29
2011	4	6	3.221	5939.1343	95.1342	5.1342	 1.66	 0.08	207.37	 1.67	 3.14	 1.00	10.82	 1.27	317.17	281.79	291.35	265.18	287.63	0	53.04
2011	4	6	3.665	5939.1528	95.1527	5.1527	 1.60	 0.08	204.07	 1.74	 5.02	 0.99	11.03	 1.22	321.49	281.48	287.88	265.23	288.79	0	53.05
2011	4	6	5.021	5939.2090	95.2092	5.2092	 1.63	 0.08	203.39	 1.60	 1.79	 1.00	10.82	 1.26	322.11	280.97	285.46	265.07	 0.00	0	53.01
2011	4	6	6.827	5939.2847	95.2845	5.2845	 1.77	 0.10	205.69	 1.70	 4.53	 0.99	10.87	 1.24	322.54	281.01	286.72	265.02	289.16	0	53.00
2011	4	6	9.066	5939.3779	95.3777	5.3777	 2.40	 0.19	208.38	 1.52	 2.14	 1.00	10.88	 1.20	322.58	280.75	287.49	 0.00	288.71	0	54.00
2011	4	6	9.510	5939.3960	95.3962	5.3962	 2.76	 0.30	202.92	 1.57	 1.52	 1.00	10.90	 1.21	322.68	280.68	284.14	265.16	288.59	0	53.03
2011	4	6	9.955	5939.4146	95.4148	5.4148	 2.83	 0.28	209.36	 1.44	 2.21	 1.00	10.80	 1.28	322.52	280.59	286.96	265.12	288.47	0	53.02
2011	4	6	12.189	5939.5078	95.5079	5.5079	 2.45	 0.21	205.05	 1.61	 1.07	 1.00	10.77	 1.16	322.69	283.10	285.79	267.18	 0.00	0	53.44
2011	4	6	12.631	5939.5264	95.5263	5.5263	 2.48	 0.24	207.98	 1.75	 2.48	 1.00	10.73	 1.26	322.74	284.41	289.25	269.76	288.87	0	53.95
2011	4	6	13.570	5939.5654	95.5654	5.5654	 2.97	 0.31	207.49	 1.35	 4.89	 0.99	10.87	 1.17	322.99	287.99	293.29	271.83	292.51	0	54.37
2011	4	6	14.446	5939.6021	95.6019	5.6019	 3.05	 0.40	209.98	 1.61	 0.53	 1.00	10.72	 1.27	319.82	291.02	297.65	274.29	297.96	0	54.86
2011	4	6	14.883	5939.6201	95.6201	5.6201	 2.51	 0.23	204.13	 1.63	 2.15	 1.00	10.73	 1.05	320.67	292.32	297.71	275.31	296.39	0	55.06
2011	4	6	15.783	5939.6577	95.6576	5.6576	 3.13	 0.33	207.48	 1.21	 0.97	 1.00	10.77	 1.19	319.09	294.21	302.01	277.37	301.06	0	55.47
2011	4	7	0.201	5940.0083	96.0084	6.0084	 3.26	 0.45	208.72	 1.45	 1.34	 1.00	10.77	 1.28	318.31	284.35	292.40	265.39	292.39	0	53.08
2011	4	7	0.670	5940.0278	96.0279	6.0279	 3.43	 0.54	210.33	 1.45	 1.60	 1.00	10.77	 1.21	318.27	283.89	293.53	 0.00	289.29	0	54.00
2011	4	7	1.111	5940.0464	96.0463	6.0463	 2.96	 0.37	207.09	 1.61	 2.50	 1.00	10.72	 1.20	318.22	283.75	290.28	265.18	292.34	0	53.04
2011	4	7	1.555	5940.0649	96.0648	6.0648	 3.67	 1.07	200.27	 2.14	 3.42	 1.00	10.90	 1.06	318.18	283.64	288.39	265.17	292.24	0	53.03
2011	4	7	1.998	5940.0835	96.0833	6.0833	 4.27	 1.11	201.34	 1.20	 4.29	 0.99	10.80	 1.13	318.20	283.64	288.26	 0.00	290.59	0	54.00
2011	4	7	2.440	5940.1016	96.1017	6.1017	 3.76	 0.84	210.60	 1.61	 1.77	 1.00	10.98	 1.26	318.45	283.75	291.60	 0.00	292.25	0	54.00
2011	4	7	3.354	5940.1396	96.1398	6.1398	 3.55	 0.61	209.05	 1.45	 4.06	 1.00	10.82	 1.27	318.22	283.86	289.72	265.18	290.94	0	53.04
2011	4	7	3.793	5940.1582	96.1581	6.1581	 3.12	 0.56	205.41	 2.03	 2.57	 1.00	10.72	 1.10	318.30	284.11	289.50	265.21	289.47	0	53.04
2011	4	7	4.236	5940.1763	96.1765	6.1765	 3.99	 0.79	208.77	 1.18	 1.56	 1.00	10.82	 1.20	318.28	284.19	292.13	265.27	289.58	0	53.05
2011	4	7	4.675	5940.1948	96.1948	6.1948	 3.74	 0.61	208.40	 1.17	 1.83	 1.00	10.75	 1.20	318.24	284.24	291.56	265.30	291.25	0	53.06
2011	4	7	5.577	5940.2324	96.2324	6.2324	 3.10	 0.29	209.01	 1.12	 5.61	 0.97	10.70	 1.26	318.24	283.96	292.14	265.37	289.41	0	53.07
2011	4	7	6.020	5940.2510	96.2508	6.2508	 3.28	 0.42	205.21	 1.30	 3.69	 0.99	10.78	 1.24	318.25	283.83	291.19	 0.00	290.78	0	54.00
2011	4	7	6.463	5940.2690	96.2693	6.2693	 3.51	 0.58	207.41	 1.43	 5.32	 0.99	10.80	 1.21	318.27	283.67	291.70	265.27	292.18	0	53.05
2011	4	7	7.372	5940.3071	96.3072	6.3072	 5.40	 3.64	204.24	 1.27	 5.05	 0.99	10.80	 1.16	318.11	283.49	290.31	 0.00	288.86	0	54.00
2011	4	7	7.813	5940.3257	96.3255	6.3255	 2.77	 0.36	206.75	 1.89	 3.34	 1.00	10.80	 1.24	318.15	283.32	289.95	 0.00	 0.00	0	54.00
2011	4	7	8.699	5940.3623	96.3625	6.3625	 3.83	 0.75	205.34	 1.30	 8.52	 0.97	10.93	 1.15	318.14	282.92	290.50	265.25	289.59	0	53.05
2011	4	7	9.145	5940.3809	96.3811	6.3811	 3.92	 0.77	203.85	 1.21	 1.95	 1.00	10.83	 1.17	317.98	282.63	288.85	265.29	289.42	0	53.06
2011	4	7	9.615	5940.4004	96.4006	6.4006	 3.66	 0.71	208.67	 1.49	 1.36	 1.00	10.82	 1.26	318.00	282.38	290.20	265.27	287.64	0	53.05
2011	4	7	10.499	5940.4375	96.4375	6.4375	 3.54	 0.46	207.88	 1.09	 2.74	 0.99	10.80	 1.25	317.81	282.22	288.66	264.70	287.42	0	52.94
2011	4	7	10.943	5940.4561	96.4560	6.4560	 3.81	 0.75	207.43	 1.33	 2.87	 1.00	10.80	 1.24	317.65	282.14	289.10	265.22	288.79	0	53.04
2011	4	7	11.386	5940.4746	96.4744	6.4744	 2.85	 0.34	205.06	 1.63	 4.57	 1.00	10.83	 1.16	317.61	282.38	287.77	265.15	290.66	0	53.03
2011	4	7	11.856	5940.4941	96.4940	6.4940	 4.81	 1.79	207.36	 1.15	 3.95	 0.99	10.82	 1.23	317.58	282.94	288.59	265.32	289.69	0	53.06
2011	4	7	12.300	5940.5127	96.5125	6.5125	 3.16	 0.39	207.76	 1.38	 1.23	 1.00	10.75	 1.25	317.70	283.71	289.74	266.43	292.42	0	53.29
2011	4	7	12.741	5940.5308	96.5309	6.5309	 3.32	 0.52	206.26	 1.52	 3.24	 1.00	10.72	 1.18	317.97	284.94	291.59	270.91	291.90	0	54.18
2011	4	7	13.619	5940.5674	96.5675	6.5675	 4.41	 1.25	204.97	 1.20	 0.93	 1.00	10.72	 1.17	317.56	287.56	294.19	273.16	294.87	0	54.63
2011	4	7	14.116	5940.5884	96.5882	6.5882	 3.14	 0.57	200.15	 1.98	 7.42	 1.00	10.77	 0.96	315.46	289.34	295.85	 0.00	296.20	0	54.00
2011	4	7	14.554	5940.6064	96.6064	6.6064	 2.88	 0.45	210.03	 2.16	 3.19	 1.00	10.73	 1.11	316.07	290.91	301.06	273.10	 0.00	0	54.62
2011	4	7	22.523	5940.9385	96.9385	6.9385	 3.37	 0.47	207.33	 1.32	 0.89	 1.00	10.75	 1.21	316.00	286.60	294.38	265.55	294.76	0	53.11
2011	4	7	22.988	5940.9580	96.9578	6.9578	 3.04	 0.28	207.99	 1.12	 1.82	 1.00	10.83	 1.20	316.24	286.12	293.29	 0.00	291.87	0	54.00
2011	4	7	23.430	5940.9761	96.9763	6.9763	 2.82	 0.27	205.07	 1.33	 7.31	 0.98	10.82	 1.18	316.18	285.65	293.94	265.43	 0.00	0	53.09
2011	4	8	0.315	5941.0132	97.0131	7.0131	 2.20	 0.15	203.75	 1.54	 1.19	 1.00	10.82	 1.17	319.59	284.30	291.43	265.54	292.45	0	53.11
2011	4	8	1.222	5941.0508	97.0509	7.0509	 2.60	 0.21	208.43	 1.36	 2.28	 1.00	10.73	 1.25	319.39	283.17	291.43	 0.00	 0.00	0	54.00
2011	4	8	2.553	5941.1064	97.1064	7.1064	 2.29	 0.18	207.61	 1.61	 6.33	 0.99	11.00	 1.26	319.37	282.04	290.31	265.27	288.93	0	53.05
2011	4	8	3.462	5941.1440	97.1443	7.1443	 2.10	 0.17	203.07	 1.93	 3.12	 1.00	10.80	 1.15	319.01	281.41	287.08	 0.00	286.79	0	54.00
2011	4	8	3.904	5941.1626	97.1627	7.1627	 2.22	 0.16	207.22	 1.55	 2.42	 1.00	10.73	 1.24	318.16	281.04	288.59	262.77	287.75	0	52.55
2011	4	8	4.346	5941.1812	97.1811	7.1811	 2.55	 0.27	206.03	 1.85	 1.96	 1.00	10.78	 1.28	318.57	280.69	286.83	262.34	 0.00	0	52.47
2011	4	8	5.229	5941.2178	97.2179	7.2179	 1.99	 0.11	208.23	 1.45	 2.41	 1.00	10.73	 1.23	321.24	280.16	287.32	261.67	287.61	0	52.33
2011	4	8	6.139	5941.2559	97.2558	7.2558	 1.21	 0.05	202.60	 2.05	 4.30	 0.99	10.78	 1.20	322.41	279.80	284.75	 0.00	287.49	0	54.00
2011	4	8	6.584	5941.2744	97.2743	7.2743	 1.48	 0.08	204.88	 1.97	 2.37	 1.00	10.87	 1.20	322.73	279.69	286.55	263.44	287.51	0	52.69
2011	4	8	7.033	5941.2930	97.2931	7.2931	 1.80	 0.09	207.06	 1.52	 1.39	 1.00	10.80	 1.27	322.82	279.81	285.81	263.55	284.66	0	52.71
2011	4	8	7.947	5941.3311	97.3311	7.3311	 2.04	 0.12	206.94	 1.50	 2.36	 1.00	10.80	 1.22	322.71	279.88	286.65	263.67	287.73	0	52.73
2011	4	8	8.833	5941.3682	97.3680	7.3680	 1.89	 0.08	202.35	 1.21	 2.82	 0.99	10.82	 1.27	322.85	279.90	284.70	 0.00	284.84	0	54.00
2011	4	8	9.273	5941.3862	97.3864	7.3864	 1.79	 0.11	194.46	 1.78	 4.36	 1.00	10.77	 1.11	322.89	279.89	281.36	 0.00	286.23	0	54.00
2011	4	8	11.516	5941.4800	97.4798	7.4798	 2.58	 0.44	203.80	 2.84	 6.22	 1.00	10.90	 1.27	322.77	280.88	286.07	 0.00	287.04	0	54.00
2011	4	8	13.311	5941.5547	97.5546	7.5546	 2.19	 0.18	206.50	 1.80	 3.63	 1.00	10.87	 1.22	322.81	284.51	289.10	265.52	 0.00	0	53.10
2011	4	8	15.581	5941.6494	97.6492	7.6492	 2.62	 0.31	208.11	 1.95	 2.84	 1.00	10.80	 1.23	320.86	289.92	296.40	274.75	296.45	0	54.95
2011	4	8	16.021	5941.6675	97.6675	7.6675	 3.35	 0.41	201.00	 1.15	 2.76	 1.00	10.72	 1.02	322.01	291.30	295.71	277.02	298.04	0	55.40
2011	4	8	16.459	5941.6860	97.6858	7.6858	 3.17	 0.36	217.18	 1.31	 2.04	 1.00	10.73	 1.30	322.32	292.26	303.03	276.89	299.23	0	55.38
2011	4	8	18.671	5941.7778	97.7780	7.7780	 3.73	 0.61	208.92	 1.19	 8.47	 0.95	10.73	 1.20	316.37	296.57	306.03	287.24	301.72	0	57.45
2011	4	11	4.588	5944.1914	100.1912	10.1912	 2.85	 0.69	196.63	 3.22	16.81	 1.00	10.82	 1.24	315.50	279.90	287.87	263.03	286.12	0	52.61
2011	4	11	5.493	5944.2290	100.2289	10.2289	 3.60	 1.26	194.35	 2.64	26.01	 0.98	10.80	 1.25	316.74	279.56	285.63	263.00	286.09	0	52.60
2011	4	11	6.377	5944.2656	100.2657	10.2657	 2.00	 0.20	203.03	 2.55	 7.96	 1.00	10.75	 1.29	316.70	279.32	287.49	262.52	 0.00	0	52.50
2011	4	11	10.821	5944.4507	100.4509	10.4509	 0.56	 0.05	181.00	 6.54	20.12	 0.94	10.80	 1.06	318.24	274.51	280.18	258.32	280.68	0	51.66
2011	4	11	11.260	5944.4692	100.4692	10.4692	 0.56	 0.06	186.08	 8.17	12.50	 0.99	10.75	 1.15	318.29	274.94	281.23	258.51	279.32	0	51.70
2011	4	11	11.723	5944.4883	100.4885	10.4885	 0.77	 0.09	172.32	 6.88	32.76	 0.98	10.77	 1.22	318.39	275.59	282.55	258.06	280.14	0	51.61
2011	4	11	12.609	5944.5254	100.5254	10.5254	 0.60	 0.05	188.94	 6.13	12.07	 0.98	10.75	 1.27	318.63	277.82	284.00	259.10	286.10	0	51.82
2011	4	11	13.052	5944.5439	100.5438	10.5438	 0.55	 0.04	186.33	 6.43	 5.93	 0.99	10.73	 1.18	318.82	279.04	284.52	259.65	285.07	0	51.93
2011	4	11	13.954	5944.5815	100.5814	10.5814	 0.68	 0.04	186.15	 3.85	 0.91	 1.00	10.75	 1.28	319.38	282.41	291.06	262.32	289.06	0	52.46
2011	4	11	15.270	5944.6362	100.6363	10.6363	 0.52	 0.05	191.32	 8.90	29.58	 0.94	10.72	 1.07	319.48	286.65	291.17	266.07	290.56	0	53.21
2011	4	11	16.206	5944.6753	100.6752	10.6752	 0.63	 0.08	190.96	 9.37	 6.02	 1.00	10.75	 1.01	316.80	288.67	296.19	266.34	295.11	0	53.27
2011	4	11	20.653	5944.8604	100.8605	10.8605	 1.45	 0.16	194.89	 4.16	25.77	 0.99	10.80	 1.21	319.16	286.56	290.91	266.47	293.88	0	53.29
2011	4	11	21.532	5944.8970	100.8972	10.8972	 1.48	 0.14	194.37	 3.26	 8.72	 1.00	10.73	 1.10	318.86	285.07	293.37	265.76	292.89	0	53.15
2011	4	11	22.888	5944.9536	100.9537	10.9537	 1.30	 0.15	186.34	 4.46	47.89	 0.97	10.80	 1.07	318.97	282.81	288.20	263.77	288.45	0	52.75
2011	4	11	23.766	5944.9902	100.9903	10.9903	 1.20	 0.10	193.42	 3.57	 2.80	 1.00	10.87	 1.14	319.00	282.19	289.09	264.00	290.77	0	52.80
2011	4	12	0.649	5945.0269	101.0271	11.0271	 0.91	 0.07	186.87	 4.49	 8.96	 1.00	10.82	 1.24	319.15	281.36	290.46	262.80	289.83	0	52.56
2011	4	12	1.561	5945.0649	101.0650	11.0650	 0.79	 0.05	196.36	 4.19	 1.62	 1.00	10.93	 1.23	319.21	280.92	289.48	 0.00	 0.00	0	54.00
2011	4	12	2.004	5945.0835	101.0835	11.0835	 0.84	 0.04	190.29	 2.58	 3.36	 0.99	10.80	 1.20	319.18	280.68	287.61	 0.00	289.46	0	54.00
2011	4	12	2.442	5945.1016	101.1018	11.1018	 0.91	 0.04	195.05	 2.30	11.17	 0.90	10.78	 1.23	319.17	280.35	290.32	263.48	287.63	0	52.70
2011	4	12	2.884	5945.1201	101.1202	11.1202	 1.06	 0.04	187.65	 1.74	 3.98	 0.98	10.83	 1.28	319.29	279.99	287.76	262.27	285.58	0	52.45
2011	4	12	3.355	5945.1396	101.1398	11.1398	 0.85	 0.05	191.61	 3.42	 3.90	 1.00	10.77	 1.14	319.29	279.58	285.95	262.36	 0.00	0	52.47
2011	4	12	4.244	5945.1768	101.1768	11.1768	 0.90	 0.06	192.05	 3.61	 3.42	 1.00	10.77	 1.23	319.36	279.02	285.32	262.67	286.11	0	52.53
2011	4	12	5.592	5945.2329	101.2330	11.2330	 1.07	 0.04	199.42	 2.03	 3.69	 0.99	10.75	 1.22	316.27	278.37	285.16	262.00	286.09	0	52.40
2011	4	12	8.255	5945.3437	101.3439	11.3439	 1.06	 0.08	202.55	 3.94	 0.70	 1.00	10.95	 1.11	316.34	273.73	284.82	261.66	279.21	0	52.33
2011	4	12	10.057	5945.4189	101.4191	11.4191	 1.05	 0.07	197.64	 3.52	 9.06	 1.00	10.77	 1.12	319.92	275.96	281.48	262.34	284.30	0	52.47
2011	4	12	10.941	5945.4561	101.4559	11.4559	 1.13	 0.07	196.92	 2.87	 2.47	 1.00	10.73	 1.22	319.99	276.85	282.46	 0.00	281.91	0	54.00
2011	4	12	11.380	5945.4741	101.4742	11.4742	 1.05	 0.09	196.51	 4.21	 2.64	 1.00	10.77	 1.17	320.04	277.66	282.43	264.94	 0.00	0	52.99
2011	4	12	12.726	5945.5303	101.5303	11.5303	 1.09	 0.04	196.03	 1.91	 0.82	 1.00	10.73	 1.23	320.46	281.49	286.80	265.80	288.53	0	53.16
2011	4	12	13.165	5945.5483	101.5485	11.5485	 1.06	 0.06	197.21	 3.01	 2.11	 1.00	10.72	 1.23	320.25	282.81	289.81	266.04	292.83	0	53.21
2011	4	12	13.602	5945.5669	101.5668	11.5668	 0.98	 0.05	198.71	 2.56	 9.04	 0.97	10.75	 1.17	319.84	284.34	291.87	266.51	288.91	0	53.30
2011	4	12	14.042	5945.5850	101.5851	11.5851	 1.03	 0.05	193.48	 2.61	 4.23	 1.00	10.75	 1.19	319.32	285.82	291.99	265.94	292.92	0	53.19
2011	4	12	14.506	5945.6045	101.6044	11.6044	 0.95	 0.07	194.29	 4.24	 8.65	 1.00	10.75	 1.10	318.82	287.01	292.93	265.93	296.77	0	53.19
2011	4	12	15.386	5945.6411	101.6411	11.6411	 1.09	 0.07	198.53	 3.06	 3.23	 1.00	10.82	 1.28	318.02	289.32	297.81	266.04	298.57	0	53.21
2011	4	12	16.761	5945.6982	101.6984	11.6984	 1.13	 0.08	199.48	 3.54	 3.91	 1.00	10.77	 1.24	317.14	291.65	301.89	272.81	300.53	0	54.56
2011	4	12	17.642	5945.7349	101.7351	11.7351	 1.18	 0.08	203.98	 3.22	 3.95	 1.00	10.77	 1.27	317.71	292.61	302.98	271.64	296.35	0	54.33
2011	4	12	19.874	5945.8281	101.8281	11.8281	 1.24	 0.11	195.61	 3.74	12.64	 1.00	10.78	 1.10	318.65	290.82	297.88	270.02	295.16	0	54.00
2011	4	12	23.473	5945.9780	101.9780	11.9780	 1.38	 0.08	193.44	 2.31	 0.85	 1.00	10.77	 1.06	318.70	281.61	286.41	 0.00	288.48	0	54.00
2011	4	12	23.917	5945.9966	101.9966	11.9966	 1.37	 0.04	203.41	 1.23	 8.75	 0.84	10.92	 1.18	318.72	280.83	289.63	261.17	287.74	0	52.23
2011	4	13	0.804	5946.0337	102.0335	12.0335	 1.37	 0.09	200.99	 2.48	 5.31	 1.00	10.85	 1.23	319.16	279.79	287.41	261.76	 0.00	0	52.35
2011	4	13	1.244	5946.0518	102.0518	12.0519	 1.25	 0.07	197.74	 2.28	 3.69	 1.00	10.73	 1.15	319.16	279.40	285.87	261.20	286.19	0	52.24
2011	4	13	1.711	5946.0713	102.0713	12.0713	 1.42	 0.13	197.95	 3.54	 4.67	 1.00	10.77	 1.24	319.22	279.03	285.17	 0.00	 0.00	0	54.00
2011	4	13	6.193	5946.2578	102.2580	12.2580	 1.03	 0.04	194.23	 2.13	 5.93	 0.98	10.75	 1.24	316.04	277.42	285.87	 0.00	283.85	0	54.00
2011	4	13	9.750	5946.4062	102.4062	12.4062	 0.82	 0.06	190.32	 4.23	 8.31	 0.99	10.85	 1.15	323.49	273.50	279.41	260.52	280.94	0	52.10
2011	4	13	11.993	5946.4995	102.4997	12.4997	 0.76	 0.06	183.58	 4.71	 1.82	 1.00	10.73	 1.19	323.63	277.71	278.91	 0.00	283.86	0	54.00
2011	4	13	13.333	5946.5557	102.5556	12.5556	 0.89	 0.06	190.11	 3.61	 1.09	 1.00	10.73	 1.29	323.42	282.14	288.75	266.47	285.97	0	53.29
2011	4	13	14.212	5946.5923	102.5922	12.5922	 0.87	 0.05	183.15	 3.52	 3.33	 1.00	10.73	 1.17	322.71	285.57	289.97	265.86	292.04	0	53.17
2011	4	13	14.650	5946.6104	102.6104	12.6104	 0.64	 0.04	190.88	 4.80	12.56	 0.96	10.73	 1.08	322.20	287.07	291.44	266.19	293.67	0	53.24
2011	4	13	15.113	5946.6299	102.6297	12.6297	 0.85	 0.05	184.43	 3.46	 2.25	 1.00	10.77	 1.27	320.82	288.54	295.20	265.89	294.52	0	53.18
2011	4	13	15.991	5946.6665	102.6663	12.6663	 0.76	 0.04	185.78	 3.30	 1.58	 1.00	10.73	 1.24	318.18	290.35	299.07	269.17	296.22	0	53.83
2011	4	13	16.428	5946.6846	102.6845	12.6845	 0.84	 0.05	181.13	 3.60	 4.13	 1.00	10.73	 1.23	317.25	291.09	300.44	 0.00	296.84	0	54.00
2011	4	13	16.867	5946.7026	102.7028	12.7028	 0.73	 0.05	169.40	 4.34	 2.83	 1.00	10.80	 1.06	318.10	291.96	296.55	274.50	295.49	0	54.90
2011	4	13	18.681	5946.7783	102.7784	12.7784	 1.02	 0.08	195.23	 4.01	 0.97	 1.00	10.72	 1.29	318.67	292.72	302.84	270.91	298.78	0	54.18
2011	4	13	20.032	5946.8345	102.8347	12.8347	 0.94	 0.07	192.86	 3.87	 3.69	 1.00	10.78	 1.22	318.73	290.58	300.74	 0.00	297.03	0	54.00
2011	4	13	20.474	5946.8530	102.8531	12.8531	 0.75	 0.05	187.10	 4.59	 4.95	 1.00	10.77	 1.09	318.92	289.56	297.29	265.74	295.94	0	53.15
2011	4	13	20.914	5946.8716	102.8714	12.8714	 1.07	 0.07	184.26	 3.09	 3.45	 1.00	10.75	 1.26	319.58	288.35	296.94	266.32	296.76	0	53.26
2011	4	13	22.262	5946.9277	102.9276	12.9276	 0.79	 0.08	182.86	 6.12	 5.02	 1.00	10.77	 1.13	319.08	283.96	289.34	 0.00	292.28	0	54.00
2011	4	13	23.591	5946.9829	102.9829	12.9829	 1.00	 0.05	192.25	 2.39	 3.62	 1.00	11.05	 1.30	321.75	280.93	289.86	260.93	285.97	0	52.19
2011	4	14	0.940	5947.0391	103.0392	13.0392	 0.90	 0.04	190.38	 2.75	 2.77	 1.00	10.75	 1.28	322.01	279.87	286.92	265.21	 0.00	0	53.04
2011	4	14	1.381	5947.0576	103.0575	13.0575	 0.84	 0.05	187.94	 3.52	 1.53	 1.00	10.73	 1.23	322.00	279.89	284.49	265.22	286.53	0	53.04
2011	4	14	2.300	5947.0957	103.0958	13.0958	 0.78	 0.04	191.39	 3.62	 2.13	 1.00	10.88	 1.18	322.08	279.72	286.58	 0.00	286.51	0	54.00
2011	4	14	2.744	5947.1143	103.1143	13.1143	 0.82	 0.05	192.46	 3.92	 2.51	 1.00	10.90	 1.25	322.02	279.68	285.97	265.26	288.06	0	53.05
2011	4	14	3.186	5947.1328	103.1328	13.1328	 0.83	 0.03	190.66	 2.49	 1.83	 1.00	10.73	 1.26	321.98	279.62	286.09	265.26	287.99	0	53.05
2011	4	14	4.075	5947.1699	103.1698	13.1698	 0.78	 0.05	192.22	 4.22	 2.90	 1.00	10.97	 1.25	321.99	279.46	285.02	264.90	284.58	0	52.98
2011	4	14	4.987	5947.2080	103.2078	13.2078	 0.63	 0.04	195.82	 4.88	 8.12	 0.98	10.87	 1.12	321.94	279.51	284.56	265.16	 0.00	0	53.03
2011	4	14	6.315	5947.2632	103.2631	13.2631	 0.67	 0.05	193.99	 5.22	 9.17	 0.99	10.90	 1.15	322.06	279.37	286.52	264.77	284.59	0	52.95
2011	4	14	6.786	5947.2827	103.2828	13.2828	 0.80	 0.05	186.58	 3.85	 3.45	 1.00	10.80	 1.16	318.67	279.14	286.34	264.53	284.46	0	52.91
2011	4	14	13.911	5947.5796	103.5796	13.5796	 0.86	 0.04	193.82	 2.86	 2.94	 1.00	10.73	 1.26	323.32	279.52	285.63	272.14	286.28	0	54.43
2011	4	14	14.786	5947.6162	103.6161	13.6161	 0.85	 0.06	196.47	 4.00	 1.98	 1.00	10.73	 1.22	321.68	285.54	289.75	274.29	292.63	0	54.86
2011	4	14	15.223	5947.6343	103.6343	13.6343	 0.88	 0.04	194.83	 2.73	 1.97	 1.00	10.73	 1.16	318.40	288.20	293.07	276.21	293.88	0	55.24
2011	4	14	16.562	5947.6899	103.6901	13.6901	 1.28	 0.08	196.50	 2.54	 7.88	 0.99	10.73	 1.15	322.09	293.79	301.50	287.47	299.40	0	57.49
2011	4	14	16.999	5947.7085	103.7083	13.7083	 1.19	 0.07	198.87	 2.66	 7.09	 0.99	10.73	 1.11	322.15	295.22	302.53	288.90	300.77	0	57.78
2011	4	14	17.940	5947.7476	103.7475	13.7475	 1.23	 0.09	195.27	 3.15	12.84	 0.99	10.75	 1.06	319.23	296.63	305.44	281.80	301.03	0	56.36
2011	4	14	22.814	5947.9507	103.9506	13.9506	 0.70	 0.03	196.79	 3.12	 4.27	 0.99	10.92	 1.16	321.46	280.70	288.33	265.83	 0.00	0	53.17
2011	4	14	23.261	5947.9692	103.9692	13.9692	 0.78	 0.03	196.33	 2.89	 2.66	 1.00	10.82	 1.26	325.13	280.69	286.87	265.47	286.90	0	53.09
2011	4	14	23.704	5947.9878	103.9877	13.9877	 0.83	 0.06	195.33	 4.27	 1.83	 1.00	10.80	 1.23	325.29	280.80	287.79	265.33	287.22	0	53.07
2011	4	15	0.145	5948.0059	104.0061	14.0061	 1.00	 0.04	195.69	 2.17	 6.16	 0.98	10.70	 1.28	325.33	280.99	285.97	 0.00	285.94	0	54.00
2011	4	15	0.614	5948.0254	104.0256	14.0256	 0.97	 0.05	196.50	 2.65	 6.30	 0.99	11.00	 1.26	325.47	281.15	286.91	 0.00	 0.00	0	54.00
2011	4	15	1.499	5948.0625	104.0625	14.0625	 1.05	 0.05	197.10	 2.68	 2.57	 1.00	10.82	 1.27	325.31	281.51	286.26	265.11	289.67	0	53.02
2011	4	15	1.945	5948.0811	104.0810	14.0810	 1.11	 0.06	200.26	 2.64	 0.84	 1.00	10.77	 1.21	325.34	281.67	286.64	265.09	289.86	0	53.02
2011	4	15	2.392	5948.0996	104.0997	14.0997	 1.23	 0.06	200.01	 2.26	 2.32	 1.00	10.90	 1.23	325.29	281.64	286.57	265.22	288.25	0	53.04
2011	4	15	5.533	5948.2305	104.2305	14.2305	 0.42	 0.05	217.00	14.58	12.96	 0.99	10.80	 1.00	319.55	276.72	282.36	265.02	282.71	0	53.00
2011	4	15	5.974	5948.2490	104.2489	14.2489	 0.74	 0.04	188.36	 3.37	 1.57	 1.00	10.80	 1.19	323.13	277.42	281.41	265.05	282.50	0	53.01
2011	4	15	6.420	5948.2676	104.2675	14.2675	 0.76	 0.05	192.86	 4.03	 3.45	 1.00	10.83	 1.21	323.06	277.95	283.51	265.08	286.00	0	53.02
2011	4	15	8.220	5948.3423	104.3425	14.3425	 0.71	 0.05	191.61	 4.69	 2.49	 1.00	10.72	 1.24	323.17	279.09	285.20	265.05	285.73	0	53.01
2011	4	15	9.574	5948.3989	104.3989	14.3989	 0.63	 0.04	189.28	 4.51	 4.75	 0.99	10.80	 1.13	323.21	279.49	282.26	265.02	 0.00	0	53.00
2011	4	15	10.016	5948.4175	104.4173	14.4173	 0.72	 0.04	188.07	 3.61	 1.13	 1.00	10.82	 1.19	323.24	279.69	285.16	265.00	287.77	0	53.00
2011	4	15	11.347	5948.4727	104.4728	14.4728	 0.76	 0.04	183.82	 3.44	 1.34	 1.00	10.80	 1.23	323.35	280.77	285.35	265.12	 0.00	0	53.02
2011	4	15	15.344	5948.6392	104.6394	14.6394	 0.89	 0.04	193.06	 2.71	 1.81	 1.00	10.73	 1.17	321.81	289.73	295.66	271.97	295.85	0	54.39
2011	4	15	16.246	5948.6768	104.6769	14.6769	 0.92	 0.06	195.91	 3.65	 7.04	 1.00	10.77	 1.15	322.66	292.66	300.13	278.90	299.25	0	55.78
2011	4	15	17.561	5948.7319	104.7317	14.7317	 1.09	 0.07	200.11	 3.38	 4.30	 1.00	10.73	 1.20	323.83	296.01	304.68	279.40	302.03	0	55.88
2011	4	15	19.375	5948.8071	104.8073	14.8073	 1.06	 0.10	187.06	 4.36	12.76	 1.00	10.80	 0.96	324.75	296.12	306.53	276.56	302.74	0	55.31
2011	4	15	20.256	5948.8442	104.8440	14.8440	 1.06	 0.08	194.90	 3.56	 3.47	 1.00	10.78	 1.12	325.33	294.75	303.89	272.56	299.86	0	54.51
2011	4	15	22.489	5948.9370	104.9370	14.9370	 1.19	 0.10	193.85	 3.88	 3.75	 1.00	10.90	 1.28	325.72	288.35	297.92	265.89	296.57	0	53.18
2011	4	16	1.206	5949.0503	105.0502	15.0502	 1.36	 0.15	195.09	 4.32	27.46	 0.99	10.77	 1.22	325.59	284.01	290.89	265.04	289.10	0	53.01
2011	4	16	1.650	5949.0688	105.0687	15.0687	 1.10	 0.04	199.54	 2.03	 7.01	 0.97	10.92	 1.27	325.51	283.73	290.94	265.07	290.41	0	53.01
2011	4	16	2.537	5949.1060	105.1057	15.1057	 0.94	 0.06	200.43	 3.61	 7.03	 1.00	10.82	 1.17	325.19	283.23	290.02	265.08	289.74	0	53.02
2011	4	16	2.978	5949.1240	105.1241	15.1241	 0.95	 0.05	195.30	 2.80	 8.38	 0.98	10.80	 1.10	324.97	282.87	287.29	265.02	289.45	0	53.00
2011	4	16	3.445	5949.1436	105.1436	15.1436	 0.99	 0.06	197.06	 3.18	 1.99	 1.00	10.77	 1.22	324.89	282.66	289.55	264.99	287.78	0	53.00
2011	4	16	5.220	5949.2173	105.2175	15.2175	 0.96	 0.05	195.40	 2.78	 5.99	 0.99	10.78	 1.23	324.55	282.20	288.05	264.97	 0.00	0	52.99
2011	4	16	7.018	5949.2925	105.2924	15.2924	 0.90	 0.05	194.40	 3.34	 3.43	 1.00	10.82	 1.14	324.41	282.04	287.81	 0.00	287.16	0	54.00
2011	4	16	7.465	5949.3110	105.3110	15.3110	 1.14	 0.04	198.25	 1.79	 3.25	 0.99	10.92	 1.25	324.44	281.96	288.26	265.00	289.91	0	53.00
2011	4	16	7.937	5949.3306	105.3307	15.3307	 1.01	 0.04	197.48	 2.17	11.03	 0.92	10.95	 1.20	324.56	281.86	287.66	264.97	286.94	0	52.99
2011	4	16	8.382	5949.3491	105.3493	15.3492	 0.95	 0.04	197.98	 2.14	 0.80	 1.00	10.90	 1.13	324.47	281.81	287.63	264.91	 0.00	0	52.98
2011	4	16	9.274	5949.3862	105.3864	15.3864	 1.14	 0.05	199.00	 2.09	 2.26	 1.00	10.85	 1.23	324.55	281.68	288.06	264.98	 0.00	0	53.00
2011	4	16	10.193	5949.4248	105.4247	15.4247	 0.91	 0.04	198.79	 2.84	 1.21	 1.00	10.75	 1.17	324.74	281.49	285.56	264.97	287.98	0	52.99
2011	4	16	10.635	5949.4434	105.4431	15.4431	 0.99	 0.04	197.49	 2.41	 1.28	 1.00	11.03	 1.30	324.55	281.44	287.99	264.95	289.33	0	52.99
2011	4	16	11.959	5949.4980	105.4983	15.4983	 0.83	 0.04	197.76	 2.93	 0.76	 1.00	10.73	 1.28	324.76	283.18	289.82	265.77	287.63	0	53.15
2011	4	16	12.861	5949.5356	105.5359	15.5359	 0.80	 0.05	192.10	 3.95	 3.14	 1.00	10.73	 1.19	324.90	285.88	291.91	267.18	292.75	0	53.44
2011	4	16	13.735	5949.5723	105.5723	15.5723	 0.79	 0.05	189.66	 3.85	 8.24	 0.99	10.77	 1.14	325.58	289.08	292.40	272.17	296.27	0	54.43
2011	4	16	14.635	5949.6099	105.6098	15.6098	 1.11	 0.06	202.86	 2.71	 2.06	 1.00	10.93	 1.29	324.86	292.61	302.06	273.16	297.23	0	54.63
2011	4	16	15.950	5949.6646	105.6646	15.6646	 1.04	 0.06	196.97	 2.75	 3.33	 1.00	10.73	 1.03	322.67	296.13	304.52	 0.00	302.58	0	54.00
2011	4	16	18.165	5949.7568	105.7569	15.7569	 0.94	 0.07	196.42	 4.06	 9.61	 1.00	10.73	 1.02	318.94	297.58	309.83	277.93	304.43	0	55.59
2011	4	16	18.603	5949.7749	105.7751	15.7751	 1.29	 0.11	200.75	 3.64	21.44	 0.99	10.73	 1.27	318.94	297.28	307.48	279.11	304.24	0	55.82
2011	4	16	19.541	5949.8145	105.8142	15.8142	 1.31	 0.10	197.92	 3.12	 8.88	 1.00	10.82	 1.17	318.65	295.95	304.54	273.72	303.04	0	54.74
2011	4	16	22.666	5949.9443	105.9444	15.9444	 1.76	 0.09	201.73	 1.56	 1.95	 1.00	10.77	 1.18	318.23	286.80	295.61	265.64	 0.00	0	53.13
2011	4	16	23.108	5949.9629	105.9628	15.9628	 1.84	 0.24	202.88	 3.66	167.62	 0.66	10.85	 1.07	318.47	285.68	292.97	265.48	 0.00	0	53.10
2011	4	17	0.025	5950.0010	106.0010	16.0010	 2.32	 0.20	209.21	 1.82	 3.45	 1.00	10.98	 1.30	319.08	284.01	293.72	 0.00	 0.00	0	54.00
2011	4	17	0.466	5950.0195	106.0194	16.0194	 2.07	 0.12	207.23	 1.37	 0.82	 1.00	10.73	 1.26	318.76	283.52	290.12	 0.00	290.53	0	54.00
2011	4	17	1.351	5950.0562	106.0563	16.0563	 2.11	 0.12	210.17	 1.37	 3.52	 0.99	10.78	 1.27	319.66	282.73	292.43	 0.00	288.28	0	54.00
2011	4	17	2.261	5950.0942	106.0942	16.0942	 2.21	 0.19	201.31	 1.84	 5.86	 1.00	10.75	 1.15	319.87	282.16	287.91	 0.00	 0.00	0	54.00
2011	4	17	2.699	5950.1123	106.1125	16.1125	 2.11	 0.17	203.93	 1.93	 2.24	 1.00	10.73	 1.21	319.66	281.97	289.03	 0.00	 0.00	0	54.00
2011	4	17	3.582	5950.1494	106.1493	16.1493	 2.21	 0.18	206.33	 1.80	 1.80	 1.00	10.75	 1.19	319.25	281.54	290.95	 0.00	287.00	0	54.00
2011	4	17	4.492	5950.1870	106.1872	16.1872	 1.70	 0.08	206.73	 1.59	 5.32	 0.99	10.78	 1.28	319.15	281.12	288.42	265.18	289.66	0	53.04
2011	4	17	5.384	5950.2241	106.2243	16.2243	 1.58	 0.09	200.72	 1.92	 2.03	 1.00	10.70	 1.14	319.04	280.77	289.08	 0.00	287.82	0	54.00
2011	4	17	6.749	5950.2812	106.2812	16.2812	 1.80	 0.09	203.71	 1.53	 4.10	 0.99	10.82	 1.28	319.18	280.41	287.43	265.16	287.39	0	53.03
2011	4	17	8.992	5950.3745	106.3747	16.3747	 1.71	 0.11	204.81	 1.95	 8.18	 0.99	10.83	 1.24	321.08	280.13	286.03	265.16	 0.00	0	53.03
2011	4	17	9.434	5950.3931	106.3931	16.3931	 1.46	 0.09	205.99	 2.25	 4.69	 1.00	10.78	 1.29	321.12	280.11	286.96	265.18	 0.00	0	53.04
2011	4	17	9.878	5950.4116	106.4116	16.4116	 1.32	 0.05	202.76	 1.60	 3.93	 0.99	10.93	 1.12	320.00	280.00	286.48	264.84	288.00	0	52.97
2011	4	17	10.322	5950.4302	106.4301	16.4301	 1.25	 0.07	202.88	 2.50	 0.32	 1.00	10.80	 1.19	318.68	279.77	284.88	262.76	284.98	0	52.55
2011	4	17	10.792	5950.4497	106.4497	16.4497	 1.18	 0.06	198.83	 2.37	 2.05	 1.00	10.83	 1.10	317.89	279.53	286.21	 0.00	284.61	0	54.00
2011	4	17	11.233	5950.4683	106.4681	16.4681	 1.26	 0.05	202.40	 1.80	 5.74	 0.98	10.88	 1.24	317.67	279.46	285.45	265.15	284.39	0	53.03
2011	4	17	11.677	5950.4863	106.4866	16.4866	 1.37	 0.07	203.56	 2.02	 3.01	 1.00	10.90	 1.18	318.49	280.10	284.51	265.25	 0.00	0	53.05
2011	4	17	14.772	5950.6157	106.6155	16.6155	 1.50	 0.07	206.94	 1.65	 0.50	 1.00	10.72	 1.13	316.13	290.58	300.19	274.86	297.58	0	54.97
2011	4	17	16.545	5950.6895	106.6894	16.6894	 2.06	 0.12	209.67	 1.43	 0.46	 1.00	10.75	 1.19	316.22	295.37	306.63	285.33	302.28	0	57.07
2011	4	17	17.446	5950.7271	106.7269	16.7269	 2.13	 0.13	209.97	 1.45	 2.59	 1.00	10.75	 1.26	320.42	297.25	309.62	283.19	303.99	0	56.64
2011	4	17	18.322	5950.7632	106.7634	16.7634	 2.12	 0.13	209.85	 1.50	 6.95	 0.98	10.72	 1.26	316.80	297.50	310.66	280.90	304.35	0	56.18
2011	4	18	0.161	5951.0068	107.0067	17.0067	 2.61	 0.26	210.60	 1.67	 1.45	 1.00	10.80	 1.28	319.00	283.49	291.71	265.24	290.47	0	53.05
2011	4	18	1.050	5951.0439	107.0437	17.0437	 2.72	 0.25	204.73	 1.40	 1.34	 1.00	10.85	 1.19	318.68	282.79	288.35	 0.00	289.88	0	54.00
2011	4	18	1.934	5951.0806	107.0806	17.0806	 2.62	 0.25	206.80	 1.57	 0.93	 1.00	10.73	 1.25	319.26	282.15	290.46	265.33	 0.00	0	53.07
2011	4	18	2.844	5951.1187	107.1185	17.1185	 2.40	 0.20	206.49	 1.58	 2.75	 1.00	10.75	 1.21	318.58	281.36	288.98	263.33	288.38	0	52.67
2011	4	18	3.727	5951.1553	107.1553	17.1553	 2.85	 0.28	206.30	 1.36	 9.58	 0.96	10.83	 1.19	320.35	280.74	288.73	263.32	286.08	0	52.66
2011	4	18	5.969	5951.2485	107.2487	17.2487	 2.77	 0.26	207.31	 1.41	 1.49	 1.00	10.73	 1.30	322.02	280.14	286.20	263.87	285.19	0	52.77
2011	4	18	6.882	5951.2866	107.2868	17.2867	 2.57	 0.27	208.23	 1.82	 2.14	 1.00	10.83	 1.23	321.78	280.03	286.79	264.20	285.05	0	52.84
2011	4	18	7.771	5951.3237	107.3238	17.3238	 2.02	 0.20	205.62	 2.47	 4.73	 1.00	10.95	 1.23	321.94	279.92	286.59	 0.00	286.43	0	54.00
2011	4	18	8.661	5951.3608	107.3609	17.3609	 2.18	 0.19	208.77	 2.00	 5.83	 1.00	10.88	 1.25	322.32	279.74	287.92	263.96	284.83	0	52.79
2011	4	18	10.026	5951.4180	107.4178	17.4178	 2.16	 0.15	206.27	 1.55	 2.92	 1.00	10.82	 1.27	322.63	279.80	285.14	264.08	 0.00	0	52.82
2011	4	18	11.384	5951.4741	107.4743	17.4743	 2.06	 0.17	203.62	 2.00	 7.44	 0.99	10.87	 1.19	322.83	280.79	286.41	 0.00	 0.00	0	54.00
2011	4	18	11.828	5951.4927	107.4928	17.4928	 1.85	 0.12	205.02	 1.81	 6.18	 0.99	10.80	 1.23	322.76	281.71	284.84	265.54	290.03	0	53.11
2011	4	18	12.269	5951.5112	107.5112	17.5112	 1.87	 0.14	202.43	 2.14	 7.42	 0.99	10.82	 1.22	322.77	282.87	287.07	265.91	291.59	0	53.18
2011	4	18	13.149	5951.5479	107.5479	17.5479	 1.67	 0.13	201.85	 2.53	 4.01	 1.00	10.72	 1.17	322.83	285.41	291.64	265.96	292.28	0	53.19
2011	4	18	15.367	5951.6401	107.6403	17.6403	 1.62	 0.08	209.41	 1.81	 2.10	 1.00	10.72	 1.23	320.86	291.93	300.08	272.07	298.32	0	54.41
2011	4	18	19.810	5951.8252	107.8254	17.8254	 1.12	 0.08	201.73	 3.50	 5.91	 1.00	10.85	 1.10	318.64	293.72	304.54	273.32	300.44	0	54.66
2011	4	18	23.428	5951.9761	107.9762	17.9762	 0.85	 0.05	194.22	 3.27	 5.62	 0.99	10.87	 1.28	322.58	280.93	287.20	 0.00	 0.00	0	54.00
2011	4	19	0.315	5952.0132	108.0131	18.0131	 0.70	 0.04	183.85	 4.18	11.72	 0.96	10.75	 1.13	322.57	280.70	282.92	 0.00	288.90	0	54.00
2011	4	19	0.782	5952.0327	108.0326	18.0326	 0.59	 0.06	197.90	 8.21	 4.09	 1.00	10.93	 1.11	322.59	280.68	285.24	 0.00	287.41	0	54.00
2011	4	19	1.226	5952.0513	108.0511	18.0511	 0.83	 0.05	189.98	 3.61	 3.02	 1.00	10.75	 1.24	322.54	280.75	286.07	 0.00	285.93	0	54.00
2011	4	19	4.368	5952.1821	108.1820	18.1820	 0.74	 0.05	186.21	 4.19	 1.23	 1.00	10.78	 1.27	322.78	280.90	287.87	265.09	289.33	0	53.02
2011	4	19	6.607	5952.2754	108.2753	18.2753	 0.78	 0.04	187.46	 3.29	 4.44	 0.99	10.82	 1.27	322.83	280.80	287.64	265.05	 0.00	0	53.01
2011	4	19	8.859	5952.3691	108.3691	18.3691	 0.79	 0.04	192.22	 3.05	 2.30	 1.00	10.80	 1.25	322.68	280.51	287.03	 0.00	288.64	0	54.00
2011	4	19	9.773	5952.4072	108.4072	18.4072	 0.69	 0.05	193.92	 4.99	 1.46	 1.00	10.77	 1.13	322.84	280.44	286.64	265.05	 0.00	0	53.01
2011	4	19	12.014	5952.5005	108.5006	18.5006	 0.78	 0.05	193.32	 3.94	 4.53	 1.00	10.78	 1.23	322.95	282.04	287.83	265.65	288.77	0	53.13
2011	4	19	12.899	5952.5376	108.5375	18.5375	 0.74	 0.04	193.15	 3.62	 7.88	 0.98	10.72	 1.22	323.23	284.33	289.70	265.35	291.41	0	53.07
2011	4	19	15.556	5952.6479	108.6481	18.6481	 0.60	 0.07	195.25	 9.16	29.15	 0.98	10.75	 0.93	322.76	291.77	297.50	271.01	295.66	0	54.20
2011	4	19	16.896	5952.7041	108.7040	18.7040	 0.81	 0.08	177.80	 6.17	36.30	 0.97	10.80	 0.94	321.17	294.19	297.77	276.45	300.01	0	55.29
2011	4	19	18.674	5952.7783	108.7781	18.7781	 0.96	 0.07	199.09	 4.01	13.88	 0.99	10.78	 1.15	321.00	294.90	307.62	275.25	299.13	0	55.05
2011	4	19	20.012	5952.8340	108.8338	18.8338	 0.91	 0.12	203.32	 8.01	23.34	 1.00	10.87	 1.13	321.76	293.02	301.52	271.31	301.36	0	54.26
2011	4	19	21.396	5952.8916	108.8915	18.8915	 2.14	 0.94	192.81	 9.47	197.96	 0.99	10.80	 1.18	321.95	288.86	297.27	265.76	 0.00	0	53.15
2011	4	19	23.193	5952.9663	108.9664	18.9664	 1.11	 0.08	182.22	 3.47	 7.96	 1.00	10.75	 0.98	322.52	283.79	281.34	263.20	 0.00	0	52.64
2011	4	19	23.636	5952.9849	108.9848	18.9848	 1.14	 0.08	194.87	 3.33	 3.45	 1.00	10.83	 1.17	322.61	282.84	291.03	262.51	291.05	0	52.50
2011	4	20	0.080	5953.0034	109.0033	19.0033	 1.02	 0.08	201.75	 4.45	 7.75	 1.00	10.78	 1.22	322.77	282.01	289.33	261.97	 0.00	0	52.39
2011	4	20	0.526	5953.0220	109.0219	19.0219	 1.20	 0.07	197.58	 2.55	 1.03	 1.00	10.80	 1.29	322.59	281.27	290.24	 0.00	 0.00	0	54.00
2011	4	20	2.320	5953.0967	109.0967	19.0967	 1.10	 0.09	198.54	 4.03	 2.09	 1.00	10.90	 1.17	322.94	279.68	282.86	262.55	287.78	0	52.51
2011	4	20	3.686	5953.1538	109.1536	19.1536	 1.18	 0.08	200.39	 3.31	14.60	 0.99	10.90	 1.21	323.42	278.97	285.98	262.28	286.99	0	52.46
2011	4	20	4.575	5953.1904	109.1906	19.1906	 1.12	 0.07	195.90	 2.77	 4.58	 1.00	10.77	 1.25	322.17	278.66	285.43	 0.00	283.65	0	54.00
2011	4	20	7.262	5953.3027	109.3026	19.3026	 0.87	 0.05	195.29	 3.64	 6.26	 1.00	10.75	 1.18	321.30	277.94	282.90	262.56	282.98	0	52.51
2011	4	20	7.705	5953.3208	109.3210	19.3210	 0.79	 0.05	193.66	 4.39	 9.78	 0.99	11.02	 1.21	321.59	277.90	282.63	 0.00	284.37	0	54.00
2011	4	20	8.181	5953.3408	109.3409	19.3409	 0.85	 0.07	187.58	 5.06	 9.51	 1.00	11.10	 1.12	322.38	277.91	283.25	262.55	282.91	0	52.51
2011	4	20	9.070	5953.3779	109.3779	19.3779	 0.79	 0.04	193.17	 2.92	 0.61	 1.00	10.75	 1.21	322.17	277.94	282.52	 0.00	285.87	0	54.00
2011	4	20	9.516	5953.3965	109.3965	19.3965	 0.83	 0.05	194.91	 4.02	 3.20	 1.00	10.75	 1.22	321.87	277.95	284.42	262.36	 0.00	0	52.47
2011	4	20	9.961	5953.4150	109.4150	19.4150	 0.86	 0.05	192.39	 3.68	 5.47	 1.00	10.75	 1.23	322.29	277.92	283.55	262.27	 0.00	0	52.45
2011	4	20	10.430	5953.4346	109.4346	19.4346	 0.88	 0.05	190.28	 3.17	 2.54	 1.00	10.78	 1.26	322.69	277.89	284.36	262.27	284.33	0	52.45
2011	4	20	11.759	5953.4897	109.4899	19.4899	 0.80	 0.05	183.90	 3.53	 4.92	 1.00	10.85	 1.21	322.60	279.08	282.15	 0.00	283.57	0	54.00
2011	4	20	12.204	5953.5083	109.5085	19.5085	 0.81	 0.04	187.29	 2.92	 3.09	 1.00	10.75	 1.28	322.57	280.05	284.64	 0.00	284.40	0	54.00
2011	4	20	13.994	5953.5830	109.5831	19.5831	 0.74	 0.06	186.29	 5.75	 7.69	 1.00	10.83	 1.24	323.08	285.62	292.40	266.05	292.33	0	53.21
2011	4	20	16.652	5953.6938	109.6938	19.6938	 0.74	 0.06	188.85	 5.19	 9.86	 0.99	10.73	 1.14	318.99	291.76	299.16	274.38	297.16	0	54.88
2011	4	20	17.116	5953.7134	109.7132	19.7132	 0.66	 0.08	185.89	 8.31	21.21	 0.99	10.77	 1.06	320.09	292.45	298.48	274.69	297.97	0	54.94
2011	4	20	18.868	5953.7861	109.7862	19.7862	 0.69	 0.13	183.83	13.38	45.02	 1.00	10.73	 0.92	321.30	293.35	301.96	274.11	299.76	0	54.82
2011	4	21	0.731	5954.0303	110.0304	20.0304	 0.71	 0.04	195.12	 4.14	 6.26	 0.99	10.93	 1.18	323.07	280.53	284.07	263.27	 0.00	0	52.65
2011	4	21	2.978	5954.1240	110.1241	20.1241	 0.87	 0.05	200.31	 3.66	 4.86	 1.00	10.98	 1.26	323.21	279.76	287.84	264.03	 0.00	0	52.81
2011	4	21	3.423	5954.1426	110.1426	20.1426	 0.79	 0.06	198.45	 4.76	 6.50	 1.00	10.95	 1.18	323.13	279.64	284.68	 0.00	 0.00	0	54.00
2011	4	21	4.339	5954.1807	110.1808	20.1808	 0.87	 0.05	199.89	 3.28	 6.79	 0.99	10.83	 1.21	323.12	279.35	284.61	262.84	 0.00	0	52.57
2011	4	21	4.786	5954.1992	110.1994	20.1994	 0.88	 0.03	194.82	 2.08	 1.35	 1.00	10.87	 1.21	323.06	279.35	283.67	 0.00	287.33	0	54.00
2011	4	21	5.227	5954.2178	110.2178	20.2178	 0.88	 0.05	200.13	 3.30	 2.32	 1.00	10.80	 1.24	323.12	279.15	284.34	262.49	284.41	0	52.50
2011	4	21	6.111	5954.2549	110.2546	20.2546	 0.91	 0.06	193.12	 3.93	 1.27	 1.00	10.82	 1.20	322.95	278.93	283.56	262.51	286.93	0	52.50
2011	4	21	7.024	5954.2925	110.2927	20.2927	 0.92	 0.04	197.30	 2.66	 7.57	 0.98	10.78	 1.30	323.15	278.79	285.53	262.59	 0.00	0	52.52
2011	4	21	7.471	5954.3110	110.3113	20.3113	 0.86	 0.05	202.78	 3.71	 2.34	 1.00	10.82	 1.26	323.05	278.77	286.60	263.15	 0.00	0	52.63
2011	4	21	7.916	5954.3296	110.3298	20.3298	 0.89	 0.04	191.86	 2.77	 1.42	 1.00	10.80	 1.22	323.14	278.76	283.30	 0.00	283.71	0	54.00
2011	4	21	11.506	5954.4795	110.4794	20.4794	 0.92	 0.05	199.36	 2.97	 3.06	 1.00	10.78	 1.15	318.68	274.81	283.12	265.44	 0.00	0	53.09
2011	4	21	11.947	5954.4976	110.4978	20.4978	 0.99	 0.06	197.76	 3.24	 8.72	 0.99	10.75	 1.23	324.42	276.73	280.35	265.65	284.31	0	53.13
2011	4	21	12.389	5954.5161	110.5162	20.5162	 0.96	 0.06	196.04	 3.68	 3.39	 1.00	10.77	 1.16	324.53	278.76	279.64	265.98	285.04	0	53.20
2011	4	21	12.826	5954.5347	110.5344	20.5344	 1.04	 0.05	199.58	 2.75	 6.95	 0.99	10.70	 1.27	324.64	280.80	286.29	266.14	287.35	0	53.23
2011	4	21	13.288	5954.5537	110.5536	20.5536	 1.56	 0.24	197.45	 5.32	387.39	 0.52	10.77	 1.23	324.47	282.82	290.05	265.39	 0.00	0	53.08
2011	4	21	15.039	5954.6265	110.6266	20.6266	 0.98	 0.05	201.59	 3.07	 4.31	 1.00	10.75	 1.26	322.16	289.80	298.62	268.80	296.76	0	53.76
2011	4	21	15.501	5954.6460	110.6459	20.6459	 0.91	 0.05	196.33	 2.87	17.77	 0.90	10.75	 1.18	322.44	291.24	294.15	 0.00	295.43	0	54.00
2011	4	21	15.937	5954.6641	110.6640	20.6641	 1.01	 0.06	194.23	 3.12	 3.08	 1.00	10.73	 1.17	323.00	292.14	299.29	272.49	298.72	0	54.50
2011	4	21	17.250	5954.7187	110.7187	20.7187	 0.86	 0.05	189.87	 3.72	10.16	 0.99	10.73	 1.03	321.49	295.13	301.60	279.76	301.21	0	55.95
2011	4	21	17.713	5954.7383	110.7380	20.7380	 1.07	 0.05	200.61	 2.25	 8.33	 0.97	10.77	 1.19	318.98	295.54	305.80	278.66	301.45	0	55.73
2011	4	21	23.079	5954.9614	110.9616	20.9616	 1.31	 0.06	199.18	 2.05	 6.29	 0.99	11.12	 1.25	323.49	279.32	285.73	262.49	284.50	0	52.50
2011	4	21	23.520	5954.9800	110.9800	20.9800	 1.21	 0.08	198.91	 2.93	 4.76	 1.00	10.73	 1.30	323.48	279.26	285.22	264.72	287.15	0	52.94
2011	4	21	23.961	5954.9985	110.9984	20.9984	 1.03	 0.06	198.21	 3.04	 3.74	 1.00	10.92	 1.19	323.65	279.38	285.59	265.23	 0.00	0	53.05
2011	4	22	0.880	5955.0366	111.0367	21.0367	 1.03	 0.07	198.26	 3.75	 5.72	 1.00	10.82	 1.25	323.65	279.69	285.49	 0.00	287.94	0	54.00
2011	4	22	11.152	5955.4648	111.4647	21.4647	 0.88	 0.05	197.76	 3.67	 2.83	 1.00	10.85	 1.17	321.81	273.35	278.78	262.59	281.39	0	52.52
2011	4	22	12.953	5955.5396	111.5397	21.5397	 0.80	 0.04	204.75	 3.77	 7.09	 0.99	10.73	 1.16	321.79	280.50	285.32	266.26	287.44	0	53.25
2011	4	22	13.391	5955.5581	111.5579	21.5579	 0.95	 0.05	198.06	 2.76	 4.69	 0.99	10.73	 1.22	321.67	282.54	288.25	265.61	289.57	0	53.12
2011	4	22	15.170	5955.6318	111.6321	21.6321	 1.09	 0.06	198.60	 2.77	 1.81	 1.00	10.72	 1.19	318.02	288.81	296.84	269.77	295.21	0	53.95
2011	4	22	16.069	5955.6694	111.6696	21.6696	 1.18	 0.06	195.76	 2.29	 3.35	 1.00	10.75	 1.09	318.02	290.95	298.69	275.12	296.68	0	55.02
2011	4	22	16.507	5955.6880	111.6878	21.6878	 1.31	 0.09	200.49	 2.73	 1.29	 1.00	10.72	 1.22	319.29	292.01	301.05	276.73	297.43	0	55.35
2011	4	22	17.385	5955.7246	111.7244	21.7244	 1.49	 0.08	204.55	 1.99	 4.49	 1.00	10.73	 1.29	321.89	293.97	303.24	278.02	299.34	0	55.60
2011	4	22	18.288	5955.7622	111.7620	21.7620	 1.45	 0.09	201.32	 2.39	 1.31	 1.00	10.75	 1.12	321.98	294.85	301.64	 0.00	300.70	0	54.00
2011	4	22	19.604	5955.8169	111.8168	21.8168	 1.75	 0.10	204.70	 1.77	 3.71	 1.00	10.72	 1.22	321.70	293.94	303.46	274.11	298.51	0	54.82
2011	4	22	20.506	5955.8545	111.8544	21.8544	 1.49	 0.12	188.31	 2.77	 4.60	 1.00	10.77	 0.91	321.55	292.06	299.73	265.41	296.93	0	53.08
2011	4	22	21.384	5955.8911	111.8910	21.8910	 1.97	 0.29	202.29	 3.82	10.74	 1.00	10.78	 1.21	323.26	289.26	299.22	266.15	294.68	0	53.23
2011	4	22	23.677	5955.9863	111.9865	21.9866	 1.35	 0.11	198.99	 3.26	 1.39	 1.00	10.78	 1.18	324.45	283.43	289.22	 0.00	291.39	0	54.00
2011	4	23	0.120	5956.0049	112.0050	22.0050	 1.37	 0.10	200.48	 2.90	 6.19	 1.00	10.85	 1.19	324.52	283.09	289.96	265.18	288.05	0	53.04
2011	4	23	0.567	5956.0234	112.0236	22.0236	 1.13	 0.36	237.19	18.29	1911.33	 0.73	10.80	 1.22	324.58	282.62	289.66	 0.00	289.24	0	54.00
2011	4	23	4.172	5956.1738	112.1738	22.1738	 1.13	 0.06	198.75	 2.68	 9.07	 0.99	10.73	 1.24	324.74	280.56	286.78	 0.00	285.57	0	54.00
2011	4	23	4.609	5956.1919	112.1921	22.1921	 1.08	 0.06	193.93	 2.71	 2.59	 1.00	10.73	 1.12	324.74	280.44	283.06	265.02	286.95	0	53.00
2011	4	23	6.408	5956.2671	112.2670	22.2670	 1.24	 0.07	198.75	 2.60	 5.90	 1.00	10.87	 1.22	324.67	280.17	284.89	265.09	285.16	0	53.02
2011	4	23	7.295	5956.3037	112.3039	22.3039	 1.22	 0.06	197.10	 2.18	 1.00	 1.00	10.77	 1.21	324.69	280.13	284.41	265.11	 0.00	0	53.02
2011	4	23	7.767	5956.3237	112.3236	22.3236	 1.26	 0.06	202.35	 2.26	 5.88	 0.99	10.80	 1.20	324.61	280.10	287.51	265.10	286.50	0	53.02
2011	4	23	10.460	5956.4360	112.4358	22.4358	 1.34	 0.07	201.09	 2.30	 1.42	 1.00	10.90	 1.20	324.69	280.15	285.86	 0.00	287.93	0	54.00
2011	4	23	10.904	5956.4541	112.4543	22.4543	 1.29	 0.05	206.90	 1.63	 7.75	 0.95	10.90	 1.24	324.67	280.20	287.50	265.02	286.52	0	53.00
2011	4	23	11.350	5956.4731	112.4729	22.4729	 1.28	 0.08	198.34	 2.53	 4.63	 1.00	10.87	 1.18	324.75	280.59	284.57	265.14	287.94	0	53.03
2011	4	23	12.257	5956.5107	112.5107	22.5107	 1.28	 0.07	201.80	 2.30	 2.66	 1.00	10.83	 1.22	321.66	282.53	289.32	265.83	288.59	0	53.17
2011	4	23	18.891	5956.7871	112.7871	22.7871	 1.06	 0.09	199.19	 4.52	 2.72	 1.00	10.73	 1.17	321.78	292.69	302.67	274.73	299.00	0	54.95
2011	4	23	19.330	5956.8052	112.8054	22.8054	 1.14	 0.07	200.02	 3.05	 3.60	 1.00	10.72	 1.22	321.81	292.58	301.59	 0.00	301.01	0	54.00
2011	4	23	20.211	5956.8423	112.8421	22.8421	 0.86	 0.09	199.67	 6.88	 1.66	 1.00	10.75	 1.03	321.89	291.54	300.58	265.71	300.06	0	53.14
2011	4	23	20.650	5956.8604	112.8604	22.8604	 1.08	 0.08	197.47	 3.80	10.62	 1.00	10.77	 1.13	322.15	290.64	300.36	266.08	297.29	0	53.22
2011	4	23	21.117	5956.8799	112.8799	22.8799	 1.25	 0.10	197.98	 3.52	 5.65	 1.00	10.77	 1.29	323.19	289.35	297.60	265.75	 0.00	0	53.15
2011	4	23	21.554	5956.8979	112.8981	22.8981	 1.41	 0.09	195.56	 2.36	 5.14	 1.00	10.77	 1.26	323.62	287.98	296.29	265.77	295.12	0	53.15
2011	4	23	23.378	5956.9741	112.9741	22.9741	 0.86	 0.06	195.85	 4.36	 1.48	 1.00	10.87	 1.14	324.79	283.56	291.09	263.97	291.72	0	52.79
2011	4	23	23.817	5956.9922	112.9924	22.9924	 0.78	 0.05	198.24	 4.10	 7.93	 0.99	10.77	 1.18	324.79	282.88	288.91	263.89	287.94	0	52.78
2011	4	24	0.260	5957.0107	113.0108	23.0108	 0.76	 0.05	191.47	 4.34	 9.06	 0.99	10.77	 1.12	324.79	282.44	288.29	265.17	287.45	0	53.03
2011	4	24	1.145	5957.0479	113.0477	23.0477	 0.91	 0.06	191.65	 3.44	 3.62	 1.00	10.88	 1.22	324.76	281.91	288.27	265.14	288.47	0	53.03
2011	4	24	4.281	5957.1782	113.1784	23.1784	 0.84	 0.05	193.25	 3.49	 5.86	 0.99	10.90	 1.12	320.20	276.43	283.90	265.14	282.05	0	53.03
2011	4	24	4.727	5957.1968	113.1969	23.1969	 0.81	 0.06	192.24	 4.97	 3.65	 1.00	10.80	 1.18	324.49	277.11	279.84	265.15	 0.00	0	53.03
2011	4	24	6.086	5957.2534	113.2536	23.2536	 0.89	 0.06	185.51	 3.77	 0.48	 1.00	10.85	 1.22	324.64	278.32	285.84	 0.00	 0.00	0	54.00
2011	4	24	6.528	5957.2720	113.2720	23.2720	 0.73	 0.04	193.20	 3.61	 4.78	 0.99	10.87	 1.19	324.57	278.56	281.89	265.15	286.48	0	53.03
2011	4	24	8.327	5957.3472	113.3470	23.3470	 0.67	 0.05	188.48	 4.95	 1.42	 1.00	10.92	 1.17	324.61	278.93	284.74	264.01	286.87	0	52.80
2011	4	24	8.771	5957.3652	113.3655	23.3655	 0.55	 0.04	185.54	 6.66	19.42	 0.94	10.77	 1.10	324.53	278.94	283.56	263.69	283.90	0	52.74
2011	4	24	10.574	5957.4404	113.4406	23.4406	 0.64	 0.04	189.59	 5.24	 2.86	 1.00	10.87	 1.19	324.53	278.82	286.57	 0.00	 0.00	0	54.00
2011	4	24	11.902	5957.4961	113.4959	23.4959	 0.75	 0.03	182.27	 2.37	 5.60	 0.94	10.73	 1.29	324.71	280.49	287.14	265.73	284.77	0	53.15
2011	4	24	12.810	5957.5337	113.5337	23.5337	 0.68	 0.05	177.23	 4.73	 6.56	 0.99	10.77	 1.18	324.91	283.00	289.37	265.95	289.41	0	53.19
2011	4	24	13.247	5957.5518	113.5519	23.5519	 0.68	 0.04	184.86	 4.43	 4.12	 1.00	10.73	 1.28	324.96	284.49	290.99	265.91	290.32	0	53.18
2011	4	24	13.684	5957.5703	113.5702	23.5702	 0.65	 0.04	182.54	 4.04	 6.51	 0.98	10.73	 1.20	324.86	286.15	293.43	266.11	292.64	0	53.22
2011	4	24	14.561	5957.6069	113.6067	23.6067	 0.72	 0.03	182.11	 2.81	 1.73	 1.00	10.93	 1.25	323.95	289.20	296.66	267.91	 0.00	0	53.58
2011	4	24	15.901	5957.6626	113.6625	23.6625	 0.66	 0.05	175.73	 4.74	18.14	 0.93	10.72	 1.11	322.50	292.63	300.41	274.93	299.55	0	54.99
2011	4	24	16.340	5957.6807	113.6808	23.6808	 0.68	 0.06	184.15	 5.79	 6.94	 1.00	10.77	 1.15	321.43	293.58	303.93	278.70	300.03	0	55.74
2011	4	24	16.779	5957.6992	113.6991	23.6991	 0.86	 0.09	174.21	 5.49	15.03	 0.99	10.83	 1.22	322.53	294.57	303.84	278.66	303.08	0	55.73
2011	4	24	17.679	5957.7368	113.7366	23.7366	 0.58	 0.07	184.64	 9.54	12.28	 1.00	10.72	 1.00	321.49	295.57	303.62	277.96	301.77	0	55.59
2011	4	24	18.119	5957.7549	113.7550	23.7550	 0.73	 0.05	178.69	 4.82	 3.38	 1.00	10.73	 1.11	322.75	295.78	301.92	279.29	302.05	0	55.86
2011	4	24	18.996	5957.7915	113.7915	23.7915	 0.61	 0.09	186.71	11.83	36.82	 0.99	10.75	 0.97	321.88	295.27	308.56	275.75	299.78	0	55.15
2011	4	24	20.342	5957.8477	113.8476	23.8476	 0.71	 0.06	179.43	 5.51	11.70	 0.99	10.77	 1.01	322.35	292.56	300.41	266.48	297.31	0	53.30
2011	4	24	20.779	5957.8657	113.8658	23.8658	 0.73	 0.08	179.13	 7.52	 7.03	 1.00	10.72	 1.04	322.61	291.26	299.01	265.86	297.95	0	53.17
2011	4	24	21.682	5957.9033	113.9034	23.9034	 0.74	 0.17	182.58	14.59	42.76	 1.00	10.80	 0.98	322.82	287.82	296.44	266.04	295.46	0	53.21
2011	4	24	23.012	5957.9590	113.9588	23.9588	 1.01	 0.06	184.86	 3.05	 9.06	 0.99	10.75	 1.24	323.80	284.27	290.41	 0.00	 0.00	0	54.00
2011	4	25	0.840	5958.0352	114.0350	24.0350	 0.70	 0.03	183.84	 3.27	 0.21	 1.00	10.78	 1.26	324.46	281.13	288.74	262.56	289.40	0	52.51
2011	4	25	1.281	5958.0532	114.0534	24.0534	 0.66	 0.04	183.46	 4.59	 1.42	 1.00	10.72	 1.22	324.30	280.65	288.09	262.80	285.69	0	52.56
2011	4	25	2.192	5958.0913	114.0913	24.0913	 0.79	 0.05	185.86	 3.80	 2.45	 1.00	10.87	 1.26	320.55	279.97	287.98	263.13	286.53	0	52.63
2011	4	25	6.192	5958.2578	114.2580	24.2580	 0.75	 0.05	181.57	 4.07	 7.21	 0.99	10.73	 1.26	323.05	275.52	282.74	262.42	283.50	0	52.48
2011	4	25	6.660	5958.2773	114.2775	24.2775	 0.79	 0.05	184.04	 4.09	 5.43	 1.00	10.95	 1.28	323.15	275.94	284.88	263.44	282.38	0	52.69
2011	4	25	7.549	5958.3145	114.3145	24.3145	 0.84	 0.04	182.13	 2.46	 6.33	 0.97	10.92	 1.29	323.40	276.68	282.96	263.10	284.62	0	52.62
2011	4	25	8.441	5958.3516	114.3517	24.3517	 0.73	 0.04	184.01	 3.55	 2.73	 1.00	10.72	 1.21	323.20	277.09	284.15	 0.00	281.91	0	54.00
2011	4	25	8.913	5958.3716	114.3714	24.3714	 0.83	 0.06	182.56	 4.07	 4.71	 1.00	10.82	 1.23	323.34	277.18	284.99	262.31	 0.00	0	52.46
2011	4	25	9.355	5958.3896	114.3898	24.3898	 0.84	 0.03	181.94	 2.03	 2.88	 0.99	10.80	 1.29	323.26	277.28	284.06	262.13	282.09	0	52.43
2011	4	25	10.252	5958.4272	114.4272	24.4272	 0.61	 0.04	185.39	 4.88	 2.31	 1.00	10.92	 1.17	323.26	277.50	281.57	262.24	 0.00	0	52.45
2011	4	25	11.608	5958.4839	114.4836	24.4836	 0.65	 0.03	183.33	 3.48	 2.78	 1.00	10.75	 1.17	323.44	278.83	282.35	265.23	 0.00	0	53.05
2011	4	25	12.049	5958.5020	114.5020	24.5020	 0.61	 0.03	187.31	 4.04	 4.54	 0.99	10.83	 1.17	323.49	280.03	283.88	265.68	286.42	0	53.14
2011	4	25	12.487	5958.5205	114.5203	24.5203	 0.76	 0.06	180.27	 4.58	 1.43	 1.00	10.73	 1.22	323.40	281.31	286.29	266.00	290.29	0	53.20
2011	4	25	13.827	5958.5762	114.5761	24.5761	 0.71	 0.04	189.25	 3.50	 2.44	 1.00	10.72	 1.22	322.56	286.09	291.75	267.33	293.11	0	53.47
2011	4	25	14.701	5958.6123	114.6125	24.6125	 0.78	 0.04	184.50	 3.29	 3.20	 1.00	10.73	 1.18	322.50	288.91	295.21	 0.00	295.92	0	54.00
2011	4	25	15.139	5958.6309	114.6308	24.6308	 0.67	 0.04	192.39	 4.86	29.10	 0.84	10.73	 1.13	322.56	290.18	296.98	271.11	297.20	0	54.22
2011	4	25	15.601	5958.6499	114.6501	24.6501	 0.79	 0.04	190.93	 3.38	 6.10	 0.99	10.77	 1.11	322.40	291.79	299.00	275.75	298.48	0	55.15
2011	4	25	16.041	5958.6685	114.6684	24.6684	 0.92	 0.05	191.24	 3.07	 5.19	 1.00	10.73	 1.26	323.08	292.74	301.74	278.04	300.94	0	55.61
2011	4	25	16.915	5958.7046	114.7048	24.7048	 0.85	 0.05	193.91	 3.40	 1.09	 1.00	10.72	 1.20	321.40	294.94	305.26	279.04	303.29	0	55.81
2011	4	25	17.354	5958.7231	114.7231	24.7231	 0.88	 0.04	185.79	 2.28	 5.95	 0.97	10.72	 1.15	323.38	295.62	304.50	278.48	301.86	0	55.70
2011	4	25	18.254	5958.7607	114.7606	24.7606	 0.71	 0.07	185.20	 6.27	14.98	 0.99	10.72	 0.97	322.75	296.03	304.44	275.94	300.22	0	55.19
2011	4	25	19.131	5958.7969	114.7971	24.7971	 1.05	 0.09	189.30	 4.24	28.82	 0.97	10.72	 1.08	322.89	295.20	304.89	274.55	301.58	0	54.91
2011	4	25	20.035	5958.8350	114.8348	24.8348	 1.10	 0.09	191.43	 3.78	 8.12	 1.00	10.83	 1.22	322.97	293.38	303.40	270.61	301.79	0	54.12
2011	4	25	20.476	5958.8530	114.8532	24.8532	 1.12	 0.12	192.61	 5.02	 2.64	 1.00	10.72	 1.20	323.03	292.21	301.92	266.12	300.69	0	53.22
2011	4	25	20.916	5958.8716	114.8715	24.8715	 1.02	 0.14	193.67	 7.18	18.84	 1.00	10.72	 1.15	323.07	290.76	300.56	265.57	299.32	0	53.11
2011	4	25	22.270	5958.9277	114.9279	24.9279	 1.09	 0.09	193.11	 3.81	15.26	 0.99	10.88	 1.23	324.07	286.12	295.34	265.98	294.34	0	53.20
2011	4	25	22.711	5958.9463	114.9463	24.9463	 0.82	 0.07	189.07	 5.09	 4.49	 1.00	10.73	 1.09	324.07	284.98	292.12	 0.00	293.10	0	54.00
2011	4	25	23.150	5958.9644	114.9646	24.9646	 0.86	 0.10	189.77	 6.76	 6.77	 1.00	10.88	 1.08	324.16	283.97	290.60	263.66	 0.00	0	52.73
2011	4	26	0.034	5959.0015	115.0014	25.0014	 1.20	 0.12	190.17	 4.24	41.74	 0.96	10.80	 1.22	324.39	282.31	289.42	262.84	 0.00	0	52.57
2011	4	26	0.529	5959.0220	115.0220	25.0220	 0.95	 0.05	193.43	 2.87	 2.30	 1.00	10.90	 1.24	324.44	281.63	288.25	263.90	286.61	0	52.78
2011	4	26	0.971	5959.0405	115.0405	25.0405	 0.88	 0.06	189.66	 3.82	 6.83	 1.00	10.75	 1.16	324.25	281.21	287.03	 0.00	289.31	0	54.00
2011	4	26	1.419	5959.0591	115.0591	25.0591	 0.95	 0.05	191.33	 2.71	 1.84	 1.00	10.73	 1.24	324.21	280.87	285.75	 0.00	286.22	0	54.00
2011	4	26	2.323	5959.0967	115.0968	25.0968	 1.00	 0.05	195.70	 2.71	 7.25	 0.99	10.83	 1.27	324.20	280.37	285.83	263.93	286.86	0	52.79
2011	4	26	5.045	5959.2100	115.2102	25.2102	 0.93	 0.05	195.87	 3.06	 4.21	 1.00	10.77	 1.21	324.30	279.36	286.10	262.79	284.33	0	52.56
2011	4	26	6.382	5959.2661	115.2659	25.2659	 0.93	 0.05	189.61	 3.24	 2.51	 1.00	10.88	 1.15	324.00	279.11	282.88	263.34	283.98	0	52.67
2011	4	26	6.828	5959.2847	115.2845	25.2845	 0.99	 0.05	191.24	 2.50	 4.23	 0.99	10.82	 1.23	324.28	279.06	284.07	263.20	 0.00	0	52.64
2011	4	26	7.297	5959.3042	115.3040	25.3040	 1.06	 0.06	192.49	 2.67	 3.26	 1.00	10.78	 1.25	324.37	279.00	284.05	263.10	 0.00	0	52.62
2011	4	26	7.744	5959.3228	115.3226	25.3227	 1.03	 0.06	188.42	 2.70	 3.53	 1.00	10.78	 1.19	324.31	279.01	283.87	 0.00	286.87	0	54.00
2011	4	26	8.632	5959.3599	115.3597	25.3597	 1.10	 0.06	193.41	 2.47	 5.74	 0.99	10.78	 1.28	324.36	278.93	284.43	 0.00	283.72	0	54.00
2011	4	26	9.545	5959.3979	115.3977	25.3977	 1.15	 0.06	193.92	 2.42	13.87	 0.95	10.80	 1.27	324.40	278.84	284.85	 0.00	286.55	0	54.00
2011	4	26	10.433	5959.4346	115.4347	25.4347	 1.12	 0.06	192.11	 2.71	 1.09	 1.00	10.80	 1.23	324.36	278.85	282.41	263.34	 0.00	0	52.67
2011	4	26	10.879	5959.4531	115.4533	25.4533	 1.16	 0.06	194.19	 2.21	 2.38	 1.00	10.97	 1.28	324.34	278.96	284.67	 0.00	286.55	0	54.00
2011	4	26	13.547	5959.5645	115.5645	25.5645	 1.15	 0.04	198.99	 1.82	 2.92	 0.99	10.77	 1.24	324.73	285.73	292.30	265.82	292.51	0	53.16
2011	4	26	14.448	5959.6021	115.6020	25.6020	 1.28	 0.04	199.69	 1.31	 0.98	 1.00	10.75	 1.29	324.31	289.23	295.87	269.34	295.87	0	53.87
2011	4	26	14.885	5959.6201	115.6202	25.6202	 1.18	 0.06	195.91	 2.29	11.26	 0.97	10.72	 1.12	324.20	290.40	298.34	270.60	294.58	0	54.12
2011	4	26	15.323	5959.6387	115.6385	25.6385	 1.32	 0.06	201.98	 1.83	 4.14	 0.99	10.77	 1.23	324.31	292.09	300.90	 0.00	298.63	0	54.00
2011	4	26	16.225	5959.6763	115.6760	25.6760	 1.30	 0.06	196.83	 1.97	 3.06	 1.00	10.82	 1.15	323.38	294.37	303.63	280.72	301.18	0	56.14
2011	4	26	16.664	5959.6943	115.6943	25.6943	 1.38	 0.05	199.02	 1.54	 1.49	 1.00	10.70	 1.20	324.01	295.57	303.82	 0.00	302.25	0	54.00
2011	4	26	17.100	5959.7124	115.7125	25.7125	 1.48	 0.07	196.85	 1.79	 8.25	 0.97	10.75	 1.24	323.89	296.50	305.15	280.19	302.78	0	56.04
2011	4	26	17.538	5959.7310	115.7307	25.7307	 1.44	 0.07	202.17	 1.78	 2.07	 1.00	10.73	 1.26	323.71	297.01	307.04	279.58	305.07	0	55.92
2011	4	26	18.879	5959.7866	115.7866	25.7866	 1.28	 0.07	195.33	 2.22	 2.42	 1.00	10.83	 1.03	325.44	297.20	305.65	278.87	 0.00	0	55.77
2011	4	26	19.761	5959.8232	115.8234	25.8234	 1.60	 0.08	205.53	 1.73	 2.50	 1.00	10.92	 1.24	325.44	296.06	306.34	275.33	300.61	0	55.07
2011	4	26	20.202	5959.8418	115.8417	25.8417	 1.29	 0.06	196.70	 1.87	 1.86	 1.00	10.72	 1.02	325.56	295.12	304.29	268.79	301.75	0	53.76
2011	4	26	20.668	5959.8613	115.8612	25.8612	 1.56	 0.09	202.63	 2.00	 4.88	 1.00	10.87	 1.18	325.87	293.77	304.21	265.79	 0.00	0	53.16
2011	4	27	1.166	5960.0488	116.0486	26.0486	 1.44	 0.09	203.48	 2.38	 1.27	 1.00	10.78	 1.21	326.46	283.64	290.54	265.27	290.09	0	53.05
2011	4	27	1.608	5960.0669	116.0670	26.0670	 1.36	 0.07	196.69	 1.94	 1.28	 1.00	10.77	 1.17	326.39	283.42	287.07	264.98	 0.00	0	53.00
2011	4	27	2.050	5960.0854	116.0854	26.0854	 1.49	 0.06	203.83	 1.52	 3.59	 0.99	10.88	 1.27	326.43	283.31	290.32	265.54	289.92	0	53.11
2011	4	27	2.938	5960.1226	116.1224	26.1224	 1.46	 0.06	201.17	 1.46	 2.63	 1.00	10.70	 1.29	326.33	283.00	291.15	 0.00	289.72	0	54.00
2011	4	27	3.407	5960.1421	116.1419	26.1419	 1.33	 0.06	199.88	 2.01	 3.53	 1.00	10.93	 1.23	326.40	282.83	288.89	264.96	291.10	0	52.99
2011	4	27	4.291	5960.1787	116.1788	26.1788	 1.34	 0.08	199.17	 2.46	 1.42	 1.00	10.82	 1.23	326.29	282.31	287.51	265.04	288.73	0	53.01
2011	4	27	6.093	5960.2539	116.2539	26.2539	 1.31	 0.06	199.21	 1.86	 4.33	 0.99	10.83	 1.23	325.95	281.51	286.37	264.84	287.85	0	52.97
2011	4	27	6.539	5960.2725	116.2725	26.2725	 1.33	 0.07	199.78	 2.31	 4.98	 1.00	10.95	 1.30	325.86	281.42	288.19	264.92	287.72	0	52.98
2011	4	27	6.983	5960.2910	116.2909	26.2909	 1.31	 0.04	198.20	 1.30	 4.32	 0.96	10.83	 1.26	325.09	281.12	287.67	263.84	287.48	0	52.77
2011	4	27	7.897	5960.3291	116.3290	26.3291	 1.29	 0.07	197.67	 2.40	 4.29	 1.00	10.87	 1.29	325.64	280.54	286.63	262.97	 0.00	0	52.59
2011	4	27	8.340	5960.3477	116.3475	26.3475	 1.08	 0.07	194.94	 3.22	 2.72	 1.00	10.85	 1.15	325.64	280.26	283.72	264.52	 0.00	0	52.90
2011	4	27	9.672	5960.4028	116.4030	26.4030	 1.26	 0.06	202.60	 2.26	 3.25	 1.00	10.93	 1.29	324.44	279.76	285.20	264.19	286.97	0	52.84
2011	4	27	11.917	5960.4966	116.4966	26.4966	 1.22	 0.05	204.34	 1.82	 0.12	 1.00	10.75	 1.29	324.82	281.49	288.27	265.26	289.56	0	53.05
2011	4	27	12.380	5960.5156	116.5158	26.5158	 1.29	 0.07	196.75	 2.33	 5.56	 1.00	10.78	 1.23	325.29	283.21	286.74	266.51	289.07	0	53.30
2011	4	27	15.474	5960.6445	116.6447	26.6447	 1.29	 0.05	200.61	 1.82	 4.05	 0.99	10.73	 1.20	326.05	295.10	304.53	277.31	301.80	0	55.46
2011	4	27	16.349	5960.6812	116.6812	26.6812	 1.17	 0.09	196.05	 3.35	 3.59	 1.00	10.72	 1.10	322.01	296.67	305.83	281.68	302.85	0	56.34
2011	4	27	17.686	5960.7368	116.7369	26.7369	 1.17	 0.08	198.25	 3.26	 5.95	 1.00	10.72	 1.13	319.31	297.58	309.55	279.56	303.96	0	55.91
2011	4	27	18.561	5960.7734	116.7734	26.7734	 1.19	 0.05	195.03	 1.86	 2.82	 1.00	10.75	 1.17	319.63	297.16	304.44	278.72	303.84	0	55.74
2011	4	27	19.024	5960.7925	116.7926	26.7927	 1.27	 0.08	202.87	 2.86	 3.68	 1.00	10.75	 1.16	319.70	296.49	305.98	 0.00	 0.00	0	54.00
2011	4	27	19.465	5960.8110	116.8110	26.8110	 1.02	 0.10	183.29	 4.58	19.50	 0.99	10.85	 0.92	319.42	295.66	303.97	275.66	300.51	0	55.13
2011	4	27	21.250	5960.8853	116.8854	26.8854	 1.30	 0.19	200.87	 6.13	 4.26	 1.00	10.82	 1.13	322.06	290.36	304.78	 0.00	297.67	0	54.00
2011	4	27	21.691	5960.9038	116.9038	26.9038	 1.43	 0.23	193.88	 5.93	20.03	 1.00	10.87	 1.15	322.67	288.80	299.99	266.11	298.58	0	53.22
2011	4	27	22.576	5960.9404	116.9407	26.9406	 1.37	 0.07	201.72	 1.92	 5.31	 0.99	10.72	 1.30	322.89	286.18	293.86	265.68	 0.00	0	53.14
2011	4	27	23.016	5960.9590	116.9590	26.9590	 1.40	 0.08	199.75	 2.19	 4.83	 1.00	10.75	 1.27	322.52	285.24	292.52	265.45	290.66	0	53.09
2011	4	27	23.481	5960.9785	116.9784	26.9784	 1.43	 0.12	203.37	 3.15	31.56	 0.96	10.78	 1.28	323.08	284.27	293.47	 0.00	291.11	0	54.00
2011	4	28	0.367	5961.0151	117.0153	27.0153	 1.31	 0.07	200.11	 2.08	 5.16	 0.99	10.80	 1.28	322.90	283.03	292.29	265.14	288.29	0	53.03
2011	4	28	0.807	5961.0337	117.0336	27.0336	 1.34	 0.05	197.99	 1.66	 8.69	 0.95	10.73	 1.27	322.88	282.62	289.38	265.16	290.77	0	53.03
2011	4	28	1.251	5961.0522	117.0521	27.0521	 1.12	 0.06	196.10	 2.68	 1.21	 1.00	10.73	 1.20	323.00	282.27	287.96	 0.00	287.42	0	54.00
2011	4	28	1.744	5961.0728	117.0727	27.0727	 1.22	 0.06	198.51	 2.29	 2.56	 1.00	10.85	 1.20	322.94	281.93	288.58	 0.00	288.69	0	54.00
2011	4	28	5.736	5961.2388	117.2390	27.2390	 1.05	 0.04	194.56	 1.92	 3.24	 0.99	10.77	 1.24	322.79	279.88	284.95	263.38	286.49	0	52.68
2011	4	28	6.646	5961.2769	117.2769	27.2769	 1.25	 0.04	198.76	 1.41	 4.36	 0.97	10.75	 1.28	322.56	279.47	287.32	 0.00	284.66	0	54.00
2011	4	28	7.090	5961.2954	117.2954	27.2954	 1.24	 0.07	193.47	 2.46	 2.16	 1.00	11.00	 1.20	322.08	279.31	284.50	263.17	 0.00	0	52.63
2011	4	28	8.886	5961.3701	117.3702	27.3702	 1.28	 0.06	199.55	 2.12	 1.80	 1.00	10.72	 1.29	321.40	278.75	286.26	 0.00	285.21	0	54.00
2011	4	28	10.678	5961.4448	117.4449	27.4449	 1.31	 0.08	197.12	 2.48	 1.75	 1.00	10.75	 1.18	321.92	278.53	284.64	 0.00	284.92	0	54.00
2011	4	28	12.439	5961.5181	117.5183	27.5183	 1.42	 0.06	199.00	 1.65	 1.51	 1.00	10.73	 1.29	322.13	281.72	286.97	266.07	288.29	0	53.21
2011	4	28	14.650	5961.6104	117.6104	27.6104	 0.71	 0.04	193.23	 3.50	 8.58	 0.96	10.72	 1.17	322.00	288.83	298.31	267.98	293.34	0	53.60
2011	4	28	15.113	5961.6299	117.6297	27.6297	 0.73	 0.05	183.71	 4.23	 4.81	 1.00	10.75	 1.18	322.17	290.06	297.16	269.06	294.57	0	53.81
2011	4	28	15.990	5961.6660	117.6663	27.6663	 0.55	 0.04	188.78	 5.92	 3.70	 1.00	10.75	 1.06	322.51	292.16	300.75	275.30	299.09	0	55.06
2011	4	28	16.427	5961.6846	117.6845	27.6845	 0.45	 0.04	196.03	 9.64	25.26	 0.91	10.73	 0.99	322.57	293.19	299.18	277.13	297.48	0	55.43
2011	4	28	16.866	5961.7026	117.7027	27.7027	 0.93	 0.05	185.34	 2.84	13.55	 0.94	10.73	 1.25	321.68	294.21	303.96	279.41	300.70	0	55.88
2011	4	28	18.202	5961.7583	117.7584	27.7584	 1.00	 0.05	187.65	 2.76	 4.30	 1.00	10.72	 1.19	321.57	295.25	306.47	278.89	301.87	0	55.78
2011	4	28	19.079	5961.7949	117.7950	27.7950	 0.90	 0.07	183.89	 4.59	14.27	 0.99	10.78	 1.04	321.82	294.61	306.03	275.50	303.14	0	55.10
2011	4	28	19.541	5961.8145	117.8142	27.8142	 1.05	 0.06	194.13	 2.72	 2.53	 1.00	10.75	 1.21	322.14	293.88	304.13	273.90	298.58	0	54.78
2011	4	28	19.981	5961.8325	117.8326	27.8325	 1.36	 0.10	197.06	 2.82	 7.14	 1.00	10.72	 1.22	322.31	293.02	302.40	269.61	299.62	0	53.92
2011	4	28	22.640	5961.9434	117.9433	27.9433	 1.92	 0.14	200.18	 1.90	 5.36	 1.00	10.70	 1.27	322.90	284.25	292.45	 0.00	290.94	0	54.00
2011	4	28	23.078	5961.9614	117.9616	27.9616	 1.94	 0.16	197.73	 2.09	 7.68	 0.99	10.73	 1.20	323.06	283.17	289.45	260.53	 0.00	0	52.11
2011	4	28	23.517	5961.9800	117.9799	27.9799	 1.76	 0.12	196.11	 1.93	 0.93	 1.00	10.73	 1.18	322.95	282.20	286.82	260.24	287.26	0	52.05
2011	4	28	23.983	5961.9995	117.9993	27.9993	 1.63	 0.12	198.11	 2.38	 2.46	 1.00	10.75	 1.19	322.94	281.24	288.88	259.33	287.72	0	51.87
2011	4	29	0.874	5962.0366	118.0364	28.0364	 1.41	 0.08	192.34	 2.07	 7.08	 0.99	10.75	 1.25	322.33	279.60	284.69	 0.00	 0.00	0	54.00
2011	4	29	1.316	5962.0547	118.0548	28.0548	 1.25	 0.06	192.77	 1.97	 7.81	 0.97	10.72	 1.22	322.44	278.92	284.22	 0.00	285.21	0	54.00
2011	4	29	2.699	5962.1123	118.1125	28.1125	 1.04	 0.06	188.51	 2.94	 4.88	 1.00	10.93	 1.15	322.80	277.37	282.43	258.97	 0.00	0	51.79
2011	4	29	3.149	5962.1313	118.1312	28.1312	 1.06	 0.05	186.87	 2.27	 2.03	 1.00	10.85	 1.18	322.71	277.03	282.04	258.97	281.80	0	51.79
2011	4	29	3.591	5962.1494	118.1496	28.1496	 1.00	 0.05	186.85	 2.68	 4.41	 1.00	10.83	 1.23	322.63	276.74	282.11	258.90	284.46	0	51.78
2011	4	29	4.947	5962.2061	118.2061	28.2061	 0.73	 0.05	189.25	 4.64	 2.52	 1.00	10.82	 1.18	322.40	275.91	279.79	257.94	283.34	0	51.59
2011	4	29	6.279	5962.2617	118.2616	28.2616	 0.82	 0.06	189.38	 4.51	 3.88	 1.00	10.77	 1.22	321.06	275.35	280.38	258.41	281.54	0	51.68
2011	4	29	7.190	5962.2998	118.2996	28.2996	 0.97	 0.06	187.28	 3.30	 5.45	 1.00	10.93	 1.25	321.60	275.20	281.39	257.94	 0.00	0	51.59
2011	4	29	7.634	5962.3179	118.3181	28.3181	 0.82	 0.06	188.85	 4.14	 5.37	 1.00	10.97	 1.19	320.61	274.97	280.40	257.09	281.20	0	51.42
2011	4	29	8.522	5962.3550	118.3551	28.3551	 0.85	 0.04	183.83	 2.41	 4.18	 0.99	10.85	 1.14	319.54	274.59	278.50	257.03	280.75	0	51.41
2011	4	29	9.431	5962.3931	118.3930	28.3930	 0.78	 0.04	187.75	 3.49	 2.44	 1.00	10.82	 1.13	320.46	274.28	279.38	 0.00	 0.00	0	54.00
2011	4	29	10.319	5962.4302	118.4300	28.4300	 0.88	 0.04	184.04	 2.71	 0.89	 1.00	10.90	 1.19	323.02	274.31	280.73	 0.00	 0.00	0	54.00
2011	4	29	10.762	5962.4482	118.4484	28.4484	 0.88	 0.05	182.81	 3.37	10.12	 0.98	10.72	 1.21	322.97	274.36	280.08	 0.00	278.79	0	54.00
2011	4	29	11.233	5962.4683	118.4680	28.4680	 0.75	 0.05	188.53	 4.65	 6.03	 1.00	10.87	 1.15	324.23	274.85	280.36	259.06	 0.00	0	51.81
2011	4	29	13.458	5962.5605	118.5607	28.5607	 0.65	 0.03	183.77	 3.38	 7.22	 0.95	10.77	 1.19	324.83	282.03	285.79	265.99	288.74	0	53.20
2011	4	29	15.210	5962.6338	118.6337	28.6337	 0.92	 0.04	179.09	 2.45	11.59	 0.92	10.70	 1.26	324.78	288.55	294.40	 0.00	295.19	0	54.00
2011	4	29	15.674	5962.6528	118.6531	28.6531	 0.90	 0.05	176.92	 2.90	 8.72	 0.98	10.77	 1.25	324.19	290.08	297.62	271.74	296.65	0	54.35
2011	4	29	16.114	5962.6714	118.6714	28.6714	 0.68	 0.06	180.49	 6.36	10.74	 1.00	10.78	 1.14	322.44	290.93	299.29	273.99	300.04	0	54.80
2011	4	29	16.552	5962.6895	118.6897	28.6897	 0.48	 0.06	177.93	10.91	77.78	 0.70	10.77	 1.06	322.12	291.96	285.13	275.99	 0.00	0	55.20
2011	4	29	17.429	5962.7261	118.7262	28.7262	 0.53	 0.04	196.60	 6.08	17.84	 0.90	10.73	 1.10	320.66	293.29	303.26	275.86	297.26	0	55.17
2011	4	29	17.891	5962.7456	118.7455	28.7455	 0.72	 0.04	174.45	 3.83	24.62	 0.81	10.77	 1.13	320.64	293.53	302.02	277.18	302.10	0	55.44
2011	4	29	18.766	5962.7817	118.7819	28.7819	 0.76	 0.05	177.44	 4.41	49.23	 0.71	10.73	 1.09	319.27	293.31	302.08	275.07	299.78	0	55.01
2011	4	29	20.111	5962.8379	118.8380	28.8380	 0.98	 0.05	175.13	 2.48	 7.71	 0.98	10.75	 1.13	317.08	290.93	300.34	266.04	295.81	0	53.21
2011	4	30	3.712	5963.1548	119.1547	29.1547	 0.76	 0.07	173.26	 5.22	31.42	 0.93	10.73	 0.83	326.93	268.56	271.81	257.15	 0.00	0	51.43
2011	4	30	5.074	5963.2114	119.2114	29.2114	 0.67	 0.05	169.51	 5.21	 1.53	 1.00	10.83	 1.02	327.29	271.34	275.43	256.55	277.27	0	51.31
2011	4	30	5.520	5963.2300	119.2300	29.2300	 0.52	 0.06	174.18	 9.67	 6.82	 1.00	10.78	 1.03	327.23	271.98	273.71	 0.00	277.78	0	54.00
2011	4	30	5.966	5963.2485	119.2486	29.2486	 0.50	 0.06	173.69	 9.27	32.08	 0.91	10.72	 1.02	327.23	272.42	272.38	 0.00	 0.00	0	54.00
2011	4	30	6.853	5963.2856	119.2856	29.2856	 0.81	 0.05	177.69	 3.44	 2.14	 1.00	10.78	 1.27	327.27	273.04	278.41	256.59	 0.00	0	51.32
2011	4	30	7.323	5963.3052	119.3051	29.3051	 0.65	 0.05	173.83	 5.35	 5.66	 1.00	10.90	 1.09	327.34	273.25	277.18	256.03	277.49	0	51.21
2011	4	30	7.766	5963.3237	119.3236	29.3236	 0.61	 0.05	175.66	 6.38	10.72	 0.99	10.77	 1.13	327.29	273.40	278.26	 0.00	280.48	0	54.00
2011	4	30	8.654	5963.3604	119.3606	29.3606	 0.66	 0.04	173.63	 4.09	15.67	 0.90	10.75	 1.12	327.17	273.56	277.31	255.81	277.79	0	51.16
2011	4	30	9.098	5963.3789	119.3791	29.3791	 0.67	 0.04	175.48	 4.22	 3.40	 1.00	10.70	 1.17	327.26	273.58	279.33	 0.00	279.16	0	54.00
2011	4	30	9.564	5963.3984	119.3985	29.3985	 0.59	 0.05	183.51	 6.38	13.04	 0.98	10.83	 1.11	322.63	273.48	277.55	255.16	 0.00	0	51.03
2011	4	30	17.107	5963.7129	119.7128	29.7128	 0.75	 0.06	183.94	 4.75	 7.51	 1.00	10.73	 1.23	326.10	288.24	294.20	272.64	293.86	0	54.53
2011	4	30	17.544	5963.7310	119.7310	29.7310	 0.87	 0.04	174.54	 2.63	29.85	 0.60	10.73	 1.21	326.93	289.53	294.21	273.70	295.08	0	54.74
2011	4	30	18.446	5963.7686	119.7686	29.7686	 0.72	 0.05	183.71	 5.08	15.81	 0.98	10.80	 1.18	326.13	290.76	300.99	273.32	296.67	0	54.66
2011	4	30	18.886	5963.7871	119.7869	29.7869	 0.88	 0.06	174.12	 3.78	 4.57	 1.00	10.73	 1.09	325.95	290.84	297.26	272.68	298.93	0	54.54
2011	4	30	20.203	5963.8418	119.8418	29.8418	 1.10	 0.07	199.21	 2.97	 5.83	 1.00	10.72	 1.23	325.77	289.37	297.26	266.36	295.45	0	53.27
2011	4	30	22.431	5963.9346	119.9346	29.9346	 1.12	 0.10	192.16	 4.13	15.94	 0.99	10.78	 1.15	325.99	282.56	291.63	258.80	 0.00	0	51.76
2011	4	30	22.895	5963.9541	119.9540	29.9540	 1.14	 0.07	188.68	 2.89	 2.76	 1.00	10.75	 1.24	325.76	281.36	287.58	257.39	287.56	0	51.48
