2011	12	1	1.076	6178.0449	334.0448	0.0448	 1.18	 0.06	202.75	 2.49	 3.55	 1.00	10.77	 1.17	317.12	284.13	294.24	266.11	292.67	0	53.22
2011	12	1	1.515	6178.0630	334.0631	0.0631	 1.13	 0.07	203.63	 2.96	 2.40	 1.00	10.73	 1.12	317.79	283.58	291.28	266.15	290.80	0	53.23
2011	12	1	2.392	6178.0996	334.0997	0.0997	 1.31	 0.08	200.21	 2.46	 1.39	 1.00	10.77	 1.23	320.00	282.98	290.02	266.80	288.75	0	53.36
2011	12	1	2.831	6178.1182	334.1180	0.1180	 1.45	 0.08	195.66	 2.01	 1.74	 1.00	10.77	 1.15	320.31	282.85	289.57	267.72	289.91	0	53.54
2011	12	1	3.295	6178.1372	334.1373	0.1373	 1.39	 0.06	198.55	 1.60	12.83	 0.88	10.85	 1.25	320.36	282.73	289.89	267.30	 0.00	0	53.46
2011	12	1	3.734	6178.1558	334.1556	0.1556	 1.14	 0.06	198.68	 2.73	 2.40	 1.00	10.75	 1.18	320.44	282.57	290.52	 0.00	290.93	0	54.00
2011	12	1	5.047	6178.2104	334.2103	0.2103	 1.18	 0.06	204.43	 2.40	 2.71	 1.00	10.73	 1.26	320.28	282.03	289.99	266.53	288.99	0	53.31
2011	12	1	5.511	6178.2295	334.2296	0.2296	 0.98	 0.05	196.97	 2.92	 0.48	 1.00	10.75	 1.12	319.38	281.79	289.87	 0.00	 0.00	0	54.00
2011	12	1	6.386	6178.2661	334.2661	0.2661	 0.94	 0.04	196.76	 2.69	 5.74	 0.99	10.73	 1.13	315.98	281.03	287.48	266.93	288.11	0	53.39
2011	12	1	6.823	6178.2842	334.2843	0.2843	 0.95	 0.05	199.75	 3.27	 3.79	 1.00	10.73	 1.08	315.95	280.85	288.96	266.41	287.97	0	53.28
2011	12	1	7.263	6178.3027	334.3026	0.3026	 1.12	 0.05	199.64	 2.33	 4.43	 1.00	10.75	 1.20	317.13	280.71	289.25	265.17	286.93	0	53.03
2011	12	1	7.726	6178.3218	334.3219	0.3219	 1.05	 0.07	199.39	 3.24	 2.58	 1.00	10.75	 1.11	320.48	280.71	286.65	 0.00	287.18	0	54.00
2011	12	1	8.165	6178.3403	334.3402	0.3402	 1.11	 0.04	197.75	 1.70	 3.66	 0.99	10.72	 1.22	320.10	280.68	287.86	264.80	287.38	0	52.96
2011	12	1	9.043	6178.3770	334.3768	0.3768	 0.85	 0.04	191.74	 3.06	 8.06	 0.98	10.73	 1.12	320.41	280.54	286.21	 0.00	287.26	0	54.00
2011	12	1	12.597	6178.5249	334.5249	0.5249	 0.79	 0.04	197.99	 3.52	 6.42	 0.99	10.72	 1.21	318.56	283.65	291.75	278.06	290.53	0	55.61
2011	12	1	13.473	6178.5615	334.5614	0.5614	 0.96	 0.05	196.74	 2.65	 9.03	 0.97	10.72	 1.19	317.55	287.82	294.59	279.81	296.01	0	55.96
2011	12	1	16.584	6178.6909	334.6910	0.6910	 1.01	 0.07	199.82	 3.81	 9.85	 1.00	10.75	 1.08	317.79	297.94	309.38	281.87	304.89	0	56.37
2011	12	1	17.458	6178.7275	334.7274	0.7274	 1.63	 0.10	202.61	 2.02	15.74	 0.95	10.73	 1.26	315.32	298.66	309.46	283.12	305.06	0	56.62
2011	12	2	0.969	6179.0405	335.0404	1.0404	 0.92	 0.06	191.99	 3.39	 0.72	 1.00	10.73	 1.29	320.68	283.81	293.56	265.02	289.43	0	53.00
2011	12	2	2.337	6179.0972	335.0974	1.0974	 1.00	 0.06	193.77	 3.13	 2.28	 1.00	10.75	 1.20	317.04	282.21	289.51	265.03	289.71	0	53.01
2011	12	2	2.773	6179.1157	335.1156	1.1156	 0.92	 0.04	193.03	 2.33	 2.25	 1.00	10.73	 1.14	317.84	281.73	289.21	264.91	288.19	0	52.98
2011	12	2	4.113	6179.1714	335.1714	1.1714	 1.14	 0.06	203.27	 2.61	 1.18	 1.00	10.77	 1.13	319.09	280.90	289.07	264.90	287.80	0	52.98
2011	12	2	5.425	6179.2261	335.2260	1.2261	 1.24	 0.08	203.37	 2.89	 1.99	 1.00	10.72	 1.17	318.73	280.32	289.75	264.83	287.33	0	52.97
2011	12	2	5.887	6179.2451	335.2453	1.2453	 1.23	 0.06	199.59	 2.23	10.58	 0.97	10.75	 1.16	319.33	280.28	289.18	264.97	287.22	0	52.99
2011	12	2	6.326	6179.2637	335.2635	1.2636	 1.13	 0.07	202.29	 2.90	 4.18	 1.00	10.73	 1.20	319.34	280.13	289.27	265.32	287.18	0	53.06
2011	12	2	6.764	6179.2817	335.2818	1.2818	 1.08	 0.06	194.65	 2.73	 3.31	 1.00	10.75	 1.17	319.42	280.12	286.43	264.98	287.12	0	53.00
2011	12	2	7.203	6179.3003	335.3001	1.3001	 1.13	 0.06	194.90	 2.60	 4.24	 1.00	10.75	 1.22	319.10	280.03	287.33	265.65	287.15	0	53.13
2011	12	2	8.107	6179.3379	335.3378	1.3378	 1.04	 0.04	197.29	 1.99	11.44	 0.90	10.78	 1.21	315.97	279.95	288.72	265.23	 0.00	0	53.05
2011	12	2	13.845	6179.5767	335.5769	1.5769	 0.88	 0.05	186.15	 3.47	11.67	 0.98	10.75	 1.28	316.34	286.62	295.47	275.85	294.61	0	55.17
2011	12	2	15.620	6179.6509	335.6508	1.6508	 0.70	 0.05	183.84	 5.14	13.82	 0.98	10.72	 1.08	317.27	293.41	303.75	279.73	299.96	0	55.95
2011	12	2	16.057	6179.6689	335.6690	1.6690	 1.05	 0.07	192.98	 3.37	 1.98	 1.00	10.73	 1.13	318.75	294.68	305.46	281.61	301.24	0	56.32
2011	12	2	16.956	6179.7065	335.7065	1.7065	 1.14	 0.06	199.54	 2.49	13.81	 0.96	10.75	 1.15	315.81	296.55	305.92	286.69	302.26	0	57.34
2011	12	2	22.689	6179.9453	335.9454	1.9454	 0.75	 0.07	190.52	 6.63	11.25	 1.00	10.70	 0.90	316.52	288.04	299.78	265.59	296.25	0	53.12
2011	12	3	0.467	6180.0195	336.0195	2.0195	 0.57	 0.34	205.13	52.27	495.68	 0.99	10.78	 1.16	318.07	283.14	292.02	264.84	290.23	0	52.97
2011	12	3	1.344	6180.0562	336.0560	2.0560	 0.57	 0.04	184.99	 5.48	 3.07	 1.00	10.88	 1.16	318.52	282.01	290.62	264.98	287.58	0	53.00
2011	12	3	2.272	6180.0947	336.0947	2.0947	 0.58	 0.04	183.89	 6.11	 6.33	 0.99	10.73	 1.16	318.63	281.16	287.73	264.90	289.60	0	52.98
2011	12	3	2.709	6180.1128	336.1129	2.1129	 0.50	 0.05	188.77	 8.60	 5.01	 1.00	10.73	 1.10	318.80	280.86	287.26	264.89	288.06	0	52.98
2011	12	3	4.047	6180.1685	336.1686	2.1686	 0.68	 0.05	179.94	 5.40	 5.49	 1.00	10.80	 1.22	319.08	280.36	288.21	264.91	287.54	0	52.98
2011	12	3	5.364	6180.2236	336.2235	2.2235	 0.61	 0.03	183.20	 4.14	14.28	 0.88	10.77	 1.23	319.95	280.05	287.52	264.89	288.69	0	52.98
2011	12	3	6.267	6180.2612	336.2611	2.2611	 0.64	 0.03	179.66	 3.62	 8.55	 0.94	10.73	 1.16	320.31	279.92	288.61	264.86	288.49	0	52.97
2011	12	3	6.705	6180.2793	336.2794	2.2794	 0.59	 0.03	181.01	 4.01	 5.03	 0.98	10.75	 1.18	320.14	279.86	286.60	264.86	286.93	0	52.97
2011	12	3	8.017	6180.3340	336.3341	2.3341	 0.49	 0.04	185.77	 6.45	 9.99	 0.96	10.70	 1.17	319.85	279.63	283.80	264.90	286.59	0	52.98
2011	12	3	8.482	6180.3535	336.3534	2.3534	 0.39	 0.05	193.80	13.13	17.91	 0.96	10.78	 1.05	320.12	279.51	284.06	264.91	286.50	0	52.98
2011	12	3	8.921	6180.3716	336.3717	2.3717	 0.50	 0.08	189.09	13.38	22.26	 0.99	10.78	 1.16	320.25	279.42	286.28	264.91	286.35	0	52.98
2011	12	3	9.358	6180.3901	336.3899	2.3899	 0.53	 0.04	183.00	 6.38	 7.66	 0.99	10.77	 1.19	320.27	279.30	284.47	 0.00	286.19	0	54.00
2011	12	3	10.234	6180.4263	336.4264	2.4264	 0.50	 0.04	187.88	 7.20	15.66	 0.95	10.75	 1.15	320.19	279.87	286.54	265.11	286.56	0	53.02
2011	12	3	13.353	6180.5562	336.5564	2.5564	 0.77	 0.04	180.19	 3.43	 8.12	 0.98	10.72	 1.20	320.80	289.13	298.25	275.97	 0.00	0	55.19
2011	12	3	15.567	6180.6484	336.6486	2.6486	 0.83	 0.05	189.78	 3.33	 5.58	 0.99	10.73	 1.14	317.92	296.10	307.10	282.04	303.36	0	56.41
2011	12	3	16.004	6180.6670	336.6668	2.6668	 0.66	 0.04	196.55	 4.94	 1.53	 1.00	10.73	 1.10	320.14	296.97	309.26	283.12	304.36	0	56.62
2011	12	3	16.879	6180.7031	336.7033	2.7033	 0.95	 0.07	192.53	 3.81	 5.04	 1.00	10.72	 1.20	316.81	298.16	310.32	284.03	304.96	0	56.81
2011	12	3	17.778	6180.7407	336.7408	2.7407	 0.74	 0.05	188.21	 4.34	 4.95	 1.00	10.73	 1.08	317.15	298.32	309.72	285.77	305.64	0	57.15
2011	12	3	18.216	6180.7588	336.7590	2.7590	 0.32	 0.07	232.57	32.24	75.64	 0.94	10.78	 0.81	316.46	298.21	314.45	284.89	305.49	0	56.98
2011	12	3	19.554	6180.8149	336.8147	2.8147	 0.74	 0.09	187.83	 7.99	 9.13	 1.00	10.75	 1.00	316.61	296.79	311.56	283.15	305.21	0	56.63
2011	12	3	21.765	6180.9067	336.9069	2.9069	 0.97	 0.05	196.78	 2.89	 5.01	 1.00	10.77	 1.02	320.15	292.51	304.66	277.68	301.14	0	55.54
2011	12	3	23.983	6180.9995	336.9993	2.9993	 1.07	 0.06	187.46	 2.67	14.04	 0.96	10.75	 1.18	319.70	285.24	297.29	263.66	293.00	0	52.73
2011	12	4	2.227	6181.0928	337.0928	3.0928	 0.73	 0.07	183.84	 5.92	 8.84	 1.00	10.77	 1.12	320.85	280.59	287.37	262.65	287.30	0	52.53
2011	12	4	3.982	6181.1660	337.1659	3.1659	 0.48	 0.05	194.93	 9.38	25.52	 0.93	10.73	 1.20	320.52	279.13	285.55	263.45	284.52	0	52.69
2011	12	4	4.444	6181.1851	337.1852	3.1852	 0.68	 0.05	171.47	 4.44	 5.08	 1.00	10.75	 1.29	320.63	278.91	287.19	263.65	284.16	0	52.73
2011	12	4	5.321	6181.2217	337.2217	3.2217	 0.48	 0.04	171.75	 6.45	 8.95	 0.96	10.73	 1.18	320.72	278.53	284.18	263.69	285.32	0	52.74
2011	12	4	7.100	6181.2959	337.2958	3.2958	 0.29	 0.04	216.87	18.42	26.08	 0.85	10.73	 1.11	320.97	278.20	282.33	263.75	285.00	0	52.75
2011	12	4	10.197	6181.4248	337.4249	3.4249	 0.56	 0.04	177.07	 5.40	 2.02	 1.00	10.77	 1.26	321.44	278.32	284.79	264.87	285.71	0	52.97
2011	12	4	10.636	6181.4434	337.4431	3.4431	 0.57	 0.04	175.87	 5.91	 2.03	 1.00	10.73	 1.27	321.45	279.18	285.70	265.09	287.18	0	53.02
2011	12	4	11.539	6181.4810	337.4808	3.4808	 0.48	 0.04	180.71	 6.70	 3.00	 1.00	10.80	 1.26	321.78	281.44	286.55	268.06	288.26	0	53.61
2011	12	4	11.978	6181.4990	337.4991	3.4991	 0.17	 0.07	499.11	169.74	3511.74	 0.00	10.73	 1.20	321.89	282.66	290.81	269.11	289.86	0	53.82
2011	12	4	12.853	6181.5356	337.5356	3.5355	 0.57	 0.06	176.22	 7.52	 1.03	 1.00	10.75	 1.25	321.87	285.42	295.09	270.43	293.10	0	54.09
2011	12	4	13.315	6181.5547	337.5548	3.5548	 0.53	 0.05	178.95	 7.31	 8.45	 0.99	10.77	 1.16	319.28	286.92	294.18	272.03	292.26	0	54.41
2011	12	4	16.399	6181.6831	337.6833	3.6833	 0.76	 0.08	188.57	 6.95	 9.13	 1.00	10.73	 1.13	319.29	293.40	302.86	281.11	298.00	0	56.22
2011	12	4	16.837	6181.7017	337.7015	3.7016	 0.79	 0.05	193.98	 3.83	 8.71	 0.99	10.75	 1.16	316.96	294.39	305.09	 0.00	303.74	0	54.00
2011	12	4	20.820	6181.8677	337.8675	3.8675	 1.41	 0.10	198.45	 2.74	15.43	 0.98	10.73	 1.20	317.16	290.72	303.78	277.56	296.54	0	55.51
2011	12	4	21.697	6181.9038	337.9041	3.9041	 1.38	 0.13	196.32	 3.65	 8.63	 1.00	10.73	 1.12	316.92	289.38	299.45	275.49	295.99	0	55.10
2011	12	4	23.910	6181.9961	337.9963	3.9963	 1.15	 0.08	190.19	 3.27	 1.61	 1.00	10.72	 1.10	318.19	283.42	291.59	263.11	290.70	0	52.62
2011	12	5	1.251	6182.0522	338.0521	4.0521	 0.63	 0.04	193.81	 5.48	 2.85	 1.00	10.75	 1.22	319.30	280.77	287.26	263.89	286.22	0	52.78
2011	12	5	2.129	6182.0889	338.0887	4.0887	 0.67	 0.05	187.55	 4.95	 5.51	 1.00	10.73	 1.13	319.71	279.95	287.90	263.57	286.85	0	52.71
2011	12	5	3.054	6182.1274	338.1273	4.1273	 0.68	 0.05	180.80	 4.73	 3.07	 1.00	10.78	 1.21	320.12	279.29	284.69	263.71	287.61	0	52.74
2011	12	5	4.838	6182.2017	338.2016	4.2016	 0.67	 0.05	173.12	 4.76	 3.62	 1.00	10.77	 1.25	317.29	278.39	285.47	263.76	284.93	0	52.75
2011	12	5	7.493	6182.3120	338.3122	4.3122	 0.18	 0.06	292.18	72.57	22.44	 0.98	10.87	 0.99	317.41	273.65	280.24	263.65	279.59	0	52.73
2011	12	5	9.274	6182.3862	338.3864	4.3864	 0.38	 0.05	187.36	12.71	13.53	 0.97	10.93	 1.11	318.70	275.71	280.97	261.09	281.89	0	52.22
2011	12	5	13.714	6182.5713	338.5714	4.5714	 0.61	 0.27	200.85	36.51	491.82	 0.98	10.80	 1.19	322.09	286.60	291.84	274.71	294.29	0	54.94
2011	12	5	15.925	6182.6636	338.6635	4.6636	 1.10	 0.06	191.36	 2.67	 3.08	 1.00	10.77	 1.24	322.10	294.95	303.63	282.19	301.13	0	56.44
2011	12	5	16.798	6182.6997	338.6999	4.6999	 0.77	 0.06	192.02	 5.57	 9.25	 1.00	10.73	 1.01	321.78	296.71	306.52	283.11	302.73	0	56.62
2011	12	5	18.134	6182.7554	338.7556	4.7556	 1.10	 0.05	192.35	 2.37	 6.54	 0.99	10.77	 1.19	320.69	297.42	309.28	286.33	303.95	0	57.27
2011	12	6	0.311	6183.0132	339.0130	5.0130	 0.83	 0.22	208.92	17.52	100.85	 1.00	10.73	 1.26	323.74	282.58	289.81	262.91	289.11	0	52.58
2011	12	6	2.091	6183.0869	339.0871	5.0871	 0.81	 0.04	187.51	 3.27	 2.37	 1.00	10.75	 1.16	324.11	280.62	288.01	263.77	287.01	0	52.75
2011	12	6	3.894	6183.1621	339.1622	5.1622	 0.93	 0.05	193.00	 2.81	 7.23	 0.99	10.73	 1.26	323.32	279.48	285.66	262.15	287.36	0	52.43
2011	12	6	5.234	6183.2183	339.2181	5.2181	 0.94	 0.04	194.93	 2.67	 4.31	 0.99	10.75	 1.24	324.12	278.79	285.24	260.81	285.00	0	52.16
2011	12	6	5.674	6183.2363	339.2364	5.2364	 0.87	 0.04	190.80	 2.95	 1.48	 1.00	10.73	 1.24	322.62	278.55	284.23	261.67	286.06	0	52.33
2011	12	6	8.330	6183.3472	339.3471	5.3471	 0.76	 0.05	187.34	 4.30	 2.87	 1.00	10.73	 1.22	323.79	278.12	283.51	262.44	284.31	0	52.49
2011	12	6	9.208	6183.3838	339.3837	5.3837	 0.68	 0.04	187.40	 3.90	 7.90	 0.98	10.73	 1.12	324.95	278.12	283.30	262.60	284.14	0	52.52
2011	12	6	9.670	6183.4028	339.4029	5.4029	 0.79	 0.05	190.06	 3.78	 5.39	 1.00	10.75	 1.24	325.05	278.23	283.42	263.01	 0.00	0	52.60
2011	12	6	10.984	6183.4575	339.4577	5.4577	 0.79	 0.05	189.43	 3.79	 3.09	 1.00	10.72	 1.21	325.37	280.56	284.98	264.96	 0.00	0	52.99
2011	12	6	12.323	6183.5137	339.5135	5.5134	 0.86	 0.04	190.48	 3.12	 5.22	 0.99	10.73	 1.29	324.74	284.18	290.86	269.44	289.06	0	53.89
2011	12	6	12.760	6183.5317	339.5317	5.5317	 0.66	 0.03	197.69	 3.57	 1.89	 1.00	10.70	 1.19	324.25	285.89	293.24	 0.00	293.17	0	54.00
2011	12	6	13.197	6183.5498	339.5499	5.5499	 0.83	 0.04	194.33	 2.93	 1.55	 1.00	10.73	 1.22	323.25	287.35	292.39	 0.00	294.56	0	54.00
2011	12	6	15.410	6183.6421	339.6421	5.6421	 0.95	 0.06	194.34	 3.46	 7.39	 0.99	10.78	 1.10	323.10	294.72	305.35	278.06	302.45	0	55.61
2011	12	6	16.311	6183.6797	339.6796	5.6796	 1.21	 0.08	199.03	 3.09	 4.95	 1.00	10.82	 1.17	322.84	296.64	307.85	279.17	303.88	0	55.83
2011	12	6	21.172	6183.8823	339.8821	5.8822	 1.92	 0.28	201.25	 3.84	32.42	 0.99	10.73	 1.09	325.76	290.93	300.19	275.61	296.75	0	55.12
2011	12	6	22.494	6183.9370	339.9372	5.9372	 1.80	 0.19	200.25	 3.00	 9.83	 1.00	10.88	 1.19	325.15	287.93	297.21	266.05	294.98	0	53.21
2011	12	7	0.274	6184.0112	340.0114	6.0114	 0.78	 0.05	198.49	 4.76	11.76	 0.99	10.70	 1.22	324.42	282.81	290.19	262.36	287.86	0	52.47
2011	12	7	2.493	6184.1040	340.1039	6.1039	 0.77	 0.05	193.46	 3.91	11.29	 0.98	10.73	 1.16	324.95	280.14	287.20	262.65	286.49	0	52.53
2011	12	7	6.076	6184.2529	340.2532	6.2532	 0.72	 0.04	185.05	 3.59	 5.83	 0.99	10.73	 1.24	324.63	278.13	286.84	261.66	284.30	0	52.33
2011	12	7	6.515	6184.2715	340.2715	6.2715	 0.72	 0.05	174.33	 4.72	 3.74	 1.00	10.73	 1.28	324.95	277.92	284.17	261.43	285.29	0	52.29
2011	12	7	6.954	6184.2896	340.2897	6.2897	 0.52	 0.06	170.32	 8.77	15.82	 0.98	10.75	 1.15	324.61	277.73	282.93	261.45	283.89	0	52.29
2011	12	7	7.393	6184.3081	340.3080	6.3080	 0.68	 0.05	168.55	 4.25	 3.57	 1.00	10.73	 1.29	325.00	277.53	285.50	261.27	283.55	0	52.25
2011	12	7	13.600	6184.5669	340.5667	6.5667	 0.48	 0.05	176.29	 9.75	28.38	 0.92	10.75	 1.25	326.38	283.09	288.41	269.38	287.91	0	53.88
2011	12	7	14.502	6184.6040	340.6042	6.6042	 0.70	 0.04	168.99	 3.84	23.76	 0.80	10.77	 1.19	326.35	287.89	294.50	273.48	295.32	0	54.70
2011	12	7	18.932	6184.7891	340.7888	6.7888	 1.44	 0.13	188.93	 3.26	 2.58	 1.00	10.77	 0.97	323.63	296.47	308.22	279.88	301.82	0	55.98
2011	12	7	19.372	6184.8071	340.8072	6.8072	 1.97	 0.14	194.74	 1.80	 2.50	 1.00	10.73	 1.08	323.52	296.20	304.44	 0.00	304.06	0	54.00
2011	12	7	22.901	6184.9541	340.9542	6.9542	 1.90	 0.12	202.56	 1.74	 3.34	 1.00	10.75	 1.22	324.27	288.07	297.58	264.83	295.17	0	52.97
2011	12	7	23.364	6184.9736	340.9735	6.9735	 1.89	 0.13	198.34	 1.86	 2.57	 1.00	10.73	 1.22	324.44	286.77	295.26	262.89	295.69	0	52.58
2011	12	7	23.803	6184.9917	340.9918	6.9918	 1.80	 0.11	200.07	 1.77	 3.39	 1.00	10.75	 1.16	324.43	285.83	294.72	263.07	293.79	0	52.61
2011	12	8	0.243	6185.0103	341.0101	7.0101	 1.29	 0.07	194.92	 2.26	 6.94	 0.99	10.87	 1.10	324.45	285.11	291.41	262.70	292.87	0	52.54
2011	12	8	0.682	6185.0283	341.0284	7.0284	 1.15	 0.08	188.87	 3.17	 4.17	 1.00	10.72	 1.17	324.45	284.37	290.77	262.36	290.89	0	52.47
2011	12	8	1.586	6185.0659	341.0661	7.0661	 0.64	 0.04	192.42	 4.86	11.25	 0.97	10.75	 1.20	324.32	282.26	290.65	 0.00	289.90	0	54.00
2011	12	8	2.027	6185.0845	341.0844	7.0844	 0.56	 0.05	195.42	 7.43	10.89	 0.99	10.82	 1.17	323.99	281.32	286.78	261.40	287.66	0	52.28
2011	12	8	3.833	6185.1597	341.1597	7.1597	 0.78	 0.05	181.33	 4.06	 9.31	 0.99	10.78	 1.21	324.41	278.97	286.11	261.16	283.90	0	52.23
2011	12	8	4.714	6185.1963	341.1964	7.1964	 0.65	 0.05	180.97	 5.63	 6.62	 1.00	10.88	 1.14	324.40	278.37	282.36	261.20	283.19	0	52.24
2011	12	8	8.721	6185.3633	341.3634	7.3634	 0.71	 0.05	169.34	 4.21	 4.92	 1.00	10.77	 1.19	324.21	277.05	282.84	260.62	281.83	0	52.12
2011	12	8	9.602	6185.3999	341.4001	7.4001	 0.57	 0.03	177.80	 4.47	 9.87	 0.94	10.73	 1.22	324.91	276.86	282.10	260.61	 0.00	0	52.12
2011	12	8	10.506	6185.4375	341.4377	7.4377	 0.34	 0.19	297.79	101.46	1590.42	 0.80	10.77	 1.29	325.01	277.86	283.01	264.08	283.69	0	52.82
2011	12	8	11.821	6185.4927	341.4925	7.4925	 0.75	 0.04	166.57	 3.49	 2.64	 1.00	10.77	 1.29	325.18	280.99	288.79	265.74	287.11	0	53.15
2011	12	8	12.721	6185.5303	341.5301	7.5301	 0.47	 0.04	175.74	 7.76	11.56	 0.97	10.75	 1.13	325.74	283.95	287.98	265.75	292.56	0	53.15
2011	12	8	18.462	6185.7690	341.7693	7.7693	 1.07	 0.10	183.52	 4.40	11.03	 1.00	10.72	 0.98	325.12	297.46	308.87	281.13	304.97	0	56.23
2011	12	8	18.899	6185.7876	341.7875	7.7875	 0.84	 0.06	192.26	 4.11	13.03	 0.98	10.73	 1.01	325.19	297.36	308.23	281.10	305.08	0	56.22
2011	12	8	19.800	6185.8252	341.8250	7.8250	 0.90	 0.05	187.72	 3.14	12.90	 0.96	10.75	 1.02	325.13	296.60	304.96	279.98	304.81	0	56.00
2011	12	8	21.112	6185.8799	341.8797	7.8797	 1.21	 0.07	201.05	 2.54	 7.78	 0.99	10.72	 1.14	324.99	294.50	306.07	279.26	302.63	0	55.85
2011	12	8	21.575	6185.8989	341.8990	7.8990	 1.62	 0.10	203.51	 2.11	 4.61	 1.00	10.78	 1.23	325.01	293.48	306.25	278.91	 0.00	0	55.78
2011	12	8	23.325	6185.9717	341.9719	7.9719	 1.42	 0.07	200.67	 2.02	 3.58	 1.00	10.73	 1.17	324.76	287.94	298.45	265.75	 0.00	0	53.15
2011	12	9	0.666	6186.0278	342.0278	8.0278	 0.76	 0.04	161.39	 2.95	 3.95	 0.99	10.75	 1.21	324.72	283.97	290.89	 0.00	290.88	0	54.00
2011	12	9	1.106	6186.0459	342.0461	8.0461	 0.41	 0.04	187.13	 9.57	22.83	 0.87	10.73	 1.13	324.85	283.03	290.59	262.24	289.28	0	52.45
2011	12	9	2.005	6186.0835	342.0835	8.0835	 0.69	 0.04	172.88	 3.90	 1.41	 1.00	10.78	 1.27	324.99	281.53	290.48	264.61	287.86	0	52.92
2011	12	9	3.322	6186.1382	342.1384	8.1384	 0.43	 0.03	174.63	 7.08	 9.14	 0.95	10.73	 1.20	324.92	280.56	285.87	264.98	287.01	0	53.00
2011	12	9	5.568	6186.2319	342.2320	8.2320	 0.52	 0.03	170.91	 5.22	 6.50	 0.97	10.75	 1.21	324.95	279.50	286.48	264.88	286.08	0	52.98
2011	12	9	7.785	6186.3242	342.3244	8.3244	 0.58	 0.05	169.70	 5.84	 1.87	 1.00	10.75	 1.23	325.25	279.08	285.43	264.89	285.55	0	52.98
2011	12	9	8.224	6186.3428	342.3427	8.3427	 0.47	 0.04	177.25	 8.30	 4.87	 1.00	10.73	 1.16	325.47	279.08	285.19	264.91	285.46	0	52.98
2011	12	9	9.565	6186.3984	342.3985	8.3985	 0.64	 0.04	168.99	 4.60	 6.39	 0.99	10.77	 1.26	325.49	279.13	284.05	264.87	285.34	0	52.97
2011	12	9	10.442	6186.4351	342.4351	8.4351	 0.64	 0.05	177.07	 5.50	 1.54	 1.00	10.73	 1.29	325.55	280.24	287.79	264.90	284.32	0	52.98
2011	12	9	11.347	6186.4727	342.4728	8.4728	 0.60	 0.04	178.52	 4.79	 1.69	 1.00	10.80	 1.18	325.76	282.53	286.94	271.16	 0.00	0	54.23
2011	12	9	13.126	6186.5469	342.5469	8.5469	 0.77	 0.04	181.01	 3.03	 7.45	 0.97	10.77	 1.16	325.64	289.28	296.27	277.09	297.22	0	55.42
2011	12	9	16.653	6186.6938	342.6939	8.6939	 1.41	 0.10	189.20	 2.67	 5.47	 1.00	10.73	 1.11	323.07	299.67	310.25	285.24	305.80	0	57.05
2011	12	9	17.552	6186.7314	342.7313	8.7313	 0.99	 0.10	198.91	 5.64	20.54	 1.00	10.73	 0.84	324.32	300.19	117.42	284.84	305.20	0	56.97
2011	12	9	19.301	6186.8042	342.8042	8.8042	 0.94	 0.06	193.21	 3.46	41.02	 0.79	10.72	 0.91	322.11	299.42	314.02	284.81	309.45	0	56.96
2011	12	9	19.764	6186.8232	342.8235	8.8235	 0.87	 0.08	196.69	 5.85	24.89	 0.99	10.78	 1.05	322.08	298.67	309.25	284.78	307.22	0	56.96
2011	12	9	21.976	6186.9155	342.9157	8.9157	 1.16	 0.13	202.97	 5.20	 4.28	 1.00	10.77	 1.15	322.46	294.18	305.60	274.52	304.22	0	54.90
2011	12	9	22.853	6186.9521	342.9522	8.9522	 1.04	 0.26	199.56	13.23	78.84	 1.00	10.75	 1.03	323.96	291.00	303.96	265.60	298.64	0	53.12
2011	12	9	23.291	6186.9702	342.9704	8.9704	 1.45	 0.47	190.71	11.63	70.89	 1.00	10.75	 1.17	325.54	289.41	302.91	265.62	297.13	0	53.12
2011	12	9	23.730	6186.9888	342.9887	8.9887	 0.96	 0.08	190.80	 4.58	 7.23	 1.00	10.77	 1.19	324.86	287.96	299.01	265.52	294.80	0	53.10
2011	12	10	0.631	6187.0264	343.0263	9.0263	 0.86	 0.05	184.14	 3.53	 1.13	 1.00	10.73	 1.25	324.68	285.62	295.29	264.95	290.86	0	52.99
2011	12	10	1.507	6187.0630	343.0628	9.0628	 0.65	 0.03	178.50	 3.71	 3.31	 0.99	10.85	 1.17	324.75	284.33	290.33	264.93	289.54	0	52.99
2011	12	10	1.946	6187.0811	343.0811	9.0811	 0.69	 0.05	177.03	 4.38	 4.01	 1.00	10.72	 1.19	325.26	283.82	289.94	264.87	290.40	0	52.97
2011	12	10	2.408	6187.1001	343.1003	9.1003	 0.64	 0.05	181.98	 5.63	 2.60	 1.00	10.77	 1.17	324.85	283.37	288.87	264.82	291.48	0	52.96
2011	12	10	3.283	6187.1367	343.1368	9.1368	 0.59	 0.04	185.32	 5.55	 9.57	 0.98	10.73	 1.15	325.14	282.78	287.51	264.87	290.71	0	52.97
2011	12	10	4.646	6187.1934	343.1936	9.1936	 0.81	 0.05	186.22	 4.03	 7.25	 0.99	10.82	 1.22	325.38	282.14	289.75	264.77	287.39	0	52.95
2011	12	10	5.961	6187.2485	343.2484	9.2484	 0.85	 0.04	184.21	 3.05	 1.39	 1.00	10.77	 1.26	324.87	281.73	289.86	264.77	288.34	0	52.95
2011	12	10	7.303	6187.3042	343.3043	9.3043	 0.66	 0.04	190.90	 4.32	 4.79	 0.99	10.73	 1.17	324.51	281.31	286.85	264.84	287.95	0	52.97
2011	12	10	8.616	6187.3589	343.3590	9.3590	 0.76	 0.04	192.60	 3.23	 1.17	 1.00	10.73	 1.20	322.92	280.86	288.02	264.74	287.50	0	52.95
2011	12	10	10.394	6187.4331	343.4331	9.4331	 0.91	 0.05	189.91	 2.86	 3.11	 1.00	10.77	 1.27	323.16	281.63	290.24	267.90	288.18	0	53.58
2011	12	10	13.047	6187.5435	343.5436	9.5436	 0.91	 0.04	187.47	 2.68	 4.70	 0.99	10.72	 1.16	323.47	289.22	296.32	275.69	297.12	0	55.14
2011	12	10	14.383	6187.5991	343.5993	9.5993	 0.97	 0.04	191.06	 2.35	 2.44	 1.00	10.73	 1.16	321.60	294.08	302.91	281.82	302.18	0	56.36
2011	12	10	14.822	6187.6177	343.6176	9.6176	 0.93	 0.05	191.67	 2.72	 3.53	 1.00	10.73	 1.08	320.25	295.43	305.46	281.65	303.14	0	56.33
2011	12	10	15.259	6187.6357	343.6358	9.6358	 1.02	 0.05	200.72	 2.62	 4.91	 0.99	10.73	 1.17	322.19	296.74	308.42	283.14	304.33	0	56.63
2011	12	10	16.158	6187.6733	343.6732	9.6733	 1.14	 0.06	197.98	 2.68	23.00	 0.91	10.72	 1.05	319.43	298.82	310.18	283.57	305.66	0	56.71
2011	12	10	16.596	6187.6914	343.6915	9.6915	 1.28	 0.06	206.79	 2.04	15.66	 0.91	10.80	 1.28	317.61	299.35	311.18	284.26	306.51	0	56.85
2011	12	10	17.034	6187.7100	343.7097	9.7097	 1.19	 0.04	206.92	 1.71	 3.82	 0.99	10.73	 1.22	318.80	299.70	310.78	283.77	307.01	0	56.75
2011	12	10	17.471	6187.7280	343.7280	9.7280	 1.16	 0.05	202.85	 2.12	20.24	 0.84	10.80	 1.12	318.07	299.80	312.82	283.71	306.75	0	56.74
2011	12	10	17.934	6187.7471	343.7472	9.7472	 1.21	 0.08	197.59	 2.81	 6.17	 1.00	10.77	 1.02	318.32	299.75	312.46	283.49	307.23	0	56.70
2011	12	10	18.808	6187.7837	343.7837	9.7837	 0.99	 0.09	193.43	 4.71	23.35	 0.99	10.72	 0.95	318.22	299.30	311.41	283.30	307.27	0	56.66
2011	12	10	21.455	6187.8940	343.8940	9.8940	 1.28	 0.06	195.01	 2.09	 5.73	 0.99	10.73	 1.23	317.89	293.87	304.27	276.08	302.35	0	55.22
2011	12	10	23.669	6187.9863	343.9862	9.9862	 1.25	 0.07	198.71	 2.47	 5.66	 1.00	10.73	 1.16	321.45	286.75	294.62	266.70	293.70	0	53.34
2011	12	11	1.008	6188.0420	344.0420	10.0420	 1.30	 0.06	198.75	 1.79	 3.81	 0.99	10.73	 1.15	322.20	285.08	293.32	268.27	292.17	0	53.65
2011	12	11	1.884	6188.0786	344.0785	10.0785	 1.37	 0.06	206.61	 1.70	 3.49	 0.99	10.75	 1.29	322.42	284.40	292.92	267.40	291.52	0	53.48
2011	12	11	2.784	6188.1162	344.1160	10.1160	 1.63	 0.07	206.54	 1.47	 0.71	 1.00	10.77	 1.26	321.55	283.66	291.12	266.62	290.74	0	53.32
2011	12	11	3.660	6188.1523	344.1525	10.1525	 1.53	 0.42	234.11	11.30	1646.48	 0.55	10.77	 1.27	323.36	283.17	289.05	264.97	291.20	0	52.99
2011	12	11	4.099	6188.1709	344.1708	10.1708	 1.54	 0.06	207.24	 1.46	 7.79	 0.95	10.72	 1.23	323.05	282.98	290.00	264.85	288.18	0	52.97
2011	12	11	5.025	6188.2095	344.2094	10.2094	 1.69	 0.08	204.80	 1.53	 1.50	 1.00	10.77	 1.17	322.43	282.56	288.88	264.90	289.20	0	52.98
2011	12	11	6.337	6188.2642	344.2640	10.2641	 1.97	 0.13	207.78	 1.74	 2.35	 1.00	10.75	 1.26	322.90	282.29	289.43	264.93	287.41	0	52.99
2011	12	11	7.236	6188.3018	344.3015	10.3015	 2.00	 0.10	204.88	 1.22	 5.16	 0.97	10.75	 1.24	323.16	281.99	287.68	264.83	288.43	0	52.97
2011	12	11	8.991	6188.3745	344.3746	10.3746	 2.03	 0.13	207.80	 1.61	 1.62	 1.00	10.72	 1.21	322.85	281.87	288.15	264.84	289.76	0	52.97
2011	12	11	9.453	6188.3940	344.3939	10.3939	 2.11	 0.09	212.18	 1.07	 6.89	 0.92	10.82	 1.28	320.19	281.74	290.72	264.82	288.91	0	52.96
2011	12	11	12.105	6188.5044	344.5044	10.5044	 2.13	 0.13	207.39	 1.49	 3.71	 1.00	10.73	 1.19	324.63	283.04	289.59	275.66	288.75	0	55.13
2011	12	11	13.419	6188.5591	344.5591	10.5591	 2.38	 0.21	206.79	 1.69	 5.10	 1.00	10.75	 1.09	322.88	290.02	295.31	281.38	297.97	0	56.28
2011	12	11	14.321	6188.5967	344.5967	10.5967	 3.21	 0.36	213.58	 1.24	 1.42	 1.00	10.72	 1.20	322.05	293.88	302.89	 0.00	302.24	0	54.00
2011	12	11	14.757	6188.6147	344.6149	10.6149	 3.50	 0.61	207.41	 1.49	 0.74	 1.00	10.73	 1.10	321.83	295.69	304.60	283.02	301.95	0	56.60
2011	12	11	16.969	6188.7070	344.7070	10.7070	 1.80	 0.13	213.78	 2.14	 1.69	 1.00	10.73	 1.25	321.64	299.72	310.67	282.82	307.12	0	56.56
2011	12	11	19.617	6188.8174	344.8174	10.8174	 3.11	 0.69	210.59	 2.59	 6.91	 1.00	10.75	 1.22	319.21	297.30	310.02	277.97	305.21	0	55.59
2011	12	11	20.517	6188.8550	344.8549	10.8549	 2.62	 0.50	203.70	 3.06	10.68	 1.00	10.73	 1.12	321.34	295.56	306.35	275.81	303.87	0	55.16
2011	12	11	23.609	6188.9839	344.9837	10.9837	 1.60	 0.06	203.50	 1.38	 1.56	 1.00	10.72	 1.12	322.13	287.12	295.66	265.77	294.23	0	53.15
2011	12	12	0.488	6189.0205	345.0203	11.0203	 1.87	 0.08	207.45	 1.26	 1.35	 1.00	10.72	 1.21	322.33	285.82	294.46	268.53	291.54	0	53.71
2011	12	12	2.265	6189.0942	345.0944	11.0944	 2.41	 0.24	206.65	 1.89	 9.99	 0.99	10.73	 1.21	322.30	284.77	292.31	269.00	291.91	0	53.80
2011	12	12	4.043	6189.1685	345.1685	11.1684	 2.27	 0.17	203.76	 1.57	 7.22	 0.99	10.73	 1.23	321.72	283.48	291.46	267.82	290.92	0	53.56
2011	12	12	4.922	6189.2051	345.2051	11.2051	 2.05	 0.11	208.79	 1.40	 1.94	 1.00	10.73	 1.23	322.56	283.38	290.59	264.94	290.36	0	52.99
2011	12	12	5.411	6189.2256	345.2254	11.2254	 2.24	 0.16	209.18	 1.61	 1.90	 1.00	10.80	 1.21	322.99	283.24	291.32	264.92	290.11	0	52.98
2011	12	12	6.724	6189.2803	345.2802	11.2802	 2.37	 0.19	209.40	 1.63	 2.88	 1.00	10.73	 1.24	322.65	282.92	289.21	264.86	289.55	0	52.97
2011	12	12	7.624	6189.3179	345.3177	11.3177	 2.34	 0.19	206.55	 1.60	 4.28	 1.00	10.75	 1.15	319.41	282.55	287.98	264.98	289.87	0	53.00
2011	12	12	10.716	6189.4463	345.4465	11.4465	 2.00	 0.09	205.95	 1.18	 2.88	 0.99	10.73	 1.22	323.34	280.36	284.74	271.73	284.83	0	54.35
2011	12	12	11.157	6189.4648	345.4649	11.4649	 2.03	 0.11	206.99	 1.36	 3.88	 0.99	10.83	 1.28	323.50	281.98	286.18	272.87	288.30	0	54.57
2011	12	12	11.597	6189.4834	345.4832	11.4832	 2.34	 0.20	207.75	 1.69	 2.65	 1.00	10.75	 1.25	323.43	283.72	290.10	274.95	290.46	0	54.99
2011	12	12	12.936	6189.5391	345.5390	11.5390	 2.23	 0.15	207.84	 1.46	 4.57	 0.99	10.73	 1.24	322.36	289.04	296.31	278.19	296.69	0	55.64
2011	12	12	13.811	6189.5757	345.5754	11.5754	 2.29	 0.18	203.50	 1.65	 5.77	 0.99	10.72	 1.03	323.15	292.43	299.34	280.27	299.70	0	56.05
2011	12	12	14.272	6189.5947	345.5947	11.5947	 2.80	 0.24	210.33	 1.24	 1.76	 1.00	10.78	 1.18	322.57	294.22	303.44	281.80	303.97	0	56.36
2011	12	12	15.146	6189.6309	345.6311	11.6311	 3.33	 0.50	206.78	 1.45	 1.21	 1.00	10.73	 1.07	322.33	296.96	305.35	286.80	 0.00	0	57.36
2011	12	12	15.584	6189.6494	345.6493	11.6493	 2.94	 0.38	201.16	 1.63	44.23	 0.65	10.73	 1.02	321.75	297.70	298.02	284.47	305.74	0	56.89
2011	12	12	16.484	6189.6870	345.6868	11.6868	 3.53	 0.57	208.51	 1.36	 0.47	 1.00	10.77	 1.04	317.04	299.63	309.99	285.07	306.10	0	57.01
2011	12	12	23.558	6189.9814	345.9816	11.9816	 2.71	 0.60	222.25	 3.65	147.80	 0.81	10.73	 1.23	318.83	286.64	298.68	265.57	295.02	0	53.11
2011	12	12	23.996	6190.0000	345.9998	11.9998	 3.30	 0.41	207.72	 1.24	 3.44	 0.99	10.78	 1.14	320.93	285.52	294.00	265.51	292.33	0	53.10
2011	12	13	0.434	6190.0181	346.0181	12.0181	 3.53	 1.72	212.87	 4.21	21.00	 1.00	10.77	 1.19	321.64	284.64	292.79	265.29	292.69	0	53.06
2011	12	13	2.211	6190.0923	346.0921	12.0921	 2.73	 0.29	209.01	 1.62	 3.03	 1.00	10.72	 1.20	321.86	283.67	291.12	267.72	291.96	0	53.54
2011	12	13	2.648	6190.1104	346.1104	12.1103	 3.04	 0.42	209.10	 1.69	 3.55	 1.00	10.73	 1.21	321.77	283.51	293.33	267.04	 0.00	0	53.41
2011	12	13	3.088	6190.1284	346.1286	12.1286	 2.99	 0.34	201.73	 1.38	10.37	 0.96	10.75	 1.14	321.80	283.28	287.66	265.30	288.82	0	53.06
2011	12	13	4.430	6190.1846	346.1846	12.1846	 2.25	 0.19	212.87	 1.88	22.69	 0.92	10.73	 1.23	320.42	282.59	290.78	 0.00	289.33	0	54.00
2011	12	13	5.306	6190.2212	346.2211	12.2211	 3.22	 0.33	210.67	 1.11	 3.92	 0.99	10.72	 1.24	320.71	282.35	289.99	265.01	288.93	0	53.00
2011	12	13	6.670	6190.2778	346.2779	12.2779	 2.76	 0.23	209.87	 1.26	 5.04	 0.99	10.77	 1.20	320.56	282.07	287.81	265.07	290.17	0	53.01
2011	12	13	7.111	6190.2964	346.2963	12.2963	 2.80	 0.30	209.48	 1.56	 2.15	 1.00	10.73	 1.18	320.44	282.02	287.97	264.98	288.58	0	53.00
2011	12	13	7.551	6190.3145	346.3146	12.3146	 3.05	 0.26	210.74	 1.06	 1.76	 1.00	10.77	 1.21	320.44	282.00	289.19	264.94	288.50	0	52.99
2011	12	13	8.015	6190.3340	346.3340	12.3339	 2.77	 0.28	208.79	 1.51	 2.43	 1.00	10.77	 1.15	320.70	281.98	288.29	265.01	288.50	0	53.00
2011	12	13	8.892	6190.3706	346.3705	12.3705	 2.64	 0.27	209.71	 1.66	 2.62	 1.00	10.83	 1.18	320.61	281.76	288.46	263.94	286.75	0	52.79
2011	12	13	9.330	6190.3887	346.3887	12.3887	 3.18	 0.39	208.08	 1.34	 4.58	 0.99	10.70	 1.24	319.64	281.55	287.67	 0.00	287.99	0	54.00
2011	12	13	10.230	6190.4263	346.4262	12.4262	 3.49	 0.65	209.07	 1.63	 1.08	 1.00	10.78	 1.17	320.35	281.60	288.48	264.91	287.86	0	52.98
2011	12	13	11.985	6190.4995	346.4994	12.4994	 2.91	 0.26	207.55	 1.20	 0.93	 1.00	10.72	 1.19	320.77	285.27	291.30	273.04	292.36	0	54.61
2011	12	13	12.446	6190.5186	346.5186	12.5186	 3.05	 0.35	206.78	 1.38	 0.74	 1.00	10.77	 1.16	320.91	286.75	292.47	275.04	291.82	0	55.01
2011	12	13	13.324	6190.5552	346.5551	12.5552	 2.93	 0.27	206.31	 1.19	 1.69	 1.00	10.77	 1.15	320.62	289.94	297.37	277.74	295.29	0	55.55
2011	12	13	13.761	6190.5732	346.5734	12.5734	 3.70	 0.60	203.88	 1.19	 2.45	 1.00	10.73	 1.03	320.02	291.61	300.22	279.67	299.67	0	55.93
2011	12	13	14.198	6190.5918	346.5916	12.5916	 2.91	 0.29	207.47	 1.35	 3.38	 1.00	10.72	 1.16	317.16	293.14	301.72	281.85	300.69	0	56.37
2011	12	13	15.534	6190.6475	346.6473	12.6473	 3.80	 0.71	205.10	 1.27	 2.39	 1.00	10.73	 1.06	317.28	296.95	307.84	283.72	304.10	0	56.74
2011	12	13	16.409	6190.6836	346.6837	12.6837	 2.66	 0.25	209.74	 1.52	 2.17	 1.00	10.72	 1.14	318.25	298.77	310.41	283.82	304.80	0	56.76
2011	12	13	16.871	6190.7031	346.7029	12.7030	 2.61	 0.26	205.20	 1.67	 2.87	 1.00	10.77	 0.99	315.72	299.05	311.59	282.92	306.78	0	56.58
2011	12	13	21.291	6190.8872	346.8871	12.8871	 3.10	 0.84	210.11	 3.20	14.93	 1.00	10.73	 1.19	319.79	293.37	305.15	274.75	301.32	0	54.95
2011	12	13	23.045	6190.9604	346.9602	12.9602	 3.43	 1.06	205.42	 2.77	17.48	 0.99	10.75	 1.21	316.97	288.25	300.00	 0.00	294.97	0	54.00
2011	12	13	23.509	6190.9795	346.9795	12.9795	 3.04	 0.36	205.78	 1.41	 4.35	 0.99	10.75	 1.15	320.00	286.83	296.62	265.57	293.56	0	53.11
2011	12	14	2.164	6191.0903	347.0901	13.0902	 2.44	 0.17	206.45	 1.29	 5.12	 0.99	10.72	 1.20	320.82	283.27	290.35	267.17	290.27	0	53.43
2011	12	14	2.601	6191.1084	347.1084	13.1084	 2.37	 0.12	207.63	 1.03	 3.71	 0.98	10.75	 1.20	320.51	282.92	290.15	266.25	291.38	0	53.25
2011	12	14	3.479	6191.1450	347.1449	13.1449	 3.17	 0.40	208.67	 1.41	 5.98	 0.99	10.72	 1.21	319.38	282.42	289.88	264.94	289.38	0	52.99
2011	12	14	3.942	6191.1641	347.1642	13.1642	 2.67	 0.33	208.24	 1.97	 2.33	 1.00	10.77	 1.13	320.11	282.22	290.00	265.02	290.47	0	53.00
2011	12	14	4.818	6191.2007	347.2008	13.2008	 3.41	 0.54	205.59	 1.46	 1.99	 1.00	10.72	 1.15	319.96	281.90	288.14	265.12	288.75	0	53.02
2011	12	14	5.256	6191.2192	347.2190	13.2190	 3.03	 0.36	207.64	 1.47	 2.82	 1.00	10.72	 1.16	319.60	281.71	287.92	265.12	288.55	0	53.02
2011	12	14	6.625	6191.2759	347.2760	13.2760	 3.11	 0.34	207.52	 1.27	 4.30	 0.99	10.73	 1.22	319.88	281.15	287.76	265.09	289.34	0	53.02
2011	12	14	7.063	6191.2944	347.2943	13.2943	 2.79	 0.26	208.04	 1.35	 0.93	 1.00	10.72	 1.23	319.78	281.07	287.45	265.02	286.31	0	53.00
2011	12	14	8.403	6191.3501	347.3501	13.3501	 2.01	 0.09	207.06	 1.20	 3.72	 0.99	10.78	 1.20	318.83	280.65	288.77	265.04	288.90	0	53.01
2011	12	14	10.156	6191.4233	347.4232	13.4232	 1.82	 0.09	202.41	 1.47	 7.84	 0.97	10.73	 1.24	318.04	280.66	285.67	265.38	285.72	0	53.08
2011	12	14	10.618	6191.4424	347.4424	13.4424	 1.79	 0.12	205.97	 1.92	 2.25	 1.00	10.80	 1.18	318.27	281.40	288.35	268.58	288.02	0	53.72
2011	12	14	11.496	6191.4790	347.4790	13.4790	 2.03	 0.13	201.89	 1.58	 4.40	 0.99	10.72	 1.21	318.63	283.44	290.69	272.63	290.31	0	54.53
2011	12	14	11.933	6191.4971	347.4972	13.4972	 1.91	 0.11	201.90	 1.55	 4.24	 0.99	10.70	 1.11	318.76	284.72	290.69	272.71	292.24	0	54.54
2011	12	14	12.370	6191.5156	347.5154	13.5154	 1.97	 0.12	202.64	 1.52	 2.10	 1.00	10.73	 1.20	318.86	286.08	292.65	274.49	293.43	0	54.90
2011	12	14	12.832	6191.5347	347.5347	13.5347	 1.95	 0.12	210.15	 1.61	11.29	 0.96	10.80	 1.29	319.24	287.60	296.02	275.31	295.66	0	55.06
2011	12	14	13.269	6191.5527	347.5529	13.5529	 2.16	 0.15	206.11	 1.55	10.77	 0.96	10.73	 1.14	319.70	289.25	298.01	276.68	300.04	0	55.34
2011	12	14	13.707	6191.5713	347.5711	13.5711	 1.85	 0.12	197.57	 1.72	 3.81	 1.00	10.73	 1.01	319.41	290.87	298.81	276.39	299.19	0	55.28
2011	12	14	14.581	6191.6074	347.6075	13.6075	 4.00	 1.35	210.65	 2.01	 1.83	 1.00	10.73	 1.19	317.07	293.51	304.30	277.72	300.68	0	55.54
2011	12	14	15.042	6191.6270	347.6268	13.6268	 2.32	 0.20	196.60	 1.65	 4.41	 1.00	10.75	 0.92	317.02	294.38	304.47	279.85	301.99	0	55.97
2011	12	14	15.479	6191.6450	347.6450	13.6450	 2.13	 0.17	207.79	 1.88	 3.05	 1.00	10.73	 1.08	316.40	295.08	307.89	277.49	302.58	0	55.50
2011	12	14	16.789	6191.6997	347.6996	13.6996	 4.35	 1.32	212.15	 1.39	 5.62	 0.99	10.73	 1.25	316.17	296.63	308.24	279.98	303.89	0	56.00
2011	12	14	17.689	6191.7368	347.7370	13.7370	 2.94	 0.25	209.40	 1.11	 8.22	 0.93	10.73	 1.11	317.01	297.60	310.11	282.25	304.45	0	56.45
2011	12	14	18.126	6191.7554	347.7552	13.7552	 2.80	 0.32	208.16	 1.66	 6.68	 0.99	10.72	 1.18	316.08	297.91	307.86	284.85	305.14	0	56.97
2011	12	14	19.001	6191.7915	347.7917	13.7917	 2.30	 0.32	204.79	 2.85	 9.16	 1.00	10.77	 0.99	316.88	298.06	312.46	283.59	305.53	0	56.72
2011	12	14	20.337	6191.8472	347.8474	13.8474	 3.20	 0.63	202.11	 2.09	 8.30	 1.00	10.72	 1.04	317.50	296.79	310.99	282.07	303.57	0	56.41
2011	12	14	21.211	6191.8838	347.8838	13.8838	 3.19	 0.51	205.61	 1.74	 1.84	 1.00	10.75	 1.02	315.82	294.92	309.27	280.04	301.94	0	56.01
2011	12	15	0.324	6192.0137	348.0135	14.0135	 2.32	 0.19	204.30	 1.64	 2.91	 1.00	10.75	 1.10	320.21	284.01	292.38	265.46	289.73	0	53.09
2011	12	15	1.204	6192.0503	348.0501	14.0502	 2.05	 0.17	210.54	 2.08	 4.77	 1.00	10.72	 1.24	320.36	282.99	293.67	265.14	289.62	0	53.03
2011	12	15	2.106	6192.0879	348.0877	14.0877	 1.76	 0.11	205.18	 1.91	 1.72	 1.00	10.75	 1.10	320.35	282.38	289.80	265.01	289.29	0	53.00
2011	12	15	3.421	6192.1426	348.1425	14.1426	 2.14	 0.16	202.32	 1.73	 1.17	 1.00	10.77	 1.09	319.67	281.65	288.72	264.98	288.60	0	53.00
2011	12	15	3.863	6192.1611	348.1609	14.1609	 1.86	 0.16	201.96	 2.35	 6.31	 1.00	10.73	 1.03	319.59	281.45	289.82	264.98	289.66	0	53.00
2011	12	15	5.642	6192.2349	348.2351	14.2351	 2.25	 0.16	209.62	 1.59	 4.42	 1.00	10.77	 1.28	318.42	280.49	288.88	265.16	288.83	0	53.03
2011	12	15	6.080	6192.2534	348.2533	14.2533	 1.89	 0.17	205.53	 2.55	14.30	 0.99	10.77	 1.12	318.49	280.25	288.60	265.15	288.56	0	53.03
2011	12	15	6.570	6192.2739	348.2737	14.2738	 1.84	 0.12	202.51	 1.79	 2.81	 1.00	10.80	 1.13	317.41	279.97	286.96	 0.00	285.61	0	54.00
2011	12	15	7.009	6192.2920	348.2920	14.2920	 1.77	 0.12	204.72	 2.10	 3.57	 1.00	10.73	 1.24	318.57	279.69	287.29	265.11	 0.00	0	53.02
2011	12	15	7.446	6192.3101	348.3102	14.3102	 1.75	 0.10	205.12	 1.67	 4.23	 0.99	10.72	 1.25	319.89	279.56	285.96	264.12	284.91	0	52.82
2011	12	15	9.666	6192.4028	348.4027	14.4027	 1.30	 0.05	202.82	 1.75	 5.85	 0.98	10.77	 1.21	320.73	278.95	284.27	261.69	285.23	0	52.34
2011	12	15	11.449	6192.4771	348.4771	14.4770	 1.35	 0.07	199.46	 2.06	 5.33	 0.99	10.77	 1.28	321.20	282.15	288.44	269.38	289.17	0	53.88
2011	12	15	12.327	6192.5137	348.5136	14.5136	 1.22	 0.08	197.23	 2.95	 2.92	 1.00	10.78	 1.16	321.33	285.10	290.29	274.04	292.57	0	54.81
2011	12	15	13.663	6192.5693	348.5693	14.5693	 1.66	 0.09	206.16	 1.83	 4.06	 1.00	10.75	 1.12	321.80	290.33	298.75	276.64	 0.00	0	55.33
2011	12	15	14.102	6192.5874	348.5876	14.5876	24.35	2139735063.17	199.45	 4.29	14.68	 1.00	10.77	 1.10	321.91	291.96	299.77	278.89	300.44	0	55.78
2011	12	15	14.539	6192.6060	348.6058	14.6058	 1.93	 0.11	202.79	 1.57	 1.23	 1.00	10.73	 1.13	321.69	293.87	302.73	280.96	302.16	0	56.19
2011	12	15	14.977	6192.6240	348.6241	14.6241	 1.84	 0.12	201.24	 1.77	 7.98	 0.99	10.73	 1.11	321.22	295.49	304.16	282.51	303.41	0	56.50
2011	12	15	15.439	6192.6431	348.6433	14.6433	 1.48	 0.07	196.23	 1.81	 1.98	 1.00	10.77	 0.96	320.19	296.73	307.62	282.52	303.94	0	56.50
2011	12	15	16.751	6192.6978	348.6979	14.6979	 1.33	 0.06	199.70	 2.00	43.75	 0.53	10.73	 1.01	317.57	298.90	308.51	284.99	306.08	0	57.00
2011	12	15	20.296	6192.8457	348.8457	14.8457	 1.17	 0.07	205.56	 3.08	 1.95	 1.00	10.77	 1.13	319.00	294.74	306.44	284.05	301.80	0	56.81
2011	12	15	20.732	6192.8638	348.8638	14.8638	 2.17	 0.19	206.03	 1.94	 2.26	 1.00	10.73	 1.21	318.83	294.21	305.88	282.07	302.01	0	56.41
2011	12	15	23.822	6192.9927	348.9926	14.9926	 2.51	 0.26	205.54	 1.84	 7.42	 0.99	10.75	 1.18	320.79	287.85	296.15	265.48	294.90	0	53.10
2011	12	16	1.598	6193.0664	349.0666	15.0666	 1.49	 0.09	190.21	 2.12	 0.37	 1.00	10.73	 1.10	320.76	285.34	292.48	265.41	292.12	0	53.08
2011	12	16	2.036	6193.0850	349.0848	15.0848	 1.40	 0.06	206.91	 1.87	43.00	 0.50	10.72	 1.25	319.88	284.24	292.03	262.56	291.12	0	52.51
2011	12	16	6.478	6193.2700	349.2699	15.2699	 0.78	 0.10	187.60	 7.97	21.53	 1.00	10.83	 1.21	321.15	278.37	286.35	261.01	284.66	0	52.20
2011	12	16	8.287	6193.3452	349.3453	15.3453	 0.66	 0.04	183.79	 4.16	 3.09	 1.00	10.72	 1.19	321.76	277.55	284.65	 0.00	283.82	0	54.00
2011	12	16	8.728	6193.3638	349.3637	15.3637	 0.77	 0.07	180.10	 5.27	 6.88	 1.00	10.82	 1.27	321.90	277.57	286.24	263.62	 0.00	0	52.72
2011	12	16	9.636	6193.4014	349.4015	15.4015	 0.45	 0.04	194.56	 8.82	21.28	 0.90	10.85	 1.11	322.02	277.66	284.20	264.26	283.97	0	52.85
2011	12	16	11.860	6193.4941	349.4942	15.4942	 0.51	 0.04	172.26	 6.68	 3.75	 1.00	10.70	 1.15	322.23	282.04	285.73	 0.00	289.00	0	54.00
2011	12	16	12.736	6193.5308	349.5307	15.5307	 0.60	 0.04	177.04	 5.35	 1.48	 1.00	10.73	 1.25	322.53	285.12	291.31	271.32	 0.00	0	54.26
2011	12	16	13.636	6193.5684	349.5682	15.5682	 0.59	 0.05	195.28	 7.56	22.24	 0.97	10.77	 1.07	323.28	288.32	296.59	271.65	296.35	0	54.33
2011	12	16	14.513	6193.6045	349.6047	15.6047	 1.23	 0.06	186.50	 2.09	17.63	 0.89	10.73	 1.08	322.27	291.56	299.12	275.29	299.42	0	55.06
2011	12	16	15.852	6193.6606	349.6605	15.6605	 0.86	 0.06	201.33	 4.18	23.46	 0.95	10.75	 1.14	319.17	295.23	305.44	279.47	302.21	0	55.89
2011	12	16	18.939	6193.7891	349.7891	15.7891	 1.88	 0.09	203.93	 1.25	 2.77	 0.99	10.73	 1.28	321.48	294.46	304.88	282.57	301.18	0	56.51
2011	12	16	19.377	6193.8071	349.8074	15.8074	 1.70	 0.12	199.02	 2.25	 2.79	 1.00	10.73	 1.12	321.52	294.58	303.34	282.25	302.09	0	56.45
2011	12	16	20.717	6193.8633	349.8632	15.8632	 3.99	 0.76	203.44	 1.10	 4.49	 0.98	10.73	 1.11	321.32	291.72	301.53	265.79	300.83	0	53.16
2011	12	17	6.486	6194.2700	350.2703	16.2703	 0.78	 0.10	165.51	 7.16	341.09	 0.21	10.93	 1.02	323.35	271.41	277.77	258.49	276.10	0	51.70
2011	12	17	7.860	6194.3276	350.3275	16.3275	 0.56	 0.04	173.65	 5.92	 5.73	 0.99	10.73	 1.12	323.42	273.45	279.60	 0.00	 0.00	0	54.00
2011	12	17	10.532	6194.4390	350.4388	16.4388	 0.73	 0.05	178.88	 4.18	 2.56	 1.00	10.72	 1.22	323.37	276.43	282.89	263.56	283.89	0	52.71
2011	12	17	12.317	6194.5132	350.5132	16.5132	 0.89	 0.04	180.01	 2.69	 4.96	 0.99	10.73	 1.29	323.15	281.62	289.23	266.05	288.60	0	53.21
2011	12	17	14.531	6194.6055	350.6054	16.6054	 0.76	 0.05	199.73	 4.36	 3.88	 1.00	10.73	 1.14	322.75	290.31	300.34	274.59	297.53	0	54.92
2011	12	17	15.405	6194.6421	350.6419	16.6419	 0.86	 0.05	195.05	 3.88	77.59	 0.49	10.77	 1.16	323.11	293.10	301.56	276.60	300.31	0	55.32
2011	12	17	21.609	6194.9004	350.9004	16.9004	 1.35	 0.13	189.79	 3.64	 5.49	 1.00	10.78	 0.94	322.95	291.64	303.97	273.85	301.01	0	54.77
2011	12	17	22.948	6194.9561	350.9562	16.9562	 1.74	 0.26	198.78	 4.42	66.71	 0.97	10.83	 1.11	323.00	287.77	300.16	265.90	294.89	0	53.18
2011	12	17	23.388	6194.9746	350.9745	16.9745	 2.06	 0.20	201.21	 2.39	 5.46	 1.00	10.73	 1.24	322.79	286.56	296.37	263.72	292.03	0	52.74
2011	12	18	0.708	6195.0293	351.0295	17.0295	 0.91	 0.08	169.16	 4.40	13.23	 0.99	10.78	 1.19	323.31	283.94	291.59	263.42	 0.00	0	52.68
2011	12	18	1.171	6195.0488	351.0488	17.0488	 0.96	 0.08	174.08	 3.96	11.88	 0.99	10.77	 1.27	323.51	283.21	292.44	263.20	288.12	0	52.64
2011	12	18	2.929	6195.1221	351.1220	17.1220	 0.66	 0.04	160.02	 3.85	 0.31	 1.00	10.72	 1.26	323.27	280.42	287.22	260.26	287.93	0	52.05
2011	12	18	4.279	6195.1782	351.1783	17.1783	 0.77	 0.05	198.10	 4.44	 3.94	 1.00	10.78	 1.15	323.38	279.26	285.27	263.89	284.39	0	52.78
2011	12	18	5.163	6195.2153	351.2151	17.2151	 1.01	 0.04	200.84	 2.12	 1.13	 1.00	10.80	 1.14	323.41	278.82	285.36	263.45	283.69	0	52.69
2011	12	18	6.075	6195.2529	351.2531	17.2531	 1.42	 0.07	203.26	 1.80	 1.71	 1.00	10.88	 1.18	323.25	278.28	284.81	262.80	285.65	0	52.56
2011	12	18	9.653	6195.4023	351.4022	17.4022	 1.65	 0.11	201.41	 2.15	 3.92	 1.00	10.77	 1.22	323.72	277.51	282.51	260.10	283.40	0	52.02
2011	12	18	10.119	6195.4214	351.4216	17.4216	 1.43	 0.06	198.27	 1.64	 9.13	 0.95	10.82	 1.11	323.77	277.86	281.48	261.49	282.19	0	52.30
2011	12	18	10.561	6195.4399	351.4400	17.4400	 1.72	 0.09	202.86	 1.69	 4.83	 0.99	10.82	 1.22	323.81	278.50	285.40	265.15	285.71	0	53.03
2011	12	18	11.446	6195.4771	351.4769	17.4769	 1.81	 0.10	204.19	 1.64	 4.61	 0.99	10.72	 1.28	323.92	280.46	286.35	265.41	286.29	0	53.08
2011	12	18	12.346	6195.5146	351.5144	17.5144	 1.69	 0.13	196.29	 2.37	 4.51	 1.00	10.75	 1.10	324.04	283.04	287.28	268.83	288.91	0	53.77
2011	12	18	12.784	6195.5327	351.5327	17.5327	 1.57	 0.10	199.20	 2.07	 3.32	 1.00	10.77	 1.18	324.14	284.44	290.33	269.81	293.25	0	53.96
2011	12	18	13.658	6195.5688	351.5691	17.5691	 0.85	 0.21	246.67	19.09	719.16	 0.88	10.77	 1.25	324.23	287.32	294.40	271.78	296.69	0	54.36
2011	12	18	14.096	6195.5874	351.5873	17.5873	 1.52	 0.09	204.53	 2.13	 1.81	 1.00	10.72	 1.20	324.31	289.01	295.44	273.60	293.35	0	54.72
2011	12	18	14.998	6195.6250	351.6249	17.6249	 1.55	 0.10	194.85	 2.28	 2.88	 1.00	10.73	 0.91	324.38	292.34	297.76	 0.00	299.63	0	54.00
2011	12	18	15.872	6195.6611	351.6613	17.6613	 2.26	 0.43	213.43	 4.19	113.48	 0.92	10.78	 1.20	322.78	295.32	303.70	284.49	302.38	0	56.90
2011	12	18	16.309	6195.6797	351.6795	17.6795	 1.93	 0.18	199.56	 2.37	 3.46	 1.00	10.73	 1.07	322.10	296.68	304.55	287.62	303.25	0	57.52
2011	12	18	16.771	6195.6987	351.6988	17.6988	 2.42	 0.17	207.38	 1.35	 1.06	 1.00	10.77	 1.12	321.61	297.86	308.51	288.82	303.70	0	57.76
2011	12	18	22.956	6195.9565	351.9565	17.9565	 3.28	 0.47	202.33	 1.42	 0.72	 1.00	10.75	 1.06	323.45	289.92	297.67	265.71	297.27	0	53.14
2011	12	18	23.421	6195.9761	351.9759	17.9759	 2.16	 0.20	200.99	 2.03	 7.35	 0.99	10.73	 1.09	323.54	288.90	296.85	265.66	295.81	0	53.13
2011	12	19	0.298	6196.0122	352.0124	18.0124	 1.86	 0.11	197.19	 1.55	 5.36	 0.99	10.83	 1.15	322.89	286.91	294.08	265.46	294.66	0	53.09
2011	12	19	1.643	6196.0684	352.0685	18.0685	 1.10	 0.06	199.06	 2.59	 9.59	 0.98	10.75	 1.21	323.75	284.00	290.39	261.67	290.28	0	52.33
2011	12	19	3.397	6196.1416	352.1415	18.1415	 1.03	 0.09	202.42	 4.85	29.35	 0.98	10.75	 1.22	321.73	281.08	287.76	261.70	285.72	0	52.34
2011	12	19	4.303	6196.1792	352.1793	18.1793	 1.22	 0.05	194.36	 1.86	 9.83	 0.94	10.73	 1.25	323.51	280.10	284.26	262.91	284.71	0	52.58
2011	12	19	4.748	6196.1978	352.1978	18.1978	 1.20	 0.05	201.74	 2.08	 6.24	 0.99	10.88	 1.27	323.48	279.74	285.67	261.53	287.04	0	52.31
2011	12	19	5.188	6196.2163	352.2162	18.2162	 1.33	 0.06	201.78	 1.93	 3.25	 1.00	10.83	 1.28	322.75	279.38	287.53	260.96	283.97	0	52.19
2011	12	19	6.534	6196.2725	352.2722	18.2722	 1.07	 0.05	199.90	 2.44	11.57	 0.96	10.75	 1.29	321.13	278.37	284.46	259.55	 0.00	0	51.91
2011	12	19	6.972	6196.2905	352.2905	18.2905	 1.31	 0.05	198.91	 1.54	 4.87	 0.98	10.73	 1.25	319.38	277.95	285.33	259.95	284.00	0	51.99
2011	12	19	8.347	6196.3477	352.3478	18.3478	 1.14	 0.06	200.54	 2.53	 6.44	 0.99	10.80	 1.23	316.08	276.81	282.96	260.73	284.44	0	52.15
2011	12	19	8.789	6196.3662	352.3662	18.3662	 1.16	 0.05	199.49	 2.22	 3.12	 1.00	10.82	 1.25	316.02	276.63	284.63	260.86	284.37	0	52.17
2011	12	19	9.233	6196.3848	352.3847	18.3847	 0.91	 0.05	195.72	 3.36	 1.62	 1.00	10.77	 1.18	316.23	276.50	283.89	260.74	282.92	0	52.15
2011	12	19	9.669	6196.4028	352.4029	18.4029	 0.84	 0.04	193.91	 2.58	 6.62	 0.97	10.72	 1.25	316.61	276.36	285.30	 0.00	282.71	0	54.00
2011	12	19	10.106	6196.4209	352.4211	18.4211	 0.95	 0.05	191.27	 2.97	14.54	 0.95	10.78	 1.25	316.69	276.64	284.31	261.68	282.80	0	52.34
2011	12	19	10.573	6196.4404	352.4405	18.4405	 1.07	 0.06	192.77	 2.80	 2.54	 1.00	10.75	 1.29	316.63	277.37	284.80	265.05	 0.00	0	53.01
2011	12	19	11.451	6196.4771	352.4771	18.4771	 0.97	 0.07	197.10	 3.98	16.89	 0.98	10.78	 1.20	316.58	279.53	285.33	268.57	286.09	0	53.71
2011	12	19	11.891	6196.4956	352.4955	18.4955	 1.20	 0.06	197.74	 2.42	 1.51	 1.00	10.73	 1.30	316.58	280.73	288.02	269.72	289.64	0	53.94
2011	12	19	12.329	6196.5137	352.5137	18.5137	 1.37	 0.08	192.25	 2.13	 2.34	 1.00	10.73	 1.17	316.57	282.04	288.79	270.48	287.09	0	54.10
2011	12	19	13.229	6196.5513	352.5512	18.5512	 1.51	 0.09	206.52	 2.17	 5.28	 1.00	10.77	 1.21	316.40	285.23	294.16	273.16	292.55	0	54.63
2011	12	19	14.104	6196.5879	352.5877	18.5877	 2.08	 0.16	201.62	 1.83	 1.14	 1.00	10.73	 1.10	315.49	288.43	295.87	275.62	295.94	0	55.12
2011	12	19	15.003	6196.6250	352.6251	18.6251	 3.07	 0.27	209.52	 1.08	 1.16	 1.00	10.77	 1.26	315.64	292.09	299.80	285.00	299.23	0	57.00
2011	12	19	16.314	6196.6797	352.6797	18.6797	 3.67	 0.64	207.96	 1.33	 0.37	 1.00	10.75	 1.16	320.20	294.30	303.93	278.68	301.57	0	55.74
2011	12	19	16.751	6196.6978	352.6980	18.6980	 3.02	 0.32	210.55	 1.30	 0.84	 1.00	10.75	 1.23	321.53	295.77	306.30	282.51	302.87	0	56.50
2011	12	19	18.527	6196.7720	352.7719	18.7720	 2.91	 0.36	208.48	 1.65	 3.03	 1.00	10.72	 1.30	319.35	297.48	307.40	282.73	304.98	0	56.55
2011	12	19	18.965	6196.7900	352.7902	18.7902	 3.01	 0.53	207.28	 2.18	 8.63	 1.00	10.75	 1.16	319.57	297.36	308.40	281.66	305.09	0	56.33
2011	12	19	19.430	6196.8096	352.8096	18.8096	 4.71	 2.71	211.05	 1.96	 4.22	 1.00	10.77	 1.23	320.11	296.95	310.05	280.85	304.92	0	56.17
2011	12	19	20.306	6196.8462	352.8461	18.8461	 2.86	 0.42	203.60	 1.99	 1.26	 1.00	10.77	 1.07	320.09	296.35	307.85	281.73	306.66	0	56.35
2011	12	19	22.961	6196.9565	352.9567	18.9567	 2.18	 0.81	204.11	 8.27	39.63	 1.00	10.75	 1.14	321.79	289.68	299.45	265.82	296.98	0	53.16
2011	12	19	23.862	6196.9941	352.9942	18.9942	 2.46	 0.22	201.91	 1.62	 7.52	 0.99	10.75	 1.15	322.40	286.75	296.99	264.44	293.58	0	52.89
2011	12	20	0.302	6197.0127	353.0126	19.0126	 1.74	 0.09	202.62	 1.62	 4.76	 0.99	10.78	 1.22	322.78	285.49	295.18	263.98	293.42	0	52.80
2011	12	20	1.181	6197.0493	353.0492	19.0492	 1.06	 0.05	191.01	 2.52	21.30	 0.87	10.83	 1.20	323.38	283.57	292.19	264.27	290.19	0	52.85
2011	12	20	2.087	6197.0869	353.0869	19.0869	 1.16	 0.05	195.77	 1.87	 2.52	 1.00	10.82	 1.21	320.83	282.22	287.49	263.96	287.19	0	52.79
2011	12	20	5.642	6197.2349	353.2351	19.2351	 0.55	 0.05	182.09	 7.36	 5.12	 1.00	10.82	 1.25	317.62	275.88	284.88	262.94	281.00	0	52.59
2011	12	20	6.546	6197.2729	353.2727	19.2727	 0.52	 0.05	170.56	 7.53	 8.67	 0.99	10.75	 1.12	317.54	276.30	281.87	264.99	281.56	0	53.00
2011	12	20	6.984	6197.2910	353.2910	19.2910	 0.45	 0.05	180.33	10.75	 8.97	 0.99	10.73	 1.13	317.64	276.58	282.52	264.96	284.97	0	52.99
2011	12	20	7.868	6197.3276	353.3278	19.3278	 0.63	 0.03	173.84	 3.74	 5.60	 0.98	10.73	 1.21	317.64	276.96	284.06	263.60	283.80	0	52.72
2011	12	20	8.307	6197.3462	353.3462	19.3461	 0.62	 0.05	165.00	 5.85	 3.33	 1.00	10.77	 1.22	317.55	277.07	284.41	 0.00	285.33	0	54.00
2011	12	20	9.234	6197.3848	353.3847	19.3847	 0.50	 0.04	165.23	 6.74	 4.36	 1.00	10.73	 1.21	317.57	277.05	283.67	262.14	283.92	0	52.43
2011	12	20	10.112	6197.4214	353.4213	19.4213	 0.89	 0.06	167.46	 3.74	 3.19	 1.00	10.83	 1.23	317.62	277.40	283.55	264.31	285.33	0	52.86
2011	12	20	11.015	6197.4590	353.4590	19.4589	 0.97	 0.05	182.99	 2.45	 1.20	 1.00	10.77	 1.12	317.94	279.09	283.91	265.94	283.77	0	53.19
2011	12	20	12.331	6197.5137	353.5138	19.5138	 0.68	 0.10	190.97	10.45	14.30	 1.00	10.78	 1.16	318.08	282.92	289.75	271.94	289.77	0	54.39
2011	12	20	13.668	6197.5693	353.5695	19.5695	 1.22	 0.05	196.52	 1.78	12.29	 0.89	10.73	 1.20	318.64	287.91	297.38	276.77	295.35	0	55.35
2011	12	20	14.105	6197.5879	353.5877	19.5877	 1.16	 0.06	200.06	 2.60	11.68	 0.98	10.73	 1.13	318.49	289.68	297.52	278.81	297.15	0	55.76
2011	12	20	14.542	6197.6060	353.6059	19.6059	 1.96	 0.11	195.23	 1.47	32.80	 0.58	10.73	 1.21	317.50	291.27	299.59	280.69	297.95	0	56.14
2011	12	20	14.980	6197.6240	353.6242	19.6242	 1.47	 0.10	193.50	 2.47	29.60	 0.90	10.75	 1.10	316.92	292.79	300.97	283.67	299.16	0	56.73
2011	12	20	15.442	6197.6436	353.6434	19.6434	 1.43	 0.06	207.12	 1.78	 2.07	 1.00	10.75	 1.13	315.28	294.17	303.55	285.25	300.66	0	57.05
2011	12	20	15.879	6197.6616	353.6617	19.6616	 2.18	 0.16	205.49	 1.70	 0.87	 1.00	10.73	 1.03	319.95	295.44	305.70	285.28	303.04	0	57.06
2011	12	20	16.316	6197.6797	353.6798	19.6798	 2.30	 0.19	207.58	 1.71	 1.91	 1.00	10.75	 1.07	318.24	296.66	307.68	285.50	302.54	0	57.10
2011	12	20	16.754	6197.6982	353.6981	19.6981	 2.11	 0.17	202.60	 1.90	10.53	 0.98	10.73	 0.92	317.27	297.54	309.65	285.67	303.98	0	57.13
2011	12	20	17.654	6197.7354	353.7356	19.7356	 2.36	 0.19	201.90	 1.58	 5.33	 0.99	10.77	 1.03	317.81	298.54	309.14	284.34	304.53	0	56.87
2011	12	20	18.092	6197.7539	353.7538	19.7538	 2.31	 0.21	209.52	 1.91	 3.23	 1.00	10.75	 1.11	316.73	298.68	310.19	 0.00	305.14	0	54.00
2011	12	20	23.837	6197.9932	353.9932	19.9932	 2.93	 0.44	205.41	 1.95	 1.74	 1.00	10.83	 1.15	321.13	287.03	297.11	265.50	294.29	0	53.10
2011	12	21	0.742	6198.0308	354.0309	20.0309	 2.67	 0.34	204.79	 2.02	 5.98	 1.00	10.73	 1.13	322.64	284.91	294.28	265.43	291.69	0	53.09
2011	12	21	1.181	6198.0493	354.0492	20.0492	 2.96	 0.23	208.68	 0.99	 2.48	 0.99	10.73	 1.23	324.23	284.21	293.30	265.37	 0.00	0	53.07
2011	12	21	1.621	6198.0674	354.0676	20.0676	 2.86	 0.29	204.85	 1.42	 1.74	 1.00	10.78	 1.19	324.39	283.76	287.48	265.26	288.75	0	53.05
2011	12	21	2.524	6198.1050	354.1052	20.1052	 3.51	 0.58	210.02	 1.43	 0.51	 1.00	10.78	 1.23	325.09	283.18	289.70	265.00	289.62	0	53.00
2011	12	21	2.965	6198.1235	354.1236	20.1236	 3.20	 0.49	204.15	 1.62	 3.91	 1.00	10.70	 1.17	324.99	283.08	287.26	 0.00	289.37	0	54.00
2011	12	21	3.402	6198.1416	354.1418	20.1418	 3.38	 0.47	209.27	 1.32	 1.15	 1.00	10.73	 1.22	325.02	282.90	289.84	265.11	289.25	0	53.02
2011	12	21	5.186	6198.2163	354.2161	20.2161	 3.52	 0.78	208.30	 1.89	 8.46	 0.99	10.75	 1.27	324.99	282.19	289.82	265.09	288.45	0	53.02
2011	12	21	6.508	6198.2710	354.2711	20.2712	16.43	219292.01	206.54	 1.25	 3.19	 1.00	10.75	 1.28	325.09	282.04	287.75	 0.00	288.20	0	54.00
2011	12	21	7.413	6198.3091	354.3089	20.3089	 3.27	 0.48	207.95	 1.51	 2.43	 1.00	10.72	 1.21	325.13	282.41	288.09	265.11	288.46	0	53.02
2011	12	21	7.855	6198.3271	354.3273	20.3273	 3.39	 0.50	207.96	 1.39	 1.91	 1.00	10.83	 1.27	325.07	282.36	287.24	265.17	289.94	0	53.03
2011	12	21	8.735	6198.3638	354.3640	20.3640	 3.15	 0.35	209.10	 1.26	 0.82	 1.00	10.85	 1.26	325.40	282.14	288.79	265.19	288.22	0	53.04
2011	12	21	11.000	6198.4585	354.4583	20.4583	 3.26	 0.82	204.26	 2.55	 1.37	 1.00	10.85	 1.14	325.81	283.67	289.10	270.02	289.60	0	54.00
2011	12	21	11.906	6198.4961	354.4961	20.4961	 2.86	 0.31	209.71	 1.54	 1.58	 1.00	10.75	 1.27	325.68	285.91	292.76	272.26	294.09	0	54.45
2011	12	21	12.344	6198.5142	354.5143	20.5143	 2.83	 0.29	206.31	 1.42	 1.32	 1.00	10.73	 1.20	325.45	287.02	293.51	274.41	295.68	0	54.88
2011	12	21	12.783	6198.5327	354.5327	20.5326	 2.67	 0.19	204.42	 1.11	 3.85	 0.99	10.75	 1.17	324.60	288.50	293.68	275.86	292.93	0	55.17
2011	12	21	13.686	6198.5703	354.5703	20.5702	 2.59	 0.17	210.15	 1.10	 2.34	 1.00	10.77	 1.13	324.63	291.55	300.71	278.18	295.26	0	55.64
2011	12	21	14.999	6198.6250	354.6249	20.6250	 3.30	 0.31	209.21	 0.96	 2.55	 0.99	10.75	 1.16	321.02	295.77	304.48	283.38	302.95	0	56.68
2011	12	21	15.898	6198.6626	354.6624	20.6624	 4.04	 0.88	210.09	 1.25	 1.90	 1.00	10.73	 1.20	318.30	297.35	305.11	284.95	304.19	0	56.99
2011	12	21	16.336	6198.6807	354.6807	20.6807	 3.79	 0.65	213.85	 1.22	 2.52	 1.00	10.75	 1.19	315.78	297.40	308.74	284.08	304.55	0	56.82
2011	12	21	16.773	6198.6987	354.6989	20.6989	 3.54	 0.39	209.20	 0.94	 1.95	 0.99	10.72	 1.08	316.06	297.56	308.52	286.25	306.31	0	57.25
2011	12	21	18.109	6198.7544	354.7545	20.7545	 3.52	 0.65	204.50	 1.55	 0.93	 1.00	10.78	 0.92	316.65	297.79	309.58	279.66	305.83	0	55.93
2011	12	21	21.635	6198.9014	354.9015	20.9014	 3.59	 0.34	211.60	 0.79	 7.12	 0.83	10.72	 1.19	318.99	293.83	305.62	279.76	301.74	0	55.95
2011	12	21	22.072	6198.9194	354.9197	20.9197	 3.76	 0.73	208.34	 1.39	 9.33	 0.97	10.72	 1.13	319.14	293.05	303.87	278.33	301.22	0	55.67
2011	12	21	22.538	6198.9390	354.9391	20.9391	 4.63	 1.98	212.90	 1.57	 1.44	 1.00	10.77	 1.19	319.63	291.75	304.04	270.34	300.64	0	54.07
2011	12	21	22.978	6198.9575	354.9574	20.9574	 2.66	 2.80	209.63	17.06	176.56	 1.00	10.82	 1.26	320.10	290.45	302.17	268.52	298.27	0	53.70
2011	12	22	0.760	6199.0317	355.0317	21.0317	 3.95	 0.67	214.21	 1.06	 3.84	 0.99	10.78	 1.27	319.76	286.67	296.77	265.35	292.26	0	53.07
2011	12	22	6.077	6199.2534	355.2532	21.2532	 3.61	 0.52	213.64	 1.17	 1.77	 1.00	10.78	 1.28	321.99	279.87	286.92	267.12	286.08	0	53.42
2011	12	22	6.516	6199.2715	355.2715	21.2715	 4.10	 1.11	209.00	 1.49	 3.92	 1.00	10.83	 1.15	322.00	280.54	285.10	265.68	288.47	0	53.14
2011	12	22	6.956	6199.2900	355.2899	21.2899	 3.37	 0.67	205.35	 1.89	 2.21	 1.00	10.82	 1.12	321.93	281.20	282.76	266.46	287.59	0	53.29
2011	12	22	7.428	6199.3096	355.3095	21.3095	 3.84	 0.84	210.62	 1.48	 2.10	 1.00	10.93	 1.26	321.86	281.67	287.46	265.58	289.69	0	53.12
2011	12	22	8.752	6199.3647	355.3647	21.3647	 3.26	 0.40	209.00	 1.29	 3.56	 1.00	10.72	 1.21	321.73	282.54	288.59	 0.00	289.04	0	54.00
2011	12	22	9.682	6199.4033	355.4034	21.4034	 3.38	 0.60	204.39	 1.64	 6.26	 0.99	10.75	 1.14	321.88	282.78	286.31	 0.00	289.29	0	54.00
2011	12	22	10.561	6199.4399	355.4400	21.4400	 2.60	 0.23	204.54	 1.50	 7.50	 0.98	10.73	 1.20	321.89	283.53	288.80	 0.00	288.33	0	54.00
2011	12	22	11.901	6199.4961	355.4959	21.4959	 2.79	 0.32	207.59	 1.69	 1.15	 1.00	10.77	 1.22	322.20	286.55	293.32	275.07	295.09	0	55.01
2011	12	22	12.339	6199.5142	355.5141	21.5141	 2.43	 0.24	203.35	 1.82	 0.46	 1.00	10.72	 1.14	322.39	287.96	292.62	277.11	 0.00	0	55.42
2011	12	22	14.116	6199.5884	355.5882	21.5882	 2.76	 0.26	207.37	 1.40	 1.82	 1.00	10.77	 1.17	323.43	294.22	300.39	282.69	300.91	0	56.54
2011	12	22	15.428	6199.6431	355.6428	21.6428	 2.46	 0.22	207.85	 1.68	 2.28	 1.00	10.73	 1.14	320.37	297.82	306.98	285.28	304.97	0	57.06
2011	12	22	16.326	6199.6802	355.6803	21.6803	 2.70	 0.36	212.63	 2.16	 1.71	 1.00	10.78	 1.23	318.34	299.51	311.33	287.20	305.61	0	57.44
2011	12	22	17.201	6199.7168	355.7167	21.7167	 2.47	 0.14	211.78	 1.04	 3.73	 0.98	10.78	 1.21	318.53	301.15	310.98	296.12	306.70	0	59.22
2011	12	22	17.639	6199.7349	355.7350	21.7350	 3.15	 0.37	212.20	 1.35	 6.35	 0.98	10.73	 1.16	315.03	301.44	312.82	290.04	306.76	0	58.01
2011	12	22	22.963	6199.9565	355.9568	21.9568	 3.04	 3.40	200.25	13.16	131.22	 1.00	10.75	 1.11	316.57	290.72	303.25	268.65	298.02	0	53.73
2011	12	23	1.190	6200.0498	356.0496	22.0496	 3.20	 0.31	215.87	 1.08	 1.72	 1.00	10.75	 1.29	318.79	286.01	294.25	268.42	294.26	0	53.68
2011	12	23	2.069	6200.0864	356.0862	22.0862	 3.16	 0.42	212.01	 1.51	 0.63	 1.00	10.77	 1.22	320.59	285.53	291.83	270.17	290.95	0	54.03
2011	12	23	3.412	6200.1421	356.1422	22.1422	 2.97	 0.27	213.88	 1.19	 4.10	 0.99	10.82	 1.24	321.01	285.02	293.05	269.26	291.89	0	53.85
2011	12	23	4.729	6200.1973	356.1971	22.1970	 3.62	 0.61	209.87	 1.34	 1.08	 1.00	10.73	 1.20	321.32	284.44	290.93	 0.00	291.27	0	54.00
2011	12	23	6.072	6200.2529	356.2530	22.2530	 3.62	 0.65	209.68	 1.43	 4.08	 1.00	10.88	 1.20	321.00	283.72	289.32	267.48	291.31	0	53.50
2011	12	23	6.949	6200.2896	356.2896	22.2895	 3.10	 0.40	210.16	 1.50	 3.25	 1.00	10.75	 1.09	320.60	283.20	289.55	267.21	289.80	0	53.44
2011	12	23	7.391	6200.3081	356.3080	22.3080	 3.13	 0.37	208.34	 1.37	 2.84	 1.00	10.85	 1.14	321.30	283.03	288.92	267.09	289.81	0	53.42
2011	12	23	8.296	6200.3457	356.3457	22.3457	 3.20	 0.37	208.75	 1.27	 1.27	 1.00	10.83	 1.20	321.87	282.74	289.29	265.80	291.04	0	53.16
2011	12	23	8.734	6200.3638	356.3639	22.3639	 3.63	 0.68	208.33	 1.47	 2.34	 1.00	10.72	 1.22	320.72	282.52	289.66	265.24	 0.00	0	53.05
2011	12	23	9.616	6200.4009	356.4007	22.4007	 2.78	 0.28	211.36	 1.53	 4.62	 1.00	10.73	 1.24	319.71	281.97	289.34	265.41	288.67	0	53.08
2011	12	23	11.419	6200.4756	356.4758	22.4758	 2.46	 0.17	205.33	 1.26	 2.24	 1.00	10.75	 1.24	321.88	283.67	288.03	270.18	288.35	0	54.04
2011	12	23	11.859	6200.4941	356.4941	22.4941	 2.38	 0.21	205.86	 1.75	 5.30	 1.00	10.73	 1.15	321.95	284.61	291.15	271.75	291.18	0	54.35
2011	12	23	12.323	6200.5137	356.5135	22.5135	 2.72	 0.27	206.11	 1.50	 1.97	 1.00	10.75	 1.21	321.92	285.67	290.85	272.49	292.16	0	54.50
2011	12	23	13.198	6200.5498	356.5499	22.5499	 2.37	 0.21	205.49	 1.74	 4.91	 1.00	10.73	 1.14	322.00	288.22	293.50	274.67	295.20	0	54.93
2011	12	23	13.636	6200.5684	356.5681	22.5681	 2.67	 0.30	208.60	 1.79	 1.65	 1.00	10.73	 1.26	321.82	289.44	294.91	275.55	296.61	0	55.11
2011	12	23	14.074	6200.5864	356.5864	22.5864	 2.98	 0.44	211.25	 1.89	 4.37	 1.00	10.73	 1.21	321.32	291.01	300.27	277.12	295.61	0	55.42
2011	12	23	17.624	6200.7344	356.7343	22.7344	 2.82	 0.28	208.26	 1.41	 3.91	 1.00	10.73	 1.02	317.64	299.06	309.91	288.71	305.29	0	57.74
2011	12	23	18.061	6200.7524	356.7526	22.7526	 3.53	 0.50	211.09	 1.21	 0.85	 1.00	10.75	 1.13	319.66	299.71	311.14	285.84	306.56	0	57.17
2011	12	23	18.500	6200.7710	356.7708	22.7708	 5.17	 2.79	213.32	 1.29	 3.27	 1.00	10.75	 1.21	319.72	299.67	311.72	284.51	307.36	0	56.90
2011	12	23	18.962	6200.7900	356.7901	22.7901	 3.15	 0.44	204.57	 1.55	 4.00	 1.00	10.75	 0.96	319.44	299.27	310.22	282.58	307.49	0	56.52
2011	12	23	20.276	6200.8447	356.8448	22.8448	 3.50	 0.53	213.12	 1.33	 4.22	 0.99	10.73	 1.24	320.23	296.20	309.44	 0.00	302.54	0	54.00
2011	12	23	20.713	6200.8633	356.8631	22.8631	 3.31	 0.58	204.12	 1.72	 3.55	 1.00	10.75	 1.16	320.86	295.25	306.01	274.18	303.11	0	54.84
2011	12	23	21.176	6200.8823	356.8824	22.8823	 3.26	 0.60	204.73	 1.88	 0.68	 1.00	10.78	 1.08	321.31	294.41	305.93	276.68	300.29	0	55.34
2011	12	23	21.616	6200.9009	356.9007	22.9007	 3.66	 0.86	208.69	 1.81	 5.91	 1.00	10.75	 1.26	320.75	293.63	304.62	277.93	301.41	0	55.59
2011	12	23	22.931	6200.9556	356.9554	22.9554	 3.47	 0.58	213.71	 1.51	 4.75	 1.00	10.73	 1.16	319.94	289.71	301.14	267.97	 0.00	0	53.59
2011	12	23	23.394	6200.9746	356.9748	22.9748	 3.59	 0.56	214.39	 1.30	 4.63	 0.99	10.77	 1.19	318.99	288.56	298.80	266.94	295.53	0	53.39
2011	12	24	0.710	6201.0298	357.0296	23.0296	 4.10	 1.00	214.23	 1.37	 0.89	 1.00	10.77	 1.22	320.58	287.02	296.31	269.11	292.58	0	53.82
2011	12	24	1.150	6201.0479	357.0479	23.0479	 3.54	 0.65	214.54	 1.59	 1.53	 1.00	10.77	 1.15	321.06	286.79	295.52	269.45	293.54	0	53.89
2011	12	24	2.051	6201.0854	357.0854	23.0854	 4.41	 1.53	206.80	 1.48	 2.45	 1.00	10.73	 1.12	321.70	286.44	291.09	269.35	293.27	0	53.87
2011	12	24	3.834	6201.1597	357.1598	23.1598	 6.36	10.06	209.58	 1.38	 3.40	 1.00	10.85	 1.15	322.97	285.06	292.02	268.23	291.60	0	53.65
2011	12	24	4.274	6201.1782	357.1781	23.1781	 4.51	 1.32	213.53	 1.19	 0.92	 1.00	10.73	 1.25	322.02	284.76	292.60	267.89	 0.00	0	53.58
2011	12	24	4.711	6201.1963	357.1963	23.1963	 4.04	 0.97	211.84	 1.40	 2.17	 1.00	10.72	 1.24	321.91	284.50	291.25	267.80	291.05	0	53.56
2011	12	24	5.149	6201.2144	357.2145	23.2145	 3.48	 0.57	215.64	 1.49	 2.14	 1.00	10.73	 1.26	318.95	284.28	293.17	268.24	291.87	0	53.65
2011	12	24	6.491	6201.2705	357.2704	23.2705	 8.43	45.03	205.76	 0.77	 4.19	 0.95	10.75	 1.12	319.90	283.93	290.14	267.22	 0.00	0	53.44
2011	12	24	6.931	6201.2886	357.2888	23.2888	 4.38	 1.76	207.87	 1.75	 7.50	 0.99	10.78	 1.11	320.87	283.65	291.47	 0.00	288.87	0	54.00
2011	12	24	7.370	6201.3071	357.3071	23.3071	 3.90	 1.32	203.35	 2.12	 2.93	 1.00	10.73	 1.03	321.16	283.35	287.67	 0.00	 0.00	0	54.00
2011	12	24	8.279	6201.3447	357.3449	23.3449	 4.59	 1.87	211.84	 1.54	 5.76	 0.99	10.75	 1.28	320.78	282.95	288.38	265.36	289.43	0	53.07
2011	12	24	8.721	6201.3633	357.3633	23.3634	 3.57	 0.43	214.72	 1.02	 1.57	 1.00	10.73	 1.26	321.16	282.86	291.03	265.04	289.31	0	53.01
2011	12	24	9.598	6201.3999	357.3999	23.3999	 3.96	 1.16	205.25	 1.76	 1.16	 1.00	10.80	 1.13	321.28	282.64	286.89	265.15	289.07	0	53.03
2011	12	24	10.535	6201.4390	357.4389	23.4389	 5.01	 3.56	207.38	 1.88	 4.34	 1.00	10.83	 1.11	321.64	283.14	288.18	268.02	287.94	0	53.60
2011	12	24	10.978	6201.4575	357.4574	23.4574	 4.73	 1.99	210.34	 1.41	 3.45	 1.00	10.73	 1.25	321.64	283.56	289.54	268.61	289.85	0	53.72
2011	12	24	12.294	6201.5122	357.5122	23.5122	 3.73	 0.91	209.93	 1.77	 1.36	 1.00	10.73	 1.23	321.78	286.51	293.46	272.33	290.98	0	54.47
2011	12	24	14.511	6201.6045	357.6046	23.6046	 3.25	 0.35	211.39	 1.15	 1.82	 1.00	10.75	 1.19	318.84	293.07	300.00	281.55	299.71	0	56.31
2011	12	24	16.727	6201.6968	357.6970	23.6970	 3.24	 0.56	201.46	 1.76	 1.63	 1.00	10.73	 0.92	315.52	295.96	305.96	286.74	303.14	0	57.35
2011	12	24	18.502	6201.7710	357.7709	23.7709	 5.06	 3.30	207.40	 1.66	 8.90	 0.99	10.73	 1.09	316.98	298.27	307.81	283.50	306.38	0	56.70
2011	12	24	19.402	6201.8086	357.8084	23.8084	 3.48	 0.91	211.73	 2.34	 8.87	 1.00	10.75	 1.15	316.92	297.03	310.09	275.00	305.34	0	55.00
2011	12	24	21.156	6201.8813	357.8815	23.8815	17.21	1699475.37	180.41	 3.87	64.21	 0.98	10.78	 0.80	320.89	293.06	301.25	270.73	300.51	0	54.15
2011	12	24	22.497	6201.9375	357.9373	23.9374	 4.94	 2.23	208.62	 1.27	 8.08	 0.97	10.75	 1.14	319.06	289.71	299.23	266.83	297.49	0	53.37
2011	12	24	22.936	6201.9556	357.9557	23.9556	28.78	60549418790.85	207.34	 1.50	 4.71	 1.00	10.73	 1.14	319.29	288.72	297.19	266.87	294.26	0	53.37
2011	12	24	23.375	6201.9741	357.9740	23.9740	 7.60	31.89	204.49	 1.24	 2.91	 1.00	10.77	 1.06	321.38	287.90	296.07	266.64	293.34	0	53.33
2011	12	24	23.839	6201.9932	357.9933	23.9933	30.00	153949929887.50	209.56	 1.15	 2.36	 1.00	10.88	 1.16	321.84	287.26	295.51	266.29	293.91	0	53.26
2011	12	25	0.719	6202.0298	358.0300	24.0300	 5.07	 2.74	207.94	 1.37	 1.91	 1.00	10.75	 1.11	322.08	286.55	292.95	266.14	293.18	0	53.23
2011	12	25	1.159	6202.0483	358.0483	24.0483	 5.01	 2.93	210.09	 1.57	 5.49	 1.00	10.78	 1.19	322.17	286.26	294.04	266.93	291.46	0	53.39
2011	12	25	2.063	6202.0859	358.0860	24.0860	17.33	549687.70	212.18	 1.32	 3.45	 1.00	10.78	 1.28	322.28	285.88	293.87	 0.00	290.97	0	54.00
2011	12	25	2.504	6202.1045	358.1043	24.1044	 4.05	 0.89	210.73	 1.25	 1.66	 1.00	10.87	 1.23	322.24	285.76	293.67	 0.00	293.90	0	54.00
2011	12	25	2.947	6202.1230	358.1228	24.1228	 4.88	 2.21	211.19	 1.35	 3.29	 1.00	10.72	 1.26	322.18	285.58	293.40	266.37	293.90	0	53.27
2011	12	25	3.831	6202.1597	358.1596	24.1596	21.81	88257987.43	210.98	 2.38	 3.00	 1.00	10.97	 1.20	322.23	285.10	291.97	266.71	 0.00	0	53.34
2011	12	25	5.187	6202.2163	358.2161	24.2161	 3.80	 0.97	211.70	 1.77	 2.46	 1.00	10.77	 1.15	322.00	285.05	293.25	266.72	291.59	0	53.34
2011	12	25	6.068	6202.2529	358.2528	24.2528	 4.30	 1.02	209.68	 1.12	 5.38	 0.98	10.80	 1.14	321.91	284.85	290.60	265.81	 0.00	0	53.16
2011	12	25	7.866	6202.3276	358.3277	24.3277	 5.62	 3.38	210.31	 0.97	 4.27	 0.98	10.77	 1.20	321.58	284.60	290.77	265.14	291.14	0	53.03
2011	12	25	8.307	6202.3462	358.3462	24.3461	 4.04	 1.23	211.30	 1.77	 3.17	 1.00	10.72	 1.11	321.39	284.48	292.04	265.23	 0.00	0	53.05
2011	12	25	8.778	6202.3657	358.3658	24.3658	 4.07	 0.91	211.67	 1.28	 2.14	 1.00	10.77	 1.22	321.52	284.64	291.24	265.40	 0.00	0	53.08
2011	12	25	9.219	6202.3843	358.3841	24.3841	 5.56	 4.03	212.63	 1.25	 3.34	 1.00	10.75	 1.24	321.53	284.73	292.95	265.25	 0.00	0	53.05
2011	12	25	10.098	6202.4209	358.4207	24.4207	 4.82	 2.19	212.02	 1.43	 0.61	 1.00	10.88	 1.28	321.51	284.89	292.44	 0.00	289.82	0	54.00
2011	12	25	13.693	6202.5703	358.5706	24.5706	 4.08	 1.23	207.62	 1.66	 0.96	 1.00	10.80	 1.13	321.91	288.96	295.19	278.85	294.08	0	55.77
2011	12	25	14.571	6202.6069	358.6071	24.6071	16.89	393194.79	207.80	 1.43	 3.44	 1.00	10.77	 1.12	322.30	290.93	297.09	279.66	297.51	0	55.93
2011	12	25	15.011	6202.6255	358.6255	24.6255	 3.96	 0.72	208.75	 1.11	14.91	 0.82	10.77	 1.12	322.85	292.98	298.52	282.94	297.60	0	56.59
2011	12	25	15.477	6202.6450	358.6449	24.6449	 4.25	 1.39	210.54	 1.61	 1.60	 1.00	10.80	 1.11	322.60	292.81	303.19	273.80	300.46	0	54.76
2011	12	25	15.916	6202.6631	358.6631	24.6632	 4.51	 1.43	211.53	 1.28	 0.43	 1.00	10.77	 1.19	322.62	292.11	301.87	 0.00	301.04	0	54.00
2011	12	25	16.358	6202.6816	358.6816	24.6816	 6.57	11.14	210.71	 1.25	 2.19	 1.00	10.93	 1.19	322.75	291.67	302.00	271.04	297.26	0	54.21
2011	12	25	16.799	6202.7002	358.7000	24.7000	 4.34	 1.51	204.58	 1.55	 1.21	 1.00	10.72	 1.06	322.74	291.96	298.82	274.30	300.43	0	54.86
2011	12	25	17.240	6202.7183	358.7184	24.7183	 4.56	 1.15	213.57	 0.98	 0.68	 1.00	10.82	 1.21	322.71	291.69	300.61	271.28	297.04	0	54.26
2011	12	25	18.592	6202.7744	358.7747	24.7747	20.41	12147924.15	209.38	 1.32	 1.38	 1.00	10.87	 1.13	322.91	290.13	298.02	 0.00	298.26	0	54.00
2011	12	25	19.472	6202.8115	358.8113	24.8113	14.02	14646.87	212.01	 0.96	 1.72	 1.00	10.87	 1.20	322.95	289.66	298.76	271.16	297.74	0	54.23
2011	12	25	19.939	6202.8306	358.8308	24.8308	20.91	20817355.36	206.73	 1.35	 1.99	 1.00	10.82	 1.12	323.02	289.42	296.17	269.56	294.56	0	53.91
2011	12	25	20.819	6202.8677	358.8674	24.8674	31.17	519818374531.05	210.43	 1.20	 1.00	 1.00	10.72	 1.25	322.97	289.26	297.56	271.17	 0.00	0	54.23
2011	12	25	21.699	6202.9043	358.9041	24.9041	16.53	218869.32	210.64	 1.16	 2.01	 1.00	10.73	 1.21	323.00	289.40	297.43	270.41	294.04	0	54.08
2011	12	25	22.612	6202.9424	358.9422	24.9422	39.35	 1.00	210.04	 0.00	 6.02	 0.00	10.78	 1.10	322.95	288.41	298.14	268.32	296.23	0	53.66
2011	12	25	23.494	6202.9790	358.9789	24.9789	20.71	15969656.54	207.15	 1.27	 3.52	 1.00	10.93	 1.10	322.97	287.56	292.60	267.68	292.31	0	53.54
2011	12	25	23.935	6202.9971	358.9973	24.9973	34.46	 1.00	212.25	 0.00	 4.00	 0.00	10.80	 1.22	322.95	287.12	294.01	267.19	293.40	0	53.44
2011	12	26	0.844	6203.0352	359.0352	25.0352	18.86	3369328.20	213.25	 1.75	 9.65	 0.99	10.83	 1.15	322.92	286.70	295.01	267.78	 0.00	0	53.56
2011	12	26	1.286	6203.0537	359.0536	25.0536	 6.20	 8.70	208.58	 1.39	 6.88	 0.99	10.73	 1.06	322.88	286.57	291.89	267.95	293.79	0	53.59
2011	12	26	1.729	6203.0723	359.0721	25.0721	23.52	216944398.39	217.36	 1.09	 2.13	 1.00	10.87	 1.26	322.98	286.49	293.85	268.09	291.07	0	53.62
2011	12	26	2.171	6203.0903	359.0905	25.0905	17.61	756980.27	211.41	 1.37	 2.83	 1.00	10.77	 1.11	322.82	286.44	292.96	268.07	292.29	0	53.61
2011	12	26	3.967	6203.1655	359.1653	25.1653	28.19	27440272588.06	207.18	 1.23	 4.36	 0.99	10.77	 1.10	322.57	285.90	289.41	266.46	291.71	0	53.29
2011	12	26	7.109	6203.2964	359.2962	25.2962	 5.20	 4.12	210.13	 1.82	 2.00	 1.00	10.78	 1.10	322.41	284.84	290.83	266.27	291.98	0	53.25
2011	12	26	7.554	6203.3149	359.3148	25.3148	23.69	272322526.02	209.17	 1.11	 4.65	 0.99	10.87	 1.15	322.39	284.67	291.13	 0.00	291.83	0	54.00
2011	12	26	7.998	6203.3335	359.3333	25.3333	 5.27	 3.03	211.19	 1.25	 3.20	 1.00	10.77	 1.18	322.31	284.51	289.83	265.73	291.62	0	53.15
2011	12	26	8.881	6203.3701	359.3701	25.3700	16.48	272706.45	209.99	 1.51	 2.80	 1.00	10.73	 1.14	322.45	284.24	289.77	265.94	288.72	0	53.19
2011	12	26	10.227	6203.4263	359.4261	25.4261	 6.18	 9.02	205.08	 1.45	 1.70	 1.00	10.70	 1.14	322.73	284.22	287.60	266.73	 0.00	0	53.35
2011	12	26	12.055	6203.5024	359.5023	25.5023	21.81	52194244.63	206.89	 1.38	 4.70	 1.00	10.80	 1.08	322.80	286.92	292.55	270.39	292.60	0	54.08
2011	12	26	12.496	6203.5205	359.5207	25.5206	 7.11	21.54	205.63	 1.37	 3.56	 1.00	10.75	 1.06	322.87	287.71	292.46	271.14	291.81	0	54.23
2011	12	26	13.382	6203.5576	359.5576	25.5576	25.42	1925449703.50	208.70	 1.38	 0.66	 1.00	10.88	 1.15	322.93	289.66	295.29	272.01	 0.00	0	54.40
2011	12	26	15.614	6203.6504	359.6506	25.6506	 2.66	 0.26	202.69	 1.53	 3.11	 1.00	10.78	 0.98	323.40	294.35	300.16	 0.00	302.20	0	54.00
2011	12	26	16.521	6203.6885	359.6884	25.6884	 2.85	 0.43	205.02	 2.07	 9.11	 0.99	10.72	 0.91	322.57	296.40	303.78	283.73	304.67	0	56.75
2011	12	26	20.525	6203.8550	359.8552	25.8552	 5.18	 3.51	213.85	 1.61	 4.80	 1.00	10.80	 1.22	320.22	294.74	306.53	271.34	303.37	0	54.27
2011	12	26	21.843	6203.9102	359.9101	25.9101	 8.31	152.62	207.77	 2.94	13.98	 1.00	10.72	 1.10	319.11	291.20	302.93	269.46	296.90	0	53.89
2011	12	26	22.283	6203.9282	359.9285	25.9285	 4.60	 1.61	205.87	 1.27	 5.68	 0.99	10.82	 1.05	319.25	290.21	300.52	268.86	298.27	0	53.77
2011	12	26	22.749	6203.9478	359.9478	25.9479	 3.71	 0.79	210.46	 1.59	 3.40	 1.00	10.78	 1.21	316.73	289.21	298.08	267.58	295.80	0	53.52
2011	12	27	2.307	6204.0962	360.0962	26.0961	 4.21	 1.18	212.35	 1.44	 0.36	 1.00	10.75	 1.19	320.83	283.82	289.55	 0.00	288.64	0	54.00
2011	12	27	2.751	6204.1147	360.1146	26.1146	 5.51	 4.06	216.56	 1.34	 2.20	 1.00	10.83	 1.26	320.83	284.25	292.55	268.68	291.93	0	53.74
2011	12	27	3.656	6204.1523	360.1523	26.1523	 4.63	 1.35	212.00	 1.07	 4.50	 0.98	10.82	 1.22	320.80	284.72	290.49	268.58	291.08	0	53.72
2011	12	27	6.337	6204.2642	360.2640	26.2640	 5.76	 4.74	212.29	 1.20	 1.89	 1.00	11.00	 1.25	320.81	285.24	292.86	 0.00	 0.00	0	54.00
2011	12	27	6.784	6204.2827	360.2827	26.2826	 4.25	 1.00	212.31	 1.16	 0.92	 1.00	10.83	 1.14	320.81	285.29	292.25	267.90	291.56	0	53.58
2011	12	27	7.694	6204.3208	360.3206	26.3206	 4.76	 2.42	207.96	 1.65	 3.01	 1.00	10.88	 1.08	320.87	285.53	291.13	268.06	291.76	0	53.61
2011	12	27	8.135	6204.3389	360.3390	26.3390	 5.42	 4.45	210.49	 1.58	 3.25	 1.00	10.73	 1.16	320.85	285.56	291.37	 0.00	290.56	0	54.00
2011	12	27	8.577	6204.3574	360.3574	26.3574	 4.19	 1.31	213.13	 1.64	 1.70	 1.00	10.72	 1.19	320.86	285.65	294.06	267.91	291.90	0	53.58
2011	12	27	9.923	6204.4136	360.4135	26.4135	 6.15	 6.85	211.61	 1.17	 0.25	 1.00	10.80	 1.19	320.95	285.92	293.72	268.45	290.83	0	53.69
2011	12	27	10.361	6204.4316	360.4317	26.4317	 4.05	 1.13	209.28	 1.59	 1.33	 1.00	10.77	 1.16	320.89	285.97	292.80	 0.00	290.91	0	54.00
2011	12	27	10.801	6204.4502	360.4500	26.4500	 6.12	 8.52	206.70	 1.46	 3.04	 1.00	10.78	 1.09	320.88	285.96	290.87	268.66	293.44	0	53.73
2011	12	27	11.242	6204.4683	360.4684	26.4684	 4.22	 0.97	207.96	 1.14	 4.60	 0.99	10.73	 1.15	320.90	286.04	292.58	269.67	 0.00	0	53.93
2011	12	27	11.682	6204.4868	360.4867	26.4867	 7.22	12.83	208.25	 0.74	 1.20	 1.00	10.73	 1.19	320.92	286.28	291.71	270.28	291.03	0	54.06
2011	12	27	12.173	6204.5073	360.5072	26.5072	17.54	751338.66	207.02	 1.42	 5.53	 0.99	10.73	 1.09	321.03	286.55	293.07	271.29	 0.00	0	54.26
2011	12	27	13.941	6204.5811	360.5809	26.5809	39.20	 1.00	206.92	 0.00	 4.82	 0.00	10.77	 1.06	321.21	289.30	295.42	275.90	 0.00	0	55.18
2011	12	27	14.409	6204.6006	360.6004	26.6004	 4.89	 2.75	205.68	 1.63	 5.18	 1.00	10.83	 1.11	321.37	290.92	297.21	281.08	294.81	0	56.22
2011	12	27	14.849	6204.6187	360.6187	26.6187	 5.54	 3.96	210.48	 1.24	 1.07	 1.00	10.77	 1.19	321.65	291.74	299.81	277.77	296.36	0	55.55
2011	12	27	15.289	6204.6372	360.6370	26.6370	 5.00	 2.45	210.38	 1.33	 1.05	 1.00	10.77	 1.18	321.48	291.28	300.95	272.39	 0.00	0	54.48
2011	12	27	15.731	6204.6553	360.6555	26.6555	42.14	 1.00	208.48	 0.00	 3.48	 0.00	10.83	 1.12	321.49	291.11	298.23	 0.00	296.22	0	54.00
2011	12	27	16.174	6204.6738	360.6740	26.6739	 4.95	 2.29	209.10	 1.29	 3.11	 1.00	10.93	 1.19	321.75	292.14	299.49	280.10	297.95	0	56.02
2011	12	27	17.526	6204.7305	360.7303	26.7302	 4.43	 1.40	207.96	 1.34	 4.58	 0.99	10.82	 1.11	321.46	291.33	299.09	270.09	298.05	0	54.02
2011	12	27	18.410	6204.7671	360.7671	26.7671	 4.18	 0.96	209.60	 1.19	 2.14	 1.00	10.80	 1.12	321.37	289.97	297.94	 0.00	295.24	0	54.00
2011	12	27	18.876	6204.7866	360.7865	26.7865	25.54	2361094592.65	211.78	 1.53	 0.74	 1.00	10.73	 1.11	321.63	289.42	298.19	270.04	297.06	0	54.01
2011	12	27	19.319	6204.8052	360.8049	26.8049	 5.02	 3.39	207.77	 1.77	 3.60	 1.00	10.72	 1.09	321.59	289.01	295.35	270.08	295.46	0	54.02
2011	12	27	21.105	6204.8794	360.8794	26.8794	16.88	532441.93	205.00	 1.92	 4.43	 1.00	10.78	 1.03	321.60	288.61	294.94	270.02	294.81	0	54.00
2011	12	27	21.545	6204.8979	360.8977	26.8977	 4.45	 1.60	209.81	 1.51	 0.96	 1.00	10.80	 1.17	321.52	288.70	296.15	272.05	294.87	0	54.41
2011	12	27	21.985	6204.9160	360.9160	26.9160	 3.64	 0.51	210.83	 1.10	 4.86	 0.98	10.72	 1.22	321.53	288.54	295.46	 0.00	293.47	0	54.00
2011	12	27	22.864	6204.9526	360.9527	26.9527	 4.10	 1.14	210.76	 1.54	 1.07	 1.00	10.73	 1.16	321.62	288.03	294.67	269.29	 0.00	0	53.86
2011	12	27	23.330	6204.9722	360.9721	26.9721	 4.37	 1.27	213.61	 1.32	 3.87	 1.00	10.75	 1.24	318.96	287.50	294.98	268.45	 0.00	0	53.69
2011	12	28	2.001	6205.0835	361.0834	27.0834	 5.28	 4.20	209.26	 1.71	 1.48	 1.00	10.85	 1.02	318.95	282.51	289.43	267.73	287.37	0	53.55
2011	12	28	3.799	6205.1582	361.1583	27.1583	 5.59	 3.94	209.70	 1.18	 2.11	 1.00	10.83	 1.08	321.61	283.29	289.62	265.65	290.50	0	53.13
2011	12	28	5.124	6205.2134	361.2135	27.2135	 4.32	 1.31	208.28	 1.40	 1.00	 1.00	10.73	 1.17	321.63	283.63	288.63	266.62	289.52	0	53.32
2011	12	28	6.029	6205.2510	361.2512	27.2512	 5.02	 2.63	207.67	 1.37	 3.93	 1.00	10.83	 1.17	321.70	283.74	287.94	 0.00	 0.00	0	54.00
2011	12	28	6.472	6205.2695	361.2697	27.2697	 3.81	 0.68	210.76	 1.24	 1.23	 1.00	10.75	 1.13	321.70	283.65	289.73	266.00	288.44	0	53.20
2011	12	28	7.355	6205.3066	361.3065	27.3064	 4.07	 1.14	208.16	 1.57	 4.04	 1.00	10.83	 1.11	321.78	284.11	289.01	267.37	 0.00	0	53.47
2011	12	28	8.262	6205.3442	361.3442	27.3442	 4.63	 1.89	211.44	 1.49	 3.22	 1.00	10.80	 1.14	321.67	284.78	291.89	267.55	291.84	0	53.51
2011	12	28	8.706	6205.3628	361.3628	27.3628	 4.09	 0.90	212.45	 1.23	 1.18	 1.00	10.80	 1.21	321.70	285.02	290.68	267.89	 0.00	0	53.58
2011	12	28	9.149	6205.3813	361.3812	27.3812	 4.07	 0.83	214.38	 1.17	 1.97	 1.00	10.75	 1.22	321.71	285.21	292.15	267.88	289.78	0	53.58
2011	12	28	9.592	6205.3999	361.3997	27.3997	 4.00	 0.91	211.39	 1.36	 4.37	 0.99	10.80	 1.20	321.67	285.37	289.99	 0.00	292.34	0	54.00
2011	12	28	10.033	6205.4180	361.4180	27.4180	 4.96	 2.07	213.70	 1.18	 1.43	 1.00	10.75	 1.26	321.65	285.65	292.54	267.82	 0.00	0	53.56
2011	12	28	10.946	6205.4561	361.4561	27.4561	 4.95	 3.16	204.36	 1.74	 1.99	 1.00	10.90	 1.04	321.73	286.35	291.05	 0.00	292.04	0	54.00
2011	12	28	11.830	6205.4932	361.4929	27.4929	27.82	25889241957.71	207.55	 1.68	 2.08	 1.00	10.75	 1.18	321.65	287.71	292.87	274.27	294.84	0	54.85
2011	12	28	12.275	6205.5112	361.5115	27.5115	16.46	229872.66	211.45	 1.31	 1.49	 1.00	10.92	 1.24	321.66	287.97	296.05	 0.00	 0.00	0	54.00
2011	12	28	13.217	6205.5508	361.5507	27.5507	26.64	5778632536.71	209.14	 1.23	 1.10	 1.00	10.73	 1.21	321.60	288.72	295.09	273.60	294.63	0	54.72
2011	12	28	13.658	6205.5688	361.5691	27.5691	 4.98	 2.28	201.91	 1.21	 4.36	 0.99	10.72	 1.02	321.66	289.50	295.22	275.23	295.22	0	55.05
2011	12	28	14.098	6205.5874	361.5874	27.5874	 2.95	 1.65	227.51	 8.00	697.19	 0.83	10.82	 1.14	321.88	290.72	296.51	278.44	 0.00	0	55.69
2011	12	28	15.887	6205.6621	361.6620	27.6619	 6.87	 8.83	211.33	 0.73	 1.38	 0.99	10.73	 1.19	322.19	294.76	303.32	281.90	 0.00	0	56.38
2011	12	28	16.329	6205.6802	361.6804	27.6804	42.18	 1.00	205.62	 0.00	 1.42	 0.00	10.77	 1.10	322.21	294.27	301.19	275.71	299.85	0	55.14
2011	12	28	16.769	6205.6987	361.6987	27.6987	21.25	19389460.82	208.82	 0.90	 0.89	 1.00	10.82	 1.14	322.21	293.40	303.43	271.48	299.06	0	54.30
2011	12	28	17.237	6205.7183	361.7182	27.7182	 4.25	 0.94	212.24	 1.10	 4.23	 0.99	10.83	 1.09	322.42	292.17	303.37	270.46	300.04	0	54.09
2011	12	28	17.683	6205.7368	361.7368	27.7368	15.98	105957.44	212.96	 0.98	 1.17	 1.00	10.78	 1.22	322.51	291.36	300.91	269.97	 0.00	0	53.99
2011	12	28	18.129	6205.7554	361.7554	27.7554	 3.97	 0.96	208.37	 1.45	 4.32	 1.00	10.87	 1.07	322.64	290.90	299.24	272.22	297.09	0	54.44
2011	12	28	18.574	6205.7739	361.7739	27.7739	 3.67	 0.70	210.33	 1.48	 0.38	 1.00	10.85	 1.13	322.41	290.90	298.30	271.40	296.79	0	54.28
2011	12	28	19.014	6205.7920	361.7922	27.7922	 3.83	 0.71	210.02	 1.26	 3.23	 1.00	10.82	 1.12	322.48	291.20	299.08	 0.00	296.85	0	54.00
2011	12	28	19.479	6205.8115	361.8116	27.8116	 4.25	 1.30	206.35	 1.48	 1.97	 1.00	10.78	 1.08	322.50	291.53	298.07	274.39	298.74	0	54.88
2011	12	28	19.918	6205.8301	361.8299	27.8299	 4.23	 1.25	212.75	 1.49	 4.71	 1.00	10.68	 1.16	322.53	291.97	300.08	 0.00	299.01	0	54.00
2011	12	28	20.802	6205.8667	361.8668	27.8668	 4.12	 0.95	211.78	 1.26	 0.62	 1.00	10.80	 1.17	322.41	291.69	300.39	273.09	297.96	0	54.62
2011	12	28	21.708	6205.9043	361.9045	27.9045	 6.42	12.35	209.32	 1.59	 0.15	 1.00	10.75	 1.16	322.39	290.57	299.04	270.48	295.69	0	54.10
2011	12	29	0.391	6206.0161	362.0163	28.0163	 4.18	 1.18	207.57	 1.45	 3.73	 1.00	10.72	 1.15	321.66	284.94	291.00	265.14	291.86	0	53.03
2011	12	29	2.186	6206.0913	362.0911	28.0911	 4.72	 1.94	208.78	 1.38	 1.52	 1.00	10.75	 1.22	321.03	283.21	289.78	265.25	290.39	0	53.05
2011	12	29	2.629	6206.1094	362.1095	28.1095	 4.34	 1.67	209.90	 1.75	 4.50	 1.00	10.80	 1.15	321.14	282.95	289.45	265.41	289.01	0	53.08
2011	12	29	3.964	6206.1650	362.1652	28.1652	 4.87	 2.19	208.43	 1.34	 1.53	 1.00	10.95	 1.17	321.42	282.58	287.97	266.62	287.24	0	53.32
2011	12	29	4.430	6206.1846	362.1846	28.1846	 3.69	 0.66	209.35	 1.36	 1.25	 1.00	10.82	 1.12	321.22	282.42	288.89	265.58	288.34	0	53.12
2011	12	29	5.755	6206.2397	362.2398	28.2398	 5.06	 2.44	205.49	 1.22	 4.43	 0.99	10.82	 1.13	321.12	281.76	286.83	264.97	288.70	0	52.99
2011	12	29	6.667	6206.2778	362.2778	28.2778	 3.88	 0.65	207.99	 1.08	 1.70	 1.00	10.75	 1.23	320.23	281.31	287.31	 0.00	287.19	0	54.00
2011	12	29	8.436	6206.3516	362.3515	28.3515	 3.86	 0.79	206.86	 1.33	 2.83	 1.00	10.83	 1.17	320.07	280.57	287.02	265.00	286.35	0	53.00
2011	12	29	9.346	6206.3892	362.3894	28.3894	 5.23	 2.48	210.88	 1.07	 0.31	 1.00	10.82	 1.29	321.35	280.40	287.64	264.93	287.32	0	52.99
2011	12	29	10.673	6206.4448	362.4447	28.4447	 5.76	 4.47	209.81	 1.13	 1.09	 1.00	10.73	 1.28	320.87	280.81	286.64	266.26	287.67	0	53.25
2011	12	29	11.142	6206.4644	362.4642	28.4642	22.31	86221966.92	208.59	 1.39	 2.69	 1.00	10.80	 1.22	320.97	281.40	287.63	267.93	288.74	0	53.59
2011	12	29	11.584	6206.4824	362.4827	28.4827	 3.75	 0.74	208.03	 1.41	 4.31	 1.00	10.73	 1.19	321.01	282.42	288.89	 0.00	289.77	0	54.00
2011	12	29	12.023	6206.5010	362.5010	28.5010	 3.48	 0.52	210.50	 1.34	 1.06	 1.00	10.75	 1.29	321.13	283.82	290.34	271.83	289.61	0	54.37
2011	12	29	12.466	6206.5195	362.5194	28.5194	 3.44	 0.57	208.72	 1.51	 1.71	 1.00	10.80	 1.24	321.20	285.27	290.06	273.28	291.12	0	54.66
2011	12	29	13.848	6206.5771	362.5770	28.5770	 3.42	 0.53	213.28	 1.47	 6.08	 0.99	10.70	 1.24	319.70	289.81	298.00	275.90	294.18	0	55.18
2011	12	29	14.287	6206.5952	362.5953	28.5953	 3.03	 0.56	208.38	 2.27	 2.45	 1.00	10.73	 1.04	318.44	291.21	299.91	277.02	299.01	0	55.40
2011	12	29	14.726	6206.6138	362.6136	28.6136	 3.91	 1.07	205.71	 1.70	 2.55	 1.00	10.78	 1.05	319.02	292.57	299.93	278.99	298.70	0	55.80
2011	12	29	15.632	6206.6514	362.6513	28.6513	 3.13	 0.40	217.04	 1.53	 1.33	 1.00	10.85	 1.19	319.50	295.60	305.48	 0.00	301.75	0	54.00
2011	12	29	16.073	6206.6699	362.6697	28.6697	 3.03	 0.38	207.42	 1.55	 6.79	 0.99	10.82	 1.06	319.04	296.97	305.39	282.23	302.79	0	56.45
2011	12	30	0.527	6207.0220	363.0219	29.0220	 3.26	 0.52	212.90	 1.67	 2.12	 1.00	10.92	 1.14	322.45	286.04	294.84	265.23	293.56	0	53.05
2011	12	30	0.971	6207.0405	363.0405	29.0405	 3.57	 0.61	213.85	 1.44	 2.19	 1.00	10.82	 1.21	322.83	285.59	293.90	266.62	 0.00	0	53.32
2011	12	30	1.415	6207.0591	363.0590	29.0590	 3.50	 0.50	211.03	 1.25	 1.26	 1.00	10.90	 1.10	322.85	285.22	291.09	266.28	292.84	0	53.26
2011	12	30	1.860	6207.0776	363.0775	29.0775	 4.28	 1.00	211.85	 1.13	 4.61	 0.99	10.80	 1.17	322.82	284.99	292.29	267.73	292.59	0	53.55
2011	12	30	2.301	6207.0957	363.0959	29.0959	 4.54	 1.13	208.03	 0.96	 0.77	 1.00	10.73	 1.08	322.77	284.66	291.39	 0.00	290.98	0	54.00
2011	12	30	2.769	6207.1152	363.1154	29.1154	 4.77	 1.52	210.04	 1.03	 2.74	 0.99	10.77	 1.14	322.80	284.43	291.04	267.62	292.14	0	53.52
2011	12	30	4.091	6207.1704	363.1705	29.1705	 4.82	 1.95	208.35	 1.25	 1.01	 1.00	10.75	 1.12	322.85	284.17	289.22	267.07	291.79	0	53.41
2011	12	30	4.536	6207.1890	363.1890	29.1890	 3.18	 0.35	210.84	 1.21	 2.71	 1.00	10.82	 1.12	322.89	284.15	291.51	266.33	 0.00	0	53.27
2011	12	30	5.444	6207.2271	363.2268	29.2268	 4.14	 0.73	210.55	 0.95	 1.74	 1.00	10.77	 1.19	322.89	284.03	290.21	265.55	290.32	0	53.11
2011	12	30	5.881	6207.2451	363.2451	29.2450	 5.40	 3.56	212.52	 1.30	 2.91	 1.00	10.73	 1.23	322.87	283.95	291.30	265.21	288.91	0	53.04
2011	12	30	6.320	6207.2632	363.2633	29.2633	 4.60	 1.72	210.73	 1.40	 5.41	 0.99	10.80	 1.19	322.90	283.88	288.18	265.72	291.36	0	53.14
2011	12	30	6.762	6207.2817	363.2817	29.2817	 5.27	 3.34	214.73	 1.40	 5.45	 0.99	10.77	 1.29	322.85	283.80	287.37	266.32	288.74	0	53.26
2011	12	30	7.226	6207.3013	363.3011	29.3011	 4.79	 2.49	209.73	 1.66	 2.45	 1.00	10.75	 1.14	322.78	283.69	290.77	 0.00	289.93	0	54.00
2011	12	30	7.665	6207.3193	363.3194	29.3194	 3.91	 0.75	208.28	 1.22	 3.11	 1.00	10.82	 1.13	322.56	283.62	288.25	 0.00	 0.00	0	54.00
2011	12	30	8.550	6207.3564	363.3562	29.3562	 4.30	 0.77	211.61	 0.84	 1.91	 0.99	10.78	 1.16	322.36	283.45	288.03	265.02	289.57	0	53.00
2011	12	30	8.989	6207.3745	363.3745	29.3745	 3.61	 0.44	214.30	 1.00	 2.91	 0.99	10.77	 1.19	322.07	283.35	290.75	265.30	290.74	0	53.06
2011	12	30	9.453	6207.3940	363.3939	29.3939	 3.63	 0.65	212.76	 1.42	 1.58	 1.00	10.80	 1.19	321.81	283.24	290.17	265.22	288.13	0	53.04
2011	12	30	9.896	6207.4121	363.4124	29.4123	 4.20	 1.21	212.37	 1.49	 0.90	 1.00	10.92	 1.27	321.57	283.17	289.82	 0.00	290.63	0	54.00
2011	12	30	10.339	6207.4307	363.4308	29.4308	20.55	10747921.19	211.26	 1.02	 5.31	 0.97	10.87	 1.20	321.62	283.32	290.17	265.32	290.63	0	53.06
2011	12	30	10.784	6207.4492	363.4493	29.4493	 3.32	 0.38	212.25	 1.17	 1.86	 1.00	10.82	 1.21	321.68	283.88	290.36	268.60	 0.00	0	53.72
2011	12	30	11.226	6207.4678	363.4677	29.4677	 3.27	 0.37	211.23	 1.17	 9.49	 0.93	10.90	 1.19	321.79	284.81	290.14	272.32	289.18	0	54.46
2011	12	30	12.135	6207.5059	363.5056	29.5056	 3.97	 0.74	208.79	 1.13	 4.41	 0.99	10.82	 1.19	321.96	287.46	294.03	277.28	296.01	0	55.46
2011	12	30	13.458	6207.5605	363.5607	29.5607	 3.62	 0.53	213.17	 1.19	 1.76	 1.00	10.82	 1.27	323.20	292.19	300.60	281.64	299.74	0	56.33
2011	12	30	14.393	6207.5996	363.5997	29.5997	 4.54	 1.42	212.46	 1.24	 1.89	 1.00	10.73	 1.17	322.75	294.54	303.08	279.99	301.72	0	56.00
2011	12	30	14.831	6207.6182	363.6180	29.6180	 3.26	 0.34	212.31	 1.11	 1.58	 1.00	10.85	 1.15	322.36	295.93	305.21	280.77	 0.00	0	56.15
2011	12	30	15.269	6207.6362	363.6362	29.6362	 2.99	 0.39	204.12	 1.61	 3.95	 1.00	10.72	 0.97	320.78	297.03	306.95	280.58	302.27	0	56.12
2011	12	30	16.169	6207.6738	363.6737	29.6737	 2.63	 0.33	203.42	 2.05	 1.43	 1.00	10.77	 1.05	318.77	298.61	308.23	281.21	307.68	0	56.24
2011	12	30	16.606	6207.6919	363.6919	29.6919	 2.17	 0.22	200.47	 2.26	 2.37	 1.00	10.77	 0.91	318.92	299.06	312.54	281.24	306.25	0	56.25
2011	12	30	17.044	6207.7100	363.7102	29.7102	 2.21	 0.19	204.04	 1.92	 3.54	 1.00	10.73	 1.05	319.68	299.11	309.73	278.94	308.07	0	55.79
2011	12	30	19.254	6207.8022	363.8022	29.8022	 2.34	 0.30	201.89	 2.52	21.38	 0.98	10.75	 1.07	320.13	297.71	308.34	278.95	304.82	0	55.79
2011	12	30	19.692	6207.8203	363.8205	29.8205	 3.00	 0.73	201.93	 2.99	 3.90	 1.00	10.72	 1.01	319.91	296.99	311.43	277.45	304.62	0	55.49
2011	12	31	0.129	6208.0054	364.0054	30.0054	 2.59	 0.23	207.60	 1.52	 3.49	 1.00	10.77	 1.26	323.54	286.18	294.53	265.55	 0.00	0	53.11
2011	12	31	3.254	6208.1357	364.1356	30.1356	 2.81	 0.39	204.97	 1.98	 2.83	 1.00	10.77	 1.10	324.20	284.23	290.45	267.40	289.51	0	53.48
2011	12	31	4.133	6208.1724	364.1722	30.1722	 2.35	 0.16	210.05	 1.36	 1.43	 1.00	10.85	 1.17	324.16	284.11	293.13	267.83	290.77	0	53.57
2011	12	31	5.018	6208.2090	364.2091	30.2091	 2.73	 0.22	210.08	 1.23	 5.94	 0.98	10.73	 1.14	324.24	283.93	291.30	266.65	290.57	0	53.33
2011	12	31	7.712	6208.3213	364.3214	30.3213	 3.42	 0.38	210.99	 1.03	 6.38	 0.95	10.75	 1.19	321.09	283.48	291.17	265.14	288.63	0	53.03
2011	12	31	10.372	6208.4321	364.4322	30.4322	 2.26	 0.24	198.22	 2.13	 5.06	 1.00	10.72	 0.93	318.57	278.36	281.55	 0.00	 0.00	0	54.00
2011	12	31	11.687	6208.4868	364.4869	30.4869	 2.84	 0.34	206.73	 1.71	 6.13	 0.99	10.73	 1.20	321.28	282.44	285.92	 0.00	288.82	0	54.00
2011	12	31	12.150	6208.5063	364.5063	30.5063	 2.89	 0.36	208.78	 1.70	 2.56	 1.00	10.72	 1.29	321.31	283.99	290.40	273.94	288.44	0	54.79
2011	12	31	13.026	6208.5430	364.5427	30.5427	 2.69	 0.27	207.59	 1.60	 2.32	 1.00	10.72	 1.23	320.52	287.30	293.10	276.24	294.34	0	55.25
2011	12	31	13.463	6208.5610	364.5610	30.5610	 2.46	 0.20	209.95	 1.53	 1.00	 1.00	10.75	 1.26	320.06	288.93	295.38	277.58	298.76	0	55.52
2011	12	31	14.395	6208.5996	364.5998	30.5998	 3.07	 0.32	209.51	 1.24	 0.93	 1.00	10.77	 1.20	321.19	292.06	300.11	280.99	299.41	0	56.20
2011	12	31	16.144	6208.6729	364.6727	30.6727	 3.87	 0.78	212.64	 1.34	 1.71	 1.00	10.73	 1.15	318.59	296.54	307.75	284.10	303.91	0	56.82
2011	12	31	16.606	6208.6919	364.6919	30.6919	 5.29	 3.95	204.00	 1.55	 4.37	 1.00	10.75	 1.03	317.20	298.03	307.91	286.22	304.77	0	57.24
2011	12	31	17.043	6208.7100	364.7101	30.7101	 2.97	 0.34	208.60	 1.47	 2.42	 1.00	10.73	 1.09	317.65	298.90	308.90	286.31	305.51	0	57.26
2011	12	31	17.481	6208.7285	364.7284	30.7284	 4.33	 1.49	212.25	 1.61	 2.27	 1.00	10.72	 1.27	316.84	299.11	309.70	283.89	305.74	0	56.78
2011	12	31	17.918	6208.7466	364.7466	30.7466	 3.74	 0.90	204.81	 1.70	 8.69	 0.99	10.75	 1.05	316.46	299.36	310.86	281.42	306.27	0	56.28
2011	12	31	20.566	6208.8569	364.8569	30.8569	 2.63	 0.41	203.16	 2.48	 0.77	 1.00	10.72	 0.97	315.89	295.75	308.73	274.17	304.12	0	54.83
2011	12	31	23.681	6208.9868	364.9867	30.9867	 2.79	 0.27	207.28	 1.43	 6.26	 0.99	10.70	 1.10	318.05	287.40	296.85	265.47	293.07	0	53.09
