2012	8	1	1.446	6422.0601	213.0602	0.0602	 1.45	 0.10	195.13	 2.41	 8.14	 0.99	10.75	 1.22	324.50	277.27	282.77	 0.00	283.26	0	54.00
2012	8	1	1.915	6422.0796	213.0798	0.0798	 1.59	 0.10	196.73	 1.99	 4.90	 1.00	10.87	 1.19	324.54	276.93	282.38	257.91	281.46	0	51.58
2012	8	1	2.804	6422.1167	213.1168	0.1168	 1.47	 0.07	200.48	 1.78	12.99	 0.93	11.02	 1.29	324.61	276.44	283.84	257.90	 0.00	0	51.58
2012	8	1	3.693	6422.1538	213.1539	0.1539	 1.33	 0.10	193.07	 2.85	 2.17	 1.00	10.83	 1.15	324.54	276.13	281.63	258.12	 0.00	0	51.62
2012	8	1	4.163	6422.1733	213.1735	0.1735	 1.28	 0.08	199.25	 2.78	 1.93	 1.00	10.90	 1.21	324.71	275.98	283.56	 0.00	283.43	0	54.00
2012	8	1	5.490	6422.2290	213.2288	0.2288	 1.25	 0.08	194.32	 2.69	 1.10	 1.00	10.92	 1.21	324.68	275.74	281.00	258.31	283.12	0	51.66
2012	8	1	6.402	6422.2666	213.2667	0.2667	 1.26	 0.05	197.00	 1.80	 2.90	 1.00	10.75	 1.27	324.76	275.59	281.52	258.26	280.14	0	51.65
2012	8	1	7.286	6422.3037	213.3036	0.3036	 1.20	 0.05	194.86	 1.92	 2.33	 1.00	10.83	 1.27	324.77	275.54	281.36	258.29	282.87	0	51.66
2012	8	1	8.170	6422.3403	213.3404	0.3404	 1.11	 0.05	193.56	 2.04	 5.23	 0.99	10.72	 1.25	324.84	275.46	283.12	258.42	 0.00	0	51.68
# Unit 3, Cerro Chajnantor CCAT, Filter  0,  Slot 1, 350 um (616) & yellow
#				days
#				since		day of	day of
# yr	mo	dy	 time	1/1/1995	year	month	Tau	unc	Tatm	unc	mse	fitgood	Etime	R	Thot	Twarm	Tchop	Tamb	<Tint>	Filter	Toff
# 1	2	3	4	5		6	7	8	9	10	11	12	13	14	15	16	17	18	19	20	21	22
2012	8	1	10.435	6422.4346	213.4348	0.4348	 1.04	 0.07	196.34	 3.52	 2.61	 1.00	10.75	 1.21	324.84	275.26	281.50	258.00	282.39	0	51.60
2012	8	1	12.668	6422.5278	213.5278	0.5278	 0.95	 0.07	188.35	 4.14	 4.12	 1.00	10.73	 1.16	325.08	277.88	279.81	260.04	 0.00	0	52.01
2012	8	1	14.891	6422.6206	213.6204	0.6204	 1.09	 0.05	196.59	 2.39	 3.26	 1.00	10.73	 1.25	324.92	283.78	290.33	264.71	289.66	0	52.94
2012	8	1	15.795	6422.6582	213.6581	0.6581	 1.01	 0.07	194.45	 3.69	 4.15	 1.00	10.83	 1.17	324.97	286.79	292.01	265.80	289.72	0	53.16
2012	8	1	18.012	6422.7505	213.7505	0.7505	 1.34	 0.13	195.39	 3.84	 3.05	 1.00	10.75	 1.12	324.95	291.47	297.60	271.21	296.74	0	54.24
2012	8	1	21.548	6422.8979	213.8978	0.8978	152.87	 1.00	178.19	 0.00	293.25	 0.00	10.73	 0.97	325.33	285.69	292.26	261.86	293.59	0	52.37
2012	8	1	22.905	6422.9546	213.9544	0.9544	 1.66	 0.10	202.70	 2.03	 3.08	 1.00	10.83	 1.29	325.17	281.80	289.22	259.67	289.13	0	51.93
2012	8	1	23.789	6422.9912	213.9912	0.9912	 1.38	 0.12	194.56	 3.40	 9.87	 1.00	10.72	 1.18	324.60	279.92	285.69	 0.00	287.22	0	54.00
2012	8	2	3.374	6423.1406	214.1406	1.1406	 1.84	 0.19	201.51	 2.87	12.08	 1.00	10.90	 1.28	324.46	277.09	283.00	259.54	284.41	0	51.91
2012	8	2	3.819	6423.1592	214.1591	1.1591	 1.93	 0.20	201.92	 2.79	 4.59	 1.00	10.82	 1.27	324.52	277.37	282.88	259.93	283.13	0	51.99
2012	8	2	4.728	6423.1968	214.1970	1.1970	 1.62	 0.12	203.13	 2.45	14.95	 0.98	10.87	 1.25	324.57	277.80	283.47	259.92	282.08	0	51.98
2012	8	2	7.427	6423.3096	214.3095	1.3095	 2.00	 0.13	199.56	 1.56	 6.11	 0.99	10.85	 1.30	324.41	278.22	284.75	 0.00	285.44	0	54.00
2012	8	2	7.870	6423.3281	214.3279	1.3279	 1.70	 0.17	196.01	 2.94	 2.44	 1.00	10.82	 1.16	324.47	277.92	282.22	258.51	282.44	0	51.70
2012	8	2	8.313	6423.3462	214.3464	1.3464	 1.67	 0.12	200.49	 2.19	 4.56	 1.00	10.73	 1.22	324.46	277.71	285.46	258.38	283.54	0	51.68
2012	8	2	10.130	6423.4219	214.4221	1.4221	 1.48	 0.12	200.95	 2.89	 2.03	 1.00	10.82	 1.23	324.64	276.52	284.58	257.22	283.58	0	51.44
2012	8	2	10.572	6423.4404	214.4405	1.4405	 1.72	 0.16	195.96	 2.77	 1.74	 1.00	10.77	 1.26	324.56	276.34	280.86	257.19	283.33	0	51.44
2012	8	2	12.813	6423.5337	214.5339	1.5339	 1.49	 0.36	212.35	 9.18	700.98	 0.75	10.73	 1.18	324.78	278.71	277.41	260.17	 0.00	0	52.03
2012	8	2	13.250	6423.5522	214.5521	1.5521	 1.32	 0.10	206.18	 3.15	 8.99	 1.00	10.72	 1.30	324.83	279.66	285.72	260.84	287.20	0	52.17
2012	8	2	14.152	6423.5898	214.5897	1.5897	 1.42	 0.11	194.62	 2.81	 7.86	 1.00	10.75	 1.14	324.94	282.21	284.32	261.86	287.69	0	52.37
2012	8	2	20.821	6423.8677	214.8675	1.8675	 3.01	 0.46	195.88	 1.80	 1.80	 1.00	10.83	 1.07	325.59	285.67	290.63	262.80	291.69	0	52.56
2012	8	3	0.846	6424.0352	215.0352	2.0352	 2.16	 0.21	200.23	 2.15	11.64	 0.99	10.75	 1.21	324.68	278.45	284.69	259.20	 0.00	0	51.84
2012	8	3	2.178	6424.0908	215.0907	2.0907	 1.81	 0.23	204.07	 3.79	 6.81	 1.00	10.87	 1.20	324.78	277.68	282.04	259.22	285.12	0	51.84
2012	8	3	3.523	6424.1470	215.1468	2.1468	 2.12	 0.35	191.45	 3.62	17.05	 1.00	10.72	 1.09	324.74	277.22	280.22	 0.00	281.73	0	54.00
2012	8	3	6.210	6424.2588	215.2588	2.2588	 1.92	 0.29	194.22	 3.90	35.43	 0.99	10.92	 1.00	324.86	276.04	281.94	258.26	 0.00	0	51.65
2012	8	3	9.345	6424.3892	215.3894	2.3894	 1.93	 0.35	200.04	 4.73	30.96	 1.00	10.77	 1.12	324.82	275.54	276.71	258.86	282.46	0	51.77
2012	8	3	9.836	6424.4097	215.4099	2.4098	 1.93	 0.29	204.30	 4.07	 7.97	 1.00	10.75	 1.27	324.87	275.54	279.66	258.77	281.23	0	51.75
2012	8	3	11.167	6424.4653	215.4653	2.4653	 1.75	 0.24	206.04	 4.23	 2.79	 1.00	10.75	 1.26	324.79	275.76	284.50	260.05	281.11	0	52.01
2012	8	3	11.609	6424.4839	215.4837	2.4837	 1.77	 0.33	197.96	 5.52	27.38	 1.00	10.90	 1.25	324.81	276.25	277.75	260.37	280.22	0	52.07
2012	8	3	15.179	6424.6323	215.6325	2.6325	 1.62	 0.18	192.18	 3.52	10.70	 1.00	10.73	 1.19	325.32	284.63	278.08	265.80	290.00	0	53.16
2012	8	3	16.520	6424.6885	215.6883	2.6883	 2.11	 0.29	205.06	 3.19	10.50	 1.00	10.77	 1.18	325.84	287.92	296.00	265.50	295.58	0	53.10
2012	8	3	16.958	6424.7065	215.7066	2.7066	 2.03	 0.21	199.88	 2.53	13.75	 0.99	10.80	 1.18	325.19	288.88	295.70	267.18	296.48	0	53.44
2012	8	3	20.954	6424.8730	215.8731	2.8731	 2.15	 0.31	205.85	 3.31	17.88	 1.00	10.77	 1.28	325.56	288.06	297.35	265.62	292.51	0	53.12
2012	8	3	23.214	6424.9673	215.9672	2.9672	 1.25	 0.13	196.34	 4.57	 7.83	 1.00	10.77	 1.08	325.41	281.66	286.66	260.16	286.57	0	52.03
2012	8	4	0.541	6425.0225	216.0225	3.0225	 1.23	 0.11	194.16	 3.76	18.98	 0.99	10.80	 1.16	325.07	279.47	284.48	260.51	 0.00	0	52.10
2012	8	4	0.987	6425.0410	216.0411	3.0411	 1.23	 0.10	200.79	 3.70	 6.60	 1.00	10.80	 1.25	324.73	278.98	286.10	260.45	284.99	0	52.09
2012	8	4	1.456	6425.0605	216.0607	3.0607	 1.18	 0.07	197.74	 2.77	 7.01	 0.99	10.77	 1.16	324.71	278.56	284.43	260.44	286.03	0	52.09
2012	8	4	5.033	6425.2095	216.2097	3.2097	 0.94	 0.08	199.33	 4.59	 5.99	 1.00	10.78	 1.25	324.90	277.47	284.16	261.44	283.42	0	52.29
2012	8	4	5.949	6425.2480	216.2479	3.2479	 1.14	 0.06	198.11	 2.31	 2.53	 1.00	10.80	 1.30	324.86	277.41	285.55	 0.00	284.81	0	54.00
2012	8	4	6.390	6425.2661	216.2662	3.2662	 1.34	 0.08	197.67	 2.34	17.88	 0.94	10.77	 1.20	324.89	277.38	283.42	260.84	283.30	0	52.17
2012	8	4	7.282	6425.3032	216.3034	3.3034	 1.56	 0.11	199.55	 2.43	 1.87	 1.00	10.82	 1.24	324.79	277.32	280.54	260.80	283.25	0	52.16
2012	8	4	7.730	6425.3223	216.3221	3.3221	 1.35	 0.10	193.51	 2.81	 4.73	 1.00	10.82	 1.17	324.78	277.31	279.73	260.79	283.25	0	52.16
2012	8	4	9.993	6425.4165	216.4164	3.4164	 1.43	 0.05	204.21	 1.49	 3.00	 0.99	10.77	 1.30	324.72	277.31	285.31	261.04	281.82	0	52.21
2012	8	4	10.934	6425.4556	216.4556	3.4556	 1.19	 0.08	199.84	 3.24	18.41	 0.98	10.90	 1.18	324.88	277.31	282.58	261.14	 0.00	0	52.23
2012	8	4	12.735	6425.5308	216.5306	3.5306	 1.47	 0.11	189.97	 2.49	 7.24	 1.00	10.80	 1.14	325.15	280.57	282.26	263.90	287.62	0	52.78
2012	8	4	13.174	6425.5488	216.5489	3.5489	 1.33	 0.07	196.92	 2.05	 5.95	 0.99	10.77	 1.16	325.02	281.76	286.15	265.33	287.39	0	53.07
2012	8	4	16.270	6425.6777	216.6779	3.6779	 1.70	 0.09	206.11	 1.77	 2.06	 1.00	10.75	 1.25	325.18	290.45	300.86	272.20	296.18	0	54.44
2012	8	4	17.171	6425.7153	216.7155	3.7155	 1.27	 0.45	240.37	18.11	1533.98	 0.87	10.77	 1.26	323.71	292.73	298.91	273.99	300.87	0	54.80
2012	8	4	18.926	6425.7886	216.7886	3.7886	 1.95	 0.15	201.62	 1.94	 6.50	 0.99	10.80	 1.16	323.73	294.26	303.19	274.50	300.10	0	54.90
2012	8	4	19.829	6425.8262	216.8262	3.8262	 2.01	 0.14	200.65	 1.79	 2.94	 1.00	10.72	 1.16	323.70	293.51	301.81	270.98	297.52	0	54.20
2012	8	4	20.710	6425.8628	216.8629	3.8629	 2.46	 0.26	203.36	 1.93	 0.48	 1.00	10.83	 1.25	323.70	291.44	300.67	265.68	299.67	0	53.14
2012	8	4	22.061	6425.9194	216.9192	3.9192	 1.94	 0.55	210.27	 7.71	15.70	 1.00	10.77	 1.29	323.67	287.13	295.60	265.82	292.38	0	53.16
2012	8	4	22.941	6425.9561	216.9559	3.9559	 2.27	 0.20	202.44	 1.79	 1.15	 1.00	10.80	 1.18	323.88	285.15	291.15	265.46	293.44	0	53.09
2012	8	4	23.385	6425.9741	216.9744	3.9744	 1.83	 0.15	200.80	 2.31	 9.64	 0.99	10.75	 1.07	324.06	284.47	289.81	265.32	292.51	0	53.06
2012	8	5	1.188	6426.0493	217.0495	4.0495	 1.73	 0.22	198.41	 3.80	 9.72	 1.00	10.75	 1.15	324.07	282.84	287.72	265.02	 0.00	0	53.00
2012	8	5	2.992	6426.1245	217.1247	4.1247	 1.82	 0.16	203.48	 2.48	10.99	 0.99	10.97	 1.22	324.32	281.99	286.60	264.96	290.30	0	52.99
2012	8	5	4.353	6426.1812	217.1814	4.1814	 2.11	 0.18	206.83	 1.99	 3.71	 1.00	10.78	 1.26	324.23	281.57	288.54	264.93	 0.00	0	52.99
2012	8	5	4.794	6426.1997	217.1998	4.1997	 2.48	 0.30	206.11	 2.18	 5.14	 1.00	10.75	 1.30	324.14	281.41	286.31	264.92	 0.00	0	52.98
2012	8	5	5.238	6426.2183	217.2183	4.2183	 2.10	 0.21	200.95	 2.36	14.48	 0.99	10.73	 1.14	324.13	281.43	284.02	264.96	286.39	0	52.99
2012	8	5	5.682	6426.2368	217.2367	4.2367	 2.19	 0.22	208.15	 2.24	 4.01	 1.00	10.88	 1.27	324.17	281.48	288.80	264.98	286.54	0	53.00
2012	8	5	6.594	6426.2749	217.2747	4.2747	 2.11	 0.14	208.99	 1.55	 1.03	 1.00	11.02	 1.26	324.26	281.51	288.37	265.01	288.09	0	53.00
2012	8	5	7.923	6426.3301	217.3301	4.3301	 1.68	 0.12	203.92	 2.32	 4.35	 1.00	10.80	 1.15	324.14	281.40	287.63	265.07	 0.00	0	53.01
2012	8	5	8.367	6426.3486	217.3486	4.3486	 1.99	 0.13	202.72	 1.71	 1.00	 1.00	10.83	 1.22	324.18	281.35	287.77	265.02	 0.00	0	53.00
2012	8	5	10.166	6426.4233	217.4236	4.4236	 1.75	 0.10	196.83	 1.65	 4.55	 0.99	10.72	 1.10	324.30	280.87	283.55	264.93	287.22	0	52.99
2012	8	5	10.609	6426.4419	217.4420	4.4420	 1.76	 0.12	206.56	 2.12	 6.27	 1.00	10.78	 1.21	324.14	280.75	288.36	264.63	 0.00	0	52.93
2012	8	5	11.998	6426.5000	217.4999	4.4999	 1.50	 0.09	205.32	 2.12	 4.36	 1.00	10.73	 1.15	324.32	281.75	289.12	265.55	286.05	0	53.11
2012	8	5	12.440	6426.5186	217.5183	4.5183	 1.65	 0.09	202.78	 1.82	 3.37	 1.00	10.78	 1.24	324.42	282.82	288.13	265.73	290.93	0	53.15
2012	8	5	13.349	6426.5562	217.5562	4.5562	 0.30	 0.11	442.95	103.77	1311.01	 0.74	10.82	 1.13	324.64	285.36	289.51	265.99	289.13	0	53.20
2012	8	5	15.104	6426.6294	217.6293	4.6293	 1.42	 0.09	202.31	 2.33	11.83	 0.98	10.73	 1.16	323.79	290.48	297.16	269.48	297.04	0	53.90
2012	8	5	17.783	6426.7407	217.7410	4.7410	 1.52	 0.14	206.37	 3.47	 3.03	 1.00	10.77	 1.20	324.70	295.86	305.29	278.53	301.19	0	55.71
2012	8	5	18.222	6426.7593	217.7593	4.7593	 1.60	 0.11	199.55	 2.23	 8.89	 0.99	10.73	 1.17	321.96	296.12	302.14	277.94	301.44	0	55.59
2012	8	5	18.660	6426.7773	217.7775	4.7775	 1.49	 0.07	205.58	 1.77	 6.65	 0.98	10.72	 1.20	321.00	296.03	305.78	 0.00	303.75	0	54.00
2012	8	5	20.002	6426.8335	217.8334	4.8334	 1.86	 0.13	205.48	 2.03	 5.80	 1.00	10.77	 1.16	322.57	294.53	303.93	272.06	300.94	0	54.41
2012	8	5	20.441	6426.8516	217.8517	4.8517	 2.38	 0.22	206.10	 1.78	 7.69	 0.99	10.73	 1.18	322.49	293.53	303.49	265.48	298.15	0	53.10
2012	8	5	22.670	6426.9443	217.9446	4.9446	 2.40	 0.31	207.79	 2.47	 2.36	 1.00	10.83	 1.29	323.79	286.64	294.71	265.58	 0.00	0	53.12
2012	8	6	3.584	6427.1494	218.1493	5.1493	 2.03	 0.16	201.35	 1.91	 1.26	 1.00	10.75	 1.21	323.67	281.38	286.62	265.14	289.36	0	53.03
2012	8	6	4.943	6427.2061	218.2059	5.2059	 2.04	 0.22	195.99	 2.62	 6.85	 1.00	10.92	 1.11	323.88	280.95	283.99	 0.00	 0.00	0	54.00
2012	8	6	5.824	6427.2427	218.2426	5.2427	 1.54	 0.08	203.35	 1.95	20.65	 0.89	10.77	 1.27	323.79	280.67	277.96	265.15	288.66	0	53.03
2012	8	6	6.266	6427.2612	218.2611	5.2611	 1.55	 0.11	202.34	 2.52	 9.25	 0.99	10.85	 1.17	323.79	280.55	285.07	265.12	285.50	0	53.02
2012	8	6	6.711	6427.2798	218.2796	5.2796	 1.60	 0.11	204.14	 2.23	 4.94	 1.00	10.88	 1.23	323.60	280.45	286.59	264.23	286.88	0	52.85
2012	8	6	8.071	6427.3364	218.3363	5.3363	 1.52	 0.09	200.08	 2.06	 1.20	 1.00	10.73	 1.23	323.48	279.98	286.97	 0.00	284.91	0	54.00
2012	8	6	10.309	6427.4297	218.4295	5.4295	 1.31	 0.07	202.83	 2.33	 7.45	 0.99	10.93	 1.16	323.38	279.48	285.27	 0.00	 0.00	0	54.00
2012	8	6	11.200	6427.4668	218.4667	5.4667	 1.64	 0.09	203.97	 1.77	 7.28	 0.98	11.02	 1.28	323.42	279.41	284.99	263.48	285.50	0	52.70
2012	8	6	12.585	6427.5244	218.5244	5.5244	 2.01	 0.10	204.69	 1.26	 1.68	 1.00	10.72	 1.25	323.46	282.00	286.82	266.05	285.95	0	53.21
2012	8	6	13.464	6427.5610	218.5610	5.5610	 2.00	 0.16	200.98	 2.06	 7.70	 0.99	10.75	 1.21	323.39	284.74	289.42	265.90	290.46	0	53.18
2012	8	6	14.364	6427.5986	218.5985	5.5985	 1.75	 0.22	201.12	 3.79	 3.78	 1.00	10.77	 1.13	323.42	287.90	293.89	266.06	296.97	0	53.21
2012	8	6	16.590	6427.6914	218.6913	5.6913	 1.53	 0.19	208.80	 4.59	21.03	 1.00	10.75	 1.27	322.04	291.72	299.09	272.18	297.29	0	54.44
2012	8	6	17.907	6427.7461	218.7461	5.7461	 1.51	 0.24	197.14	 5.64	11.88	 1.00	10.72	 0.88	322.66	293.41	304.26	273.91	296.14	0	54.78
2012	8	6	18.371	6427.7656	218.7654	5.7654	 1.63	 0.14	205.91	 2.99	12.33	 1.00	10.75	 1.18	322.85	293.63	301.29	274.97	301.25	0	54.99
2012	8	6	19.689	6427.8203	218.8204	5.8204	 2.04	 0.19	203.59	 2.26	21.99	 0.96	10.72	 1.23	323.00	292.73	300.64	271.20	298.42	0	54.24
2012	8	6	21.478	6427.8950	218.8949	5.8949	 2.43	 0.49	214.88	 3.98	36.49	 0.99	10.75	 1.29	324.02	287.88	301.90	265.43	292.87	0	53.09
2012	8	6	22.835	6427.9517	218.9515	5.9515	 1.85	 0.11	206.21	 1.74	11.37	 0.96	10.90	 1.25	324.19	283.96	292.56	262.84	 0.00	0	52.57
2012	8	7	0.168	6428.0068	219.0070	6.0070	 1.88	 0.25	197.49	 3.53	23.75	 0.99	10.83	 1.07	323.86	281.71	284.90	264.28	287.93	0	52.86
2012	8	7	1.081	6428.0449	219.0451	6.0451	 2.45	 0.21	203.50	 1.62	 1.71	 1.00	10.83	 1.25	323.80	280.88	287.03	263.65	287.23	0	52.73
2012	8	7	1.963	6428.0820	219.0818	6.0818	 2.46	 0.20	203.31	 1.50	 0.81	 1.00	10.73	 1.25	323.66	280.35	285.65	 0.00	288.20	0	54.00
2012	8	7	2.408	6428.1001	219.1003	6.1003	 3.29	 0.96	196.00	 2.80	11.23	 1.00	10.82	 1.07	323.69	280.17	284.43	 0.00	286.60	0	54.00
2012	8	7	3.769	6428.1572	219.1570	6.1570	 2.64	 0.28	201.67	 1.67	 3.47	 1.00	10.85	 1.13	323.76	280.13	284.38	263.62	285.00	0	52.72
2012	8	7	6.014	6428.2505	219.2506	6.2506	 2.32	 0.26	199.35	 2.22	 2.48	 1.00	10.75	 1.16	323.66	279.84	284.32	262.53	286.00	0	52.51
2012	8	7	7.354	6428.3066	219.3064	6.3064	 2.10	 0.15	203.84	 1.72	 1.92	 1.00	10.90	 1.24	323.64	279.19	284.15	261.44	286.78	0	52.29
2012	8	7	7.825	6428.3262	219.3260	6.3260	 1.94	 0.17	200.14	 2.28	 8.57	 0.99	10.77	 1.16	323.90	279.04	283.71	 0.00	285.12	0	54.00
2012	8	7	8.268	6428.3447	219.3445	6.3445	 2.03	 0.15	203.84	 1.80	 5.43	 1.00	10.87	 1.27	324.05	278.72	284.65	 0.00	 0.00	0	54.00
2012	8	7	8.715	6428.3633	219.3631	6.3631	 2.03	 0.24	194.19	 2.78	 3.56	 1.00	10.73	 1.13	323.97	278.48	283.64	 0.00	283.15	0	54.00
2012	8	7	9.599	6428.3999	219.3999	6.3999	 2.10	 0.20	195.31	 2.13	 7.99	 0.99	10.82	 1.18	324.22	278.04	281.43	259.86	282.68	0	51.97
2012	8	7	10.069	6428.4194	219.4196	6.4196	 2.21	 0.18	204.75	 1.82	 6.91	 0.99	11.00	 1.21	324.38	277.83	285.32	259.86	285.26	0	51.97
2012	8	7	10.514	6428.4380	219.4381	6.4381	 2.32	 0.18	201.92	 1.55	 1.84	 1.00	10.82	 1.18	324.32	277.64	283.11	259.89	282.25	0	51.98
2012	8	7	10.955	6428.4565	219.4565	6.4564	 2.17	 0.25	199.02	 2.51	 0.97	 1.00	10.77	 1.15	324.40	277.55	282.75	260.37	284.87	0	52.07
2012	8	7	14.560	6428.6064	219.6067	6.6067	 1.61	 0.14	201.93	 3.00	14.53	 0.99	10.78	 1.21	324.94	286.10	293.55	266.10	292.19	0	53.22
2012	8	7	18.999	6428.7915	219.7916	6.7916	 1.57	 0.15	197.98	 3.24	 2.19	 1.00	10.77	 1.14	323.35	293.05	300.15	273.37	298.98	0	54.67
2012	8	7	19.876	6428.8281	219.8282	6.8281	 1.14	 0.11	185.63	 4.11	29.87	 0.97	10.73	 1.03	323.60	291.80	299.59	269.04	297.94	0	53.81
2012	8	7	20.316	6428.8467	219.8465	6.8465	 0.96	 0.05	199.45	 2.69	 2.42	 1.00	10.77	 1.07	324.17	290.71	299.72	266.18	 0.00	0	53.24
2012	8	7	20.755	6428.8647	219.8648	6.8648	 1.40	 0.09	186.60	 2.34	30.89	 0.85	10.75	 1.21	324.42	289.54	298.74	266.15	298.31	0	53.23
2012	8	7	21.660	6428.9023	219.9025	6.9025	 1.16	 0.26	182.61	 9.68	15.67	 1.00	10.82	 1.19	324.51	286.67	302.56	265.30	 0.00	0	53.06
2012	8	7	22.105	6428.9209	219.9211	6.9211	 1.45	 1.00	187.50	24.21	863.40	 0.99	10.77	 1.07	324.49	285.44	297.65	263.27	290.75	0	52.65
2012	8	8	0.793	6429.0332	220.0331	7.0331	 0.83	 0.04	182.54	 2.72	 8.51	 0.96	11.00	 1.18	324.80	280.16	286.94	261.17	288.16	0	52.23
2012	8	8	1.237	6429.0518	220.0515	7.0515	 0.82	 0.05	186.63	 3.81	 4.14	 1.00	10.77	 1.16	324.70	279.59	286.80	261.26	285.94	0	52.25
2012	8	8	1.707	6429.0713	220.0712	7.0711	 0.86	 0.06	191.50	 4.28	 6.35	 1.00	10.82	 1.23	324.73	279.25	288.81	261.17	287.06	0	52.23
2012	8	8	2.596	6429.1084	220.1082	7.1082	 0.61	 0.05	188.05	 5.83	 2.95	 1.00	10.83	 1.20	324.66	278.67	283.86	261.68	283.51	0	52.34
2012	8	8	13.782	6429.5742	220.5742	7.5742	 0.70	 0.05	178.56	 4.27	 4.86	 1.00	10.73	 1.23	324.88	277.00	280.25	266.02	283.12	0	53.20
2012	8	8	15.125	6429.6304	220.6302	7.6302	 0.71	 0.06	186.69	 5.27	13.20	 0.99	10.77	 1.21	323.60	284.55	290.16	267.49	290.87	0	53.50
2012	8	8	18.226	6429.7593	220.7594	7.7594	 0.70	 0.05	187.51	 5.39	 4.36	 1.00	10.73	 1.00	318.86	294.36	303.24	279.67	300.24	0	55.93
2012	8	8	19.102	6429.7959	220.7959	7.7959	 0.97	 0.05	194.20	 2.84	 1.78	 1.00	10.72	 1.14	318.16	294.22	305.98	277.28	300.66	0	55.46
2012	8	8	20.442	6429.8516	220.8518	7.8518	 0.95	 0.06	191.44	 3.46	 5.74	 1.00	10.78	 1.15	319.87	292.20	301.76	266.18	297.07	0	53.24
2012	8	8	21.321	6429.8882	220.8884	7.8884	 1.12	 0.04	197.97	 1.75	 3.38	 0.99	10.80	 1.29	321.38	289.43	301.18	265.79	296.67	0	53.16
2012	8	8	21.784	6429.9077	220.9077	7.9077	 0.90	 0.34	174.13	19.37	26.81	 1.00	10.77	 0.91	321.34	287.97	299.08	265.29	293.69	0	53.06
2012	8	8	23.118	6429.9634	220.9633	7.9633	 1.10	 0.06	192.34	 2.73	 6.81	 0.99	10.75	 1.15	321.36	284.35	291.94	265.55	291.42	0	53.11
2012	8	9	1.790	6430.0747	221.0746	8.0746	 1.15	 0.07	195.08	 2.88	 2.16	 1.00	11.00	 1.20	320.96	281.08	287.15	265.08	 0.00	0	53.02
2012	8	9	4.019	6430.1675	221.1675	8.1675	 1.05	 0.05	196.39	 2.20	 5.15	 0.99	10.83	 1.25	320.89	280.18	287.73	265.09	286.91	0	53.02
2012	8	9	4.933	6430.2056	221.2056	8.2055	 1.43	 0.07	199.95	 1.84	 1.04	 1.00	10.90	 1.22	320.93	279.97	288.62	265.07	286.78	0	53.01
2012	8	9	5.377	6430.2241	221.2240	8.2240	 1.19	 0.07	196.64	 2.56	 2.27	 1.00	10.87	 1.09	321.02	279.84	283.62	 0.00	285.22	0	54.00
2012	8	9	5.820	6430.2427	221.2425	8.2425	 1.48	 0.08	199.86	 1.97	 1.45	 1.00	10.83	 1.17	320.99	279.90	286.76	 0.00	288.14	0	54.00
2012	8	9	6.731	6430.2803	221.2805	8.2805	 1.40	 0.07	204.91	 1.98	 2.04	 1.00	10.75	 1.18	320.91	279.90	286.53	265.06	288.23	0	53.01
2012	8	9	8.503	6430.3545	221.3543	8.3543	 1.66	 0.08	203.94	 1.53	 1.45	 1.00	10.92	 1.24	320.94	279.71	286.84	263.56	284.84	0	52.71
2012	8	9	10.752	6430.4478	221.4480	8.4480	 1.98	 0.09	205.95	 1.21	 3.27	 0.99	10.78	 1.29	320.72	279.26	284.51	263.83	285.67	0	52.77
2012	8	9	11.664	6430.4858	221.4860	8.4860	 1.71	 0.12	203.28	 2.12	 4.07	 1.00	10.82	 1.22	320.52	279.53	286.80	264.05	284.30	0	52.81
2012	8	9	12.104	6430.5044	221.5043	8.5043	 1.60	 0.07	203.49	 1.41	 2.53	 1.00	10.75	 1.24	320.84	280.58	286.40	265.23	286.84	0	53.05
2012	8	9	13.483	6430.5620	221.5618	8.5618	 1.61	 0.07	196.73	 1.52	 2.19	 1.00	10.80	 1.06	321.78	285.45	288.28	268.58	294.68	0	53.72
2012	8	9	13.922	6430.5801	221.5801	8.5801	 1.72	 0.11	198.76	 1.92	 3.44	 1.00	10.73	 1.12	321.76	287.18	293.51	269.33	296.72	0	53.87
2012	8	9	14.360	6430.5981	221.5983	8.5983	 1.76	 0.10	200.91	 1.67	 1.40	 1.00	10.78	 1.21	320.56	288.82	295.44	269.64	295.55	0	53.93
2012	8	9	16.139	6430.6724	221.6725	8.6725	 1.87	 0.11	197.10	 1.59	 4.74	 0.99	10.75	 1.05	321.70	293.43	302.32	277.96	300.04	0	55.59
2012	8	9	16.578	6430.6909	221.6908	8.6908	 1.80	 0.10	203.02	 1.67	 1.61	 1.00	10.75	 1.20	324.55	294.68	301.85	279.94	300.84	0	55.99
2012	8	9	17.017	6430.7090	221.7090	8.7090	 1.86	 0.61	255.96	11.59	1091.88	 0.83	10.73	 1.04	324.41	295.79	302.72	280.06	301.86	0	56.01
2012	8	9	17.917	6430.7466	221.7466	8.7466	 1.76	 0.12	201.57	 2.07	 1.19	 1.00	10.75	 1.11	320.88	296.78	306.98	279.91	302.44	0	55.98
2012	8	9	18.356	6430.7646	221.7648	8.7648	 1.74	 0.13	198.61	 2.28	 1.88	 1.00	10.77	 1.07	319.20	296.73	305.18	279.56	302.24	0	55.91
2012	8	9	18.795	6430.7832	221.7831	8.7831	 1.80	 0.17	197.01	 2.59	 6.77	 1.00	10.73	 1.07	318.50	296.37	305.15	279.36	302.32	0	55.87
2012	8	9	22.794	6430.9497	221.9498	8.9498	 1.77	 0.09	201.03	 1.54	 2.20	 1.00	10.85	 1.20	322.00	285.89	295.01	265.37	293.54	0	53.07
2012	8	9	23.234	6430.9683	221.9681	8.9681	 1.19	 0.33	253.22	16.12	1855.48	 0.67	10.78	 1.19	322.15	284.89	292.97	264.89	293.03	0	52.98
2012	8	10	0.117	6431.0049	222.0049	9.0049	 1.84	 0.09	206.53	 1.42	 2.02	 1.00	10.95	 1.27	322.59	283.27	292.89	263.25	289.84	0	52.65
2012	8	10	5.067	6431.2109	222.2111	9.2111	 1.94	 0.13	206.66	 1.75	 1.25	 1.00	10.82	 1.27	323.61	280.07	287.08	263.96	 0.00	0	52.79
2012	8	10	5.956	6431.2480	222.2482	9.2481	 1.59	 0.08	203.94	 1.82	 1.87	 1.00	10.72	 1.24	323.70	279.76	286.05	262.63	286.05	0	52.53
2012	8	10	6.843	6431.2852	222.2851	9.2851	 1.44	 0.06	203.13	 1.47	 6.25	 0.96	10.73	 1.20	323.81	279.48	284.68	262.10	287.07	0	52.42
2012	8	10	8.205	6431.3418	222.3419	9.3419	 1.43	 0.06	203.47	 1.66	 2.95	 1.00	10.97	 1.28	324.13	279.15	284.74	261.84	285.24	0	52.37
2012	8	10	8.647	6431.3604	222.3603	9.3603	 1.40	 0.05	203.25	 1.54	 2.82	 0.99	10.80	 1.25	324.16	279.04	286.04	261.50	286.45	0	52.30
2012	8	10	9.086	6431.3784	222.3786	9.3786	 1.32	 0.08	197.11	 2.42	 0.91	 1.00	10.83	 1.14	324.22	278.93	284.27	261.20	286.22	0	52.24
2012	8	10	9.552	6431.3979	222.3980	9.3980	 1.42	 0.08	203.90	 2.16	 5.85	 0.99	10.78	 1.28	324.41	278.79	286.80	261.49	284.72	0	52.30
2012	8	10	10.436	6431.4351	222.4348	9.4348	 1.16	 0.07	195.67	 2.89	 7.08	 1.00	10.73	 1.14	324.35	278.54	283.47	 0.00	284.43	0	54.00
2012	8	10	10.878	6431.4531	222.4532	9.4533	 1.24	 0.07	200.77	 2.35	 6.43	 0.99	10.77	 1.24	324.32	278.42	285.09	261.06	 0.00	0	52.21
2012	8	10	12.666	6431.5278	222.5277	9.5277	 0.65	 0.12	278.21	20.74	320.32	 0.93	10.82	 1.28	324.70	282.00	286.42	265.84	290.33	0	53.17
2012	8	10	15.797	6431.6582	222.6582	9.6582	 1.25	 0.07	202.57	 2.38	 3.36	 1.00	10.83	 1.26	324.51	292.67	299.88	272.76	298.96	0	54.55
2012	8	10	16.702	6431.6958	222.6959	9.6959	 1.28	 0.08	198.09	 2.54	 1.57	 1.00	10.75	 1.18	323.45	294.54	302.85	278.62	300.76	0	55.72
2012	8	10	19.797	6431.8247	222.8249	9.8249	 1.18	 0.08	195.72	 2.98	 0.55	 1.00	10.78	 0.75	322.77	295.13	97.43	274.61	299.76	0	54.92
2012	8	11	1.176	6432.0488	223.0490	10.0490	 1.08	 0.06	197.62	 2.61	 3.30	 1.00	10.80	 1.13	323.20	281.25	286.53	262.04	289.07	0	52.41
2012	8	11	1.619	6432.0674	223.0675	10.0675	 1.10	 0.05	196.00	 2.42	 4.02	 1.00	10.93	 1.17	323.30	280.75	287.65	262.44	288.50	0	52.49
2012	8	11	2.949	6432.1230	223.1229	10.1229	 0.87	 0.12	216.36	 9.57	78.17	 0.98	10.75	 1.15	323.45	279.63	284.41	261.61	 0.00	0	52.32
2012	8	11	5.179	6432.2158	223.2158	10.2158	 0.97	 0.05	198.50	 2.98	 7.59	 0.99	10.88	 1.24	323.69	278.42	283.89	261.01	283.19	0	52.20
2012	8	11	5.651	6432.2354	223.2355	10.2355	 2.04	 0.82	180.35	 8.76	88.28	 1.00	10.77	 1.19	323.60	278.23	282.49	260.64	284.48	0	52.13
2012	8	11	6.980	6432.2910	223.2908	10.2908	 0.98	 0.06	199.27	 3.43	 6.97	 1.00	10.80	 1.23	323.97	277.69	285.93	260.19	282.43	0	52.04
2012	8	11	8.774	6432.3657	223.3656	10.3656	 1.01	 0.06	198.04	 3.16	 1.80	 1.00	10.88	 1.27	324.38	277.24	283.33	 0.00	284.69	0	54.00
2012	8	11	9.664	6432.4028	223.4027	10.4027	 0.97	 0.06	197.25	 3.33	 2.86	 1.00	10.82	 1.17	324.67	277.15	282.05	260.36	281.72	0	52.07
2012	8	11	10.579	6432.4409	223.4408	10.4408	 1.00	 0.06	194.05	 3.31	 2.58	 1.00	10.78	 1.17	324.60	277.11	283.30	260.46	281.66	0	52.09
2012	8	11	11.902	6432.4961	223.4959	10.4959	 1.08	 0.06	193.48	 2.81	 1.11	 1.00	10.75	 1.23	324.75	278.48	283.01	262.36	285.96	0	52.47
2012	8	11	13.683	6432.5703	223.5701	10.5701	 1.04	 0.19	202.94	 9.91	51.58	 1.00	10.73	 1.28	324.98	283.77	288.63	266.05	287.27	0	53.21
2012	8	11	14.621	6432.6094	223.6092	10.6092	 1.04	 0.05	190.77	 2.51	 4.29	 1.00	10.78	 1.12	325.38	286.65	289.35	266.41	292.89	0	53.28
2012	8	11	15.497	6432.6455	223.6457	10.6457	 1.17	 0.07	197.44	 2.88	 1.89	 1.00	10.73	 1.23	325.31	288.92	296.13	266.08	294.97	0	53.22
2012	8	11	16.374	6432.6821	223.6823	10.6823	 0.93	 0.06	190.65	 3.60	 7.02	 1.00	10.75	 1.07	324.93	290.77	298.12	272.02	294.10	0	54.40
2012	8	11	21.708	6432.9043	223.9045	10.9045	 1.34	 0.09	196.41	 2.73	10.29	 0.99	10.78	 1.20	324.65	284.74	294.28	261.27	294.90	0	52.25
2012	8	11	22.146	6432.9229	223.9228	10.9228	 1.08	 0.09	189.04	 3.86	 8.85	 1.00	10.82	 1.15	324.66	283.52	293.85	 0.00	288.52	0	54.00
2012	8	12	0.373	6433.0156	224.0155	11.0156	 0.86	 0.06	189.67	 3.77	 9.29	 0.99	10.80	 1.16	324.78	278.70	282.90	258.28	284.73	0	51.66
2012	8	12	0.815	6433.0342	224.0340	11.0340	 0.92	 0.06	184.72	 3.65	 5.96	 1.00	10.72	 1.24	324.70	278.11	283.02	 0.00	284.11	0	54.00
2012	8	12	1.259	6433.0522	224.0525	11.0525	 0.90	 0.05	193.19	 3.07	 4.84	 1.00	10.95	 1.22	324.75	277.60	286.65	258.15	282.21	0	51.63
2012	8	12	1.728	6433.0718	224.0720	11.0720	 0.91	 0.07	186.76	 3.98	 4.30	 1.00	10.80	 1.20	324.81	277.18	283.81	258.04	284.55	0	51.61
2012	8	12	2.170	6433.0903	224.0904	11.0904	 0.81	 0.06	173.22	 4.41	 3.97	 1.00	10.85	 1.17	324.93	276.79	282.82	257.97	284.11	0	51.59
2012	8	12	2.613	6433.1089	224.1089	11.1089	 0.74	 0.06	164.60	 4.55	 5.77	 1.00	10.80	 1.20	324.72	276.43	278.55	257.86	282.41	0	51.57
2012	8	12	3.058	6433.1274	224.1274	11.1274	 0.42	 0.05	188.33	12.02	12.84	 0.99	10.77	 1.09	324.71	276.12	280.03	257.52	282.10	0	51.50
2012	8	12	4.403	6433.1836	224.1835	11.1834	 0.50	 0.06	172.00	 9.57	 4.70	 1.00	10.73	 1.21	324.96	275.42	280.05	257.39	279.96	0	51.48
2012	8	12	4.843	6433.2017	224.2018	11.2018	 0.54	 0.03	176.91	 4.66	 1.03	 1.00	10.90	 1.24	325.49	275.26	282.66	257.48	279.80	0	51.50
2012	8	12	5.289	6433.2202	224.2204	11.2204	 0.58	 0.03	170.34	 4.40	 3.06	 1.00	10.77	 1.17	325.46	275.14	281.98	 0.00	 0.00	0	54.00
2012	8	12	5.734	6433.2388	224.2389	11.2389	 0.52	 0.05	166.67	 7.70	 4.42	 1.00	10.77	 1.19	325.45	275.01	279.93	257.06	282.27	0	51.41
2012	8	12	6.641	6433.2769	224.2767	11.2767	 0.49	 0.06	158.41	 8.80	 7.24	 1.00	10.75	 1.21	325.50	274.78	280.82	257.65	282.05	0	51.53
2012	8	12	7.528	6433.3135	224.3136	11.3136	 0.46	 0.05	158.72	 8.96	 9.10	 0.99	10.88	 1.18	325.43	274.76	278.96	257.84	280.64	0	51.57
2012	8	12	8.435	6433.3516	224.3514	11.3514	 0.49	 0.05	162.11	 7.19	12.49	 0.96	10.75	 1.17	325.49	274.68	280.11	258.13	279.18	0	51.63
2012	8	12	9.318	6433.3882	224.3883	11.3883	 0.43	 0.04	168.77	 7.93	 5.75	 0.99	10.87	 1.15	325.41	274.71	280.10	258.20	281.99	0	51.64
2012	8	12	10.671	6433.4448	224.4446	11.4446	 0.32	 0.06	198.09	20.78	19.20	 0.98	10.82	 1.08	325.51	274.73	277.34	258.38	281.87	0	51.68
2012	8	12	15.591	6433.6494	224.6496	11.6496	 0.51	 0.05	188.55	 8.09	 4.83	 1.00	10.80	 1.16	325.82	289.00	296.03	268.13	292.46	0	53.63
2012	8	12	16.907	6433.7046	224.7045	11.7045	 0.66	 0.04	186.87	 4.73	 2.73	 1.00	10.82	 1.23	325.67	292.35	300.08	277.51	298.21	0	55.50
2012	8	12	17.808	6433.7422	224.7420	11.7420	 0.78	 0.05	184.43	 3.72	 1.68	 1.00	10.73	 1.20	325.56	294.03	303.49	277.02	301.68	0	55.40
2012	8	12	18.245	6433.7603	224.7602	11.7602	 0.63	 0.03	175.96	 3.36	14.96	 0.77	10.72	 1.05	325.49	294.43	302.34	279.11	302.78	0	55.82
2012	8	13	2.715	6434.1133	225.1131	12.1131	 0.55	 0.05	170.91	 6.52	 3.33	 1.00	10.77	 1.25	326.06	276.28	281.82	259.39	282.33	0	51.88
2012	8	13	3.155	6434.1313	225.1315	12.1315	 0.54	 0.04	170.80	 5.52	 7.52	 0.98	10.75	 1.20	326.05	276.32	281.87	259.63	280.86	0	51.93
2012	8	13	3.597	6434.1499	225.1499	12.1499	 0.48	 0.04	171.00	 6.36	 9.31	 0.96	10.82	 1.18	326.03	276.33	280.18	259.77	282.23	0	51.95
2012	8	13	4.037	6434.1680	225.1682	12.1682	 0.43	 0.05	174.26	11.15	 5.78	 1.00	10.75	 1.16	326.05	276.38	281.54	260.19	 0.00	0	52.04
2012	8	13	6.275	6434.2612	225.2615	12.2615	 0.50	 0.06	158.91	 8.81	 4.64	 1.00	10.92	 1.20	326.11	276.69	283.79	260.19	281.11	0	52.04
2012	8	13	6.739	6434.2808	225.2808	12.2808	 0.56	 0.03	153.68	 3.99	 2.53	 0.99	10.80	 1.22	326.19	276.60	283.25	 0.00	281.11	0	54.00
2012	8	13	8.062	6434.3359	225.3359	12.3359	 0.44	 0.05	163.45	 8.72	 8.89	 0.98	10.83	 1.23	326.10	276.54	282.70	259.75	282.40	0	51.95
2012	8	13	8.505	6434.3545	225.3544	12.3544	 0.34	 0.04	181.96	14.12	 9.67	 0.98	10.72	 1.18	326.12	276.53	282.07	 0.00	282.37	0	54.00
2012	8	13	9.409	6434.3921	225.3920	12.3920	 0.45	 0.05	170.62	 9.47	12.16	 0.98	10.77	 1.27	326.08	276.52	283.99	260.16	282.36	0	52.03
2012	8	13	9.854	6434.4106	225.4106	12.4106	 0.33	 0.05	182.49	17.42	 6.74	 1.00	10.73	 1.21	326.07	276.53	281.92	260.27	283.68	0	52.05
2012	8	13	10.734	6434.4473	225.4472	12.4472	 0.36	 0.05	170.79	14.50	 6.31	 1.00	10.82	 1.18	326.09	276.55	281.46	260.21	283.65	0	52.04
2012	8	13	12.078	6434.5034	225.5032	12.5032	 0.46	 0.05	163.59	 9.81	 5.42	 1.00	10.73	 1.22	326.35	278.52	283.75	263.32	285.28	0	52.66
2012	8	13	13.418	6434.5591	225.5591	12.5591	 0.31	 0.06	204.01	24.82	15.72	 0.99	10.77	 1.18	326.66	282.66	282.77	266.51	288.49	0	53.30
2012	8	13	13.858	6434.5776	225.5774	12.5774	 0.12	 0.27	451.88	852.53	609.84	 0.99	10.73	 1.09	326.46	284.50	288.35	265.73	288.05	0	53.15
2012	8	13	16.549	6434.6895	225.6895	12.6895	 0.48	 0.04	175.15	 6.61	 6.98	 0.98	10.72	 1.17	326.19	292.69	299.11	276.76	298.83	0	55.35
2012	8	13	17.888	6434.7451	225.7453	12.7453	 0.61	 0.03	176.32	 3.55	 3.53	 0.99	10.77	 1.14	322.72	295.13	303.70	278.83	300.65	0	55.77
2012	8	13	21.418	6434.8926	225.8924	12.8924	 0.61	 0.05	190.19	 5.84	 8.60	 0.99	10.73	 1.10	325.38	285.77	293.87	 0.00	292.03	0	54.00
2012	8	13	21.857	6434.9106	225.9107	12.9107	 0.72	 0.06	184.72	 5.26	10.08	 0.99	10.75	 1.15	325.32	284.51	291.02	263.21	289.40	0	52.64
2012	8	13	23.642	6434.9849	225.9851	12.9851	 0.42	 0.14	327.69	57.63	1638.24	 0.61	10.77	 1.13	325.63	280.60	284.58	260.88	288.07	0	52.18
2012	8	14	0.547	6435.0229	226.0228	13.0228	 0.61	 0.04	185.93	 5.58	 7.91	 0.99	10.77	 1.13	325.80	279.37	285.13	260.84	 0.00	0	52.17
2012	8	14	0.987	6435.0410	226.0411	13.0411	 0.77	 0.05	184.44	 3.93	 2.52	 1.00	10.73	 1.26	325.78	279.02	284.37	261.27	285.24	0	52.25
2012	8	14	1.428	6435.0596	226.0595	13.0595	 0.83	 0.19	222.83	16.69	1697.79	 0.34	10.78	 1.12	325.83	278.72	283.37	261.12	286.25	0	52.22
2012	8	14	1.868	6435.0776	226.0779	13.0778	 0.58	 0.04	185.94	 5.67	10.28	 0.98	10.80	 1.04	325.80	278.51	279.69	261.18	286.04	0	52.24
2012	8	14	3.217	6435.1343	226.1340	13.1341	 0.78	 0.07	183.17	 5.50	14.06	 0.99	10.73	 1.24	325.89	278.03	283.35	261.39	284.17	0	52.28
2012	8	14	3.659	6435.1523	226.1525	13.1525	 0.58	 0.05	187.83	 7.58	 4.48	 1.00	10.80	 1.11	325.85	277.93	281.89	261.25	282.59	0	52.25
2012	8	14	4.098	6435.1709	226.1707	13.1707	 0.85	 0.06	187.07	 4.03	 7.67	 0.99	10.75	 1.30	325.90	277.84	286.12	260.85	282.59	0	52.17
2012	8	14	5.003	6435.2085	226.2085	13.2085	 1.09	 0.27	207.64	13.09	977.49	 0.70	10.80	 1.20	326.02	277.62	281.60	 0.00	282.40	0	54.00
2012	8	14	6.767	6435.2817	226.2820	13.2820	 0.95	 0.06	192.09	 3.26	 5.19	 1.00	10.85	 1.20	326.01	277.05	283.52	 0.00	284.25	0	54.00
2012	8	14	7.673	6435.3198	226.3197	13.3197	 1.01	 0.06	191.52	 3.24	 7.61	 0.99	10.73	 1.23	326.14	276.64	282.05	258.57	282.43	0	51.71
2012	8	14	8.113	6435.3379	226.3381	13.3381	 0.90	 0.06	186.54	 3.99	 5.18	 1.00	10.85	 1.13	326.12	276.46	281.04	258.66	283.53	0	51.73
2012	8	14	9.908	6435.4126	226.4128	13.4128	 0.88	 0.07	189.96	 4.42	 1.89	 1.00	10.83	 1.15	326.30	275.91	280.75	 0.00	282.87	0	54.00
2012	8	14	10.349	6435.4312	226.4312	13.4312	 0.99	 0.05	191.14	 2.75	 4.09	 1.00	10.80	 1.21	326.33	275.74	280.82	257.57	281.29	0	51.51
2012	8	14	10.791	6435.4497	226.4496	13.4496	 1.01	 0.04	193.69	 1.98	 5.34	 0.98	10.73	 1.22	326.29	275.58	282.36	257.64	281.13	0	51.53
2012	8	14	14.800	6435.6167	226.6167	13.6167	 1.62	 0.10	196.19	 2.00	 1.97	 1.00	10.78	 1.22	326.67	285.29	290.18	264.55	291.31	0	52.91
2012	8	14	15.241	6435.6353	226.6351	13.6351	 1.65	 0.14	192.38	 2.55	 4.64	 1.00	10.77	 1.18	326.70	286.58	292.36	266.43	289.76	0	53.29
2012	8	14	16.181	6435.6743	226.6742	13.6742	 1.55	 0.08	189.15	 1.78	 3.58	 1.00	10.80	 1.14	326.68	288.74	292.47	268.48	297.24	0	53.70
2012	8	14	19.278	6435.8032	226.8033	13.8033	 1.67	 0.14	193.43	 2.60	10.00	 0.99	10.75	 1.11	326.44	289.53	296.80	266.48	295.85	0	53.30
2012	8	14	20.154	6435.8398	226.8398	13.8398	 1.82	 0.14	184.82	 2.08	10.42	 0.99	10.75	 1.03	326.47	288.91	291.56	265.61	295.35	0	53.12
2012	8	14	20.619	6435.8589	226.8591	13.8591	 2.06	 0.18	196.66	 2.04	 1.77	 1.00	10.83	 1.21	326.48	287.84	295.17	264.87	294.25	0	52.97
2012	8	14	21.943	6435.9141	226.9143	13.9143	 2.47	 0.29	198.13	 2.07	 1.26	 1.00	10.82	 1.26	326.13	284.98	292.72	260.54	 0.00	0	52.11
2012	8	14	22.847	6435.9521	226.9520	13.9520	 2.27	 0.26	195.92	 2.29	 2.26	 1.00	10.78	 1.14	326.20	283.15	288.85	259.34	289.03	0	51.87
2012	8	14	23.729	6435.9888	226.9887	13.9887	 2.37	 0.20	196.54	 1.58	 1.30	 1.00	10.77	 1.15	326.09	281.85	287.18	258.25	287.59	0	51.65
2012	8	15	0.612	6436.0254	227.0255	14.0255	 2.04	 0.18	193.91	 2.02	 2.35	 1.00	10.75	 1.14	326.07	280.61	285.36	 0.00	 0.00	0	54.00
2012	8	15	1.077	6436.0449	227.0449	14.0449	 1.97	 0.12	191.12	 1.54	 5.24	 0.99	10.78	 1.10	326.15	279.80	284.36	 0.00	 0.00	0	54.00
2012	8	15	2.841	6436.1182	227.1184	14.1184	 1.95	 0.13	200.84	 1.68	 2.05	 1.00	10.77	 1.22	326.15	277.11	283.70	255.21	282.68	0	51.04
2012	8	15	5.078	6436.2114	227.2116	14.2116	 1.78	 0.10	192.67	 1.51	 2.61	 1.00	10.83	 1.15	326.25	275.61	280.69	255.36	279.73	0	51.07
2012	8	15	6.431	6436.2681	227.2680	14.2680	 1.40	 0.11	191.67	 2.94	15.81	 0.99	10.80	 1.16	326.14	275.33	280.35	255.91	 0.00	0	51.18
2012	8	15	7.322	6436.3052	227.3051	14.3051	 1.32	 0.06	195.22	 1.95	11.25	 0.95	10.75	 1.16	326.19	275.03	280.47	255.68	279.14	0	51.14
2012	8	15	8.674	6436.3613	227.3614	14.3614	 1.76	 0.09	195.39	 1.57	 5.22	 0.99	10.80	 1.18	326.27	275.28	280.06	256.52	280.55	0	51.30
2012	8	15	10.465	6436.4360	227.4360	14.4360	 1.09	 0.07	192.10	 2.88	 5.11	 1.00	10.73	 1.12	326.25	275.03	279.08	255.96	 0.00	0	51.19
2012	8	15	11.348	6436.4727	227.4728	14.4728	 1.22	 0.05	186.02	 1.82	 4.26	 0.99	10.75	 1.24	326.31	275.05	279.99	 0.00	280.14	0	54.00
2012	8	15	12.251	6436.5103	227.5104	14.5104	 1.18	 0.07	194.44	 2.56	 7.87	 0.99	10.75	 1.26	326.50	276.45	282.21	257.99	 0.00	0	51.60
2012	8	15	14.005	6436.5835	227.5835	14.5835	 1.03	 0.07	191.97	 3.56	 4.80	 1.00	10.77	 1.14	326.75	281.46	284.99	261.19	 0.00	0	52.24
2012	8	15	16.718	6436.6968	227.6966	14.6966	 1.29	 0.08	199.87	 2.68	 0.84	 1.00	10.77	 1.18	326.81	289.35	295.85	271.07	294.99	0	54.21
2012	8	15	17.157	6436.7148	227.7149	14.7149	 1.52	 0.07	196.28	 1.67	 2.11	 1.00	10.75	 1.23	326.70	290.53	297.47	271.14	296.06	0	54.23
2012	8	15	17.596	6436.7334	227.7332	14.7332	 1.59	 0.12	194.57	 2.38	 1.68	 1.00	10.75	 1.17	326.66	291.39	296.30	272.12	296.87	0	54.42
2012	8	15	18.035	6436.7515	227.7514	14.7514	 1.59	 0.09	188.73	 1.81	 4.00	 1.00	10.75	 1.08	326.70	291.90	295.87	272.33	297.42	0	54.47
2012	8	15	18.935	6436.7891	227.7889	14.7889	 1.86	 0.10	198.91	 1.50	 2.06	 1.00	10.77	 1.25	323.50	292.17	299.42	272.53	299.34	0	54.51
2012	8	15	21.586	6436.8994	227.8994	14.8994	 1.63	 0.11	195.10	 2.17	10.92	 0.98	10.78	 1.09	325.84	282.00	289.54	261.24	287.04	0	52.25
2012	8	15	22.024	6436.9175	227.9177	14.9177	 1.74	 0.07	200.05	 1.29	 4.48	 0.98	10.77	 1.24	326.17	281.19	288.54	260.31	285.46	0	52.06
2012	8	15	23.370	6436.9736	227.9738	14.9738	 1.62	 0.09	198.93	 1.87	 4.44	 1.00	10.75	 1.16	326.20	278.90	286.96	258.10	284.77	0	51.62
2012	8	15	23.809	6436.9922	227.9921	14.9921	 1.79	 0.12	197.11	 1.85	 3.74	 1.00	10.78	 1.25	326.14	278.37	284.85	257.76	284.15	0	51.55
2012	8	16	0.694	6437.0288	228.0289	15.0289	 1.61	 0.11	200.61	 2.18	 7.96	 0.99	10.88	 1.23	326.22	277.40	282.97	257.62	284.68	0	51.52
2012	8	16	1.604	6437.0669	228.0668	15.0668	 1.73	 0.13	196.51	 2.21	 6.41	 1.00	10.77	 1.18	326.21	276.73	282.68	 0.00	 0.00	0	54.00
2012	8	16	2.049	6437.0854	228.0854	15.0854	 1.91	 0.14	196.84	 1.95	 2.49	 1.00	10.87	 1.25	326.20	276.42	280.55	257.25	283.53	0	51.45
2012	8	16	2.936	6437.1226	228.1223	15.1223	 1.78	 0.09	201.05	 1.45	 5.66	 0.98	10.73	 1.29	326.17	275.94	282.77	256.91	283.14	0	51.38
2012	8	16	5.169	6437.2153	228.2154	15.2154	 1.50	 0.09	195.36	 2.19	 4.79	 1.00	10.75	 1.11	326.20	275.40	278.04	257.23	279.77	0	51.45
2012	8	16	5.613	6437.2339	228.2339	15.2339	 1.68	 0.11	197.36	 2.04	 1.26	 1.00	10.80	 1.13	326.14	275.29	280.92	256.75	282.37	0	51.35
2012	8	16	6.961	6437.2900	228.2900	15.2900	 1.54	 0.10	194.51	 2.11	 6.01	 0.99	10.77	 1.17	326.23	275.01	278.29	257.00	 0.00	0	51.40
2012	8	16	8.311	6437.3462	228.3463	15.3463	 1.63	 0.13	194.83	 2.63	 2.94	 1.00	10.83	 1.12	326.34	274.71	277.59	256.25	280.31	0	51.25
2012	8	16	9.637	6437.4014	228.4016	15.4016	 1.67	 0.12	201.19	 2.22	 5.36	 1.00	10.75	 1.23	326.24	274.38	281.01	255.80	 0.00	0	51.16
2012	8	16	10.078	6437.4199	228.4199	15.4199	 1.65	 0.10	200.24	 1.91	 2.94	 1.00	10.78	 1.18	326.28	274.29	281.26	255.86	281.03	0	51.17
2012	8	16	10.986	6437.4580	228.4578	15.4578	 1.55	 0.10	194.52	 2.09	13.61	 0.97	10.83	 1.07	326.30	274.11	276.83	256.15	279.47	0	51.23
2012	8	16	11.870	6437.4946	228.4946	15.4946	 1.49	 0.10	200.00	 2.44	 2.19	 1.00	10.77	 1.22	326.43	275.22	279.79	257.42	280.40	0	51.48
2012	8	16	14.530	6437.6055	228.6054	15.6054	 1.37	 0.09	195.85	 2.47	 1.98	 1.00	10.77	 1.22	326.85	283.46	289.73	262.35	291.77	0	52.47
2012	8	16	15.431	6437.6431	228.6430	15.6430	 1.27	 0.09	196.61	 3.00	 8.46	 1.00	10.75	 1.29	326.98	285.75	288.67	265.03	291.25	0	53.01
2012	8	16	15.870	6437.6611	228.6613	15.6613	 1.36	 0.08	192.08	 2.33	 9.10	 0.99	10.77	 1.20	326.94	286.82	290.71	266.21	292.27	0	53.24
2012	8	16	17.244	6437.7187	228.7185	15.7185	 1.12	 0.08	191.73	 3.24	 6.42	 1.00	10.77	 1.13	327.06	289.91	295.16	269.69	294.70	0	53.94
2012	8	16	19.460	6437.8110	228.8109	15.8108	 1.71	 0.18	183.60	 2.93	 4.10	 1.00	10.77	 0.99	327.01	291.16	297.60	271.39	294.72	0	54.28
2012	8	16	20.337	6437.8472	228.8474	15.8474	 1.52	 0.10	198.47	 2.32	 2.75	 1.00	10.72	 1.24	326.84	289.84	297.78	264.92	296.24	0	52.98
2012	8	16	20.775	6437.8657	228.8656	15.8656	 1.38	 0.07	198.62	 2.07	 2.43	 1.00	10.73	 1.16	326.72	288.77	298.86	262.21	294.94	0	52.44
2012	8	16	22.563	6437.9399	228.9401	15.9401	 1.32	 0.18	188.75	 5.42	30.98	 1.00	10.78	 1.18	326.49	282.23	288.52	 0.00	289.43	0	54.00
2012	8	16	23.445	6437.9771	228.9769	15.9769	 1.16	 0.08	191.26	 3.10	 2.39	 1.00	10.83	 1.17	326.49	279.81	283.28	257.02	284.22	0	51.40
2012	8	16	23.910	6437.9961	228.9963	15.9963	 1.23	 0.06	196.63	 2.14	10.75	 0.96	10.77	 1.16	326.58	278.89	285.16	257.68	 0.00	0	51.54
2012	8	17	12.376	6438.5156	229.5157	16.5156	 1.42	 0.13	197.75	 3.50	 0.58	 1.00	10.72	 1.27	324.96	273.65	279.15	255.11	279.02	0	51.02
2012	8	17	13.719	6438.5718	229.5716	16.5716	 1.33	 0.13	196.58	 3.96	 5.91	 1.00	10.82	 1.26	324.58	277.46	282.37	256.07	283.05	0	51.21
2012	8	17	15.037	6438.6265	229.6265	16.6265	 2.42	 0.34	193.97	 2.50	20.13	 0.98	10.75	 1.20	324.92	280.62	285.44	258.97	285.89	0	51.79
2012	8	17	15.502	6438.6460	229.6459	16.6459	 1.72	 0.21	197.47	 3.68	21.84	 0.99	10.78	 1.28	325.19	281.49	287.82	261.89	284.27	0	52.38
2012	8	17	16.381	6438.6826	229.6826	16.6826	 1.19	 0.12	198.36	 4.45	14.43	 1.00	10.78	 1.26	324.78	283.39	288.40	265.27	286.34	0	53.05
2012	8	17	16.819	6438.7007	229.7008	16.7008	 1.24	 0.08	192.52	 2.75	 7.95	 0.99	10.75	 1.19	324.11	284.75	290.52	266.28	289.87	0	53.26
2012	8	17	17.258	6438.7192	229.7191	16.7191	 1.66	 0.16	187.69	 2.89	 3.79	 1.00	10.73	 1.11	324.18	285.68	288.24	266.14	290.75	0	53.23
2012	8	17	17.755	6438.7397	229.7398	16.7398	 1.51	 0.21	193.84	 4.72	 7.59	 1.00	10.77	 1.18	324.21	286.23	293.99	266.65	291.08	0	53.33
2012	8	17	18.193	6438.7578	229.7581	16.7581	 1.12	 0.11	189.11	 4.35	 4.79	 1.00	10.73	 1.11	324.20	286.54	288.81	266.01	291.94	0	53.20
2012	8	17	19.507	6438.8130	229.8128	16.8128	 1.48	 0.09	190.28	 2.12	 3.66	 1.00	10.73	 1.22	324.38	286.56	293.08	266.37	292.24	0	53.27
2012	8	17	19.971	6438.8320	229.8321	16.8321	 1.66	 0.12	191.68	 2.23	 2.57	 1.00	10.77	 1.15	324.36	286.19	292.31	265.67	292.21	0	53.13
2012	8	17	21.286	6438.8867	229.8869	16.8869	 1.70	 0.10	192.49	 1.81	 5.28	 0.99	10.80	 1.13	324.14	283.46	291.91	258.65	291.45	0	51.73
2012	8	17	23.073	6438.9614	229.9614	16.9614	 1.47	 0.12	186.53	 2.71	 3.94	 1.00	10.77	 1.17	324.13	279.27	284.58	255.03	283.72	0	51.01
2012	8	18	0.866	6439.0361	230.0361	17.0361	 0.56	 0.06	183.20	 9.20	13.88	 0.99	10.77	 1.16	324.15	275.62	282.72	255.46	281.67	0	51.09
2012	8	18	1.751	6439.0728	230.0730	17.0730	 0.74	 0.04	182.34	 3.55	10.47	 0.96	10.90	 1.24	324.29	274.54	283.82	255.80	279.05	0	51.16
2012	8	18	2.196	6439.0913	230.0915	17.0915	 0.74	 0.05	176.90	 4.26	 1.86	 1.00	10.75	 1.25	324.26	274.23	280.54	255.99	278.80	0	51.20
2012	8	18	3.101	6439.1294	230.1292	17.1292	 0.89	 0.05	183.70	 2.89	11.82	 0.95	10.87	 1.28	324.19	273.88	281.97	256.39	280.00	0	51.28
2012	8	18	3.986	6439.1660	230.1661	17.1661	 0.86	 0.03	191.23	 2.25	 3.77	 0.99	10.72	 1.25	324.12	273.74	281.93	 0.00	278.31	0	54.00
2012	8	18	4.890	6439.2036	230.2037	17.2037	 0.88	 0.05	186.01	 3.52	13.64	 0.97	10.77	 1.16	324.14	273.69	278.32	256.91	279.61	0	51.38
2012	8	18	5.771	6439.2402	230.2405	17.2405	 0.76	 0.05	187.10	 4.38	 1.94	 1.00	10.90	 1.09	324.13	273.87	278.16	257.70	278.31	0	51.54
2012	8	18	7.119	6439.2969	230.2966	17.2966	 0.88	 0.05	188.58	 3.46	 7.28	 0.99	10.78	 1.11	324.12	274.21	276.86	257.93	280.16	0	51.59
2012	8	18	7.563	6439.3149	230.3151	17.3151	 0.99	 0.05	192.03	 2.87	 5.24	 1.00	10.87	 1.18	324.10	274.30	279.84	257.78	281.61	0	51.56
2012	8	18	8.005	6439.3335	230.3335	17.3335	 0.93	 0.05	191.70	 2.91	 7.32	 0.99	10.77	 1.10	324.08	274.36	278.81	257.80	281.62	0	51.56
2012	8	18	9.346	6439.3896	230.3894	17.3894	 1.01	 0.07	189.49	 3.58	 6.11	 1.00	10.82	 1.07	324.23	274.49	278.33	257.81	 0.00	0	51.56
2012	8	18	11.576	6439.4824	230.4823	17.4823	 0.87	 0.07	190.39	 4.72	 3.05	 1.00	10.75	 1.05	324.54	275.38	279.07	259.09	280.91	0	51.82
2012	8	18	17.766	6439.7402	230.7402	17.7402	 1.10	 0.06	194.34	 2.62	 1.90	 1.00	10.80	 1.24	325.77	289.01	295.33	272.43	293.80	0	54.49
2012	8	18	18.702	6439.7793	230.7793	17.7792	 1.21	 0.06	192.01	 2.14	 2.09	 1.00	10.78	 1.25	325.50	290.37	296.61	273.54	296.05	0	54.71
2012	8	18	19.140	6439.7974	230.7975	17.7975	 1.10	 0.05	192.36	 2.38	 3.83	 1.00	10.72	 1.19	326.31	290.56	297.55	271.90	296.40	0	54.38
2012	8	18	21.793	6439.9082	230.9081	17.9081	 0.93	 0.18	183.94	10.23	 8.24	 1.00	10.73	 0.90	326.54	285.32	291.62	260.98	 0.00	0	52.20
2012	8	18	23.579	6439.9824	230.9825	17.9825	 0.98	 0.06	190.29	 3.40	 4.45	 1.00	10.72	 1.16	326.68	280.94	287.40	259.89	288.30	0	51.98
2012	8	19	1.801	6440.0752	231.0750	18.0750	 0.81	 0.04	191.14	 2.91	 2.97	 1.00	10.77	 1.20	326.45	278.27	282.95	259.28	285.67	0	51.86
2012	8	19	4.902	6440.2041	231.2043	18.2042	 0.70	 0.05	186.92	 5.09	 7.86	 0.99	10.78	 1.15	326.42	276.70	281.40	258.81	282.57	0	51.76
2012	8	19	7.592	6440.3164	231.3163	18.3163	 0.80	 0.05	187.58	 4.14	 6.26	 1.00	10.80	 1.15	326.41	276.00	281.17	258.38	283.16	0	51.68
2012	8	19	8.472	6440.3530	231.3530	18.3530	 0.84	 0.04	189.74	 3.20	 2.95	 1.00	10.78	 1.20	326.44	275.82	281.80	258.39	282.84	0	51.68
2012	8	19	10.700	6440.4458	231.4458	18.4458	 0.96	 0.04	188.35	 2.50	 5.81	 0.99	10.75	 1.15	326.32	275.36	281.44	257.78	282.22	0	51.56
2012	8	19	11.140	6440.4644	231.4642	18.4642	 1.00	 0.06	193.09	 3.14	 4.69	 1.00	10.73	 1.22	326.37	275.49	280.82	258.00	280.92	0	51.60
2012	8	19	12.922	6440.5386	231.5384	18.5384	 0.81	 0.05	187.80	 3.59	10.04	 0.98	10.75	 1.16	326.76	279.37	282.63	261.24	285.13	0	52.25
2012	8	19	15.580	6440.6494	231.6492	18.6492	 0.94	 0.05	185.07	 2.81	 1.49	 1.00	10.83	 1.24	327.08	287.61	291.45	266.16	293.32	0	53.23
2012	8	19	16.020	6440.6675	231.6675	18.6675	 1.02	 0.05	190.41	 2.41	 7.47	 0.98	10.78	 1.27	327.03	288.59	296.34	266.74	294.33	0	53.35
2012	8	19	17.798	6440.7417	231.7416	18.7416	 0.76	 0.06	187.22	 5.34	 5.38	 1.00	10.73	 1.06	325.03	291.94	299.40	272.67	299.90	0	54.53
2012	8	19	18.236	6440.7598	231.7598	18.7598	 1.02	 0.07	192.03	 3.41	 0.63	 1.00	10.75	 1.27	323.02	292.13	299.37	272.86	295.27	0	54.57
2012	8	19	19.608	6440.8169	231.8170	18.8170	 0.98	 0.04	196.07	 2.37	 1.04	 1.00	10.75	 1.25	322.46	290.92	301.12	268.53	299.69	0	53.71
2012	8	19	22.704	6440.9458	231.9460	18.9460	 0.98	 0.26	204.62	14.82	116.48	 1.00	10.73	 1.22	324.81	281.84	290.26	258.39	287.98	0	51.68
2012	8	20	1.836	6441.0767	232.0765	19.0765	 0.78	 0.06	193.42	 5.31	 7.77	 1.00	10.73	 0.85	316.94	271.56	275.36	257.47	276.78	0	51.49
2012	8	20	4.499	6441.1875	232.1875	19.1875	 0.94	 0.06	183.74	 3.46	 8.35	 0.99	10.77	 1.04	325.66	273.67	274.60	 0.00	280.90	0	54.00
2012	8	20	4.940	6441.2061	232.2058	19.2058	 1.05	 0.07	188.23	 3.29	 2.87	 1.00	10.72	 1.10	325.63	273.81	277.08	256.69	 0.00	0	51.34
2012	8	20	5.381	6441.2241	232.2242	19.2242	 1.05	 0.07	189.01	 3.23	 1.21	 1.00	10.82	 1.13	325.70	273.92	278.21	256.56	278.18	0	51.31
2012	8	20	6.722	6441.2803	232.2801	19.2801	 1.10	 0.07	195.09	 2.94	 2.84	 1.00	10.75	 1.19	325.70	274.02	280.42	256.21	281.15	0	51.24
2012	8	20	7.161	6441.2983	232.2984	19.2984	 1.12	 0.04	188.52	 1.81	 2.77	 0.99	10.73	 1.20	325.68	274.03	279.34	 0.00	278.27	0	54.00
2012	8	20	8.063	6441.3359	232.3360	19.3360	 1.29	 0.07	191.56	 2.09	 4.81	 0.99	10.83	 1.23	325.73	274.00	279.43	255.87	278.22	0	51.17
2012	8	20	8.949	6441.3730	232.3729	19.3729	 1.01	 0.05	189.07	 2.38	 5.77	 0.99	10.82	 1.11	325.66	273.97	278.66	256.21	279.57	0	51.24
2012	8	20	9.829	6441.4097	232.4095	19.4095	 1.02	 0.05	195.99	 2.67	 2.32	 1.00	10.73	 1.12	325.63	274.02	280.26	256.21	278.15	0	51.24
2012	8	20	10.295	6441.4292	232.4290	19.4290	 0.94	 0.05	183.38	 2.67	 1.14	 1.00	10.83	 1.04	325.68	274.05	276.22	 0.00	278.20	0	54.00
2012	8	20	10.738	6441.4473	232.4474	19.4474	 1.05	 0.06	187.28	 2.88	11.80	 0.98	10.75	 1.17	325.64	274.10	280.01	256.47	280.96	0	51.29
2012	8	20	11.178	6441.4658	232.4657	19.4657	 0.97	 0.06	183.64	 3.39	11.53	 0.99	10.73	 1.20	325.62	274.43	278.45	 0.00	278.34	0	54.00
2012	8	20	12.962	6441.5400	232.5401	19.5401	 0.71	 0.04	187.28	 3.74	 3.49	 1.00	10.75	 1.15	326.03	279.28	280.15	 0.00	287.70	0	54.00
2012	8	20	16.060	6441.6689	232.6692	19.6692	 0.90	 0.05	189.56	 2.90	11.24	 0.96	10.73	 1.20	322.35	291.06	297.00	275.11	299.32	0	55.02
2012	8	20	16.499	6441.6875	232.6875	19.6875	 0.99	 0.04	189.65	 2.34	 4.67	 0.99	10.78	 1.22	321.89	291.97	299.95	277.29	298.26	0	55.46
2012	8	20	18.280	6441.7617	232.7617	19.7617	 0.88	 0.06	190.67	 3.79	 6.09	 1.00	10.75	 1.12	324.88	294.31	304.06	275.45	302.68	0	55.09
2012	8	20	18.718	6441.7798	232.7799	19.7799	 0.99	 0.06	192.58	 2.95	10.65	 0.98	10.75	 1.22	324.88	294.18	303.52	274.90	300.34	0	54.98
2012	8	20	19.654	6441.8188	232.8189	19.8189	 0.74	 0.06	181.41	 5.16	15.00	 0.98	10.73	 1.05	324.74	293.15	303.77	271.87	302.25	0	54.37
2012	8	20	20.531	6441.8555	232.8555	19.8555	 0.72	 0.05	188.03	 4.38	 1.87	 1.00	10.73	 1.18	324.94	291.13	300.78	266.57	295.77	0	53.31
2012	8	21	0.093	6442.0039	233.0039	20.0039	 0.83	 0.07	177.12	 4.67	 2.99	 1.00	10.75	 1.23	325.04	280.22	286.66	259.87	286.37	0	51.97
2012	8	21	0.973	6442.0405	233.0406	20.0406	 0.62	 0.04	184.12	 4.83	 6.06	 0.99	10.75	 1.14	325.04	278.94	284.03	259.39	283.62	0	51.88
2012	8	21	1.879	6442.0781	233.0783	20.0783	 0.74	 0.05	181.64	 4.25	 2.05	 1.00	10.82	 1.21	325.06	278.03	284.03	259.68	 0.00	0	51.94
2012	8	21	2.324	6442.0967	233.0968	20.0968	 0.75	 0.04	182.56	 3.80	 6.09	 0.99	10.88	 1.25	324.97	277.77	283.20	259.96	283.79	0	51.99
2012	8	21	2.766	6442.1152	233.1152	20.1152	 0.64	 0.04	189.02	 5.20	 7.71	 0.99	10.73	 1.21	325.02	277.54	282.41	259.87	283.55	0	51.97
2012	8	21	4.120	6442.1719	233.1717	20.1717	 0.68	 0.06	179.69	 5.55	 3.53	 1.00	10.77	 1.20	324.94	276.98	282.18	259.55	281.60	0	51.91
2012	8	21	4.562	6442.1899	233.1901	20.1901	 0.71	 0.06	181.80	 5.31	 1.53	 1.00	10.80	 1.29	324.72	276.84	283.22	259.51	281.46	0	51.90
2012	8	21	5.884	6442.2451	233.2452	20.2452	 0.44	 0.05	192.09	11.67	18.92	 0.97	10.80	 1.10	324.82	276.50	280.22	259.26	 0.00	0	51.85
2012	8	21	6.788	6442.2827	233.2828	20.2828	 0.68	 0.05	171.76	 5.18	 1.60	 1.00	10.73	 1.26	324.66	276.28	283.95	 0.00	280.87	0	54.00
2012	8	21	8.109	6442.3379	233.3379	20.3379	 0.48	 0.05	185.28	 9.75	 9.79	 0.99	10.73	 1.10	324.67	276.17	280.62	259.70	 0.00	0	51.94
2012	8	21	9.894	6442.4121	233.4123	20.4123	 0.68	 0.04	179.23	 3.76	 3.49	 1.00	10.73	 1.23	324.71	276.08	281.93	259.35	281.88	0	51.87
2012	8	21	10.799	6442.4502	233.4500	20.4500	 0.62	 0.06	183.88	 6.65	 3.44	 1.00	10.88	 1.17	324.65	276.02	282.33	259.44	280.46	0	51.89
2012	8	21	12.558	6442.5234	233.5232	20.5232	 0.73	 0.04	179.20	 3.60	 3.16	 1.00	10.75	 1.27	324.81	279.31	283.65	262.92	285.26	0	52.58
2012	8	21	13.903	6442.5791	233.5793	20.5793	 0.33	 0.21	296.23	113.78	130.25	 1.00	10.72	 1.25	325.06	283.85	289.98	265.98	290.13	0	53.20
2012	8	21	14.778	6442.6157	233.6157	20.6157	 0.60	 0.05	193.16	 6.45	 7.33	 1.00	10.77	 1.20	325.23	286.53	290.94	266.17	290.10	0	53.23
2012	8	21	15.242	6442.6353	233.6351	20.6351	 0.76	 0.22	190.72	19.28	1893.12	 0.30	10.77	 1.06	324.97	287.85	287.15	265.93	294.23	0	53.19
2012	8	21	16.996	6442.7080	233.7082	20.7082	 0.85	 0.04	183.67	 2.91	 4.20	 0.99	10.75	 1.27	324.39	292.17	302.03	273.14	 0.00	0	54.63
2012	8	21	17.459	6442.7275	233.7275	20.7275	 0.81	 0.05	192.25	 3.94	 2.56	 1.00	10.75	 1.27	324.40	292.94	302.00	274.47	298.81	0	54.89
2012	8	21	18.335	6442.7642	233.7640	20.7640	 0.84	 0.09	175.53	 6.11	 9.75	 1.00	10.73	 1.12	324.40	293.54	301.04	274.05	297.01	0	54.81
2012	8	21	20.148	6442.8394	233.8395	20.8395	 0.75	 0.06	178.62	 4.61	 1.47	 1.00	10.73	 1.17	324.19	291.87	298.06	268.33	298.56	0	53.67
2012	8	21	20.586	6442.8579	233.8578	20.8578	 0.84	 0.05	180.90	 3.57	 3.17	 1.00	10.77	 1.20	324.37	290.91	300.10	266.04	297.67	0	53.21
2012	8	21	22.806	6442.9502	233.9503	20.9503	 0.87	 0.06	181.08	 3.70	 1.95	 1.00	10.83	 1.29	325.23	283.90	292.30	262.18	291.60	0	52.44
2012	8	21	23.246	6442.9687	233.9686	20.9686	 0.60	 0.06	182.58	 7.22	 5.37	 1.00	10.77	 1.11	325.20	282.91	289.59	 0.00	287.86	0	54.00
2012	8	22	0.592	6443.0244	234.0247	21.0247	 0.64	 0.05	174.31	 5.07	 2.25	 1.00	10.73	 1.21	325.15	280.56	288.24	261.07	288.31	0	52.21
2012	8	22	1.911	6443.0796	234.0796	21.0796	 0.48	 0.04	179.89	 6.94	 7.65	 0.98	10.77	 1.10	325.09	279.63	285.17	 0.00	 0.00	0	54.00
2012	8	22	4.133	6443.1724	234.1722	21.1722	 0.64	 0.04	175.13	 4.38	 1.11	 1.00	10.77	 1.23	325.13	278.93	284.96	262.36	285.32	0	52.47
2012	8	22	4.596	6443.1914	234.1915	21.1915	 0.72	 0.05	178.14	 4.20	12.49	 0.96	10.78	 1.27	325.22	278.79	285.59	262.13	283.72	0	52.43
2012	8	22	5.034	6443.2100	234.2097	21.2097	 0.70	 0.05	176.88	 4.78	 2.19	 1.00	10.73	 1.28	325.12	278.64	285.65	261.98	284.97	0	52.40
2012	8	22	5.474	6443.2280	234.2281	21.2281	 0.59	 0.04	175.65	 5.42	 8.18	 0.99	10.72	 1.19	325.14	278.53	284.42	261.86	284.85	0	52.37
2012	8	22	5.914	6443.2466	234.2464	21.2464	 0.38	 0.03	197.62	10.03	15.81	 0.91	10.73	 1.09	325.16	278.42	282.08	261.66	286.15	0	52.33
2012	8	22	9.484	6443.3950	234.3952	21.3952	 0.30	 0.06	218.62	29.03	24.08	 0.99	10.93	 0.93	317.35	273.04	280.54	 0.00	278.78	0	54.00
2012	8	22	13.023	6443.5425	234.5426	21.5426	 0.60	 0.03	180.16	 3.41	 9.43	 0.88	10.75	 1.22	324.14	281.22	284.53	265.98	287.58	0	53.20
2012	8	22	15.241	6443.6353	234.6350	21.6350	 0.67	 0.03	177.20	 2.89	 6.13	 0.95	10.75	 1.16	324.47	289.12	296.20	268.11	292.86	0	53.62
2012	8	22	16.146	6443.6729	234.6727	21.6727	 0.57	 0.04	184.66	 5.60	21.65	 0.87	10.80	 1.16	324.49	291.52	299.13	274.11	297.92	0	54.82
2012	8	22	17.463	6443.7275	234.7276	21.7276	 0.54	 0.05	179.49	 7.49	21.25	 0.95	10.73	 1.06	322.78	294.38	303.13	277.04	300.46	0	55.41
2012	8	22	18.364	6443.7651	234.7652	21.7652	 0.55	 0.05	184.85	 7.26	19.60	 0.95	10.73	 1.02	323.91	294.81	302.64	277.87	302.91	0	55.57
2012	8	22	19.677	6443.8198	234.8199	21.8199	 0.71	 0.05	190.02	 5.31	19.78	 0.96	10.75	 1.15	323.82	293.84	304.92	273.68	300.73	0	54.74
2012	8	22	22.397	6443.9331	234.9332	21.9332	 0.28	 0.16	338.37	125.55	442.21	 0.97	10.77	 1.12	325.33	285.19	294.95	261.50	292.14	0	52.30
2012	8	22	23.277	6443.9697	234.9699	21.9699	 0.55	 0.06	181.96	 9.57	 3.19	 1.00	10.73	 1.14	325.33	282.74	289.84	261.66	288.86	0	52.33
2012	8	23	0.157	6444.0063	235.0065	22.0066	 0.73	 0.17	180.74	14.72	34.46	 1.00	10.75	 1.22	325.29	281.16	289.94	262.03	287.26	0	52.41
2012	8	23	1.499	6444.0625	235.0625	22.0625	 0.57	 0.05	181.38	 7.03	13.24	 0.98	10.75	 1.17	325.15	279.58	286.32	261.66	287.12	0	52.33
2012	8	23	1.941	6444.0811	235.0809	22.0809	 0.62	 0.05	183.08	 5.87	 5.70	 1.00	10.77	 1.24	325.22	279.16	288.31	261.54	285.54	0	52.31
2012	8	23	2.381	6444.0991	235.0992	22.0992	 0.59	 0.08	178.95	 9.58	 7.94	 1.00	10.80	 1.24	325.22	278.82	287.00	261.55	284.90	0	52.31
2012	8	23	3.728	6444.1553	235.1553	22.1553	 0.63	 0.05	173.29	 5.78	 4.35	 1.00	10.80	 1.30	324.97	277.99	284.67	261.20	284.09	0	52.24
2012	8	23	5.074	6444.2114	235.2114	22.2114	 0.55	 0.04	172.22	 5.84	11.10	 0.97	10.83	 1.18	325.14	277.39	282.02	260.43	283.52	0	52.09
2012	8	23	5.514	6444.2295	235.2297	22.2297	 0.53	 0.05	172.83	 7.31	 9.54	 0.99	10.70	 1.18	325.27	277.23	282.73	260.31	284.65	0	52.06
2012	8	23	8.615	6444.3589	235.3590	22.3590	 0.55	 0.06	177.48	 8.73	23.09	 0.97	10.70	 1.17	325.57	276.51	282.79	259.81	281.03	0	51.96
2012	8	23	9.055	6444.3774	235.3773	22.3773	 0.61	 0.05	173.02	 6.12	 7.89	 0.99	10.77	 1.23	325.61	276.40	280.98	259.74	280.87	0	51.95
2012	8	23	9.965	6444.4150	235.4152	22.4152	 0.68	 0.06	171.00	 6.15	 2.74	 1.00	10.77	 1.25	325.56	276.18	281.67	259.58	280.59	0	51.92
2012	8	23	10.403	6444.4336	235.4334	22.4334	 0.63	 0.07	179.18	 8.04	 2.89	 1.00	10.75	 1.27	325.56	276.08	284.13	 0.00	281.70	0	54.00
2012	8	23	18.396	6444.7666	235.7665	22.7665	 1.01	 0.07	192.65	 3.54	 1.01	 1.00	10.77	 1.16	325.57	289.93	296.34	272.56	297.72	0	54.51
2012	8	23	19.709	6444.8213	235.8212	22.8212	 0.89	 0.08	194.00	 5.40	 1.37	 1.00	10.73	 1.07	325.39	290.32	297.33	269.69	296.42	0	53.94
2012	8	23	20.148	6444.8394	235.8395	22.8395	 1.02	 0.07	193.09	 3.69	11.36	 0.99	10.73	 1.14	325.58	289.90	298.92	267.55	296.18	0	53.51
2012	8	23	20.648	6444.8604	235.8603	22.8603	 1.04	 0.09	189.19	 4.10	 5.22	 1.00	10.77	 1.16	325.70	288.94	296.40	265.80	 0.00	0	53.16
2012	8	23	21.525	6444.8970	235.8969	22.8969	 0.70	 0.06	189.59	 6.31	 9.70	 1.00	10.73	 1.02	325.46	286.34	290.07	263.62	294.73	0	52.72
2012	8	23	23.309	6444.9712	235.9712	22.9712	 1.06	 0.07	194.50	 3.38	 0.61	 1.00	10.80	 1.15	325.49	281.39	290.15	260.04	287.72	0	52.01
2012	8	23	23.748	6444.9897	235.9895	22.9895	 0.85	 0.05	186.32	 3.68	10.04	 0.99	10.73	 1.15	325.43	280.59	285.36	260.66	286.70	0	52.13
2012	8	24	2.850	6445.1187	236.1187	23.1187	 0.76	 0.06	181.11	 4.74	 7.22	 1.00	10.77	 1.20	325.74	277.88	282.81	260.17	283.82	0	52.03
2012	8	24	4.630	6445.1929	236.1929	23.1929	 0.76	 0.05	190.86	 4.00	 7.81	 0.99	10.78	 1.24	325.78	277.12	280.74	259.68	283.10	0	51.94
2012	8	24	5.533	6445.2305	236.2306	23.2306	 0.64	 0.05	193.27	 5.95	 3.15	 1.00	10.75	 1.06	325.82	276.81	280.32	259.36	281.21	0	51.87
2012	8	24	6.416	6445.2671	236.2673	23.2673	 0.79	 0.05	194.38	 3.81	10.37	 0.98	10.88	 1.24	325.79	276.60	282.10	259.36	282.48	0	51.87
2012	8	24	6.857	6445.2856	236.2857	23.2857	 0.75	 0.05	190.15	 4.33	 1.80	 1.00	10.85	 1.17	325.87	276.53	280.55	259.36	280.98	0	51.87
2012	8	24	7.301	6445.3042	236.3042	23.3042	 0.79	 0.06	186.54	 4.88	 3.25	 1.00	10.75	 1.17	325.89	276.48	280.82	259.65	282.30	0	51.93
2012	8	24	7.765	6445.3237	236.3235	23.3236	 0.73	 0.05	195.12	 4.65	 4.80	 1.00	10.77	 1.15	325.96	276.42	283.57	259.48	282.27	0	51.90
2012	8	24	9.529	6445.3970	236.3970	23.3970	 0.73	 0.04	186.15	 3.49	 8.91	 0.97	10.80	 1.11	325.86	276.26	280.43	 0.00	283.39	0	54.00
2012	8	24	9.994	6445.4165	236.4164	23.4164	 0.68	 0.05	192.27	 5.58	12.39	 0.99	10.77	 1.09	326.09	276.22	279.82	259.52	280.59	0	51.90
2012	8	24	12.656	6445.5273	236.5273	23.5273	 0.98	 0.04	188.81	 1.92	 4.71	 0.98	10.73	 1.27	326.24	279.46	283.49	261.74	285.02	0	52.35
2012	8	24	18.413	6445.7671	236.7672	23.7672	 1.26	 0.46	191.18	15.16	392.83	 0.98	10.75	 1.16	324.96	293.29	302.83	274.21	 0.00	0	54.84
2012	8	24	20.191	6445.8413	236.8413	23.8413	 0.95	 0.06	187.04	 3.48	 8.74	 0.99	10.73	 1.17	325.63	291.53	298.31	268.86	300.28	0	53.77
2012	8	24	20.628	6445.8594	236.8595	23.8595	 1.00	 0.06	187.14	 3.09	 2.82	 1.00	10.80	 1.20	325.73	290.58	298.68	266.27	299.38	0	53.25
2012	8	24	22.446	6445.9351	236.9352	23.9352	 1.88	 1.33	186.03	17.84	626.06	 0.99	10.83	 1.17	325.86	284.53	291.04	 0.00	289.49	0	54.00
2012	8	25	1.572	6446.0654	237.0655	24.0655	 0.86	 0.04	192.44	 2.90	 2.36	 1.00	10.88	 1.24	325.97	279.41	285.68	261.29	285.61	0	52.26
2012	8	25	3.333	6446.1387	237.1389	24.1389	 0.76	 0.05	186.06	 4.25	 3.50	 1.00	10.73	 1.23	325.97	278.78	284.84	262.34	283.37	0	52.47
2012	8	25	4.678	6446.1948	237.1949	24.1949	 0.72	 0.07	183.16	 6.09	 7.52	 1.00	10.73	 1.17	326.03	278.80	282.12	263.10	284.91	0	52.62
2012	8	25	6.023	6446.2510	237.2510	24.2510	 0.80	 0.04	186.45	 3.15	 0.87	 1.00	10.77	 1.22	326.04	278.89	285.16	263.76	285.05	0	52.75
2012	8	25	6.462	6446.2690	237.2693	24.2693	 0.78	 0.05	185.54	 3.99	 1.51	 1.00	10.73	 1.20	325.90	278.91	284.34	262.98	285.07	0	52.60
2012	8	25	8.245	6446.3437	237.3435	24.3435	 0.90	 0.05	191.81	 3.00	 5.65	 0.99	10.78	 1.29	326.02	278.87	285.03	262.71	285.06	0	52.54
2012	8	25	9.562	6446.3984	237.3984	24.3984	 0.82	 0.04	194.07	 2.88	 2.28	 1.00	10.75	 1.24	325.91	278.80	284.32	 0.00	 0.00	0	54.00
2012	8	25	10.466	6446.4360	237.4361	24.4361	 0.98	 0.05	194.90	 2.60	 3.22	 1.00	10.77	 1.28	322.09	278.59	286.05	262.13	284.31	0	52.43
2012	8	25	16.224	6446.6758	237.6760	24.6760	 0.84	 0.05	186.12	 3.84	16.01	 0.96	10.73	 1.05	325.62	291.42	295.07	275.21	297.46	0	55.04
2012	8	25	16.663	6446.6943	237.6943	24.6943	 0.96	 0.06	196.05	 3.42	 7.41	 0.99	10.72	 1.15	325.20	292.65	300.84	276.54	298.52	0	55.31
2012	8	25	18.005	6446.7500	237.7502	24.7502	 0.74	 0.05	185.58	 4.11	 3.20	 1.00	10.73	 0.95	324.73	294.82	303.81	277.53	300.59	0	55.51
2012	8	25	19.344	6446.8062	237.8060	24.8060	 1.17	 0.08	185.97	 3.17	 8.35	 1.00	10.77	 1.14	324.75	294.32	303.67	275.07	300.24	0	55.01
2012	8	25	21.099	6446.8789	237.8791	24.8791	 0.92	 0.05	191.46	 3.35	 1.85	 1.00	10.75	 1.12	325.47	289.83	299.01	266.16	298.42	0	53.23
2012	8	26	1.575	6447.0654	238.0656	25.0656	 1.92	 0.13	200.88	 1.83	 1.15	 1.00	10.80	 1.22	325.57	279.73	285.76	260.92	285.73	0	52.18
2012	8	26	2.040	6447.0850	238.0850	25.0850	 1.94	 0.14	200.75	 1.88	 1.11	 1.00	10.85	 1.16	321.45	279.38	285.37	261.09	 0.00	0	52.22
2012	8	26	4.711	6447.1963	238.1963	25.1963	 1.81	 0.12	202.19	 1.99	 4.63	 1.00	10.78	 1.13	317.20	273.11	280.89	259.55	278.71	0	51.91
2012	8	26	6.036	6447.2515	238.2515	25.2515	 1.54	 0.08	200.61	 1.76	 1.93	 1.00	10.77	 1.16	326.03	274.83	278.91	259.23	280.64	0	51.85
2012	8	26	6.501	6447.2710	238.2709	25.2709	 1.67	 0.08	200.50	 1.42	 2.13	 1.00	10.75	 1.15	326.04	275.20	280.26	259.15	 0.00	0	51.83
2012	8	26	8.263	6447.3442	238.3443	25.3443	 1.35	 0.09	202.35	 2.65	 2.46	 1.00	10.72	 1.23	325.93	276.00	281.52	258.96	281.78	0	51.79
2012	8	26	10.488	6447.4370	238.4370	25.4370	 1.79	 0.11	205.52	 1.89	11.31	 0.97	10.82	 1.27	325.87	276.44	283.66	259.12	 0.00	0	51.82
2012	8	26	11.834	6447.4932	238.4931	25.4931	 1.60	 0.09	194.60	 1.81	 5.76	 0.99	10.73	 1.16	326.13	278.07	277.55	261.76	283.68	0	52.35
2012	8	26	15.834	6447.6597	238.6597	25.6597	 2.10	 0.14	201.42	 1.54	 8.76	 0.97	10.73	 1.13	325.94	291.47	298.24	271.74	297.55	0	54.35
2012	8	26	16.272	6447.6782	238.6780	25.6780	 2.01	 0.20	192.48	 2.43	 3.94	 1.00	10.72	 0.99	325.87	292.40	298.54	275.16	298.20	0	55.03
2012	8	26	17.612	6447.7339	238.7338	25.7338	 2.22	 0.17	199.40	 1.65	 1.82	 1.00	10.78	 1.15	326.55	295.29	302.70	276.68	300.90	0	55.34
2012	8	26	19.367	6447.8071	238.8069	25.8069	 2.68	 0.31	199.79	 1.74	 3.66	 1.00	10.72	 1.17	325.72	294.73	305.44	 0.00	301.34	0	54.00
2012	8	26	19.830	6447.8262	238.8262	25.8262	 2.61	 0.47	195.26	 2.84	14.85	 1.00	10.77	 1.11	325.80	293.92	303.35	270.92	300.73	0	54.18
2012	8	26	20.267	6447.8442	238.8445	25.8445	 2.90	 0.48	188.35	 2.04	 8.04	 1.00	10.73	 1.03	325.71	292.93	301.02	266.70	299.86	0	53.34
2012	8	26	20.705	6447.8628	238.8627	25.8627	 3.31	 0.80	218.75	 2.54	99.17	 0.71	10.77	 1.16	325.71	291.55	300.58	266.08	298.56	0	53.22
2012	8	26	21.144	6447.8809	238.8810	25.8810	 2.79	 0.37	200.41	 1.88	 4.62	 1.00	10.75	 1.15	325.76	290.28	301.81	265.31	295.31	0	53.06
2012	8	26	22.957	6447.9565	238.9565	25.9565	 1.90	 0.33	210.52	 4.85	135.23	 0.92	10.75	 1.17	325.82	284.49	290.02	260.00	290.59	0	52.00
2012	8	27	0.307	6448.0127	239.0128	26.0128	 2.00	 0.20	199.14	 2.45	19.50	 0.98	10.75	 1.07	325.88	281.58	282.11	260.23	287.50	0	52.05
2012	8	27	2.527	6448.1055	239.1053	26.1053	 2.78	 0.28	204.66	 1.45	 1.58	 1.00	10.78	 1.25	322.06	279.72	286.60	260.79	286.36	0	52.16
2012	8	27	8.734	6448.3638	239.3639	26.3639	 0.88	 0.06	189.63	 3.73	 2.44	 1.00	10.77	 0.93	324.67	271.03	275.66	256.46	278.14	0	51.29
2012	8	27	14.523	6448.6050	239.6051	26.6051	 0.43	 0.15	262.12	47.48	7157.76	 0.00	10.73	 1.20	326.25	284.48	289.03	266.32	290.55	0	53.26
2012	8	27	16.305	6448.6792	239.6794	26.6794	 0.70	 0.05	180.40	 4.46	 7.94	 0.99	10.80	 1.17	323.99	290.51	297.41	276.37	296.59	0	55.27
2012	8	27	17.185	6448.7158	239.7160	26.7160	 0.93	 0.10	180.20	 5.55	12.98	 1.00	10.77	 1.22	324.97	293.03	300.93	277.84	301.13	0	55.57
2012	8	27	17.623	6448.7344	239.7343	26.7343	 0.62	 0.06	180.17	 6.77	 9.21	 1.00	10.80	 1.01	325.04	293.87	300.83	277.72	299.60	0	55.54
2012	8	27	18.526	6448.7720	239.7719	26.7719	 0.87	 0.03	189.19	 2.30	 1.51	 1.00	10.73	 1.24	325.92	294.74	303.50	 0.00	303.14	0	54.00
2012	8	27	18.964	6448.7900	239.7902	26.7902	 0.74	 0.04	183.67	 3.50	 4.24	 0.99	10.72	 1.10	326.00	294.76	302.68	279.61	298.77	0	55.92
2012	8	27	19.402	6448.8086	239.8084	26.8084	 0.80	 0.04	186.44	 2.96	 7.08	 0.98	10.72	 1.15	326.01	294.54	304.70	279.42	303.32	0	55.88
2012	8	27	19.841	6448.8267	239.8267	26.8267	 0.81	 0.04	188.98	 3.26	 3.68	 1.00	10.73	 1.18	325.96	293.99	304.85	274.30	302.97	0	54.86
2012	8	27	20.304	6448.8462	239.8460	26.8460	 0.84	 0.04	187.80	 3.13	 8.86	 0.98	10.77	 1.12	326.07	293.15	303.53	272.07	300.16	0	54.41
2012	8	27	22.553	6448.9399	239.9397	26.9397	 0.93	 0.10	188.70	 5.73	320.26	 0.22	10.73	 1.14	326.17	285.63	293.66	261.91	293.27	0	52.38
2012	8	27	22.993	6448.9580	239.9580	26.9580	 0.83	 0.04	182.16	 3.07	 5.39	 0.99	10.75	 1.23	325.98	284.23	290.52	261.29	289.28	0	52.26
2012	8	28	2.998	6449.1250	240.1249	27.1249	 0.66	 0.06	175.84	 5.65	 2.04	 1.00	10.83	 1.26	325.41	277.93	285.85	262.73	284.97	0	52.55
2012	8	28	3.440	6449.1436	240.1433	27.1433	 0.49	 0.05	181.53	 8.05	 4.67	 1.00	10.90	 1.18	325.02	277.24	284.38	 0.00	284.90	0	54.00
2012	8	28	4.321	6449.1802	240.1800	27.1800	 0.64	 0.05	176.61	 5.32	 1.32	 1.00	10.73	 1.28	325.09	276.44	284.83	262.82	284.41	0	52.56
2012	8	28	4.759	6449.1982	240.1983	27.1983	 0.56	 0.05	182.79	 6.51	12.54	 0.98	10.73	 1.24	325.10	276.17	282.97	262.58	282.95	0	52.52
2012	8	28	5.663	6449.2358	240.2360	27.2360	 0.50	 0.05	181.19	 7.82	16.89	 0.96	10.80	 1.14	325.37	276.15	281.46	262.01	281.67	0	52.40
2012	8	28	6.103	6449.2544	240.2543	27.2543	 0.56	 0.05	181.13	 7.37	 1.03	 1.00	10.73	 1.18	325.29	276.11	281.69	262.14	281.60	0	52.43
2012	8	28	6.541	6449.2725	240.2726	27.2726	 0.66	 0.04	181.43	 3.88	 7.39	 0.98	10.77	 1.26	325.27	276.04	284.43	262.66	281.62	0	52.53
2012	8	28	6.982	6449.2910	240.2909	27.2909	 0.64	 0.04	180.61	 4.67	 4.05	 1.00	10.73	 1.26	325.32	276.03	284.68	262.34	282.77	0	52.47
2012	8	28	8.325	6449.3467	240.3469	27.3469	 0.48	 0.04	184.03	 7.37	 3.95	 1.00	10.80	 1.15	325.34	276.09	283.07	263.10	283.99	0	52.62
2012	8	28	8.763	6449.3652	240.3651	27.3651	 0.59	 0.05	178.49	 6.91	 7.00	 1.00	10.82	 1.21	325.33	276.18	283.43	262.95	282.99	0	52.59
2012	8	28	9.204	6449.3833	240.3835	27.3835	 0.61	 0.05	177.41	 5.79	 3.80	 1.00	10.88	 1.20	325.35	276.26	282.48	262.70	283.00	0	52.54
2012	8	28	10.108	6449.4214	240.4212	27.4212	 0.62	 0.04	182.86	 4.72	 1.46	 1.00	10.77	 1.21	325.29	276.38	285.56	262.58	283.00	0	52.52
2012	8	28	10.547	6449.4395	240.4394	27.4394	 0.62	 0.06	181.05	 7.33	 1.88	 1.00	10.72	 1.20	325.37	276.51	284.18	262.01	282.94	0	52.40
2012	8	28	10.987	6449.4580	240.4578	27.4578	 0.31	 0.11	424.32	92.34	257.21	 0.99	10.78	 1.23	325.39	276.88	282.74	 0.00	 0.00	0	54.00
2012	8	28	12.329	6449.5137	240.5137	27.5137	 2.40	 1.82	181.31	12.88	1484.18	 0.86	10.73	 1.28	325.76	279.87	284.52	 0.00	288.16	0	54.00
2012	8	28	13.204	6449.5503	240.5502	27.5502	 0.54	 0.04	194.11	 6.49	11.01	 0.97	10.75	 1.20	325.79	283.00	284.35	265.58	289.39	0	53.12
2012	8	28	14.106	6449.5879	240.5878	27.5878	 0.54	 0.08	200.65	13.54	113.34	 0.87	10.78	 1.06	326.01	286.87	291.01	267.13	293.23	0	53.43
2012	8	28	17.639	6449.7349	240.7350	27.7350	 0.80	 0.06	186.32	 4.94	 4.19	 1.00	10.73	 0.97	320.18	297.13	306.93	284.27	302.42	0	56.85
2012	8	28	18.077	6449.7534	240.7532	27.7532	 0.84	 0.05	189.36	 3.51	13.22	 0.96	10.85	 1.05	318.31	297.27	306.31	285.53	302.13	0	57.11
2012	8	28	18.541	6449.7725	240.7725	27.7725	 0.86	 0.04	192.34	 2.80	 2.15	 1.00	10.78	 1.12	319.51	297.00	307.44	279.86	304.17	0	55.97
2012	8	28	19.419	6449.8091	240.8091	27.8091	 0.97	 0.05	193.50	 2.56	 2.39	 1.00	10.73	 1.23	319.67	296.07	307.99	282.08	302.69	0	56.42
2012	8	28	20.761	6449.8652	240.8651	27.8651	 1.04	 0.06	197.24	 2.93	 4.38	 1.00	10.77	 1.25	320.04	293.35	303.35	268.09	300.65	0	53.62
2012	8	28	21.199	6449.8833	240.8833	27.8833	 0.89	 0.06	191.32	 3.72	 3.81	 1.00	10.73	 1.07	320.13	291.80	306.00	 0.00	299.23	0	54.00
2012	8	28	21.640	6449.9019	240.9017	27.9017	 0.94	 0.11	201.88	 7.08	 8.90	 1.00	10.75	 1.27	319.86	289.97	301.23	268.19	299.11	0	53.64
2012	8	29	2.542	6450.1060	241.1059	28.1059	 0.86	 0.05	197.17	 3.78	 5.60	 1.00	10.88	 1.25	326.07	277.56	284.27	262.20	283.47	0	52.44
2012	8	29	2.982	6450.1240	241.1242	28.1242	 0.83	 0.04	194.62	 3.05	 3.50	 1.00	10.73	 1.22	326.08	277.89	282.73	262.48	283.85	0	52.50
2012	8	29	3.445	6450.1436	241.1435	28.1435	 0.92	 0.05	193.59	 2.99	10.45	 0.97	10.75	 1.22	326.12	278.06	284.42	262.45	284.08	0	52.49
2012	8	29	3.884	6450.1616	241.1618	28.1618	 0.72	 0.04	192.15	 3.96	 7.60	 0.99	10.73	 1.12	326.07	278.37	282.19	264.27	284.23	0	52.85
2012	8	29	4.328	6450.1802	241.1803	28.1803	 0.88	 0.05	191.48	 3.34	 2.03	 1.00	10.73	 1.25	326.03	278.65	285.47	264.96	286.12	0	52.99
2012	8	29	5.211	6450.2173	241.2171	28.2171	 0.83	 0.05	191.77	 3.89	 5.33	 1.00	10.78	 1.25	326.02	278.98	284.72	264.93	285.05	0	52.99
2012	8	29	6.114	6450.2549	241.2548	28.2548	 0.86	 0.05	193.99	 3.89	 5.73	 1.00	10.75	 1.25	326.06	279.18	285.39	265.04	285.37	0	53.01
2012	8	29	6.553	6450.2729	241.2731	28.2731	 0.82	 0.04	190.46	 2.69	 3.32	 0.99	10.85	 1.21	326.07	279.27	284.49	264.93	283.87	0	52.99
2012	8	29	7.431	6450.3096	241.3096	28.3096	 0.73	 0.04	189.40	 3.91	 3.23	 1.00	10.72	 1.19	326.08	279.31	284.40	263.61	285.32	0	52.72
2012	8	29	8.334	6450.3472	241.3473	28.3473	 0.65	 0.04	190.42	 4.70	 4.59	 1.00	10.80	 1.15	326.07	279.35	283.52	263.66	285.34	0	52.73
2012	8	29	8.775	6450.3657	241.3656	28.3656	 0.74	 0.05	184.84	 4.21	 2.25	 1.00	10.78	 1.21	326.06	279.34	284.74	263.90	285.31	0	52.78
2012	8	29	9.218	6450.3843	241.3841	28.3841	 0.80	 0.04	184.56	 3.34	 2.93	 1.00	10.73	 1.27	326.04	279.37	285.24	263.83	283.90	0	52.77
2012	8	29	9.658	6450.4023	241.4024	28.4024	 0.82	 0.05	185.84	 3.58	 2.18	 1.00	10.72	 1.28	326.05	279.31	287.83	262.03	285.27	0	52.41
2012	8	29	12.346	6450.5142	241.5144	28.5144	 2.83	 3.69	159.56	14.16	137.48	 1.00	10.78	 1.21	326.36	282.10	286.10	265.67	290.29	0	53.13
2012	8	29	13.662	6450.5693	241.5692	28.5692	 1.03	 0.51	219.94	28.71	1630.66	 0.95	10.75	 1.29	325.81	287.45	294.78	272.62	290.31	0	54.52
2012	8	29	18.096	6450.7539	241.7540	28.7540	 0.87	 0.05	191.35	 3.57	 4.67	 1.00	10.77	 1.04	329.20	299.44	307.25	284.69	304.65	0	56.94
2012	8	29	19.435	6450.8096	241.8098	28.8098	 0.85	 0.06	186.27	 4.14	 7.72	 1.00	10.73	 0.95	329.69	298.58	306.32	279.23	305.19	0	55.85
2012	8	29	21.214	6450.8838	241.8839	28.8839	 1.07	 0.12	196.30	 5.80	 5.26	 1.00	10.78	 1.09	329.49	294.14	302.97	270.06	302.76	0	54.01
2012	8	29	22.095	6450.9204	241.9206	28.9206	 1.47	 0.35	195.48	 8.70	80.77	 1.00	10.80	 1.10	326.10	290.62	301.42	265.90	297.25	0	53.18
2012	8	29	23.471	6450.9780	241.9779	28.9779	 1.23	 0.03	199.89	 1.21	 0.50	 1.00	10.80	 1.22	327.49	286.53	293.82	265.32	293.16	0	53.06
2012	8	30	0.349	6451.0146	242.0146	29.0146	 2.12	 1.60	202.91	17.41	1287.58	 0.96	10.78	 1.18	327.73	284.86	292.28	265.20	289.67	0	53.04
2012	8	30	2.572	6451.1069	242.1072	29.1072	 0.93	 0.05	198.03	 3.31	 3.32	 1.00	10.80	 1.19	327.79	282.28	288.99	265.00	286.86	0	53.00
2012	8	30	3.453	6451.1440	242.1439	29.1439	 1.23	 0.08	199.22	 2.79	 3.56	 1.00	10.75	 1.29	327.76	281.81	288.90	 0.00	289.26	0	54.00
2012	8	30	4.355	6451.1816	242.1815	29.1815	 1.01	 0.06	197.71	 3.16	 2.68	 1.00	10.73	 1.15	327.77	281.54	287.98	264.95	 0.00	0	52.99
2012	8	30	4.795	6451.1997	242.1998	29.1998	 1.07	 0.05	199.51	 2.42	 2.78	 1.00	10.85	 1.18	327.80	281.46	288.02	264.96	287.42	0	52.99
2012	8	30	5.239	6451.2183	242.2183	29.2183	 1.14	 0.05	199.18	 2.20	 4.67	 0.99	10.87	 1.15	327.79	281.40	287.53	264.90	285.90	0	52.98
2012	8	30	5.680	6451.2368	242.2366	29.2367	 1.47	 0.09	200.06	 2.26	 0.57	 1.00	10.75	 1.17	327.75	281.41	287.55	264.91	288.83	0	52.98
2012	8	30	12.814	6451.5337	242.5339	29.5339	 1.55	 0.07	204.33	 1.66	 3.15	 1.00	10.80	 1.29	327.61	284.69	289.73	 0.00	290.34	0	54.00
2012	8	30	14.569	6451.6069	242.6070	29.6070	 1.57	 0.10	205.23	 2.20	 0.84	 1.00	10.75	 1.29	328.03	291.16	298.84	273.39	295.12	0	54.68
2012	8	30	17.688	6451.7368	242.7370	29.7370	 1.52	 0.09	195.36	 2.02	 4.85	 1.00	10.73	 0.98	325.54	298.86	308.75	282.46	 0.00	0	56.49
2012	8	30	18.564	6451.7734	242.7735	29.7735	 1.69	 0.12	204.77	 2.18	 2.26	 1.00	10.75	 1.12	324.24	298.69	310.82	281.10	302.91	0	56.22
2012	8	30	19.905	6451.8296	242.8294	29.8294	 1.52	 0.19	200.39	 4.49	 9.85	 1.00	10.83	 1.04	323.65	296.68	306.98	275.69	303.86	0	55.14
2012	8	30	20.346	6451.8477	242.8477	29.8478	 1.55	 0.28	197.06	 6.06	91.23	 0.98	10.73	 1.01	323.56	295.56	304.97	272.72	304.81	0	54.54
2012	8	30	21.224	6451.8843	242.8843	29.8843	 1.12	 0.47	251.34	25.75	1456.44	 0.95	10.75	 0.99	323.44	292.72	301.11	269.35	298.12	0	53.87
2012	8	30	23.941	6451.9976	242.9975	29.9975	 1.85	 0.13	204.93	 2.00	 3.13	 1.00	10.75	 1.29	325.43	284.72	292.75	264.98	 0.00	0	53.00
2012	8	31	2.159	6452.0898	243.0900	30.0900	 1.09	 0.06	201.32	 2.69	 2.87	 1.00	10.77	 1.18	325.96	282.50	290.48	265.08	288.71	0	53.02
2012	8	31	4.379	6452.1826	243.1825	30.1825	 1.38	 0.06	201.67	 1.62	 2.36	 1.00	10.78	 1.18	325.79	281.40	286.83	265.06	287.57	0	53.01
2012	8	31	6.138	6452.2559	243.2558	30.2558	 1.28	 0.07	198.88	 2.21	 2.27	 1.00	10.77	 1.23	325.78	280.81	285.48	265.02	288.49	0	53.00
2012	8	31	10.577	6452.4409	243.4407	30.4407	 1.38	 0.07	201.92	 2.01	10.99	 0.97	10.80	 1.29	325.04	277.15	284.10	264.57	284.69	0	52.91
2012	8	31	13.259	6452.5522	243.5525	30.5525	 1.34	 0.06	200.98	 1.86	 2.57	 1.00	10.77	 1.22	325.79	285.11	290.93	269.64	291.67	0	53.93
2012	8	31	14.574	6452.6074	243.6072	30.6072	 1.32	 0.06	201.68	 1.78	 1.54	 1.00	10.77	 1.19	324.06	290.81	296.86	273.49	297.51	0	54.70
2012	8	31	15.011	6452.6255	243.6255	30.6255	 0.82	 0.18	238.27	16.88	266.43	 0.97	10.73	 1.16	322.36	292.60	298.87	274.69	298.80	0	54.94
2012	8	31	16.350	6452.6812	243.6813	30.6813	 1.55	 0.08	200.85	 1.81	 0.82	 1.00	10.72	 1.10	320.35	296.04	306.17	283.40	 0.00	0	56.68
2012	8	31	18.131	6452.7554	243.7555	30.7555	 1.62	 0.15	200.16	 3.03	 4.96	 1.00	10.72	 1.03	324.34	298.60	309.90	280.91	302.84	0	56.18
2012	8	31	20.348	6452.8477	243.8478	30.8478	 2.04	 0.14	207.42	 1.74	 6.73	 0.99	10.72	 1.26	324.38	295.63	308.60	273.45	304.95	0	54.69
# Unit 3, Cerro Chajnantor CCAT, Filter  0,  Slot 1, 350 um (616) & yellow
#				days
#				since		day of	day of
# yr	mo	dy	 time	1/1/1995	year	month	Tau	unc	Tatm	unc	mse	fitgood	Etime	R	Thot	Twarm	Tchop	Tamb	<Tint>	Filter	Toff
# 1	2	3	4	5		6	7	8	9	10	11	12	13	14	15	16	17	18	19	20	21	22
