# K270_frequency_spectrum_preliminary.txt
#
# Keck Array 270 GHz band frequency spectrum
#   Column 1 = frequency in GHz
#   Column 2 = response to a source with Rayleigh-Jean spectrum
#
# This file was generated 20170706 using data taken from Jan 2017
2.005438e+02,-4.746862e-03
2.011608e+02,-4.319747e-03
2.017779e+02,-3.918222e-03
2.023949e+02,-3.600716e-03
2.030120e+02,-3.423078e-03
2.036290e+02,-3.215342e-03
2.042461e+02,-2.551119e-03
2.048632e+02,-2.185141e-03
2.054802e+02,-3.319847e-03
2.060973e+02,-5.816514e-03
2.067143e+02,-7.780267e-03
2.073314e+02,-7.418996e-03
2.079485e+02,-5.779100e-03
2.085655e+02,-5.057019e-03
2.091826e+02,-5.266812e-03
2.097996e+02,-5.126273e-03
2.104167e+02,-4.181409e-03
2.110337e+02,-3.872963e-03
2.116508e+02,-5.993528e-03
2.122679e+02,-9.311835e-03
2.128849e+02,-1.132678e-02
2.135020e+02,-1.211852e-02
2.141190e+02,-1.197766e-02
2.147361e+02,-1.029387e-02
2.153531e+02,-8.054832e-03
2.159702e+02,-5.911369e-03
2.165873e+02,-3.373497e-03
2.172043e+02,-1.558593e-03
2.178214e+02,-2.334086e-03
2.184384e+02,-5.547603e-03
2.190555e+02,-9.410518e-03
2.196725e+02,-1.215512e-02
2.202896e+02,-1.272421e-02
2.209067e+02,-1.130952e-02
2.215237e+02,-8.408532e-03
2.221408e+02,-3.554663e-03
2.227578e+02,3.094195e-03
2.233749e+02,9.195966e-03
2.239920e+02,1.167262e-02
2.246090e+02,9.419777e-03
2.252261e+02,4.353531e-03
2.258431e+02,2.584680e-05
2.264602e+02,-9.013125e-04
2.270772e+02,1.231188e-03
2.276943e+02,5.382911e-03
2.283114e+02,1.272694e-02
2.289284e+02,2.278764e-02
2.295455e+02,3.082366e-02
2.301625e+02,3.342956e-02
2.307796e+02,3.186731e-02
2.313966e+02,2.897218e-02
2.320137e+02,2.744183e-02
2.326308e+02,2.978313e-02
2.332478e+02,3.884759e-02
2.338649e+02,5.808121e-02
2.344819e+02,8.818667e-02
2.350990e+02,1.229939e-01
2.357160e+02,1.517621e-01
2.363331e+02,1.677358e-01
2.369502e+02,1.713307e-01
2.375672e+02,1.668091e-01
2.381843e+02,1.628254e-01
2.388013e+02,1.705994e-01
2.394184e+02,1.952270e-01
2.400355e+02,2.357538e-01
2.406525e+02,2.900041e-01
2.412696e+02,3.488627e-01
2.418866e+02,3.948102e-01
2.425037e+02,4.121299e-01
2.431207e+02,3.936816e-01
2.437378e+02,3.488675e-01
2.443549e+02,3.076731e-01
2.449719e+02,2.963899e-01
2.455890e+02,3.148587e-01
2.462060e+02,3.555007e-01
2.468231e+02,4.232180e-01
2.474401e+02,5.145101e-01
2.480572e+02,5.978808e-01
2.486743e+02,6.378466e-01
2.492913e+02,6.294900e-01
2.499084e+02,6.014405e-01
2.505254e+02,5.877720e-01
2.511425e+02,5.929685e-01
2.517595e+02,5.967124e-01
2.523766e+02,6.002304e-01
2.529937e+02,6.304835e-01
2.536107e+02,6.856114e-01
2.542278e+02,7.259991e-01
2.548448e+02,7.334006e-01
2.554619e+02,7.299990e-01
2.560790e+02,7.339355e-01
2.566960e+02,7.344602e-01
2.573131e+02,7.109591e-01
2.579301e+02,6.642802e-01
2.585472e+02,6.270821e-01
2.591642e+02,6.279162e-01
2.597813e+02,6.532542e-01
2.603984e+02,6.742225e-01
2.610154e+02,6.937740e-01
2.616325e+02,7.296686e-01
2.622495e+02,7.722654e-01
2.628666e+02,7.963752e-01
2.634836e+02,7.934227e-01
2.641007e+02,7.733288e-01
2.647178e+02,7.546964e-01
2.653348e+02,7.496825e-01
2.659519e+02,7.518863e-01
2.665689e+02,7.555690e-01
2.671860e+02,7.710768e-01
2.678030e+02,8.004232e-01
2.684201e+02,8.264076e-01
2.690372e+02,8.388597e-01
2.696542e+02,8.390213e-01
2.702713e+02,8.243341e-01
2.708883e+02,8.032173e-01
2.715054e+02,8.006060e-01
2.721225e+02,8.241611e-01
2.727395e+02,8.576912e-01
2.733566e+02,8.880702e-01
2.739736e+02,9.098155e-01
2.745907e+02,9.205864e-01
2.752077e+02,9.209092e-01
2.758248e+02,9.044916e-01
2.764419e+02,8.681189e-01
2.770589e+02,8.362544e-01
2.776760e+02,8.395221e-01
2.782930e+02,8.684368e-01
2.789101e+02,8.887659e-01
2.795271e+02,8.960371e-01
2.801442e+02,9.138035e-01
2.807613e+02,9.476164e-01
2.813783e+02,9.720910e-01
2.819954e+02,9.604584e-01
2.826124e+02,9.201394e-01
2.832295e+02,8.917099e-01
2.838465e+02,8.960244e-01
2.844636e+02,9.060072e-01
2.850807e+02,9.004254e-01
2.856977e+02,9.042191e-01
2.863148e+02,9.404069e-01
2.869318e+02,9.850302e-01
2.875489e+02,1
2.881660e+02,9.792587e-01
2.887830e+02,9.467980e-01
2.894001e+02,9.263384e-01
2.900171e+02,9.156295e-01
2.906342e+02,8.958529e-01
2.912512e+02,8.709099e-01
2.918683e+02,8.680509e-01
2.924854e+02,8.912273e-01
2.931024e+02,9.124182e-01
2.937195e+02,9.141004e-01
2.943365e+02,9.031441e-01
2.949536e+02,8.875169e-01
2.955706e+02,8.692174e-01
2.961877e+02,8.483878e-01
2.968048e+02,8.212635e-01
2.974218e+02,7.886443e-01
2.980389e+02,7.595432e-01
2.986559e+02,7.346963e-01
2.992730e+02,7.064186e-01
2.998901e+02,6.742778e-01
3.005071e+02,6.394841e-01
3.011242e+02,5.991871e-01
3.017412e+02,5.575741e-01
3.023583e+02,5.207996e-01
3.029753e+02,4.844604e-01
3.035924e+02,4.444635e-01
3.042095e+02,4.073367e-01
3.048265e+02,3.793247e-01
3.054436e+02,3.574697e-01
3.060606e+02,3.343893e-01
3.066777e+02,3.051559e-01
3.072947e+02,2.707885e-01
3.079118e+02,2.371901e-01
3.085289e+02,2.079777e-01
3.091459e+02,1.810404e-01
3.097630e+02,1.554011e-01
3.103800e+02,1.347956e-01
3.109971e+02,1.211224e-01
3.116141e+02,1.113358e-01
3.122312e+02,1.018974e-01
3.128483e+02,9.158695e-02
3.134653e+02,8.121516e-02
3.140824e+02,7.235425e-02
3.146994e+02,6.562913e-02
3.153165e+02,6.029184e-02
3.159336e+02,5.570094e-02
3.165506e+02,5.215284e-02
3.171677e+02,4.983011e-02
3.177847e+02,4.818761e-02
3.184018e+02,4.645339e-02
3.190188e+02,4.443678e-02
3.196359e+02,4.263553e-02
3.202530e+02,4.106282e-02
3.208700e+02,3.913816e-02
3.214871e+02,3.727931e-02
3.221041e+02,3.624679e-02
3.227212e+02,3.549607e-02
3.233382e+02,3.454643e-02
3.239553e+02,3.378701e-02
3.245724e+02,3.319222e-02
3.251894e+02,3.221429e-02
3.258065e+02,3.078674e-02
3.264235e+02,2.943589e-02
3.270406e+02,2.811946e-02
3.276576e+02,2.653374e-02
3.282747e+02,2.476358e-02
3.288918e+02,2.304902e-02
3.295088e+02,2.209521e-02
3.301259e+02,2.188275e-02
3.307429e+02,2.188585e-02
3.313600e+02,2.198201e-02
3.319771e+02,2.124974e-02
3.325941e+02,1.931542e-02
3.332112e+02,1.738873e-02
3.338282e+02,1.614636e-02
3.344453e+02,1.532252e-02
3.350623e+02,1.478804e-02
3.356794e+02,1.423603e-02
3.362965e+02,1.345577e-02
3.369135e+02,1.306676e-02
3.375306e+02,1.316879e-02
3.381476e+02,1.288043e-02
3.387647e+02,1.197974e-02
3.393817e+02,1.121830e-02
3.399988e+02,1.112489e-02
3.406159e+02,1.123760e-02
3.412329e+02,1.095696e-02
3.418500e+02,1.040364e-02
3.424670e+02,1.022078e-02
3.430841e+02,1.055489e-02
3.437011e+02,1.059905e-02
3.443182e+02,1.005390e-02
3.449353e+02,9.340477e-03
3.455523e+02,8.804843e-03
3.461694e+02,8.863883e-03
3.467864e+02,9.429357e-03
3.474035e+02,9.596268e-03
3.480206e+02,9.194386e-03
3.486376e+02,8.896247e-03
3.492547e+02,8.788324e-03
3.498717e+02,8.665790e-03
