2000	12	1	0.137	2161.0056	335.0057	0.0057	 1.92	 0.08	212.02	 1.14	 8.11	 0.90	10.63	 1.47	331.72	307.45	312.31	294.26	315.48	0	58.85
2000	12	1	0.355	2161.0149	335.0148	0.0148	 2.16	 0.12	212.00	 1.29	 3.54	 0.99	10.62	 1.42	331.75	307.32	313.13	293.88	314.83	0	58.78
2000	12	1	0.573	2161.0239	335.0239	0.0239	 2.09	 0.11	210.11	 1.26	 3.56	 0.99	10.62	 1.37	331.67	307.14	312.26	293.55	314.95	0	58.71
2000	12	1	0.792	2161.0330	335.0330	0.0330	 1.84	 0.06	210.69	 0.99	 3.55	 0.97	10.65	 1.47	331.76	306.89	313.08	292.25	315.03	0	58.45
2000	12	1	1.010	2161.0420	335.0421	0.0421	 1.81	 0.07	207.94	 1.07	10.84	 0.78	10.65	 1.42	331.76	306.59	313.34	291.73	315.11	0	58.35
2000	12	1	1.229	2161.0513	335.0512	0.0512	 1.68	 0.06	213.66	 1.09	 4.56	 0.96	10.68	 1.49	331.68	306.31	314.43	292.83	315.87	0	58.57
2000	12	1	1.666	2161.0693	335.0694	0.0694	 1.56	 0.06	211.53	 1.48	 2.01	 1.00	10.63	 1.40	331.69	305.62	314.46	290.72	315.09	0	58.14
2000	12	1	1.885	2161.0786	335.0786	0.0785	 1.55	 0.07	210.67	 1.71	 3.34	 1.00	10.60	 1.32	331.73	305.22	313.72	290.99	314.98	0	58.20
2000	12	1	2.103	2161.0876	335.0876	0.0876	 1.87	 0.08	211.67	 1.27	 3.73	 0.99	10.68	 1.44	331.73	304.84	313.24	291.40	314.87	0	58.28
2000	12	1	2.323	2161.0967	335.0968	0.0968	 1.89	 0.07	210.34	 1.06	 7.86	 0.88	10.65	 1.48	331.62	304.44	313.12	291.10	315.44	0	58.22
2000	12	1	2.541	2161.1060	335.1059	0.1059	 1.67	 0.06	208.59	 1.11	 2.28	 0.99	10.57	 1.38	331.62	304.01	313.82	291.76	314.69	0	58.35
2000	12	1	2.761	2161.1150	335.1150	0.1150	 1.98	 0.07	211.40	 0.97	 9.52	 0.78	10.62	 1.43	331.64	303.58	314.30	290.70	315.06	0	58.14
2000	12	1	2.978	2161.1240	335.1241	0.1241	 2.39	 0.08	210.05	 0.69	 9.05	 0.54	10.63	 1.44	331.56	303.16	312.78	290.38	314.37	0	58.08
2000	12	1	3.196	2161.1331	335.1332	0.1332	 3.83	 0.62	211.70	 1.11	 3.96	 0.99	10.62	 1.39	331.71	302.69	313.87	285.67	314.09	0	57.13
2000	12	1	3.415	2161.1423	335.1423	0.1423	 2.50	 0.12	211.64	 0.87	 3.29	 0.97	10.72	 1.50	331.65	302.07	312.64	279.32	313.72	0	55.86
2000	12	1	3.635	2161.1514	335.1515	0.1515	 1.50	 0.06	209.33	 1.56	 1.20	 1.00	10.70	 1.47	331.62	301.46	312.60	276.93	313.24	0	55.39
2000	12	1	3.854	2161.1606	335.1606	0.1606	 1.21	 0.03	212.28	 1.27	 1.64	 0.99	10.60	 1.52	331.47	300.81	312.15	275.54	312.74	0	55.11
2000	12	1	4.073	2161.1697	335.1697	0.1697	 1.20	 0.04	210.33	 1.41	 2.80	 0.99	10.60	 1.44	331.58	300.19	311.16	274.29	312.18	0	54.86
2000	12	1	4.292	2161.1787	335.1788	0.1788	 1.06	 0.03	212.13	 1.45	 1.87	 0.99	10.70	 1.46	331.51	299.55	310.36	273.44	311.61	0	54.69
2000	12	1	4.512	2161.1880	335.1880	0.1880	 1.12	 0.03	211.14	 1.26	 0.95	 1.00	10.68	 1.48	331.57	298.97	309.98	273.21	311.03	0	54.64
2000	12	1	4.951	2161.2063	335.2063	0.2063	 1.21	 0.23	206.09	 8.91	30.50	 1.00	10.65	 1.56	331.48	297.96	309.18	273.30	309.97	0	54.66
2000	12	1	5.172	2161.2156	335.2155	0.2155	 1.16	 0.32	212.09	13.99	 1.12	 1.00	10.72	 1.55	331.60	297.51	308.29	273.22	309.48	0	54.64
2000	12	1	5.830	2161.2429	335.2429	0.2429	 1.23	 0.09	211.15	 3.49	 3.48	 1.00	10.73	 1.60	331.46	296.40	307.11	272.65	308.14	0	54.53
2000	12	1	6.050	2161.2522	335.2521	0.2521	 1.08	 0.03	210.96	 1.58	 1.49	 1.00	10.70	 1.52	331.57	296.08	305.42	272.55	307.73	0	54.51
2000	12	1	6.270	2161.2612	335.2612	0.2612	 1.06	 0.03	211.69	 1.31	 1.02	 1.00	10.65	 1.54	331.39	295.79	304.51	272.70	307.36	0	54.54
2000	12	1	6.490	2161.2705	335.2704	0.2704	 1.06	 0.03	211.43	 1.77	 0.74	 1.00	10.70	 1.57	331.40	295.51	304.95	272.80	306.99	0	54.56
2000	12	1	6.710	2161.2795	335.2796	0.2796	 1.10	 0.02	214.24	 1.20	 0.62	 1.00	10.63	 1.66	331.49	295.24	305.71	272.61	306.66	0	54.52
# Unit 4, CSO, Filter  0,  Slot 8, 350 um (712) & yellow
#				days
#				since		day of	day of
# yr	mo	dy	 time	1/1/1995	year	month	Tau	unc	Tatm	unc	mse	fitgood	Etime	R	Thot	Twarm	Tchop	Tamb	<Tint>	Filter	Toff
# 1	2	3	4	5		6	7	8	9	10	11	12	13	14	15	16	17	18	19	20	21	22
2000	12	1	6.935	2161.2891	335.2890	0.2890	 1.05	 0.03	212.06	 1.43	 1.31	 1.00	10.68	 1.57	331.45	294.99	303.69	272.45	306.27	0	54.49
2000	12	1	7.157	2161.2981	335.2982	0.2982	 1.02	 0.03	212.45	 1.57	 1.54	 1.00	10.67	 1.58	331.37	294.76	303.00	272.33	305.98	0	54.47
2000	12	1	7.819	2161.3257	335.3258	0.3258	 1.03	 0.03	212.82	 1.74	 1.90	 1.00	10.70	 1.60	331.54	294.12	303.08	272.03	305.07	0	54.41
2000	12	1	8.039	2161.3350	335.3349	0.3349	 0.99	 0.03	211.16	 1.74	 1.03	 1.00	10.63	 1.60	331.51	293.93	303.00	271.87	304.75	0	54.37
2000	12	1	8.259	2161.3440	335.3441	0.3441	 0.96	 0.02	213.01	 1.30	 0.21	 1.00	10.78	 1.62	331.52	293.74	301.67	271.77	304.55	0	54.35
2000	12	1	8.700	2161.3625	335.3625	0.3625	 1.07	 0.02	211.45	 1.21	 1.49	 0.99	10.72	 1.64	331.50	293.27	301.93	270.33	304.04	0	54.07
2000	12	1	8.920	2161.3716	335.3717	0.3717	 1.15	 0.15	209.81	 6.42	29.92	 1.00	10.68	 1.75	331.47	293.12	302.81	271.19	303.78	0	54.24
2000	12	1	9.363	2161.3901	335.3901	0.3901	 0.95	 0.03	212.99	 2.07	 2.81	 0.99	10.70	 1.58	331.47	292.82	301.03	271.17	303.38	0	54.23
2000	12	1	9.584	2161.3994	335.3994	0.3994	 1.03	 0.03	211.63	 1.75	 0.80	 1.00	10.80	 1.68	331.41	292.66	300.46	270.52	303.20	0	54.10
2000	12	1	9.806	2161.4087	335.4086	0.4086	 1.08	 0.03	213.08	 1.30	 1.03	 1.00	10.68	 1.71	331.40	292.47	300.74	269.72	301.77	0	53.94
2000	12	1	10.028	2161.4180	335.4178	0.4178	 1.16	 0.28	209.06	12.00	81.69	 1.00	10.73	 1.77	331.54	292.22	302.01	268.65	302.74	0	53.73
2000	12	1	10.470	2161.4363	335.4362	0.4363	 1.03	 0.25	205.72	13.26	72.55	 1.00	10.75	 1.60	331.48	291.78	300.75	268.41	302.21	0	53.68
2000	12	1	10.691	2161.4456	335.4455	0.4455	 1.02	 0.03	212.08	 1.57	 1.95	 0.99	10.70	 1.71	331.47	291.61	299.45	268.73	301.97	0	53.75
2000	12	1	11.134	2161.4639	335.4639	0.4639	 1.10	 0.03	211.17	 1.60	 2.89	 0.99	10.75	 1.69	331.37	291.36	299.01	269.00	301.58	0	53.80
2000	12	1	11.358	2161.4731	335.4732	0.4732	 1.00	 0.03	214.49	 1.77	 1.96	 1.00	10.75	 1.70	331.52	291.22	300.28	269.31	301.37	0	53.86
2000	12	1	11.580	2161.4824	335.4825	0.4825	 1.02	 0.02	212.85	 1.02	 1.52	 0.97	10.75	 1.71	331.46	291.16	299.10	270.55	301.23	0	54.11
2000	12	1	11.802	2161.4917	335.4917	0.4917	 1.05	 0.03	214.58	 1.45	 0.94	 1.00	10.73	 1.74	331.37	291.15	299.85	271.37	301.12	0	54.27
2000	12	1	12.024	2161.5010	335.5010	0.5010	 1.04	 0.03	212.11	 1.64	 0.87	 1.00	10.72	 1.67	331.42	291.15	297.79	271.52	301.06	0	54.30
2000	12	1	12.245	2161.5103	335.5102	0.5102	 1.11	 0.04	212.44	 1.66	 5.88	 0.96	10.70	 1.66	331.40	291.15	299.85	271.56	301.63	0	54.31
2000	12	1	12.466	2161.5195	335.5194	0.5194	 1.07	 0.04	213.39	 1.78	 0.39	 1.00	10.78	 1.65	331.42	291.14	298.89	271.46	301.64	0	54.29
2000	12	1	12.689	2161.5288	335.5287	0.5287	 1.22	 0.03	213.62	 1.17	 0.34	 1.00	10.73	 1.77	331.43	291.08	299.09	271.06	300.90	0	54.21
2000	12	1	12.911	2161.5378	335.5380	0.5380	 1.12	 0.03	213.84	 1.22	 1.17	 1.00	10.77	 1.69	331.52	291.01	298.71	270.44	301.47	0	54.09
2000	12	1	13.132	2161.5471	335.5471	0.5472	 1.16	 0.03	214.30	 1.50	 1.38	 1.00	10.68	 1.67	331.33	290.93	298.85	270.18	300.74	0	54.04
2000	12	1	13.353	2161.5564	335.5564	0.5564	 1.10	 0.03	213.05	 1.39	 1.23	 1.00	10.77	 1.64	331.40	290.86	297.39	270.04	301.31	0	54.01
2000	12	1	13.574	2161.5657	335.5656	0.5656	 1.17	 0.03	214.74	 1.42	 1.16	 1.00	10.75	 1.72	331.46	290.76	299.12	269.57	300.57	0	53.91
2000	12	1	13.798	2161.5750	335.5749	0.5749	 1.16	 0.03	211.49	 1.43	 0.80	 1.00	10.80	 1.63	331.35	290.67	297.51	269.19	300.45	0	53.84
2000	12	1	14.021	2161.5842	335.5842	0.5842	 1.20	 0.03	210.36	 1.14	 0.75	 1.00	10.73	 1.68	331.37	290.60	297.37	269.06	300.33	0	53.81
2000	12	1	14.250	2161.5937	335.5937	0.5937	 1.20	 0.04	212.54	 1.51	 0.91	 1.00	10.72	 1.69	331.40	290.53	296.67	268.84	300.22	0	53.77
2000	12	1	14.471	2161.6030	335.6030	0.6030	 1.21	 0.04	214.37	 1.62	 2.87	 0.99	10.72	 1.71	331.40	290.46	298.31	268.54	300.10	0	53.71
2000	12	1	14.693	2161.6123	335.6122	0.6122	 1.21	 0.04	212.36	 1.73	 1.29	 1.00	10.73	 1.68	331.49	290.38	297.78	268.69	299.97	0	53.74
2000	12	1	14.915	2161.6213	335.6215	0.6214	 1.16	 0.02	212.58	 0.95	 3.84	 0.85	10.83	 1.67	331.39	290.29	296.88	268.95	299.86	0	53.79
2000	12	1	15.138	2161.6309	335.6307	0.6308	 1.22	 0.03	215.78	 1.33	 0.88	 1.00	10.77	 1.72	331.44	290.20	298.53	269.16	299.76	0	53.83
2000	12	1	15.360	2161.6399	335.6400	0.6400	 1.19	 0.04	210.74	 1.58	 1.08	 1.00	10.80	 1.65	331.46	290.13	296.52	269.24	299.68	0	53.85
2000	12	1	15.582	2161.6492	335.6493	0.6493	 1.27	 0.04	213.40	 1.41	 1.50	 1.00	10.85	 1.72	331.36	290.07	297.67	269.60	299.61	0	53.92
2000	12	1	15.806	2161.6587	335.6586	0.6586	 1.26	 0.03	213.48	 1.21	 0.99	 1.00	10.73	 1.70	331.35	290.04	297.85	270.33	299.54	0	54.07
2000	12	1	16.030	2161.6680	335.6679	0.6679	 1.29	 0.04	213.27	 1.24	 1.72	 0.99	10.98	 1.81	331.35	290.01	296.81	270.64	299.52	0	54.13
2000	12	1	16.255	2161.6772	335.6773	0.6773	 1.23	 0.04	211.27	 1.35	 1.38	 1.00	10.78	 1.68	331.47	289.99	296.51	270.57	299.50	0	54.11
2000	12	1	16.477	2161.6865	335.6866	0.6865	 1.17	 0.03	213.49	 1.19	 0.28	 1.00	10.75	 1.65	331.33	290.01	297.16	271.39	300.11	0	54.28
2000	12	1	16.700	2161.6958	335.6958	0.6958	 1.23	 0.04	212.16	 1.56	 2.14	 1.00	10.77	 1.77	331.35	290.07	296.96	271.85	299.49	0	54.37
2000	12	1	16.923	2161.7051	335.7051	0.7051	 1.25	 0.04	212.92	 1.33	 5.30	 0.94	10.80	 1.76	331.46	290.12	297.96	271.98	299.52	0	54.40
2000	12	1	17.146	2161.7144	335.7144	0.7144	 1.03	 0.03	210.18	 1.80	 0.49	 1.00	10.78	 1.60	331.35	290.17	296.25	272.18	299.57	0	54.44
2000	12	1	17.369	2161.7236	335.7237	0.7237	 1.07	 0.04	211.60	 1.79	 1.97	 1.00	10.80	 1.73	331.30	290.24	297.34	272.42	300.23	0	54.48
2000	12	1	17.593	2161.7329	335.7330	0.7330	 0.92	 0.02	214.48	 1.55	 3.71	 0.95	10.83	 1.71	331.38	290.56	297.69	274.66	299.66	0	54.93
2000	12	1	17.816	2161.7424	335.7423	0.7423	 0.93	 0.02	211.67	 1.44	 1.32	 0.99	10.80	 1.73	331.41	291.51	297.88	278.07	299.85	0	55.61
2000	12	1	18.038	2161.7517	335.7516	0.7516	 0.89	 0.03	210.67	 2.06	 2.82	 0.99	10.73	 1.73	331.42	292.79	298.10	280.49	300.24	0	56.10
2000	12	1	18.263	2161.7610	335.7610	0.7609	 0.94	 0.03	212.93	 1.91	 2.13	 1.00	10.88	 1.82	331.47	293.99	299.21	280.91	300.69	0	56.18
2000	12	1	18.487	2161.7703	335.7703	0.7703	 0.85	 0.03	208.62	 2.13	 3.57	 0.98	10.85	 1.63	331.51	295.09	297.32	280.54	301.21	0	56.11
2000	12	1	18.711	2161.7795	335.7796	0.7796	 0.96	 0.02	212.96	 1.44	 2.81	 0.97	10.80	 1.82	331.51	296.15	300.55	281.18	301.74	0	56.24
2000	12	1	18.934	2161.7888	335.7889	0.7889	 0.92	 0.03	208.59	 2.27	 0.43	 1.00	10.82	 1.72	331.51	297.14	298.81	283.00	302.34	0	56.60
2000	12	1	19.157	2161.7983	335.7982	0.7982	 0.86	 0.03	210.51	 2.58	 0.88	 1.00	10.78	 1.65	331.56	297.93	300.03	283.55	302.77	0	56.71
2000	12	1	19.381	2161.8076	335.8076	0.8076	 0.96	 0.03	209.92	 1.67	 2.00	 0.99	10.83	 1.78	331.67	298.50	300.88	284.26	304.09	0	56.85
2000	12	1	19.606	2161.8169	335.8169	0.8169	 0.95	 0.03	209.09	 1.60	 0.78	 1.00	10.82	 1.70	331.55	299.25	300.41	285.11	303.93	0	57.02
2000	12	1	19.829	2161.8262	335.8262	0.8262	 0.96	 0.03	207.81	 1.84	 2.96	 0.99	10.85	 1.65	331.58	300.20	301.95	285.46	304.57	0	57.09
2000	12	1	20.054	2161.8357	335.8356	0.8356	 0.90	 0.02	209.02	 1.74	 5.26	 0.93	10.80	 1.67	331.63	301.05	302.63	285.96	305.06	0	57.19
2000	12	1	20.279	2161.8450	335.8449	0.8450	 0.83	 0.03	207.48	 2.62	 1.38	 1.00	10.92	 1.56	331.77	301.88	301.40	286.18	305.69	0	57.24
2000	12	1	20.505	2161.8542	335.8544	0.8544	 0.83	 0.03	209.58	 2.81	 3.50	 0.99	10.90	 1.57	331.77	302.56	302.26	285.91	306.35	0	57.18
2000	12	1	20.731	2161.8638	335.8638	0.8638	 1.01	 0.04	210.73	 2.03	 4.15	 0.99	10.90	 1.73	331.64	303.17	304.82	285.79	306.96	0	57.16
2000	12	1	20.957	2161.8733	335.8732	0.8732	 0.89	 0.04	207.31	 2.92	 4.92	 0.99	10.85	 1.60	331.73	303.76	303.09	285.34	305.82	0	57.07
2000	12	1	21.182	2161.8826	335.8826	0.8826	 0.92	 0.03	214.55	 2.16	 4.40	 0.98	10.95	 1.69	331.69	304.26	305.65	285.42	308.10	0	57.08
2000	12	1	21.408	2161.8921	335.8920	0.8920	 1.10	 0.05	211.07	 2.58	 3.13	 1.00	10.87	 1.69	331.63	304.66	306.06	284.94	308.64	0	56.99
2000	12	1	21.642	2161.9019	335.9017	0.9017	 1.13	 0.09	216.65	 4.12	 6.82	 1.00	10.90	 1.74	331.71	305.02	307.31	284.61	309.14	0	56.92
2000	12	1	21.869	2161.9111	335.9112	0.9112	 1.28	 0.08	212.50	 2.81	 4.76	 1.00	11.03	 1.70	331.65	305.32	308.05	284.57	309.61	0	56.91
2000	12	1	22.097	2161.9207	335.9207	0.9207	 1.27	 0.06	215.02	 2.34	 1.58	 1.00	11.08	 1.82	331.63	305.52	309.67	284.17	310.03	0	56.83
2000	12	1	22.326	2161.9302	335.9302	0.9302	 1.05	 0.05	212.93	 2.55	 8.73	 0.98	10.97	 1.53	331.70	305.75	307.40	284.08	311.17	0	56.82
2000	12	1	22.555	2161.9397	335.9398	0.9398	 1.11	 0.07	211.20	 3.48	 0.75	 1.00	11.03	 1.51	331.70	305.89	307.12	284.49	310.77	0	56.90
2000	12	1	23.244	2161.9685	335.9685	0.9685	 1.43	 0.13	208.52	 3.48	 1.10	 1.00	11.08	 1.42	331.76	306.00	308.22	284.43	311.68	0	56.89
2000	12	1	23.473	2161.9780	335.9780	0.9780	 1.37	 0.11	206.31	 3.34	 2.31	 1.00	10.95	 1.45	331.76	305.93	308.82	284.46	311.92	0	56.89
2000	12	1	23.702	2161.9875	335.9876	0.9876	 1.28	 0.09	208.00	 3.03	 9.29	 1.00	11.08	 1.35	331.68	305.83	311.01	284.98	312.14	0	57.00
2000	12	2	0.163	2162.0068	336.0068	1.0068	 1.59	 0.08	219.09	 1.78	 1.41	 1.00	11.28	 1.69	331.73	305.55	312.61	287.33	312.50	0	57.47
2000	12	2	0.631	2162.0264	336.0263	1.0263	 1.61	 0.08	217.48	 1.74	 4.92	 0.99	11.17	 1.76	331.68	305.14	312.50	286.70	312.77	0	57.34
2000	12	2	1.099	2162.0459	336.0458	1.0458	 1.05	 0.14	206.86	 7.16	 6.16	 1.00	11.25	 1.29	331.59	304.55	308.35	286.35	312.83	0	57.27
2000	12	2	1.332	2162.0554	336.0555	1.0555	 1.18	 0.18	214.54	 7.60	47.17	 1.00	11.15	 1.59	331.63	304.21	309.85	286.15	312.79	0	57.23
2000	12	2	1.567	2162.0652	336.0653	1.0653	 1.20	 0.08	210.47	 3.31	 7.30	 1.00	11.33	 1.49	331.67	303.81	310.68	286.16	312.76	0	57.23
2000	12	2	3.000	2162.1250	336.1250	1.1250	 1.33	 0.14	215.77	 4.69	20.60	 1.00	11.70	 1.72	331.53	300.85	310.82	280.50	311.50	0	56.10
2000	12	2	3.242	2162.1350	336.1351	1.1351	 0.92	 0.15	204.73	10.03	15.07	 1.00	11.58	 1.27	331.44	300.23	307.89	279.39	311.12	0	55.88
2000	12	2	3.484	2162.1453	336.1452	1.1452	 1.14	 0.11	206.63	 4.61	 7.72	 1.00	11.72	 1.44	331.41	299.53	308.96	274.23	310.61	0	54.85
2000	12	2	3.729	2162.1553	336.1554	1.1554	 1.27	 0.08	217.73	 2.77	 5.68	 1.00	11.80	 1.79	331.55	298.84	308.84	273.93	310.09	0	54.79
2000	12	2	4.712	2162.1963	336.1963	1.1963	 1.06	 0.39	211.08	20.05	226.96	 1.00	11.82	 1.56	331.46	296.52	311.11	272.91	308.02	0	54.58
2000	12	2	5.727	2162.2385	336.2386	1.2386	 0.72	 0.30	223.88	34.57	153.29	 1.00	12.12	 1.77	331.49	294.87	303.35	272.37	306.22	0	54.47
2000	12	2	6.501	2162.2708	336.2708	1.2709	 1.03	 0.09	210.72	 4.73	13.50	 1.00	12.40	 1.86	331.48	293.90	303.48	271.87	305.06	0	54.37
2000	12	2	6.759	2162.2817	336.2816	1.2816	 0.71	 0.08	215.54	 8.66	41.48	 0.98	12.53	 1.56	331.41	293.63	301.15	271.87	304.70	0	54.37
2000	12	2	7.021	2162.2925	336.2925	1.2925	 0.71	 0.10	215.42	11.42	 6.15	 1.00	12.58	 1.51	331.36	293.38	304.46	271.91	304.34	0	54.38
2000	12	2	7.819	2162.3259	336.3258	1.3258	 0.86	 0.12	208.00	 8.96	34.11	 1.00	12.87	 1.75	331.47	292.71	301.01	272.14	303.42	0	54.43
2000	12	2	8.352	2162.3479	336.3480	1.3480	 0.68	 0.17	201.50	19.17	38.95	 1.00	12.73	 1.42	331.47	292.38	302.71	272.26	303.06	0	54.45
2000	12	2	9.174	2162.3823	336.3822	1.3822	 0.89	 0.04	210.59	 3.11	 6.98	 0.99	13.25	 1.65	331.56	292.01	300.56	272.23	302.42	0	54.45
2000	12	2	9.448	2162.3938	336.3937	1.3937	 0.97	 0.20	210.21	12.56	61.77	 1.00	13.27	 1.66	331.47	291.91	300.18	271.79	302.26	0	54.36
2000	12	2	10.011	2162.4170	336.4171	1.4171	 1.08	 0.07	212.35	 3.63	 8.91	 1.00	13.40	 1.66	331.32	291.71	300.61	272.15	301.92	0	54.43
2000	12	2	10.292	2162.4290	336.4289	1.4289	 1.04	 0.09	215.60	 4.69	 8.24	 1.00	13.68	 1.66	331.43	291.66	297.81	272.48	302.38	0	54.50
2000	12	2	11.152	2162.4646	336.4647	1.4647	 1.25	 0.15	212.54	 5.65	 6.09	 1.00	13.70	 1.78	331.37	291.75	296.15	274.24	301.55	0	54.85
2000	12	2	11.437	2162.4766	336.4765	1.4765	 1.21	 0.17	207.77	 6.78	 7.89	 1.00	13.60	 1.63	331.45	291.81	294.64	274.41	301.53	0	54.88
2000	12	2	11.726	2162.4885	336.4886	1.4886	 1.16	 0.14	227.10	 6.61	73.65	 0.98	13.95	 1.71	331.39	291.85	305.50	274.39	302.17	0	54.88
2000	12	2	12.619	2162.5259	336.5258	1.5258	 1.21	 0.19	210.94	 7.59	11.80	 1.00	14.55	 1.63	331.48	291.95	297.79	274.23	301.46	0	54.85
2000	12	2	13.232	2162.5513	336.5513	1.5513	 0.95	 0.10	207.71	 6.51	 4.64	 1.00	14.83	 1.44	331.40	291.94	297.89	273.84	301.46	0	54.77
2000	12	2	13.860	2162.5774	336.5775	1.5775	 0.49	 0.09	225.05	20.04	68.05	 0.98	14.65	 1.17	331.44	291.87	289.24	273.80	301.41	0	54.76
2000	12	3	6.740	2163.2808	337.2808	2.2808	 2.52	 0.20	214.81	 1.47	 1.68	 1.00	10.37	 1.58	331.61	296.28	306.05	274.11	307.75	0	54.82
2000	12	3	6.952	2163.2898	337.2897	2.2897	 2.36	 0.10	218.10	 0.91	 1.57	 0.99	10.30	 1.67	331.51	296.03	306.21	274.03	307.44	0	54.81
2000	12	3	7.378	2163.3074	337.3074	2.3074	 2.41	 0.13	214.90	 1.05	 1.16	 1.00	10.37	 1.62	331.53	295.57	304.30	273.11	306.87	0	54.62
2000	12	3	7.591	2163.3164	337.3163	2.3163	 2.46	 0.11	217.98	 0.85	 1.95	 0.99	10.35	 1.73	331.53	295.34	305.02	272.54	306.57	0	54.51
2000	12	3	7.805	2163.3252	337.3252	2.3252	 2.40	 0.10	216.78	 0.85	 0.71	 1.00	10.37	 1.62	331.45	295.15	304.77	272.74	306.37	0	54.55
2000	12	3	8.018	2163.3340	337.3341	2.3341	 2.42	 0.12	216.91	 1.03	 0.54	 1.00	10.32	 1.67	331.36	295.06	304.94	273.02	305.98	0	54.60
2000	12	3	8.231	2163.3430	337.3429	2.3429	 2.34	 0.11	215.87	 1.03	 1.23	 1.00	10.33	 1.64	331.44	294.76	303.59	272.33	306.33	0	54.47
2000	12	3	8.443	2163.3518	337.3518	2.3518	 2.23	 0.14	214.88	 1.45	 1.62	 1.00	10.35	 1.59	331.45	294.55	302.56	271.66	305.46	0	54.33
2000	12	3	8.655	2163.3606	337.3606	2.3606	 2.51	 0.11	220.35	 0.84	 1.64	 0.99	10.33	 1.75	331.51	294.18	304.64	270.89	305.18	0	54.18
2000	12	3	8.868	2163.3694	337.3695	2.3695	 2.31	 0.79	214.02	 7.23	57.16	 1.00	10.25	 1.66	331.49	294.21	303.55	270.79	305.47	0	54.16
2000	12	3	9.080	2163.3784	337.3784	2.3783	 2.39	 0.09	216.63	 0.74	 0.52	 1.00	10.37	 1.65	331.51	293.99	303.59	270.90	304.70	0	54.18
2000	12	3	9.293	2163.3872	337.3872	2.3872	 1.87	 0.60	225.41	 9.87	77.16	 1.00	10.38	 1.69	331.46	293.97	302.28	270.95	304.35	0	54.19
2000	12	3	9.507	2163.3960	337.3961	2.3961	 2.21	 0.14	217.87	 1.43	 2.10	 1.00	10.40	 1.73	331.40	293.69	302.72	271.51	304.19	0	54.30
2000	12	3	9.721	2163.4050	337.4050	2.4050	 1.69	 0.70	222.78	14.41	172.98	 1.00	10.35	 1.54	331.51	293.55	301.76	272.26	304.02	0	54.45
2000	12	3	9.934	2163.4138	337.4139	2.4139	 2.57	 0.87	211.37	 5.85	40.17	 1.00	10.35	 1.61	331.41	293.42	301.89	271.77	304.37	0	54.35
2000	12	3	10.147	2163.4229	337.4228	2.4228	 2.02	 0.97	222.80	13.26	93.53	 1.00	10.27	 1.66	331.44	293.30	301.28	271.63	303.61	0	54.33
2000	12	3	10.359	2163.4316	337.4316	2.4316	 2.38	 0.10	216.58	 0.86	 2.28	 0.98	10.28	 1.70	331.45	293.31	302.40	272.13	303.39	0	54.43
2000	12	3	10.571	2163.4404	337.4405	2.4405	 2.31	 0.11	216.65	 1.07	 0.97	 1.00	10.35	 1.71	331.43	293.20	301.44	271.57	303.31	0	54.31
2000	12	3	10.784	2163.4492	337.4493	2.4493	 2.23	 0.12	216.50	 1.18	 1.84	 1.00	10.37	 1.72	331.44	293.06	301.86	270.81	303.21	0	54.16
2000	12	3	10.997	2163.4583	337.4582	2.4582	 2.14	 0.08	216.30	 0.89	 0.39	 1.00	10.32	 1.69	331.44	293.14	300.86	270.70	303.08	0	54.14
2000	12	3	11.209	2163.4670	337.4670	2.4670	 2.19	 0.08	216.78	 0.85	 1.21	 1.00	10.37	 1.65	331.44	292.77	301.49	270.24	302.93	0	54.05
2000	12	3	11.422	2163.4758	337.4759	2.4759	 2.22	 0.09	215.03	 0.91	 0.74	 1.00	10.30	 1.65	331.51	292.68	301.48	269.94	302.71	0	53.99
2000	12	3	11.634	2163.4849	337.4848	2.4848	 1.92	 0.07	211.75	 0.99	 3.23	 0.98	10.35	 1.56	331.51	292.40	298.59	269.41	302.49	0	53.88
2000	12	3	11.846	2163.4937	337.4936	2.4936	 2.01	 0.06	215.81	 0.78	 1.05	 0.99	10.32	 1.70	331.44	292.22	299.61	269.41	302.30	0	53.88
2000	12	3	12.058	2163.5024	337.5024	2.5024	22.25	410811697.49	211.82	 7.17	16.07	 1.00	10.32	 1.62	331.41	292.16	300.31	269.18	302.71	0	53.84
2000	12	3	12.270	2163.5112	337.5113	2.5113	 2.12	 0.40	218.69	 4.67	10.70	 1.00	10.23	 1.70	331.45	291.90	300.91	268.99	304.41	0	53.80
2000	12	3	12.482	2163.5200	337.5201	2.5201	 2.03	 0.06	216.71	 0.81	 2.20	 0.98	10.38	 1.70	331.48	291.73	300.63	268.83	301.78	0	53.77
2000	12	3	12.694	2163.5288	337.5289	2.5289	 2.01	 0.08	217.47	 1.01	 1.30	 1.00	10.32	 1.69	331.50	291.68	300.12	268.83	302.24	0	53.77
2000	12	3	12.906	2163.5378	337.5377	2.5377	 2.26	 0.07	215.26	 0.66	 1.08	 0.99	10.33	 1.69	331.33	291.54	298.80	268.81	301.45	0	53.76
2000	12	3	13.118	2163.5466	337.5466	2.5466	 2.17	 0.09	222.45	 1.05	 1.87	 1.00	10.33	 1.81	331.44	291.33	302.71	268.89	301.29	0	53.78
2000	12	3	13.330	2163.5554	337.5554	2.5554	 2.19	 0.09	216.56	 0.98	 2.17	 0.99	10.33	 1.66	331.48	291.22	299.02	269.04	301.82	0	53.81
2000	12	3	13.543	2163.5642	337.5643	2.5643	 2.14	 0.09	217.23	 1.05	 1.34	 1.00	10.38	 1.69	331.47	291.23	299.07	269.24	301.06	0	53.85
2000	12	3	13.762	2163.5735	337.5734	2.5734	 2.18	 0.07	215.99	 0.79	 1.36	 0.99	10.37	 1.72	331.51	291.15	298.89	269.29	301.57	0	53.86
2000	12	3	13.976	2163.5823	337.5823	2.5823	 2.17	 0.10	219.23	 1.10	 1.98	 1.00	10.38	 1.80	331.35	291.05	299.94	269.26	300.87	0	53.85
2000	12	3	14.190	2163.5913	337.5912	2.5912	 2.18	 0.05	218.09	 0.60	 2.33	 0.91	10.32	 1.76	331.50	290.96	298.74	269.00	300.74	0	53.80
2000	12	3	14.402	2163.6001	337.6001	2.6001	 2.22	 0.10	219.70	 1.06	 1.61	 1.00	10.27	 1.78	331.41	291.04	300.10	268.65	299.28	0	53.73
2000	12	3	14.614	2163.6089	337.6089	2.6089	 1.97	 0.07	215.83	 0.97	 1.14	 1.00	10.32	 1.69	331.43	290.83	298.27	268.84	300.48	0	53.77
2000	12	3	14.826	2163.6177	337.6177	2.6177	 2.01	 0.08	217.64	 1.02	 1.32	 1.00	10.30	 1.73	331.41	290.88	298.14	268.94	300.42	0	53.79
2000	12	3	15.038	2163.6265	337.6266	2.6266	 2.18	 0.08	216.56	 0.82	 1.02	 1.00	10.30	 1.71	331.33	290.64	297.74	268.97	300.96	0	53.79
2000	12	3	15.250	2163.6355	337.6354	2.6354	 2.22	 0.10	219.44	 1.06	 0.85	 1.00	10.33	 1.79	331.46	290.58	298.43	269.00	300.25	0	53.80
2000	12	3	15.463	2163.6443	337.6443	2.6443	 2.19	 0.11	216.85	 1.21	 1.91	 1.00	10.33	 1.75	331.40	290.48	297.80	268.80	300.16	0	53.76
2000	12	3	15.674	2163.6531	337.6531	2.6531	 1.97	 0.07	214.18	 0.97	 2.48	 0.99	10.33	 1.62	331.42	290.40	297.47	268.58	300.06	0	53.72
2000	12	3	15.886	2163.6619	337.6619	2.6619	 2.19	 0.11	217.07	 1.17	 0.91	 1.00	10.30	 1.71	331.46	290.29	297.39	268.57	299.96	0	53.71
2000	12	3	16.098	2163.6707	337.6708	2.6708	 2.08	 0.08	217.23	 1.00	 3.31	 0.98	10.33	 1.67	331.43	290.30	298.09	268.69	299.87	0	53.74
2000	12	3	16.312	2163.6797	337.6797	2.6797	 2.23	 0.08	219.05	 0.79	 1.11	 1.00	10.37	 1.77	331.31	290.25	298.02	268.59	299.78	0	53.72
2000	12	3	16.526	2163.6885	337.6886	2.6886	 2.37	 0.14	218.28	 1.19	 0.44	 1.00	10.38	 1.73	331.44	290.16	297.78	268.38	300.33	0	53.68
2000	12	3	16.738	2163.6975	337.6974	2.6974	 2.26	 0.13	219.44	 1.25	 3.50	 0.99	10.33	 1.71	331.33	290.08	297.70	268.41	299.62	0	53.68
2000	12	3	16.952	2163.7063	337.7063	2.7063	 2.49	 0.16	216.99	 1.21	 1.41	 1.00	10.32	 1.72	331.42	290.06	297.54	269.16	299.54	0	53.83
2000	12	3	17.165	2163.7151	337.7152	2.7152	 2.51	 0.11	216.57	 0.80	 3.14	 0.96	10.30	 1.71	331.43	290.21	297.98	270.04	299.51	0	54.01
2000	12	3	17.376	2163.7239	337.7240	2.7240	 2.21	 0.12	215.78	 1.25	 0.74	 1.00	10.30	 1.68	331.42	290.14	295.72	270.62	299.51	0	54.12
2000	12	3	17.589	2163.7329	337.7328	2.7329	 2.41	 0.11	218.65	 0.91	 1.81	 0.99	10.38	 1.78	331.35	290.54	297.79	275.21	298.21	0	55.04
2000	12	3	17.801	2163.7417	337.7417	2.7417	 2.52	 0.14	215.06	 0.99	 2.38	 0.99	10.33	 1.68	331.46	291.38	295.74	277.84	299.67	0	55.57
2000	12	3	18.014	2163.7505	337.7506	2.7506	 2.58	 0.14	217.12	 0.95	 4.16	 0.97	10.38	 1.75	331.63	292.58	297.26	281.95	300.04	0	56.39
2000	12	3	18.227	2163.7595	337.7594	2.7594	 2.52	 0.12	216.18	 0.85	 1.50	 0.99	10.33	 1.73	331.65	293.89	297.66	283.62	301.37	0	56.72
2000	12	3	18.439	2163.7683	337.7683	2.7683	 2.64	 0.13	217.64	 0.83	 4.73	 0.92	10.23	 1.76	331.64	295.08	299.45	284.26	301.92	0	56.85
2000	12	3	18.652	2163.7771	337.7772	2.7772	 2.63	 0.12	217.98	 0.77	 0.97	 1.00	10.38	 1.84	331.63	296.26	299.54	285.42	301.65	0	57.08
2000	12	3	18.864	2163.7859	337.7860	2.7860	 2.34	 0.08	213.21	 0.74	 3.42	 0.93	10.30	 1.66	331.73	297.40	298.83	287.61	302.26	0	57.52
2000	12	3	19.076	2163.7949	337.7948	2.7948	 2.47	 0.12	216.67	 0.90	 1.36	 1.00	10.28	 1.78	331.63	298.40	300.65	289.93	303.71	0	57.99
2000	12	3	19.287	2163.8037	337.8036	2.8036	 2.53	 0.15	213.87	 1.08	 0.82	 1.00	10.28	 1.72	331.59	299.11	299.66	291.67	303.60	0	58.33
2000	12	3	19.499	2163.8125	337.8124	2.8124	 2.65	 0.14	215.08	 0.90	 0.37	 1.00	10.28	 1.76	331.75	299.86	301.49	290.49	304.27	0	58.10
2000	12	3	19.711	2163.8213	337.8213	2.8213	 2.59	 0.12	215.91	 0.84	 1.62	 0.99	10.35	 1.69	331.70	300.87	301.90	292.16	304.87	0	58.43
2000	12	3	19.925	2163.8301	337.8302	2.8302	 2.59	 0.12	215.21	 0.79	 1.41	 0.99	10.35	 1.72	331.62	301.91	302.01	294.05	305.66	0	58.81
2000	12	3	20.138	2163.8391	337.8391	2.8391	 2.47	 0.12	213.09	 0.94	 0.89	 1.00	10.33	 1.68	331.75	302.88	301.78	294.48	306.42	0	58.90
2000	12	3	20.351	2163.8479	337.8479	2.8479	 2.50	 0.14	211.82	 1.05	 1.35	 1.00	10.38	 1.61	331.70	303.71	302.90	296.24	308.19	0	59.25
2000	12	3	20.563	2163.8567	337.8568	2.8568	 2.70	 0.11	216.76	 0.65	 0.88	 0.99	10.27	 1.77	331.72	304.50	305.92	296.69	307.95	0	59.34
2000	12	3	20.780	2163.8657	337.8658	2.8658	 2.55	 0.18	212.08	 1.24	 2.21	 1.00	10.32	 1.57	331.72	305.30	304.91	297.24	308.70	0	59.45
2000	12	3	20.994	2163.8748	337.8747	2.8747	 2.67	 0.15	216.13	 0.95	 1.42	 1.00	10.35	 1.74	331.78	305.95	306.87	297.61	309.44	0	59.52
2000	12	3	21.205	2163.8835	337.8835	2.8836	 2.38	 0.12	209.84	 1.00	 1.01	 1.00	10.28	 1.49	331.76	306.57	305.21	298.38	310.13	0	59.68
2000	12	3	21.417	2163.8923	337.8924	2.8924	 2.45	 0.14	214.24	 1.11	 1.47	 1.00	10.33	 1.58	331.74	307.15	307.80	299.06	310.81	0	59.81
2000	12	3	21.629	2163.9011	337.9012	2.9012	 2.32	 0.16	216.07	 1.44	 2.41	 1.00	10.35	 1.63	331.80	307.66	308.74	298.91	311.48	0	59.78
2000	12	3	21.841	2163.9099	337.9100	2.9100	 2.44	 0.12	215.70	 0.98	 0.71	 1.00	10.28	 1.62	331.84	308.14	309.59	298.77	312.13	0	59.75
2000	12	3	22.052	2163.9189	337.9189	2.9188	 2.51	 0.19	208.50	 1.37	 0.51	 1.00	10.33	 1.46	331.73	308.57	307.36	299.52	312.75	0	59.90
2000	12	3	22.265	2163.9277	337.9277	2.9277	 2.30	 0.20	212.73	 1.84	 1.53	 1.00	10.32	 1.50	331.74	308.87	309.46	298.32	313.33	0	59.66
2000	12	3	22.476	2163.9365	337.9365	2.9365	 2.31	 0.17	215.00	 1.58	 1.19	 1.00	10.32	 1.58	331.84	309.07	310.45	296.55	313.89	0	59.31
2000	12	3	22.687	2163.9453	337.9453	2.9453	 2.16	 0.19	216.67	 2.16	 3.28	 1.00	10.25	 1.57	331.87	309.23	312.06	295.99	314.38	0	59.20
2000	12	3	22.898	2163.9541	337.9541	2.9541	 2.30	 0.27	215.59	 2.51	 5.33	 1.00	10.30	 1.45	331.87	309.35	312.12	295.04	314.83	0	59.01
2000	12	3	23.109	2163.9629	337.9629	2.9629	 2.18	 0.12	217.44	 1.30	 4.00	 0.99	10.27	 1.59	331.77	309.43	311.88	295.30	313.29	0	59.06
2000	12	3	23.320	2163.9717	337.9716	2.9717	 2.38	 0.13	217.07	 1.11	 0.35	 1.00	10.30	 1.54	331.75	309.47	313.79	297.03	315.43	0	59.41
2000	12	3	23.531	2163.9805	337.9805	2.9805	 2.31	 0.13	213.95	 1.19	 1.65	 1.00	10.32	 1.41	331.87	309.50	313.36	298.14	316.56	0	59.63
2000	12	3	23.742	2163.9893	337.9893	2.9893	 2.88	 0.22	210.84	 1.06	 1.93	 1.00	10.28	 1.34	331.76	309.47	313.13	297.68	316.09	0	59.54
2000	12	3	23.954	2163.9980	337.9981	2.9981	 2.44	 0.18	211.66	 1.45	 2.46	 1.00	10.28	 1.37	331.85	309.39	312.75	297.41	316.38	0	59.48
2000	12	4	0.165	2164.0068	338.0069	3.0069	 2.30	 0.10	217.86	 0.94	 1.02	 1.00	10.33	 1.49	331.83	309.29	314.14	297.24	317.34	0	59.45
2000	12	4	0.377	2164.0156	338.0157	3.0157	 2.48	 0.14	213.53	 1.10	 3.18	 0.99	10.30	 1.35	331.70	309.15	313.54	296.40	316.82	0	59.28
2000	12	4	0.590	2164.0247	338.0246	3.0246	 2.34	 0.08	216.34	 0.73	 1.14	 0.99	10.23	 1.49	331.76	308.97	314.09	296.75	316.96	0	59.35
2000	12	4	0.803	2164.0334	338.0334	3.0334	 2.64	 0.18	215.19	 1.14	 0.25	 1.00	10.30	 1.39	331.77	308.77	315.12	297.02	317.10	0	59.40
2000	12	4	1.015	2164.0422	338.0423	3.0423	 2.29	 0.11	209.72	 0.99	 1.00	 1.00	10.30	 1.23	331.69	308.51	314.09	295.37	317.19	0	59.07
2000	12	4	1.227	2164.0510	338.0511	3.0511	 2.61	 0.19	213.59	 1.26	 0.90	 1.00	10.38	 1.31	331.66	308.24	314.49	295.11	317.23	0	59.02
2000	12	4	1.439	2164.0601	338.0600	3.0600	 2.32	 0.12	214.04	 1.09	 1.84	 1.00	10.30	 1.36	331.70	307.89	315.78	295.22	317.24	0	59.04
2000	12	4	1.651	2164.0688	338.0688	3.0688	 2.48	 0.14	217.32	 1.08	 0.66	 1.00	10.28	 1.45	331.64	307.48	315.54	293.52	317.21	0	58.70
2000	12	4	1.864	2164.0776	338.0777	3.0777	 2.51	 0.08	217.19	 0.62	 0.62	 1.00	10.30	 1.42	331.74	307.04	315.11	292.95	317.11	0	58.59
2000	12	4	2.077	2164.0864	338.0865	3.0865	 2.83	 0.17	214.80	 0.88	 0.64	 1.00	10.38	 1.38	331.65	306.64	313.93	292.86	316.98	0	58.57
2000	12	4	2.290	2164.0955	338.0954	3.0954	 3.00	 0.21	215.50	 0.93	 0.44	 1.00	10.28	 1.37	331.57	306.33	315.11	292.05	316.83	0	58.41
2000	12	4	2.503	2164.1042	338.1043	3.1043	 2.89	 0.17	217.05	 0.85	 0.69	 1.00	10.40	 1.40	331.66	305.82	315.23	292.18	316.65	0	58.44
2000	12	4	2.716	2164.1133	338.1132	3.1132	 3.12	 0.25	214.88	 0.96	 2.11	 0.99	10.30	 1.34	331.59	305.42	314.13	291.81	317.05	0	58.36
2000	12	4	2.927	2164.1221	338.1219	3.1220	 3.45	 0.31	213.97	 0.84	 0.49	 1.00	10.37	 1.33	331.62	305.06	314.91	289.75	316.84	0	57.95
2000	12	4	3.140	2164.1309	338.1308	3.1308	 3.50	 0.31	218.90	 0.80	 0.25	 1.00	10.28	 1.46	331.62	304.49	314.94	286.06	315.98	0	57.21
2000	12	4	3.351	2164.1396	338.1396	3.1396	 3.36	 0.25	214.92	 0.75	 1.99	 0.98	10.27	 1.37	331.61	303.88	313.37	283.46	316.17	0	56.69
2000	12	4	3.563	2164.1484	338.1485	3.1485	 3.24	 0.24	216.44	 0.81	 0.44	 1.00	10.32	 1.41	331.62	303.27	313.27	278.49	315.73	0	55.70
2000	12	4	3.780	2164.1575	338.1575	3.1575	 3.11	 0.20	219.89	 0.79	 0.12	 1.00	10.32	 1.51	331.56	302.65	313.76	277.40	314.54	0	55.48
2000	12	4	3.992	2164.1663	338.1663	3.1663	 2.94	 0.16	218.21	 0.75	 0.72	 1.00	10.37	 1.43	331.64	302.17	312.51	276.68	314.83	0	55.34
2000	12	4	4.205	2164.1753	338.1752	3.1752	 2.92	 0.17	217.55	 0.83	 1.07	 1.00	10.30	 1.44	331.56	301.64	312.30	275.98	313.67	0	55.20
2000	12	4	4.417	2164.1841	338.1841	3.1840	 2.86	 0.12	216.98	 0.62	 0.59	 1.00	10.32	 1.46	331.51	301.13	312.24	275.49	313.13	0	55.10
2000	12	4	4.629	2164.1929	338.1929	3.1929	 2.82	 0.14	220.33	 0.77	 0.78	 1.00	10.28	 1.55	331.52	300.62	312.75	274.88	312.61	0	54.98
2000	12	4	5.264	2164.2192	338.2194	3.2194	 2.63	 0.58	222.42	 3.90	15.70	 1.00	10.28	 1.56	331.49	299.05	309.92	273.15	311.04	0	54.63
2000	12	4	5.690	2164.2371	338.2371	3.2371	 2.95	 0.14	218.99	 0.66	 1.36	 0.99	10.35	 1.58	331.48	298.22	308.99	272.88	308.98	0	54.58
2000	12	4	6.117	2164.2549	338.2549	3.2549	 2.65	 0.53	220.27	 3.44	18.58	 1.00	10.23	 1.58	331.48	297.53	306.73	272.35	309.70	0	54.47
2000	12	4	6.327	2164.2637	338.2636	3.2636	 2.95	 0.35	221.17	 1.66	 3.36	 1.00	10.28	 1.65	331.46	297.20	307.66	272.32	308.76	0	54.46
2000	12	4	6.539	2164.2725	338.2724	3.2724	 2.99	 0.21	217.53	 0.93	 0.26	 1.00	10.32	 1.60	331.55	296.87	305.97	272.21	308.34	0	54.44
2000	12	4	6.751	2164.2812	338.2813	3.2813	 3.11	 0.51	220.07	 1.99	 5.72	 1.00	10.37	 1.63	331.35	296.52	306.41	271.93	306.84	0	54.39
2000	12	4	6.964	2164.2903	338.2902	3.2902	 2.89	 0.19	218.01	 0.94	 0.31	 1.00	10.28	 1.58	331.54	296.21	306.00	271.72	307.56	0	54.34
2000	12	4	7.390	2164.3079	338.3079	3.3079	 3.71	 3.16	214.85	 6.49	70.52	 1.00	10.38	 1.67	331.36	295.69	304.98	271.27	306.84	0	54.25
2000	12	4	7.814	2164.3257	338.3256	3.3256	 2.98	 0.19	218.36	 0.87	 0.51	 1.00	10.33	 1.68	331.37	295.08	304.05	270.87	306.15	0	54.17
2000	12	4	8.028	2164.3345	338.3345	3.3345	 2.91	 0.25	216.44	 1.21	 1.64	 1.00	10.37	 1.59	331.51	294.91	303.80	272.61	304.67	0	54.52
2000	12	4	8.239	2164.3433	338.3433	3.3433	 3.19	 1.80	221.04	 6.58	61.43	 1.00	10.28	 1.66	331.41	294.83	304.37	273.08	305.56	0	54.62
2000	12	4	8.451	2164.3521	338.3521	3.3521	 2.76	 0.15	218.82	 0.85	 0.50	 1.00	10.33	 1.64	331.46	294.74	303.18	273.56	305.34	0	54.71
2000	12	4	8.663	2164.3611	338.3610	3.3610	 2.74	 0.16	217.57	 0.95	 0.44	 1.00	10.28	 1.64	331.63	294.64	302.75	273.22	305.15	0	54.64
2000	12	4	8.875	2164.3699	338.3698	3.3698	 2.87	 0.35	218.72	 1.75	 2.38	 1.00	10.30	 1.76	331.47	294.53	303.38	273.31	304.91	0	54.66
2000	12	4	9.089	2164.3787	338.3787	3.3787	 2.93	 0.14	217.65	 0.64	 0.53	 1.00	10.43	 1.68	331.42	294.41	302.39	273.21	303.60	0	54.64
2000	12	4	9.302	2164.3877	338.3876	3.3876	 2.72	 0.13	217.07	 0.77	 0.26	 1.00	10.28	 1.59	331.34	294.22	302.18	271.86	304.64	0	54.37
2000	12	4	9.513	2164.3965	338.3964	3.3964	 2.82	 0.20	218.50	 1.06	 0.21	 1.00	10.27	 1.71	331.35	293.98	302.47	271.14	304.36	0	54.23
2000	12	4	9.725	2164.4053	338.4052	3.4052	 2.81	 0.14	220.06	 0.76	 0.77	 1.00	10.32	 1.74	331.34	293.81	302.68	271.69	304.19	0	54.34
2000	12	4	9.939	2164.4141	338.4141	3.4141	 2.75	 0.14	216.52	 0.81	 0.87	 1.00	10.38	 1.63	331.44	293.72	301.53	272.43	304.07	0	54.49
2000	12	4	10.151	2164.4229	338.4230	3.4230	 2.91	 0.14	217.61	 0.66	 1.93	 0.97	10.28	 1.72	331.42	293.57	301.28	271.78	303.91	0	54.36
2000	12	4	10.363	2164.4319	338.4318	3.4318	 2.63	 0.18	217.40	 1.18	 2.16	 1.00	10.28	 1.67	331.34	293.39	301.25	270.95	303.69	0	54.19
2000	12	4	10.575	2164.4407	338.4406	3.4406	 2.63	 0.13	218.32	 0.86	 0.95	 1.00	10.37	 1.72	331.47	293.18	301.48	270.42	303.41	0	54.08
2000	12	4	10.792	2164.4497	338.4497	3.4497	 2.50	 0.08	218.32	 0.63	 0.58	 1.00	10.38	 1.66	331.53	293.07	301.49	270.17	303.29	0	54.03
2000	12	4	11.004	2164.4585	338.4585	3.4585	 2.46	 0.11	219.21	 0.87	 1.97	 0.99	10.27	 1.70	331.53	292.72	301.61	270.06	303.16	0	54.01
2000	12	4	11.216	2164.4673	338.4673	3.4673	 2.64	 0.12	215.28	 0.76	 1.23	 0.99	10.32	 1.60	331.42	292.62	300.46	270.08	302.96	0	54.02
2000	12	4	11.428	2164.4761	338.4762	3.4762	 2.65	 0.11	220.28	 0.72	 2.28	 0.97	10.38	 1.80	331.44	292.52	301.34	270.26	302.75	0	54.05
2000	12	4	11.641	2164.4851	338.4850	3.4850	 1.86	 0.63	224.63	10.50	86.16	 1.00	10.32	 1.67	331.45	292.40	300.98	270.29	303.21	0	54.06
2000	12	4	11.852	2164.4939	338.4939	3.4939	 3.02	 1.59	212.64	 6.64	54.46	 1.00	10.28	 1.68	331.34	292.45	300.27	270.51	302.41	0	54.10
2000	12	4	12.065	2164.5027	338.5027	3.5027	 2.64	 0.54	220.36	 3.57	 8.20	 1.00	10.32	 1.70	331.49	292.26	300.79	270.58	302.94	0	54.12
2000	12	4	12.276	2164.5115	338.5115	3.5115	 2.59	 0.16	218.93	 1.11	 1.22	 1.00	10.27	 1.73	331.45	292.15	300.19	270.40	302.15	0	54.08
2000	12	4	12.487	2164.5203	338.5203	3.5203	 2.69	 0.20	218.19	 1.21	 2.29	 1.00	10.32	 1.69	331.40	292.01	300.08	269.99	302.63	0	54.00
2000	12	4	12.699	2164.5291	338.5291	3.5291	 2.59	 0.12	218.15	 0.84	 1.42	 0.99	10.30	 1.72	331.37	291.88	300.50	269.87	300.64	0	53.97
2000	12	4	12.911	2164.5378	338.5380	3.5380	 2.61	 0.19	217.10	 1.24	 0.83	 1.00	10.27	 1.66	331.48	291.74	299.52	269.69	301.74	0	53.94
2000	12	4	13.123	2164.5469	338.5468	3.5468	 2.47	 0.15	217.25	 1.17	 1.00	 1.00	10.33	 1.69	331.40	291.61	299.19	269.40	301.60	0	53.88
2000	12	4	13.334	2164.5557	338.5556	3.5556	 2.98	 2.40	213.16	10.46	124.67	 1.00	10.33	 1.79	331.46	291.48	300.83	269.33	301.47	0	53.87
2000	12	4	13.546	2164.5645	338.5644	3.5644	 2.46	 0.11	215.16	 0.88	 1.37	 1.00	10.28	 1.66	331.36	291.34	299.42	269.06	301.30	0	53.81
2000	12	4	13.759	2164.5732	338.5733	3.5733	 2.46	 0.14	217.15	 1.10	 0.81	 1.00	10.30	 1.76	331.46	291.23	298.79	269.40	301.17	0	53.88
2000	12	4	14.184	2164.5911	338.5910	3.5910	 2.37	 0.08	219.92	 0.74	 2.11	 0.97	10.30	 1.78	331.32	291.00	299.06	269.11	300.97	0	53.82
2000	12	4	14.397	2164.5999	338.5999	3.5999	 2.44	 0.10	219.13	 0.79	 0.69	 1.00	10.33	 1.76	331.35	290.87	299.40	268.95	300.82	0	53.79
2000	12	4	14.609	2164.6086	338.6087	3.6087	 2.35	 0.16	214.95	 1.37	 1.41	 1.00	10.35	 1.65	331.49	290.76	296.13	268.94	300.69	0	53.79
2000	12	4	14.822	2164.6177	338.6176	3.6176	 2.31	 0.13	219.28	 1.27	 1.23	 1.00	10.35	 1.71	331.39	290.68	299.03	269.11	300.55	0	53.82
2000	12	4	15.034	2164.6265	338.6264	3.6264	 2.34	 0.15	216.94	 1.40	 0.91	 1.00	10.35	 1.69	331.38	290.64	297.38	269.55	300.46	0	53.91
2000	12	4	15.247	2164.6353	338.6353	3.6353	 2.44	 0.11	218.95	 0.89	 0.86	 1.00	10.32	 1.70	331.39	290.61	298.90	269.79	300.38	0	53.96
2000	12	4	15.458	2164.6440	338.6441	3.6441	 2.41	 0.17	214.09	 1.38	 4.64	 0.99	10.32	 1.68	331.36	290.60	295.92	270.14	300.31	0	54.03
2000	12	4	15.670	2164.6528	338.6529	3.6529	 2.23	 0.09	216.13	 0.87	 0.42	 1.00	10.28	 1.65	331.39	290.59	298.20	270.45	300.26	0	54.09
2000	12	4	15.881	2164.6616	338.6617	3.6617	 2.19	 0.13	215.17	 1.39	 1.26	 1.00	10.32	 1.67	331.40	290.60	296.78	270.39	300.21	0	54.08
2000	12	4	16.094	2164.6707	338.6706	3.6706	 2.39	 0.15	221.42	 1.32	 3.47	 0.99	10.32	 1.87	331.41	290.76	299.74	270.06	300.15	0	54.01
2000	12	4	16.306	2164.6794	338.6794	3.6794	 2.07	 0.13	218.49	 1.58	 3.23	 1.00	10.37	 1.68	331.40	290.54	297.96	269.89	300.11	0	53.98
2000	12	4	16.519	2164.6882	338.6883	3.6883	 2.22	 0.15	216.94	 1.52	 1.89	 1.00	10.28	 1.72	331.41	290.47	297.48	269.83	300.05	0	53.97
2000	12	4	16.731	2164.6970	338.6971	3.6971	 2.27	 0.12	218.34	 1.17	 3.98	 0.99	10.32	 1.77	331.29	290.53	298.24	269.76	299.99	0	53.95
2000	12	4	16.944	2164.7061	338.7060	3.7060	 2.28	 0.14	217.51	 1.32	 2.66	 1.00	10.35	 1.76	331.36	290.51	298.13	269.82	300.56	0	53.96
2000	12	4	17.157	2164.7148	338.7149	3.7149	 2.10	 0.14	217.01	 1.62	 1.91	 1.00	10.32	 1.69	331.41	290.49	297.66	270.18	299.88	0	54.04
2000	12	4	17.368	2164.7236	338.7237	3.7237	 2.18	 0.11	217.65	 1.16	 2.00	 1.00	10.33	 1.75	331.34	290.42	297.41	271.02	299.87	0	54.20
2000	12	4	17.580	2164.7324	338.7325	3.7325	 2.27	 0.09	216.33	 0.91	 1.59	 0.99	10.25	 1.77	331.48	290.64	296.96	273.83	299.87	0	54.77
2000	12	4	17.796	2164.7415	338.7415	3.7415	 2.19	 0.17	213.50	 1.76	 2.58	 1.00	10.33	 1.63	331.49	291.54	295.32	276.45	300.02	0	55.29
2000	12	4	18.008	2164.7502	338.7503	3.7503	 2.09	 0.12	219.36	 1.48	 2.13	 1.00	10.35	 1.81	331.53	292.78	299.59	281.39	300.41	0	56.28
2000	12	4	18.221	2164.7593	338.7592	3.7592	 2.12	 0.12	218.66	 1.43	 2.53	 1.00	10.37	 1.76	331.46	293.95	298.68	281.99	300.82	0	56.40
2000	12	4	18.434	2164.7681	338.7681	3.7681	 2.22	 0.12	215.03	 1.23	 0.71	 1.00	10.35	 1.63	331.58	295.10	298.94	281.86	301.32	0	56.37
2000	12	4	18.646	2164.7769	338.7769	3.7769	 2.19	 0.13	216.70	 1.43	 1.39	 1.00	10.30	 1.76	331.55	296.18	299.00	281.98	301.86	0	56.40
2000	12	4	18.858	2164.7856	338.7858	3.7858	 1.88	 0.13	211.16	 2.01	 1.57	 1.00	10.35	 1.53	331.66	297.24	296.36	283.93	302.42	0	56.79
2000	12	4	19.070	2164.7947	338.7946	3.7946	 2.10	 0.09	214.36	 1.03	 1.43	 1.00	10.28	 1.67	331.57	298.11	299.76	285.42	302.97	0	57.08
2000	12	4	19.283	2164.8035	338.8035	3.8035	 1.96	 0.12	215.98	 1.65	 3.98	 1.00	10.38	 1.67	331.64	298.77	300.45	285.18	301.88	0	57.04
2000	12	4	19.495	2164.8123	338.8123	3.8123	 2.44	 0.20	214.10	 1.63	 2.81	 1.00	10.28	 1.75	331.61	299.37	300.39	284.44	304.11	0	56.89
2000	12	4	19.707	2164.8210	338.8211	3.8211	 1.93	 0.11	213.23	 1.52	 0.84	 1.00	10.35	 1.53	331.69	300.26	301.10	284.76	304.72	0	56.95
2000	12	4	20.132	2164.8389	338.8388	3.8388	 2.19	 0.16	218.91	 1.74	 4.75	 1.00	10.33	 1.73	331.62	301.95	304.72	285.94	305.88	0	57.19
2000	12	4	20.346	2164.8477	338.8477	3.8478	 2.10	 0.11	221.46	 1.37	 3.52	 0.99	10.40	 1.88	331.72	302.62	304.63	286.54	306.51	0	57.31
2000	12	4	20.558	2164.8567	338.8566	3.8566	 2.02	 0.13	213.04	 1.70	 2.85	 1.00	10.33	 1.65	331.72	303.28	301.78	287.91	307.12	0	57.58
2000	12	4	20.771	2164.8655	338.8654	3.8654	 2.08	 0.12	217.69	 1.43	 3.03	 1.00	10.33	 1.69	331.76	303.96	305.29	288.86	307.72	0	57.77
2000	12	4	20.983	2164.8743	338.8743	3.8743	 2.10	 0.14	213.01	 1.65	 1.70	 1.00	10.37	 1.55	331.73	304.60	305.03	290.09	309.32	0	58.02
2000	12	4	21.195	2164.8831	338.8831	3.8831	 2.08	 0.15	215.47	 1.84	 2.83	 1.00	10.37	 1.70	331.78	305.25	305.98	292.08	308.95	0	58.42
2000	12	4	21.621	2164.9009	338.9009	3.9009	 2.15	 0.08	213.70	 0.91	 2.82	 0.98	10.37	 1.66	331.64	306.36	306.66	297.05	310.19	0	59.41
2000	12	4	22.044	2164.9185	338.9185	3.9185	 2.15	 0.09	213.77	 1.03	 1.09	 1.00	10.30	 1.56	331.78	307.35	308.00	297.94	312.43	0	59.59
2000	12	4	22.255	2164.9272	338.9273	3.9273	 2.22	 0.14	210.01	 1.37	 2.93	 1.00	10.30	 1.49	331.66	307.75	307.62	299.16	312.06	0	59.83
2000	12	4	22.468	2164.9360	338.9362	3.9361	 2.46	 0.11	215.58	 0.88	 1.56	 0.99	10.35	 1.69	331.76	308.15	310.10	298.78	312.66	0	59.76
2000	12	4	22.681	2164.9451	338.9450	3.9450	 2.27	 0.11	213.83	 1.08	 2.19	 0.99	10.33	 1.62	331.74	308.36	310.80	298.28	313.23	0	59.66
2000	12	4	22.894	2164.9539	338.9539	3.9539	 2.25	 0.13	211.33	 1.25	 1.01	 1.00	10.37	 1.51	331.74	308.60	311.11	299.51	313.75	0	59.90
2000	12	4	23.107	2164.9629	338.9628	3.9628	 2.09	 0.08	214.97	 0.95	 2.10	 0.99	10.30	 1.58	331.82	308.78	311.95	300.92	314.27	0	60.18
2000	12	4	23.319	2164.9717	338.9716	3.9716	 2.06	 0.10	212.58	 1.17	 0.41	 1.00	10.32	 1.49	331.75	308.93	312.20	300.61	314.78	0	60.12
2000	12	4	23.531	2164.9805	338.9804	3.9805	 2.12	 0.09	212.35	 1.03	 2.41	 0.99	10.30	 1.46	331.75	309.01	312.65	298.90	314.98	0	59.78
2000	12	4	23.742	2164.9893	338.9893	3.9893	 2.05	 0.10	211.36	 1.19	 2.78	 0.99	10.35	 1.45	331.75	309.04	312.70	298.10	315.45	0	59.62
2000	12	4	23.954	2164.9980	338.9981	3.9981	 1.98	 0.12	206.42	 1.59	 1.22	 1.00	10.30	 1.29	331.75	308.97	312.27	296.75	315.81	0	59.35
2000	12	5	0.167	2165.0068	339.0070	4.0070	 2.07	 0.08	212.03	 1.01	 1.30	 1.00	10.30	 1.37	331.81	308.85	314.58	297.00	316.08	0	59.40
2000	12	5	0.378	2165.0159	339.0158	4.0158	 2.05	 0.09	208.56	 1.09	 1.78	 1.00	10.33	 1.35	331.76	308.73	311.73	298.25	316.31	0	59.65
2000	12	5	0.590	2165.0247	339.0246	4.0246	 2.06	 0.06	212.34	 0.75	 0.93	 1.00	10.32	 1.40	331.76	308.58	313.94	298.27	316.49	0	59.65
2000	12	5	0.806	2165.0337	339.0336	4.0336	 2.07	 0.11	212.90	 1.29	 0.58	 1.00	10.32	 1.37	331.79	308.40	314.75	297.17	317.36	0	59.43
2000	12	5	1.018	2165.0425	339.0424	4.0424	 2.12	 0.08	213.57	 0.90	 0.91	 1.00	10.33	 1.41	331.75	308.15	314.33	295.40	316.77	0	59.08
2000	12	5	1.231	2165.0513	339.0513	4.0513	 2.19	 0.08	215.18	 0.81	 3.66	 0.94	10.40	 1.43	331.70	307.88	315.57	294.13	316.84	0	58.83
2000	12	5	1.444	2165.0601	339.0602	4.0602	 2.48	 0.14	215.31	 1.04	 0.53	 1.00	10.33	 1.47	331.66	307.53	315.85	292.69	316.86	0	58.54
2000	12	5	1.656	2165.0691	339.0690	4.0690	 2.17	 0.09	211.92	 0.95	 1.91	 0.99	10.33	 1.38	331.67	307.18	313.74	292.08	316.79	0	58.42
2000	12	5	1.867	2165.0779	339.0778	4.0778	 2.19	 0.10	214.88	 1.07	 1.81	 1.00	10.28	 1.42	331.68	306.68	315.17	291.50	316.69	0	58.30
2000	12	5	2.080	2165.0867	339.0867	4.0867	 2.37	 0.12	215.12	 1.07	 1.10	 1.00	10.43	 1.42	331.71	306.16	314.73	291.52	316.55	0	58.30
2000	12	5	2.293	2165.0955	339.0955	4.0955	 2.25	 0.12	214.10	 1.17	 2.50	 0.99	10.33	 1.39	331.69	305.81	314.70	291.77	316.38	0	58.35
2000	12	5	2.504	2165.1042	339.1043	4.1043	 2.55	 0.12	216.21	 0.86	 0.45	 1.00	10.30	 1.45	331.54	305.35	315.90	291.69	316.21	0	58.34
2000	12	5	2.716	2165.1130	339.1132	4.1131	 2.46	 0.13	215.21	 1.00	 2.02	 0.99	10.28	 1.44	331.65	304.91	314.59	290.98	315.96	0	58.20
2000	12	5	2.928	2165.1221	339.1220	4.1220	 2.37	 0.12	213.68	 1.06	 3.82	 0.98	10.33	 1.40	331.63	304.45	314.25	289.68	315.71	0	57.94
2000	12	5	3.142	2165.1309	339.1309	4.1309	 2.45	 0.12	214.23	 0.98	 0.37	 1.00	10.45	 1.44	331.47	303.93	313.71	286.14	315.41	0	57.23
2000	12	5	3.355	2165.1399	339.1398	4.1398	 2.80	 0.14	216.00	 0.73	 0.80	 1.00	10.28	 1.47	331.59	303.34	313.50	279.56	315.04	0	55.91
2000	12	5	3.566	2165.1487	339.1486	4.1486	 2.85	 0.15	218.58	 0.76	 0.70	 1.00	10.33	 1.51	331.66	302.82	314.16	278.87	314.53	0	55.77
2000	12	5	3.779	2165.1575	339.1574	4.1574	 2.58	 0.11	216.05	 0.76	 2.03	 0.98	10.35	 1.44	331.66	302.23	313.31	277.86	314.25	0	55.57
2000	12	5	3.991	2165.1663	339.1663	4.1663	 2.74	 0.17	219.26	 0.97	 1.28	 1.00	10.28	 1.52	331.48	301.71	312.79	277.27	313.68	0	55.45
2000	12	5	4.204	2165.1750	339.1751	4.1752	 2.78	 0.13	219.55	 0.71	 1.91	 0.98	10.37	 1.58	331.46	301.17	311.57	276.64	313.18	0	55.33
2000	12	5	4.417	2165.1841	339.1840	4.1840	 2.77	 0.17	217.37	 0.94	 0.42	 1.00	10.32	 1.50	331.66	300.68	312.04	275.92	312.68	0	55.18
2000	12	5	4.628	2165.1929	339.1928	4.1928	 3.07	 0.15	217.08	 0.61	 0.95	 0.99	10.27	 1.52	331.56	300.26	310.48	275.13	312.19	0	55.03
2000	12	5	4.839	2165.2017	339.2016	4.2016	 2.82	 0.19	221.39	 1.02	 1.39	 1.00	10.35	 1.57	331.65	299.83	311.59	274.45	312.24	0	54.89
2000	12	5	5.475	2165.2280	339.2281	4.2281	 3.18	 1.19	214.69	 4.21	32.56	 1.00	10.37	 1.60	331.50	298.57	308.07	272.91	310.28	0	54.58
2000	12	5	5.688	2165.2371	339.2370	4.2370	 3.38	 1.74	213.42	 5.01	36.30	 1.00	10.37	 1.53	331.47	298.19	308.33	272.60	308.73	0	54.52
2000	12	5	5.900	2165.2458	339.2458	4.2458	 2.70	 0.13	213.98	 0.80	 2.00	 0.99	10.28	 1.41	331.47	297.77	307.71	272.28	309.92	0	54.46
2000	12	5	6.112	2165.2546	339.2547	4.2547	 1.98	 0.35	219.62	 4.98	 4.01	 1.00	10.32	 1.55	331.37	297.36	307.76	272.06	308.93	0	54.41
2000	12	5	6.325	2165.2637	339.2635	4.2636	 2.78	 0.16	219.71	 0.91	 1.36	 1.00	10.38	 1.60	331.47	297.07	307.64	271.93	308.49	0	54.39
2000	12	5	6.538	2165.2725	339.2724	4.2724	 3.04	 0.23	218.02	 0.97	 0.51	 1.00	10.30	 1.65	331.56	296.66	305.73	272.02	308.08	0	54.40
2000	12	5	6.750	2165.2812	339.2812	4.2812	 3.07	 0.30	217.16	 1.22	 1.80	 1.00	10.42	 1.55	331.51	296.30	306.24	271.66	307.70	0	54.33
2000	12	5	6.963	2165.2900	339.2901	4.2901	 2.88	 0.63	222.07	 3.18	20.17	 1.00	10.33	 1.68	331.38	295.84	306.46	271.15	307.31	0	54.23
2000	12	5	7.177	2165.2991	339.2990	4.2990	 3.13	 0.52	218.45	 1.98	10.69	 0.99	10.42	 1.61	331.46	295.80	304.91	271.20	306.96	0	54.24
2000	12	5	7.389	2165.3079	339.3079	4.3079	 3.05	 0.18	218.99	 0.75	 0.63	 1.00	10.28	 1.64	331.53	295.51	305.26	271.94	306.60	0	54.39
2000	12	5	7.818	2165.3257	339.3257	4.3257	 2.80	 0.14	214.56	 0.77	 0.77	 1.00	10.38	 1.57	331.52	295.32	303.01	272.95	306.05	0	54.59
2000	12	5	8.030	2165.3345	339.3346	4.3346	 3.02	 0.20	219.26	 0.84	 0.28	 1.00	10.27	 1.73	331.35	295.05	303.63	272.90	305.82	0	54.58
2000	12	5	8.242	2165.3435	339.3434	4.3434	 3.09	 0.89	220.60	 3.59	19.39	 1.00	10.32	 1.71	331.49	294.92	304.43	272.95	305.57	0	54.59
2000	12	5	8.454	2165.3523	339.3523	4.3523	 3.29	 3.04	212.23	 9.61	162.33	 1.00	10.32	 1.66	331.38	294.78	303.80	272.78	305.98	0	54.56
2000	12	5	8.667	2165.3611	339.3611	4.3611	 2.67	 0.15	218.92	 0.93	 1.01	 1.00	10.32	 1.71	331.54	294.63	303.70	272.40	305.14	0	54.48
2000	12	5	8.878	2165.3699	339.3699	4.3699	 2.64	 0.14	218.07	 0.89	 0.82	 1.00	10.35	 1.65	331.51	294.46	303.30	271.93	304.88	0	54.39
2000	12	5	9.091	2165.3789	339.3788	4.3788	 2.58	 0.10	218.87	 0.73	 0.41	 1.00	10.38	 1.68	331.41	294.29	302.98	271.50	304.76	0	54.30
2000	12	5	9.304	2165.3877	339.3877	4.3877	 2.64	 0.12	219.09	 0.78	 0.42	 1.00	10.33	 1.68	331.47	294.05	303.63	271.33	304.46	0	54.27
2000	12	5	9.516	2165.3965	339.3965	4.3965	 2.41	 1.25	222.48	10.73	158.42	 1.00	10.33	 1.71	331.36	293.79	302.44	270.16	304.23	0	54.03
2000	12	5	9.728	2165.4053	339.4053	4.4053	 2.60	 0.15	218.17	 0.99	 1.40	 1.00	10.33	 1.70	331.35	293.56	302.58	269.89	304.03	0	53.98
2000	12	5	9.941	2165.4143	339.4142	4.4142	 2.40	 0.12	217.79	 1.02	 2.10	 0.99	10.32	 1.66	331.46	293.35	302.12	269.87	303.79	0	53.97
2000	12	5	10.153	2165.4231	339.4230	4.4230	 2.40	 0.13	217.12	 1.11	 1.42	 1.00	10.32	 1.68	331.43	293.13	301.28	269.68	303.45	0	53.94
2000	12	5	10.365	2165.4319	339.4319	4.4319	 2.49	 0.12	219.26	 0.91	 0.35	 1.00	10.30	 1.70	331.50	292.91	303.18	269.51	303.31	0	53.90
2000	12	5	10.576	2165.4407	339.4407	4.4407	 2.64	 1.20	210.80	 7.58	53.78	 1.00	10.37	 1.65	331.40	292.72	300.71	269.69	303.16	0	53.94
2000	12	5	10.790	2165.4497	339.4496	4.4496	 2.27	 0.09	213.49	 0.85	 1.96	 0.99	10.35	 1.59	331.48	292.55	299.28	269.58	302.91	0	53.92
2000	12	5	11.215	2165.4673	339.4673	4.4673	 2.13	 0.08	217.13	 0.91	 1.54	 0.99	10.32	 1.65	331.47	292.21	300.17	269.41	303.07	0	53.88
2000	12	5	11.638	2165.4849	339.4849	4.4849	 2.06	 0.23	216.17	 2.88	 2.63	 1.00	10.33	 1.68	331.37	291.91	299.72	269.31	302.10	0	53.86
2000	12	5	11.850	2165.4937	339.4937	4.4938	 2.10	 0.11	215.83	 1.30	 0.42	 1.00	10.27	 1.67	331.48	291.80	299.01	269.45	301.93	0	53.89
2000	12	5	12.061	2165.5024	339.5026	4.5026	 2.17	 0.10	218.68	 1.16	 1.12	 1.00	10.37	 1.74	331.48	291.70	300.81	269.45	301.77	0	53.89
2000	12	5	12.274	2165.5115	339.5114	4.5114	 2.27	 0.63	219.77	 6.31	33.06	 1.00	10.32	 1.70	331.47	291.59	299.89	269.48	301.63	0	53.90
2000	12	5	12.484	2165.5203	339.5202	4.5202	 2.18	 0.09	216.19	 0.97	 1.04	 1.00	10.27	 1.66	331.41	291.49	299.72	269.43	301.47	0	53.89
2000	12	5	12.695	2165.5291	339.5290	4.5290	 2.21	 0.08	217.34	 0.83	 1.32	 0.99	10.27	 1.68	331.41	291.39	300.10	269.57	301.32	0	53.91
2000	12	5	12.905	2165.5378	339.5377	4.5377	 2.21	 0.08	216.41	 0.83	 1.07	 1.00	10.25	 1.71	331.43	291.30	298.97	269.47	301.82	0	53.89
2000	12	5	13.116	2165.5466	339.5465	4.5465	 2.19	 0.09	218.82	 1.01	 1.24	 1.00	10.30	 1.73	331.40	291.23	300.29	269.17	301.11	0	53.83
2000	12	5	13.330	2165.5554	339.5554	4.5554	 2.12	 0.07	214.49	 0.81	 1.89	 0.98	10.28	 1.66	331.33	291.15	297.69	268.80	301.01	0	53.76
2000	12	5	13.542	2165.5642	339.5642	4.5642	 1.92	 0.63	222.23	 9.60	105.72	 1.00	10.32	 1.68	331.31	291.07	297.76	268.72	300.90	0	53.74
2000	12	5	13.753	2165.5730	339.5731	4.5731	 2.22	 0.08	217.05	 0.87	 0.21	 1.00	10.25	 1.72	331.40	290.99	298.17	268.99	300.76	0	53.80
2000	12	5	13.964	2165.5818	339.5818	4.5818	 2.25	 0.13	216.44	 1.27	 1.47	 1.00	10.20	 1.66	331.40	290.90	298.18	269.06	301.21	0	53.81
2000	12	5	14.175	2165.5906	339.5906	4.5906	 2.38	 0.10	218.05	 0.90	 1.87	 0.99	10.30	 1.75	331.36	290.79	298.59	268.58	300.52	0	53.72
2000	12	5	14.387	2165.5994	339.5995	4.5995	 2.53	 0.11	216.00	 0.77	 1.59	 0.99	10.33	 1.72	331.47	290.66	297.89	268.32	301.05	0	53.66
2000	12	5	14.601	2165.6084	339.6084	4.6084	 2.58	 0.12	216.67	 0.83	 0.68	 1.00	10.35	 1.75	331.37	290.61	297.81	268.05	300.30	0	53.61
2000	12	5	14.817	2165.6174	339.6174	4.6174	 2.53	 0.11	217.17	 0.78	 0.57	 1.00	10.32	 1.72	331.50	290.43	297.87	268.13	300.18	0	53.63
2000	12	5	15.029	2165.6262	339.6262	4.6262	 2.43	 0.11	216.49	 0.90	 1.53	 1.00	10.30	 1.68	331.41	290.37	298.03	268.32	300.08	0	53.66
2000	12	5	15.240	2165.6350	339.6350	4.6350	 2.65	 0.13	218.81	 0.81	 1.47	 0.99	10.28	 1.78	331.49	290.35	298.55	268.31	299.97	0	53.66
2000	12	5	15.451	2165.6438	339.6438	4.6438	 2.48	 0.11	216.74	 0.81	 0.53	 1.00	10.28	 1.72	331.46	290.33	297.06	268.35	299.91	0	53.67
2000	12	5	15.663	2165.6526	339.6526	4.6526	 2.61	 0.15	216.30	 1.00	 0.83	 1.00	10.43	 1.64	331.48	290.28	297.95	268.41	300.46	0	53.68
2000	12	5	15.876	2165.6614	339.6615	4.6615	 2.66	 0.15	218.75	 0.93	 1.61	 1.00	10.28	 1.77	331.47	290.21	297.77	268.24	300.37	0	53.65
2000	12	5	16.087	2165.6704	339.6703	4.6703	 2.73	 0.13	218.29	 0.77	 0.75	 1.00	10.32	 1.78	331.31	290.16	298.26	268.32	299.67	0	53.66
2000	12	5	16.298	2165.6792	339.6791	4.6791	 2.53	 0.16	217.84	 1.15	 2.10	 1.00	10.28	 1.73	331.38	290.10	297.39	268.37	299.61	0	53.67
2000	12	5	16.510	2165.6880	339.6879	4.6879	 2.58	 0.16	216.61	 1.12	 1.34	 1.00	10.30	 1.68	331.37	290.03	297.07	268.22	299.53	0	53.64
2000	12	5	16.723	2165.6968	339.6968	4.6968	 2.71	 0.15	215.93	 0.90	 2.52	 0.99	10.37	 1.70	331.48	289.96	296.56	268.21	299.46	0	53.64
2000	12	5	16.935	2165.7056	339.7056	4.7056	 2.75	 0.19	217.01	 1.08	 2.18	 1.00	10.33	 1.73	331.48	289.91	296.51	268.33	299.39	0	53.67
2000	12	5	17.147	2165.7144	339.7144	4.7144	 2.78	 0.15	216.71	 0.86	 0.57	 1.00	10.28	 1.71	331.30	289.88	296.67	268.59	299.33	0	53.72
2000	12	5	17.359	2165.7234	339.7233	4.7233	 2.67	 0.15	218.04	 0.95	 0.77	 1.00	10.37	 1.72	331.38	289.89	297.13	269.01	299.29	0	53.80
2000	12	5	17.571	2165.7322	339.7321	4.7321	 2.73	 0.10	216.81	 0.57	 1.83	 0.95	10.35	 1.71	331.53	290.01	296.74	270.69	299.26	0	54.14
2000	12	5	17.784	2165.7410	339.7410	4.7410	 2.71	 0.15	217.65	 0.89	 2.55	 0.99	10.33	 1.74	331.56	290.75	297.27	275.48	299.31	0	55.10
2000	12	5	17.996	2165.7498	339.7498	4.7498	 2.63	 0.13	215.80	 0.82	 2.88	 0.97	10.40	 1.68	331.52	292.06	296.88	281.05	299.61	0	56.21
2000	12	5	18.209	2165.7588	339.7587	4.7587	 2.94	 0.21	216.96	 0.98	 0.76	 1.00	10.25	 1.72	331.55	293.32	298.65	283.73	300.07	0	56.75
2000	12	5	18.420	2165.7676	339.7675	4.7675	 2.50	 0.11	216.03	 0.85	 0.86	 1.00	10.38	 1.74	331.63	294.60	297.09	283.90	300.59	0	56.78
2000	12	5	18.632	2165.7764	339.7764	4.7764	 2.73	 0.12	214.53	 0.69	 1.29	 0.99	10.30	 1.69	331.64	295.82	298.42	285.48	301.20	0	57.10
2000	12	5	18.844	2165.7852	339.7852	4.7852	 2.59	 0.15	215.83	 1.04	 0.30	 1.00	10.35	 1.73	331.61	296.98	298.55	288.26	302.68	0	57.65
2000	12	5	19.056	2165.7939	339.7940	4.7940	 2.63	 0.14	214.64	 0.87	 1.82	 0.99	10.37	 1.65	331.65	298.02	299.17	290.01	302.42	0	58.00
2000	12	5	19.268	2165.8027	339.8028	4.8028	 2.84	 0.15	215.10	 0.79	 1.25	 1.00	10.30	 1.70	331.63	298.70	299.81	291.33	303.18	0	58.27
2000	12	5	19.575	2165.8157	339.8156	4.8156	 2.82	 0.20	214.36	 1.03	 0.55	 1.00	10.33	 1.73	331.66	299.76	300.89	292.34	304.13	0	58.47
2000	12	5	19.787	2165.8245	339.8244	4.8244	 2.91	 0.16	213.08	 0.75	 0.75	 1.00	10.32	 1.69	331.69	300.71	300.58	293.13	304.84	0	58.63
2000	12	5	19.999	2165.8333	339.8333	4.8333	 2.85	 0.17	210.22	 0.85	 2.20	 0.99	10.30	 1.57	331.67	301.65	300.38	292.88	305.50	0	58.58
2000	12	5	20.210	2165.8420	339.8421	4.8421	 3.28	 0.17	215.38	 0.55	 0.80	 0.99	10.30	 1.70	331.75	302.48	303.21	292.27	306.25	0	58.45
2000	12	5	20.421	2165.8508	339.8509	4.8509	 3.06	 0.24	213.63	 0.95	 0.35	 1.00	10.30	 1.62	331.73	303.22	303.28	292.80	306.93	0	58.56
2000	12	5	20.632	2165.8596	339.8596	4.8597	 3.23	 0.33	215.17	 1.11	 0.24	 1.00	10.30	 1.69	331.67	303.97	303.68	292.84	307.63	0	58.57
2000	12	5	20.843	2165.8684	339.8685	4.8685	 3.78	 0.40	213.59	 0.76	 0.56	 1.00	10.30	 1.62	331.67	304.60	304.61	292.22	308.32	0	58.44
2000	12	5	21.054	2165.8772	339.8773	4.8773	 3.94	 0.64	217.17	 1.04	 2.01	 1.00	10.35	 1.70	331.74	305.17	306.51	293.09	308.95	0	58.62
2000	12	5	21.266	2165.8860	339.8861	4.8861	 3.95	 0.52	213.13	 0.82	 2.01	 0.99	10.27	 1.59	331.69	305.71	306.32	295.94	309.57	0	59.19
2000	12	5	21.476	2165.8948	339.8948	4.8948	 3.78	 0.35	216.52	 0.68	 2.97	 0.95	10.30	 1.64	331.77	306.25	307.37	296.20	310.19	0	59.24
2000	12	5	21.687	2165.9036	339.9036	4.9036	 3.55	 0.27	214.61	 0.66	 0.26	 1.00	10.27	 1.56	331.71	306.71	307.80	296.49	310.80	0	59.30
2000	12	5	21.898	2165.9124	339.9124	4.9124	 4.67	 1.08	215.70	 0.84	 1.75	 0.99	10.28	 1.61	331.73	307.12	308.96	297.67	311.39	0	59.53
2000	12	5	22.109	2165.9211	339.9212	4.9212	 4.49	 0.98	216.26	 0.92	 2.07	 0.99	10.30	 1.67	331.82	307.53	308.81	297.60	311.96	0	59.52
2000	12	5	22.320	2165.9299	339.9300	4.9300	 5.65	 2.74	214.43	 0.79	 0.47	 1.00	10.30	 1.57	331.73	307.81	308.47	296.64	312.51	0	59.33
2000	12	5	22.531	2165.9387	339.9388	4.9388	 4.73	 1.25	213.26	 0.89	 1.52	 1.00	10.32	 1.51	331.79	308.03	309.56	296.16	313.02	0	59.23
2000	12	5	22.743	2165.9475	339.9476	4.9476	 4.79	 1.41	213.28	 0.95	 1.39	 1.00	10.30	 1.52	331.77	308.28	310.26	296.52	313.49	0	59.30
2000	12	5	22.955	2165.9565	339.9565	4.9564	 5.66	 4.36	217.61	 1.25	 1.47	 1.00	10.30	 1.61	331.80	308.51	310.56	295.95	313.96	0	59.19
2000	12	5	23.378	2165.9741	339.9741	4.9741	16.89	280449.53	212.38	 1.04	 0.88	 1.00	10.35	 1.40	331.72	307.75	311.32	286.32	314.58	0	57.26
2000	12	5	23.590	2165.9829	339.9829	4.9829	 3.76	 0.38	213.56	 0.73	 0.78	 1.00	10.27	 1.45	331.84	307.55	311.49	288.36	314.63	0	57.67
# Unit 4, CSO, Filter  0,  Slot 0, 350 um (712) & yellow
#				days
#				since		day of	day of
# yr	mo	dy	 time	1/1/1995	year	month	Tau	unc	Tatm	unc	mse	fitgood	Etime	R	Thot	Twarm	Tchop	Tamb	<Tint>	Filter	Toff
# 1	2	3	4	5		6	7	8	9	10	11	12	13	14	15	16	17	18	19	20	21	22
