2014	11	27	1.402	7270.0584	330.0584	26.0584	 1.97	 0.10	218.72	 1.44	 3.21	 1.00	12.38	 1.87	330.67	298.37	293.80	291.16	302.09	0	58.23
2014	11	27	1.612	7270.0672	330.0672	26.0672	 2.03	 0.09	217.07	 1.20	 3.46	 0.99	12.32	 1.85	330.62	298.51	292.62	290.61	302.85	0	58.12
2014	11	27	1.820	7270.0758	330.0758	26.0758	 2.51	 0.14	217.77	 1.03	 3.31	 0.98	12.30	 1.93	330.64	298.61	293.69	290.33	303.20	0	58.07
2014	11	27	2.029	7270.0845	330.0845	26.0845	 2.35	 0.10	220.70	 0.88	 1.11	 1.00	12.32	 2.06	330.61	298.65	296.84	289.99	303.81	0	58.00
2014	11	27	2.237	7270.0932	330.0932	26.0932	 2.29	 0.13	217.66	 1.23	 1.07	 1.00	12.32	 1.92	330.62	298.67	296.48	289.71	304.32	0	57.94
2014	11	27	2.446	7270.1019	330.1019	26.1019	 1.73	 0.08	211.36	 1.50	 6.56	 0.98	12.32	 1.67	330.60	298.63	292.83	288.88	304.76	0	57.78
2014	11	27	2.654	7270.1106	330.1106	26.1106	 1.86	 0.09	216.26	 1.37	 2.98	 0.99	12.32	 1.87	330.54	298.55	297.48	287.88	307.55	0	57.58
2014	11	27	2.862	7270.1193	330.1193	26.1193	 1.86	 0.06	218.56	 1.03	 0.96	 1.00	12.32	 1.96	330.58	298.45	298.40	286.45	305.39	0	57.29
2014	11	27	3.071	7270.1280	330.1280	26.1280	 1.94	 0.07	220.47	 0.96	 2.75	 0.98	12.32	 2.00	330.55	298.25	298.43	283.87	305.60	0	56.77
2014	11	27	3.291	7270.1371	330.1371	26.1371	 1.90	 0.07	218.87	 1.09	 2.49	 0.99	12.38	 1.99	330.55	297.91	298.01	280.18	305.70	0	56.04
2014	11	27	3.500	7270.1458	330.1458	26.1458	 1.77	 0.09	218.54	 1.66	 2.84	 1.00	12.32	 1.92	330.57	297.57	298.66	278.25	305.66	0	55.65
2014	11	27	3.708	7270.1545	330.1545	26.1545	 1.77	 0.06	217.64	 1.06	 1.65	 1.00	12.32	 1.85	330.59	297.22	298.96	277.36	305.58	0	55.47
2014	11	27	3.917	7270.1632	330.1632	26.1632	 1.61	 0.06	216.36	 1.23	 2.29	 0.99	12.32	 1.80	330.55	296.87	297.36	276.73	305.46	0	55.35
2014	11	27	4.125	7270.1719	330.1719	26.1719	 1.78	 0.06	217.10	 1.10	 2.49	 0.99	12.32	 1.89	330.57	296.56	298.73	276.20	305.30	0	55.24
2014	11	27	4.334	7270.1806	330.1806	26.1806	 1.85	 0.07	218.17	 1.19	 0.60	 1.00	12.32	 1.88	330.57	296.29	298.86	274.97	305.14	0	54.99
2014	11	27	4.542	7270.1893	330.1893	26.1893	 2.07	 0.08	218.38	 1.01	 2.84	 0.99	12.32	 1.89	330.53	296.01	298.33	274.09	304.97	0	54.82
2014	11	27	4.751	7270.1980	330.1980	26.1980	 2.04	 0.07	218.13	 0.97	 1.22	 1.00	12.30	 1.88	330.57	295.75	297.12	273.65	304.79	0	54.73
2014	11	27	4.959	7270.2066	330.2066	26.2066	 1.89	 0.10	214.45	 1.48	 2.16	 1.00	12.32	 1.67	330.56	295.52	297.58	273.16	304.58	0	54.63
2014	11	27	5.179	7270.2158	330.2158	26.2158	 1.99	 0.10	220.31	 1.40	 0.44	 1.00	12.40	 1.91	330.56	295.25	299.78	273.20	304.32	0	54.64
2014	11	27	5.388	7270.2245	330.2245	26.2245	 2.01	 0.12	218.45	 1.56	 2.24	 1.00	12.32	 1.79	330.50	295.06	298.45	273.45	304.06	0	54.69
2014	11	27	5.596	7270.2332	330.2332	26.2332	 2.08	 0.07	218.21	 0.83	 3.11	 0.96	12.32	 1.92	330.52	294.86	297.11	273.85	304.00	0	54.77
2014	11	27	5.805	7270.2419	330.2419	26.2419	 2.09	 0.11	218.94	 1.39	 0.72	 1.00	12.32	 1.89	330.51	294.68	297.35	274.11	303.91	0	54.82
2014	11	27	6.013	7270.2505	330.2505	26.2505	 2.15	 0.11	217.87	 1.21	 3.35	 0.99	12.32	 1.90	330.53	294.53	297.19	274.25	303.72	0	54.85
2014	11	27	6.222	7270.2592	330.2592	26.2592	 2.14	 0.09	219.42	 1.06	 0.18	 1.00	12.32	 1.95	330.39	294.15	297.71	274.44	303.54	0	54.89
2014	11	27	6.429	7270.2679	330.2679	26.2679	 2.23	 0.10	220.69	 1.10	 0.89	 1.00	12.28	 1.95	330.44	294.66	297.62	 0.00	 0.00	0	54.00
2014	11	27	6.843	7270.2851	330.2851	26.2851	 2.19	 0.13	223.43	 1.47	 1.87	 1.00	12.28	 2.05	330.21	294.25	299.00	 0.00	301.32	0	54.00
2014	11	27	7.062	7270.2943	330.2943	26.2943	 2.10	 0.08	221.91	 0.93	 1.49	 1.00	12.37	 1.95	330.16	294.20	298.77	 0.00	304.95	0	54.00
2014	11	27	7.270	7270.3029	330.3029	26.3029	 2.12	 0.11	218.83	 1.34	 0.41	 1.00	12.30	 1.84	330.22	294.26	297.91	 0.00	 0.00	0	54.00
2014	11	27	7.478	7270.3116	330.3116	26.3116	 2.16	 0.09	219.04	 0.99	 1.81	 0.99	12.30	 1.91	330.32	293.94	297.43	 0.00	 0.00	0	54.00
2014	11	27	7.685	7270.3202	330.3202	26.3202	 2.19	 0.10	219.03	 1.07	 1.35	 1.00	12.30	 1.87	330.15	293.70	297.28	 0.00	304.60	0	54.00
2014	11	27	7.893	7270.3289	330.3289	26.3289	 2.09	 0.08	216.75	 0.95	 5.00	 0.93	12.32	 1.83	330.48	293.57	295.99	274.52	302.64	0	54.90
2014	11	27	8.100	7270.3375	330.3375	26.3375	 2.37	 0.12	221.64	 1.08	 1.03	 1.00	12.30	 2.02	330.37	293.59	297.73	 0.00	304.34	0	54.00
2014	11	27	8.451	7270.3521	330.3521	26.3521	 2.23	 0.08	217.78	 0.86	 0.43	 1.00	12.37	 1.90	330.36	293.44	295.72	274.18	 0.00	0	54.84
2014	11	27	8.660	7270.3608	330.3608	26.3608	 2.29	 0.15	218.13	 1.39	 1.33	 1.00	12.32	 1.87	330.49	293.33	296.35	274.21	304.17	0	54.84
2014	11	27	8.867	7270.3695	330.3695	26.3695	 2.31	 0.09	222.64	 0.83	 1.57	 0.99	12.30	 2.02	330.54	293.72	297.73	 0.00	 0.00	0	54.00
2014	11	27	9.075	7270.3781	330.3781	26.3781	 2.51	 0.11	215.59	 0.82	 0.71	 1.00	12.32	 1.87	330.49	293.23	295.53	274.09	302.21	0	54.82
2014	11	27	9.284	7270.3868	330.3868	26.3868	 2.39	 0.19	220.20	 1.61	 0.96	 1.00	12.30	 1.94	330.44	293.27	295.92	 0.00	302.11	0	54.00
2014	11	27	9.491	7270.3955	330.3955	26.3955	 2.34	 0.14	220.98	 1.30	 0.52	 1.00	12.30	 1.99	330.39	293.09	296.31	273.71	299.95	0	54.74
2014	11	27	9.699	7270.4041	330.4041	26.4041	 2.25	 0.11	218.18	 1.13	 1.35	 1.00	12.30	 1.83	330.50	293.00	294.98	 0.00	300.07	0	54.00
2014	11	27	10.114	7270.4214	330.4214	26.4214	 2.53	 0.16	223.38	 1.18	 1.68	 1.00	12.30	 2.04	330.02	293.09	297.39	 0.00	 0.00	0	54.00
2014	11	27	10.333	7270.4305	330.4305	26.4305	 2.40	 0.14	219.87	 1.17	 2.00	 1.00	12.38	 1.85	330.03	293.05	295.09	 0.00	 0.00	0	54.00
2014	11	27	10.541	7270.4392	330.4392	26.4392	 2.54	 0.15	217.83	 1.05	 2.01	 1.00	12.32	 1.81	330.39	293.19	294.69	 0.00	 0.00	0	54.00
2014	11	27	10.748	7270.4478	330.4478	26.4478	 2.65	 0.16	218.25	 1.05	 0.39	 1.00	12.28	 1.90	330.45	292.62	294.10	 0.00	 0.00	0	54.00
2014	11	27	10.955	7270.4565	330.4565	26.4565	 2.69	 0.18	219.89	 1.13	 2.23	 1.00	12.30	 1.92	330.24	292.89	296.94	273.58	 0.00	0	54.72
2014	11	27	11.163	7270.4651	330.4651	26.4651	 2.48	 0.16	218.50	 1.24	 0.54	 1.00	12.32	 1.90	330.59	292.73	294.40	273.58	303.53	0	54.72
2014	11	27	11.370	7270.4738	330.4738	26.4738	 2.67	 0.17	221.27	 1.07	 0.87	 1.00	12.28	 1.88	330.35	292.88	296.08	 0.00	 0.00	0	54.00
2014	11	27	11.578	7270.4824	330.4824	26.4824	 2.50	 0.16	220.80	 1.24	 0.57	 1.00	12.30	 1.91	330.64	292.50	296.08	 0.00	 0.00	0	54.00
2014	11	27	11.785	7270.4910	330.4910	26.4910	 2.49	 0.16	219.89	 1.27	 1.11	 1.00	12.30	 1.95	330.18	292.69	294.77	 0.00	 0.00	0	54.00
2014	11	27	11.991	7270.4996	330.4996	26.4996	 2.39	 0.12	219.92	 1.04	 1.50	 1.00	12.30	 1.91	330.24	293.06	296.20	 0.00	 0.00	0	54.00
2014	11	27	12.210	7270.5087	330.5088	26.5087	 2.43	 0.15	223.32	 1.27	 1.23	 1.00	12.40	 2.07	330.27	292.74	296.57	 0.00	303.42	0	54.00
2014	11	27	12.418	7270.5174	330.5174	26.5174	 2.50	 0.19	217.02	 1.45	 0.29	 1.00	12.30	 1.89	330.25	292.49	293.73	 0.00	303.39	0	54.00
2014	11	27	12.626	7270.5261	330.5261	26.5261	 2.53	 0.14	221.96	 1.06	 0.95	 1.00	12.30	 2.00	330.32	292.77	295.93	 0.00	 0.00	0	54.00
2014	11	27	12.833	7270.5347	330.5347	26.5347	 2.52	 0.14	219.17	 1.03	 1.70	 1.00	12.28	 1.94	330.26	292.21	293.43	270.69	 0.00	0	54.14
2014	11	27	13.041	7270.5434	330.5434	26.5434	 2.52	 0.21	215.91	 1.57	 2.51	 1.00	12.30	 1.87	330.27	292.39	293.05	270.69	301.19	0	54.14
2014	11	27	13.248	7270.5520	330.5520	26.5520	 2.46	 0.14	221.10	 1.16	 2.27	 1.00	12.28	 1.94	330.30	292.09	295.99	 0.00	 0.00	0	54.00
2014	11	27	13.456	7270.5606	330.5606	26.5606	 2.33	 0.11	220.32	 1.06	 0.49	 1.00	12.28	 1.92	330.40	291.88	295.39	 0.00	 0.00	0	54.00
2014	11	27	13.663	7270.5693	330.5693	26.5693	 2.40	 0.11	218.11	 0.93	 0.97	 1.00	12.32	 1.96	330.51	291.58	293.75	 0.00	302.74	0	54.00
2014	11	27	13.870	7270.5779	330.5779	26.5779	 2.47	 0.16	221.33	 1.23	 0.35	 1.00	12.28	 1.97	330.50	291.56	296.89	270.19	 0.00	0	54.04
2014	11	27	14.089	7270.5871	330.5871	26.5871	 2.42	 0.13	222.31	 1.14	 0.86	 1.00	12.40	 2.04	330.53	291.51	296.25	269.97	298.66	0	53.99
2014	11	27	14.298	7270.5958	330.5958	26.5958	 2.19	 0.12	218.84	 1.35	 5.59	 0.98	12.32	 1.84	330.51	291.33	294.74	270.08	300.47	0	54.02
2014	11	27	14.506	7270.6044	330.6044	26.6044	 2.21	 0.13	216.96	 1.35	 1.33	 1.00	12.32	 1.84	330.51	291.25	293.20	269.99	300.36	0	54.00
2014	11	27	14.715	7270.6131	330.6131	26.6131	 2.17	 0.12	217.75	 1.31	 1.51	 1.00	12.32	 1.91	330.54	291.16	293.90	269.61	300.27	0	53.92
2014	11	27	14.923	7270.6218	330.6218	26.6218	 2.18	 0.10	220.02	 1.14	 1.41	 1.00	12.32	 1.97	330.52	291.04	295.53	269.31	300.16	0	53.86
2014	11	27	15.131	7270.6305	330.6305	26.6305	 2.13	 0.12	218.44	 1.39	 3.13	 1.00	12.32	 1.87	330.49	290.94	293.13	269.24	300.04	0	53.85
2014	11	27	15.340	7270.6392	330.6392	26.6392	 2.36	 0.12	217.75	 1.07	 0.51	 1.00	12.32	 1.92	330.49	290.89	294.12	269.60	301.87	0	53.92
2014	11	27	15.548	7270.6478	330.6478	26.6478	 2.18	 0.10	218.28	 1.09	 1.81	 1.00	12.32	 1.93	330.53	290.89	293.47	270.05	299.86	0	54.01
2014	11	27	15.757	7270.6565	330.6565	26.6565	 2.19	 0.14	216.21	 1.51	 1.70	 1.00	12.32	 1.77	330.53	290.84	292.07	269.95	299.79	0	53.99
2014	11	27	15.977	7270.6657	330.6657	26.6657	 2.08	 0.11	219.30	 1.42	 1.85	 1.00	12.40	 1.96	330.55	290.74	292.53	269.74	299.74	0	53.95
2014	11	27	16.186	7270.6744	330.6744	26.6744	 1.96	 0.08	217.35	 1.13	 0.92	 1.00	12.32	 1.92	330.49	290.63	292.81	269.61	299.65	0	53.92
2014	11	27	16.394	7270.6831	330.6831	26.6831	 1.98	 0.09	216.63	 1.31	 2.69	 1.00	12.30	 1.85	330.48	290.54	292.74	269.57	299.55	0	53.91
2014	11	27	16.603	7270.6918	330.6918	26.6918	 2.02	 0.08	218.17	 1.09	 2.29	 0.99	12.32	 1.93	330.49	290.44	294.11	269.24	299.45	0	53.85
2014	11	27	16.811	7270.7005	330.7005	26.7005	 1.94	 0.11	218.52	 1.60	 1.59	 1.00	12.30	 1.86	330.50	290.35	293.40	269.23	299.36	0	53.85
2014	11	27	17.020	7270.7092	330.7092	26.7092	 1.84	 0.06	220.44	 1.06	 1.37	 1.00	12.32	 1.89	330.53	290.34	294.39	269.63	299.30	0	53.93
2014	11	27	17.228	7270.7178	330.7178	26.7178	 1.75	 0.08	215.02	 1.43	 0.72	 1.00	12.32	 1.70	330.51	290.33	292.29	270.16	299.24	0	54.03
2014	11	27	17.437	7270.7265	330.7265	26.7265	 1.91	 0.09	219.23	 1.36	 1.37	 1.00	12.32	 2.00	330.52	290.34	293.63	270.74	299.20	0	54.15
2014	11	27	17.645	7270.7352	330.7352	26.7352	 1.97	 0.08	220.36	 1.16	 0.93	 1.00	12.32	 2.03	330.58	290.76	294.87	275.34	299.20	0	55.07
2014	11	27	17.865	7270.7444	330.7444	26.7444	 1.84	 0.08	217.34	 1.37	 1.44	 1.00	12.40	 1.97	330.68	291.89	293.18	282.37	299.53	0	56.47
2014	11	27	18.074	7270.7531	330.7531	26.7531	 1.87	 0.07	213.37	 1.10	 0.62	 1.00	12.30	 1.84	330.72	293.14	292.77	287.51	300.05	0	57.50
2014	11	27	18.282	7270.7618	330.7618	26.7618	 1.88	 0.08	217.36	 1.27	 4.25	 0.98	12.32	 1.99	330.70	294.44	294.16	290.98	300.69	0	58.20
2014	11	27	18.491	7270.7705	330.7705	26.7705	 1.83	 0.08	214.19	 1.38	 2.71	 1.00	12.30	 1.86	330.72	295.69	293.22	292.84	301.37	0	58.57
2014	11	27	18.699	7270.7791	330.7791	26.7791	 1.95	 0.10	213.66	 1.39	 2.11	 1.00	12.32	 1.96	330.75	296.93	294.70	294.07	302.07	0	58.81
2014	11	27	18.908	7270.7878	330.7878	26.7878	 1.92	 0.07	218.15	 1.05	 0.63	 1.00	12.32	 2.01	330.49	298.19	296.29	293.91	302.78	0	58.78
2014	11	27	19.116	7270.7965	330.7965	26.7965	 1.76	 0.10	214.90	 1.76	 2.10	 1.00	12.32	 1.82	330.78	299.17	296.29	293.65	300.86	0	58.73
2014	11	27	19.324	7270.8052	330.8052	26.8052	 1.87	 0.08	216.33	 1.33	 2.81	 1.00	12.32	 1.89	330.80	300.19	297.56	294.40	304.29	0	58.88
2014	11	27	19.532	7270.8139	330.8139	26.8139	 1.81	 0.08	215.27	 1.31	 1.54	 1.00	12.30	 1.88	330.82	301.14	296.75	295.36	305.07	0	59.07
2014	11	27	19.747	7270.8228	330.8228	26.8228	 1.75	 0.07	214.19	 1.32	 1.73	 1.00	12.38	 1.79	330.85	302.04	296.32	295.24	305.83	0	59.05
2014	11	27	19.956	7270.8315	330.8315	26.8315	 1.97	 0.06	218.36	 0.83	 1.75	 0.99	12.32	 1.98	330.87	302.87	299.81	294.44	306.58	0	58.89
2014	11	27	20.165	7270.8402	330.8402	26.8402	 1.97	 0.08	221.46	 1.17	 2.25	 1.00	12.30	 2.03	330.85	303.64	301.51	294.96	307.29	0	58.99
2014	11	27	20.373	7270.8489	330.8489	26.8489	 1.86	 0.05	220.49	 0.74	 1.25	 0.99	12.32	 2.00	330.89	304.42	301.48	295.18	307.99	0	59.04
2014	11	27	20.581	7270.8575	330.8575	26.8575	 2.00	 0.07	220.51	 1.01	 1.70	 1.00	12.28	 1.91	330.87	305.12	302.29	294.10	 0.00	0	58.82
2014	11	27	20.997	7270.8749	330.8749	26.8749	 2.75	 0.14	217.30	 0.80	 1.68	 0.99	12.32	 1.83	330.90	306.31	302.98	296.00	310.00	0	59.20
2014	11	27	21.206	7270.8836	330.8836	26.8836	 3.06	 0.26	218.41	 1.07	 0.13	 1.00	12.32	 1.87	330.89	306.78	303.75	296.22	310.59	0	59.24
2014	11	27	21.414	7270.8923	330.8923	26.8923	 3.13	 0.31	216.40	 1.19	 2.56	 1.00	12.32	 1.72	330.92	307.29	302.69	297.38	311.19	0	59.48
2014	11	27	21.629	7270.9012	330.9012	26.9012	 3.61	 0.47	221.02	 1.10	 1.14	 1.00	12.40	 1.96	330.88	307.71	304.30	296.43	311.80	0	59.29
2014	11	27	21.838	7270.9099	330.9099	26.9099	 3.46	 0.38	216.07	 1.01	 0.51	 1.00	12.32	 1.69	330.93	308.17	303.68	297.21	312.36	0	59.44
2014	11	27	22.046	7270.9186	330.9186	26.9186	 2.99	 0.19	220.74	 0.86	 0.44	 1.00	12.32	 1.89	330.93	308.55	306.07	298.93	312.91	0	59.79
2014	11	27	22.255	7270.9273	330.9273	26.9273	 2.98	 0.20	218.88	 0.92	 1.48	 1.00	12.32	 1.81	330.92	308.87	306.27	299.37	313.44	0	59.87
2014	11	27	22.463	7270.9360	330.9360	26.9360	 3.33	 0.32	220.67	 0.99	 1.02	 1.00	12.32	 1.87	330.94	309.21	308.25	299.89	313.95	0	59.98
2014	11	27	22.880	7270.9533	330.9533	26.9533	 3.24	 0.34	216.92	 1.15	 1.86	 1.00	12.32	 1.63	330.95	309.63	308.49	298.35	314.88	0	59.67
2014	11	27	23.297	7270.9707	330.9707	26.9707	 3.23	 0.29	218.98	 1.01	 0.10	 1.00	12.30	 1.71	330.93	309.79	309.00	298.46	315.66	0	59.69
2014	11	27	23.512	7270.9797	330.9797	26.9797	 3.27	 0.30	214.24	 0.96	 3.15	 0.99	12.40	 1.56	330.92	309.79	307.79	297.42	315.75	0	59.48
2014	11	27	23.721	7270.9884	330.9884	26.9884	 3.75	 0.49	216.11	 0.97	 0.67	 1.00	12.30	 1.64	330.93	309.79	307.96	297.24	316.06	0	59.45
2014	11	28	0.346	7271.0144	331.0144	27.0144	 3.24	 0.32	218.21	 1.07	 0.54	 1.00	12.32	 1.61	330.85	309.42	309.92	294.74	316.60	0	58.95
2014	11	28	0.763	7271.0318	331.0318	27.0318	 3.86	 0.72	215.86	 1.27	 2.76	 1.00	12.32	 1.52	330.90	309.07	310.51	296.82	316.73	0	59.36
2014	11	28	0.971	7271.0405	331.0405	27.0405	 4.01	 0.60	220.80	 0.92	 0.90	 1.00	12.32	 1.71	330.88	308.88	311.57	296.30	316.79	0	59.26
2014	11	28	1.180	7271.0492	331.0492	27.0492	 3.67	 0.54	219.24	 1.18	 0.16	 1.00	12.32	 1.56	330.86	308.60	311.34	295.54	316.77	0	59.11
2014	11	28	1.394	7271.0581	331.0581	27.0581	 4.69	 1.23	218.24	 0.94	 1.10	 1.00	12.40	 1.64	330.88	308.35	309.81	295.18	316.74	0	59.04
2014	11	28	1.604	7271.0668	331.0668	27.0668	 4.05	 0.59	218.48	 0.87	 2.83	 0.98	12.30	 1.60	330.83	307.97	310.68	293.67	316.71	0	58.73
2014	11	28	1.812	7271.0755	331.0755	27.0755	 4.12	 0.50	221.97	 0.70	 2.34	 0.97	12.32	 1.73	330.85	307.58	310.44	292.87	316.57	0	58.57
2014	11	28	2.020	7271.0842	331.0842	27.0842	 4.34	 0.99	216.38	 1.07	 0.45	 1.00	12.30	 1.50	330.80	307.17	309.46	291.57	316.43	0	58.31
2014	11	28	2.229	7271.0929	331.0929	27.0929	 4.68	 1.25	220.72	 0.98	 0.63	 1.00	12.32	 1.64	330.82	306.71	310.54	289.94	316.19	0	57.99
2014	11	28	2.437	7271.1016	331.1016	27.1016	 3.50	 0.41	214.79	 1.05	 0.85	 1.00	12.33	 1.58	330.78	306.25	307.47	289.47	315.94	0	57.89
2014	11	28	2.646	7271.1102	331.1102	27.1102	 3.80	 0.55	217.69	 1.04	 1.46	 1.00	12.32	 1.59	330.79	305.77	309.52	289.56	315.65	0	57.91
2014	11	28	2.854	7271.1189	331.1189	27.1189	 3.06	 0.21	218.05	 0.87	 0.87	 1.00	12.30	 1.61	330.80	305.31	309.07	288.60	315.27	0	57.72
2014	11	28	3.063	7271.1276	331.1276	27.1276	 3.79	 0.30	221.30	 0.58	 0.70	 1.00	12.32	 1.72	330.75	304.81	309.34	286.46	315.12	0	57.29
2014	11	28	3.277	7271.1366	331.1366	27.1366	 3.50	 0.39	222.02	 1.03	 1.60	 1.00	12.40	 1.66	330.74	304.18	309.25	282.01	314.91	0	56.40
2014	11	28	3.486	7271.1453	331.1453	27.1453	 3.36	 0.40	218.73	 1.21	 0.84	 1.00	12.30	 1.61	330.72	303.53	307.85	278.01	314.33	0	55.60
2014	11	28	3.695	7271.1539	331.1539	27.1539	 5.02	 1.49	221.54	 0.83	 0.42	 1.00	12.32	 1.80	330.76	302.92	307.84	276.58	313.75	0	55.32
2014	11	28	3.903	7271.1626	331.1626	27.1626	 3.31	 0.35	221.14	 1.14	 1.59	 1.00	12.30	 1.73	330.72	302.32	308.29	275.84	313.21	0	55.17
2014	11	28	4.112	7271.1713	331.1713	27.1713	 3.56	 0.43	217.73	 1.04	 0.53	 1.00	12.32	 1.65	330.72	301.84	306.44	275.48	312.65	0	55.10
2014	11	28	4.320	7271.1800	331.1800	27.1800	 3.11	 0.31	222.61	 1.25	 0.99	 1.00	12.32	 1.87	330.74	301.31	308.03	274.63	312.10	0	54.93
2014	11	28	4.540	7271.1892	331.1892	27.1892	 2.71	 0.20	219.41	 1.19	 0.98	 1.00	12.53	 1.71	330.73	300.74	307.70	274.29	311.53	0	54.86
2014	11	28	4.940	7271.2058	331.2058	27.2058	 2.89	 0.17	218.11	 0.82	 0.41	 1.00	12.37	 1.73	330.72	299.82	306.04	272.09	308.90	0	54.42
2014	11	28	5.149	7271.2145	331.2145	27.2145	 2.82	 0.23	216.78	 1.20	 1.82	 1.00	12.32	 1.67	330.68	299.29	305.11	272.14	310.03	0	54.43
2014	11	28	5.566	7271.2319	331.2319	27.2319	 2.56	 0.16	217.81	 1.17	 0.32	 1.00	12.32	 1.80	330.67	298.27	303.53	271.76	308.98	0	54.35
2014	11	28	5.774	7271.2406	331.2406	27.2406	 2.41	 0.16	219.96	 1.31	 1.52	 1.00	12.32	 1.82	330.67	297.81	304.70	271.68	308.50	0	54.34
2014	11	28	5.983	7271.2493	331.2493	27.2493	 2.43	 0.13	220.48	 1.06	 1.12	 1.00	12.32	 1.88	330.65	297.38	303.53	271.55	308.04	0	54.31
2014	11	28	6.191	7271.2580	331.2580	27.2580	 2.56	 0.15	219.53	 1.07	 0.36	 1.00	12.32	 1.82	330.65	296.97	303.67	271.43	309.31	0	54.29
2014	11	28	6.400	7271.2667	331.2667	27.2667	 2.27	 0.11	219.82	 1.08	 1.42	 1.00	12.30	 1.87	330.64	296.59	302.02	271.51	307.17	0	54.30
2014	11	28	6.823	7271.2843	331.2843	27.2843	 2.14	 0.11	218.66	 1.21	 1.04	 1.00	12.40	 1.88	330.65	295.90	301.56	271.60	306.37	0	54.32
2014	11	28	7.032	7271.2930	331.2930	27.2930	 2.29	 0.10	218.59	 0.97	 0.65	 1.00	12.32	 1.94	330.65	295.59	301.90	271.27	306.01	0	54.25
2014	11	28	7.240	7271.3017	331.3017	27.3017	 2.15	 0.11	218.50	 1.30	 1.90	 1.00	12.32	 1.90	330.62	295.30	300.89	270.86	305.66	0	54.17
2014	11	28	7.449	7271.3104	331.3104	27.3104	 2.00	 0.09	218.02	 1.16	 2.82	 0.99	12.32	 1.83	330.66	295.04	300.40	270.70	305.32	0	54.14
2014	11	28	7.657	7271.3191	331.3191	27.3191	 1.90	 0.07	214.76	 1.09	 4.07	 0.97	12.32	 1.71	330.62	294.82	298.09	270.53	305.00	0	54.11
2014	11	28	7.866	7271.3277	331.3277	27.3277	 2.15	 0.13	217.81	 1.51	 0.74	 1.00	12.32	 1.88	330.61	294.59	299.70	270.45	304.69	0	54.09
2014	11	28	8.074	7271.3364	331.3364	27.3364	 1.83	 0.09	217.81	 1.48	 1.93	 1.00	12.30	 1.84	330.59	294.33	298.59	270.58	306.07	0	54.12
2014	11	28	8.287	7271.3453	331.3453	27.3453	 1.85	 0.08	217.87	 1.23	 1.30	 1.00	12.83	 1.93	330.61	294.08	299.54	270.64	303.99	0	54.13
2014	11	28	8.500	7271.3542	331.3542	27.3542	 1.67	 0.06	217.32	 1.34	 3.44	 0.99	12.32	 1.88	330.58	293.81	298.74	270.60	303.87	0	54.12
2014	11	28	8.714	7271.3631	331.3631	27.3631	 1.65	 0.07	215.75	 1.58	 1.00	 1.00	12.40	 1.83	330.60	293.56	296.72	270.21	303.67	0	54.04
2014	11	28	8.923	7271.3718	331.3718	27.3718	 1.70	 0.07	217.91	 1.32	 0.53	 1.00	12.32	 1.81	330.54	293.32	298.44	269.81	303.33	0	53.96
2014	11	28	9.132	7271.3805	331.3805	27.3805	 1.68	 0.06	216.55	 1.13	 0.26	 1.00	12.32	 1.83	330.58	293.10	297.96	269.70	302.98	0	53.94
2014	11	28	9.340	7271.3892	331.3892	27.3892	 1.74	 0.06	213.59	 1.18	 3.52	 0.98	12.30	 1.82	330.59	292.87	295.78	269.47	302.82	0	53.89
2014	11	28	9.549	7271.3979	331.3979	27.3979	 1.80	 0.07	216.98	 1.24	 1.35	 1.00	12.32	 1.93	330.57	292.64	297.50	269.26	302.59	0	53.85
2014	11	28	9.757	7271.4065	331.4065	27.4065	 1.58	 0.06	216.23	 1.29	 0.66	 1.00	12.32	 1.79	330.55	292.43	297.69	269.10	302.29	0	53.82
2014	11	28	9.966	7271.4152	331.4152	27.4152	 1.67	 0.05	216.62	 1.00	 1.64	 0.99	12.32	 1.95	330.55	292.20	297.18	269.02	302.07	0	53.80
2014	11	28	10.174	7271.4239	331.4239	27.4239	 1.55	 0.06	218.14	 1.46	 1.04	 1.00	12.32	 1.92	330.55	291.98	297.49	268.83	301.87	0	53.77
2014	11	28	10.383	7271.4326	331.4326	27.4326	 1.58	 0.06	216.58	 1.33	 2.33	 1.00	12.32	 1.85	330.55	291.78	296.65	268.81	301.61	0	53.76
2014	11	28	10.596	7271.4415	331.4415	27.4415	 1.70	 0.05	215.26	 1.02	 1.44	 1.00	12.38	 1.87	330.54	291.82	295.51	 0.00	303.31	0	54.00
2014	11	28	10.804	7271.4502	331.4502	27.4502	 1.59	 0.05	216.39	 1.09	 4.45	 0.95	12.32	 1.89	330.55	291.46	294.47	269.11	299.33	0	53.82
2014	11	28	11.012	7271.4588	331.4588	27.4588	 1.74	 0.05	216.01	 0.93	 2.41	 0.98	12.30	 1.89	330.29	291.66	295.05	 0.00	302.89	0	54.00
2014	11	28	11.219	7271.4675	331.4675	27.4675	 1.79	 0.06	217.42	 0.99	 1.20	 1.00	12.28	 1.97	330.33	291.73	296.52	269.98	 0.00	0	54.00
2014	11	28	11.426	7271.4761	331.4761	27.4761	 1.61	 0.05	217.27	 1.18	 2.13	 0.99	12.30	 1.91	330.54	291.32	294.80	 0.00	 0.00	0	54.00
2014	11	28	11.634	7271.4848	331.4848	27.4848	 1.57	 0.07	214.73	 1.58	 0.26	 1.00	12.30	 1.79	330.51	291.22	294.33	 0.00	300.62	0	54.00
2014	11	28	11.842	7271.4934	331.4934	27.4934	 1.65	 0.07	212.59	 1.38	 3.93	 0.99	12.32	 1.74	330.55	291.14	292.47	 0.00	302.43	0	54.00
2014	11	28	12.049	7271.5020	331.5020	27.5020	 1.69	 0.06	218.33	 1.16	 1.91	 1.00	12.30	 2.05	330.55	291.00	295.10	 0.00	 0.00	0	54.00
2014	11	28	12.257	7271.5107	331.5107	27.5107	 1.60	 0.06	217.50	 1.38	 2.32	 1.00	12.32	 1.91	330.49	290.93	295.90	269.77	 0.00	0	53.95
2014	11	28	12.471	7271.5196	331.5196	27.5196	 1.68	 0.06	217.06	 1.26	 2.44	 0.99	12.40	 1.91	330.55	290.89	293.84	269.94	302.13	0	53.99
2014	11	28	12.680	7271.5283	331.5283	27.5283	 1.91	 0.07	217.94	 1.11	 2.35	 0.99	12.30	 2.04	330.56	290.89	295.36	270.38	300.14	0	54.08
2014	11	28	12.888	7271.5370	331.5370	27.5370	 1.79	 0.07	215.54	 1.25	 1.07	 1.00	12.32	 1.91	330.56	290.86	293.83	270.29	300.10	0	54.06
2014	11	28	13.096	7271.5457	331.5457	27.5457	 1.83	 0.07	215.58	 1.16	 4.65	 0.97	12.32	 1.90	330.56	290.79	293.33	269.41	 0.00	0	53.88
2014	11	28	13.304	7271.5543	331.5543	27.5543	 1.75	 0.05	216.42	 0.99	 1.81	 0.99	12.32	 1.95	330.55	290.74	294.52	269.71	299.97	0	53.94
2014	11	28	13.513	7271.5630	331.5630	27.5630	 1.70	 0.08	216.52	 1.56	 2.44	 1.00	12.32	 1.96	330.56	290.75	294.20	269.82	299.89	0	53.96
2014	11	28	13.721	7271.5717	331.5717	27.5717	 1.61	 0.07	216.21	 1.65	 3.48	 1.00	12.32	 1.90	330.54	290.74	293.72	269.89	299.83	0	53.98
2014	11	28	13.930	7271.5804	331.5804	27.5804	 1.64	 0.07	213.13	 1.40	 1.31	 1.00	12.30	 1.85	330.56	290.72	293.53	270.12	299.78	0	54.02
2014	11	28	14.138	7271.5891	331.5891	27.5891	 1.56	 0.06	212.65	 1.42	 0.29	 1.00	12.32	 1.82	330.56	290.66	292.25	269.97	299.72	0	53.99
2014	11	28	14.352	7271.5980	331.5980	27.5980	 1.74	 0.05	214.67	 0.99	 0.93	 1.00	12.38	 1.94	330.57	290.59	293.04	269.91	299.64	0	53.98
2014	11	28	14.562	7271.6067	331.6067	27.6067	 1.61	 0.05	218.76	 1.21	 2.31	 0.99	12.32	 1.91	330.56	290.55	294.60	269.56	299.60	0	53.91
2014	11	28	14.770	7271.6154	331.6154	27.6154	 1.80	 0.06	217.97	 1.05	 2.70	 0.99	12.30	 2.04	330.53	290.46	294.59	269.56	299.53	0	53.91
2014	11	28	14.978	7271.6241	331.6241	27.6241	 1.58	 0.07	215.30	 1.73	 1.52	 1.00	12.32	 1.95	330.52	290.37	293.17	269.42	299.43	0	53.88
2014	11	28	15.186	7271.6328	331.6328	27.6328	 1.54	 0.04	219.12	 0.96	 2.02	 0.98	12.30	 1.93	330.51	290.25	294.94	269.05	299.35	0	53.81
2014	11	28	15.395	7271.6414	331.6414	27.6414	 1.67	 0.06	215.54	 1.30	 2.20	 1.00	12.32	 1.88	330.51	290.15	293.57	268.90	299.25	0	53.78
2014	11	28	15.603	7271.6501	331.6501	27.6501	 1.55	 0.05	215.74	 1.13	 5.83	 0.92	12.32	 1.90	330.54	290.09	293.58	269.08	299.15	0	53.82
2014	11	28	15.812	7271.6588	331.6588	27.6588	 1.51	 0.05	212.11	 1.32	 0.83	 1.00	12.32	 1.77	330.54	290.03	292.74	269.07	299.10	0	53.81
2014	11	28	16.234	7271.6764	331.6764	27.6764	 1.40	 0.05	214.36	 1.39	 3.74	 0.98	12.40	 1.74	330.54	289.92	291.94	269.25	298.96	0	53.85
2014	11	28	16.444	7271.6852	331.6852	27.6852	 1.52	 0.06	211.70	 1.47	 3.30	 0.99	12.32	 1.82	330.56	289.93	291.92	269.51	298.93	0	53.90
2014	11	28	16.652	7271.6938	331.6938	27.6938	 1.45	 0.06	212.82	 1.58	 1.42	 1.00	12.32	 1.82	330.55	289.93	291.67	269.50	298.91	0	53.90
2014	11	28	16.861	7271.7025	331.7025	27.7025	 1.41	 0.04	214.89	 1.14	 1.67	 0.99	12.30	 1.93	330.53	289.90	292.94	269.55	298.89	0	53.91
2014	11	28	17.069	7271.7112	331.7112	27.7112	 1.42	 0.05	216.92	 1.48	 2.11	 1.00	12.32	 1.96	330.55	289.90	295.17	269.64	298.85	0	53.93
2014	11	28	17.277	7271.7199	331.7199	27.7199	 1.41	 0.04	215.70	 1.27	 2.27	 0.99	12.30	 1.94	330.57	289.91	293.12	269.79	298.81	0	53.96
2014	11	28	17.486	7271.7286	331.7286	27.7286	 1.40	 0.05	214.16	 1.56	 6.76	 0.97	12.32	 1.91	330.59	290.02	294.03	271.08	298.82	0	54.22
2014	11	28	17.694	7271.7373	331.7373	27.7373	 1.44	 0.05	214.56	 1.45	 1.30	 1.00	12.32	 1.94	330.66	290.58	293.26	275.57	298.90	0	55.11
2014	11	28	17.903	7271.7460	331.7460	27.7460	 1.46	 0.05	210.93	 1.38	 3.87	 0.98	12.32	 1.80	330.67	291.45	292.31	281.53	299.22	0	56.31
2014	11	28	18.117	7271.7549	331.7549	27.7549	 1.58	 0.06	212.33	 1.28	 2.77	 0.99	12.38	 1.93	330.76	292.63	293.67	286.82	299.72	0	57.36
2014	11	28	18.326	7271.7636	331.7636	27.7636	 1.56	 0.06	211.27	 1.34	 2.97	 0.99	12.32	 1.90	330.76	293.91	294.49	290.84	300.35	0	58.17
2014	11	28	18.534	7271.7723	331.7723	27.7723	 1.55	 0.05	212.92	 1.12	 2.77	 0.98	12.32	 1.92	330.77	295.21	294.67	294.17	301.00	0	58.83
2014	11	28	18.742	7271.7809	331.7809	27.7809	 1.65	 0.06	215.47	 1.18	 3.18	 0.99	12.30	 2.03	330.44	296.53	295.86	294.18	 0.00	0	58.84
2014	11	28	18.950	7271.7896	331.7896	27.7896	 1.90	 0.08	214.49	 1.14	 1.51	 1.00	12.32	 2.04	330.80	297.58	297.76	293.92	302.53	0	58.78
2014	11	28	19.159	7271.7983	331.7983	27.7983	 1.74	 0.08	211.78	 1.44	 1.74	 1.00	12.30	 1.86	330.81	298.65	295.58	293.33	303.00	0	58.67
2014	11	28	19.367	7271.8070	331.8070	27.8070	 1.92	 0.09	209.99	 1.36	 2.16	 1.00	12.32	 1.84	330.84	299.67	295.82	293.28	303.95	0	58.66
2014	11	28	19.576	7271.8157	331.8157	27.8157	 1.74	 0.05	214.15	 0.90	 0.58	 1.00	12.30	 1.91	330.86	300.63	298.33	294.23	304.72	0	58.85
2014	11	28	19.784	7271.8243	331.8243	27.8243	 2.09	 0.07	216.46	 0.79	 2.47	 0.97	12.32	 2.05	330.89	301.59	300.45	296.30	305.47	0	59.26
2014	11	28	20.207	7271.8420	331.8420	27.8420	 2.18	 0.15	218.00	 1.68	 3.02	 1.00	12.32	 1.92	330.91	303.23	302.32	294.38	307.02	0	58.88
2014	11	28	20.624	7271.8594	331.8594	27.8594	 2.81	 0.18	216.51	 0.94	 8.39	 0.86	12.32	 1.92	330.93	304.69	302.31	294.52	308.42	0	58.90
2014	11	28	20.833	7271.8680	331.8680	27.8680	 3.04	 0.28	218.32	 1.19	 3.64	 0.99	12.30	 1.96	330.93	305.33	304.27	294.38	309.08	0	58.88
2014	11	28	21.249	7271.8854	331.8854	27.8854	 3.80	 0.57	218.07	 1.09	 1.57	 1.00	12.32	 1.88	330.93	306.52	305.07	297.38	307.56	0	59.48
2014	11	28	21.457	7271.8941	331.8941	27.8941	 3.47	 0.36	216.35	 0.96	 1.98	 1.00	12.32	 1.75	330.95	306.94	305.01	295.77	310.93	0	59.15
2014	11	28	21.666	7271.9027	331.9027	27.9027	 3.78	 0.49	219.36	 0.95	 1.17	 1.00	12.30	 1.87	330.94	307.36	306.15	295.02	311.50	0	59.00
2014	11	28	21.881	7271.9117	331.9117	27.9117	 3.64	 0.55	216.11	 1.22	 1.66	 1.00	12.40	 1.71	330.96	307.76	305.80	295.32	312.04	0	59.06
2014	11	28	22.089	7271.9204	331.9204	27.9204	 3.99	 0.63	214.12	 0.97	 1.90	 1.00	12.32	 1.64	330.98	308.11	306.33	296.51	312.59	0	59.30
2014	11	28	22.298	7271.9291	331.9291	27.9291	 3.17	 0.25	221.78	 0.92	 0.24	 1.00	12.30	 1.82	330.96	308.43	308.66	296.28	313.08	0	59.26
2014	11	28	22.506	7271.9378	331.9378	27.9378	 3.12	 0.17	218.06	 0.66	 1.40	 0.99	12.32	 1.73	330.96	308.67	308.27	294.02	313.52	0	58.80
2014	11	28	22.715	7271.9464	331.9464	27.9464	 2.89	 0.21	214.41	 1.01	 1.28	 1.00	12.30	 1.64	330.97	308.92	307.88	294.17	313.94	0	58.83
2014	11	28	22.923	7271.9551	331.9551	27.9551	 3.05	 0.27	218.24	 1.12	 1.47	 1.00	12.32	 1.79	330.98	309.11	308.99	293.95	314.36	0	58.79
2014	11	28	23.132	7271.9638	331.9638	27.9638	 2.03	 0.13	217.87	 1.68	 2.39	 1.00	12.32	 1.74	330.96	309.17	309.07	293.83	314.67	0	58.77
2014	11	28	23.340	7271.9725	331.9725	27.9725	 2.69	 0.11	216.16	 0.69	 1.36	 0.99	12.32	 1.70	330.96	309.20	308.75	294.73	314.97	0	58.95
2014	11	28	23.971	7271.9988	331.9988	27.9988	 2.79	 0.18	219.89	 0.98	 9.25	 0.86	12.30	 1.63	330.82	309.11	309.73	 0.00	 0.00	0	54.00
2014	11	29	0.178	7272.0074	332.0074	28.0074	 2.23	 0.14	215.68	 1.38	 1.41	 1.00	12.30	 1.57	330.94	308.92	310.24	293.95	318.28	0	58.79
2014	11	29	0.595	7272.0248	332.0248	28.0248	 3.36	 0.42	217.34	 1.24	 2.75	 1.00	12.32	 1.60	330.89	308.55	310.36	292.98	315.90	0	58.60
2014	11	29	0.804	7272.0335	332.0335	28.0335	 2.84	 0.24	215.96	 1.26	 5.65	 0.98	12.30	 1.57	330.89	308.28	311.22	293.56	315.91	0	58.71
2014	11	29	1.012	7272.0422	332.0422	28.0422	 4.57	 0.96	220.32	 0.84	 1.94	 0.99	12.32	 1.74	330.90	308.07	311.31	295.10	315.90	0	59.02
2014	11	29	1.220	7272.0508	332.0508	28.0508	 3.45	 0.50	213.30	 1.33	 2.29	 1.00	12.30	 1.48	330.89	307.79	309.73	292.57	315.93	0	58.51
2014	11	29	1.429	7272.0595	332.0595	28.0595	 4.27	 0.77	215.60	 0.90	 0.68	 1.00	12.32	 1.55	330.91	307.43	310.36	290.73	315.89	0	58.15
2014	11	29	1.643	7272.0685	332.0685	28.0685	 2.90	 0.20	215.59	 0.96	 1.70	 1.00	12.40	 1.57	330.86	307.05	309.90	291.23	315.76	0	58.25
2014	11	29	1.852	7272.0772	332.0772	28.0772	 2.52	 0.13	209.64	 0.93	 0.80	 1.00	12.32	 1.39	330.83	306.69	310.36	291.43	315.65	0	58.29
2014	11	29	2.061	7272.0859	332.0859	28.0859	 2.07	 0.09	215.88	 1.13	 3.11	 0.99	12.30	 1.60	330.85	306.34	309.90	290.53	315.43	0	58.11
2014	11	29	2.269	7272.0945	332.0945	28.0945	 2.19	 0.10	218.83	 1.04	 1.42	 1.00	12.32	 1.72	330.83	305.90	310.26	288.47	315.21	0	57.69
2014	11	29	2.478	7272.1032	332.1032	28.1032	 4.00	 0.45	216.27	 0.69	 2.46	 0.97	12.32	 1.75	330.79	305.43	309.80	286.60	315.08	0	57.32
2014	11	29	2.686	7272.1119	332.1119	28.1119	21.08	19395954.50	217.35	 1.12	 9.15	 0.94	12.32	 1.77	330.79	304.99	310.48	285.61	314.93	0	57.12
2014	11	29	2.894	7272.1206	332.1206	28.1206	 3.50	 0.37	218.18	 0.96	 9.98	 0.85	12.32	 1.77	330.77	304.51	310.22	283.71	314.70	0	56.74
2014	11	29	3.103	7272.1293	332.1293	28.1293	 3.99	 0.53	216.76	 0.83	 7.05	 0.87	12.30	 1.59	330.78	303.90	310.02	280.90	314.31	0	56.18
2014	11	29	3.311	7272.1380	332.1380	28.1380	 4.25	 0.81	219.19	 0.98	 2.85	 0.99	12.32	 1.74	330.72	303.50	309.30	278.47	313.81	0	55.69
2014	11	29	3.734	7272.1556	332.1556	28.1556	 2.58	 0.15	212.90	 1.05	 0.48	 1.00	12.32	 1.58	330.79	302.14	307.60	276.21	312.85	0	55.24
2014	11	29	3.942	7272.1643	332.1643	28.1643	 2.03	 0.05	212.69	 0.65	 1.63	 0.97	12.32	 1.61	330.75	301.70	307.10	275.90	312.36	0	55.18
2014	11	29	4.150	7272.1729	332.1729	28.1729	 2.59	 0.18	207.71	 1.19	 6.11	 0.97	12.30	 1.52	330.72	301.32	306.54	276.13	310.13	0	55.23
2014	11	29	4.358	7272.1816	332.1816	28.1816	 2.08	 0.09	214.51	 1.13	 2.35	 0.99	12.32	 1.73	330.75	300.83	306.96	276.07	311.43	0	55.21
2014	11	29	4.567	7272.1903	332.1903	28.1903	 2.02	 0.05	216.41	 0.72	 5.19	 0.78	12.32	 1.79	330.74	300.46	306.72	275.85	311.02	0	55.17
2014	11	29	4.775	7272.1990	332.1990	28.1990	 1.95	 0.10	215.30	 1.36	 1.37	 1.00	12.30	 1.74	330.74	300.11	307.17	275.67	310.64	0	55.13
2014	11	29	4.984	7272.2077	332.2077	28.2077	 1.96	 0.06	213.49	 0.83	 1.00	 1.00	12.32	 1.68	330.73	299.80	307.09	275.53	310.25	0	55.11
2014	11	29	5.192	7272.2163	332.2163	28.2163	 2.30	 0.10	216.15	 0.97	 2.97	 0.98	12.32	 1.76	330.71	299.54	305.80	275.28	309.90	0	55.06
2014	11	29	5.406	7272.2253	332.2253	28.2253	 2.59	 0.17	217.22	 1.18	 0.76	 1.00	12.38	 1.79	330.76	299.31	305.48	274.98	309.57	0	55.00
2014	11	29	5.616	7272.2340	332.2340	28.2340	 2.71	 0.15	217.79	 0.87	 2.25	 0.99	12.32	 1.83	330.72	299.10	305.21	274.55	309.28	0	54.91
2014	11	29	5.824	7272.2427	332.2427	28.2427	 2.24	 0.12	216.50	 1.21	 3.30	 0.99	12.32	 1.77	330.71	298.85	306.03	273.94	308.97	0	54.79
2014	11	29	6.032	7272.2514	332.2514	28.2514	 2.20	 0.11	215.96	 1.12	 1.29	 1.00	12.32	 1.82	330.71	298.59	303.14	273.48	308.64	0	54.70
2014	11	29	6.241	7272.2600	332.2600	28.2600	 2.37	 0.11	221.46	 0.96	 0.86	 1.00	12.32	 1.95	330.71	298.36	305.28	273.34	308.33	0	54.67
2014	11	29	6.448	7272.2687	332.2687	28.2687	 2.76	 0.19	221.49	 1.08	 2.63	 0.99	12.28	 1.92	330.13	298.34	303.63	 0.00	 0.00	0	54.00
2014	11	29	6.655	7272.2773	332.2773	28.2773	 2.53	 0.15	218.01	 1.10	 1.27	 1.00	12.30	 1.87	330.69	297.69	302.29	272.50	 0.00	0	54.50
2014	11	29	6.863	7272.2860	332.2860	28.2860	 2.50	 0.10	219.04	 0.74	 0.86	 1.00	12.32	 1.94	330.69	297.33	302.60	272.22	307.36	0	54.44
2014	11	29	7.072	7272.2947	332.2947	28.2947	 2.47	 0.17	216.62	 1.35	 1.75	 1.00	12.32	 1.73	330.70	297.03	302.54	271.86	307.02	0	54.37
2014	11	29	7.286	7272.3036	332.3036	28.3036	 2.54	 0.12	217.36	 0.88	 0.94	 1.00	12.40	 1.85	330.68	296.75	300.88	271.83	306.71	0	54.37
2014	11	29	7.495	7272.3123	332.3123	28.3123	 3.02	 0.19	217.83	 0.81	 0.89	 1.00	12.32	 1.86	330.67	296.52	301.87	271.52	306.42	0	54.30
2014	11	29	7.704	7272.3210	332.3210	28.3210	 2.91	 0.21	217.56	 1.02	 3.25	 0.99	12.32	 1.82	330.67	296.26	302.09	271.14	306.12	0	54.23
2014	11	29	7.912	7272.3297	332.3297	28.3297	 3.15	 0.33	218.11	 1.22	 0.50	 1.00	12.32	 1.89	330.63	296.05	300.95	271.05	305.82	0	54.21
2014	11	29	8.121	7272.3384	332.3384	28.3384	 2.85	 0.21	215.85	 1.06	 2.69	 0.99	12.30	 1.85	330.68	295.87	300.34	270.45	305.57	0	54.09
2014	11	29	8.329	7272.3470	332.3470	28.3470	 3.18	 0.24	220.60	 0.89	 2.85	 0.98	12.32	 1.95	330.65	295.57	302.71	270.35	305.30	0	54.07
2014	11	29	8.537	7272.3557	332.3557	28.3557	 3.00	 0.27	217.53	 1.20	 1.50	 1.00	12.30	 1.93	330.63	295.22	300.81	270.18	304.97	0	54.04
2014	11	29	8.746	7272.3644	332.3644	28.3644	 2.69	 0.23	215.83	 1.37	 1.31	 1.00	12.32	 1.83	330.63	294.90	298.49	270.16	304.63	0	54.03
2014	11	29	8.954	7272.3731	332.3731	28.3731	 2.67	 0.16	216.41	 1.01	 2.55	 0.99	12.32	 1.85	330.62	294.69	299.31	270.60	304.33	0	54.12
2014	11	29	9.169	7272.3820	332.3820	28.3820	 2.63	 0.13	219.07	 0.84	 1.85	 0.99	12.40	 1.93	330.65	294.49	301.44	270.84	303.92	0	54.17
2014	11	29	9.378	7272.3908	332.3908	28.3908	 2.59	 0.15	215.85	 1.02	 1.59	 1.00	12.32	 1.83	330.63	294.24	299.35	270.21	303.84	0	54.04
2014	11	29	9.586	7272.3994	332.3994	28.3994	 2.65	 0.15	216.49	 0.98	 2.21	 0.99	12.30	 1.90	330.58	293.99	298.02	269.81	303.71	0	53.96
2014	11	29	9.795	7272.4081	332.4081	28.4081	 2.76	 0.14	215.67	 0.80	 0.56	 1.00	12.32	 1.89	330.58	293.81	299.67	270.39	303.52	0	54.08
2014	11	29	10.003	7272.4168	332.4168	28.4168	 2.59	 0.17	216.53	 1.15	 0.65	 1.00	12.32	 1.89	330.57	293.68	298.85	271.49	303.21	0	54.30
2014	11	29	10.212	7272.4255	332.4255	28.4255	 2.47	 0.10	217.46	 0.81	 1.47	 0.99	12.32	 1.92	330.58	293.52	299.05	271.29	302.95	0	54.26
2014	11	29	10.629	7272.4429	332.4429	28.4429	 2.07	 0.09	216.02	 1.11	 1.85	 1.00	12.30	 1.87	330.60	293.06	298.30	269.86	302.71	0	53.97
2014	11	29	10.837	7272.4516	332.4516	28.4516	 2.10	 0.09	214.71	 1.05	 1.70	 1.00	12.32	 1.84	330.56	292.83	297.98	269.93	302.48	0	53.99
2014	11	29	11.052	7272.4605	332.4605	28.4605	 2.02	 0.09	214.96	 1.13	 2.55	 0.99	12.40	 1.85	330.63	292.57	298.41	269.44	302.18	0	53.89
2014	11	29	11.261	7272.4692	332.4692	28.4692	 2.14	 0.09	219.20	 1.10	 2.20	 0.99	12.32	 2.03	330.59	292.32	299.54	268.86	302.01	0	53.77
2014	11	29	11.469	7272.4779	332.4779	28.4779	 1.84	 0.08	216.29	 1.24	 2.20	 1.00	12.30	 1.87	330.56	292.10	297.92	269.53	301.82	0	53.91
2014	11	29	11.678	7272.4866	332.4866	28.4866	 1.88	 0.10	215.83	 1.52	 1.55	 1.00	12.32	 1.89	330.52	291.92	297.83	270.54	301.56	0	54.11
2014	11	29	11.886	7272.4953	332.4953	28.4953	 1.88	 0.06	214.75	 0.85	 1.25	 0.99	12.30	 1.86	330.53	291.77	296.85	270.78	301.36	0	54.16
2014	11	29	12.095	7272.5039	332.5039	28.5039	 2.05	 0.08	218.29	 1.05	 1.83	 1.00	12.32	 1.98	330.55	291.64	298.14	270.07	301.18	0	54.01
2014	11	29	12.303	7272.5126	332.5126	28.5126	 2.13	 0.08	213.91	 0.94	 2.04	 0.99	12.32	 1.90	330.58	291.47	296.07	269.51	301.03	0	53.90
2014	11	29	12.511	7272.5213	332.5213	28.5213	 1.95	 0.08	216.73	 1.13	 1.04	 1.00	12.30	 1.80	330.57	291.32	296.39	269.26	302.81	0	53.85
2014	11	29	12.720	7272.5300	332.5300	28.5300	 2.11	 0.13	213.30	 1.53	 1.74	 1.00	12.32	 1.79	330.59	291.18	295.68	269.30	300.72	0	53.86
2014	11	29	12.934	7272.5389	332.5389	28.5389	 2.07	 0.10	215.60	 1.23	 1.68	 1.00	12.40	 1.81	330.61	291.01	295.55	268.87	300.55	0	53.77
2014	11	29	13.144	7272.5477	332.5477	28.5477	 2.21	 0.14	214.01	 1.42	 1.31	 1.00	12.30	 1.84	330.58	290.88	294.38	268.73	300.39	0	53.75
2014	11	29	13.352	7272.5563	332.5563	28.5563	 2.26	 0.09	214.62	 0.89	 1.52	 0.99	12.32	 1.83	330.57	290.76	295.56	268.73	300.24	0	53.75
2014	11	29	13.560	7272.5650	332.5650	28.5650	 2.15	 0.11	215.16	 1.28	 1.07	 1.00	12.32	 1.88	330.56	290.64	295.55	268.44	300.12	0	53.69
2014	11	29	13.769	7272.5737	332.5737	28.5737	 2.19	 0.11	213.13	 1.13	 2.49	 0.99	12.32	 1.78	330.33	290.80	294.45	268.21	299.95	0	53.64
2014	11	29	13.976	7272.5823	332.5823	28.5823	 2.24	 0.11	216.59	 1.08	 1.70	 1.00	12.28	 1.94	330.51	290.87	295.89	 0.00	 0.00	0	54.00
2014	11	29	14.183	7272.5910	332.5910	28.5910	 2.24	 0.11	215.51	 1.11	 1.89	 1.00	12.32	 1.90	330.53	290.40	295.83	268.07	 0.00	0	53.61
2014	11	29	14.392	7272.5997	332.5997	28.5997	 2.40	 0.11	216.97	 0.95	 1.65	 1.00	12.32	 1.96	330.58	290.09	294.92	268.43	297.54	0	53.69
2014	11	29	14.600	7272.6083	332.6083	28.6083	 2.69	 0.23	216.52	 1.38	 0.66	 1.00	12.28	 1.88	330.60	290.04	295.80	268.62	299.34	0	53.72
2014	11	29	14.814	7272.6172	332.6172	28.6172	 2.40	 0.15	220.76	 1.32	 1.25	 1.00	12.40	 2.06	330.60	289.99	296.08	268.57	299.25	0	53.71
2014	11	29	15.023	7272.6260	332.6260	28.6260	 2.54	 0.14	214.70	 1.02	 1.94	 1.00	12.30	 1.86	330.60	289.92	294.46	268.45	299.18	0	53.69
2014	11	29	15.232	7272.6347	332.6347	28.6347	 2.48	 0.16	215.90	 1.26	 3.44	 0.99	12.32	 1.91	330.52	289.82	295.55	268.25	299.07	0	53.65
2014	11	29	15.440	7272.6433	332.6433	28.6433	 2.31	 0.10	217.05	 0.93	 1.77	 0.99	12.32	 1.95	330.58	289.73	295.25	268.15	298.95	0	53.63
2014	11	29	15.649	7272.6520	332.6520	28.6520	 2.29	 0.12	215.38	 1.13	 1.66	 1.00	12.30	 1.88	330.56	289.65	293.54	268.20	298.83	0	53.64
2014	11	29	15.857	7272.6607	332.6607	28.6607	 2.52	 0.14	216.44	 1.04	 0.98	 1.00	12.32	 1.93	330.58	289.57	294.01	268.35	298.72	0	53.67
2014	11	29	16.065	7272.6694	332.6694	28.6694	 2.34	 0.12	218.05	 1.11	 1.92	 1.00	12.32	 1.93	330.59	289.53	295.20	268.57	298.64	0	53.71
2014	11	29	16.274	7272.6781	332.6781	28.6781	 2.44	 0.12	217.13	 0.96	 1.30	 1.00	12.30	 1.91	330.56	289.49	294.37	268.61	298.63	0	53.72
2014	11	29	16.482	7272.6868	332.6868	28.6868	 2.39	 0.14	212.71	 1.21	 2.91	 0.99	12.32	 1.72	330.54	289.45	292.09	268.49	298.52	0	53.70
2014	11	29	16.697	7272.6957	332.6957	28.6957	 2.51	 0.14	218.72	 1.09	 1.18	 1.00	12.38	 2.02	330.57	289.40	295.11	268.82	298.45	0	53.76
2014	11	29	16.906	7272.7044	332.7044	28.7044	 2.42	 0.18	215.40	 1.47	 0.80	 1.00	12.32	 1.84	330.54	289.43	292.84	269.51	298.40	0	53.90
2014	11	29	17.115	7272.7131	332.7131	28.7131	 2.37	 0.15	214.91	 1.32	 2.14	 1.00	12.32	 1.82	330.55	289.49	293.86	270.11	298.39	0	54.02
2014	11	29	17.323	7272.7218	332.7218	28.7218	 2.20	 0.09	218.07	 0.97	 0.54	 1.00	12.32	 1.91	330.56	289.58	294.95	270.83	298.41	0	54.17
2014	11	29	17.532	7272.7305	332.7305	28.7305	 2.62	 0.18	216.83	 1.22	 1.99	 1.00	12.32	 1.97	330.60	289.76	294.32	272.90	298.46	0	54.58
2014	11	29	17.740	7272.7392	332.7392	28.7392	 2.36	 0.09	217.52	 0.80	 1.47	 0.99	12.30	 1.91	330.66	290.46	294.73	278.12	298.60	0	55.62
2014	11	29	17.949	7272.7479	332.7479	28.7479	 2.30	 0.18	214.38	 1.64	 1.36	 1.00	12.32	 1.81	330.72	291.61	293.98	282.49	299.01	0	56.50
2014	11	29	18.157	7272.7565	332.7565	28.7565	 2.16	 0.11	216.26	 1.20	 1.91	 1.00	12.32	 1.91	330.73	292.77	294.57	283.87	299.55	0	56.77
2014	11	29	18.366	7272.7652	332.7652	28.7652	 2.16	 0.10	212.87	 1.10	 3.22	 0.99	12.32	 1.88	330.76	293.89	293.17	285.63	300.07	0	57.13
2014	11	29	18.580	7272.7742	332.7742	28.7742	 2.26	 0.14	215.08	 1.42	 1.62	 1.00	12.38	 1.96	330.61	295.04	295.26	287.64	300.77	0	57.53
2014	11	29	18.789	7272.7829	332.7829	28.7829	 2.31	 0.14	212.80	 1.26	 2.35	 1.00	12.30	 1.84	330.73	296.04	295.82	288.71	301.35	0	57.74
2014	11	29	18.997	7272.7915	332.7915	28.7915	 2.37	 0.15	216.16	 1.30	 2.64	 1.00	12.32	 1.92	330.74	297.01	297.53	289.19	301.96	0	57.84
2014	11	29	19.205	7272.8002	332.8002	28.8002	 2.26	 0.10	215.43	 1.04	 2.00	 0.99	12.32	 1.91	330.77	297.95	297.25	289.89	302.62	0	57.98
2014	11	29	19.414	7272.8089	332.8089	28.8089	 2.57	 0.21	214.80	 1.44	 1.17	 1.00	12.32	 1.95	330.81	298.87	297.88	291.58	303.13	0	58.32
2014	11	29	19.622	7272.8176	332.8176	28.8176	 2.39	 0.17	214.91	 1.45	 1.21	 1.00	12.32	 1.91	330.85	299.82	298.41	292.63	303.83	0	58.53
2014	11	29	19.831	7272.8263	332.8263	28.8263	 2.29	 0.14	214.53	 1.37	 2.62	 1.00	12.30	 1.91	330.85	300.73	299.23	293.46	304.58	0	58.69
2014	11	29	20.039	7272.8350	332.8350	28.8350	 2.32	 0.10	210.02	 0.86	 3.90	 0.95	12.32	 1.75	330.90	301.62	298.27	294.14	305.32	0	58.83
2014	11	29	20.247	7272.8436	332.8436	28.8436	 2.40	 0.16	214.25	 1.33	 0.59	 1.00	12.32	 1.85	330.94	302.40	301.08	294.07	306.07	0	58.81
2014	11	29	20.462	7272.8526	332.8526	28.8526	 2.36	 0.09	215.45	 0.82	 1.74	 0.99	12.40	 1.91	330.89	303.13	301.25	293.45	306.83	0	58.69
2014	11	29	20.671	7272.8613	332.8613	28.8613	 2.46	 0.09	214.18	 0.71	 0.80	 1.00	12.32	 1.82	330.92	303.78	301.36	292.66	307.51	0	58.53
2014	11	29	20.880	7272.8700	332.8700	28.8700	 2.61	 0.16	217.80	 1.08	 1.61	 1.00	12.30	 1.97	330.89	304.37	303.55	294.30	308.15	0	58.86
2014	11	29	21.088	7272.8787	332.8787	28.8787	 2.64	 0.18	213.19	 1.12	 3.13	 0.99	12.32	 1.78	330.89	304.92	302.84	293.80	308.76	0	58.76
2014	11	29	21.296	7272.8873	332.8873	28.8873	 2.74	 0.21	216.17	 1.19	 1.98	 1.00	12.32	 1.83	330.85	305.37	304.22	292.76	309.29	0	58.55
2014	11	29	21.505	7272.8960	332.8960	28.8960	 2.65	 0.15	219.46	 0.97	 1.35	 1.00	12.32	 2.00	330.92	305.81	305.94	294.45	309.82	0	58.89
2014	11	29	21.713	7272.9047	332.9047	28.9047	 2.60	 0.17	213.26	 1.15	 3.51	 0.99	12.32	 1.73	330.86	306.16	304.51	294.51	310.35	0	58.90
2014	11	29	21.922	7272.9134	332.9134	28.9134	 2.71	 0.20	219.13	 1.23	 1.83	 1.00	12.32	 1.78	330.90	306.48	305.41	 0.00	310.79	0	54.00
2014	11	29	22.130	7272.9221	332.9221	28.9221	 2.94	 0.27	214.78	 1.25	 3.44	 0.99	12.30	 1.72	330.89	306.83	305.85	295.50	313.77	0	59.10
2014	11	29	22.344	7272.9310	332.9310	28.9310	 2.81	 0.24	215.49	 1.27	 0.77	 1.00	12.38	 1.78	330.75	306.95	305.29	293.69	 0.00	0	58.74
2014	11	29	22.554	7272.9397	332.9397	28.9397	 2.85	 0.20	220.59	 1.04	 0.96	 1.00	12.30	 1.93	330.91	307.14	308.59	294.02	314.48	0	58.80
2014	11	29	22.762	7272.9484	332.9484	28.9484	 3.29	 0.33	216.10	 1.04	 0.50	 1.00	12.32	 1.79	330.92	307.35	307.12	295.61	314.94	0	59.12
2014	11	29	23.179	7272.9658	332.9658	28.9658	 2.77	 0.16	215.58	 0.91	 3.12	 0.98	12.32	 1.72	330.89	307.59	307.45	294.55	313.17	0	58.91
2014	11	29	23.387	7272.9745	332.9745	28.9745	 3.06	 0.29	215.50	 1.18	 0.68	 1.00	12.32	 1.73	330.94	307.64	308.34	294.54	313.49	0	58.91
2014	11	29	23.596	7272.9832	332.9832	28.9832	 2.81	 0.16	216.49	 0.87	 1.27	 1.00	12.32	 1.76	330.93	307.70	308.31	294.96	313.78	0	58.99
2014	11	29	23.803	7272.9918	332.9918	28.9918	 2.63	 0.14	221.26	 0.91	 0.53	 1.00	12.28	 1.76	330.91	307.68	308.12	 0.00	 0.00	0	54.00
2014	11	30	0.010	7273.0004	333.0004	29.0004	 2.97	 0.18	216.18	 0.80	 4.43	 0.93	12.30	 1.78	330.67	307.56	308.98	293.84	 0.00	0	58.77
2014	11	30	0.224	7273.0094	333.0094	29.0094	 3.22	 0.23	216.08	 0.80	 1.78	 0.99	12.40	 1.73	330.91	307.40	309.72	293.93	314.37	0	58.79
2014	11	30	0.433	7273.0181	333.0181	29.0181	 2.89	 0.19	214.53	 0.90	 2.10	 0.99	12.32	 1.66	330.86	307.26	309.44	294.60	314.46	0	58.92
2014	11	30	0.642	7273.0267	333.0267	29.0267	 2.29	 0.13	215.43	 1.23	 0.95	 1.00	12.32	 1.64	330.89	307.09	309.01	294.93	314.59	0	58.99
2014	11	30	0.850	7273.0354	333.0354	29.0354	 3.01	 0.23	217.42	 1.00	 0.56	 1.00	12.32	 1.75	330.89	306.88	309.88	293.90	314.63	0	58.78
2014	11	30	1.059	7273.0441	333.0441	29.0441	 3.24	 0.26	217.31	 0.88	 1.23	 1.00	12.32	 1.71	330.85	306.65	309.29	292.39	314.69	0	58.48
2014	11	30	1.476	7273.0615	333.0615	29.0615	 3.05	 0.27	215.82	 1.10	 0.33	 1.00	12.32	 1.67	330.84	306.03	307.28	290.47	314.57	0	58.09
2014	11	30	1.684	7273.0702	333.0702	29.0702	 3.56	 0.39	217.03	 0.94	 3.23	 0.98	12.32	 1.72	330.82	305.65	308.24	289.50	314.43	0	57.90
2014	11	30	1.893	7273.0789	333.0789	29.0789	 3.14	 0.36	213.46	 1.32	 1.48	 1.00	12.32	 1.62	330.85	305.28	309.56	289.97	314.26	0	57.99
2014	11	30	2.107	7273.0878	333.0878	29.0878	 2.90	 0.21	217.25	 1.01	 0.81	 1.00	12.40	 1.71	330.84	304.89	309.57	289.50	316.06	0	57.90
2014	11	30	2.524	7273.1052	333.1052	29.1052	 3.59	 0.45	211.04	 1.01	 0.66	 1.00	12.30	 1.52	330.78	304.10	307.36	287.64	313.78	0	57.53
2014	11	30	2.733	7273.1139	333.1139	29.1139	 3.56	 0.52	212.07	 1.23	 0.87	 1.00	12.32	 1.60	330.78	303.65	307.99	285.78	313.55	0	57.16
2014	11	30	2.941	7273.1225	333.1225	29.1225	 3.00	 0.24	217.44	 1.06	 2.36	 0.99	12.32	 1.81	330.78	303.17	309.15	285.00	313.27	0	57.00
2014	11	30	3.150	7273.1312	333.1312	29.1312	 2.51	 0.11	217.46	 0.81	 0.71	 1.00	12.32	 1.74	330.75	302.58	309.07	281.78	312.95	0	56.36
2014	11	30	3.566	7273.1486	333.1486	29.1486	 2.28	 0.12	215.77	 1.19	 1.29	 1.00	12.32	 1.73	330.70	301.33	308.87	275.02	311.98	0	55.00
2014	11	30	3.775	7273.1573	333.1573	29.1573	 2.03	 0.09	213.92	 1.15	 0.30	 1.00	12.30	 1.69	330.72	300.60	307.21	273.77	311.35	0	54.75
2014	11	30	3.989	7273.1662	333.1662	29.1662	 2.00	 0.09	216.09	 1.18	 1.22	 1.00	12.38	 1.77	330.71	299.92	308.54	273.76	310.74	0	54.75
2014	11	30	4.197	7273.1749	333.1749	29.1749	 1.86	 0.07	215.63	 1.15	 0.76	 1.00	12.30	 1.73	330.65	299.54	307.69	273.06	 0.00	0	54.61
2014	11	30	4.405	7273.1836	333.1836	29.1836	 2.09	 0.10	217.30	 1.20	 0.65	 1.00	12.30	 1.84	330.62	298.77	306.81	272.93	309.60	0	54.59
2014	11	30	4.614	7273.1922	333.1922	29.1922	 2.11	 0.09	214.31	 1.07	 1.84	 1.00	12.32	 1.76	330.66	298.25	305.29	272.67	309.02	0	54.53
2014	11	30	4.822	7273.2009	333.2009	29.2009	 2.14	 0.20	213.12	 2.22	11.17	 0.99	12.32	 1.69	330.65	297.75	304.11	272.45	308.47	0	54.49
2014	11	30	5.031	7273.2096	333.2096	29.2096	 2.46	 0.74	213.14	 5.72	29.83	 1.00	12.32	 1.93	330.66	297.28	304.12	272.32	307.94	0	54.46
2014	11	30	5.239	7273.2183	333.2183	29.2183	 2.34	 0.22	217.97	 2.00	 2.62	 1.00	12.32	 1.92	330.64	296.87	305.83	272.15	307.49	0	54.43
2014	11	30	5.447	7273.2270	333.2270	29.2270	 2.36	 0.11	217.79	 1.00	 2.32	 0.99	12.30	 1.92	330.64	296.48	304.33	272.07	307.06	0	54.41
2014	11	30	5.656	7273.2357	333.2357	29.2357	 2.32	 0.09	218.61	 0.88	 1.34	 1.00	12.32	 1.96	330.63	296.12	302.94	272.07	306.60	0	54.41
2014	11	30	6.080	7273.2533	333.2533	29.2533	 2.47	 0.15	215.48	 1.20	 1.76	 1.00	12.32	 1.88	330.63	295.46	301.34	271.91	305.85	0	54.38
2014	11	30	6.288	7273.2620	333.2620	29.2620	 2.41	 0.12	213.95	 0.97	 3.06	 0.98	12.32	 1.78	330.66	295.17	300.88	271.66	305.54	0	54.33
2014	11	30	6.497	7273.2707	333.2707	29.2707	 2.39	 0.13	215.18	 1.11	 1.04	 1.00	12.32	 1.80	330.65	294.88	300.33	271.47	305.21	0	54.29
2014	11	30	6.705	7273.2794	333.2794	29.2794	 2.40	 0.08	214.79	 0.70	 0.99	 0.99	12.32	 1.82	330.64	294.61	300.32	271.40	304.89	0	54.28
2014	11	30	6.914	7273.2881	333.2881	29.2881	 2.47	 0.14	214.93	 1.04	 1.33	 1.00	12.30	 1.81	330.63	294.36	300.31	271.31	304.57	0	54.26
2014	11	30	7.122	7273.2968	333.2968	29.2968	 2.41	 0.15	217.40	 1.24	 1.32	 1.00	12.32	 1.92	330.64	294.12	300.72	271.13	304.26	0	54.23
2014	11	30	7.331	7273.3054	333.3054	29.3054	 2.45	 0.16	212.06	 1.21	 1.23	 1.00	12.32	 1.79	330.63	293.90	297.85	271.04	303.88	0	54.21
2014	11	30	7.539	7273.3141	333.3141	29.3141	 2.43	 0.17	215.31	 1.36	 1.70	 1.00	12.32	 1.87	330.62	293.67	299.55	271.13	303.74	0	54.23
2014	11	30	7.753	7273.3231	333.3231	29.3231	 2.48	 0.12	219.00	 0.93	 0.27	 1.00	12.40	 2.00	330.60	293.45	300.10	271.14	303.62	0	54.23
2014	11	30	7.963	7273.3318	333.3318	29.3318	 2.46	 0.13	215.86	 0.99	 2.28	 0.99	12.30	 1.87	330.62	293.25	298.72	270.83	303.23	0	54.17
2014	11	30	8.171	7273.3405	333.3405	29.3405	 2.45	 0.15	213.60	 1.20	 1.00	 1.00	12.32	 1.82	330.62	293.04	297.36	270.38	303.12	0	54.08
2014	11	30	8.379	7273.3491	333.3491	29.3491	 2.41	 0.11	218.32	 0.96	 1.06	 1.00	12.32	 1.92	330.60	292.86	299.54	270.31	302.89	0	54.06
2014	11	30	8.588	7273.3578	333.3578	29.3578	 2.57	 0.12	217.26	 0.83	 0.19	 1.00	12.32	 1.93	330.59	292.68	298.88	270.63	302.65	0	54.13
2014	11	30	8.796	7273.3665	333.3665	29.3665	 2.27	 0.14	216.23	 1.34	 1.05	 1.00	12.32	 1.86	330.61	292.54	298.15	270.93	302.43	0	54.19
2014	11	30	9.005	7273.3752	333.3752	29.3752	 2.53	 0.13	217.11	 0.93	 2.30	 0.99	12.30	 1.99	330.61	292.42	298.29	270.99	302.21	0	54.20
2014	11	30	9.213	7273.3839	333.3839	29.3839	 2.42	 0.14	219.24	 1.19	 1.50	 1.00	12.32	 2.02	330.59	292.30	298.96	271.09	302.05	0	54.22
2014	11	30	9.422	7273.3926	333.3926	29.3926	 2.47	 0.14	210.68	 1.07	 2.07	 1.00	12.32	 1.75	330.60	292.19	294.55	271.14	301.92	0	54.23
2014	11	30	9.636	7273.4015	333.4015	29.4015	 2.42	 0.13	215.53	 1.06	 0.58	 1.00	12.38	 1.83	330.62	292.06	297.12	271.14	301.81	0	54.23
2014	11	30	9.845	7273.4102	333.4102	29.4102	 2.32	 0.13	216.55	 1.16	 0.85	 1.00	12.32	 1.88	330.60	291.97	297.19	271.21	301.63	0	54.24
2014	11	30	10.054	7273.4189	333.4189	29.4189	 2.57	 0.18	215.98	 1.23	 0.57	 1.00	12.32	 1.89	330.59	291.87	297.55	271.34	301.50	0	54.27
2014	11	30	10.262	7273.4276	333.4276	29.4276	 2.47	 0.21	212.36	 1.59	 0.50	 1.00	12.30	 1.79	330.58	291.79	295.41	271.35	301.39	0	54.27
2014	11	30	10.471	7273.4363	333.4363	29.4363	 2.38	 0.14	212.51	 1.22	 2.27	 1.00	12.32	 1.78	330.58	291.70	295.08	271.23	301.28	0	54.25
2014	11	30	10.679	7273.4450	333.4450	29.4450	 2.52	 0.12	217.15	 0.91	 0.38	 1.00	12.30	 1.98	330.56	291.63	296.84	271.35	301.15	0	54.27
2014	11	30	10.887	7273.4536	333.4536	29.4536	 2.41	 0.12	218.81	 1.00	 2.57	 0.99	12.32	 1.99	330.55	291.55	297.18	271.27	300.97	0	54.25
2014	11	30	11.096	7273.4623	333.4623	29.4623	 2.52	 0.14	213.56	 1.04	 2.53	 0.99	12.32	 1.83	330.57	291.47	295.41	271.20	300.90	0	54.24
2014	11	30	11.304	7273.4710	333.4710	29.4710	 2.36	 0.14	215.95	 1.20	 1.30	 1.00	12.32	 1.89	330.57	291.40	296.87	271.31	300.79	0	54.26
2014	11	30	11.519	7273.4800	333.4800	29.4800	 2.37	 0.15	217.98	 1.36	 1.90	 1.00	12.40	 1.99	330.57	291.33	296.58	271.37	300.68	0	54.27
2014	11	30	11.728	7273.4887	333.4887	29.4887	 2.37	 0.15	214.19	 1.29	 0.92	 1.00	12.32	 1.85	330.56	291.26	295.17	271.40	300.65	0	54.28
2014	11	30	11.936	7273.4973	333.4973	29.4973	 2.27	 0.12	213.79	 1.12	 1.16	 1.00	12.30	 1.91	330.53	291.20	294.57	271.48	300.51	0	54.30
2014	11	30	12.145	7273.5060	333.5060	29.5060	 2.42	 0.15	216.25	 1.20	 0.40	 1.00	12.32	 1.93	330.60	291.15	296.04	271.32	300.40	0	54.26
2014	11	30	12.353	7273.5147	333.5147	29.5147	 2.23	 0.12	210.84	 1.21	 0.37	 1.00	12.32	 1.82	330.54	291.08	293.30	271.05	300.32	0	54.21
2014	11	30	12.562	7273.5234	333.5234	29.5234	 2.28	 0.11	216.68	 1.09	 2.13	 1.00	12.32	 1.96	330.55	291.02	296.33	271.08	300.20	0	54.22
2014	11	30	12.770	7273.5321	333.5321	29.5321	 2.28	 0.11	212.65	 1.02	 1.02	 1.00	12.32	 1.85	330.56	290.95	294.82	271.31	300.13	0	54.26
2014	11	30	12.979	7273.5408	333.5408	29.5408	 2.26	 0.12	214.82	 1.18	 2.78	 0.99	12.30	 1.89	330.59	290.92	295.63	271.39	300.05	0	54.28
2014	11	30	13.187	7273.5495	333.5495	29.5495	 2.22	 0.09	216.01	 0.93	 3.66	 0.97	12.32	 1.92	330.54	290.88	296.55	271.35	300.01	0	54.27
2014	11	30	13.401	7273.5584	333.5584	29.5584	 2.18	 0.11	215.04	 1.14	 1.61	 1.00	12.38	 1.90	330.56	290.93	295.71	271.24	299.90	0	54.25
2014	11	30	13.611	7273.5671	333.5671	29.5671	 2.08	 0.07	217.73	 0.87	 2.40	 0.98	12.32	 1.90	330.55	290.74	296.39	271.17	299.86	0	54.23
2014	11	30	13.819	7273.5758	333.5758	29.5758	 2.20	 0.13	216.64	 1.41	 2.64	 1.00	12.32	 1.99	330.56	290.68	296.39	271.18	299.78	0	54.24
2014	11	30	14.027	7273.5845	333.5845	29.5845	 2.27	 0.09	217.32	 0.92	 3.40	 0.97	12.32	 2.02	330.55	290.63	297.18	271.18	299.73	0	54.24
2014	11	30	14.236	7273.5932	333.5932	29.5932	 2.13	 0.11	216.21	 1.25	 1.56	 1.00	12.32	 2.02	330.54	290.57	295.85	271.14	299.61	0	54.23
2014	11	30	14.444	7273.6018	333.6018	29.6018	 2.06	 0.08	215.07	 1.06	 3.21	 0.98	12.32	 1.92	330.56	290.51	296.39	271.02	299.58	0	54.20
2014	11	30	14.652	7273.6105	333.6105	29.6105	 1.81	 0.07	213.44	 1.17	 1.68	 1.00	12.30	 1.84	330.32	290.68	294.36	 0.00	301.41	0	54.00
2014	11	30	14.859	7273.6191	333.6191	29.6191	 1.83	 0.09	212.47	 1.55	 2.41	 1.00	12.32	 1.92	330.26	290.67	293.78	 0.00	 0.00	0	54.00
2014	11	30	15.066	7273.6278	333.6278	29.6278	 1.65	 0.06	215.45	 1.27	 1.43	 1.00	12.30	 1.91	330.35	290.55	296.38	 0.00	 0.00	0	54.00
2014	11	30	15.280	7273.6367	333.6367	29.6367	 1.51	 0.06	210.57	 1.41	 1.85	 1.00	12.40	 1.85	330.61	290.53	294.44	270.52	299.36	0	54.10
2014	11	30	15.489	7273.6454	333.6454	29.6454	 1.40	 0.05	212.53	 1.34	 1.76	 1.00	12.30	 1.92	330.50	290.15	294.95	270.51	 0.00	0	54.10
2014	11	30	15.696	7273.6540	333.6540	29.6540	 1.42	 0.06	212.42	 1.77	 0.85	 1.00	12.30	 1.86	330.59	290.12	294.71	270.49	301.13	0	54.10
2014	11	30	15.905	7273.6627	333.6627	29.6627	 1.54	 0.05	213.47	 1.33	 3.03	 0.99	12.30	 2.00	330.58	290.03	295.21	270.51	301.11	0	54.10
2014	11	30	16.112	7273.6713	333.6713	29.6713	 1.55	 0.05	215.13	 1.21	 4.87	 0.96	12.30	 2.02	330.48	290.03	295.69	270.76	 0.00	0	54.15
2014	11	30	16.320	7273.6800	333.6800	29.6800	 1.55	 0.07	212.94	 1.55	 2.69	 1.00	12.30	 1.98	330.57	290.00	295.20	270.75	299.07	0	54.15
2014	11	30	16.529	7273.6887	333.6887	29.6887	 1.53	 0.05	210.89	 1.15	 3.31	 0.98	12.32	 1.93	330.56	289.98	294.15	271.05	299.03	0	54.21
2014	11	30	16.738	7273.6974	333.6974	29.6974	 1.43	 0.05	210.93	 1.27	 3.81	 0.98	12.30	 1.87	330.54	289.98	293.54	271.54	299.01	0	54.31
2014	11	30	16.946	7273.7061	333.7061	29.7061	 1.49	 0.04	212.98	 0.91	 0.99	 1.00	12.32	 1.96	330.53	289.98	295.82	271.81	298.97	0	54.36
2014	11	30	17.160	7273.7150	333.7150	29.7150	 1.40	 0.06	209.70	 1.81	 1.99	 1.00	12.40	 1.84	330.56	290.02	294.94	271.93	298.96	0	54.39
2014	11	30	17.369	7273.7237	333.7237	29.7237	 1.34	 0.06	210.11	 1.88	 0.56	 1.00	12.32	 1.75	330.57	290.04	292.54	271.89	298.97	0	54.38
2014	11	30	17.578	7273.7324	333.7324	29.7324	 1.30	 0.05	213.32	 1.80	 4.46	 0.99	12.32	 1.89	330.63	290.24	293.84	274.46	299.00	0	54.89
2014	11	30	17.786	7273.7411	333.7411	29.7411	 1.46	 0.03	212.85	 0.89	 3.98	 0.89	12.32	 2.02	330.70	291.05	294.57	279.28	299.17	0	55.86
2014	11	30	17.995	7273.7498	333.7498	29.7498	 1.44	 0.06	211.27	 1.68	 2.68	 1.00	12.30	 1.89	330.72	292.17	294.86	282.63	301.84	0	56.53
2014	11	30	18.203	7273.7585	333.7585	29.7585	 1.49	 0.06	211.24	 1.54	 4.64	 0.99	12.32	 2.02	330.71	293.30	296.46	284.68	300.09	0	56.94
2014	11	30	18.411	7273.7671	333.7671	29.7671	 1.29	 0.05	213.19	 1.62	 3.50	 0.99	12.32	 1.88	330.64	294.40	294.38	 0.00	300.69	0	54.00
2014	11	30	18.619	7273.7758	333.7758	29.7758	 1.28	 0.05	209.29	 1.67	 1.66	 1.00	12.30	 1.87	330.79	295.45	293.82	286.81	301.28	0	57.36
2014	11	30	18.828	7273.7845	333.7845	29.7845	 1.40	 0.05	211.70	 1.44	 0.68	 1.00	12.32	 2.01	330.80	296.43	296.51	287.80	301.82	0	57.56
2014	11	30	19.042	7273.7934	333.7934	29.7934	 1.17	 0.04	209.39	 1.62	 2.36	 0.99	12.40	 1.82	330.83	297.38	294.93	288.67	302.47	0	57.73
2014	11	30	19.251	7273.8021	333.8021	29.8021	 1.23	 0.05	210.99	 1.79	 1.83	 1.00	12.32	 1.89	330.85	298.28	297.04	289.13	303.00	0	57.83
2014	11	30	19.460	7273.8108	333.8108	29.8108	 1.21	 0.04	213.57	 1.41	 1.54	 1.00	12.32	 2.00	330.88	299.16	297.99	290.75	303.47	0	58.15
2014	11	30	19.668	7273.8195	333.8195	29.8195	 1.21	 0.04	209.40	 1.65	 3.89	 0.99	12.32	 1.90	330.86	300.01	297.13	292.42	304.23	0	58.48
2014	11	30	19.877	7273.8282	333.8282	29.8282	 1.29	 0.05	212.37	 1.77	 2.11	 1.00	12.30	 1.97	330.87	300.82	299.66	292.68	304.91	0	58.54
2014	11	30	20.085	7273.8369	333.8369	29.8369	 1.18	 0.04	209.42	 1.58	 0.88	 1.00	12.32	 1.79	330.86	301.52	300.03	291.82	305.55	0	58.36
2014	11	30	20.294	7273.8456	333.8456	29.8456	 1.18	 0.04	207.85	 1.67	 3.54	 0.99	12.32	 1.72	330.87	302.15	299.87	291.44	306.12	0	58.29
2014	11	30	20.502	7273.8542	333.8542	29.8542	 1.28	 0.04	211.14	 1.39	 3.35	 0.98	12.30	 1.89	330.89	302.75	302.19	291.82	306.71	0	58.36
2014	11	30	20.711	7273.8629	333.8629	29.8629	 1.75	 0.07	211.11	 1.20	 3.80	 0.98	12.32	 1.76	330.94	303.45	302.37	292.44	307.40	0	58.49
2014	11	30	20.925	7273.8719	333.8719	29.8719	 1.83	 0.08	213.79	 1.29	 3.47	 0.99	12.40	 1.91	330.96	304.16	302.90	293.78	307.98	0	58.76
2014	11	30	21.134	7273.8806	333.8806	29.8806	 3.04	 0.23	209.89	 0.94	 4.53	 0.96	12.32	 1.76	330.92	304.72	301.91	293.85	308.63	0	58.77
2014	11	30	21.343	7273.8893	333.8893	29.8893	 2.89	 0.18	211.78	 0.87	 1.14	 1.00	12.32	 1.70	331.00	305.26	303.23	293.35	309.22	0	58.67
2014	11	30	21.551	7273.8980	333.8980	29.8980	 2.95	 0.19	212.58	 0.88	 6.08	 0.91	12.30	 1.75	330.98	305.74	304.16	293.14	309.99	0	58.63
2014	11	30	21.759	7273.9066	333.9066	29.9066	 3.86	 0.55	212.14	 0.96	 0.51	 1.00	12.32	 1.70	331.00	306.19	304.22	294.05	310.35	0	58.81
2014	11	30	21.968	7273.9153	333.9153	29.9153	 2.46	 0.08	218.94	 0.63	 0.44	 1.00	12.30	 1.92	330.99	306.55	306.42	293.94	310.87	0	58.79
2014	11	30	22.176	7273.9240	333.9240	29.9240	 2.93	 0.21	216.50	 0.98	 0.52	 1.00	12.32	 1.79	330.97	306.85	305.90	294.84	311.37	0	58.97
2014	11	30	22.385	7273.9327	333.9327	29.9327	 2.90	 0.17	214.57	 0.81	 9.92	 0.69	12.32	 1.76	330.97	307.10	305.47	294.46	311.84	0	58.89
2014	11	30	22.593	7273.9414	333.9414	29.9414	 1.35	 0.05	213.27	 1.49	 1.32	 1.00	12.32	 1.70	330.96	307.30	305.04	294.49	312.27	0	58.90
2014	11	30	22.808	7273.9503	333.9503	29.9503	 3.10	 0.29	217.44	 1.13	 2.05	 1.00	12.40	 1.86	330.98	307.49	307.06	295.20	312.66	0	59.04
2014	11	30	23.017	7273.9590	333.9590	29.9590	 1.76	 0.06	211.01	 1.08	 0.63	 1.00	12.32	 1.71	330.93	307.60	305.11	294.88	313.06	0	58.98
2014	11	30	23.225	7273.9677	333.9677	29.9677	 1.77	 0.07	212.45	 1.21	 2.51	 0.99	12.32	 1.74	330.96	307.63	305.90	296.16	313.34	0	59.23
2014	11	30	23.434	7273.9764	333.9764	29.9764	 1.65	 0.08	208.01	 1.63	 1.05	 1.00	12.32	 1.53	330.96	307.62	305.01	294.86	313.62	0	58.97
2014	11	30	23.642	7273.9851	333.9851	29.9851	 1.49	 0.05	212.53	 1.41	 0.95	 1.00	12.30	 1.61	330.88	307.53	307.67	293.63	313.81	0	58.73
2014	11	30	23.851	7273.9938	333.9938	29.9938	 1.34	 0.04	213.29	 1.35	 1.11	 1.00	12.32	 1.62	330.93	307.52	306.82	296.34	313.98	0	59.27
