2001	1	26	21.025	2217.8760	25.8760	25.8760	 0.95	 0.04	208.65	 2.43	 3.78	 0.99	10.38	 1.78	325.49	288.34	286.35	281.81	287.34	0	56.36
2001	1	26	21.237	2217.8850	25.8849	25.8849	 0.85	 0.03	209.04	 2.62	 7.05	 0.97	10.37	 1.76	331.55	289.84	284.20	283.29	288.42	0	56.66
2001	1	26	21.451	2217.8938	25.8938	25.8938	 0.98	 0.05	208.02	 3.08	 1.17	 1.00	10.38	 1.91	331.45	291.23	287.01	285.61	289.94	0	57.12
2001	1	26	21.664	2217.9026	25.9027	25.9027	 0.90	 0.04	207.43	 2.65	 6.28	 0.98	10.40	 1.82	331.47	292.60	286.42	287.20	291.22	0	57.44
2001	1	26	21.877	2217.9116	25.9115	25.9115	 0.89	 0.03	202.76	 2.29	 4.84	 0.98	10.35	 1.77	331.65	293.87	286.31	288.37	292.63	0	57.67
2001	1	26	22.088	2217.9204	25.9203	25.9203	 0.84	 0.04	208.16	 3.36	 8.04	 0.99	10.27	 1.75	331.58	295.09	288.37	289.50	293.88	0	57.90
2001	1	26	22.298	2217.9292	25.9291	25.9291	 0.84	 0.04	210.27	 3.13	 2.81	 1.00	10.18	 1.78	331.60	296.02	290.86	290.96	296.14	0	58.19
2001	1	26	22.508	2217.9377	25.9378	25.9378	 0.86	 0.03	210.78	 2.25	11.02	 0.86	10.27	 1.72	331.64	296.96	291.88	291.08	297.58	0	58.22
2001	1	26	22.724	2217.9468	25.9468	25.9468	 0.98	 0.03	206.27	 1.99	 2.75	 0.99	10.32	 1.79	331.73	297.78	292.56	293.51	297.58	0	58.70
2001	1	26	22.935	2217.9556	25.9556	25.9556	 0.98	 0.03	215.75	 2.04	 6.38	 0.96	10.28	 1.83	331.79	298.54	295.38	292.27	298.72	0	58.45
2001	1	26	23.146	2217.9644	25.9644	25.9644	 1.51	 0.06	213.92	 1.57	 2.52	 1.00	10.27	 1.74	331.50	299.28	294.54	290.98	299.77	0	58.20
2001	1	26	23.356	2217.9731	25.9732	25.9732	 1.98	 0.09	214.52	 1.24	 0.29	 1.00	10.28	 1.74	331.89	299.85	297.00	289.85	300.47	0	57.97
2001	1	26	23.567	2217.9819	25.9819	25.9819	 1.67	 0.11	204.01	 2.11	 4.90	 1.00	10.27	 1.52	331.83	300.40	295.04	295.04	301.75	0	59.01
2001	1	26	23.777	2217.9907	25.9907	25.9907	 1.50	 0.07	210.28	 1.67	 3.19	 1.00	10.28	 1.78	331.54	300.86	299.61	294.77	303.86	0	58.95
2001	1	26	23.987	2217.9995	25.9995	25.9995	 1.68	 0.08	209.22	 1.49	 3.31	 0.99	10.20	 1.70	331.66	301.17	301.16	293.74	301.91	0	58.75
2001	1	27	0.198	2218.0083	26.0082	26.0082	 1.27	 0.04	214.70	 1.46	 1.21	 1.00	10.27	 1.90	331.78	301.53	303.01	294.31	304.57	0	58.86
2001	1	27	0.408	2218.0171	26.0170	26.0170	 1.17	 0.04	208.27	 1.69	 2.40	 1.00	10.23	 1.68	331.73	301.68	301.46	294.52	306.15	0	58.90
2001	1	27	0.624	2218.0259	26.0260	26.0260	 1.13	 0.04	208.16	 1.61	 1.48	 1.00	10.30	 1.64	331.80	302.34	302.40	293.80	309.59	0	58.76
2001	1	27	1.043	2218.0435	26.0434	26.0434	 1.28	 0.05	212.81	 1.87	 2.97	 1.00	10.15	 1.78	331.72	302.62	305.32	295.13	 0.00	0	59.03
2001	1	27	2.509	2218.1045	26.1045	26.1045	 1.35	 0.08	209.66	 2.61	 8.01	 0.99	10.25	 1.55	331.59	301.41	306.58	287.50	312.47	0	57.50
2001	1	27	2.719	2218.1133	26.1133	26.1133	 1.23	 0.05	212.05	 1.95	 2.88	 1.00	10.23	 1.63	331.53	300.80	307.05	286.85	309.69	0	57.37
2001	1	27	3.348	2218.1394	26.1395	26.1395	 1.30	 0.05	213.70	 1.86	 2.24	 1.00	10.35	 1.67	331.56	299.68	308.49	282.55	309.61	0	56.51
2001	1	27	3.977	2218.1658	26.1657	26.1657	 1.15	 0.07	215.80	 3.03	 1.14	 1.00	10.20	 1.56	331.57	298.61	308.52	274.17	309.50	0	54.83
2001	1	27	4.403	2218.1833	26.1834	26.1834	 1.17	 0.06	209.89	 2.44	 2.33	 1.00	10.33	 1.57	331.44	297.07	304.74	272.54	308.15	0	54.51
2001	1	27	4.614	2218.1921	26.1922	26.1922	 1.33	 0.06	214.94	 2.08	 3.86	 1.00	10.27	 1.76	331.17	296.66	305.99	272.24	307.74	0	54.45
2001	1	28	2.821	2219.1174	27.1175	27.1175	 0.98	 0.18	212.07	10.58	39.90	 1.00	10.13	 1.58	331.74	302.08	310.59	 0.00	 0.00	0	54.00
2001	1	28	4.503	2219.1877	27.1876	27.1876	 0.82	 0.07	210.04	 5.62	16.01	 0.99	10.20	 1.39	331.69	297.58	310.09	272.16	308.11	0	54.43
2001	1	28	6.402	2219.2668	27.2668	27.2668	 0.71	 0.06	206.26	 6.84	22.19	 0.98	10.25	 1.52	331.50	294.60	302.29	272.33	304.42	0	54.47
2001	1	28	7.458	2219.3108	27.3108	27.3108	 0.88	 0.10	213.86	 7.38	18.95	 1.00	10.30	 1.88	331.17	293.02	305.19	271.98	304.02	0	54.40
2001	1	28	8.090	2219.3372	27.3371	27.3371	 0.74	 0.13	216.39	13.27	69.08	 0.99	10.25	 1.63	331.44	292.61	302.03	271.90	302.21	0	54.38
2001	1	28	8.300	2219.3457	27.3458	27.3458	 0.68	 0.11	204.01	13.00	80.99	 0.98	10.25	 1.50	331.44	292.27	298.40	271.83	303.06	0	54.37
2001	1	28	10.198	2219.4248	27.4249	27.4249	 0.62	 0.10	213.96	14.08	17.87	 1.00	10.25	 1.62	331.47	291.16	294.79	271.47	301.57	0	54.29
2001	1	28	10.408	2219.4336	27.4337	27.4337	 0.25	 0.09	304.31	77.99	103.19	 0.98	10.22	 1.34	331.41	291.05	292.97	271.40	301.44	0	54.28
2001	1	28	11.678	2219.4866	27.4866	27.4866	 0.65	 0.08	208.50	10.56	33.04	 0.99	10.25	 1.67	331.53	290.57	297.25	271.66	300.79	0	54.33
2001	1	28	12.099	2219.5042	27.5041	27.5041	 0.69	 0.10	200.78	11.30	35.64	 0.99	10.27	 1.65	331.41	290.48	298.07	271.50	300.61	0	54.30
2001	1	28	12.309	2219.5129	27.5129	27.5129	 0.51	 0.08	219.65	16.37	43.54	 0.99	10.23	 1.52	331.40	290.41	297.36	271.43	301.15	0	54.29
2001	1	28	12.524	2219.5220	27.5219	27.5219	 0.78	 0.09	213.52	 8.40	42.68	 0.98	10.35	 1.80	331.36	290.35	299.48	271.36	300.39	0	54.27
2001	1	28	12.736	2219.5308	27.5307	27.5307	 0.58	 0.08	218.74	13.26	29.86	 0.99	10.22	 1.56	331.43	290.29	295.48	271.27	300.96	0	54.25
2001	1	28	12.946	2219.5396	27.5394	27.5394	 0.45	 0.10	230.23	24.68	31.02	 1.00	10.30	 1.53	331.13	290.22	293.51	271.19	300.26	0	54.24
2001	1	28	13.789	2219.5745	27.5745	27.5745	 0.46	 0.06	223.50	15.35	62.48	 0.93	10.37	 1.46	331.27	289.93	294.55	270.36	299.96	0	54.07
2001	1	28	14.000	2219.5833	27.5833	27.5833	 0.82	 0.06	208.61	 4.59	 1.51	 1.00	10.27	 1.91	331.46	289.94	300.11	270.33	299.86	0	54.07
2001	1	28	14.211	2219.5920	27.5921	27.5921	 0.67	 0.07	204.71	 8.53	10.05	 1.00	10.30	 1.65	331.29	289.79	294.22	270.53	299.79	0	54.11
2001	1	28	14.427	2219.6011	27.6011	27.6011	 0.76	 0.06	207.51	 6.13	15.68	 0.99	10.35	 1.83	331.44	289.72	296.29	270.33	299.72	0	54.07
2001	1	28	14.638	2219.6099	27.6099	27.6099	 0.72	 0.06	209.41	 6.21	 8.44	 1.00	10.23	 1.80	331.44	289.66	297.18	270.28	302.24	0	54.06
2001	1	28	14.848	2219.6187	27.6187	27.6187	 0.78	 0.06	204.95	 4.88	 4.35	 1.00	10.25	 1.82	331.49	289.68	295.79	270.04	299.57	0	54.01
2001	1	28	15.059	2219.6274	27.6274	27.6274	 0.76	 0.04	207.46	 3.94	 2.61	 1.00	10.23	 1.81	331.46	289.64	297.71	269.90	300.12	0	53.98
2001	1	28	15.479	2219.6450	27.6450	27.6450	 0.65	 0.05	207.69	 6.66	 8.48	 1.00	10.25	 1.68	331.29	289.44	295.63	270.08	299.35	0	54.02
2001	1	28	15.690	2219.6538	27.6538	27.6538	 0.75	 0.06	213.73	 5.72	 4.56	 1.00	10.30	 1.88	331.44	289.48	297.53	270.16	299.29	0	54.03
2001	1	28	15.901	2219.6626	27.6625	27.6625	 0.83	 0.04	211.50	 3.54	 3.99	 1.00	10.23	 1.78	331.47	289.34	298.70	269.82	299.22	0	53.96
2001	1	28	16.111	2219.6714	27.6713	27.6713	 0.75	 0.07	209.67	 7.36	11.82	 1.00	10.25	 1.62	331.55	289.37	296.18	269.79	299.86	0	53.96
2001	1	28	16.326	2219.6802	27.6803	27.6803	 0.91	 0.06	212.80	 4.12	 8.84	 1.00	10.33	 1.82	331.47	289.47	299.70	269.77	299.11	0	53.95
2001	1	28	17.169	2219.7153	27.7154	27.7154	 0.95	 0.06	204.16	 3.87	 1.89	 1.00	10.23	 1.82	331.47	289.52	295.25	270.33	299.55	0	54.07
2001	1	28	17.378	2219.7241	27.7241	27.7241	 0.81	 0.06	206.03	 4.72	 4.69	 1.00	10.17	 1.64	331.58	289.33	295.89	270.54	301.55	0	54.11
2001	1	28	17.799	2219.7417	27.7416	27.7416	 0.80	 0.07	214.52	 5.98	 0.63	 1.00	10.23	 1.62	331.48	289.82	297.60	270.91	299.52	0	54.18
2001	1	28	19.062	2219.7942	27.7943	27.7943	 1.09	 0.14	200.63	 6.62	 6.86	 1.00	10.18	 1.81	331.62	295.22	295.67	280.28	 0.00	0	56.06
2001	1	28	19.482	2219.8118	27.8118	27.8118	 0.66	 0.13	200.11	15.40	 9.49	 1.00	10.22	 1.38	331.82	296.75	295.45	280.61	301.82	0	56.12
2001	1	28	20.328	2219.8469	27.8470	27.8470	 0.95	 0.17	204.06	10.52	61.95	 1.00	10.28	 1.87	332.03	299.90	300.63	282.87	304.61	0	56.57
2001	1	28	23.275	2219.9697	27.9698	27.9698	 0.71	 0.22	211.05	23.73	19.77	 1.00	10.22	 1.40	331.94	305.19	303.07	285.68	313.64	0	57.14
2001	1	29	0.756	2220.0315	28.0315	28.0315	 0.84	 0.22	208.82	17.09	36.87	 1.00	10.27	 1.58	331.79	304.38	307.27	285.46	311.69	0	57.09
2001	1	29	3.287	2220.1370	28.1370	28.1370	 0.54	 0.15	204.68	26.54	70.04	 1.00	10.23	 1.16	331.57	300.11	305.26	280.82	309.42	0	56.16
2001	1	29	3.714	2220.1548	28.1547	28.1547	 0.49	 0.19	204.82	37.50	176.76	 0.99	10.33	 1.08	331.39	298.90	307.93	276.52	310.15	0	55.30
2001	1	29	6.034	2220.2515	28.2514	28.2514	 0.98	 0.08	210.01	 4.50	 7.27	 1.00	10.25	 1.63	331.49	293.86	303.46	271.56	305.45	0	54.31
2001	1	29	6.454	2220.2690	28.2689	28.2689	 1.09	 0.11	211.32	 5.45	14.15	 1.00	10.18	 1.74	331.35	293.53	303.33	271.31	303.66	0	54.26
2001	1	29	6.664	2220.2776	28.2777	28.2777	 0.87	 0.07	211.74	 4.96	 9.44	 1.00	10.23	 1.43	331.53	293.30	305.66	271.17	304.59	0	54.23
2001	1	29	6.874	2220.2864	28.2864	28.2864	 1.09	 0.06	211.68	 2.74	 2.61	 1.00	10.25	 1.80	331.55	292.95	301.67	271.19	304.23	0	54.24
2001	1	29	7.084	2220.2952	28.2952	28.2952	 1.16	 0.25	218.64	11.05	69.69	 1.00	10.25	 1.83	331.59	292.84	303.73	271.52	303.90	0	54.30
2001	1	29	7.294	2220.3040	28.3039	28.3039	 1.17	 0.15	206.42	 6.15	26.43	 1.00	10.22	 1.64	331.52	292.90	302.16	271.66	304.30	0	54.33
2001	1	29	7.510	2220.3130	28.3129	28.3129	 1.00	 0.08	207.78	 4.36	 4.60	 1.00	10.32	 1.60	331.52	292.56	300.26	271.74	303.60	0	54.35
2001	1	29	7.721	2220.3218	28.3217	28.3217	 1.02	 0.06	209.00	 3.40	 5.80	 1.00	10.30	 1.60	331.53	292.52	301.20	271.80	303.80	0	54.36
2001	1	29	7.932	2220.3306	28.3305	28.3305	 1.16	 0.04	208.94	 1.71	 0.90	 1.00	10.25	 1.79	331.54	292.38	300.68	271.77	303.12	0	54.35
2001	1	29	8.142	2220.3394	28.3392	28.3392	 1.03	 0.05	212.02	 2.59	 0.55	 1.00	10.25	 1.69	331.55	292.18	301.35	271.69	303.59	0	54.34
2001	1	29	8.352	2220.3479	28.3480	28.3480	 1.07	 0.06	211.29	 3.08	 6.33	 1.00	10.25	 1.68	331.54	292.08	301.68	271.66	303.49	0	54.33
2001	1	29	8.562	2220.3567	28.3568	28.3568	 0.98	 0.05	210.37	 2.93	 1.92	 1.00	10.25	 1.65	331.52	291.71	299.13	271.14	302.73	0	54.23
2001	1	29	8.772	2220.3655	28.3655	28.3655	 1.05	 0.03	210.44	 1.41	 0.88	 1.00	10.22	 1.68	331.63	291.89	300.65	270.41	301.27	0	54.08
2001	1	29	8.982	2220.3743	28.3742	28.3742	 1.08	 0.03	215.17	 1.59	 2.06	 0.99	10.22	 1.81	331.53	291.68	301.09	270.15	301.09	0	54.03
2001	1	29	9.192	2220.3831	28.3830	28.3830	 1.04	 0.03	210.93	 1.60	 1.04	 1.00	10.25	 1.67	331.53	291.54	300.28	269.43	302.11	0	53.89
2001	1	29	9.408	2220.3921	28.3920	28.3920	 1.11	 0.02	211.64	 1.14	 1.71	 0.99	10.32	 1.75	331.46	291.41	300.44	269.81	302.50	0	53.96
2001	1	29	9.618	2220.4006	28.4008	28.4008	 1.09	 0.04	214.25	 1.95	 1.13	 1.00	10.25	 1.74	331.35	291.33	300.94	270.26	301.75	0	54.05
2001	1	29	9.829	2220.4094	28.4095	28.4095	 1.07	 0.03	209.06	 1.62	 0.79	 1.00	10.33	 1.69	331.58	291.31	297.99	270.64	301.61	0	54.13
2001	1	29	10.039	2220.4182	28.4183	28.4183	 1.02	 0.17	214.76	 9.90	47.49	 1.00	10.22	 1.71	331.53	291.07	299.40	269.21	302.06	0	53.84
2001	1	29	10.249	2220.4270	28.4271	28.4271	 1.02	 0.03	213.93	 1.41	 3.83	 0.95	10.27	 1.77	331.37	290.81	299.23	268.49	301.27	0	53.70
2001	1	29	10.459	2220.4358	28.4358	28.4358	 1.03	 0.04	211.51	 1.96	 2.05	 1.00	10.27	 1.74	331.56	290.70	298.74	268.18	301.68	0	53.64
2001	1	29	10.670	2220.4446	28.4446	28.4446	 0.97	 0.03	213.11	 2.03	 2.87	 0.99	10.28	 1.70	331.59	290.52	298.67	268.09	300.92	0	53.62
2001	1	29	10.880	2220.4534	28.4533	28.4533	 1.13	 0.03	210.62	 1.59	 5.53	 0.96	10.22	 1.86	331.57	290.39	297.57	268.41	300.78	0	53.68
2001	1	29	11.306	2220.4712	28.4711	28.4711	 0.89	 0.06	213.84	 4.68	10.87	 1.00	10.32	 1.61	331.44	290.19	298.01	267.61	299.17	0	53.52
2001	1	29	11.516	2220.4797	28.4798	28.4798	 1.16	 0.27	203.60	11.06	79.18	 1.00	10.23	 1.71	331.62	289.95	298.08	267.39	300.25	0	53.48
2001	1	29	11.726	2220.4885	28.4886	28.4886	 1.04	 0.03	209.97	 1.54	 1.23	 1.00	10.23	 1.69	331.54	289.83	297.18	267.75	300.05	0	53.55
2001	1	29	11.936	2220.4973	28.4973	28.4973	 0.99	 0.04	211.45	 2.23	 7.32	 0.97	10.25	 1.64	331.54	289.75	298.15	268.19	299.88	0	53.64
2001	1	29	12.146	2220.5061	28.5061	28.5061	 1.06	 0.03	211.99	 1.47	 0.77	 1.00	10.23	 1.74	331.55	289.74	298.77	268.19	299.75	0	53.64
2001	1	29	12.356	2220.5149	28.5148	28.5148	 1.05	 0.03	212.33	 1.49	 1.22	 1.00	10.25	 1.76	331.55	289.52	297.50	268.22	299.63	0	53.64
2001	1	29	12.566	2220.5237	28.5236	28.5236	 1.04	 0.04	212.93	 2.24	 2.64	 1.00	10.25	 1.70	331.57	289.52	297.75	268.27	299.52	0	53.65
2001	1	29	12.776	2220.5325	28.5323	28.5323	 1.10	 0.03	214.28	 1.64	 1.31	 1.00	10.23	 1.75	331.53	289.46	298.30	268.17	299.42	0	53.63
2001	1	29	12.986	2220.5410	28.5411	28.5411	 1.09	 0.03	212.80	 1.60	 0.90	 1.00	10.25	 1.69	331.53	289.25	295.56	267.75	299.31	0	53.55
2001	1	29	13.202	2220.5500	28.5501	28.5501	 1.18	 0.04	212.50	 1.68	 1.12	 1.00	10.32	 1.75	331.44	289.29	297.37	267.82	299.81	0	53.56
2001	1	29	13.413	2220.5588	28.5589	28.5589	 1.16	 0.03	215.02	 1.43	 1.79	 0.99	10.27	 1.71	331.53	289.27	297.98	268.62	299.10	0	53.72
2001	1	29	13.623	2220.5676	28.5676	28.5676	 1.17	 0.04	209.87	 1.78	 1.80	 1.00	10.25	 1.66	331.36	289.37	296.19	269.33	299.03	0	53.87
2001	1	29	13.834	2220.5764	28.5764	28.5764	 1.23	 0.04	211.94	 1.51	 1.80	 1.00	10.22	 1.78	331.53	289.29	298.10	268.95	298.97	0	53.79
2001	1	29	14.045	2220.5852	28.5852	28.5852	 1.19	 0.03	213.59	 1.08	 0.28	 1.00	10.30	 1.75	331.62	289.26	297.43	268.61	298.94	0	53.72
2001	1	29	14.256	2220.5940	28.5940	28.5940	 1.19	 0.04	210.48	 1.55	 1.01	 1.00	10.25	 1.68	331.54	289.05	295.15	268.07	298.88	0	53.61
2001	1	29	14.466	2220.6028	28.6027	28.6027	 1.16	 0.03	214.88	 1.37	 1.23	 1.00	10.22	 1.76	331.54	289.12	297.27	268.34	298.78	0	53.67
2001	1	29	14.676	2220.6116	28.6115	28.6115	 1.19	 0.03	211.38	 1.35	 0.77	 1.00	10.20	 1.74	331.56	289.05	295.90	268.02	299.32	0	53.60
2001	1	29	14.886	2220.6204	28.6202	28.6202	 1.20	 0.03	213.70	 1.39	 3.54	 0.98	10.23	 1.80	331.52	288.98	297.39	267.76	298.63	0	53.55
2001	1	29	15.102	2220.6292	28.6292	28.6292	 1.18	 0.04	212.06	 1.79	 1.39	 1.00	10.33	 1.80	331.42	288.93	296.44	268.37	298.55	0	53.67
2001	1	29	15.312	2220.6379	28.6380	28.6380	 1.17	 0.05	210.04	 2.23	 3.40	 1.00	10.22	 1.76	331.53	288.93	294.73	269.41	298.49	0	53.88
2001	1	29	15.732	2220.6555	28.6555	28.6555	 1.12	 0.08	210.39	 3.49	11.07	 0.99	10.25	 1.60	331.50	289.00	295.46	270.54	298.43	0	54.11
2001	1	29	15.942	2220.6643	28.6643	28.6643	 1.26	 0.07	214.71	 2.58	 1.88	 1.00	10.25	 1.75	331.59	288.99	298.90	270.47	298.45	0	54.09
2001	1	29	16.153	2220.6731	28.6730	28.6730	 1.32	 0.07	211.95	 2.34	 3.58	 1.00	10.28	 1.84	331.57	289.45	296.10	270.35	298.45	0	54.07
2001	1	29	16.998	2220.7083	28.7083	28.7083	 1.26	 0.05	213.43	 1.91	 2.37	 1.00	10.35	 1.79	331.44	289.10	297.07	269.62	 0.00	0	53.92
2001	1	29	17.211	2220.7170	28.7171	28.7171	 1.14	 0.04	211.56	 1.82	 8.56	 0.94	10.38	 1.66	331.52	289.12	295.25	269.99	298.47	0	54.00
2001	1	29	17.424	2220.7261	28.7260	28.7260	 1.21	 0.07	208.69	 2.65	 2.16	 1.00	10.40	 1.67	331.53	289.09	295.24	270.14	298.47	0	54.03
2001	1	29	17.848	2220.7437	28.7437	28.7437	 1.18	 0.05	210.11	 2.08	 2.82	 1.00	10.23	 1.72	331.29	289.42	294.30	271.45	299.15	0	54.29
2001	1	29	18.058	2220.7524	28.7524	28.7524	 1.24	 0.05	211.14	 2.07	 2.92	 1.00	10.27	 1.74	331.61	290.03	297.09	274.75	298.60	0	54.95
2001	1	29	18.269	2220.7612	28.7612	28.7612	 1.37	 0.07	211.08	 2.13	 7.11	 0.99	10.33	 1.90	331.27	291.15	297.72	277.58	299.57	0	55.52
2001	1	29	18.480	2220.7700	28.7700	28.7700	 1.39	 0.08	211.83	 2.47	 5.36	 1.00	10.22	 1.92	331.71	292.23	298.46	279.00	299.30	0	55.80
2001	1	29	18.691	2220.7788	28.7788	28.7788	 1.34	 0.08	212.28	 2.56	 4.41	 1.00	10.37	 1.86	331.39	293.37	299.58	279.95	299.77	0	55.99
2001	1	29	18.908	2220.7878	28.7878	28.7878	 1.16	 0.08	210.36	 3.65	 5.07	 1.00	10.35	 1.65	331.61	294.30	299.06	280.91	300.28	0	56.18
2001	1	29	19.119	2220.7966	28.7966	28.7966	 1.31	 0.07	213.01	 2.33	 6.17	 0.99	10.22	 1.85	331.99	295.38	300.70	281.95	301.52	0	56.39
2001	1	29	19.329	2220.8054	28.8054	28.8054	 1.18	 0.08	205.08	 3.25	 1.86	 1.00	10.27	 1.67	331.88	296.18	297.50	281.13	301.31	0	56.23
2001	1	29	19.539	2220.8142	28.8141	28.8141	 1.19	 0.09	206.50	 3.60	 3.35	 1.00	10.20	 1.64	331.93	297.06	299.48	281.55	302.72	0	56.31
2001	1	29	19.749	2220.8228	28.8229	28.8229	 1.27	 0.10	213.10	 3.48	 9.60	 1.00	10.27	 1.81	331.93	297.93	303.30	283.99	302.34	0	56.80
2001	1	29	20.380	2220.8491	28.8492	28.8492	 1.23	 0.14	200.33	 5.22	 4.20	 1.00	10.23	 1.59	331.70	300.20	299.54	285.67	304.18	0	57.13
2001	1	29	20.808	2220.8669	28.8670	28.8670	 1.23	 0.08	204.85	 3.16	20.61	 0.97	10.33	 1.62	331.69	301.63	301.83	286.85	305.30	0	57.37
2001	1	29	21.018	2220.8757	28.8758	28.8758	 1.40	 0.09	212.63	 2.66	12.79	 0.99	10.22	 1.94	331.92	302.19	306.13	287.60	306.73	0	57.52
2001	1	29	21.228	2220.8845	28.8845	28.8845	 1.09	 0.10	201.74	 4.65	 4.98	 1.00	10.23	 1.54	331.71	302.71	302.56	288.36	307.51	0	57.67
2001	1	29	21.649	2220.9021	28.9020	28.9020	 0.99	 0.06	210.70	 3.24	12.53	 0.98	10.23	 1.54	331.99	303.83	303.79	290.47	307.69	0	58.09
2001	1	29	21.859	2220.9109	28.9108	28.9108	 1.07	 0.05	206.75	 2.42	 0.97	 1.00	10.23	 1.51	331.95	304.33	304.02	292.51	309.10	0	58.50
2001	1	29	22.068	2220.9194	28.9195	28.9195	 1.19	 0.06	203.95	 2.39	 7.69	 0.99	10.25	 1.54	331.94	304.80	305.24	293.38	308.87	0	58.68
2001	1	29	22.279	2220.9282	28.9283	28.9283	 0.97	 0.05	207.91	 3.25	 7.80	 0.99	10.23	 1.48	331.90	305.26	305.88	293.31	307.69	0	58.66
2001	1	29	22.489	2220.9370	28.9370	28.9370	 1.24	 0.05	212.67	 1.96	 4.23	 0.99	10.23	 1.68	331.99	305.67	308.03	293.66	310.82	0	58.73
2001	1	29	22.704	2220.9460	28.9460	28.9460	 1.15	 0.06	210.30	 2.51	 9.79	 0.98	10.33	 1.45	331.78	306.00	307.66	294.33	310.60	0	58.87
2001	1	29	23.126	2220.9636	28.9636	28.9636	 2.40	 0.15	214.11	 1.25	 1.63	 1.00	10.23	 1.57	332.01	306.57	310.05	294.80	311.64	0	58.96
2001	1	29	23.336	2220.9724	28.9723	28.9723	 2.74	 0.15	215.53	 0.88	 2.89	 0.98	10.20	 1.65	331.92	306.83	310.71	294.50	312.89	0	58.90
2001	1	29	23.546	2220.9810	28.9811	28.9811	 2.25	 0.12	216.56	 1.16	 0.54	 1.00	10.27	 1.63	331.81	307.08	310.64	296.92	312.58	0	59.38
2001	1	29	23.966	2220.9985	28.9986	28.9986	 2.69	 0.14	216.34	 0.84	 1.02	 1.00	10.25	 1.56	331.88	307.26	311.71	296.12	313.45	0	59.22
2001	1	30	0.387	2221.0161	29.0161	29.0161	 3.37	 0.53	207.41	 1.51	 6.33	 0.99	10.22	 1.32	331.75	307.23	310.54	291.80	314.82	0	58.36
2001	1	30	0.602	2221.0251	29.0251	29.0251	 2.96	 0.27	214.41	 1.22	 2.43	 1.00	10.33	 1.55	331.76	307.14	312.97	291.80	314.36	0	58.36
2001	1	30	0.813	2221.0339	29.0339	29.0339	 2.38	 0.10	211.09	 0.82	 1.40	 0.99	10.23	 1.43	331.97	307.03	312.91	293.04	314.48	0	58.61
2001	1	30	1.023	2221.0427	29.0426	29.0426	 2.11	 0.15	214.12	 1.70	 0.55	 1.00	10.28	 1.47	331.59	306.85	313.43	291.27	314.69	0	58.25
2001	1	30	1.234	2221.0515	29.0514	29.0514	 2.54	 0.18	215.53	 1.26	 4.32	 0.99	10.23	 1.54	331.89	306.66	311.92	291.18	315.58	0	58.24
2001	1	30	1.443	2221.0601	29.0601	29.0601	 2.41	 0.12	213.84	 1.02	 2.39	 0.99	10.25	 1.47	331.87	306.41	313.21	292.17	314.87	0	58.43
2001	1	30	1.654	2221.0688	29.0689	29.0689	 3.14	 0.23	213.75	 0.86	 0.91	 1.00	10.23	 1.51	331.87	306.16	313.09	293.07	314.88	0	58.61
2001	1	30	1.864	2221.0776	29.0777	29.0777	 2.95	 0.24	209.78	 1.04	 0.59	 1.00	10.27	 1.36	331.84	306.07	313.04	292.39	314.90	0	58.48
2001	1	30	2.076	2221.0864	29.0865	29.0865	 2.61	 0.12	204.19	 0.77	 5.13	 0.88	10.32	 1.26	331.91	305.64	312.30	290.56	314.96	0	58.11
2001	1	30	2.286	2221.0952	29.0953	29.0953	 2.49	 0.14	212.88	 1.02	 2.87	 0.99	10.23	 1.47	331.84	305.29	312.04	290.69	314.93	0	58.14
2001	1	30	2.502	2221.1042	29.1042	29.1042	 2.56	 0.10	214.16	 0.73	 2.54	 0.96	10.33	 1.53	331.74	304.97	313.36	290.48	314.87	0	58.10
2001	1	30	3.134	2221.1306	29.1306	29.1306	 1.33	 0.09	213.24	 3.08	 4.85	 1.00	10.23	 1.65	331.72	303.54	312.36	286.26	313.13	0	57.25
2001	1	30	3.344	2221.1394	29.1394	29.1394	 1.07	 0.09	201.32	 4.40	 7.91	 1.00	10.27	 1.25	331.82	303.03	311.44	284.63	314.19	0	56.93
2001	1	30	3.556	2221.1482	29.1481	29.1481	 1.03	 0.07	208.68	 3.58	 2.97	 1.00	10.22	 1.39	331.83	302.32	313.35	280.77	312.76	0	56.15
2001	1	30	3.766	2221.1570	29.1569	29.1569	 1.04	 0.05	209.28	 2.40	 3.23	 1.00	10.27	 1.60	331.68	301.60	311.09	277.99	313.53	0	55.60
2001	1	30	3.976	2221.1655	29.1656	29.1656	 1.03	 0.05	212.30	 2.52	 2.24	 1.00	10.18	 1.58	331.72	300.81	313.21	273.93	313.48	0	54.79
2001	1	30	4.185	2221.1743	29.1744	29.1744	 1.05	 0.04	208.11	 2.16	 2.69	 1.00	10.22	 1.55	331.71	300.08	311.10	273.48	312.89	0	54.70
2001	1	30	4.401	2221.1833	29.1834	29.1834	 0.91	 0.05	211.08	 3.69	 6.15	 1.00	10.33	 1.43	331.64	299.35	312.67	272.76	311.78	0	54.55
2001	1	30	4.613	2221.1921	29.1922	29.1922	 0.97	 0.05	209.62	 2.95	 2.69	 1.00	10.22	 1.48	331.73	298.70	310.02	272.35	311.68	0	54.47
2001	1	30	5.874	2221.2449	29.2448	29.2448	 0.99	 0.05	206.11	 2.85	 4.21	 1.00	10.27	 1.51	331.65	295.75	304.18	271.68	307.94	0	54.34
2001	1	30	6.302	2221.2625	29.2626	29.2626	 1.23	 0.24	209.37	 9.09	25.50	 1.00	10.33	 1.67	331.52	295.01	305.85	271.51	307.04	0	54.30
2001	1	30	6.724	2221.2800	29.2802	29.2802	 1.05	 0.07	210.80	 3.76	 4.07	 1.00	10.25	 1.66	331.74	294.38	303.79	271.54	306.21	0	54.31
2001	1	30	6.934	2221.2888	29.2889	29.2889	 0.89	 0.05	213.69	 3.47	 6.16	 1.00	10.25	 1.51	331.60	293.83	305.60	271.44	305.83	0	54.29
2001	1	30	7.564	2221.3152	29.3152	29.3152	 1.36	 0.31	209.70	 9.66	50.59	 1.00	10.25	 1.76	331.62	293.29	303.03	271.31	304.78	0	54.26
2001	1	30	8.201	2221.3418	29.3417	29.3417	 1.13	 0.04	213.68	 2.04	 3.56	 0.99	10.32	 1.72	331.49	292.56	302.88	270.82	303.84	0	54.16
2001	1	30	8.413	2221.3506	29.3505	29.3505	 1.10	 0.04	211.49	 1.94	 2.08	 1.00	10.28	 1.63	331.60	292.40	301.92	268.93	303.66	0	53.79
2001	1	30	8.623	2221.3594	29.3593	29.3593	 1.15	 0.27	207.52	11.43	66.06	 1.00	10.27	 1.68	331.59	292.09	301.07	268.67	303.33	0	53.73
2001	1	30	8.834	2221.3682	29.3681	29.3681	 1.26	 0.04	215.60	 1.41	 0.94	 1.00	10.23	 1.75	331.60	292.02	301.87	268.11	303.65	0	53.62
2001	1	30	9.044	2221.3767	29.3768	29.3768	 1.39	 0.05	216.07	 1.41	 0.91	 1.00	10.27	 1.77	331.44	291.66	301.93	267.70	303.47	0	53.54
2001	1	30	9.254	2221.3855	29.3856	29.3856	 1.34	 0.05	213.29	 1.47	 0.11	 1.00	10.23	 1.68	331.63	291.53	300.74	267.56	302.52	0	53.51
2001	1	30	9.464	2221.3943	29.3943	29.3943	 1.53	 0.60	205.95	14.13	147.65	 1.00	10.28	 1.69	331.44	291.30	299.44	267.50	302.21	0	53.50
2001	1	30	9.885	2221.4119	29.4119	29.4119	 1.52	 0.06	212.48	 1.40	 5.99	 0.96	10.27	 1.74	331.39	290.79	299.63	266.95	302.23	0	53.39
2001	1	30	10.101	2221.4209	29.4209	29.4209	 1.37	 0.33	214.01	10.37	64.86	 1.00	10.35	 1.89	331.47	290.58	299.31	267.13	301.94	0	53.43
2001	1	30	10.312	2221.4297	29.4297	29.4297	 1.49	 0.11	209.36	 2.75	 5.30	 1.00	10.25	 1.70	331.61	290.44	298.03	267.73	301.14	0	53.55
2001	1	30	10.522	2221.4385	29.4384	29.4384	 1.19	 0.25	218.95	10.52	33.42	 1.00	10.23	 1.75	331.39	290.43	300.26	268.90	300.96	0	53.78
2001	1	30	10.732	2221.4473	29.4472	29.4472	 1.43	 0.23	210.99	 6.57	24.38	 1.00	10.25	 1.73	331.58	290.26	297.96	269.16	300.79	0	53.83
2001	1	30	10.943	2221.4561	29.4559	29.4559	 1.50	 0.08	210.46	 2.08	 2.60	 1.00	10.27	 1.67	331.55	290.08	297.72	269.97	300.61	0	53.99
2001	1	30	11.153	2221.4646	29.4647	29.4647	 1.55	 0.06	213.68	 1.53	 2.77	 1.00	10.25	 1.77	331.38	290.16	298.96	270.06	300.47	0	54.01
2001	1	30	11.364	2221.4734	29.4735	29.4735	 1.61	 0.05	212.77	 1.08	 1.61	 1.00	10.23	 1.74	331.60	290.11	299.12	269.56	300.39	0	53.91
2001	1	30	11.574	2221.4822	29.4822	29.4822	 1.59	 0.06	213.09	 1.32	 1.28	 1.00	10.23	 1.67	331.58	290.06	298.07	268.69	300.29	0	53.74
2001	1	30	11.784	2221.4910	29.4910	29.4910	 1.72	 0.05	213.26	 0.90	 0.19	 1.00	10.23	 1.75	331.56	289.95	297.33	267.96	300.19	0	53.59
2001	1	30	12.000	2221.5000	29.5000	29.5000	 1.76	 0.05	214.82	 0.84	 0.38	 1.00	10.32	 1.77	331.49	289.78	297.83	267.03	300.02	0	53.41
2001	1	30	12.211	2221.5088	29.5088	29.5088	 1.85	 0.07	211.75	 1.15	 1.47	 1.00	10.22	 1.62	331.69	289.63	298.34	266.74	298.61	0	53.35
2001	1	30	12.420	2221.5176	29.5175	29.5175	 1.80	 0.07	214.45	 1.18	 0.51	 1.00	10.22	 1.70	331.56	289.50	297.36	266.89	302.17	0	53.38
2001	1	30	12.630	2221.5264	29.5263	29.5263	 2.04	 0.13	211.95	 1.59	 2.66	 1.00	10.25	 1.69	331.58	289.42	297.66	267.41	299.52	0	53.48
2001	1	30	12.840	2221.5349	29.5350	29.5350	 2.11	 0.20	210.61	 2.23	 5.31	 1.00	10.23	 1.70	331.55	289.52	296.86	268.70	299.37	0	53.74
2001	1	30	13.051	2221.5437	29.5438	29.5438	 2.06	 0.14	216.62	 1.71	 3.31	 1.00	10.30	 1.83	331.30	289.43	297.12	269.44	299.26	0	53.89
2001	1	30	13.262	2221.5525	29.5526	29.5526	 1.98	 0.12	211.93	 1.65	 3.31	 1.00	10.23	 1.73	331.55	289.41	294.53	 0.00	299.83	0	54.00
2001	1	30	13.472	2221.5613	29.5613	29.5613	 1.90	 0.12	208.54	 1.82	 1.97	 1.00	10.23	 1.55	331.54	289.40	293.98	268.81	299.14	0	53.76
2001	1	30	13.682	2221.5701	29.5701	29.5701	 2.15	 0.12	214.38	 1.35	 4.03	 0.99	10.23	 1.75	331.58	289.29	296.66	268.83	299.08	0	53.77
2001	1	30	13.897	2221.5791	29.5791	29.5791	 2.25	 0.11	215.93	 1.05	 1.24	 1.00	10.32	 1.83	331.48	289.26	296.38	268.75	299.02	0	53.75
2001	1	30	14.108	2221.5879	29.5878	29.5878	 2.22	 0.14	215.83	 1.47	 1.17	 1.00	10.25	 1.78	331.57	289.30	296.26	268.71	298.97	0	53.74
2001	1	30	14.319	2221.5967	29.5966	29.5966	 2.36	 0.13	214.34	 1.16	 2.31	 1.00	10.30	 1.77	331.46	289.39	295.97	268.73	298.91	0	53.75
2001	1	30	14.529	2221.6055	29.6054	29.6054	 2.19	 0.14	210.37	 1.41	 0.95	 1.00	10.27	 1.63	331.56	289.26	294.41	268.97	298.86	0	53.79
2001	1	30	14.740	2221.6143	29.6142	29.6142	 2.31	 0.16	212.74	 1.49	 1.83	 1.00	10.27	 1.77	331.56	289.26	294.68	268.99	298.81	0	53.80
2001	1	30	14.950	2221.6230	29.6229	29.6229	 2.25	 0.13	213.84	 1.34	 1.69	 1.00	10.23	 1.70	331.56	289.22	297.17	268.61	298.79	0	53.72
2001	1	30	15.160	2221.6316	29.6317	29.6317	 2.23	 0.10	213.52	 0.98	 1.57	 1.00	10.23	 1.74	331.57	289.10	295.34	268.14	299.35	0	53.63
2001	1	30	15.370	2221.6404	29.6404	29.6404	 2.18	 0.11	214.10	 1.16	 1.21	 1.00	10.22	 1.74	331.53	289.09	295.40	268.26	298.67	0	53.65
2001	1	30	15.580	2221.6492	29.6492	29.6492	 2.25	 0.15	213.42	 1.47	 1.81	 1.00	10.23	 1.70	331.57	288.95	295.51	268.67	298.61	0	53.73
2001	1	30	15.797	2221.6582	29.6582	29.6582	 2.36	 0.15	215.86	 1.29	 1.20	 1.00	10.32	 1.79	331.46	289.08	296.57	268.91	298.56	0	53.78
2001	1	30	16.007	2221.6670	29.6670	29.6670	 2.46	 0.18	214.04	 1.42	 0.62	 1.00	10.23	 1.71	331.54	289.06	296.92	268.61	298.53	0	53.72
2001	1	30	16.218	2221.6758	29.6757	29.6757	 2.50	 0.12	214.28	 0.92	 1.01	 1.00	10.23	 1.77	331.55	289.03	295.78	268.46	298.50	0	53.69
2001	1	30	16.427	2221.6846	29.6845	29.6845	 2.39	 0.13	216.04	 1.07	 4.43	 0.97	10.23	 1.84	331.58	289.02	296.63	268.81	297.16	0	53.76
2001	1	30	16.637	2221.6931	29.6932	29.6932	 2.38	 0.17	216.17	 1.48	 3.78	 1.00	10.25	 1.74	331.28	289.14	297.65	269.47	298.43	0	53.89
2001	1	30	17.058	2221.7107	29.7107	29.7107	 2.49	 0.19	216.59	 1.45	 8.25	 0.97	10.27	 1.89	331.40	289.22	296.76	270.13	299.14	0	54.03
2001	1	30	17.268	2221.7195	29.7195	29.7195	 2.45	 0.21	214.99	 1.65	 5.46	 0.99	10.25	 1.83	331.55	289.19	297.82	270.44	298.45	0	54.09
2001	1	30	17.694	2221.7373	29.7372	29.7372	 3.06	 0.57	214.79	 2.30	 6.63	 1.00	10.32	 1.86	331.44	289.29	296.18	270.93	299.16	0	54.19
2001	1	30	17.904	2221.7461	29.7460	29.7460	 2.44	 0.36	211.41	 2.86	 4.37	 1.00	10.22	 1.68	331.60	289.74	294.97	274.41	298.58	0	54.88
2001	1	30	18.325	2221.7634	29.7635	29.7635	 2.27	 0.29	215.92	 2.81	 6.53	 1.00	10.25	 1.79	331.72	291.56	295.95	276.58	299.89	0	55.32
2001	1	30	18.535	2221.7722	29.7723	29.7723	 2.41	 0.28	215.00	 2.35	 8.51	 1.00	10.27	 1.79	331.57	292.57	296.98	277.67	299.50	0	55.53
2001	1	30	18.746	2221.7810	29.7811	29.7811	 2.90	 0.66	216.80	 3.19	 6.11	 1.00	10.27	 1.81	331.89	293.69	297.00	278.44	299.90	0	55.69
2001	1	30	19.166	2221.7986	29.7986	29.7986	 3.08	 0.42	217.19	 1.69	 2.76	 1.00	10.23	 1.87	331.96	295.37	297.78	279.72	301.56	0	55.94
2001	1	30	20.223	2221.8425	29.8426	29.8426	 2.82	 0.90	198.02	 4.37	18.58	 1.00	10.27	 1.28	331.92	299.41	293.51	283.08	303.51	0	56.62
2001	1	30	21.276	2221.8865	29.8865	29.8865	 3.28	 1.53	207.56	 4.72	26.92	 1.00	10.32	 1.45	332.03	302.53	302.66	285.22	306.20	0	57.04
2001	1	30	23.175	2221.9656	29.9656	29.9656	 3.59	 1.09	220.30	 2.58	 4.44	 1.00	10.23	 1.84	331.97	305.21	307.81	 0.00	308.72	0	54.00
2001	1	31	0.234	2222.0098	30.0097	30.0097	 3.04	 0.54	211.87	 2.23	 7.17	 1.00	10.25	 1.56	331.88	305.43	310.06	287.93	312.02	0	57.59
2001	1	31	0.866	2222.0361	30.0361	30.0361	 3.18	 0.82	216.00	 2.96	13.95	 1.00	10.25	 1.70	331.90	305.14	309.72	287.25	312.56	0	57.45
2001	1	31	3.402	2222.1418	30.1418	30.1418	 3.66	 2.71	213.96	 5.82	27.53	 1.00	10.28	 1.61	331.58	300.27	308.66	278.89	311.02	0	55.78
2001	1	31	4.035	2222.1682	30.1681	30.1681	 4.25	 1.88	219.35	 2.26	11.18	 1.00	10.25	 1.91	331.57	298.38	306.82	272.41	310.35	0	54.48
2001	1	31	4.246	2222.1770	30.1769	30.1769	 2.47	 0.36	220.01	 2.87	12.12	 1.00	10.28	 1.59	331.41	297.77	310.36	272.02	309.30	0	54.40
2001	1	31	4.456	2222.1858	30.1857	30.1857	 4.10	 3.67	199.10	 4.69	16.48	 1.00	10.25	 1.30	331.56	297.20	304.50	271.79	308.80	0	54.36
2001	1	31	5.936	2222.2473	30.2473	30.2473	 3.15	 0.82	221.19	 3.09	15.42	 1.00	10.25	 1.74	331.43	294.35	307.04	271.42	305.83	0	54.28
2001	1	31	6.146	2222.2561	30.2561	30.2561	 3.58	 1.10	208.92	 2.52	14.94	 0.99	10.25	 1.54	331.53	294.07	300.70	271.41	305.47	0	54.28
2001	1	31	6.356	2222.2649	30.2648	30.2648	 3.03	 0.97	215.99	 4.10	34.14	 1.00	10.25	 1.48	331.52	293.83	304.85	271.43	305.13	0	54.29
2001	1	31	6.566	2222.2737	30.2736	30.2736	 3.30	 5.12	216.54	16.24	117.26	 1.00	10.25	 1.44	331.54	293.62	302.25	271.56	304.79	0	54.31
2001	1	31	6.994	2222.2915	30.2914	30.2914	 3.57	 1.35	207.78	 3.11	12.56	 1.00	10.33	 1.36	331.43	293.28	301.98	272.21	304.30	0	54.44
2001	1	31	7.205	2222.3003	30.3002	30.3002	 2.77	 0.50	217.09	 2.81	 4.63	 1.00	10.25	 1.79	331.30	293.23	299.17	272.13	304.04	0	54.43
2001	1	31	7.628	2222.3179	30.3178	30.3178	 2.50	 0.27	220.31	 2.08	 8.93	 0.99	10.25	 1.72	331.49	292.84	302.56	272.08	303.68	0	54.42
2001	1	31	7.838	2222.3267	30.3266	30.3266	 3.88	 3.68	212.97	 6.29	61.08	 1.00	10.25	 1.75	331.47	292.81	300.52	272.09	302.34	0	54.42
2001	1	31	8.048	2222.3354	30.3353	30.3353	 2.81	 0.37	214.03	 1.93	 6.97	 1.00	10.25	 1.79	331.45	292.55	298.20	272.52	303.24	0	54.50
2001	1	31	8.258	2222.3440	30.3441	30.3441	 2.82	 1.46	214.19	 7.67	61.22	 1.00	10.27	 1.53	331.33	292.51	299.68	272.50	303.04	0	54.50
2001	1	31	8.896	2222.3706	30.3707	30.3707	 2.60	 0.33	221.72	 2.28	 5.51	 1.00	10.33	 1.77	331.37	292.24	303.99	272.46	302.73	0	54.49
2001	1	31	9.945	2222.4143	30.4144	30.4144	 2.38	 0.65	210.71	 5.49	22.61	 1.00	10.25	 1.56	331.46	292.21	297.33	271.99	302.71	0	54.40
2001	1	31	10.576	2222.4407	30.4407	30.4407	 2.37	 0.45	219.50	 3.96	13.07	 1.00	10.23	 1.66	331.45	291.77	299.55	271.93	301.71	0	54.39
2001	1	31	11.003	2222.4585	30.4585	30.4585	 3.62	 2.19	213.77	 4.90	25.88	 1.00	10.25	 1.75	331.50	291.80	299.64	272.04	301.54	0	54.41
2001	1	31	11.423	2222.4761	30.4760	30.4760	 2.75	 0.52	216.44	 2.98	12.70	 1.00	10.25	 1.57	331.51	291.73	301.31	272.28	300.02	0	54.46
2001	1	31	11.633	2222.4846	30.4847	30.4847	 3.29	 1.04	215.89	 3.34	13.40	 1.00	10.20	 1.68	331.45	291.27	300.08	272.48	301.92	0	54.50
2001	1	31	11.843	2222.4934	30.4935	30.4935	 2.69	 0.34	215.74	 2.10	18.64	 0.97	10.23	 1.62	331.49	291.47	299.17	272.01	301.22	0	54.40
2001	1	31	12.473	2222.5198	30.5197	30.5197	 2.81	 0.52	210.40	 2.71	26.36	 0.98	10.25	 1.52	331.51	291.28	295.46	271.91	301.04	0	54.38
2001	1	31	12.689	2222.5288	30.5287	30.5287	 2.79	 0.49	211.69	 2.61	 8.88	 1.00	10.33	 1.54	331.38	291.20	297.08	271.91	300.99	0	54.38
2001	1	31	12.901	2222.5376	30.5375	30.5375	 3.29	 1.08	212.20	 3.38	11.79	 1.00	10.25	 1.68	331.49	291.08	295.93	271.76	300.94	0	54.35
2001	1	31	13.111	2222.5464	30.5463	30.5463	 2.56	 0.53	213.44	 3.72	 5.22	 1.00	10.18	 1.48	331.47	290.97	297.58	271.69	303.53	0	54.34
2001	1	31	13.322	2222.5552	30.5551	30.5551	 2.69	 0.47	220.55	 2.93	 9.95	 1.00	10.30	 1.95	331.45	291.19	297.60	271.69	301.46	0	54.34
2001	1	31	13.742	2222.5725	30.5726	30.5726	 2.50	 0.28	217.91	 2.10	12.72	 0.99	10.20	 1.68	331.54	290.86	297.85	271.69	301.38	0	54.34
2001	1	31	13.951	2222.5813	30.5813	30.5813	 2.73	 0.36	209.34	 2.05	 8.05	 1.00	10.23	 1.56	331.48	291.07	295.93	271.59	300.69	0	54.32
2001	1	31	14.372	2222.5989	30.5988	30.5988	 2.80	 0.44	211.97	 2.30	 2.48	 1.00	10.25	 1.58	331.42	290.80	295.72	271.64	303.29	0	54.33
2001	1	31	14.588	2222.6079	30.6078	30.6078	 3.06	 0.80	214.47	 3.23	15.09	 1.00	10.35	 1.72	331.45	290.76	297.14	271.60	300.55	0	54.32
2001	1	31	14.799	2222.6167	30.6166	30.6166	 2.65	 0.45	212.38	 2.77	 4.97	 1.00	10.25	 1.67	331.48	290.80	296.83	271.58	300.50	0	54.32
2001	1	31	15.010	2222.6255	30.6254	30.6254	 2.88	 0.34	221.67	 1.72	 1.12	 1.00	10.25	 1.92	331.50	290.70	300.32	271.58	301.08	0	54.32
2001	1	31	15.220	2222.6343	30.6342	30.6342	 2.79	 0.39	216.82	 2.15	 5.90	 1.00	10.27	 1.81	331.21	290.66	298.24	271.66	299.13	0	54.33
2001	1	31	15.431	2222.6428	30.6429	30.6429	 2.47	 0.28	214.17	 2.17	11.59	 0.99	10.25	 1.64	331.47	290.63	297.45	271.68	301.08	0	54.34
2001	1	31	15.641	2222.6516	30.6517	30.6517	 2.62	 0.35	215.32	 2.30	 3.23	 1.00	10.25	 1.76	331.50	290.61	296.22	271.40	300.36	0	54.28
2001	1	31	15.850	2222.6604	30.6604	30.6604	 2.52	 0.36	210.25	 2.58	14.89	 0.99	10.23	 1.58	331.20	290.53	294.85	271.51	300.95	0	54.30
2001	1	31	16.698	2222.6958	30.6958	30.6958	 2.47	 0.31	216.38	 2.41	 4.68	 1.00	10.37	 1.86	331.37	290.63	296.37	271.62	300.25	0	54.32
2001	1	31	16.909	2222.7046	30.7045	30.7045	 2.66	 0.43	214.32	 2.68	11.48	 1.00	10.30	 1.63	331.29	290.62	297.50	271.71	300.23	0	54.34
2001	1	31	17.120	2222.7134	30.7133	30.7133	 1.69	 0.26	206.04	 4.93	29.31	 1.00	10.28	 1.29	331.47	290.53	289.54	271.81	300.20	0	54.36
2001	1	31	17.540	2222.7310	30.7308	30.7308	 2.12	 0.25	221.10	 3.00	 6.41	 1.00	10.23	 1.72	331.30	290.56	296.73	272.20	300.19	0	54.44
2001	1	31	17.961	2222.7483	30.7484	30.7484	 2.75	 0.58	215.59	 3.29	 4.16	 1.00	10.30	 1.76	331.47	291.05	298.48	273.89	300.87	0	54.78
2001	1	31	21.114	2222.8796	30.8798	30.8798	 2.57	 0.38	213.92	 2.59	 4.00	 1.00	10.30	 1.74	331.63	302.41	303.50	285.57	307.31	0	57.11
2001	1	31	21.537	2222.8975	30.8974	30.8974	 2.39	 0.46	211.29	 3.76	19.74	 1.00	10.27	 1.50	331.94	303.59	302.81	 0.00	307.56	0	54.00
2001	1	31	21.958	2222.9148	30.9149	30.9149	 2.40	 0.38	216.72	 3.21	21.66	 0.99	10.25	 1.59	331.96	304.30	308.32	288.01	308.59	0	57.60
2001	1	31	22.174	2222.9238	30.9239	30.9239	 2.81	 0.58	220.37	 3.15	 0.81	 1.00	10.33	 1.88	331.76	304.62	308.94	288.17	309.09	0	57.63
2001	1	31	22.595	2222.9414	30.9414	30.9414	 2.37	 0.54	214.55	 4.64	46.96	 0.99	10.23	 1.60	331.80	305.61	308.95	289.52	310.82	0	57.90
2001	1	31	23.017	2222.9590	30.9591	30.9591	 2.06	 0.30	222.40	 3.86	20.13	 1.00	10.32	 1.74	331.78	305.76	310.52	289.54	310.91	0	57.91
2001	1	31	23.859	2222.9941	30.9941	30.9941	 2.20	 0.33	209.97	 3.43	20.03	 1.00	10.27	 1.46	331.78	306.19	310.10	289.88	312.35	0	57.98
