2008	12	6	2.536	5088.1055	340.1057	5.1057	 1.39	 0.13	193.02	 3.45	31.13	 0.97	10.10	 2.11	333.90	291.55	339.93	248.16	312.85	0	49.63
2008	12	6	2.744	5088.1143	340.1143	5.1143	 1.17	 0.16	173.57	 5.63	 8.90	 1.00	10.10	 1.76	336.57	291.19	344.09	247.75	313.08	0	49.55
2008	12	6	3.158	5088.1313	340.1316	5.1316	 1.07	 0.10	172.53	 4.30	 4.42	 1.00	10.10	 1.73	336.53	290.43	339.66	247.12	313.84	0	49.42
2008	12	6	3.365	5088.1401	340.1402	5.1402	 1.36	 0.11	182.42	 3.04	 7.13	 1.00	10.10	 1.95	336.53	290.12	340.87	246.94	314.03	0	49.39
2008	12	6	3.573	5088.1489	340.1489	5.1489	 1.34	 0.11	168.11	 2.87	 6.41	 1.00	10.08	 1.75	336.58	289.88	340.92	246.86	314.17	0	49.37
2008	12	6	3.987	5088.1660	340.1661	5.1661	 1.74	 0.23	190.14	 3.78	 7.52	 1.00	10.10	 2.17	336.59	289.54	340.29	246.97	314.34	0	49.39
2008	12	6	4.217	5088.1758	340.1757	5.1757	 1.49	 0.25	190.15	 5.68	17.60	 1.00	10.18	 2.04	336.62	289.44	342.23	247.02	314.40	0	49.40
2008	12	6	4.840	5088.2017	340.2017	5.2017	 1.44	 0.14	177.95	 3.23	 6.63	 1.00	10.10	 1.84	336.62	289.01	342.88	246.64	314.79	0	49.33
2008	12	6	5.047	5088.2104	340.2103	5.2103	 1.42	 0.15	175.38	 3.42	10.54	 1.00	10.10	 1.89	336.66	288.88	337.95	246.51	314.90	0	49.30
2008	12	6	5.254	5088.2187	340.2189	5.2189	 1.25	 0.11	166.70	 3.11	10.87	 0.99	10.08	 1.69	336.69	288.78	343.83	246.44	314.96	0	49.29
2008	12	6	5.876	5088.2446	340.2448	5.2448	 1.44	 0.12	177.79	 2.92	 6.00	 1.00	10.10	 1.93	336.77	288.78	340.07	246.58	315.13	0	49.32
2008	12	6	6.314	5088.2632	340.2631	5.2631	 1.37	 0.17	169.30	 4.25	17.46	 1.00	10.08	 1.78	336.79	289.00	341.65	246.86	315.32	0	49.37
2008	12	6	6.521	5088.2715	340.2717	5.2717	 1.44	 0.13	166.53	 2.87	 9.95	 1.00	10.10	 1.79	336.83	289.15	339.57	246.94	315.41	0	49.39
2008	12	6	7.143	5088.2979	340.2976	5.2976	 1.42	 0.16	174.91	 3.85	18.20	 0.99	10.08	 1.83	336.81	289.84	347.15	247.08	315.78	0	49.42
2008	12	6	7.350	5088.3062	340.3063	5.3063	 1.46	 0.16	167.02	 3.39	 8.27	 1.00	10.10	 1.79	336.55	290.04	343.04	247.14	315.94	0	49.43
2008	12	6	7.765	5088.3237	340.3235	5.3235	 1.35	 0.21	167.35	 5.23	11.87	 1.00	10.10	 1.77	336.82	290.45	342.84	247.16	316.18	0	49.43
2008	12	6	7.994	5088.3330	340.3331	5.3331	 1.23	 0.09	172.55	 2.85	17.75	 0.97	10.18	 1.79	336.71	290.75	342.46	247.14	316.27	0	49.43
2008	12	6	8.617	5088.3589	340.3590	5.3590	 1.47	 0.19	164.03	 3.96	11.52	 1.00	10.10	 1.73	337.28	291.51	346.40	247.20	316.68	0	49.44
2008	12	6	9.653	5088.4023	340.4022	5.4022	 1.61	 0.17	161.87	 2.77	28.87	 0.95	10.10	 1.77	337.47	292.43	344.76	248.62	317.20	0	49.72
2008	12	6	9.883	5088.4116	340.4118	5.4118	 1.49	 0.18	161.68	 3.62	42.50	 0.96	10.18	 1.76	337.45	292.59	343.97	249.68	317.24	0	49.94
2008	12	6	10.091	5088.4204	340.4204	5.4205	 1.55	 0.25	157.81	 4.45	19.54	 1.00	10.08	 1.72	337.43	292.71	343.47	250.96	317.42	0	50.19
2008	12	6	10.505	5088.4375	340.4377	5.4377	 1.36	 0.16	164.83	 4.01	18.96	 0.99	10.10	 1.73	337.62	292.94	346.46	252.16	317.59	0	50.43
2008	12	6	10.712	5088.4463	340.4464	5.4464	 1.66	 0.17	158.86	 2.62	15.59	 0.99	10.10	 1.72	337.56	293.03	345.81	252.45	317.64	0	50.49
2008	12	6	11.335	5088.4722	340.4723	5.4723	 1.84	 0.19	172.57	 2.45	19.16	 0.97	10.10	 1.97	337.20	293.22	342.84	253.29	317.81	0	50.66
2008	12	6	12.601	5088.5249	340.5251	5.5251	 1.39	 0.14	164.18	 3.33	24.71	 0.98	10.10	 1.70	337.60	293.36	344.38	254.49	318.40	0	50.90
2008	12	6	12.809	5088.5337	340.5337	5.5337	 1.40	 0.18	172.56	 4.20	12.19	 1.00	10.08	 1.83	337.70	293.31	342.57	254.63	318.46	0	50.93
2008	12	6	13.016	5088.5425	340.5423	5.5423	 1.37	 0.11	169.51	 2.76	 8.78	 0.99	10.10	 1.80	337.71	293.25	342.02	254.64	318.50	0	50.93
2008	12	6	15.319	5088.6382	340.6383	5.6383	 1.45	 0.13	170.75	 2.82	 4.15	 1.00	10.08	 1.76	337.21	291.48	343.69	251.85	318.18	0	50.37
2008	12	6	15.549	5088.6479	340.6479	5.6479	 1.44	 0.16	167.43	 3.53	 3.03	 1.00	10.18	 1.68	337.19	291.22	341.30	250.91	318.10	0	50.18
2008	12	6	15.757	5088.6567	340.6565	5.6565	 1.41	 0.22	172.95	 5.17	19.22	 1.00	10.10	 1.73	337.18	290.97	343.99	252.23	318.00	0	50.45
2008	12	6	16.171	5088.6738	340.6738	5.6738	 1.34	 0.15	176.26	 3.92	 6.11	 1.00	10.10	 1.73	337.10	290.32	344.56	252.01	317.65	0	50.40
2008	12	6	16.379	5088.6826	340.6824	5.6824	 1.34	 0.14	176.04	 3.83	14.42	 1.00	10.08	 1.76	337.13	290.15	343.32	252.09	317.50	0	50.42
2008	12	6	17.437	5088.7266	340.7266	5.7266	 1.24	 0.12	169.23	 3.63	26.28	 0.98	10.18	 1.71	337.12	289.77	341.03	252.74	316.89	0	50.55
2008	12	6	18.060	5088.7524	340.7525	5.7525	 1.33	 0.14	176.92	 3.78	19.95	 0.99	10.10	 1.74	337.10	289.86	345.63	254.03	316.70	0	50.81
2008	12	6	18.475	5088.7700	340.7698	5.7698	 1.28	 0.16	175.83	 4.82	16.48	 1.00	10.10	 1.72	337.10	290.08	344.83	254.03	316.66	0	50.81
2008	12	6	18.889	5088.7871	340.7870	5.7870	 1.49	 0.12	181.90	 2.74	 3.93	 1.00	10.10	 1.85	337.11	290.39	343.46	254.17	316.63	0	50.83
2008	12	6	19.096	5088.7959	340.7957	5.7957	 1.30	 0.16	177.59	 4.52	 7.30	 1.00	10.08	 1.74	337.07	290.55	345.23	254.20	316.61	0	50.84
2008	12	6	19.534	5088.8140	340.8139	5.8139	 1.39	 0.16	172.71	 3.93	10.38	 1.00	10.10	 1.72	337.09	290.91	346.27	254.23	316.68	0	50.85
2008	12	6	19.741	5088.8228	340.8226	5.8226	 1.46	 0.12	177.11	 2.69	 9.64	 0.99	10.10	 1.88	337.06	291.09	341.13	254.08	315.46	0	50.82
2008	12	6	19.949	5088.8311	340.8312	5.8312	 1.32	 0.14	179.95	 3.88	 7.54	 1.00	10.10	 1.82	337.09	291.28	341.57	254.00	316.64	0	50.80
2008	12	6	20.570	5088.8569	340.8571	5.8571	 1.37	 0.20	173.93	 5.04	10.02	 1.00	10.10	 1.70	337.07	291.82	348.42	253.86	316.66	0	50.77
2008	12	6	20.778	5088.8657	340.8657	5.8657	 1.57	 0.15	173.28	 2.91	 2.52	 1.00	10.10	 1.82	337.06	292.00	339.76	254.05	316.69	0	50.81
2008	12	6	20.985	5088.8745	340.8744	5.8744	 1.38	 0.11	175.66	 2.71	 4.21	 1.00	10.08	 1.75	337.06	292.19	345.17	253.91	316.73	0	50.78
2008	12	6	21.214	5088.8838	340.8839	5.8839	 1.39	 0.17	176.35	 4.17	 6.30	 1.00	10.18	 1.72	337.10	292.37	347.90	253.65	316.84	0	50.73
2008	12	6	21.423	5088.8926	340.8926	5.8926	 1.45	 0.12	179.86	 2.80	 2.69	 1.00	10.10	 1.80	337.07	292.51	345.82	253.24	316.85	0	50.65
2008	12	6	21.630	5088.9014	340.9012	5.9012	 1.49	 0.14	183.03	 3.13	 1.46	 1.00	10.10	 1.87	337.08	292.62	344.77	252.84	316.89	0	50.57
2008	12	6	21.837	5088.9097	340.9099	5.9099	 1.46	 0.13	177.98	 2.92	 0.57	 1.00	10.10	 1.78	337.08	292.74	343.46	252.59	316.90	0	50.52
2008	12	6	22.044	5088.9185	340.9185	5.9185	 1.51	 0.16	183.31	 3.48	 4.48	 1.00	10.08	 1.92	337.08	292.86	343.70	252.19	316.91	0	50.44
2008	12	6	22.252	5088.9272	340.9272	5.9272	 1.37	 0.12	177.33	 3.08	 9.97	 1.00	10.10	 1.70	337.10	292.95	346.20	251.86	316.86	0	50.37
2008	12	6	22.666	5088.9443	340.9444	5.9444	 1.55	 0.16	173.99	 3.04	 7.57	 1.00	10.10	 1.74	337.07	293.07	345.93	251.61	316.86	0	50.32
2008	12	6	23.311	5088.9712	340.9713	5.9713	 1.47	 0.16	180.00	 3.61	10.31	 1.00	10.10	 1.79	337.10	293.16	345.82	251.61	316.94	0	50.32
2008	12	6	23.519	5088.9800	340.9799	5.9799	 1.64	 0.22	178.26	 3.86	11.89	 1.00	10.10	 1.80	337.10	293.16	344.64	251.51	316.95	0	50.30
2008	12	7	0.140	5089.0059	341.0059	6.0058	 1.48	 0.13	173.03	 2.79	21.08	 0.97	10.10	 1.70	337.06	293.08	347.88	250.63	316.87	0	50.13
2008	12	7	0.347	5089.0146	341.0145	6.0145	 1.34	 0.13	180.15	 3.44	 5.88	 1.00	10.10	 1.79	337.09	292.97	344.62	250.22	316.84	0	50.04
2008	12	7	0.555	5089.0229	341.0231	6.0231	 1.40	 0.17	178.78	 4.26	10.54	 1.00	10.10	 1.81	337.07	292.86	342.86	249.86	316.80	0	49.97
2008	12	7	0.992	5089.0415	341.0413	6.0413	 1.52	 0.16	177.43	 3.41	 7.27	 1.00	10.18	 1.78	337.09	292.60	345.73	249.12	316.77	0	49.82
2008	12	7	1.407	5089.0586	341.0586	6.0586	 1.27	 0.18	174.76	 5.24	14.97	 1.00	10.10	 1.69	337.12	292.34	347.79	248.55	316.68	0	49.71
2008	12	7	1.614	5089.0674	341.0673	6.0673	 1.40	 0.19	174.41	 4.65	 6.75	 1.00	10.10	 1.77	337.07	292.19	344.76	248.30	316.66	0	49.66
2008	12	7	1.822	5089.0757	341.0759	6.0759	 1.49	 0.12	175.79	 2.52	 5.66	 1.00	10.08	 1.79	337.11	292.01	343.09	248.06	316.64	0	49.61
2008	12	7	2.444	5089.1021	341.1018	6.1018	 1.48	 0.13	183.94	 2.96	19.60	 0.98	10.10	 1.92	337.13	291.52	340.98	247.47	316.64	0	49.49
2008	12	7	3.296	5089.1372	341.1373	6.1373	 1.01	 0.23	201.40	12.03	787.82	 0.66	10.10	 1.71	337.14	290.56	345.17	246.73	316.56	0	49.35
2008	12	7	3.710	5089.1548	341.1546	6.1546	 1.23	 0.12	170.62	 3.73	10.94	 1.00	10.08	 1.69	337.16	290.14	344.87	246.67	316.42	0	49.33
2008	12	7	3.918	5089.1631	341.1632	6.1632	 1.22	 0.11	169.05	 3.35	 7.30	 1.00	10.10	 1.72	337.17	289.91	343.06	246.58	316.41	0	49.32
2008	12	7	4.539	5089.1890	341.1891	6.1891	 1.43	 0.14	169.36	 3.08	 5.85	 1.00	10.08	 1.77	337.18	289.25	342.26	246.27	316.18	0	49.25
2008	12	7	4.769	5089.1987	341.1987	6.1987	 1.21	 0.11	172.73	 3.63	 5.95	 1.00	10.18	 1.68	337.22	289.07	347.35	246.24	316.13	0	49.25
2008	12	7	4.977	5089.2075	341.2074	6.2074	 1.30	 0.14	179.25	 4.02	11.74	 1.00	10.10	 1.83	337.24	288.93	342.61	246.23	316.05	0	49.25
2008	12	7	5.599	5089.2334	341.2333	6.2333	 1.23	 0.16	166.22	 4.72	11.94	 1.00	10.08	 1.70	337.26	288.83	344.46	246.41	315.81	0	49.28
2008	12	7	6.428	5089.2681	341.2678	6.2678	 1.51	 0.16	177.81	 3.31	14.99	 0.99	10.08	 1.97	337.37	289.18	340.85	246.54	315.73	0	49.31
2008	12	7	6.658	5089.2773	341.2774	6.2774	 1.24	 0.10	168.44	 2.90	12.46	 0.99	10.18	 1.76	337.40	289.29	343.67	246.55	315.74	0	49.31
2008	12	7	7.073	5089.2949	341.2947	6.2947	 1.38	 0.12	171.15	 2.83	 6.52	 1.00	10.10	 1.86	337.41	289.65	341.81	246.79	315.86	0	49.36
2008	12	7	7.488	5089.3120	341.3120	6.3120	 1.38	 0.18	163.14	 4.24	 5.15	 1.00	10.08	 1.73	337.46	290.05	341.88	247.47	315.95	0	49.49
2008	12	7	7.902	5089.3291	341.3293	6.3292	 1.41	 0.13	174.10	 3.01	 1.57	 1.00	10.10	 1.93	337.51	290.43	340.72	247.02	316.16	0	49.40
2008	12	7	8.546	5089.3560	341.3561	6.3561	 1.30	 0.12	165.52	 3.27	20.77	 0.98	10.18	 1.79	337.54	291.11	341.08	247.21	316.42	0	49.44
2008	12	7	9.376	5089.3906	341.3907	6.3907	 1.24	 0.12	162.22	 3.56	10.12	 1.00	10.08	 1.78	337.57	291.94	340.96	247.94	316.87	0	49.59
2008	12	7	9.584	5089.3994	341.3993	6.3993	 1.45	 0.12	168.64	 2.62	26.81	 0.93	10.10	 1.86	337.60	292.12	342.58	248.42	317.00	0	49.68
2008	12	7	9.998	5089.4165	341.4166	6.4166	 1.56	 0.27	163.29	 4.92	22.68	 1.00	10.10	 1.81	337.58	292.45	344.14	250.35	317.20	0	50.07
2008	12	7	10.205	5089.4253	341.4252	6.4252	 1.57	 0.21	158.17	 3.66	18.37	 0.99	10.08	 1.76	337.64	292.58	344.27	251.42	317.30	0	50.28
2008	12	7	10.435	5089.4346	341.4348	6.4348	 1.39	 0.14	163.85	 3.23	12.38	 0.99	10.18	 1.76	337.64	292.71	346.64	252.09	317.41	0	50.42
2008	12	7	10.643	5089.4434	341.4435	6.4435	 1.54	 0.14	163.62	 2.65	21.68	 0.97	10.10	 1.77	337.65	292.81	344.85	252.50	317.51	0	50.50
2008	12	7	10.850	5089.4521	341.4521	6.4521	 1.55	 0.11	158.85	 1.86	23.11	 0.84	10.10	 1.77	337.62	292.93	340.86	252.86	317.58	0	50.57
2008	12	7	11.679	5089.4868	341.4866	6.4866	 1.57	 0.13	167.79	 2.40	 4.42	 1.00	10.10	 1.80	337.59	293.25	342.74	254.42	318.10	0	50.88
2008	12	7	12.946	5089.5396	341.5394	6.5394	 1.72	 0.23	167.97	 3.49	 7.48	 1.00	10.08	 1.77	337.43	293.32	343.17	255.54	318.77	0	51.11
2008	12	7	14.212	5089.5923	341.5922	6.5922	 1.63	 0.12	172.91	 2.13	 9.41	 0.99	10.18	 1.73	337.24	292.72	345.72	255.40	319.04	0	51.08
2008	12	7	15.664	5089.6528	341.6526	6.6527	 1.48	 0.16	176.42	 3.52	 6.23	 1.00	10.08	 1.73	337.11	291.53	344.02	253.00	318.84	0	50.60
2008	12	7	16.516	5089.6880	341.6882	6.6882	 1.40	 0.12	182.43	 3.03	24.05	 0.97	10.10	 1.84	337.03	290.59	343.38	253.32	318.41	0	50.66
2008	12	7	17.760	5089.7397	341.7400	6.7400	 1.52	 0.14	178.06	 2.81	16.39	 0.99	10.10	 1.81	337.02	290.22	342.67	254.77	317.75	0	50.95
2008	12	7	18.198	5089.7583	341.7582	6.7582	 1.39	 0.16	181.27	 4.11	 6.22	 1.00	10.10	 1.82	336.99	290.41	344.98	254.84	317.67	0	50.97
2008	12	7	18.405	5089.7671	341.7669	6.7669	 1.45	 0.16	179.01	 3.80	18.96	 0.99	10.10	 1.83	337.00	290.52	342.63	255.09	317.64	0	51.02
2008	12	7	18.819	5089.7842	341.7841	6.7841	 1.41	 0.14	171.01	 3.18	 8.21	 1.00	10.10	 1.70	336.99	290.81	344.92	255.77	317.62	0	51.15
2008	12	7	19.026	5089.7930	341.7928	6.7928	 1.47	 0.13	181.90	 2.95	 7.13	 1.00	10.10	 1.79	336.99	290.98	348.42	255.68	317.62	0	51.14
2008	12	7	20.086	5089.8369	341.8369	6.8369	 1.44	 0.09	186.28	 2.08	10.91	 0.97	10.10	 1.86	337.00	291.92	345.17	255.32	317.75	0	51.06
2008	12	7	20.293	5089.8457	341.8456	6.8455	 1.38	 0.14	185.96	 3.75	14.85	 1.00	10.10	 1.87	336.97	292.12	344.83	255.65	317.82	0	51.13
2008	12	7	20.501	5089.8540	341.8542	6.8542	 1.41	 0.11	177.95	 2.78	 7.36	 1.00	10.08	 1.76	337.00	292.32	344.49	255.71	317.86	0	51.14
2008	12	7	20.708	5089.8628	341.8628	6.8628	 1.33	 0.14	181.65	 3.80	22.71	 0.99	10.10	 1.77	337.00	292.51	345.65	255.47	317.92	0	51.09
2008	12	7	21.537	5089.8975	341.8974	6.8974	 1.50	 0.11	183.27	 2.37	 7.37	 0.99	10.10	 1.77	337.00	293.26	347.70	254.41	318.17	0	50.88
2008	12	7	21.767	5089.9067	341.9070	6.9069	 1.49	 0.18	176.20	 3.94	 3.36	 1.00	10.18	 1.75	337.00	293.43	343.78	254.01	318.28	0	50.80
2008	12	7	22.182	5089.9243	341.9243	6.9242	 1.46	 0.13	177.64	 2.95	 6.83	 1.00	10.08	 1.76	337.00	293.66	345.10	253.52	318.32	0	50.70
2008	12	7	22.389	5089.9331	341.9329	6.9329	 1.30	 0.13	179.05	 3.76	 3.57	 1.00	10.08	 1.70	336.98	293.74	347.73	253.25	318.36	0	50.65
2008	12	7	23.219	5089.9673	341.9674	6.9674	 1.35	 0.12	183.23	 3.32	16.46	 0.99	10.10	 1.82	337.02	294.04	341.99	253.84	318.52	0	50.77
2008	12	7	23.426	5089.9761	341.9761	6.9761	 1.50	 0.14	178.85	 2.98	17.29	 0.99	10.10	 1.73	337.01	294.09	344.73	254.17	318.61	0	50.83
2008	12	8	1.314	5090.0547	342.0547	7.0548	 1.34	 0.14	189.74	 4.11	 3.77	 1.00	10.10	 1.78	336.97	293.77	348.06	250.52	319.16	0	50.10
2008	12	8	4.677	5090.1948	342.1949	7.1949	 1.55	 0.14	175.60	 2.83	 3.52	 1.00	10.08	 1.76	337.14	290.36	345.02	246.93	318.37	0	49.39
2008	12	8	5.944	5090.2476	342.2477	7.2477	 1.40	 0.18	171.06	 4.26	 0.55	 1.00	10.10	 1.68	337.25	290.13	347.21	246.86	317.93	0	49.37
2008	12	8	8.247	5090.3437	342.3436	7.3436	 1.51	 0.17	170.51	 3.42	 4.13	 1.00	10.10	 1.84	337.46	292.05	342.31	247.30	318.54	0	49.46
2008	12	8	8.869	5090.3696	342.3695	7.3695	 1.59	 0.18	172.60	 3.21	 5.03	 1.00	10.10	 1.84	337.53	292.82	346.76	247.67	318.90	0	49.53
2008	12	8	10.757	5090.4482	342.4482	7.4482	 1.74	 0.32	169.73	 4.77	14.70	 1.00	10.10	 1.74	337.19	294.80	345.54	254.64	320.25	0	50.93
2008	12	8	18.105	5090.7544	342.7544	7.7544	 1.57	 0.13	179.77	 2.60	 7.87	 1.00	10.10	 1.74	336.97	292.50	344.54	260.96	320.43	0	52.19
2008	12	8	19.164	5090.7983	342.7985	7.7985	 1.45	 0.22	178.95	 5.00	 2.53	 1.00	10.10	 1.70	337.06	293.04	345.98	260.89	318.96	0	52.18
2008	12	8	19.993	5090.8330	342.8330	7.8330	 1.12	 0.14	181.16	 5.41	35.36	 0.99	10.10	 1.70	337.06	293.36	348.74	260.89	317.87	0	52.18
2008	12	8	20.638	5090.8599	342.8599	7.8599	 1.09	 0.17	180.03	 7.14	11.56	 1.00	10.08	 1.76	337.30	293.57	345.12	261.27	317.43	0	52.25
2008	12	8	21.260	5090.8857	342.8858	7.8858	 1.23	 0.15	186.63	 5.24	58.78	 0.97	10.10	 1.82	337.06	293.74	348.59	259.04	316.24	0	51.81
2008	12	8	21.467	5090.8945	342.8945	7.8945	 1.62	 0.21	182.76	 3.84	 7.22	 1.00	10.08	 2.09	337.24	293.76	341.93	258.50	315.59	0	51.70
2008	12	8	21.675	5090.9033	342.9031	7.9031	 1.28	 0.18	175.05	 5.18	13.89	 1.00	10.10	 1.76	337.39	293.75	347.60	258.11	315.06	0	51.62
2008	12	8	23.770	5090.9902	342.9904	7.9904	 1.67	 0.18	181.85	 3.11	 7.72	 1.00	10.10	 2.05	337.41	292.94	340.53	255.39	311.99	0	51.08
2008	12	8	23.978	5090.9990	342.9991	7.9991	 1.52	 0.20	175.37	 4.17	14.04	 1.00	10.10	 1.91	337.44	292.84	340.22	255.01	311.52	0	51.00
2008	12	9	0.207	5091.0088	343.0086	8.0086	 1.59	 0.25	175.66	 4.66	14.30	 1.00	10.18	 1.88	337.54	292.70	342.49	254.58	311.22	0	50.92
2008	12	9	0.415	5091.0171	343.0173	8.0173	 1.34	 0.18	183.11	 4.95	 9.74	 1.00	10.08	 1.92	337.42	292.50	340.76	254.23	311.10	0	50.85
2008	12	9	0.830	5091.0347	343.0346	8.0346	 1.49	 0.18	172.48	 3.82	 7.29	 1.00	10.10	 1.81	337.44	292.19	341.66	253.39	310.97	0	50.68
2008	12	9	1.037	5091.0430	343.0432	8.0432	 1.50	 0.22	167.49	 4.42	 5.32	 1.00	10.10	 1.75	337.42	292.01	340.49	252.97	310.78	0	50.59
2008	12	9	1.244	5091.0518	343.0518	8.0519	 1.64	 0.18	179.97	 3.30	 0.35	 1.00	10.08	 1.90	337.40	291.80	343.12	252.61	310.60	0	50.52
2008	12	9	2.096	5091.0874	343.0873	8.0873	 1.78	 0.16	182.13	 2.47	 1.74	 1.00	10.18	 2.08	337.41	290.95	335.85	250.59	310.46	0	50.12
2008	12	9	2.304	5091.0962	343.0960	8.0960	 1.56	 0.16	177.75	 3.17	 6.90	 1.00	10.10	 1.91	337.42	290.75	336.25	250.22	310.44	0	50.04
2008	12	9	2.511	5091.1045	343.1046	8.1046	 1.78	 0.16	178.64	 2.35	 1.67	 1.00	10.10	 1.94	337.44	290.58	337.06	249.99	310.47	0	50.00
2008	12	9	2.719	5091.1133	343.1133	8.1133	 1.80	 0.23	173.01	 3.24	 4.25	 1.00	10.10	 1.85	337.43	290.42	336.79	249.78	310.47	0	49.96
2008	12	9	2.926	5091.1221	343.1219	8.1219	 1.75	 0.20	187.24	 3.24	 4.11	 1.00	10.10	 1.99	337.45	290.29	337.95	249.75	310.37	0	49.95
2008	12	9	3.133	5091.1304	343.1306	8.1305	 1.76	 0.14	175.99	 2.14	 9.31	 0.99	10.10	 1.88	337.44	290.10	337.25	249.61	310.42	0	49.92
2008	12	9	3.340	5091.1392	343.1392	8.1392	 2.11	 0.26	187.12	 2.71	11.67	 1.00	10.10	 2.11	337.45	289.91	337.76	249.26	310.45	0	49.85
2008	12	9	3.548	5091.1479	343.1478	8.1478	 1.79	 0.17	181.50	 2.44	 9.15	 1.00	10.08	 1.94	337.49	289.80	337.96	248.85	310.78	0	49.77
2008	12	9	3.985	5091.1660	343.1660	8.1660	 1.72	 0.23	175.24	 3.63	 9.05	 1.00	10.18	 1.84	337.49	289.56	336.56	248.91	311.65	0	49.78
2008	12	9	4.193	5091.1748	343.1747	8.1747	 1.71	 0.19	181.83	 3.06	 7.00	 1.00	10.10	 1.88	337.48	289.33	339.75	248.65	312.03	0	49.73
2008	12	9	4.400	5091.1831	343.1833	8.1833	 1.57	 0.15	171.58	 2.85	10.92	 1.00	10.08	 1.71	337.51	289.04	341.94	248.39	312.46	0	49.68
2008	12	9	5.022	5091.2095	343.2093	8.2092	 1.51	 0.15	170.96	 2.96	10.26	 1.00	10.08	 1.75	337.63	288.58	341.25	248.41	313.39	0	49.68
2008	12	9	5.436	5091.2266	343.2265	8.2265	 1.78	 0.21	179.30	 3.08	 4.58	 1.00	10.10	 1.96	337.45	288.64	339.87	248.31	313.99	0	49.66
2008	12	9	5.873	5091.2446	343.2447	8.2447	 1.45	 0.16	170.63	 3.50	10.56	 1.00	10.18	 1.77	337.51	288.92	342.08	248.43	314.42	0	49.69
2008	12	9	6.496	5091.2705	343.2707	8.2707	 1.39	 0.19	178.69	 4.85	 8.53	 1.00	10.10	 1.80	337.75	289.56	344.17	248.65	315.05	0	49.73
2008	12	9	6.911	5091.2881	343.2880	8.2880	 1.46	 0.16	170.85	 3.55	 8.50	 1.00	10.10	 1.73	337.12	290.01	343.26	248.78	315.67	0	49.76
2008	12	9	7.118	5091.2964	343.2966	8.2966	 1.59	 0.21	174.14	 3.97	11.42	 1.00	10.10	 1.84	337.22	290.25	340.74	248.91	315.90	0	49.78
2008	12	9	7.762	5091.3232	343.3234	8.3234	 1.87	 0.24	168.45	 2.99	 8.27	 1.00	10.18	 1.73	336.97	291.13	344.51	248.97	316.62	0	49.79
2008	12	9	8.385	5091.3491	343.3494	8.3494	 1.83	 0.21	172.71	 2.80	11.31	 1.00	10.10	 1.92	337.48	292.02	339.74	248.90	317.10	0	49.78
2008	12	9	8.799	5091.3667	343.3666	8.3666	 1.62	 0.20	165.63	 3.38	 4.86	 1.00	10.08	 1.76	337.66	292.57	342.76	248.96	317.60	0	49.79
2008	12	9	9.214	5091.3838	343.3839	8.3839	 1.64	 0.24	162.96	 3.93	25.61	 0.99	10.10	 1.70	337.36	293.10	344.13	249.27	318.06	0	49.85
2008	12	9	9.651	5091.4023	343.4021	8.4021	 1.69	 0.24	163.65	 3.68	15.10	 1.00	10.18	 1.71	337.45	293.68	344.50	250.57	318.49	0	50.11
2008	12	9	10.066	5091.4194	343.4194	8.4194	 1.48	 0.18	158.06	 3.60	 7.17	 1.00	10.10	 1.68	337.63	294.19	342.51	253.05	318.90	0	50.61
2008	12	9	10.481	5091.4365	343.4367	8.4367	 1.89	 0.19	168.13	 2.27	 9.24	 0.99	10.08	 1.81	337.66	294.62	345.32	255.44	319.29	0	51.09
2008	12	9	16.562	5091.6899	343.6901	8.6901	 1.59	 0.15	182.02	 2.98	 0.47	 1.00	10.10	 1.79	337.20	291.71	342.09	254.18	319.64	0	50.84
2008	12	9	16.769	5091.6987	343.6987	8.6987	 1.70	 0.17	180.93	 2.85	 7.06	 1.00	10.10	 1.74	337.18	291.55	345.51	254.20	319.51	0	50.84
2008	12	9	17.829	5091.7427	343.7429	8.7429	 1.77	 0.21	174.44	 2.99	 4.17	 1.00	10.10	 1.69	337.13	291.34	346.65	255.36	318.93	0	51.07
2008	12	9	18.450	5091.7686	343.7688	8.7688	 1.59	 0.19	182.22	 3.70	 3.98	 1.00	10.10	 1.80	337.14	291.63	344.64	256.66	318.78	0	51.33
2008	12	9	18.658	5091.7773	343.7774	8.7774	 1.55	 0.19	179.14	 3.83	 4.82	 1.00	10.08	 1.68	337.16	291.76	347.72	256.84	318.78	0	51.37
2008	12	9	19.095	5091.7954	343.7956	8.7956	 1.86	 0.22	177.65	 2.92	 4.44	 1.00	10.18	 1.72	337.16	292.10	345.96	257.01	318.83	0	51.40
2008	12	9	19.925	5091.8301	343.8302	8.8302	 1.60	 0.14	183.91	 2.67	16.39	 0.98	10.10	 1.78	337.13	292.72	344.33	256.05	318.82	0	51.21
2008	12	9	22.435	5091.9346	343.9348	8.9348	 1.54	 0.17	180.00	 3.43	 5.33	 1.00	10.10	 1.73	337.13	294.78	344.91	255.13	319.63	0	51.03
2008	12	10	0.324	5092.0137	344.0135	9.0135	 1.44	 0.13	182.03	 3.01	12.41	 0.99	10.10	 1.71	337.15	294.93	348.32	252.66	319.97	0	50.53
2008	12	10	0.761	5092.0317	344.0317	9.0317	 1.37	 0.18	183.73	 4.72	 9.47	 1.00	10.20	 1.73	337.16	294.73	346.52	252.21	319.98	0	50.44
2008	12	10	1.176	5092.0488	344.0490	9.0490	 1.37	 0.14	185.69	 3.82	 8.47	 1.00	10.10	 1.80	337.12	294.54	344.30	251.54	319.91	0	50.31
2008	12	10	3.894	5092.1621	344.1623	9.1623	 1.33	 0.14	180.01	 3.84	 3.52	 1.00	10.10	 1.70	337.18	292.07	345.54	248.62	319.35	0	49.72
2008	12	10	4.539	5092.1890	344.1891	9.1891	 1.47	 0.14	179.94	 3.06	11.48	 1.00	10.18	 1.73	337.24	291.48	346.25	248.41	319.22	0	49.68
2008	12	10	7.050	5092.2939	344.2937	9.2937	 1.35	 0.13	175.54	 3.41	 1.90	 1.00	10.10	 1.69	337.44	292.25	346.77	249.41	319.18	0	49.88
2008	12	10	9.353	5092.3896	344.3897	9.3897	 1.39	 0.17	173.53	 4.16	13.45	 1.00	10.10	 1.74	337.37	293.26	342.04	250.93	319.33	0	50.19
2008	12	10	15.434	5092.6431	344.6431	9.6431	 2.10	 0.38	185.97	 3.89	11.42	 1.00	10.10	 1.73	337.31	293.66	348.09	252.89	320.50	0	50.58
2008	12	10	16.494	5092.6870	344.6872	9.6872	 1.97	 0.19	180.41	 2.17	 4.11	 1.00	10.10	 1.78	337.18	292.28	339.67	254.71	319.53	0	50.94
2008	12	10	17.530	5092.7305	344.7304	9.7304	 1.94	 0.30	182.14	 3.68	 8.47	 1.00	10.08	 1.73	337.19	291.82	344.46	255.53	318.79	0	51.11
2008	12	10	17.968	5092.7485	344.7487	9.7486	 1.79	 0.22	180.02	 3.15	14.18	 1.00	10.10	 1.71	337.17	291.90	346.82	256.06	318.61	0	51.21
2008	12	10	18.175	5092.7573	344.7573	9.7573	 1.75	 0.14	187.46	 2.22	 4.22	 1.00	10.10	 1.79	337.15	291.99	345.17	256.16	318.55	0	51.23
2008	12	10	18.589	5092.7744	344.7746	9.7746	 1.77	 0.23	188.93	 3.59	 4.23	 1.00	10.08	 1.83	337.16	292.18	344.12	256.07	318.33	0	51.21
2008	12	10	20.478	5092.8530	344.8532	9.8533	 1.88	 0.23	184.98	 3.07	 4.32	 1.00	10.08	 1.76	337.16	293.65	344.73	256.42	318.21	0	51.28
2008	12	10	20.892	5092.8706	344.8705	9.8705	 1.89	 0.24	185.69	 3.17	26.55	 0.98	10.10	 1.76	337.12	293.99	348.46	256.23	318.14	0	51.25
2008	12	10	21.537	5092.8975	344.8974	9.8974	 1.73	 0.19	183.80	 3.14	 4.98	 1.00	10.18	 1.79	337.15	294.45	344.45	255.79	318.16	0	51.16
2008	12	10	21.745	5092.9062	344.9060	9.9060	 1.71	 0.22	182.47	 3.58	 2.97	 1.00	10.10	 1.78	337.15	294.57	343.26	255.45	318.13	0	51.09
2008	12	10	22.159	5092.9233	344.9233	9.9233	 1.59	 0.16	185.22	 3.18	10.24	 1.00	10.10	 1.72	337.13	294.76	347.89	254.84	318.10	0	50.97
2008	12	10	22.989	5092.9580	344.9579	9.9579	 1.88	 0.19	184.22	 2.48	17.80	 0.98	10.10	 1.80	337.16	294.95	345.62	254.40	318.02	0	50.88
2008	12	10	23.425	5092.9761	344.9760	9.9761	 1.89	 0.24	182.13	 3.08	11.38	 1.00	10.18	 1.80	337.18	294.98	345.29	254.31	318.06	0	50.86
2008	12	10	23.841	5092.9932	344.9934	9.9934	 1.89	 0.21	181.01	 2.77	 6.79	 1.00	10.10	 1.82	337.14	294.95	342.71	254.08	318.05	0	50.82
2008	12	11	0.048	5093.0020	345.0020	10.0020	 1.97	 0.22	180.23	 2.55	 4.86	 1.00	10.10	 1.80	337.17	294.88	344.46	253.65	318.04	0	50.73
2008	12	11	0.255	5093.0107	345.0107	10.0106	 1.71	 0.24	180.95	 3.83	 2.37	 1.00	10.08	 1.74	337.12	294.82	346.31	253.32	318.02	0	50.66
2008	12	11	0.877	5093.0366	345.0365	10.0365	 1.77	 0.25	177.73	 3.64	 3.64	 1.00	10.10	 1.77	337.17	294.56	342.47	252.47	318.04	0	50.49
2008	12	11	1.314	5093.0547	345.0547	10.0547	 1.76	 0.17	180.70	 2.64	 1.14	 1.00	10.18	 1.79	337.15	294.30	343.74	251.61	318.04	0	50.32
2008	12	11	1.522	5093.0635	345.0634	10.0634	 1.45	 0.21	176.09	 4.67	 9.58	 1.00	10.10	 1.70	337.16	294.14	342.17	251.39	317.97	0	50.28
2008	12	11	1.936	5093.0806	345.0807	10.0807	 1.51	 0.21	181.40	 4.43	 4.56	 1.00	10.10	 1.77	337.14	293.78	340.86	250.44	317.94	0	50.09
2008	12	11	2.351	5093.0981	345.0980	10.0980	 1.47	 0.19	176.55	 4.20	 5.29	 1.00	10.10	 1.69	337.15	293.34	344.20	249.70	317.77	0	49.94
2008	12	11	3.239	5093.1348	345.1349	10.1349	 1.55	 0.19	174.30	 3.81	 8.64	 1.00	10.18	 1.69	337.23	292.31	341.94	249.20	317.48	0	49.84
2008	12	11	3.447	5093.1436	345.1436	10.1436	 1.54	 0.17	178.38	 3.53	12.08	 1.00	10.08	 1.73	337.18	292.11	344.00	249.19	317.42	0	49.84
2008	12	11	4.069	5093.1694	345.1695	10.1695	 1.59	 0.22	174.81	 4.04	 9.76	 1.00	10.08	 1.78	337.21	291.47	340.91	249.12	317.12	0	49.82
2008	12	11	4.483	5093.1870	345.1868	10.1868	 1.56	 0.16	180.11	 3.24	 5.95	 1.00	10.10	 1.82	337.23	291.17	341.33	249.20	316.93	0	49.84
2008	12	11	4.690	5093.1953	345.1954	10.1954	 1.88	 0.19	176.27	 2.43	10.43	 0.99	10.10	 1.81	337.25	291.16	341.44	249.54	316.87	0	49.91
2008	12	11	4.898	5093.2041	345.2041	10.2041	 1.51	 0.18	172.94	 3.65	14.41	 1.00	10.08	 1.72	337.27	291.13	343.31	249.62	316.81	0	49.92
2008	12	11	5.335	5093.2222	345.2223	10.2223	 1.56	 0.14	175.44	 2.71	12.68	 0.99	10.10	 1.70	337.29	290.94	344.95	249.13	316.75	0	49.83
2008	12	11	5.750	5093.2397	345.2396	10.2396	 1.61	 0.15	173.98	 2.70	 4.86	 1.00	10.10	 1.76	337.37	290.96	344.60	249.33	316.61	0	49.87
2008	12	11	5.957	5093.2480	345.2482	10.2482	 1.64	 0.22	169.97	 3.72	 7.42	 1.00	10.10	 1.70	337.34	291.00	342.41	249.28	316.63	0	49.86
2008	12	11	6.165	5093.2568	345.2569	10.2569	 1.71	 0.20	178.75	 3.20	 6.15	 1.00	10.08	 1.80	337.29	290.90	341.30	248.86	316.57	0	49.77
2008	12	11	6.579	5093.2739	345.2741	10.2741	 1.90	 0.23	174.29	 2.76	 3.86	 1.00	10.10	 1.83	337.37	290.88	341.84	248.64	316.48	0	49.73
2008	12	11	6.786	5093.2827	345.2828	10.2828	 1.77	 0.21	168.32	 2.95	14.45	 0.99	10.10	 1.71	337.40	290.97	343.87	248.75	316.49	0	49.75
2008	12	11	7.016	5093.2925	345.2923	10.2923	 1.80	 0.19	175.03	 2.71	 7.19	 1.00	10.18	 1.87	337.46	291.09	338.69	248.77	316.51	0	49.75
2008	12	11	7.431	5093.3096	345.3096	10.3096	 1.84	 0.14	175.85	 1.87	10.38	 0.98	10.10	 1.84	337.55	291.31	343.18	248.61	316.59	0	49.72
2008	12	11	7.639	5093.3184	345.3183	10.3183	 1.56	 0.14	174.13	 2.67	30.94	 0.93	10.10	 1.81	337.54	291.44	341.56	248.64	316.58	0	49.73
2008	12	11	7.846	5093.3271	345.3269	10.3269	 1.63	 0.22	161.92	 3.61	10.31	 1.00	10.08	 1.73	337.57	291.59	340.83	248.62	316.65	0	49.72
2008	12	11	8.054	5093.3354	345.3356	10.3356	 1.93	 0.25	170.91	 2.90	 9.11	 1.00	10.10	 1.84	337.60	291.74	341.79	248.68	316.71	0	49.74
2008	12	11	8.675	5093.3613	345.3615	10.3615	 1.87	 0.15	174.44	 1.87	 7.77	 0.99	10.10	 1.87	337.60	292.26	341.84	248.80	316.94	0	49.76
2008	12	11	8.905	5093.3711	345.3710	10.3710	 1.83	 0.18	172.30	 2.46	 7.42	 1.00	10.18	 1.92	337.64	292.45	339.58	248.82	317.07	0	49.76
2008	12	11	9.320	5093.3882	345.3883	10.3883	 1.98	 0.27	167.13	 2.86	26.23	 0.98	10.10	 1.78	337.67	292.83	344.02	249.03	317.27	0	49.81
2008	12	11	9.528	5093.3970	345.3970	10.3970	 1.67	 0.17	176.18	 2.82	 5.79	 1.00	10.10	 1.91	337.72	292.97	341.93	249.36	317.36	0	49.87
2008	12	11	9.735	5093.4058	345.4056	10.4056	 1.90	 0.25	175.96	 3.13	 5.60	 1.00	10.10	 1.86	337.65	293.08	345.02	250.02	317.45	0	50.00
2008	12	11	9.942	5093.4141	345.4142	10.4142	 1.65	 0.23	172.65	 3.85	11.53	 1.00	10.10	 1.78	337.67	293.22	345.24	250.84	317.54	0	50.17
2008	12	11	10.149	5093.4229	345.4229	10.4229	 2.02	 0.27	170.74	 2.84	 3.21	 1.00	10.08	 1.87	337.68	293.32	343.57	251.79	317.63	0	50.36
2008	12	11	10.357	5093.4316	345.4315	10.4315	 2.18	 0.29	166.83	 2.38	10.34	 0.99	10.10	 1.83	337.70	293.48	342.47	252.66	317.76	0	50.53
2008	12	11	10.564	5093.4399	345.4402	10.4402	 1.74	 0.22	167.14	 3.14	12.23	 1.00	10.10	 1.75	337.68	293.61	344.95	253.10	317.88	0	50.62
2008	12	11	11.624	5093.4844	345.4843	10.4843	 1.79	 0.12	183.04	 1.82	 8.00	 0.99	10.10	 1.99	337.66	294.11	341.36	254.57	318.41	0	50.91
2008	12	11	14.134	5093.5889	345.5889	10.5889	 1.73	 0.22	172.59	 3.32	15.56	 1.00	10.10	 1.69	337.50	293.49	344.98	255.53	318.86	0	51.11
2008	12	11	14.779	5093.6157	345.6158	10.6158	 1.71	 0.19	178.41	 3.05	 1.26	 1.00	10.10	 1.73	337.43	293.04	343.71	255.34	318.79	0	51.07
2008	12	11	15.194	5093.6333	345.6331	10.6331	 1.84	 0.20	178.29	 2.65	 3.21	 1.00	10.10	 1.71	337.34	292.64	345.21	254.39	318.64	0	50.88
2008	12	11	15.401	5093.6416	345.6417	10.6417	 1.77	 0.21	181.60	 3.18	 2.69	 1.00	10.10	 1.76	337.33	292.39	345.00	252.46	318.56	0	50.49
2008	12	11	15.608	5093.6504	345.6504	10.6503	 1.83	 0.17	179.15	 2.41	 3.28	 1.00	10.08	 1.73	337.35	292.20	343.69	252.23	318.46	0	50.45
2008	12	11	16.668	5093.6943	345.6945	10.6945	 1.84	 0.24	182.99	 3.32	11.38	 1.00	10.10	 1.83	337.26	291.03	341.81	253.77	317.75	0	50.75
2008	12	11	17.083	5093.7119	345.7118	10.7118	 1.75	 0.26	182.41	 4.04	 8.81	 1.00	10.08	 1.77	337.22	290.81	344.73	254.08	317.53	0	50.82
2008	12	11	17.290	5093.7202	345.7204	10.7204	 1.68	 0.15	181.89	 2.55	16.47	 0.98	10.10	 1.76	337.19	290.74	345.06	254.06	317.41	0	50.81
2008	12	11	17.497	5093.7290	345.7290	10.7290	 1.77	 0.27	175.16	 3.97	 0.50	 1.00	10.10	 1.72	337.19	290.71	342.64	254.22	317.31	0	50.84
2008	12	11	17.704	5093.7378	345.7377	10.7377	 1.56	 0.23	176.14	 4.40	 2.39	 1.00	10.08	 1.77	337.19	290.74	339.83	254.78	317.27	0	50.96
2008	12	11	17.912	5093.7461	345.7463	10.7463	 1.71	 0.20	178.01	 3.22	14.90	 1.00	10.10	 1.71	337.20	290.80	344.34	255.25	317.22	0	51.05
2008	12	11	18.764	5093.7817	345.7818	10.7818	 1.81	 0.22	182.65	 3.17	 3.67	 1.00	10.10	 1.84	337.18	291.38	340.43	255.62	317.26	0	51.12
2008	12	11	20.008	5093.8335	345.8337	10.8337	 1.56	 0.19	184.40	 3.85	 7.44	 1.00	10.10	 1.77	337.20	292.50	345.73	255.93	317.43	0	51.19
2008	12	11	20.653	5093.8604	345.8605	10.8605	 1.74	 0.25	179.51	 3.81	 6.05	 1.00	10.08	 1.78	337.19	293.18	344.90	256.64	317.71	0	51.33
2008	12	11	20.860	5093.8691	345.8692	10.8692	 1.88	 0.26	181.16	 3.38	15.44	 1.00	10.10	 1.81	337.19	293.41	346.07	256.67	317.83	0	51.33
2008	12	11	21.067	5093.8779	345.8778	10.8778	 1.71	 0.23	182.88	 3.71	10.66	 1.00	10.10	 1.74	337.18	293.64	349.04	256.87	317.94	0	51.37
2008	12	11	21.275	5093.8862	345.8864	10.8864	 1.70	 0.22	179.01	 3.58	 8.57	 1.00	10.10	 1.70	337.18	293.87	347.91	256.69	318.04	0	51.34
2008	12	11	21.689	5093.9038	345.9037	10.9037	 1.60	 0.17	181.29	 3.19	27.38	 0.98	10.10	 1.71	337.14	294.28	347.34	256.64	318.27	0	51.33
2008	12	11	22.126	5093.9219	345.9219	10.9219	 1.61	 0.18	183.55	 3.31	 2.08	 1.00	10.18	 1.75	337.16	294.61	347.22	255.35	318.47	0	51.07
2008	12	11	22.541	5093.9395	345.9392	10.9392	 1.56	 0.14	181.39	 2.78	 9.69	 1.00	10.10	 1.77	337.16	294.79	345.00	254.31	318.48	0	50.86
2008	12	11	22.956	5093.9565	345.9565	10.9565	 1.51	 0.13	184.28	 2.78	 2.64	 1.00	10.08	 1.74	337.19	294.90	345.92	254.48	318.49	0	50.90
2008	12	11	23.164	5093.9653	345.9651	10.9652	 1.84	 0.23	178.05	 3.07	 7.62	 1.00	10.10	 1.72	337.16	294.94	345.47	254.79	318.50	0	50.96
2008	12	11	23.785	5093.9912	345.9911	10.9911	 1.74	 0.22	183.44	 3.40	 4.41	 1.00	10.10	 1.70	337.15	295.07	350.27	255.11	318.67	0	51.02
2008	12	12	0.430	5094.0181	346.0179	11.0179	 1.65	 0.14	182.43	 2.53	 7.27	 1.00	10.08	 1.72	337.16	295.05	347.43	254.05	318.87	0	50.81
2008	12	12	0.637	5094.0264	346.0266	11.0266	 1.75	 0.22	178.60	 3.43	14.29	 1.00	10.10	 1.70	337.15	295.00	346.03	253.52	318.92	0	50.70
2008	12	12	0.845	5094.0352	346.0352	11.0352	 1.67	 0.18	180.52	 3.03	 8.82	 1.00	10.10	 1.71	337.18	294.91	346.15	253.04	318.91	0	50.61
2008	12	12	1.260	5094.0522	346.0525	11.0525	 1.64	 0.21	181.23	 3.73	13.97	 1.00	10.10	 1.68	337.16	294.69	347.18	252.52	319.00	0	50.50
2008	12	12	2.319	5094.0967	346.0966	11.0966	 1.59	 0.18	190.13	 3.54	 6.10	 1.00	10.10	 1.79	337.17	294.00	346.86	250.81	319.12	0	50.16
2008	12	12	3.659	5094.1523	346.1524	11.1524	 1.79	 0.15	188.61	 2.34	17.75	 0.97	10.10	 1.78	337.20	292.72	345.37	250.15	319.09	0	50.03
2008	12	12	5.548	5094.2310	346.2311	11.2311	 1.93	 0.20	180.76	 2.50	 8.17	 1.00	10.10	 1.80	337.32	292.01	342.17	249.91	318.78	0	49.98
2008	12	12	5.755	5094.2397	346.2398	11.2398	 2.03	 0.26	175.36	 2.74	 9.51	 1.00	10.10	 1.71	337.29	291.93	343.83	249.90	318.71	0	49.98
2008	12	12	9.532	5094.3970	346.3972	11.3972	 1.96	 0.18	184.29	 2.24	 9.90	 0.99	10.10	 1.74	337.41	293.98	342.90	250.73	319.96	0	50.15
2008	12	12	10.361	5094.4316	346.4317	11.4317	 1.96	 0.21	184.56	 2.56	11.18	 0.99	10.08	 1.72	337.32	293.69	345.26	250.58	320.06	0	50.12
2008	12	12	11.421	5094.4761	346.4759	11.4759	 1.95	 0.20	187.87	 2.45	 0.85	 1.00	10.10	 1.77	337.34	293.95	344.62	249.53	320.09	0	49.91
2008	12	12	14.139	5094.5894	346.5891	11.5891	 2.00	 0.17	184.79	 1.95	10.33	 0.99	10.10	 1.83	337.43	294.52	343.25	251.04	320.11	0	50.21
2008	12	12	17.295	5094.7207	346.7206	11.7206	 1.74	 0.14	183.63	 2.28	 1.89	 1.00	10.10	 1.68	337.26	292.45	344.55	253.89	320.03	0	50.78
2008	12	12	17.916	5094.7466	346.7465	11.7465	 1.88	 0.22	187.48	 3.00	 5.34	 1.00	10.10	 1.76	337.28	292.68	344.50	252.46	320.12	0	50.49
2008	12	12	18.976	5094.7905	346.7906	11.7907	 1.89	 0.17	186.29	 2.31	20.16	 0.97	10.10	 1.73	337.27	292.88	345.30	252.30	320.21	0	50.46
2008	12	13	0.227	5095.0093	347.0095	12.0095	 1.89	 0.22	190.60	 2.93	 3.70	 1.00	10.10	 1.77	337.21	294.20	346.18	254.65	320.21	0	50.93
2008	12	13	5.042	5095.2100	347.2101	12.2101	 2.16	 0.22	184.64	 2.13	 4.03	 1.00	10.10	 1.70	337.27	293.74	345.37	253.93	320.21	0	50.79
2008	12	13	14.486	5095.6035	347.6036	12.6036	 1.54	 0.14	183.68	 2.86	22.81	 0.97	10.08	 1.76	337.60	294.30	347.83	255.48	320.60	0	51.10
2008	12	13	17.226	5095.7178	347.7178	12.7178	 1.40	 0.19	178.21	 4.66	14.92	 1.00	10.10	 1.75	337.35	291.42	342.94	255.33	318.52	0	51.07
2008	12	13	17.849	5095.7437	347.7437	12.7437	 1.51	 0.13	177.77	 2.78	 4.12	 1.00	10.10	 1.79	337.35	291.45	342.02	256.11	318.25	0	51.22
2008	12	13	18.907	5095.7876	347.7878	12.7878	 1.47	 0.15	173.29	 3.28	 3.31	 1.00	10.18	 1.69	337.35	292.14	346.58	256.99	318.14	0	51.40
2008	12	13	19.115	5095.7964	347.7965	12.7965	 1.30	 0.13	176.10	 3.58	18.55	 0.99	10.10	 1.72	337.36	292.31	346.07	257.32	318.10	0	51.46
2008	12	13	19.530	5095.8140	347.8138	12.8137	 1.43	 0.14	173.71	 3.32	13.09	 1.00	10.10	 1.72	337.33	292.68	345.20	257.53	318.14	0	51.51
2008	12	13	19.737	5095.8223	347.8224	12.8224	 1.43	 0.15	173.29	 3.38	11.48	 1.00	10.08	 1.70	337.33	292.90	344.08	257.44	318.24	0	51.49
2008	12	13	20.152	5095.8398	347.8397	12.8397	 1.51	 0.19	182.50	 4.02	 6.87	 1.00	10.10	 1.85	337.32	293.35	342.36	257.46	318.34	0	51.49
2008	12	13	21.211	5095.8838	347.8838	12.8838	 1.65	 0.18	181.51	 3.21	 3.09	 1.00	10.08	 1.84	337.32	294.38	343.84	256.55	318.62	0	51.31
2008	12	14	0.574	5096.0239	348.0239	13.0239	 1.85	 0.18	190.88	 2.53	10.41	 0.99	10.18	 1.93	337.38	295.09	344.42	253.44	319.21	0	50.69
2008	12	14	2.462	5096.1025	348.1026	13.1026	 1.49	 0.14	179.92	 2.99	 3.51	 1.00	10.18	 1.73	337.35	293.68	345.27	250.00	319.05	0	50.00
2008	12	14	3.085	5096.1284	348.1285	13.1285	 1.52	 0.17	180.84	 3.55	 8.12	 1.00	10.08	 1.78	337.35	292.95	343.99	249.30	318.77	0	49.86
2008	12	14	3.500	5096.1460	348.1458	13.1458	 1.46	 0.17	184.91	 3.97	10.70	 1.00	10.10	 1.80	337.33	292.42	344.83	249.22	318.57	0	49.84
2008	12	14	3.914	5096.1631	348.1631	13.1631	 1.46	 0.12	181.68	 2.86	10.02	 1.00	10.10	 1.79	337.36	292.03	343.31	249.21	318.36	0	49.84
2008	12	14	5.181	5096.2158	348.2159	13.2159	 1.58	 0.21	172.47	 3.85	 3.20	 1.00	10.10	 1.70	337.46	291.06	345.00	249.03	318.05	0	49.81
2008	12	14	5.596	5096.2334	348.2332	13.2332	 1.39	 0.17	176.08	 4.17	 7.14	 1.00	10.10	 1.71	337.52	291.07	344.36	249.28	318.08	0	49.86
2008	12	14	6.010	5096.2505	348.2504	13.2504	 1.65	 0.17	176.94	 2.93	14.08	 0.99	10.08	 1.81	337.51	291.18	343.35	248.99	318.08	0	49.80
2008	12	14	6.240	5096.2598	348.2600	13.2600	 1.56	 0.17	178.34	 3.28	 9.81	 1.00	10.18	 1.78	337.56	291.28	346.03	249.12	318.12	0	49.82
2008	12	14	6.448	5096.2686	348.2687	13.2687	 1.53	 0.14	173.44	 2.87	10.05	 1.00	10.10	 1.75	337.59	291.40	344.22	249.13	318.14	0	49.83
2008	12	14	6.655	5096.2773	348.2773	13.2773	 1.57	 0.13	173.52	 2.35	10.86	 0.99	10.10	 1.79	337.61	291.55	343.13	249.01	318.18	0	49.80
2008	12	14	6.863	5096.2861	348.2859	13.2859	 1.82	 0.15	177.37	 2.01	10.66	 0.98	10.08	 1.86	337.61	291.68	343.14	249.02	318.20	0	49.80
2008	12	14	7.277	5096.3032	348.3032	13.3032	 1.52	 0.16	172.93	 3.14	12.79	 1.00	10.10	 1.77	337.66	292.05	343.73	249.19	318.33	0	49.84
2008	12	14	8.544	5096.3560	348.3560	13.3560	 1.97	 0.27	175.54	 3.06	31.01	 0.98	10.08	 1.82	337.76	293.41	345.49	249.50	319.19	0	49.90
2008	12	14	9.788	5096.4077	348.4078	13.4078	 2.05	 0.27	170.11	 2.67	 7.15	 1.00	10.10	 1.74	337.79	294.73	344.47	251.36	319.91	0	50.27
2008	12	14	10.847	5096.4521	348.4520	13.4520	 1.75	 0.24	170.05	 3.47	12.65	 1.00	10.08	 1.72	337.81	295.57	342.61	256.74	320.60	0	51.35
2008	12	15	9.927	5097.4136	349.4136	14.4136	 1.68	 0.17	183.95	 2.94	10.07	 1.00	10.10	 1.69	337.56	294.79	347.01	253.56	321.26	0	50.71
2008	12	15	10.135	5097.4224	349.4223	14.4223	 1.63	 0.14	184.74	 2.66	10.13	 0.99	10.10	 1.73	337.57	294.83	343.84	253.48	321.27	0	50.70
2008	12	15	18.126	5097.7554	349.7553	14.7553	 2.37	 0.36	191.49	 2.77	 7.81	 1.00	10.18	 1.69	337.45	294.01	346.02	257.30	321.77	0	51.46
2008	12	16	21.814	5098.9087	350.9089	15.9089	 1.64	 0.14	188.10	 2.66	 1.13	 1.00	10.08	 1.79	337.45	296.44	344.36	258.38	320.43	0	51.68
2008	12	16	22.229	5098.9263	350.9262	15.9262	 1.55	 0.14	183.69	 2.85	12.64	 0.99	10.10	 1.69	337.42	296.65	345.53	257.67	320.41	0	51.53
2008	12	16	23.703	5098.9878	350.9876	15.9876	 1.73	 0.17	185.55	 2.73	 1.54	 1.00	10.10	 1.74	337.42	296.90	345.31	257.07	320.39	0	51.41
2008	12	17	3.066	5099.1279	351.1277	16.1277	 1.79	 0.22	177.83	 3.14	 5.90	 1.00	10.08	 1.70	337.45	294.66	342.38	251.39	320.14	0	50.28
2008	12	17	3.480	5099.1450	351.1450	16.1450	 1.58	 0.20	180.69	 3.81	11.22	 1.00	10.10	 1.68	337.43	294.14	343.73	251.21	319.88	0	50.24
2008	12	17	4.540	5099.1890	351.1892	16.1892	 1.73	 0.21	185.71	 3.46	 6.94	 1.00	10.08	 1.80	337.45	292.93	342.73	250.60	319.32	0	50.12
2008	12	17	5.369	5099.2236	351.2237	16.2237	 1.69	 0.16	182.24	 2.73	 8.02	 1.00	10.10	 1.76	337.54	292.28	343.70	250.48	318.94	0	50.10
2008	12	17	6.429	5099.2681	351.2679	16.2679	 1.83	 0.17	171.67	 2.32	10.94	 0.99	10.10	 1.73	337.64	292.33	341.79	250.58	318.73	0	50.12
2008	12	17	7.258	5099.3022	351.3024	16.3024	 1.76	 0.20	180.81	 3.12	 7.34	 1.00	10.10	 1.77	337.56	292.19	344.21	250.52	318.51	0	50.10
2008	12	17	7.465	5099.3110	351.3111	16.3111	 1.74	 0.16	181.61	 2.54	20.91	 0.97	10.08	 1.78	337.64	292.23	343.07	250.69	318.45	0	50.14
2008	12	17	7.902	5099.3291	351.3293	16.3293	 1.91	 0.16	171.71	 1.87	19.74	 0.92	10.18	 1.71	337.66	292.31	342.50	251.06	318.41	0	50.21
2008	12	17	8.110	5099.3379	351.3379	16.3379	 2.01	 0.24	172.26	 2.59	 5.98	 1.00	10.10	 1.71	337.61	292.44	344.70	251.41	318.44	0	50.28
2008	12	17	8.318	5099.3467	351.3466	16.3466	 1.87	 0.16	175.86	 2.10	 6.46	 1.00	10.08	 1.78	337.79	292.84	343.49	251.86	318.44	0	50.37
2008	12	17	8.732	5099.3638	351.3638	16.3638	 2.07	 0.26	170.15	 2.58	11.51	 1.00	10.10	 1.70	337.93	293.72	346.07	251.93	318.60	0	50.39
2008	12	17	9.147	5099.3813	351.3811	16.3811	 1.88	 0.21	181.73	 2.73	11.60	 1.00	10.10	 1.84	337.86	294.02	344.85	251.16	318.80	0	50.23
2008	12	17	9.999	5099.4165	351.4166	16.4166	 1.90	 0.20	180.00	 2.56	 7.20	 1.00	10.10	 1.79	337.79	294.09	344.07	252.52	319.01	0	50.50
2008	12	17	10.414	5099.4341	351.4339	16.4339	 2.08	 0.27	174.30	 2.62	10.15	 1.00	10.08	 1.79	337.93	294.56	345.54	255.51	319.09	0	51.10
2008	12	17	11.035	5099.4600	351.4598	16.4598	 2.11	 0.22	174.65	 2.06	 6.31	 1.00	10.10	 1.76	337.93	294.89	347.82	256.18	319.34	0	51.24
2008	12	17	11.680	5099.4868	351.4867	16.4867	 2.05	 0.27	179.49	 2.82	18.99	 0.99	10.18	 1.79	337.83	295.08	346.63	257.08	319.65	0	51.42
2008	12	17	11.887	5099.4951	351.4953	16.4953	 2.22	 0.36	171.98	 2.97	 4.18	 1.00	10.10	 1.73	337.84	295.22	344.16	257.82	319.82	0	51.56
2008	12	17	14.399	5099.6001	351.5999	16.5999	 1.57	 0.17	176.53	 3.20	 3.55	 1.00	10.10	 1.69	337.68	294.74	343.13	258.30	320.79	0	51.66
2008	12	17	17.969	5099.7485	351.7487	16.7487	 1.62	 0.19	183.11	 3.56	 5.49	 1.00	10.08	 1.73	337.46	293.28	343.63	260.22	320.41	0	52.04
2008	12	17	18.176	5099.7573	351.7573	16.7573	 1.66	 0.12	184.21	 2.21	 3.82	 1.00	10.10	 1.70	337.44	293.44	347.62	260.46	320.44	0	52.09
2008	12	17	21.746	5099.9062	351.9061	16.9061	 1.59	 0.18	188.86	 3.59	 4.43	 1.00	10.10	 1.69	337.44	296.37	347.79	258.34	321.21	0	51.67
2008	12	18	7.190	5100.2998	352.2996	17.2996	 2.03	 0.21	182.07	 2.34	 8.09	 1.00	10.10	 1.69	337.59	293.10	345.76	251.58	319.95	0	50.32
2008	12	18	7.605	5100.3169	352.3169	17.3169	 1.86	 0.26	180.69	 3.42	15.02	 1.00	10.10	 1.72	337.57	293.13	342.41	251.63	319.81	0	50.33
2008	12	18	8.456	5100.3525	352.3524	17.3524	 1.87	 0.22	180.48	 2.89	14.47	 0.99	10.18	 1.71	337.69	293.18	343.49	251.57	319.61	0	50.31
2008	12	18	11.382	5100.4741	352.4743	17.4743	 2.04	 0.26	170.82	 2.65	13.52	 0.99	10.10	 1.69	337.89	295.72	344.62	257.52	320.94	0	51.50
2008	12	18	12.856	5100.5356	352.5357	17.5357	 1.78	 0.24	179.21	 3.46	19.78	 0.99	10.10	 1.73	337.82	296.71	343.03	259.75	322.10	0	51.95
2008	12	18	22.093	5100.9204	352.9205	17.9205	 1.75	 0.14	196.30	 2.42	10.14	 0.99	10.10	 1.79	337.45	297.09	346.24	259.69	321.99	0	51.94
2008	12	19	1.456	5101.0605	353.0606	18.0606	 1.79	 0.21	193.05	 3.28	 7.80	 1.00	10.20	 1.73	337.45	296.97	345.81	254.20	322.27	0	50.84
2008	12	19	20.442	5101.8516	353.8518	18.8518	 2.02	 0.23	196.20	 2.72	 3.39	 1.00	10.10	 1.76	337.54	295.85	346.74	261.34	321.06	0	52.27
2008	12	19	22.331	5101.9307	353.9305	18.9305	 2.19	 0.30	192.55	 2.91	 8.90	 1.00	10.10	 1.69	337.60	296.59	346.18	257.68	321.72	0	51.54
2008	12	20	3.997	5102.1665	354.1666	19.1666	 1.82	 0.25	184.79	 3.57	 6.07	 1.00	10.08	 1.77	337.56	293.13	343.18	250.83	319.93	0	50.17
2008	12	20	4.827	5102.2012	354.2011	19.2011	 2.17	 0.28	184.88	 2.66	 5.59	 1.00	10.10	 1.80	337.59	292.50	342.85	250.16	319.53	0	50.03
2008	12	20	5.034	5102.2100	354.2097	19.2098	 1.77	 0.20	179.32	 2.96	10.63	 1.00	10.10	 1.71	337.65	292.36	343.87	250.23	319.36	0	50.05
2008	12	20	5.886	5102.2451	354.2453	19.2453	 1.80	 0.23	180.04	 3.32	13.34	 1.00	10.10	 1.74	337.64	291.89	342.78	249.95	318.91	0	49.99
2008	12	20	6.715	5102.2798	354.2798	19.2798	 2.02	 0.27	182.29	 3.00	 5.97	 1.00	10.10	 1.87	337.69	292.00	339.99	250.31	318.63	0	50.06
2008	12	20	6.923	5102.2886	354.2885	19.2884	 1.96	 0.21	181.57	 2.52	 5.90	 1.00	10.08	 1.85	337.67	292.04	342.19	250.10	318.49	0	50.02
2008	12	20	8.604	5102.3584	354.3585	19.3585	 2.10	 0.32	178.19	 3.15	 4.74	 1.00	10.10	 1.83	337.89	293.92	342.98	250.96	319.43	0	50.19
2008	12	20	10.700	5102.4458	354.4458	19.4458	 2.24	 0.24	172.12	 1.95	20.15	 0.95	10.08	 1.68	337.93	296.56	346.60	257.23	321.19	0	51.45
2008	12	22	20.838	5104.8682	356.8683	21.8683	 2.53	 0.53	195.30	 3.43	14.40	 1.00	10.10	 1.69	337.76	296.55	344.79	254.00	321.20	0	50.80
2008	12	23	1.882	5105.0786	357.0784	22.0784	 3.29	 1.37	192.75	 3.92	12.23	 1.00	10.08	 1.72	337.74	296.64	345.23	252.11	320.78	0	50.42
2008	12	23	5.867	5105.2446	357.2445	22.2445	 2.80	 0.50	194.82	 2.44	 5.43	 1.00	10.10	 1.73	337.91	296.11	345.20	252.69	319.74	0	50.54
2008	12	23	8.585	5105.3579	357.3577	22.3577	 3.24	 1.13	188.77	 3.31	17.38	 1.00	10.10	 1.69	338.01	294.93	346.30	252.69	319.47	0	50.54
2008	12	23	8.793	5105.3662	357.3664	22.3664	 2.88	 0.62	188.23	 2.66	 6.23	 1.00	10.08	 1.69	337.99	294.72	345.03	252.79	319.51	0	50.56
2008	12	23	9.000	5105.3750	357.3750	22.3750	 2.82	 0.65	191.67	 3.04	16.19	 1.00	10.10	 1.75	337.98	294.45	344.75	252.72	319.49	0	50.54
2008	12	23	9.230	5105.3848	357.3846	22.3846	 2.69	 0.35	195.93	 1.90	11.69	 0.98	10.18	 1.87	337.98	294.14	342.66	252.69	319.40	0	50.54
2008	12	23	11.741	5105.4893	357.4892	22.4892	 3.50	 1.29	192.90	 2.97	 7.07	 1.00	10.08	 1.83	338.04	293.30	341.68	253.53	319.02	0	50.71
2008	12	23	13.215	5105.5508	357.5506	22.5506	 4.77	 5.74	185.53	 3.45	 9.68	 1.00	10.08	 1.77	338.05	293.41	341.67	253.71	318.97	0	50.74
2008	12	23	14.252	5105.5937	357.5938	22.5938	 3.86	 2.35	188.70	 3.62	 9.08	 1.00	10.10	 1.72	337.76	293.30	342.29	252.75	318.43	0	50.55
2008	12	23	14.459	5105.6025	357.6025	22.6025	 4.88	 4.04	189.43	 2.22	15.68	 0.99	10.08	 1.69	337.76	293.26	346.09	252.69	318.48	0	50.54
2008	12	23	16.141	5105.6724	357.6725	22.6725	 4.64	 3.41	186.96	 2.35	 2.56	 1.00	10.10	 1.70	337.62	293.98	347.29	252.38	318.07	0	50.48
2008	12	23	18.882	5105.7866	357.7867	22.7867	 2.90	 0.37	193.87	 1.59	 9.89	 0.98	10.08	 1.76	337.62	295.18	346.29	253.48	318.60	0	50.70
2008	12	23	20.126	5105.8384	357.8386	22.8386	 2.53	 0.30	193.25	 1.96	 4.95	 1.00	10.08	 1.69	337.57	296.17	347.85	253.70	318.76	0	50.74
2008	12	23	22.659	5105.9443	357.9441	22.9441	21.27	56422076.87	194.69	 2.41	 6.87	 1.00	10.10	 1.70	337.49	296.22	345.46	252.80	319.58	0	50.56
2008	12	23	22.866	5105.9526	357.9528	22.9528	 2.83	 0.63	193.91	 2.96	 7.30	 1.00	10.10	 1.69	337.49	296.26	345.95	252.63	319.63	0	50.53
2008	12	23	23.696	5105.9873	357.9873	22.9873	 3.07	 0.70	200.87	 2.64	 6.18	 1.00	10.08	 1.94	337.55	296.31	340.52	252.98	319.41	0	50.60
2008	12	24	0.755	5106.0312	358.0315	23.0315	 3.65	 1.29	199.31	 2.60	11.30	 1.00	10.10	 1.75	337.44	295.94	345.21	252.43	319.44	0	50.49
2008	12	24	1.585	5106.0659	358.0660	23.0660	 3.44	 1.16	194.59	 2.86	 3.77	 1.00	10.10	 1.70	337.54	295.81	345.01	252.83	319.49	0	50.57
2008	12	24	1.792	5106.0747	358.0747	23.0747	 3.65	 1.18	193.71	 2.32	 4.19	 1.00	10.10	 1.72	337.50	295.70	344.88	252.46	319.49	0	50.49
2008	12	24	2.229	5106.0928	358.0929	23.0929	 4.39	 2.45	198.18	 2.32	 7.60	 1.00	10.18	 1.76	337.50	295.52	346.28	252.45	319.57	0	50.49
2008	12	24	6.836	5106.2847	358.2849	23.2848	 3.75	 1.20	195.32	 2.16	 4.90	 1.00	10.10	 1.68	337.49	295.08	347.28	252.40	319.97	0	50.48
2008	12	24	8.310	5106.3462	358.3463	23.3463	 4.13	 1.51	198.49	 1.86	10.29	 0.99	10.10	 1.78	337.47	295.51	346.72	252.37	320.04	0	50.47
2008	12	24	8.725	5106.3638	358.3636	23.3636	 3.32	 0.81	199.63	 2.32	 2.89	 1.00	10.10	 1.86	337.41	295.49	343.50	252.28	320.01	0	50.46
2008	12	24	9.992	5106.4165	358.4163	23.4163	 4.11	 1.82	191.90	 2.21	 4.16	 1.00	10.08	 1.73	337.51	294.80	341.08	252.22	319.40	0	50.44
2008	12	24	10.614	5106.4424	358.4422	23.4422	 3.25	 0.88	196.87	 2.65	12.37	 1.00	10.08	 1.74	337.38	294.64	343.89	252.12	319.13	0	50.42
2008	12	24	10.821	5106.4507	358.4509	23.4509	 5.63	10.40	192.43	 2.72	 0.84	 1.00	10.10	 1.70	337.48	294.52	346.94	252.10	319.01	0	50.42
2008	12	24	11.881	5106.4951	358.4950	23.4950	 5.11	 5.48	190.63	 2.40	10.42	 1.00	10.10	 1.72	337.45	294.39	344.33	252.63	318.66	0	50.53
2008	12	24	12.295	5106.5122	358.5123	23.5123	72.28	 1.00	189.42	 0.00	 9.05	 0.00	10.10	 1.77	337.51	294.62	343.39	253.03	318.74	0	50.61
2008	12	24	12.502	5106.5210	358.5209	23.5209	16.35	304921.55	194.17	 1.78	11.15	 0.99	10.10	 1.83	337.51	294.67	343.58	253.15	318.86	0	50.63
2008	12	24	13.125	5106.5469	358.5469	23.5469	16.17	293941.13	189.40	 2.01	 4.81	 1.00	10.10	 1.72	337.46	294.52	345.84	253.00	318.99	0	50.60
2008	12	24	13.977	5106.5825	358.5824	23.5824	 3.81	 1.53	192.44	 2.53	 6.92	 1.00	10.10	 1.74	337.46	294.41	344.30	253.19	319.03	0	50.64
2008	12	24	14.599	5106.6084	358.6083	23.6083	44.19	 1.00	185.54	 0.00	 6.47	 0.00	10.10	 1.69	337.43	294.21	343.46	252.68	318.87	0	50.54
2008	12	24	15.014	5106.6255	358.6256	23.6256	 4.45	 2.21	192.63	 1.92	 2.68	 1.00	10.10	 1.74	337.49	294.21	344.35	252.85	318.81	0	50.57
2008	12	24	15.221	5106.6343	358.6342	23.6342	17.30	859200.99	197.08	 1.97	 3.67	 1.00	10.10	 1.82	337.44	294.17	345.67	252.86	318.83	0	50.57
2008	12	24	16.073	5106.6699	358.6697	23.6697	 4.05	 2.32	190.96	 2.99	 7.59	 1.00	10.10	 1.73	337.53	294.28	343.67	253.10	319.11	0	50.62
2008	12	24	17.339	5106.7227	358.7225	23.7225	 5.05	 4.30	196.73	 2.06	 3.32	 1.00	10.18	 1.75	337.44	294.49	347.30	252.98	319.69	0	50.60
2008	12	24	19.436	5106.8101	358.8098	23.8098	 3.47	 1.02	199.24	 2.50	 7.99	 1.00	10.10	 1.75	337.52	294.82	343.61	253.99	320.48	0	50.80
2008	12	24	20.265	5106.8442	358.8444	23.8444	 4.26	 3.63	201.76	 4.00	 8.94	 1.00	10.10	 1.79	337.52	295.42	345.05	254.14	320.98	0	50.83
2008	12	26	1.219	5108.0508	360.0508	25.0508	 2.06	 0.25	194.38	 2.83	 4.40	 1.00	10.08	 1.69	337.51	298.88	342.40	261.19	320.89	0	52.24
2008	12	26	2.278	5108.0947	360.0949	25.0949	 2.11	 0.43	202.68	 4.78	45.58	 0.99	10.10	 1.68	337.65	298.38	351.82	258.42	318.52	0	51.68
2008	12	26	2.693	5108.1123	360.1122	25.1122	 2.21	 0.49	198.63	 4.69	10.59	 1.00	10.08	 1.80	337.79	297.94	346.99	257.76	317.24	0	51.55
2008	12	26	3.753	5108.1562	360.1563	25.1564	 3.91	 2.30	197.88	 3.53	 7.51	 1.00	10.10	 1.98	337.52	296.38	341.76	257.07	315.62	0	51.41
2008	12	26	6.056	5108.2524	360.2523	25.2523	 2.39	 0.38	186.64	 2.78	 6.20	 1.00	10.10	 1.88	338.11	294.83	338.98	256.85	312.95	0	51.37
2008	12	26	6.470	5108.2695	360.2696	25.2696	 2.04	 0.31	194.79	 3.61	 2.41	 1.00	10.10	 2.04	338.20	294.81	338.16	256.77	313.04	0	51.35
2008	12	26	6.677	5108.2783	360.2782	25.2782	 2.11	 0.25	184.93	 2.49	 3.89	 1.00	10.10	 1.74	338.22	294.77	343.53	256.53	313.08	0	51.31
2008	12	26	6.885	5108.2871	360.2869	25.2869	 2.12	 0.25	187.91	 2.52	 2.41	 1.00	10.08	 1.92	338.31	294.85	338.68	256.53	313.25	0	51.31
2008	12	26	7.114	5108.2964	360.2964	25.2964	 2.16	 0.38	184.05	 3.62	 8.95	 1.00	10.18	 1.77	338.38	294.98	342.60	256.80	313.74	0	51.36
2008	12	26	7.323	5108.3052	360.3051	25.3051	 1.97	 0.25	184.66	 2.98	18.38	 0.99	10.10	 1.77	338.34	295.17	342.25	256.90	313.86	0	51.38
2008	12	26	7.945	5108.3311	360.3310	25.3310	 3.15	 1.02	180.44	 3.15	 6.09	 1.00	10.10	 1.79	338.38	295.63	342.35	257.16	314.10	0	51.43
2008	12	26	8.566	5108.3569	360.3569	25.3569	 2.42	 0.72	182.06	 4.94	15.22	 1.00	10.10	 1.77	338.39	296.42	345.66	257.62	314.91	0	51.52
2008	12	26	8.774	5108.3657	360.3656	25.3656	 2.00	 0.41	182.33	 4.66	11.55	 1.00	10.10	 1.74	338.41	296.70	343.52	257.59	314.90	0	51.52
2008	12	26	10.248	5108.4272	360.4270	25.4270	 2.73	 0.41	186.73	 2.06	 5.04	 1.00	10.10	 1.83	338.50	298.29	347.34	262.27	314.86	0	52.45
2008	12	26	10.455	5108.4355	360.4356	25.4356	 2.65	 0.54	178.60	 2.85	12.52	 1.00	10.10	 1.77	338.52	298.45	346.68	263.85	315.12	0	52.77
2008	12	26	11.929	5108.4971	360.4971	25.4971	 2.77	 0.75	184.09	 3.54	 0.77	 1.00	10.08	 1.79	338.28	298.30	340.11	264.12	316.90	0	52.82
2008	12	26	12.137	5108.5059	360.5057	25.5057	 2.87	 0.72	186.23	 3.09	 7.24	 1.00	10.10	 1.76	338.29	298.08	340.97	264.53	317.15	0	52.91
2008	12	26	12.551	5108.5229	360.5230	25.5230	 2.75	 0.56	196.27	 2.92	 4.61	 1.00	10.10	 1.77	338.18	297.83	347.15	264.28	317.95	0	52.86
2008	12	26	14.233	5108.5933	360.5930	25.5930	 3.09	 0.50	194.49	 1.78	 2.73	 1.00	10.10	 1.77	338.19	297.71	344.80	267.60	317.66	0	53.52
2008	12	26	19.277	5108.8032	360.8032	25.8032	 2.59	 0.39	190.28	 2.32	 2.07	 1.00	10.08	 1.73	337.95	296.58	337.96	272.40	318.72	0	54.48
2008	12	26	19.692	5108.8203	360.8205	25.8205	 2.53	 0.42	188.95	 2.68	10.75	 1.00	10.10	 1.70	337.96	297.14	338.67	271.50	319.13	0	54.30
2008	12	26	19.899	5108.8291	360.8291	25.8291	 2.99	 0.75	205.97	 3.16	 2.76	 1.00	10.08	 1.99	337.95	297.41	339.81	271.33	319.29	0	54.27
2008	12	28	11.149	5110.4644	362.4645	27.4645	 3.81	 3.31	191.31	 5.48	35.83	 1.00	10.10	 1.91	337.74	298.46	343.14	251.59	321.27	0	50.32
2008	12	28	12.001	5110.5000	362.5000	27.5000	 3.11	 0.90	201.07	 3.23	27.35	 0.99	10.18	 2.05	337.51	297.57	342.08	250.03	320.47	0	50.01
2008	12	28	14.097	5110.5874	362.5874	27.5874	 2.77	 0.56	178.03	 2.58	 2.40	 1.00	10.10	 1.86	337.58	295.21	339.56	251.79	317.86	0	50.36
2008	12	28	14.305	5110.5962	362.5960	27.5960	 2.56	 0.46	182.55	 2.76	 4.76	 1.00	10.08	 1.77	337.64	294.79	343.87	250.95	317.77	0	50.19
2008	12	28	14.512	5110.6045	362.6047	27.6047	 2.22	 0.29	177.43	 2.50	 9.43	 1.00	10.10	 1.70	337.63	294.45	344.03	250.74	317.57	0	50.15
2008	12	28	14.719	5110.6133	362.6133	27.6133	 2.14	 0.29	182.54	 2.72	 6.57	 1.00	10.10	 1.76	337.64	294.28	342.89	251.54	317.43	0	50.31
2008	12	28	14.927	5110.6221	362.6219	27.6219	 2.15	 0.25	184.79	 2.44	19.54	 0.98	10.08	 1.84	337.69	294.21	344.47	252.40	317.39	0	50.48
2008	12	28	15.134	5110.6304	362.6306	27.6306	 2.51	 0.41	186.00	 2.65	 9.22	 1.00	10.10	 1.85	337.66	294.00	345.23	252.43	317.48	0	50.49
2008	12	28	15.341	5110.6392	362.6392	27.6392	 2.55	 0.48	192.29	 3.07	15.66	 1.00	10.10	 2.00	337.55	293.62	340.55	251.21	317.54	0	50.24
2008	12	28	15.549	5110.6479	362.6479	27.6479	 1.94	 0.30	188.72	 3.77	 2.27	 1.00	10.08	 1.79	337.52	293.32	343.84	249.95	317.60	0	49.99
2008	12	28	15.778	5110.6572	362.6574	27.6574	 2.26	 0.32	192.00	 2.79	14.64	 0.99	10.20	 1.84	337.53	293.11	344.90	250.02	317.50	0	50.00
2008	12	28	15.986	5110.6660	362.6661	27.6661	 2.12	 0.36	184.75	 3.57	 5.40	 1.00	10.10	 1.72	337.44	292.86	347.18	250.21	317.40	0	50.04
2008	12	28	16.608	5110.6919	362.6920	27.6920	 2.81	 0.33	180.84	 1.46	 5.89	 0.99	10.10	 1.79	337.49	292.33	343.51	250.68	317.11	0	50.14
2008	12	28	16.815	5110.7007	362.7006	27.7006	 2.08	 0.32	177.78	 3.22	 7.99	 1.00	10.10	 1.70	337.56	292.29	344.28	250.93	317.10	0	50.19
2008	12	28	17.023	5110.7095	362.7093	27.7093	 2.43	 0.28	189.95	 1.97	 2.33	 1.00	10.10	 1.91	337.63	292.23	342.57	250.95	317.14	0	50.19
2008	12	28	17.230	5110.7178	362.7179	27.7179	 2.45	 0.31	184.93	 2.14	 8.59	 1.00	10.10	 1.80	337.56	292.19	343.67	250.67	317.09	0	50.13
2008	12	28	17.437	5110.7266	362.7266	27.7266	 2.31	 0.35	189.51	 2.85	 3.41	 1.00	10.10	 1.87	337.52	292.02	343.05	250.58	317.04	0	50.12
2008	12	28	17.667	5110.7363	362.7361	27.7361	 2.09	 0.25	184.60	 2.55	10.98	 1.00	10.18	 1.72	337.53	291.80	345.44	251.26	316.99	0	50.25
2008	12	28	17.875	5110.7446	362.7448	27.7448	 2.13	 0.33	182.07	 3.18	11.79	 1.00	10.10	 1.75	337.60	291.91	341.16	252.59	317.02	0	50.52
2008	12	28	18.083	5110.7534	362.7534	27.7534	 2.34	 0.43	190.82	 3.44	 5.35	 1.00	10.10	 1.97	337.67	292.06	339.56	252.92	317.13	0	50.58
2008	12	28	18.497	5110.7705	362.7707	27.7707	 2.15	 0.26	186.03	 2.48	10.11	 1.00	10.10	 1.77	337.73	291.95	343.37	250.47	317.43	0	50.09
2008	12	28	18.911	5110.7881	362.7880	27.7880	 2.46	 0.39	190.41	 2.72	 5.06	 1.00	10.10	 1.81	337.67	292.02	345.25	249.80	317.44	0	49.96
2008	12	28	19.119	5110.7969	362.7966	27.7966	 2.31	 0.32	184.23	 2.57	 8.87	 1.00	10.10	 1.78	337.73	292.01	343.46	249.73	317.40	0	49.95
2008	12	28	19.326	5110.8052	362.8053	27.8053	 2.28	 0.33	184.04	 2.72	 3.64	 1.00	10.10	 1.74	337.76	292.06	341.92	250.80	317.30	0	50.16
2008	12	28	19.971	5110.8320	362.8322	27.8321	 2.13	 0.38	199.40	 4.06	11.01	 1.00	10.10	 1.93	337.70	292.56	342.54	251.16	317.81	0	50.23
2008	12	28	20.179	5110.8408	362.8408	27.8408	 2.52	 0.45	192.67	 2.96	 3.90	 1.00	10.10	 1.92	337.66	292.78	340.08	251.95	317.84	0	50.39
2008	12	28	21.215	5110.8838	362.8840	27.8840	 2.44	 0.55	189.02	 3.89	 9.20	 1.00	10.10	 1.68	337.72	293.57	343.86	252.24	318.80	0	50.45
2008	12	28	22.275	5110.9282	362.9281	27.9281	 2.20	 0.24	194.31	 2.27	13.98	 0.99	10.10	 1.78	337.62	294.14	340.18	252.27	319.53	0	50.45
2008	12	30	6.384	5112.2661	364.2660	29.2660	 3.05	 1.22	190.26	 4.42	22.22	 1.00	10.10	 1.78	337.17	294.80	342.31	252.50	319.80	0	50.50
2008	12	30	6.591	5112.2744	364.2746	29.2746	 2.61	 0.67	186.44	 3.80	 4.33	 1.00	10.10	 1.69	337.13	295.03	344.62	252.19	319.94	0	50.44
2008	12	30	6.799	5112.2832	364.2833	29.2833	 3.39	 0.95	188.45	 2.40	 7.79	 1.00	10.08	 1.72	337.25	295.28	344.69	251.71	320.13	0	50.34
2008	12	31	3.161	5113.1318	365.1317	30.1317	 3.38	 1.21	195.54	 3.17	14.05	 1.00	10.10	 1.73	337.18	296.81	342.27	254.74	320.84	0	50.95
2008	12	31	3.783	5113.1577	365.1576	30.1576	 4.09	 1.97	196.45	 2.49	 7.18	 1.00	10.10	 1.74	337.22	296.57	342.37	254.69	320.68	0	50.94
2008	12	31	5.050	5113.2104	365.2104	30.2104	 2.62	 0.48	195.28	 2.86	 3.54	 1.00	10.10	 1.76	337.24	295.62	342.84	253.70	319.56	0	50.74
2008	12	31	5.257	5113.2192	365.2190	30.2190	 3.88	 1.34	197.53	 2.13	 2.84	 1.00	10.10	 1.84	337.25	295.52	343.19	253.64	319.59	0	50.73
2008	12	31	7.353	5113.3062	365.3064	30.3064	 3.49	 1.99	194.53	 4.65	11.42	 1.00	10.10	 1.73	337.51	296.40	345.32	253.53	320.86	0	50.71
2008	12	31	7.561	5113.3149	365.3150	30.3150	 2.63	 0.40	201.02	 2.39	 9.97	 1.00	10.08	 1.90	337.57	296.72	340.99	253.91	321.14	0	50.78
2008	12	31	9.242	5113.3853	365.3851	30.3851	 3.44	 1.24	211.67	 3.32	13.21	 1.00	10.10	 2.07	337.67	299.31	340.23	254.29	323.54	0	50.86
2008	12	31	10.509	5113.4380	365.4379	30.4379	36.03	 1.00	209.19	 0.00	112.77	 0.00	10.10	 1.88	337.74	300.77	339.93	258.30	325.26	0	51.66
2008	12	31	19.952	5113.8315	365.8314	30.8314	74.36	 1.00	217.66	 0.00	19.43	 0.00	10.10	 2.35	336.40	299.13	331.79	261.56	321.70	0	52.31
2008	12	31	22.049	5113.9189	365.9187	30.9187	 4.02	 4.09	185.13	 5.25	 8.04	 1.00	10.08	 1.70	337.87	297.98	339.92	259.67	318.18	0	51.93
2008	12	31	22.878	5113.9531	365.9532	30.9533	 2.89	 0.81	200.28	 3.68	 9.01	 1.00	10.10	 1.89	338.17	297.52	341.31	259.13	317.65	0	51.83
2008	12	31	23.316	5113.9717	365.9715	30.9715	 2.59	 0.73	201.06	 4.61	13.16	 1.00	10.10	 1.79	338.43	297.34	347.09	259.22	316.98	0	51.84
2008	12	31	23.730	5113.9888	365.9888	30.9888	 2.80	 0.60	192.98	 2.90	 6.63	 1.00	10.10	 1.74	338.41	297.15	343.41	259.02	316.89	0	51.80
