2013	6	6	3.650	6731.1519	156.1521	5.1521	 0.69	 0.06	162.42	 5.69	 3.51	 1.00	10.10	 1.46	326.62	248.53	287.67	220.66	278.94	0	44.13
2013	6	6	3.886	6731.1621	156.1619	5.1619	 0.59	 0.08	164.47	 8.82	 6.93	 1.00	10.18	 1.38	329.53	249.23	289.45	220.62	277.13	0	44.12
2013	6	6	4.094	6731.1704	156.1706	5.1706	 0.50	 0.07	167.98	11.72	 5.90	 1.00	10.08	 1.44	330.06	249.97	284.43	 0.00	281.25	0	54.00
2013	6	6	4.301	6731.1792	156.1792	5.1792	 0.60	 0.07	153.16	 7.33	 5.70	 1.00	10.05	 1.44	330.15	250.26	286.19	 0.00	277.33	0	54.00
2013	6	6	4.508	6731.1880	156.1878	5.1878	 0.48	 0.05	171.96	 9.60	11.05	 0.99	10.10	 1.37	330.21	251.32	288.97	221.08	277.54	0	44.22
2013	6	6	4.715	6731.1963	156.1965	5.1965	 0.46	 0.05	171.55	 9.13	 5.17	 1.00	10.05	 1.44	330.38	251.11	286.39	 0.00	 0.00	0	54.00
2013	6	6	4.922	6731.2051	156.2051	5.2051	 0.51	 0.06	161.02	 8.76	 4.83	 1.00	10.05	 1.42	330.25	252.78	288.95	 0.00	 0.00	0	54.00
2013	6	6	5.128	6731.2139	156.2137	5.2137	 0.60	 0.06	168.07	 6.84	 4.53	 1.00	10.05	 1.48	330.14	251.97	286.57	221.01	 0.00	0	44.20
2013	6	6	5.335	6731.2222	156.2223	5.2223	 0.57	 0.07	161.41	 8.72	 5.11	 1.00	10.10	 1.41	330.17	252.33	286.09	220.99	278.04	0	44.20
2013	6	6	5.543	6731.2310	156.2309	5.2309	 0.50	 0.07	164.69	11.60	 4.47	 1.00	10.08	 1.45	330.18	252.55	289.71	 0.00	279.52	0	54.00
2013	6	6	5.779	6731.2407	156.2408	5.2408	 0.56	 0.07	158.15	 9.14	 5.18	 1.00	10.20	 1.40	330.15	252.67	284.48	220.67	279.51	0	44.13
2013	6	6	5.987	6731.2495	156.2495	5.2495	 0.50	 0.06	165.66	 9.04	10.69	 0.99	10.10	 1.34	330.16	252.76	289.63	220.52	280.31	0	44.10
2013	6	6	6.195	6731.2583	156.2581	5.2581	 0.57	 0.06	165.46	 8.21	 6.87	 1.00	10.12	 1.45	330.17	252.86	286.68	220.51	280.35	0	44.10
2013	6	6	6.403	6731.2666	156.2668	5.2668	 0.48	 0.04	165.41	 6.25	14.35	 0.90	10.10	 1.37	330.20	252.98	286.61	220.60	279.58	0	44.12
2013	6	6	6.610	6731.2754	156.2754	5.2754	 0.57	 0.04	164.08	 4.47	 3.79	 0.99	10.10	 1.40	330.19	253.15	288.91	220.60	279.56	0	44.12
2013	6	6	6.818	6731.2842	156.2841	5.2841	 0.52	 0.07	159.16	10.01	 6.55	 1.00	10.10	 1.36	330.17	253.31	287.24	220.64	279.55	0	44.13
2013	6	6	7.025	6731.2925	156.2927	5.2927	 0.49	 0.06	170.04	 9.77	 4.40	 1.00	10.10	 1.37	330.19	253.34	287.79	220.65	280.23	0	44.13
2013	6	6	7.233	6731.3013	156.3014	5.3014	 0.56	 0.03	163.82	 4.33	 3.06	 0.99	10.12	 1.41	330.15	253.35	288.12	220.68	279.56	0	44.14
2013	6	6	7.440	6731.3101	156.3100	5.3100	 0.52	 0.06	166.53	 8.82	18.45	 0.98	10.10	 1.42	330.19	253.37	286.84	220.69	280.33	0	44.14
2013	6	6	7.677	6731.3198	156.3199	5.3199	 0.46	 0.06	173.02	11.08	 6.23	 1.00	10.20	 1.37	330.16	253.40	286.86	220.77	282.09	0	44.15
2013	6	6	7.885	6731.3286	156.3285	5.3285	 0.63	 0.05	156.28	 5.18	 2.54	 1.00	10.10	 1.43	330.15	253.44	287.00	220.85	280.35	0	44.17
2013	6	6	8.092	6731.3374	156.3372	5.3372	 0.51	 0.03	171.02	 5.15	 2.55	 1.00	10.12	 1.41	330.20	253.46	287.88	220.84	279.88	0	44.17
2013	6	6	8.300	6731.3457	156.3458	5.3458	 0.64	 0.04	160.29	 4.23	11.57	 0.94	10.10	 1.46	330.20	253.51	289.24	220.79	279.63	0	44.16
2013	6	6	8.508	6731.3545	156.3545	5.3545	 0.56	 0.05	162.80	 6.36	 6.39	 0.99	10.12	 1.41	330.16	253.57	288.13	220.76	279.62	0	44.15
2013	6	6	8.715	6731.3633	156.3631	5.3631	 0.47	 0.06	163.59	10.06	11.43	 0.99	10.10	 1.33	330.16	253.65	287.61	220.91	279.57	0	44.18
2013	6	6	8.923	6731.3716	156.3718	5.3718	 0.65	 0.06	161.34	 5.96	 1.90	 1.00	10.10	 1.50	330.19	253.72	288.19	221.06	279.60	0	44.21
2013	6	6	9.130	6731.3804	156.3804	5.3804	 0.45	 0.06	164.66	11.65	11.76	 0.99	10.10	 1.41	330.16	253.75	286.94	 0.00	279.72	0	54.00
2013	6	6	9.338	6731.3892	156.3891	5.3891	 0.50	 0.05	152.62	 7.06	 2.62	 1.00	10.12	 1.38	330.17	253.77	288.31	 0.00	280.42	0	54.00
2013	6	6	9.574	6731.3989	156.3989	5.3989	 0.54	 0.07	154.37	 8.56	 4.77	 1.00	10.20	 1.45	330.19	253.77	287.90	 0.00	279.74	0	54.00
2013	6	6	9.783	6731.4077	156.4076	5.4076	 0.58	 0.06	161.15	 6.66	 6.11	 1.00	10.10	 1.43	330.20	253.78	288.53	220.74	279.75	0	44.15
2013	6	6	9.990	6731.4165	156.4163	5.4163	 0.44	 0.05	160.16	 8.64	11.89	 0.97	10.10	 1.40	330.18	253.74	286.11	 0.00	279.69	0	54.00
2013	6	6	10.198	6731.4248	156.4249	5.4249	 0.50	 0.05	162.77	 8.30	23.67	 0.93	10.12	 1.35	330.19	253.76	289.43	220.55	282.11	0	44.11
2013	6	6	10.405	6731.4336	156.4335	5.4336	 0.52	 0.05	160.45	 7.39	 3.76	 1.00	10.10	 1.40	330.19	253.81	285.61	220.50	280.22	0	44.10
2013	6	6	10.613	6731.4424	156.4422	5.4422	 0.63	 0.04	154.99	 4.32	 4.27	 0.99	10.10	 1.44	330.18	253.89	287.42	220.48	279.63	0	44.10
2013	6	6	10.821	6731.4507	156.4509	5.4509	 0.56	 0.04	163.81	 4.60	 3.55	 0.99	10.12	 1.42	330.21	253.93	289.53	220.46	279.74	0	44.09
2013	6	6	11.028	6731.4595	156.4595	5.4595	 0.60	 0.05	154.82	 5.71	 2.78	 1.00	10.10	 1.41	330.18	253.89	287.52	220.30	279.79	0	44.06
2013	6	6	11.236	6731.4683	156.4682	5.4682	 0.50	 0.05	162.45	 6.94	 6.09	 0.99	10.10	 1.39	330.28	254.06	287.06	220.23	279.73	0	44.05
2013	6	6	11.472	6731.4780	156.4780	5.4780	 0.58	 0.06	161.96	 7.74	 7.04	 1.00	10.18	 1.44	330.18	254.16	288.63	220.22	279.76	0	44.04
2013	6	6	11.680	6731.4868	156.4867	5.4867	 0.43	 0.06	170.72	13.16	 4.78	 1.00	10.12	 1.36	330.16	254.16	287.09	220.09	280.47	0	44.02
2013	6	6	11.888	6731.4951	156.4953	5.4953	 0.54	 0.05	164.14	 7.44	 3.45	 1.00	10.10	 1.43	330.15	254.07	286.75	219.99	279.70	0	44.00
2013	6	6	12.095	6731.5039	156.5040	5.5040	 0.51	 0.05	157.06	 7.22	 5.32	 1.00	10.08	 1.46	330.18	254.00	287.18	 0.00	278.57	0	54.00
2013	6	6	12.302	6731.5127	156.5126	5.5126	 0.53	 0.05	158.89	 6.74	 7.40	 0.99	10.07	 1.39	330.18	254.42	286.22	219.98	278.47	0	44.00
2013	6	6	12.509	6731.5210	156.5212	5.5212	 0.50	 0.06	159.20	 9.09	 8.06	 1.00	10.07	 1.35	330.39	253.93	287.80	219.94	280.31	0	43.99
2013	6	6	12.716	6731.5298	156.5298	5.5298	 0.57	 0.06	154.82	 6.89	10.21	 0.99	10.10	 1.42	330.16	253.87	288.19	219.92	282.18	0	43.98
2013	6	6	12.924	6731.5386	156.5385	5.5385	 0.60	 0.06	152.57	 6.01	 6.57	 0.99	10.12	 1.42	330.15	253.76	287.42	219.95	279.59	0	43.99
2013	6	6	13.132	6731.5474	156.5472	5.5472	 0.45	 0.05	162.95	 8.80	17.64	 0.93	10.10	 1.33	330.16	253.64	288.66	219.74	279.47	0	43.95
2013	6	6	13.368	6731.5571	156.5570	5.5570	 0.47	 0.05	164.53	 8.24	 0.81	 1.00	10.20	 1.41	330.17	253.54	286.19	219.76	279.46	0	43.95
2013	6	6	13.576	6731.5659	156.5657	5.5657	 0.54	 0.05	161.09	 7.06	 6.42	 1.00	10.10	 1.42	330.16	253.44	287.83	219.55	279.34	0	43.91
2013	6	6	13.784	6731.5742	156.5743	5.5743	 0.55	 0.06	157.61	 7.33	 4.61	 1.00	10.12	 1.43	330.12	253.34	286.62	219.46	279.30	0	43.89
2013	6	6	13.991	6731.5830	156.5830	5.5830	 0.42	 0.05	171.09	11.16	20.08	 0.95	10.10	 1.33	330.16	253.23	289.32	219.09	279.90	0	43.82
2013	6	6	14.199	6731.5918	156.5916	5.5916	 0.55	 0.04	160.62	 5.59	 7.02	 0.98	10.12	 1.42	330.11	253.11	286.94	219.09	279.92	0	43.82
2013	6	6	14.407	6731.6001	156.6003	5.6003	 0.42	 0.06	171.83	12.72	 3.31	 1.00	10.10	 1.38	330.17	253.00	288.67	218.78	279.76	0	43.76
2013	6	6	14.614	6731.6089	156.6089	5.6089	 0.48	 0.05	163.37	 7.72	13.40	 0.96	10.10	 1.38	330.14	252.87	288.49	218.34	279.15	0	43.67
2013	6	6	14.822	6731.6177	156.6176	5.6176	 0.55	 0.05	165.51	 6.64	 9.12	 0.99	10.12	 1.48	330.16	252.75	286.93	218.34	279.09	0	43.67
2013	6	6	15.030	6731.6265	156.6262	5.6262	 0.49	 0.05	164.53	 7.99	 9.54	 0.99	10.10	 1.42	330.14	252.64	286.61	218.13	279.11	0	43.63
2013	6	6	15.266	6731.6362	156.6361	5.6361	 0.48	 0.05	166.98	 9.28	 4.45	 1.00	10.20	 1.40	330.17	252.49	288.95	220.09	279.06	0	44.02
2013	6	6	15.474	6731.6445	156.6448	5.6448	 0.55	 0.05	159.41	 6.74	 5.80	 1.00	10.10	 1.41	330.16	252.39	289.42	222.08	279.79	0	44.42
2013	6	6	15.682	6731.6533	156.6534	5.6534	 0.53	 0.05	161.03	 7.36	 4.52	 1.00	10.12	 1.41	330.16	252.31	289.05	222.04	279.08	0	44.41
2013	6	6	15.889	6731.6621	156.6620	5.6620	 0.46	 0.05	165.89	 9.29	 7.77	 0.99	10.12	 1.37	330.16	252.26	288.20	222.04	279.59	0	44.41
2013	6	6	16.097	6731.6709	156.6707	5.6707	 0.33	 0.04	175.88	11.42	12.63	 0.91	10.10	 1.36	330.17	252.24	286.01	 0.00	279.59	0	54.00
2013	6	6	16.304	6731.6792	156.6794	5.6794	 0.53	 0.06	160.45	 8.23	 4.51	 1.00	10.12	 1.44	330.13	252.23	286.64	222.04	279.06	0	44.41
2013	6	6	16.512	6731.6880	156.6880	5.6880	 0.43	 0.04	172.95	 9.19	10.45	 0.98	10.10	 1.38	330.14	252.19	288.65	222.03	279.12	0	44.41
2013	6	6	16.720	6731.6968	156.6967	5.6967	 0.40	 0.05	167.82	10.83	11.34	 0.98	10.10	 1.42	330.16	252.13	287.82	 0.00	279.71	0	54.00
2013	6	6	16.927	6731.7051	156.7053	5.7053	 0.42	 0.04	156.57	 7.27	 8.40	 0.95	10.12	 1.39	330.17	252.09	286.78	 0.00	278.98	0	54.00
2013	6	6	17.163	6731.7153	156.7151	5.7151	 0.51	 0.05	167.23	 8.12	 4.13	 1.00	10.20	 1.46	330.18	252.05	287.67	222.02	278.98	0	44.40
2013	6	6	17.372	6731.7236	156.7238	5.7238	 0.40	 0.05	171.05	11.41	12.09	 0.98	10.10	 1.34	330.14	251.98	287.00	222.02	278.92	0	44.40
2013	6	6	17.579	6731.7324	156.7325	5.7325	 0.58	 0.04	156.73	 4.10	 4.56	 0.98	10.10	 1.43	330.14	251.94	288.75	222.02	278.96	0	44.40
2013	6	6	17.788	6731.7412	156.7411	5.7411	 0.50	 0.04	165.78	 6.61	 5.60	 0.99	10.10	 1.42	330.14	251.87	287.73	222.02	279.04	0	44.40
2013	6	6	17.995	6731.7500	156.7498	5.7498	 0.55	 0.04	163.58	 4.75	11.46	 0.91	10.10	 1.43	330.16	251.81	290.09	221.72	278.94	0	44.34
2013	6	6	18.202	6731.7583	156.7584	5.7584	 0.53	 0.04	162.06	 5.79	 6.47	 0.99	10.10	 1.45	330.13	251.77	287.50	221.69	278.85	0	44.34
2013	6	6	18.410	6731.7671	156.7671	5.7671	 0.51	 0.04	163.85	 5.84	 8.20	 0.97	10.12	 1.41	330.15	251.71	288.03	221.67	278.81	0	44.33
2013	6	6	18.618	6731.7759	156.7757	5.7757	 0.44	 0.04	162.41	 7.97	 4.78	 0.99	10.12	 1.34	330.15	251.66	287.01	221.62	279.51	0	44.32
2013	6	6	18.825	6731.7842	156.7844	5.7844	 0.51	 0.04	159.05	 5.12	 2.68	 1.00	10.10	 1.40	330.12	251.63	287.33	221.93	279.46	0	44.39
2013	6	6	19.061	6731.7944	156.7942	5.7942	 0.45	 0.06	159.16	10.46	 1.60	 1.00	10.20	 1.41	330.15	251.58	287.62	 0.00	278.85	0	54.00
2013	6	6	19.269	6731.8027	156.8029	5.8029	 0.52	 0.06	165.53	 8.53	 3.10	 1.00	10.12	 1.43	330.13	251.56	288.35	221.85	278.74	0	44.37
2013	6	6	19.477	6731.8115	156.8115	5.8115	 0.55	 0.05	159.75	 6.97	 2.23	 1.00	10.10	 1.43	330.13	251.57	288.53	222.02	279.32	0	44.40
2013	6	6	19.685	6731.8203	156.8202	5.8202	 0.44	 0.05	165.10	 9.26	 9.50	 0.98	10.10	 1.34	330.14	251.58	287.57	222.02	278.79	0	44.40
2013	6	6	19.892	6731.8286	156.8288	5.8288	 0.40	 0.05	163.05	12.11	 6.36	 1.00	10.10	 1.38	330.16	251.60	287.00	 0.00	278.88	0	54.00
2013	6	6	20.100	6731.8374	156.8375	5.8375	 0.48	 0.04	163.20	 7.07	 3.96	 1.00	10.10	 1.38	330.13	251.65	286.53	221.72	278.88	0	44.34
2013	6	6	20.307	6731.8462	156.8461	5.8461	 0.50	 0.05	160.78	 7.76	 3.84	 1.00	10.10	 1.39	330.14	251.66	288.71	221.71	278.80	0	44.34
2013	6	6	20.515	6731.8550	156.8548	5.8548	 0.47	 0.05	166.12	 7.84	 6.07	 0.99	10.10	 1.40	330.13	251.65	287.85	221.67	279.48	0	44.33
2013	6	6	20.722	6731.8633	156.8634	5.8634	 0.37	 0.05	176.35	14.03	 7.30	 1.00	10.12	 1.33	330.14	251.61	287.87	221.94	278.94	0	44.39
2013	6	6	20.958	6731.8730	156.8733	5.8733	 0.51	 0.05	166.18	 8.13	 4.94	 1.00	10.18	 1.46	330.19	251.56	287.76	221.78	279.51	0	44.36
2013	6	6	21.166	6731.8818	156.8819	5.8819	 0.51	 0.05	167.03	 7.58	 9.24	 0.99	10.08	 1.44	330.11	251.50	288.21	221.53	279.38	0	44.31
2013	6	6	21.374	6731.8906	156.8906	5.8906	 0.41	 0.04	173.87	10.05	 4.23	 1.00	10.10	 1.37	330.16	251.42	286.97	221.53	278.68	0	44.31
2013	6	6	21.581	6731.8994	156.8992	5.8992	 0.43	 0.05	166.73	10.93	 5.02	 1.00	10.10	 1.36	330.15	251.35	285.55	221.53	278.71	0	44.31
2013	6	6	21.789	6731.9077	156.9079	5.9079	 0.56	 0.06	157.41	 7.12	 2.47	 1.00	10.08	 1.44	330.13	251.29	285.84	221.48	277.65	0	44.30
2013	6	6	21.996	6731.9165	156.9165	5.9165	 0.38	 0.04	175.22	11.79	11.97	 0.97	10.07	 1.34	330.14	251.25	284.91	221.48	277.63	0	44.30
2013	6	6	22.202	6731.9253	156.9251	5.9251	 0.41	 0.04	164.95	 9.61	 3.67	 1.00	10.07	 1.39	330.16	251.47	287.21	 0.00	279.26	0	54.00
2013	6	6	22.410	6731.9336	156.9337	5.9337	 0.56	 0.05	159.52	 5.70	 8.01	 0.98	10.12	 1.47	330.16	251.47	285.36	221.46	279.47	0	44.29
2013	6	6	22.617	6731.9424	156.9424	5.9424	 0.47	 0.05	165.98	 7.82	10.74	 0.97	10.08	 1.41	330.16	251.59	286.40	221.62	281.01	0	44.32
2013	6	6	22.853	6731.9521	156.9522	5.9522	 0.59	 0.05	150.54	 5.45	 6.14	 0.99	10.20	 1.42	330.14	251.85	286.53	221.69	279.28	0	44.34
2013	6	6	23.061	6731.9609	156.9609	5.9609	 0.48	 0.06	151.27	 8.76	 5.22	 1.00	10.05	 1.40	330.05	251.47	287.25	 0.00	 0.00	0	54.00
2013	6	6	23.267	6731.9692	156.9695	5.9695	 0.48	 0.04	162.71	 6.97	 7.59	 0.98	10.10	 1.37	330.14	251.22	287.79	222.02	279.35	0	44.40
2013	6	6	23.475	6731.9780	156.9781	5.9781	 0.49	 0.06	163.45	 9.13	 3.75	 1.00	10.10	 1.37	330.15	251.22	289.09	222.02	280.83	0	44.40
2013	6	6	23.683	6731.9868	156.9868	5.9868	 0.45	 0.05	161.58	 8.81	19.12	 0.92	10.10	 1.34	330.15	251.21	285.77	222.02	278.56	0	44.40
2013	6	6	23.890	6731.9956	156.9954	5.9954	 0.48	 0.03	156.63	 4.91	16.38	 0.70	10.10	 1.37	330.13	251.23	285.38	222.02	278.68	0	44.40
2013	6	7	0.098	6732.0039	157.0041	6.0041	 0.47	 0.05	167.13	 8.59	 4.10	 1.00	10.12	 1.41	330.13	251.26	287.66	222.02	278.72	0	44.40
2013	6	7	0.305	6732.0127	157.0127	6.0127	 0.45	 0.06	164.91	10.92	 5.57	 1.00	10.12	 1.38	330.11	251.28	286.21	222.02	278.68	0	44.40
2013	6	7	0.513	6732.0215	157.0214	6.0214	 0.50	 0.04	166.87	 6.64	 2.27	 1.00	10.12	 1.43	330.13	251.28	288.35	222.02	279.19	0	44.40
2013	6	7	0.749	6732.0312	157.0312	6.0312	 0.48	 0.06	163.17	 9.73	 9.02	 0.99	10.18	 1.41	330.19	251.29	286.53	222.02	278.66	0	44.40
2013	6	7	0.957	6732.0400	157.0399	6.0399	 0.55	 0.04	158.23	 4.97	 2.57	 1.00	10.10	 1.42	330.13	251.32	286.41	222.02	278.83	0	44.40
2013	6	7	1.165	6732.0483	157.0485	6.0485	 0.44	 0.04	166.42	 7.44	 8.09	 0.97	10.10	 1.35	330.13	251.32	286.59	221.89	278.77	0	44.38
2013	6	7	1.372	6732.0571	157.0572	6.0572	 0.48	 0.05	163.17	 8.58	 2.87	 1.00	10.10	 1.39	330.14	251.30	286.06	221.92	278.74	0	44.38
2013	6	7	1.580	6732.0659	157.0658	6.0658	 0.52	 0.06	160.00	 7.97	 0.32	 1.00	10.12	 1.42	330.13	251.24	286.42	222.02	278.78	0	44.40
2013	6	7	1.787	6732.0747	157.0745	6.0745	 0.56	 0.05	158.15	 6.72	 5.82	 1.00	10.12	 1.44	330.15	251.20	284.80	222.02	279.40	0	44.40
2013	6	7	1.995	6732.0830	157.0831	6.0831	 0.44	 0.05	170.27	10.04	10.29	 0.99	10.10	 1.38	330.14	251.19	286.40	222.02	278.67	0	44.40
2013	6	7	2.203	6732.0918	157.0918	6.0918	 0.39	 0.03	160.36	 7.00	11.61	 0.82	10.10	 1.39	330.15	251.22	284.01	 0.00	278.71	0	54.00
2013	6	7	2.410	6732.1006	157.1004	6.1004	 0.48	 0.04	166.80	 6.88	17.06	 0.89	10.10	 1.39	330.14	251.30	287.29	222.02	279.47	0	44.40
2013	6	7	2.646	6732.1104	157.1103	6.1103	 0.42	 0.04	172.38	 9.51	 7.92	 0.99	10.20	 1.38	330.16	251.41	285.45	222.02	278.97	0	44.40
2013	6	7	2.854	6732.1191	157.1189	6.1189	 0.42	 0.06	174.16	12.02	10.49	 0.99	10.12	 1.38	330.14	251.48	288.69	222.02	279.63	0	44.40
2013	6	7	3.062	6732.1274	157.1276	6.1276	 0.44	 0.04	168.82	 7.75	 6.70	 0.98	10.10	 1.37	330.15	251.50	288.44	222.02	278.92	0	44.40
2013	6	7	3.269	6732.1362	157.1362	6.1362	 0.35	 0.06	171.28	15.90	11.17	 0.99	10.10	 1.35	330.14	251.54	287.10	 0.00	278.88	0	54.00
2013	6	7	3.477	6732.1450	157.1449	6.1449	 0.42	 0.05	171.33	10.94	 4.63	 1.00	10.10	 1.38	330.15	251.58	286.54	222.02	279.67	0	44.40
2013	6	7	3.684	6732.1533	157.1535	6.1535	 0.51	 0.04	159.95	 6.12	 8.08	 0.98	10.10	 1.40	330.14	251.65	288.50	222.02	279.72	0	44.40
2013	6	7	3.892	6732.1621	157.1622	6.1622	 0.34	 0.04	171.42	11.32	12.02	 0.93	10.10	 1.35	330.16	251.72	287.55	 0.00	279.00	0	54.00
2013	6	7	4.099	6732.1709	157.1708	6.1708	 0.44	 0.04	170.97	 8.71	11.15	 0.97	10.12	 1.41	330.15	251.69	286.34	221.74	278.97	0	44.35
2013	6	7	4.307	6732.1797	157.1795	6.1795	 0.42	 0.05	167.69	 9.45	 3.78	 1.00	10.12	 1.36	330.15	251.64	287.33	221.71	278.91	0	44.34
2013	6	7	4.543	6732.1895	157.1893	6.1893	 0.50	 0.05	160.70	 7.15	 7.96	 0.99	10.20	 1.40	330.15	251.65	288.05	221.62	278.88	0	44.32
2013	6	7	4.751	6732.1978	157.1980	6.1980	 0.54	 0.04	161.35	 5.45	 6.80	 0.98	10.12	 1.45	330.13	251.72	286.65	221.44	279.02	0	44.29
2013	6	7	4.959	6732.2065	157.2066	6.2066	 0.48	 0.04	163.17	 6.13	 7.20	 0.97	10.10	 1.41	330.16	251.82	286.59	221.44	279.06	0	44.29
2013	6	7	5.166	6732.2153	157.2153	6.2153	 0.44	 0.05	165.99	 9.02	 8.28	 0.99	10.10	 1.38	330.14	251.86	287.29	221.62	278.98	0	44.32
2013	6	7	5.374	6732.2241	157.2239	6.2239	 0.40	 0.05	166.73	10.68	19.01	 0.93	10.10	 1.33	330.15	251.88	286.67	222.02	278.94	0	44.40
2013	6	7	5.581	6732.2324	157.2326	6.2326	 0.57	 0.05	162.95	 5.76	 2.36	 1.00	10.10	 1.50	330.15	251.92	287.02	221.89	278.99	0	44.38
2013	6	7	5.789	6732.2412	157.2412	6.2412	 0.46	 0.05	167.15	 9.90	 4.52	 1.00	10.10	 1.40	330.15	251.95	287.80	221.69	279.11	0	44.34
2013	6	7	5.996	6732.2500	157.2498	6.2498	 0.42	 0.05	169.52	10.98	 7.07	 1.00	10.10	 1.36	330.16	251.96	287.44	221.58	279.76	0	44.32
2013	6	7	6.204	6732.2583	157.2585	6.2585	 0.45	 0.04	167.29	 7.83	14.48	 0.93	10.10	 1.37	330.16	251.96	289.02	221.55	279.00	0	44.31
2013	6	7	6.440	6732.2686	157.2683	6.2683	 0.55	 0.05	156.54	 6.62	 4.92	 1.00	10.18	 1.42	330.15	251.96	288.03	221.53	279.65	0	44.31
2013	6	7	6.649	6732.2769	157.2770	6.2770	 0.41	 0.05	170.78	11.67	 2.95	 1.00	10.10	 1.36	330.16	251.98	287.59	221.23	278.96	0	44.25
2013	6	7	6.856	6732.2856	157.2857	6.2857	 0.41	 0.04	172.17	 7.81	13.75	 0.89	10.10	 1.37	330.15	252.03	289.10	221.33	279.01	0	44.27
2013	6	7	7.064	6732.2944	157.2943	6.2943	 0.55	 0.05	160.06	 5.85	10.51	 0.97	10.10	 1.44	330.17	252.06	288.25	221.43	279.12	0	44.29
2013	6	7	7.271	6732.3027	157.3030	6.3030	 0.44	 0.05	169.84	 9.48	 4.30	 1.00	10.12	 1.39	330.16	251.98	286.97	221.43	279.12	0	44.29
2013	6	7	7.479	6732.3115	157.3116	6.3116	 0.42	 0.04	170.41	 8.41	 7.95	 0.98	10.12	 1.36	330.17	251.85	286.61	221.22	278.95	0	44.24
2013	6	7	7.686	6732.3203	157.3203	6.3203	 0.50	 0.05	166.10	 7.44	 7.36	 0.99	10.10	 1.45	330.11	251.74	286.62	221.03	279.48	0	44.21
2013	6	7	7.894	6732.3291	157.3289	6.3289	 0.47	 0.04	166.27	 7.10	 6.47	 0.99	10.10	 1.41	330.18	251.70	286.20	220.83	278.89	0	44.17
2013	6	7	8.101	6732.3374	157.3376	6.3376	 0.50	 0.04	159.52	 6.43	 4.32	 0.99	10.10	 1.38	330.16	251.72	288.48	220.79	279.00	0	44.16
2013	6	7	8.337	6732.3472	157.3474	6.3474	 0.46	 0.05	157.68	 8.23	11.27	 0.97	10.18	 1.43	330.21	251.81	287.55	 0.00	279.00	0	54.00
2013	6	7	8.546	6732.3560	157.3561	6.3561	 0.45	 0.06	163.59	10.35	 7.08	 1.00	10.10	 1.38	330.14	251.83	285.79	221.16	279.01	0	44.23
2013	6	7	8.753	6732.3647	157.3647	6.3647	 0.46	 0.04	169.66	 7.03	 9.62	 0.96	10.10	 1.41	330.18	251.85	287.39	221.16	278.89	0	44.23
2013	6	7	8.961	6732.3735	157.3734	6.3734	 0.41	 0.04	173.03	 8.31	 8.05	 0.97	10.10	 1.37	330.12	251.86	287.37	221.12	279.56	0	44.22
2013	6	7	9.168	6732.3818	157.3820	6.3820	 0.43	 0.05	170.30	10.36	 4.19	 1.00	10.10	 1.38	330.18	251.86	288.53	221.09	279.63	0	44.22
2013	6	7	9.376	6732.3906	157.3907	6.3907	 0.59	 0.05	156.16	 5.98	 6.04	 1.00	10.10	 1.47	330.16	251.89	287.19	221.08	279.05	0	44.22
2013	6	7	9.583	6732.3994	157.3993	6.3993	 0.56	 0.05	162.60	 6.56	 7.78	 0.99	10.12	 1.47	330.17	251.91	287.35	221.06	279.00	0	44.21
2013	6	7	9.791	6732.4077	157.4080	6.4080	 0.36	 0.05	165.34	14.06	 9.96	 0.99	10.10	 1.34	330.14	251.86	288.04	 0.00	278.92	0	54.00
2013	6	7	9.999	6732.4165	157.4166	6.4166	 0.36	 0.05	178.55	14.53	20.24	 0.95	10.10	 1.34	330.18	251.83	285.32	221.02	278.84	0	44.20
2013	6	7	10.234	6732.4263	157.4264	6.4264	 0.55	 0.04	160.34	 5.48	 4.59	 0.99	10.20	 1.42	330.14	251.85	289.85	221.07	278.86	0	44.21
2013	6	7	10.443	6732.4351	157.4351	6.4351	 0.61	 0.05	157.82	 5.69	 4.58	 1.00	10.12	 1.49	330.17	251.89	285.40	221.15	278.94	0	44.23
2013	6	7	10.650	6732.4438	157.4438	6.4438	 0.35	 0.05	171.16	14.12	 7.33	 0.99	10.10	 1.37	330.15	251.99	286.02	 0.00	279.08	0	54.00
2013	6	7	10.858	6732.4526	157.4524	6.4524	 0.33	 0.05	171.52	14.97	 9.97	 0.98	10.10	 1.37	330.20	252.06	283.97	 0.00	279.78	0	54.00
2013	6	7	11.065	6732.4609	157.4611	6.4611	 0.43	 0.06	171.00	12.31	10.78	 0.99	10.10	 1.38	330.14	252.02	287.18	221.01	279.63	0	44.20
2013	6	7	11.273	6732.4697	157.4697	6.4697	 0.36	 0.05	167.47	13.78	 6.47	 0.99	10.10	 1.37	330.15	251.91	286.33	 0.00	279.50	0	54.00
2013	6	7	11.480	6732.4785	157.4783	6.4783	 0.42	 0.03	171.27	 6.86	 6.24	 0.97	10.10	 1.34	330.15	251.82	289.41	221.03	278.94	0	44.21
2013	6	7	11.688	6732.4868	157.4870	6.4870	 0.38	 0.05	161.52	11.68	10.13	 0.98	10.10	 1.38	330.16	251.79	284.88	 0.00	278.99	0	54.00
2013	6	7	11.896	6732.4956	157.4957	6.4956	 0.44	 0.04	169.22	 8.59	 5.91	 0.99	10.12	 1.38	330.16	251.80	287.64	221.36	278.94	0	44.27
2013	6	7	12.132	6732.5054	157.5055	6.5055	 0.47	 0.05	163.68	 9.06	13.15	 0.98	10.18	 1.40	330.17	251.77	286.09	221.30	279.53	0	44.26
2013	6	7	12.340	6732.5142	157.5142	6.5142	 0.49	 0.03	159.70	 5.54	 5.75	 0.98	10.10	 1.38	330.18	251.85	287.83	221.27	279.52	0	44.25
2013	6	7	12.547	6732.5229	157.5228	6.5228	 0.52	 0.05	158.58	 6.85	 7.87	 0.99	10.10	 1.42	330.18	251.91	288.00	221.25	278.90	0	44.25
2013	6	7	12.755	6732.5312	157.5314	6.5314	 0.54	 0.07	159.84	 9.15	10.03	 1.00	10.10	 1.44	330.16	251.98	287.81	221.27	279.02	0	44.25
2013	6	7	12.962	6732.5400	157.5401	6.5401	 0.39	 0.05	178.92	12.72	 8.16	 0.99	10.12	 1.35	330.14	252.00	287.87	221.27	279.80	0	44.25
2013	6	7	13.170	6732.5488	157.5488	6.5487	 0.44	 0.06	170.48	11.63	10.64	 0.99	10.12	 1.34	330.14	251.91	288.90	221.06	278.99	0	44.21
2013	6	7	13.377	6732.5576	157.5574	6.5574	 0.58	 0.06	159.76	 6.78	 7.69	 1.00	10.10	 1.48	330.12	251.77	287.20	220.89	278.87	0	44.18
2013	6	7	13.585	6732.5659	157.5661	6.5661	 0.44	 0.05	154.72	 8.89	12.86	 0.97	10.10	 1.41	330.15	251.66	286.72	 0.00	278.87	0	54.00
2013	6	7	13.792	6732.5747	157.5747	6.5747	 0.43	 0.05	167.15	 9.63	 4.04	 1.00	10.10	 1.37	330.14	251.56	283.74	220.94	279.50	0	44.19
2013	6	7	14.029	6732.5845	157.5845	6.5845	 0.45	 0.04	165.75	 7.99	14.97	 0.93	10.18	 1.38	330.19	251.46	285.83	220.98	278.87	0	44.20
2013	6	7	14.237	6732.5933	157.5932	6.5932	 0.41	 0.05	170.43	10.65	 2.73	 1.00	10.10	 1.36	330.14	251.39	285.23	221.10	278.79	0	44.22
2013	6	7	14.445	6732.6021	157.6019	6.6019	 0.43	 0.06	167.31	11.88	13.86	 0.99	10.10	 1.35	330.12	251.31	286.62	221.10	279.37	0	44.22
2013	6	7	14.652	6732.6104	157.6105	6.6105	 0.40	 0.04	169.03	 8.96	11.64	 0.94	10.10	 1.32	330.14	251.27	285.08	220.99	279.23	0	44.20
2013	6	7	14.860	6732.6191	157.6192	6.6192	 0.48	 0.05	165.73	 8.39	 8.53	 0.99	10.10	 1.37	330.13	251.28	287.29	220.86	278.82	0	44.17
2013	6	7	15.067	6732.6279	157.6278	6.6278	 0.49	 0.04	168.64	 7.25	 8.68	 0.98	10.10	 1.42	330.14	251.28	287.02	220.80	278.80	0	44.16
2013	6	7	15.275	6732.6362	157.6364	6.6364	 0.39	 0.04	174.37	 9.55	10.93	 0.96	10.12	 1.33	330.15	251.31	287.70	220.78	279.35	0	44.16
2013	6	7	15.483	6732.6450	157.6451	6.6451	 0.47	 0.06	165.64	 9.85	 8.82	 0.99	10.10	 1.39	330.14	251.31	286.79	220.79	278.78	0	44.16
2013	6	7	15.690	6732.6538	157.6537	6.6537	 0.45	 0.04	167.41	 8.58	10.93	 0.97	10.10	 1.38	330.17	251.33	286.23	220.83	278.90	0	44.17
2013	6	7	15.926	6732.6636	157.6636	6.6636	 0.50	 0.05	159.88	 7.20	 5.32	 0.99	10.20	 1.39	330.14	251.32	284.77	220.93	278.89	0	44.19
2013	6	7	16.134	6732.6724	157.6723	6.6723	 0.53	 0.06	157.13	 7.52	 6.19	 1.00	10.12	 1.41	330.13	251.30	284.60	221.01	279.36	0	44.20
2013	6	7	16.342	6732.6812	157.6809	6.6809	 0.52	 0.03	160.08	 4.79	 3.79	 0.99	10.10	 1.41	330.15	251.31	285.89	220.94	279.25	0	44.19
2013	6	7	16.549	6732.6895	157.6895	6.6895	 0.41	 0.02	175.94	 4.88	13.49	 0.53	10.10	 1.37	330.16	251.35	288.27	220.95	278.82	0	44.19
2013	6	7	16.757	6732.6982	157.6982	6.6982	 0.40	 0.05	175.23	10.76	 5.15	 1.00	10.10	 1.35	330.13	251.35	288.40	221.08	278.89	0	44.22
2013	6	7	16.964	6732.7070	157.7068	6.7068	 0.49	 0.04	166.71	 6.18	10.02	 0.96	10.10	 1.41	330.12	251.30	288.47	221.18	278.75	0	44.24
2013	6	7	17.172	6732.7153	157.7155	6.7155	 0.51	 0.04	167.31	 6.27	 8.41	 0.98	10.10	 1.44	330.12	251.25	287.71	221.20	278.63	0	44.24
2013	6	7	17.379	6732.7241	157.7241	6.7241	 0.43	 0.06	171.65	12.94	 6.98	 1.00	10.12	 1.36	330.13	251.21	288.66	221.36	278.74	0	44.27
2013	6	7	17.587	6732.7329	157.7328	6.7328	 0.48	 0.06	167.43	 9.74	10.90	 0.99	10.10	 1.42	330.12	251.19	286.40	221.32	279.30	0	44.26
2013	6	7	17.823	6732.7427	157.7426	6.7426	 0.51	 0.04	162.14	 5.24	 6.83	 0.97	10.20	 1.42	330.20	251.20	285.98	221.07	279.33	0	44.21
2013	6	7	18.031	6732.7515	157.7513	6.7513	 0.47	 0.04	161.70	 7.41	 3.47	 1.00	10.12	 1.38	330.11	251.15	286.31	220.90	278.67	0	44.18
2013	6	7	18.239	6732.7598	157.7600	6.7600	 0.47	 0.04	160.26	 6.01	 2.86	 1.00	10.10	 1.35	330.12	251.11	286.23	220.94	278.71	0	44.19
2013	6	7	18.446	6732.7686	157.7686	6.7686	 0.54	 0.04	162.11	 5.69	 3.11	 1.00	10.10	 1.42	330.13	251.04	287.27	221.02	278.64	0	44.20
2013	6	7	18.654	6732.7773	157.7773	6.7773	 0.43	 0.04	172.73	 7.93	 4.06	 0.99	10.10	 1.36	330.14	250.99	288.09	221.08	278.49	0	44.22
2013	6	7	18.861	6732.7861	157.7859	6.7859	 0.49	 0.04	168.18	 7.18	 9.64	 0.98	10.10	 1.40	330.13	250.96	287.97	221.18	278.53	0	44.24
2013	6	7	19.069	6732.7944	157.7946	6.7945	 0.46	 0.06	161.26	10.06	 8.16	 0.99	10.10	 1.43	330.14	250.94	286.04	 0.00	278.59	0	54.00
2013	6	7	19.277	6732.8032	157.8032	6.8032	 0.55	 0.05	159.42	 6.67	 1.86	 1.00	10.12	 1.43	330.13	250.92	284.83	221.24	278.43	0	44.25
2013	6	7	19.484	6732.8120	157.8118	6.8118	 0.41	 0.06	176.81	13.35	 8.06	 1.00	10.12	 1.36	330.13	250.92	286.08	221.36	278.48	0	44.27
2013	6	7	19.721	6732.8218	157.8217	6.8217	 0.45	 0.05	167.04	 8.89	 2.22	 1.00	10.20	 1.40	330.18	250.89	284.90	221.79	278.53	0	44.36
2013	6	7	19.929	6732.8306	157.8304	6.8304	 0.38	 0.06	167.15	14.09	 9.03	 0.99	10.12	 1.36	330.09	250.88	286.47	 0.00	279.07	0	54.00
2013	6	7	20.136	6732.8389	157.8390	6.8390	 0.57	 0.04	158.39	 4.65	 1.51	 1.00	10.10	 1.42	330.09	250.87	287.03	221.65	278.93	0	44.33
2013	6	7	20.344	6732.8477	157.8477	6.8477	 0.56	 0.04	160.60	 4.95	 5.23	 0.99	10.10	 1.43	330.11	250.89	287.98	221.55	278.35	0	44.31
2013	6	7	20.551	6732.8564	157.8563	6.8563	 0.48	 0.05	159.24	 8.05	 8.15	 0.99	10.10	 1.35	330.13	250.92	285.86	222.02	279.06	0	44.40
2013	6	7	20.759	6732.8647	157.8649	6.8649	 0.41	 0.05	171.32	10.69	 5.84	 1.00	10.10	 1.33	330.13	250.94	287.38	222.02	278.89	0	44.40
2013	6	7	20.966	6732.8735	157.8736	6.8736	 0.47	 0.04	164.24	 6.49	 5.45	 0.99	10.10	 1.40	330.15	250.96	284.39	221.70	278.48	0	44.34
2013	6	7	21.174	6732.8823	157.8822	6.8822	 0.43	 0.06	163.51	10.86	 9.15	 0.99	10.12	 1.33	330.12	250.97	285.47	221.61	278.59	0	44.32
2013	6	7	21.381	6732.8911	157.8909	6.8909	 0.39	 0.05	175.60	12.83	15.97	 0.97	10.12	 1.34	330.11	251.00	284.75	221.44	278.47	0	44.29
2013	6	7	21.618	6732.9009	157.9007	6.9007	 0.57	 0.03	155.85	 3.95	 2.69	 0.99	10.20	 1.42	330.14	251.04	285.57	221.15	278.51	0	44.23
2013	6	7	21.826	6732.9092	157.9094	6.9094	 0.48	 0.05	161.54	 8.63	20.14	 0.94	10.12	 1.38	330.17	251.12	285.42	220.89	278.71	0	44.18
2013	6	7	22.034	6732.9180	157.9181	6.9181	 0.57	 0.06	161.75	 6.98	 1.97	 1.00	10.10	 1.46	330.14	251.18	286.33	220.81	279.50	0	44.16
2013	6	7	22.241	6732.9268	157.9267	6.9267	 0.48	 0.05	163.80	 8.20	 3.51	 1.00	10.10	 1.38	330.13	251.19	285.97	220.86	278.76	0	44.17
2013	6	7	22.449	6732.9355	157.9354	6.9354	 0.46	 0.04	163.60	 8.00	 9.99	 0.97	10.10	 1.43	330.11	251.17	288.01	 0.00	278.66	0	54.00
2013	6	7	22.656	6732.9438	157.9440	6.9440	 0.40	 0.05	174.28	10.79	11.06	 0.98	10.10	 1.35	330.15	251.14	286.43	220.82	279.30	0	44.16
2013	6	7	22.864	6732.9526	157.9527	6.9527	 0.49	 0.05	164.48	 7.87	 9.52	 0.99	10.10	 1.38	330.15	251.16	287.29	220.68	279.38	0	44.14
2013	6	7	23.071	6732.9614	157.9613	6.9613	 0.49	 0.05	164.16	 7.55	12.63	 0.97	10.12	 1.38	330.12	251.14	286.90	220.64	278.68	0	44.13
2013	6	7	23.279	6732.9697	157.9699	6.9699	 0.43	 0.05	166.75	 9.96	 6.17	 1.00	10.12	 1.36	330.14	251.12	286.28	220.90	278.56	0	44.18
2013	6	7	23.515	6732.9800	157.9798	6.9798	 0.60	 0.05	162.72	 6.02	 3.09	 1.00	10.20	 1.47	330.20	251.10	288.22	221.34	278.59	0	44.27
2013	6	7	23.723	6732.9883	157.9885	6.9885	 0.56	 0.05	158.62	 6.06	 7.63	 0.99	10.12	 1.43	330.12	251.08	287.39	221.39	278.69	0	44.28
2013	6	7	23.931	6732.9971	157.9971	6.9971	 0.57	 0.04	161.25	 4.42	 3.85	 0.99	10.10	 1.45	330.10	251.06	288.33	221.41	278.58	0	44.28
2013	6	8	0.138	6733.0059	158.0058	7.0058	 0.50	 0.04	166.33	 6.16	 8.19	 0.97	10.10	 1.42	330.13	251.05	286.19	221.41	278.47	0	44.28
2013	6	8	0.346	6733.0146	158.0144	7.0144	 0.51	 0.04	166.15	 6.37	 4.31	 1.00	10.10	 1.41	330.12	251.03	288.34	221.31	278.47	0	44.26
2013	6	8	0.553	6733.0229	158.0230	7.0230	 0.45	 0.05	163.55	 9.32	 9.03	 0.99	10.10	 1.35	330.15	250.99	286.21	221.24	279.20	0	44.25
2013	6	8	0.761	6733.0317	158.0317	7.0317	 0.53	 0.05	162.13	 6.38	 1.51	 1.00	10.10	 1.43	330.12	250.96	286.60	221.23	278.49	0	44.25
2013	6	8	0.968	6733.0405	158.0403	7.0403	 0.58	 0.06	157.28	 6.82	12.11	 0.98	10.12	 1.41	330.10	250.94	287.43	221.36	278.42	0	44.27
2013	6	8	1.176	6733.0488	158.0490	7.0490	 0.39	 0.05	179.36	13.34	 7.80	 1.00	10.10	 1.35	330.16	250.94	285.85	221.36	278.54	0	44.27
