2010	11	1	0.148	5783.0063	304.0062	0.0062	 1.19	 0.17	171.44	 5.55	18.37	 1.00	10.10	 1.68	337.84	282.94	331.05	238.21	307.90	0	47.64
2010	11	1	0.562	5783.0234	304.0234	0.0234	 1.39	 0.22	166.76	 5.30	 3.06	 1.00	10.10	 1.70	337.88	282.66	330.75	237.66	307.95	0	47.53
2010	11	1	0.770	5783.0322	304.0321	0.0321	 1.56	 0.17	179.34	 3.37	 1.20	 1.00	10.10	 1.97	337.86	282.54	327.56	237.70	307.85	0	47.54
# Unit 1, South Pole, Filter  0,  Slot 0, 350 um (771) & yellow
#				days
#				since		day of	day of
# yr	mo	dy	 time	1/1/1995	year	month	Tau	unc	Tatm	unc	mse	fitgood	Etime	R	Thot	Twarm	Tchop	Tamb	<Tint>	Filter	Toff
# 1	2	3	4	5		6	7	8	9	10	11	12	13	14	15	16	17	18	19	20	21	22
2010	11	1	1.212	5783.0503	304.0505	0.0505	 1.28	 0.20	171.15	 5.73	 3.14	 1.00	10.10	 1.69	337.86	282.23	332.00	237.80	307.86	0	47.56
2010	11	1	1.420	5783.0591	304.0591	0.0592	 1.23	 0.19	167.17	 5.67	 3.79	 1.00	10.10	 1.69	337.86	282.08	328.52	237.09	307.71	0	47.42
2010	11	1	2.041	5783.0850	304.0851	0.0851	 1.52	 0.20	180.40	 4.15	10.12	 1.00	10.10	 1.91	337.87	281.46	329.32	236.66	307.52	0	47.33
2010	11	1	2.456	5783.1025	304.1023	0.1023	 1.25	 0.17	169.35	 5.12	 4.60	 1.00	10.10	 1.74	337.85	281.15	330.74	236.22	307.43	0	47.24
2010	11	1	2.663	5783.1108	304.1110	0.1110	 1.28	 0.15	173.00	 4.46	20.43	 1.00	10.08	 1.79	337.83	280.99	327.84	235.97	307.33	0	47.19
2010	11	1	2.898	5783.1206	304.1207	0.1207	 1.25	 0.14	179.36	 4.27	 6.14	 1.00	10.18	 1.83	337.84	280.80	330.77	235.91	307.35	0	47.18
2010	11	1	3.520	5783.1465	304.1467	0.1467	 1.32	 0.14	173.01	 3.94	 8.40	 1.00	10.10	 1.78	337.85	280.40	331.49	236.33	307.24	0	47.27
2010	11	1	3.727	5783.1553	304.1553	0.1553	 1.22	 0.17	165.77	 5.02	 5.21	 1.00	10.10	 1.68	337.84	280.25	331.41	236.49	307.28	0	47.30
2010	11	1	4.142	5783.1724	304.1726	0.1726	 1.17	 0.12	171.64	 4.22	 3.23	 1.00	10.08	 1.78	337.84	280.01	327.25	235.87	307.28	0	47.17
2010	11	1	4.350	5783.1812	304.1812	0.1812	 1.21	 0.14	174.58	 4.45	 3.06	 1.00	10.10	 1.85	337.85	279.87	329.17	235.73	307.28	0	47.15
2010	11	1	4.791	5783.1997	304.1996	0.1996	 1.08	 0.09	167.29	 3.70	10.37	 1.00	10.18	 1.71	337.84	279.69	328.87	235.67	307.36	0	47.13
2010	11	1	4.999	5783.2085	304.2083	0.2083	 1.36	 0.13	170.68	 3.14	 9.92	 1.00	10.10	 1.91	337.86	279.64	327.84	235.56	307.28	0	47.11
2010	11	1	5.207	5783.2168	304.2169	0.2169	 1.00	 0.14	164.40	 6.43	 4.42	 1.00	10.08	 1.69	337.86	279.62	328.68	235.41	307.23	0	47.08
2010	11	1	5.829	5783.2427	304.2429	0.2429	 1.07	 0.13	173.51	 5.28	 1.13	 1.00	10.10	 1.78	337.94	279.88	330.97	235.17	307.28	0	47.03
2010	11	1	6.036	5783.2515	304.2515	0.2515	 1.06	 0.12	166.88	 4.80	 4.59	 1.00	10.08	 1.72	337.93	279.99	330.18	235.02	307.33	0	47.00
2010	11	1	6.243	5783.2603	304.2601	0.2601	 1.08	 0.12	163.14	 4.42	10.06	 1.00	10.10	 1.68	337.95	280.14	331.76	234.80	307.39	0	46.96
2010	11	1	7.100	5783.2959	304.2958	0.2958	 1.36	 0.14	160.88	 3.33	 4.24	 1.00	10.08	 1.79	337.95	280.74	330.08	234.63	307.94	0	46.93
2010	11	1	7.929	5783.3306	304.3304	0.3304	 1.23	 0.14	162.64	 4.07	10.28	 1.00	10.08	 1.84	337.96	281.21	327.50	234.59	308.30	0	46.92
2010	11	1	9.408	5783.3921	304.3920	0.3920	 1.16	 0.12	156.51	 3.82	 4.38	 1.00	10.08	 1.78	338.05	282.32	330.99	234.30	308.82	0	46.86
2010	11	1	9.823	5783.4092	304.4093	0.4093	 1.00	 0.14	155.81	 5.97	 2.07	 1.00	10.10	 1.69	338.01	282.29	330.87	234.27	308.86	0	46.85
2010	11	1	10.887	5783.4536	304.4536	0.4536	 1.07	 0.08	151.75	 3.10	 2.99	 1.00	10.10	 1.70	337.98	282.82	330.18	237.68	309.32	0	47.54
2010	11	1	11.302	5783.4707	304.4709	0.4709	 1.14	 0.12	153.52	 4.02	 9.47	 1.00	10.08	 1.68	337.65	282.19	331.43	235.62	309.36	0	47.12
2010	11	1	11.509	5783.4795	304.4796	0.4795	 1.20	 0.15	161.78	 4.67	32.17	 0.99	10.10	 1.74	337.71	282.05	332.83	235.24	309.37	0	47.05
2010	11	1	11.924	5783.4966	304.4968	0.4968	 1.37	 0.14	159.47	 3.28	 8.67	 1.00	10.10	 1.70	337.64	281.67	332.02	233.64	309.06	0	46.73
2010	11	1	12.366	5783.5151	304.5152	0.5152	 1.20	 0.13	163.15	 4.04	25.08	 0.98	10.18	 1.71	337.63	281.13	332.22	232.50	308.93	0	46.50
2010	11	1	12.988	5783.5410	304.5412	0.5412	 1.19	 0.09	164.07	 2.82	23.26	 0.93	10.10	 1.80	337.79	281.23	330.30	234.91	308.80	0	46.98
2010	11	1	13.195	5783.5498	304.5498	0.5498	 1.16	 0.14	153.55	 4.39	 9.11	 1.00	10.10	 1.71	337.75	281.29	327.79	234.88	308.82	0	46.98
2010	11	1	13.403	5783.5586	304.5584	0.5584	 1.16	 0.11	157.71	 3.60	 3.29	 1.00	10.10	 1.68	337.71	281.24	331.69	234.30	308.85	0	46.86
2010	11	1	13.610	5783.5669	304.5671	0.5671	 1.24	 0.12	160.56	 3.50	 3.44	 1.00	10.08	 1.73	337.71	281.09	331.22	234.00	308.86	0	46.80
2010	11	1	14.259	5783.5942	304.5941	0.5941	 1.13	 0.08	164.46	 2.96	 3.25	 1.00	10.18	 1.71	337.65	280.74	332.54	233.83	308.76	0	46.77
2010	11	1	14.881	5783.6201	304.6201	0.6201	 1.09	 0.10	159.69	 3.64	 8.83	 1.00	10.10	 1.69	337.56	280.06	329.14	232.43	308.66	0	46.49
2010	11	1	15.089	5783.6289	304.6287	0.6287	 1.32	 0.13	157.82	 3.25	11.66	 0.99	10.08	 1.76	337.57	279.91	327.13	232.46	308.54	0	46.49
2010	11	1	15.504	5783.6460	304.6460	0.6460	 0.99	 0.10	168.34	 4.78	 3.72	 1.00	10.10	 1.70	337.60	279.81	329.29	232.41	308.43	0	46.48
2010	11	1	15.711	5783.6548	304.6546	0.6546	 1.15	 0.11	163.65	 3.64	 8.15	 1.00	10.10	 1.73	337.54	279.56	329.10	232.19	308.35	0	46.44
2010	11	1	15.918	5783.6631	304.6632	0.6633	 1.21	 0.11	159.96	 3.47	 3.26	 1.00	10.08	 1.69	337.53	279.29	329.85	232.22	308.24	0	46.44
2010	11	1	16.153	5783.6729	304.6730	0.6730	 1.31	 0.07	168.09	 2.00	 4.18	 1.00	10.18	 1.82	337.49	279.02	328.86	232.41	308.19	0	46.48
2010	11	1	16.360	5783.6816	304.6817	0.6817	 1.16	 0.09	166.50	 3.11	 3.43	 1.00	10.10	 1.76	337.48	278.81	329.36	231.84	308.00	0	46.37
2010	11	1	16.568	5783.6904	304.6903	0.6903	 1.10	 0.12	163.38	 4.55	 7.61	 1.00	10.08	 1.69	337.44	278.48	328.95	230.91	307.85	0	46.18
2010	11	1	16.775	5783.6987	304.6990	0.6990	 1.02	 0.08	167.61	 3.67	 4.94	 1.00	10.10	 1.69	337.46	278.21	329.65	230.67	307.70	0	46.13
2010	11	1	16.983	5783.7075	304.7076	0.7076	 1.16	 0.09	169.26	 3.15	 4.69	 1.00	10.10	 1.81	337.51	278.08	328.71	230.91	307.50	0	46.18
2010	11	1	17.190	5783.7163	304.7162	0.7162	 1.20	 0.11	164.16	 3.46	 3.31	 1.00	10.10	 1.75	337.50	278.05	327.53	231.07	307.36	0	46.21
2010	11	1	17.397	5783.7251	304.7249	0.7249	 1.37	 0.09	169.34	 2.30	 3.98	 1.00	10.08	 1.87	337.56	278.14	327.98	232.29	307.24	0	46.46
2010	11	1	17.811	5783.7422	304.7421	0.7421	 1.04	 0.06	165.83	 2.65	10.27	 0.98	10.10	 1.75	337.52	278.56	328.87	234.45	307.12	0	46.89
2010	11	1	18.046	5783.7520	304.7519	0.7519	 0.96	 0.07	163.84	 3.45	 4.76	 1.00	10.18	 1.76	337.55	278.68	326.89	234.34	307.17	0	46.87
2010	11	1	18.254	5783.7607	304.7606	0.7606	 0.97	 0.05	168.83	 2.38	 2.67	 1.00	10.10	 1.80	337.52	278.78	328.38	234.58	307.08	0	46.92
2010	11	1	18.461	5783.7690	304.7692	0.7692	 0.92	 0.07	171.15	 3.60	 0.74	 1.00	10.10	 1.81	337.51	278.92	329.35	234.94	307.08	0	46.99
2010	11	1	18.669	5783.7778	304.7779	0.7779	 1.02	 0.06	168.49	 2.65	 4.41	 1.00	10.10	 1.81	337.52	279.06	329.53	235.49	307.07	0	47.10
2010	11	1	18.876	5783.7866	304.7865	0.7865	 0.93	 0.07	172.68	 3.98	 4.71	 1.00	10.08	 1.83	337.51	279.30	328.27	236.06	307.08	0	47.21
2010	11	1	19.290	5783.8037	304.8038	0.8038	 0.91	 0.06	167.94	 3.13	 2.86	 1.00	10.10	 1.80	337.52	279.73	328.33	235.83	307.12	0	47.17
2010	11	1	19.497	5783.8125	304.8124	0.8124	 0.96	 0.07	169.75	 3.34	 5.41	 1.00	10.10	 1.84	337.54	279.96	328.15	236.27	307.15	0	47.25
2010	11	1	19.705	5783.8208	304.8210	0.8210	 0.92	 0.07	169.60	 4.06	 5.90	 1.00	10.08	 1.80	337.54	280.17	328.81	237.71	307.18	0	47.54
2010	11	1	19.939	5783.8306	304.8308	0.8308	 0.94	 0.07	172.11	 3.62	 6.55	 1.00	10.18	 1.84	337.53	280.41	328.83	238.41	307.31	0	47.68
2010	11	1	20.147	5783.8394	304.8395	0.8395	 1.00	 0.06	168.66	 2.97	 3.44	 1.00	10.10	 1.78	337.54	280.58	327.82	237.96	307.27	0	47.59
2010	11	1	20.355	5783.8481	304.8481	0.8481	 0.97	 0.10	169.79	 4.66	 3.73	 1.00	10.08	 1.71	337.53	280.74	331.91	237.21	307.33	0	47.44
2010	11	1	20.562	5783.8569	304.8568	0.8567	 1.05	 0.11	167.74	 4.65	 3.80	 1.00	10.10	 1.73	337.52	280.84	330.70	236.82	307.31	0	47.36
2010	11	1	20.769	5783.8652	304.8654	0.8654	 1.18	 0.07	168.15	 2.25	 1.53	 1.00	10.10	 1.83	337.54	280.93	328.35	237.25	307.25	0	47.45
2010	11	1	20.976	5783.8740	304.8740	0.8740	 1.06	 0.08	169.81	 3.24	 1.81	 1.00	10.10	 1.74	337.53	281.03	331.81	237.48	307.25	0	47.50
2010	11	1	21.391	5783.8911	304.8913	0.8913	 1.21	 0.11	174.37	 3.50	 7.93	 1.00	10.10	 1.86	337.54	281.20	329.81	236.92	307.25	0	47.38
2010	11	1	21.833	5783.9097	304.9097	0.9097	 1.19	 0.09	170.13	 2.95	 8.64	 0.99	10.18	 1.81	337.51	281.32	328.91	235.43	307.35	0	47.09
2010	11	1	22.041	5783.9185	304.9184	0.9184	 1.16	 0.09	166.90	 3.08	 3.24	 1.00	10.10	 1.77	337.56	281.34	328.71	234.46	307.23	0	46.89
2010	11	1	22.248	5783.9272	304.9270	0.9270	 1.20	 0.09	168.84	 2.87	 0.85	 1.00	10.10	 1.82	337.54	281.29	328.96	234.24	307.13	0	46.85
2010	11	1	22.455	5783.9355	304.9356	0.9356	 1.25	 0.14	175.41	 4.45	 2.97	 1.00	10.10	 1.85	337.53	281.25	331.46	234.41	307.05	0	46.88
2010	11	1	22.663	5783.9443	304.9443	0.9443	 1.29	 0.08	173.84	 2.25	 3.12	 1.00	10.08	 1.88	337.56	281.22	328.61	234.21	306.95	0	46.84
2010	11	1	22.870	5783.9531	304.9529	0.9529	 1.27	 0.16	171.12	 4.62	 1.72	 1.00	10.10	 1.83	337.56	281.19	329.13	234.17	306.84	0	46.83
2010	11	1	23.077	5783.9614	304.9615	0.9616	 1.23	 0.11	170.84	 3.47	 9.46	 1.00	10.10	 1.82	337.55	281.18	328.94	234.49	306.83	0	46.90
2010	11	1	23.285	5783.9702	304.9702	0.9702	 1.27	 0.10	171.36	 2.81	 3.41	 1.00	10.10	 1.83	337.55	281.10	328.18	234.28	306.77	0	46.86
2010	11	1	23.492	5783.9790	304.9788	0.9788	 1.39	 0.15	174.47	 3.66	 6.34	 1.00	10.08	 1.91	337.57	281.05	328.09	234.03	306.71	0	46.81
2010	11	1	23.726	5783.9888	304.9886	0.9886	 1.23	 0.11	173.63	 3.49	 7.77	 1.00	10.18	 1.79	337.57	281.02	329.85	233.80	306.77	0	46.76
2010	11	2	0.142	5784.0059	305.0059	1.0059	 1.25	 0.12	172.75	 3.70	 6.28	 1.00	10.08	 1.77	337.57	280.58	330.47	232.46	306.63	0	46.49
2010	11	2	0.349	5784.0146	305.0146	1.0145	 1.48	 0.12	176.71	 2.59	 2.52	 1.00	10.10	 1.99	337.57	280.35	326.61	232.13	306.50	0	46.43
2010	11	2	0.556	5784.0229	305.0232	1.0232	 1.38	 0.18	171.50	 4.37	 4.66	 1.00	10.10	 1.89	337.57	280.06	326.53	231.89	306.38	0	46.38
2010	11	2	0.764	5784.0317	305.0318	1.0318	 1.29	 0.15	175.95	 4.48	15.05	 1.00	10.10	 1.86	337.60	279.75	329.85	231.94	306.30	0	46.39
2010	11	2	0.971	5784.0405	305.0405	1.0405	 1.23	 0.12	170.58	 3.57	11.04	 1.00	10.08	 1.79	337.61	279.68	329.69	232.34	306.21	0	46.47
2010	11	2	1.178	5784.0493	305.0491	1.0491	 1.53	 0.20	166.56	 3.85	10.33	 1.00	10.10	 1.81	337.59	279.60	330.71	232.08	306.20	0	46.42
2010	11	2	1.385	5784.0576	305.0577	1.0577	 1.42	 0.20	170.65	 4.50	 5.16	 1.00	10.10	 1.85	337.59	279.30	328.01	231.45	306.11	0	46.29
2010	11	2	1.620	5784.0674	305.0675	1.0675	 1.60	 0.22	161.25	 3.66	 5.69	 1.00	10.18	 1.77	337.62	278.95	328.91	231.63	306.08	0	46.33
2010	11	2	1.828	5784.0762	305.0762	1.0762	 1.33	 0.12	170.19	 3.13	 2.16	 1.00	10.10	 1.78	337.63	278.73	330.69	231.66	305.97	0	46.33
2010	11	2	2.035	5784.0850	305.0848	1.0848	 1.50	 0.18	173.98	 3.77	 5.36	 1.00	10.10	 1.93	337.62	278.61	327.06	231.50	305.80	0	46.30
2010	11	2	2.243	5784.0933	305.0934	1.0934	 1.37	 0.20	165.99	 4.96	13.37	 1.00	10.10	 1.72	337.60	278.47	331.55	231.60	305.74	0	46.32
2010	11	2	2.450	5784.1021	305.1021	1.1021	 1.37	 0.16	160.60	 3.79	33.55	 0.97	10.08	 1.73	337.62	278.27	327.16	231.57	305.65	0	46.31
2010	11	2	2.657	5784.1108	305.1107	1.1107	 1.34	 0.14	167.75	 3.50	12.88	 1.00	10.10	 1.73	337.62	278.03	330.98	231.47	305.56	0	46.29
2010	11	2	2.864	5784.1191	305.1194	1.1193	 1.30	 0.13	171.35	 3.51	 2.65	 1.00	10.10	 1.86	337.63	277.84	325.51	231.39	305.47	0	46.28
2010	11	2	3.071	5784.1279	305.1280	1.1280	 1.47	 0.16	162.72	 3.21	 1.38	 1.00	10.10	 1.76	337.63	277.70	328.15	231.18	305.31	0	46.24
2010	11	2	3.279	5784.1367	305.1366	1.1366	 1.32	 0.12	169.74	 3.29	 3.57	 1.00	10.08	 1.82	337.63	277.53	328.83	231.19	305.17	0	46.24
2010	11	2	3.513	5784.1465	305.1464	1.1464	 1.23	 0.14	175.73	 4.41	 1.20	 1.00	10.18	 1.90	337.68	277.41	326.96	231.10	305.07	0	46.22
2010	11	2	3.929	5784.1636	305.1637	1.1637	 1.25	 0.13	163.75	 3.61	28.10	 0.97	10.10	 1.69	337.68	277.23	329.88	230.73	304.78	0	46.15
2010	11	2	4.136	5784.1724	305.1723	1.1723	 1.10	 0.15	168.46	 5.67	 1.86	 1.00	10.10	 1.70	337.71	277.13	330.67	230.73	304.64	0	46.15
2010	11	2	4.343	5784.1812	305.1810	1.1810	 1.20	 0.18	179.59	 6.27	 5.28	 1.00	10.08	 1.92	337.65	276.99	328.10	230.75	304.54	0	46.15
2010	11	2	4.551	5784.1895	305.1896	1.1896	 1.27	 0.14	174.80	 4.11	 3.35	 1.00	10.10	 1.94	337.67	276.87	324.24	230.95	304.40	0	46.19
2010	11	2	4.965	5784.2070	305.2069	1.2069	 1.27	 0.11	166.68	 3.16	17.34	 0.98	10.10	 1.76	337.69	276.68	328.51	230.86	304.27	0	46.17
2010	11	2	5.173	5784.2153	305.2155	1.2155	 1.24	 0.15	166.84	 4.36	12.94	 1.00	10.08	 1.73	337.72	276.64	330.16	230.97	304.14	0	46.19
2010	11	2	5.407	5784.2251	305.2253	1.2253	 1.29	 0.18	168.38	 4.97	 3.22	 1.00	10.18	 1.79	337.74	276.61	328.03	231.32	304.10	0	46.26
2010	11	2	5.615	5784.2339	305.2339	1.2339	 1.47	 0.21	169.71	 4.49	 3.07	 1.00	10.10	 1.89	337.74	276.63	327.22	231.43	304.02	0	46.29
2010	11	2	5.822	5784.2427	305.2426	1.2426	 1.44	 0.11	176.02	 2.56	10.13	 0.99	10.08	 1.94	337.74	276.61	327.15	231.53	303.92	0	46.31
2010	11	2	6.030	5784.2515	305.2513	1.2512	 1.51	 0.19	161.19	 3.58	11.57	 1.00	10.10	 1.73	337.73	276.54	328.23	231.59	303.83	0	46.32
2010	11	2	6.237	5784.2598	305.2599	1.2599	 1.38	 0.20	160.13	 4.46	11.69	 1.00	10.10	 1.70	337.73	276.55	330.24	231.73	303.75	0	46.35
2010	11	2	6.444	5784.2686	305.2685	1.2685	 1.31	 0.20	161.02	 5.11	12.55	 1.00	10.10	 1.71	337.76	276.60	329.57	231.92	303.72	0	46.38
2010	11	2	6.651	5784.2773	305.2771	1.2771	 1.38	 0.16	161.50	 3.72	 8.15	 1.00	10.08	 1.73	337.77	276.60	329.45	231.91	303.75	0	46.38
2010	11	2	7.066	5784.2944	305.2944	1.2944	 1.34	 0.17	156.31	 4.17	29.71	 0.99	10.10	 1.70	337.88	277.12	328.42	232.13	303.80	0	46.43
2010	11	2	7.300	5784.3042	305.3042	1.3042	 1.67	 0.26	157.52	 3.91	 5.16	 1.00	10.18	 1.78	337.87	277.29	326.14	232.09	303.93	0	46.42
2010	11	2	7.509	5784.3130	305.3129	1.3129	 1.56	 0.18	164.89	 3.27	 9.85	 1.00	10.10	 1.91	337.82	277.28	325.32	231.88	303.93	0	46.38
2010	11	2	7.716	5784.3213	305.3215	1.3215	 1.33	 0.23	156.72	 5.47	 7.56	 1.00	10.10	 1.68	337.88	277.43	331.56	232.00	303.93	0	46.40
2010	11	2	7.923	5784.3301	305.3301	1.3301	 1.50	 0.29	158.19	 5.45	12.14	 1.00	10.10	 1.75	337.89	277.69	328.03	232.02	303.95	0	46.40
2010	11	2	8.130	5784.3389	305.3388	1.3388	 1.47	 0.24	159.22	 4.77	21.90	 1.00	10.08	 1.73	337.83	277.66	328.23	231.84	303.94	0	46.37
2010	11	2	8.337	5784.3472	305.3474	1.3474	 1.56	 0.19	159.62	 3.28	15.85	 0.99	10.10	 1.80	337.85	277.77	327.24	232.03	303.94	0	46.41
2010	11	2	8.959	5784.3735	305.3733	1.3733	 1.39	 0.17	163.88	 4.01	14.82	 1.00	10.08	 1.77	337.88	278.36	327.24	232.83	304.16	0	46.57
2010	11	2	9.194	5784.3833	305.3831	1.3831	 1.60	 0.19	166.33	 3.26	 2.61	 1.00	10.18	 1.86	337.81	278.29	324.05	232.75	304.21	0	46.55
2010	11	2	9.402	5784.3916	305.3918	1.3917	 1.82	 0.26	171.92	 3.49	15.44	 1.00	10.10	 1.90	337.85	278.36	330.52	232.68	304.23	0	46.54
2010	11	2	9.609	5784.4004	305.4004	1.4004	 1.48	 0.19	159.59	 3.73	20.24	 0.99	10.08	 1.74	337.91	278.60	330.90	232.96	304.27	0	46.59
2010	11	2	9.816	5784.4092	305.4090	1.4090	 1.60	 0.28	149.04	 4.33	19.52	 1.00	10.10	 1.71	337.98	278.83	330.44	233.25	304.36	0	46.65
2010	11	2	10.024	5784.4175	305.4177	1.4177	 1.42	 0.14	156.49	 2.99	10.84	 0.99	10.10	 1.80	338.02	279.14	328.06	233.64	304.48	0	46.73
2010	11	2	10.231	5784.4263	305.4263	1.4263	 1.09	 0.18	159.12	 6.49	 5.06	 1.00	10.10	 1.69	337.98	279.35	329.67	233.61	304.62	0	46.72
2010	11	2	10.438	5784.4351	305.4349	1.4349	 1.47	 0.24	157.04	 4.75	 0.84	 1.00	10.08	 1.79	337.92	279.30	327.06	233.57	304.67	0	46.71
2010	11	2	11.710	5784.4878	305.4879	1.4879	 1.33	 0.17	164.68	 4.42	14.50	 1.00	10.10	 1.78	337.85	278.84	331.78	233.75	304.89	0	46.75
2010	11	2	11.917	5784.4966	305.4966	1.4966	 1.24	 0.13	158.05	 3.64	 7.29	 1.00	10.08	 1.69	337.86	278.81	329.25	234.01	304.92	0	46.80
2010	11	2	12.332	5784.5137	305.5138	1.5138	 1.41	 0.15	158.18	 3.29	 6.17	 1.00	10.10	 1.76	337.87	278.60	326.32	234.02	304.94	0	46.80
2010	11	2	12.539	5784.5225	305.5225	1.5225	 1.46	 0.22	155.30	 4.37	 4.65	 1.00	10.10	 1.75	337.88	278.63	329.01	234.19	304.89	0	46.84
2010	11	2	12.981	5784.5410	305.5409	1.5409	 1.42	 0.15	155.78	 3.23	 7.15	 1.00	10.18	 1.72	337.88	278.69	329.20	234.31	304.91	0	46.86
2010	11	2	13.189	5784.5493	305.5495	1.5495	 1.30	 0.15	157.88	 3.76	 6.54	 1.00	10.10	 1.78	337.89	278.72	325.93	234.87	304.91	0	46.97
2010	11	2	13.811	5784.5757	305.5754	1.5755	 1.26	 0.16	160.54	 4.42	 7.75	 1.00	10.10	 1.74	337.81	278.35	328.53	234.24	304.87	0	46.85
2010	11	2	14.018	5784.5840	305.5841	1.5841	 1.28	 0.13	167.34	 3.65	 5.77	 1.00	10.10	 1.71	337.80	278.18	331.38	234.19	304.82	0	46.84
2010	11	2	14.432	5784.6016	305.6013	1.6014	 1.20	 0.12	167.70	 3.72	11.12	 1.00	10.10	 1.73	337.76	277.84	327.74	233.46	304.72	0	46.69
2010	11	2	15.083	5784.6284	305.6284	1.6284	 1.19	 0.15	165.46	 4.81	 3.19	 1.00	10.10	 1.73	337.78	277.44	326.14	233.32	304.51	0	46.66
2010	11	2	15.290	5784.6372	305.6371	1.6371	 1.25	 0.16	172.07	 4.73	 2.97	 1.00	10.08	 1.84	337.75	277.30	327.20	233.24	304.42	0	46.65
2010	11	2	15.497	5784.6455	305.6457	1.6457	 1.33	 0.14	178.90	 3.75	 3.14	 1.00	10.10	 1.99	337.73	277.19	325.11	233.62	304.41	0	46.72
2010	11	2	15.911	5784.6631	305.6630	1.6630	 1.12	 0.13	165.27	 4.72	 4.21	 1.00	10.10	 1.69	337.74	276.99	328.04	233.94	304.36	0	46.79
2010	11	2	16.119	5784.6714	305.6716	1.6716	 1.42	 0.14	171.46	 3.22	 8.76	 1.00	10.08	 1.84	337.73	276.88	326.73	233.80	304.33	0	46.76
2010	11	2	16.326	5784.6802	305.6803	1.6803	 1.41	 0.14	164.37	 3.22	10.38	 1.00	10.10	 1.74	337.71	276.70	328.54	233.42	304.32	0	46.68
2010	11	2	16.534	5784.6890	305.6889	1.6889	 1.38	 0.16	169.30	 3.90	11.65	 1.00	10.10	 1.83	337.73	276.57	327.46	233.21	304.22	0	46.64
2010	11	2	16.768	5784.6987	305.6987	1.6987	 1.43	 0.21	171.67	 4.72	 9.44	 1.00	10.18	 1.78	337.73	276.46	328.34	233.52	304.20	0	46.70
2010	11	2	16.976	5784.7075	305.7073	1.7073	 1.30	 0.14	167.00	 3.95	 5.77	 1.00	10.10	 1.79	337.75	276.46	325.52	233.65	304.10	0	46.73
2010	11	2	17.183	5784.7158	305.7160	1.7160	 1.28	 0.20	161.30	 5.42	11.02	 1.00	10.08	 1.70	337.73	276.47	329.13	233.77	303.93	0	46.75
2010	11	2	17.805	5784.7417	305.7419	1.7419	 1.31	 0.14	165.04	 3.69	10.03	 1.00	10.10	 1.76	337.73	276.77	327.83	234.78	303.59	0	46.96
2010	11	2	18.013	5784.7505	305.7505	1.7505	 1.26	 0.19	165.62	 5.51	 6.91	 1.00	10.08	 1.81	337.70	276.82	324.81	234.73	303.51	0	46.95
2010	11	2	18.662	5784.7773	305.7776	1.7776	 1.36	 0.15	178.29	 3.96	14.96	 1.00	10.18	 1.95	337.68	276.60	327.38	235.13	303.73	0	47.03
2010	11	2	18.870	5784.7861	305.7862	1.7862	 1.19	 0.13	172.20	 4.34	 6.42	 1.00	10.10	 1.81	337.70	276.69	324.99	235.07	303.68	0	47.01
2010	11	2	19.077	5784.7949	305.7949	1.7949	 1.27	 0.18	166.66	 5.11	 6.23	 1.00	10.08	 1.80	337.68	276.72	323.39	235.05	303.61	0	47.01
2010	11	2	19.284	5784.8037	305.8035	1.8035	 1.17	 0.15	171.07	 5.17	 3.51	 1.00	10.10	 1.81	337.69	276.82	325.14	235.45	303.65	0	47.09
2010	11	2	19.491	5784.8120	305.8121	1.8121	 1.28	 0.16	164.36	 4.33	 6.51	 1.00	10.10	 1.72	337.68	276.90	326.47	235.94	303.68	0	47.19
2010	11	2	19.699	5784.8208	305.8208	1.8208	 1.36	 0.15	169.96	 3.73	 1.46	 1.00	10.10	 1.80	337.66	277.00	326.36	235.67	303.83	0	47.13
2010	11	2	19.906	5784.8296	305.8294	1.8294	 1.42	 0.18	169.54	 4.17	10.41	 1.00	10.08	 1.79	337.66	277.07	328.21	235.52	303.92	0	47.10
2010	11	2	20.114	5784.8379	305.8381	1.8381	 1.21	 0.13	166.34	 3.97	 9.66	 1.00	10.10	 1.75	337.68	277.12	323.59	235.60	303.94	0	47.12
2010	11	2	20.321	5784.8467	305.8467	1.8467	 1.27	 0.14	170.89	 3.97	 3.00	 1.00	10.10	 1.83	337.68	277.12	324.23	234.93	304.01	0	46.99
2010	11	2	20.555	5784.8564	305.8564	1.8565	 1.38	 0.11	175.33	 2.73	 4.61	 1.00	10.18	 1.93	337.70	277.07	326.03	234.34	304.11	0	46.87
2010	11	2	20.763	5784.8652	305.8651	1.8651	 1.33	 0.17	169.52	 4.44	 8.29	 1.00	10.10	 1.82	337.69	277.04	324.07	234.10	304.09	0	46.82
2010	11	2	20.970	5784.8735	305.8737	1.8738	 1.19	 0.12	173.28	 4.05	 7.32	 1.00	10.10	 1.80	337.67	277.00	326.69	233.85	304.05	0	46.77
2010	11	2	21.177	5784.8823	305.8824	1.8824	 1.25	 0.17	168.46	 5.02	18.91	 1.00	10.10	 1.79	337.69	276.99	326.86	233.84	304.07	0	46.77
2010	11	2	21.385	5784.8911	305.8911	1.8910	 1.19	 0.16	165.09	 5.00	 3.38	 1.00	10.08	 1.73	337.67	277.05	324.70	233.75	304.04	0	46.75
2010	11	2	21.593	5784.8999	305.8997	1.8997	 1.26	 0.19	167.38	 5.64	 7.75	 1.00	10.10	 1.75	337.72	277.07	328.39	233.66	303.93	0	46.73
2010	11	2	21.800	5784.9082	305.9083	1.9083	 1.28	 0.15	174.86	 4.51	 5.14	 1.00	10.10	 1.92	337.70	277.10	324.21	233.57	303.91	0	46.71
2010	11	2	22.214	5784.9258	305.9256	1.9256	 1.32	 0.23	160.14	 5.81	22.58	 1.00	10.08	 1.77	337.71	277.24	323.82	233.51	303.70	0	46.70
2010	11	2	22.449	5784.9355	305.9354	1.9354	 1.36	 0.17	168.75	 4.33	 3.31	 1.00	10.18	 1.80	337.71	277.25	326.54	233.50	303.79	0	46.70
2010	11	2	22.657	5784.9438	305.9440	1.9440	 1.25	 0.15	168.91	 4.54	 6.72	 1.00	10.10	 1.78	337.70	277.32	324.95	233.50	303.75	0	46.70
2010	11	2	22.864	5784.9526	305.9527	1.9527	 1.30	 0.16	163.41	 4.26	14.19	 1.00	10.10	 1.77	337.70	277.37	324.50	233.45	303.67	0	46.69
2010	11	2	23.071	5784.9614	305.9613	1.9613	 1.35	 0.13	173.91	 3.42	 9.08	 1.00	10.10	 1.91	337.71	277.40	325.25	233.51	303.61	0	46.70
2010	11	2	23.279	5784.9697	305.9699	1.9699	 1.33	 0.20	169.01	 5.20	11.79	 1.00	10.08	 1.81	337.69	277.43	326.49	233.74	303.67	0	46.75
2010	11	2	23.486	5784.9785	305.9786	1.9786	 1.43	 0.17	174.13	 3.88	 4.29	 1.00	10.10	 1.92	337.70	277.52	324.47	233.96	303.68	0	46.79
2010	11	2	23.693	5784.9873	305.9872	1.9872	 1.04	 0.14	168.09	 5.71	 7.10	 1.00	10.10	 1.69	337.69	277.56	327.00	233.94	303.73	0	46.79
2010	11	2	23.900	5784.9956	305.9958	1.9958	 1.44	 0.18	169.00	 4.05	 7.44	 1.00	10.10	 1.89	337.70	277.63	324.48	233.69	303.76	0	46.74
2010	11	3	0.108	5785.0044	306.0045	2.0045	 1.32	 0.16	172.10	 4.29	14.56	 1.00	10.08	 1.86	337.69	277.60	324.73	233.44	303.72	0	46.69
2010	11	3	0.342	5785.0142	306.0143	2.0143	 1.36	 0.15	178.23	 3.85	 5.26	 1.00	10.18	 1.93	337.69	277.49	326.98	233.34	303.87	0	46.67
2010	11	3	0.550	5785.0229	306.0229	2.0229	 1.17	 0.17	169.00	 5.67	10.72	 1.00	10.10	 1.77	337.67	277.44	327.07	233.35	303.91	0	46.67
2010	11	3	0.757	5785.0317	306.0316	2.0316	 1.42	 0.16	173.12	 3.82	12.40	 1.00	10.10	 2.00	337.69	277.45	320.41	233.29	303.92	0	46.66
2010	11	3	0.965	5785.0400	306.0402	2.0402	 1.33	 0.17	172.76	 4.43	 7.53	 1.00	10.10	 1.81	337.69	277.42	329.57	233.15	303.90	0	46.63
2010	11	3	1.172	5785.0488	306.0488	2.0488	 1.19	 0.14	170.93	 4.71	10.88	 1.00	10.08	 1.75	337.69	277.41	327.79	232.96	303.93	0	46.59
2010	11	3	1.380	5785.0576	306.0575	2.0575	 1.49	 0.15	180.18	 3.37	 4.42	 1.00	10.10	 2.02	337.67	277.43	324.69	232.74	303.93	0	46.55
2010	11	3	1.587	5785.0659	306.0661	2.0661	 1.30	 0.11	176.85	 3.13	13.39	 0.99	10.10	 1.86	337.67	277.43	327.25	232.67	303.87	0	46.53
2010	11	3	1.794	5785.0747	306.0748	2.0748	 1.37	 0.16	174.95	 3.93	 8.66	 1.00	10.10	 1.94	337.67	277.37	324.00	232.67	303.86	0	46.53
2010	11	3	2.001	5785.0835	306.0834	2.0834	 1.36	 0.14	170.51	 3.46	12.68	 1.00	10.08	 1.85	337.68	277.32	325.90	232.48	303.93	0	46.50
2010	11	3	2.236	5785.0933	306.0932	2.0932	 1.29	 0.15	175.03	 4.35	 9.04	 1.00	10.18	 1.87	337.69	277.26	325.88	232.41	304.02	0	46.48
2010	11	3	2.444	5785.1021	306.1018	2.1018	 1.36	 0.12	172.86	 2.96	 5.68	 1.00	10.10	 1.87	337.66	277.17	324.16	232.42	304.01	0	46.48
2010	11	3	2.651	5785.1104	306.1105	2.1105	 1.40	 0.13	179.14	 3.12	11.16	 1.00	10.08	 1.96	337.69	277.06	326.08	232.31	304.05	0	46.46
2010	11	3	2.859	5785.1191	306.1191	2.1191	 1.18	 0.18	176.03	 6.38	 2.23	 1.00	10.10	 1.85	337.68	276.98	323.96	232.25	304.11	0	46.45
2010	11	3	3.066	5785.1279	306.1277	2.1277	 1.28	 0.18	175.49	 5.18	 4.34	 1.00	10.10	 1.86	337.67	276.90	325.86	232.23	304.13	0	46.45
2010	11	3	3.273	5785.1362	306.1364	2.1364	 1.20	 0.16	174.47	 5.28	 4.52	 1.00	10.10	 1.80	337.68	276.82	328.03	232.21	304.18	0	46.44
2010	11	3	3.480	5785.1450	306.1450	2.1450	 1.13	 0.10	174.38	 3.79	11.74	 1.00	10.08	 1.80	337.64	276.67	326.30	232.21	304.18	0	46.44
2010	11	3	3.687	5785.1538	306.1537	2.1536	 1.18	 0.12	170.60	 4.06	 3.75	 1.00	10.10	 1.69	337.65	276.54	329.93	232.13	304.20	0	46.43
2010	11	3	3.895	5785.1621	306.1623	2.1623	 1.25	 0.12	174.42	 3.59	22.06	 0.98	10.10	 1.86	337.68	276.39	326.84	232.05	304.21	0	46.41
2010	11	3	4.129	5785.1719	306.1721	2.1721	 1.16	 0.12	174.63	 4.25	11.99	 1.00	10.18	 1.85	337.69	276.22	325.24	232.06	304.29	0	46.41
2010	11	3	4.338	5785.1807	306.1807	2.1807	 1.19	 0.15	167.63	 4.93	 5.27	 1.00	10.10	 1.72	337.67	276.12	327.14	232.08	304.23	0	46.42
2010	11	3	4.545	5785.1895	306.1894	2.1894	 1.28	 0.12	166.31	 3.40	14.42	 0.99	10.08	 1.74	337.72	276.02	328.66	232.06	304.16	0	46.41
2010	11	3	4.752	5785.1978	306.1980	2.1980	 1.28	 0.18	165.47	 5.07	 8.28	 1.00	10.10	 1.81	337.72	275.98	325.06	232.05	304.08	0	46.41
2010	11	3	4.959	5785.2065	306.2066	2.2066	 1.22	 0.14	167.50	 4.39	 7.32	 1.00	10.10	 1.76	337.80	275.97	326.69	231.86	303.97	0	46.37
2010	11	3	5.166	5785.2153	306.2153	2.2153	 1.39	 0.18	179.58	 4.58	 4.17	 1.00	10.10	 1.94	337.75	275.88	329.13	231.88	303.90	0	46.38
2010	11	3	6.023	5785.2510	306.2509	2.2510	 1.55	 0.16	176.03	 3.10	13.68	 0.99	10.18	 2.01	337.82	275.85	325.11	231.62	303.93	0	46.32
2010	11	3	6.438	5785.2681	306.2682	2.2683	 1.18	 0.12	165.84	 3.94	 7.43	 1.00	10.08	 1.70	337.83	276.02	329.21	231.75	304.03	0	46.35
2010	11	3	6.646	5785.2769	306.2769	2.2769	 1.17	 0.15	164.42	 4.95	 2.43	 1.00	10.10	 1.73	337.85	276.16	328.31	231.78	304.06	0	46.36
2010	11	3	6.853	5785.2856	306.2856	2.2855	 1.34	 0.13	169.48	 3.25	 6.05	 1.00	10.10	 1.85	337.86	276.28	327.09	231.75	304.13	0	46.35
2010	11	3	7.682	5785.3203	306.3201	2.3201	 1.19	 0.16	162.00	 4.97	 8.61	 1.00	10.10	 1.77	337.90	276.94	326.07	231.94	304.47	0	46.39
2010	11	3	7.916	5785.3301	306.3299	2.3298	 1.33	 0.18	158.12	 4.45	 2.83	 1.00	10.18	 1.81	337.90	277.12	325.38	231.88	304.56	0	46.38
2010	11	3	8.539	5785.3560	306.3558	2.3558	 1.20	 0.10	157.85	 2.98	 3.28	 1.00	10.10	 1.70	337.94	277.77	328.60	232.38	304.94	0	46.48
2010	11	3	9.161	5785.3818	306.3817	2.3817	 1.12	 0.09	159.25	 3.28	 1.52	 1.00	10.10	 1.78	338.01	278.76	327.97	232.78	305.40	0	46.56
2010	11	3	9.368	5785.3901	306.3904	2.3903	 1.21	 0.11	159.47	 3.21	 9.85	 1.00	10.10	 1.81	338.04	279.09	328.72	233.45	305.58	0	46.69
2010	11	3	10.018	5785.4175	306.4174	2.4174	 1.05	 0.14	150.53	 5.32	 7.14	 1.00	10.10	 1.69	338.02	280.15	331.56	236.55	306.19	0	47.31
2010	11	3	10.432	5785.4346	306.4347	2.4347	 1.09	 0.12	153.54	 4.37	13.91	 1.00	10.10	 1.74	338.00	280.93	331.18	238.42	306.54	0	47.68
2010	11	3	11.054	5785.4604	306.4606	2.4606	 0.99	 0.10	153.21	 4.29	15.49	 0.99	10.08	 1.69	337.98	281.77	330.33	238.77	307.19	0	47.75
2010	11	3	11.262	5785.4692	306.4692	2.4692	 1.00	 0.09	150.78	 3.88	 2.53	 1.00	10.10	 1.69	337.98	281.88	330.22	238.37	307.46	0	47.67
2010	11	3	11.469	5785.4780	306.4779	2.4779	 0.98	 0.08	156.71	 3.64	 4.41	 1.00	10.10	 1.71	337.96	281.91	329.89	238.38	307.57	0	47.68
2010	11	3	11.704	5785.4878	306.4876	2.4877	 1.18	 0.12	157.44	 3.74	 1.86	 1.00	10.18	 1.81	337.94	281.84	327.94	238.88	307.72	0	47.78
2010	11	3	13.805	5785.5752	306.5752	2.5752	 0.95	 0.08	162.16	 3.93	 5.06	 1.00	10.10	 1.70	337.86	281.39	330.49	240.06	308.29	0	48.01
2010	11	3	14.220	5785.5923	306.5925	2.5925	 1.12	 0.10	160.89	 3.66	 2.80	 1.00	10.10	 1.76	337.83	281.06	329.50	239.67	308.29	0	47.93
2010	11	3	14.634	5785.6099	306.6098	2.6098	 1.08	 0.07	162.12	 2.74	 7.60	 0.99	10.10	 1.71	337.79	280.65	329.60	239.75	308.26	0	47.95
2010	11	3	15.049	5785.6270	306.6270	2.6270	 0.94	 0.10	170.64	 5.23	 3.95	 1.00	10.10	 1.77	337.73	280.24	327.97	239.53	308.19	0	47.91
2010	11	3	15.256	5785.6357	306.6357	2.6357	 1.00	 0.10	169.11	 4.67	15.54	 0.99	10.08	 1.71	337.73	280.06	331.18	238.50	308.16	0	47.70
2010	11	3	15.906	5785.6626	306.6628	2.6627	 1.02	 0.11	173.59	 5.09	12.74	 1.00	10.08	 1.83	337.66	279.34	327.04	239.36	308.05	0	47.87
2010	11	3	16.113	5785.6714	306.6714	2.6714	 0.93	 0.11	174.16	 6.24	 0.89	 1.00	10.10	 1.78	337.62	279.12	328.98	239.05	307.96	0	47.81
2010	11	3	16.320	5785.6802	306.6800	2.6800	 0.99	 0.12	171.71	 5.91	10.47	 1.00	10.10	 1.78	337.65	278.91	327.85	238.46	307.85	0	47.69
2010	11	3	16.528	5785.6885	306.6887	2.6886	 1.03	 0.11	167.57	 4.75	 2.22	 1.00	10.10	 1.70	337.64	278.77	331.72	237.96	307.76	0	47.59
2010	11	3	16.735	5785.6973	306.6973	2.6973	 1.09	 0.07	168.12	 2.76	 7.00	 0.99	10.08	 1.81	337.62	278.68	328.06	238.87	307.59	0	47.77
2010	11	3	17.150	5785.7144	306.7146	2.7146	 1.03	 0.09	174.39	 4.12	 7.61	 1.00	10.10	 1.82	337.63	278.72	329.21	240.14	307.32	0	48.03
2010	11	3	17.384	5785.7241	306.7243	2.7243	 1.01	 0.09	174.64	 4.36	 3.47	 1.00	10.18	 1.79	337.62	278.73	329.90	240.22	307.39	0	48.04
2010	11	3	17.592	5785.7329	306.7330	2.7330	 1.01	 0.08	170.55	 3.60	 5.96	 1.00	10.10	 1.73	337.63	278.80	330.54	240.66	307.30	0	48.13
2010	11	3	17.799	5785.7417	306.7416	2.7416	 1.08	 0.14	174.01	 5.71	 8.10	 1.00	10.08	 1.78	337.64	278.83	333.83	240.28	307.30	0	48.06
2010	11	3	18.007	5785.7505	306.7503	2.7503	 0.96	 0.09	167.40	 4.27	 2.99	 1.00	10.10	 1.68	337.64	278.87	330.12	240.17	307.29	0	48.03
2010	11	3	18.421	5785.7676	306.7675	2.7676	 1.06	 0.12	174.97	 5.12	21.15	 0.99	10.10	 1.84	337.64	279.03	329.17	240.15	307.21	0	48.03
2010	11	3	18.836	5785.7847	306.7848	2.7848	 0.89	 0.09	170.43	 5.12	 6.88	 1.00	10.10	 1.69	337.63	279.06	330.71	239.03	307.17	0	47.81
2010	11	3	19.043	5785.7935	306.7935	2.7935	 1.06	 0.12	176.54	 5.20	11.83	 1.00	10.10	 1.87	337.62	279.15	328.20	239.13	307.10	0	47.83
2010	11	3	19.278	5785.8032	306.8032	2.8032	 1.08	 0.08	181.59	 3.60	14.07	 0.99	10.18	 1.94	337.62	279.27	329.83	239.08	307.16	0	47.82
2010	11	3	19.486	5785.8120	306.8119	2.8119	 0.98	 0.12	174.67	 5.77	 5.51	 1.00	10.10	 1.83	337.63	279.43	327.66	239.14	307.11	0	47.83
2010	11	3	19.693	5785.8203	306.8206	2.8205	 1.04	 0.08	179.41	 3.65	 3.47	 1.00	10.10	 1.90	337.65	279.56	329.84	239.04	307.05	0	47.81
2010	11	3	19.900	5785.8291	306.8292	2.8292	 1.01	 0.12	174.10	 5.47	10.97	 1.00	10.10	 1.85	337.62	279.80	328.43	239.46	307.02	0	47.89
2010	11	3	20.108	5785.8379	306.8378	2.8378	 1.03	 0.09	174.03	 4.23	 5.88	 1.00	10.08	 1.85	337.62	280.11	328.98	240.06	307.01	0	48.01
2010	11	3	20.315	5785.8467	306.8464	2.8464	 1.08	 0.09	176.03	 3.72	15.45	 0.99	10.10	 1.91	337.61	280.42	327.85	240.58	307.01	0	48.12
2010	11	3	20.522	5785.8550	306.8551	2.8551	 0.98	 0.09	168.77	 4.23	 1.73	 1.00	10.10	 1.75	337.63	280.73	329.31	240.73	306.99	0	48.15
2010	11	3	20.729	5785.8638	306.8637	2.8637	 0.98	 0.08	169.11	 3.80	 1.29	 1.00	10.10	 1.76	337.63	281.01	329.14	240.35	307.05	0	48.07
2010	11	3	20.937	5785.8726	306.8724	2.8724	 0.99	 0.09	171.92	 4.16	 4.97	 1.00	10.08	 1.79	337.63	281.25	329.86	240.16	307.17	0	48.03
2010	11	3	21.379	5785.8906	306.8908	2.8908	 0.96	 0.09	170.64	 4.51	 4.72	 1.00	10.10	 1.77	337.60	281.72	329.59	240.37	307.31	0	48.07
2010	11	3	21.586	5785.8994	306.8994	2.8994	 1.03	 0.07	180.38	 3.44	 2.48	 1.00	10.10	 1.88	337.63	281.97	330.13	239.64	307.36	0	47.93
2010	11	3	21.794	5785.9082	306.9081	2.9081	 0.98	 0.07	175.85	 3.53	 9.53	 0.99	10.10	 1.80	337.60	282.10	331.25	239.59	307.39	0	47.92
2010	11	3	22.001	5785.9165	306.9167	2.9167	 0.97	 0.09	172.36	 4.58	14.17	 0.99	10.08	 1.77	337.62	282.22	331.93	238.99	307.32	0	47.80
2010	11	3	22.209	5785.9253	306.9254	2.9254	 1.14	 0.08	179.20	 3.05	 8.12	 0.99	10.10	 2.00	337.62	282.36	328.83	237.94	307.38	0	47.59
2010	11	3	22.416	5785.9341	306.9340	2.9340	 1.15	 0.08	180.27	 2.82	 9.98	 0.99	10.10	 2.05	337.62	282.43	326.66	237.43	307.35	0	47.49
2010	11	3	22.623	5785.9429	306.9426	2.9426	 1.10	 0.09	179.60	 3.72	 4.53	 1.00	10.10	 1.97	337.60	282.46	330.41	237.17	307.41	0	47.43
2010	11	3	22.830	5785.9512	306.9513	2.9513	 1.04	 0.10	177.73	 4.72	 1.86	 1.00	10.08	 1.87	337.61	282.42	331.36	236.80	307.48	0	47.36
2010	11	3	23.065	5785.9609	306.9610	2.9610	 0.92	 0.10	176.14	 5.43	 7.20	 1.00	10.18	 1.79	337.59	282.40	332.45	236.71	307.55	0	47.34
2010	11	3	23.272	5785.9697	306.9697	2.9697	 0.94	 0.12	176.09	 6.21	 6.77	 1.00	10.10	 1.85	337.62	282.39	329.87	236.70	307.47	0	47.34
2010	11	3	23.480	5785.9785	306.9783	2.9783	 0.85	 0.08	170.81	 5.08	 7.22	 1.00	10.08	 1.72	337.59	282.39	331.36	236.70	307.37	0	47.34
2010	11	3	23.687	5785.9868	306.9870	2.9870	 0.94	 0.10	173.22	 5.23	 6.34	 1.00	10.10	 1.78	337.61	282.32	331.34	236.40	307.36	0	47.28
2010	11	3	23.895	5785.9956	306.9956	2.9956	 1.00	 0.10	169.75	 4.65	 6.16	 1.00	10.10	 1.81	337.60	282.23	330.24	236.13	307.40	0	47.23
2010	11	4	0.724	5786.0303	307.0302	3.0302	 0.95	 0.08	170.51	 4.01	11.74	 0.99	10.10	 1.79	337.63	281.72	329.65	234.92	307.29	0	46.98
2010	11	4	0.958	5786.0400	307.0399	3.0399	 0.94	 0.11	170.83	 5.72	11.45	 1.00	10.18	 1.74	337.60	281.48	332.71	234.44	307.29	0	46.89
2010	11	4	1.166	5786.0488	307.0486	3.0486	 0.73	 0.10	172.93	 8.45	 7.48	 1.00	10.10	 1.69	337.63	281.30	329.33	234.26	307.18	0	46.85
2010	11	4	1.374	5786.0571	307.0572	3.0572	 0.79	 0.10	169.22	 7.55	11.47	 1.00	10.10	 1.70	337.59	281.07	329.97	234.00	307.11	0	46.80
2010	11	4	1.581	5786.0659	307.0659	3.0659	 0.91	 0.10	170.67	 5.68	 4.38	 1.00	10.10	 1.76	337.62	280.80	329.58	233.65	307.08	0	46.73
2010	11	4	1.788	5786.0747	307.0745	3.0745	 0.93	 0.09	173.78	 4.87	13.85	 0.99	10.08	 1.82	337.60	280.51	327.70	233.44	306.99	0	46.69
2010	11	4	1.995	5786.0830	307.0831	3.0831	 1.02	 0.09	171.06	 3.89	 9.01	 1.00	10.10	 1.85	337.60	280.27	329.79	233.23	306.94	0	46.65
2010	11	4	2.203	5786.0918	307.0918	3.0918	 0.80	 0.09	168.61	 6.12	 8.16	 1.00	10.10	 1.69	337.62	280.06	330.91	233.11	306.90	0	46.62
2010	11	4	2.410	5786.1006	307.1004	3.1004	 0.97	 0.07	176.03	 3.36	 9.05	 0.99	10.10	 1.86	337.62	279.97	328.53	233.54	306.81	0	46.71
2010	11	4	2.617	5786.1089	307.1090	3.1091	 0.98	 0.09	174.85	 4.50	15.97	 0.99	10.08	 1.88	337.61	279.95	328.52	233.91	306.82	0	46.78
2010	11	4	2.852	5786.1187	307.1188	3.1188	 0.95	 0.07	168.48	 3.51	 0.60	 1.00	10.18	 1.81	337.61	279.86	328.16	233.70	306.88	0	46.74
2010	11	4	3.060	5786.1274	307.1275	3.1275	 0.77	 0.06	172.18	 4.47	14.30	 0.98	10.10	 1.69	337.60	279.71	332.14	233.44	306.82	0	46.69
2010	11	4	3.267	5786.1362	307.1361	3.1361	 0.88	 0.09	171.19	 5.54	 3.89	 1.00	10.10	 1.79	337.59	279.53	327.96	233.11	306.79	0	46.62
2010	11	4	3.474	5786.1445	307.1447	3.1448	 0.82	 0.07	172.34	 4.84	 3.48	 1.00	10.10	 1.80	337.62	279.30	325.86	232.91	306.79	0	46.58
2010	11	4	3.682	5786.1533	307.1534	3.1534	 0.74	 0.09	174.59	 7.21	 6.28	 1.00	10.08	 1.71	337.62	279.04	331.23	232.70	306.69	0	46.54
2010	11	4	4.304	5786.1792	307.1793	3.1793	 0.82	 0.09	164.65	 5.61	 4.02	 1.00	10.10	 1.71	337.63	278.38	327.87	232.27	306.56	0	46.45
2010	11	4	4.745	5786.1978	307.1977	3.1977	 0.80	 0.08	167.14	 5.55	 8.78	 1.00	10.18	 1.72	337.65	277.88	329.32	232.05	306.39	0	46.41
2010	11	4	5.575	5786.2324	307.2323	3.2323	 0.80	 0.11	162.29	 7.68	 5.90	 1.00	10.10	 1.68	337.73	277.56	330.72	232.29	305.97	0	46.46
2010	11	4	5.990	5786.2495	307.2496	3.2496	 0.69	 0.09	166.55	 7.82	 5.58	 1.00	10.08	 1.69	337.76	277.67	331.31	232.32	305.89	0	46.46
2010	11	4	6.197	5786.2583	307.2582	3.2582	 0.82	 0.11	164.29	 7.37	 3.80	 1.00	10.10	 1.78	337.77	277.79	328.90	232.52	305.89	0	46.50
2010	11	4	6.404	5786.2666	307.2668	3.2668	 0.88	 0.10	169.08	 6.12	10.20	 1.00	10.10	 1.89	337.80	278.00	326.00	232.88	305.94	0	46.58
2010	11	4	6.639	5786.2764	307.2766	3.2766	 0.82	 0.13	159.25	 8.04	 6.60	 1.00	10.18	 1.73	337.81	278.31	330.16	233.12	306.02	0	46.62
2010	11	4	8.298	5786.3457	307.3457	3.3457	 0.82	 0.08	159.99	 5.23	 1.68	 1.00	10.08	 1.75	337.85	278.97	329.63	232.27	306.29	0	46.45
2010	11	4	9.155	5786.3813	307.3814	3.3814	 0.74	 0.08	156.16	 5.85	 3.28	 1.00	10.10	 1.68	337.97	280.16	331.78	232.80	306.77	0	46.56
2010	11	4	10.634	5786.4429	307.4431	3.4431	 0.82	 0.10	152.70	 5.83	 9.00	 1.00	10.10	 1.70	338.00	282.09	332.75	238.72	307.86	0	47.74
2010	11	4	10.841	5786.4517	307.4517	3.4517	 0.82	 0.08	154.24	 4.90	11.74	 0.99	10.10	 1.71	337.99	282.33	333.18	239.41	308.00	0	47.88
2010	11	4	12.320	5786.5132	307.5133	3.5133	 0.92	 0.08	153.11	 4.15	 6.40	 1.00	10.18	 1.77	337.93	282.89	330.77	239.30	309.16	0	47.86
2010	11	4	13.358	5786.5566	307.5565	3.5566	 0.91	 0.12	157.67	 5.99	22.48	 0.99	10.10	 1.76	337.87	281.94	331.20	238.88	309.18	0	47.78
2010	11	4	13.979	5786.5825	307.5825	3.5825	 0.87	 0.13	161.37	 7.23	11.73	 1.00	10.10	 1.74	337.80	281.20	332.27	238.07	308.99	0	47.61
2010	11	4	15.459	5786.6440	307.6441	3.6441	 0.83	 0.09	164.96	 5.85	 6.90	 1.00	10.10	 1.72	337.69	279.07	330.49	235.52	308.12	0	47.10
2010	11	4	16.108	5786.6714	307.6711	3.6712	 0.83	 0.11	168.04	 7.12	 3.41	 1.00	10.18	 1.76	337.61	277.98	329.35	235.00	307.52	0	47.00
2010	11	4	16.938	5786.7056	307.7057	3.7058	 0.96	 0.07	169.45	 3.60	12.70	 0.99	10.10	 1.86	337.62	277.08	328.00	235.99	306.63	0	47.20
2010	11	4	17.145	5786.7144	307.7144	3.7144	 0.82	 0.10	174.65	 6.78	 6.88	 1.00	10.10	 1.81	337.62	277.00	327.76	236.18	306.47	0	47.24
2010	11	4	17.353	5786.7231	307.7230	3.7230	 0.92	 0.10	172.80	 5.33	10.12	 1.00	10.08	 1.81	337.62	276.95	331.47	236.31	306.29	0	47.26
2010	11	4	17.560	5786.7314	307.7317	3.7317	 0.85	 0.11	173.69	 6.85	17.59	 1.00	10.10	 1.83	337.65	276.90	326.83	236.26	306.17	0	47.25
2010	11	4	17.767	5786.7402	307.7403	3.7403	 0.85	 0.07	174.62	 4.86	11.94	 0.99	10.10	 1.84	337.60	276.87	329.04	236.17	306.03	0	47.23
2010	11	4	18.002	5786.7500	307.7501	3.7501	 0.82	 0.11	159.65	 6.65	 5.35	 1.00	10.18	 1.71	337.63	276.86	326.63	236.19	305.94	0	47.24
2010	11	4	18.210	5786.7588	307.7587	3.7587	 0.89	 0.12	165.17	 7.02	 3.35	 1.00	10.10	 1.81	337.62	276.88	325.13	236.42	305.80	0	47.28
2010	11	4	18.417	5786.7676	307.7674	3.7674	 0.88	 0.10	171.97	 5.78	 6.00	 1.00	10.10	 1.84	337.62	276.94	328.53	236.59	305.75	0	47.32
2010	11	4	18.625	5786.7759	307.7760	3.7760	 0.79	 0.11	168.37	 7.56	 7.72	 1.00	10.10	 1.71	337.60	277.01	330.12	236.43	305.66	0	47.29
2010	11	4	18.832	5786.7847	307.7847	3.7847	 0.76	 0.10	167.91	 7.60	 8.45	 1.00	10.10	 1.73	337.62	277.06	327.87	236.06	305.58	0	47.21
2010	11	4	19.039	5786.7935	307.7933	3.7933	 0.81	 0.10	171.40	 6.86	 3.51	 1.00	10.10	 1.82	337.63	277.10	326.62	236.03	305.50	0	47.21
2010	11	4	19.246	5786.8018	307.8019	3.8019	 0.78	 0.07	171.73	 5.63	 1.80	 1.00	10.10	 1.77	337.61	277.24	328.28	236.23	305.45	0	47.25
2010	11	4	19.454	5786.8105	307.8106	3.8106	 0.84	 0.06	172.50	 4.09	 3.77	 1.00	10.10	 1.80	337.62	277.29	327.99	235.69	305.39	0	47.14
2010	11	4	19.661	5786.8193	307.8192	3.8192	 0.86	 0.06	175.29	 4.13	 2.45	 1.00	10.10	 1.87	337.61	277.37	326.15	235.60	305.36	0	47.12
2010	11	4	19.896	5786.8291	307.8290	3.8290	 0.92	 0.09	169.84	 4.65	 9.20	 1.00	10.18	 1.86	337.62	277.55	326.28	235.85	305.35	0	47.17
2010	11	4	20.104	5786.8379	307.8376	3.8377	 0.85	 0.08	170.67	 5.32	 1.48	 1.00	10.10	 1.81	337.62	277.62	327.90	235.38	305.27	0	47.08
2010	11	4	20.311	5786.8462	307.8463	3.8463	 0.91	 0.08	171.76	 4.65	 4.01	 1.00	10.10	 1.84	337.59	277.70	329.24	235.06	305.21	0	47.01
2010	11	4	20.519	5786.8550	307.8549	3.8549	 0.82	 0.09	166.16	 5.91	26.88	 0.98	10.10	 1.76	337.61	277.81	328.73	235.32	305.11	0	47.06
2010	11	4	20.726	5786.8638	307.8636	3.8636	 0.95	 0.10	166.79	 5.21	 3.61	 1.00	10.10	 1.80	337.61	277.98	331.56	235.24	305.10	0	47.05
2010	11	4	20.933	5786.8721	307.8722	3.8722	 0.96	 0.09	168.31	 4.58	 4.12	 1.00	10.10	 1.88	337.62	278.14	325.57	235.10	305.06	0	47.02
2010	11	4	21.141	5786.8809	307.8809	3.8809	 0.77	 0.05	168.28	 3.78	 3.29	 1.00	10.08	 1.71	337.60	278.22	326.81	234.77	305.04	0	46.95
2010	11	4	21.348	5786.8896	307.8895	3.8895	 0.87	 0.07	171.05	 4.03	 4.71	 1.00	10.10	 1.80	337.61	278.30	329.08	234.58	305.01	0	46.92
2010	11	4	21.555	5786.8979	307.8981	3.8981	 0.91	 0.06	170.03	 3.50	16.40	 0.96	10.10	 1.81	337.62	278.43	329.21	234.45	304.98	0	46.89
2010	11	4	21.790	5786.9077	307.9079	3.9079	 0.96	 0.11	165.37	 5.23	23.12	 0.99	10.18	 1.80	337.59	278.46	327.61	234.13	305.03	0	46.83
2010	11	4	21.998	5786.9165	307.9166	3.9166	 0.90	 0.08	165.55	 4.25	10.55	 0.99	10.10	 1.77	337.60	278.51	327.25	233.82	304.91	0	46.76
2010	11	4	22.205	5786.9253	307.9252	3.9252	 0.86	 0.13	170.35	 8.04	 3.40	 1.00	10.10	 1.76	337.63	278.37	330.35	233.04	304.89	0	46.61
2010	11	4	22.413	5786.9341	307.9339	3.9339	 0.82	 0.07	169.50	 4.97	11.77	 0.99	10.10	 1.76	337.62	278.18	328.13	232.75	304.82	0	46.55
2010	11	4	22.620	5786.9424	307.9425	3.9425	 0.89	 0.10	167.58	 5.76	10.30	 1.00	10.10	 1.79	337.63	278.07	327.41	232.84	304.74	0	46.57
2010	11	4	22.827	5786.9512	307.9511	3.9511	 0.81	 0.11	165.96	 7.28	 6.66	 1.00	10.08	 1.69	337.65	277.97	331.98	232.72	304.75	0	46.54
2010	11	4	23.035	5786.9600	307.9598	3.9598	 1.00	 0.07	173.40	 3.50	 4.67	 1.00	10.10	 1.89	337.64	277.96	327.62	232.90	304.69	0	46.58
2010	11	4	23.242	5786.9683	307.9684	3.9684	 0.90	 0.08	168.90	 4.63	 5.15	 1.00	10.10	 1.80	337.65	277.93	325.87	232.86	304.67	0	46.57
2010	11	4	23.449	5786.9771	307.9771	3.9770	 0.87	 0.09	164.25	 5.46	14.88	 0.99	10.10	 1.69	337.63	277.88	330.52	232.73	304.66	0	46.55
2010	11	4	23.684	5786.9868	307.9868	3.9868	 1.00	 0.11	167.95	 4.85	 4.94	 1.00	10.18	 1.83	337.65	277.79	327.34	232.48	304.67	0	46.50
2010	11	4	23.892	5786.9956	307.9955	3.9955	 0.97	 0.15	170.01	 7.27	13.37	 1.00	10.10	 1.88	337.65	277.71	326.16	232.37	304.61	0	46.47
2010	11	5	0.099	5787.0039	308.0041	4.0041	 0.84	 0.12	172.28	 7.90	 3.39	 1.00	10.10	 1.79	337.63	277.62	327.25	232.34	304.56	0	46.47
2010	11	5	0.306	5787.0127	308.0128	4.0128	 0.96	 0.10	168.21	 5.23	12.45	 1.00	10.08	 1.80	337.64	277.54	325.28	232.13	304.55	0	46.43
2010	11	5	0.514	5787.0215	308.0214	4.0214	 0.96	 0.09	178.73	 4.55	 8.37	 1.00	10.10	 1.94	337.63	277.50	325.97	232.14	304.47	0	46.43
2010	11	5	0.928	5787.0386	308.0387	4.0387	 1.02	 0.08	169.73	 3.53	 5.29	 1.00	10.10	 1.84	337.66	277.46	325.82	232.04	304.43	0	46.41
2010	11	5	1.136	5787.0474	308.0473	4.0473	 0.95	 0.11	169.20	 5.70	 7.08	 1.00	10.08	 1.80	337.66	277.39	325.45	231.88	304.43	0	46.38
2010	11	5	1.343	5787.0562	308.0560	4.0560	 1.08	 0.10	174.58	 3.97	 7.55	 1.00	10.10	 1.93	337.65	277.28	325.84	231.63	304.42	0	46.33
2010	11	5	1.578	5787.0659	308.0657	4.0657	 0.91	 0.11	165.09	 6.06	 7.89	 1.00	10.18	 1.71	337.63	277.09	328.26	231.25	304.47	0	46.25
2010	11	5	1.785	5787.0742	308.0744	4.0744	 1.11	 0.09	176.65	 3.36	 9.81	 0.99	10.10	 1.97	337.66	277.03	326.23	231.24	304.41	0	46.25
2010	11	5	1.993	5787.0830	308.0830	4.0830	 0.82	 0.10	171.95	 6.90	 1.84	 1.00	10.10	 1.80	337.62	277.00	325.29	231.17	304.41	0	46.23
2010	11	5	2.408	5787.1001	308.1003	4.1003	 0.96	 0.09	172.25	 4.71	 6.34	 1.00	10.10	 1.87	337.63	276.96	325.63	230.89	304.36	0	46.18
2010	11	5	2.615	5787.1089	308.1089	4.1089	 0.99	 0.09	163.83	 4.20	15.09	 0.99	10.10	 1.80	337.60	276.92	325.72	230.91	304.32	0	46.18
2010	11	5	2.822	5787.1177	308.1176	4.1176	 0.83	 0.11	164.99	 7.29	 1.47	 1.00	10.10	 1.74	337.65	276.95	326.89	231.29	304.32	0	46.26
2010	11	5	3.029	5787.1260	308.1262	4.1262	 0.90	 0.09	171.47	 5.11	10.39	 1.00	10.08	 1.86	337.65	276.95	323.96	231.46	304.36	0	46.29
2010	11	5	3.236	5787.1348	308.1349	4.1348	 0.97	 0.14	170.69	 6.85	13.93	 1.00	10.10	 1.85	337.65	276.93	326.68	231.39	304.38	0	46.28
2010	11	5	3.679	5787.1533	308.1533	4.1533	 0.83	 0.10	176.37	 6.92	 1.30	 1.00	10.10	 1.84	337.66	276.80	326.24	231.09	304.45	0	46.22
2010	11	5	3.886	5787.1621	308.1619	4.1619	 0.88	 0.09	162.78	 5.09	 9.60	 1.00	10.10	 1.69	337.68	276.67	326.48	231.10	304.42	0	46.22
2010	11	5	4.094	5787.1704	308.1706	4.1706	 1.01	 0.10	165.95	 4.45	11.81	 1.00	10.08	 1.76	337.65	276.60	326.97	231.30	304.38	0	46.26
2010	11	5	4.301	5787.1792	308.1792	4.1792	 1.10	 0.10	167.32	 3.99	 3.93	 1.00	10.10	 1.86	337.69	276.54	324.52	231.34	304.42	0	46.27
2010	11	5	4.715	5787.1963	308.1965	4.1965	 1.14	 0.14	172.73	 5.06	 7.72	 1.00	10.10	 1.89	337.69	276.44	327.79	230.94	304.43	0	46.19
2010	11	5	4.923	5787.2051	308.2051	4.2051	 1.07	 0.09	168.03	 3.71	 2.67	 1.00	10.08	 1.81	337.69	276.32	324.74	230.80	304.38	0	46.16
2010	11	5	5.365	5787.2236	308.2235	4.2235	 1.15	 0.13	169.42	 4.68	11.50	 1.00	10.18	 1.84	337.75	276.28	325.96	230.88	304.38	0	46.18
2010	11	5	5.573	5787.2324	308.2322	4.2322	 1.15	 0.12	161.98	 4.07	 8.45	 1.00	10.10	 1.73	337.73	276.29	327.41	230.72	304.40	0	46.14
2010	11	5	5.780	5787.2407	308.2408	4.2408	 1.23	 0.14	165.05	 4.24	10.74	 1.00	10.10	 1.76	337.78	276.33	328.10	230.74	304.34	0	46.15
2010	11	5	5.987	5787.2495	308.2495	4.2495	 1.27	 0.10	169.77	 2.75	 4.54	 1.00	10.08	 1.90	337.80	276.50	325.77	231.03	304.32	0	46.21
2010	11	5	6.195	5787.2583	308.2581	4.2581	 1.18	 0.12	167.52	 3.99	 2.71	 1.00	10.10	 1.78	337.78	276.68	330.58	231.11	304.36	0	46.22
2010	11	5	7.024	5787.2925	308.2927	4.2927	 1.12	 0.14	163.21	 5.11	 8.70	 1.00	10.10	 1.77	337.80	277.03	327.61	231.05	304.51	0	46.21
2010	11	5	7.258	5787.3022	308.3024	4.3024	 1.13	 0.10	156.69	 3.34	 7.78	 1.00	10.18	 1.69	337.82	277.20	326.65	231.42	304.65	0	46.28
2010	11	5	7.466	5787.3110	308.3111	4.3111	 1.16	 0.09	159.18	 2.99	 1.94	 1.00	10.10	 1.76	337.88	277.51	324.96	231.76	304.78	0	46.35
2010	11	5	7.674	5787.3198	308.3197	4.3197	 1.16	 0.13	162.15	 4.15	 5.96	 1.00	10.10	 1.75	337.88	277.74	329.84	231.67	304.94	0	46.33
2010	11	5	7.881	5787.3281	308.3284	4.3284	 1.19	 0.12	175.97	 3.92	 3.49	 1.00	10.08	 1.90	337.87	277.87	329.29	231.46	305.01	0	46.29
2010	11	5	8.088	5787.3369	308.3370	4.3370	 1.09	 0.14	160.86	 5.15	25.69	 0.99	10.10	 1.74	337.86	278.04	328.33	231.40	305.09	0	46.28
2010	11	5	8.502	5787.3545	308.3543	4.3543	 1.04	 0.11	160.58	 4.58	13.50	 1.00	10.10	 1.70	337.86	278.29	328.57	231.46	305.29	0	46.29
2010	11	5	8.710	5787.3628	308.3629	4.3629	 1.23	 0.13	162.96	 3.87	 5.09	 1.00	10.08	 1.77	337.88	278.40	329.81	231.39	305.36	0	46.28
2010	11	5	9.360	5787.3901	308.3900	4.3900	 1.31	 0.15	150.14	 3.53	 5.50	 1.00	10.10	 1.70	337.92	278.73	328.27	231.59	305.61	0	46.32
2010	11	5	9.567	5787.3984	308.3986	4.3986	 1.25	 0.13	156.14	 3.46	 7.65	 1.00	10.10	 1.77	337.93	278.83	325.47	232.01	305.65	0	46.40
2010	11	5	9.982	5787.4160	308.4159	4.4159	 1.10	 0.14	153.93	 4.94	 5.63	 1.00	10.10	 1.68	337.94	279.12	328.94	233.08	305.79	0	46.62
2010	11	5	10.396	5787.4331	308.4332	4.4332	 1.09	 0.08	162.85	 2.97	 1.94	 1.00	10.10	 1.81	337.92	279.47	325.49	234.90	306.00	0	46.98
2010	11	5	10.811	5787.4507	308.4504	4.4505	 1.22	 0.15	161.71	 4.44	18.33	 1.00	10.10	 1.83	337.92	279.85	326.71	236.00	306.28	0	47.20
2010	11	5	11.045	5787.4604	308.4602	4.4602	 1.18	 0.10	152.95	 2.94	 6.45	 1.00	10.18	 1.72	338.00	280.24	327.38	237.21	306.49	0	47.44
2010	11	5	13.354	5787.5566	308.5564	4.5564	 1.34	 0.11	175.29	 2.84	 8.86	 1.00	10.10	 1.97	337.89	280.39	330.61	236.98	307.53	0	47.40
2010	11	5	13.561	5787.5649	308.5651	4.5651	 1.18	 0.15	159.35	 4.61	 6.19	 1.00	10.08	 1.71	337.88	280.34	330.53	237.70	307.58	0	47.54
2010	11	5	13.769	5787.5737	308.5737	4.5737	 1.12	 0.12	160.47	 4.29	13.28	 1.00	10.10	 1.70	337.86	280.30	330.99	237.48	307.58	0	47.50
2010	11	5	13.976	5787.5825	308.5823	4.5823	 1.09	 0.11	160.69	 4.20	 7.01	 1.00	10.10	 1.69	337.83	280.18	330.41	236.99	307.59	0	47.40
2010	11	5	14.833	5787.6182	308.6180	4.6180	 1.04	 0.09	168.78	 3.75	 5.53	 1.00	10.18	 1.74	337.73	279.09	329.55	236.52	307.39	0	47.30
2010	11	5	15.040	5787.6265	308.6267	4.6267	 1.07	 0.09	169.02	 3.43	 5.02	 1.00	10.10	 1.80	337.74	278.94	328.68	236.67	307.31	0	47.33
2010	11	5	15.248	5787.6353	308.6353	4.6353	 1.24	 0.11	170.79	 3.45	 6.08	 1.00	10.10	 1.82	337.74	278.80	328.79	235.34	307.22	0	47.07
2010	11	5	15.455	5787.6440	308.6440	4.6440	 1.09	 0.10	168.63	 4.00	 6.57	 1.00	10.08	 1.72	337.73	278.59	331.73	234.72	307.14	0	46.94
2010	11	5	16.284	5787.6787	308.6785	4.6785	 1.20	 0.13	174.40	 4.42	11.90	 1.00	10.08	 1.91	337.67	277.82	326.95	237.08	306.49	0	47.42
2010	11	5	16.491	5787.6870	308.6871	4.6871	 1.13	 0.09	171.67	 3.21	13.62	 0.99	10.10	 1.93	337.67	277.80	323.63	237.55	306.40	0	47.51
2010	11	5	16.726	5787.6968	308.6969	4.6969	 1.19	 0.14	172.06	 4.63	 9.46	 1.00	10.18	 1.87	337.67	277.82	328.24	238.15	306.31	0	47.63
2010	11	5	16.934	5787.7056	308.7056	4.7056	 1.13	 0.12	171.31	 4.24	16.10	 0.99	10.10	 1.84	337.66	277.87	328.41	239.55	306.25	0	47.91
2010	11	5	17.141	5787.7144	308.7142	4.7142	 1.07	 0.07	171.83	 2.80	 6.92	 0.99	10.10	 1.80	337.62	277.85	327.38	239.14	306.23	0	47.83
2010	11	5	17.349	5787.7227	308.7229	4.7229	 1.03	 0.09	169.30	 3.77	10.88	 0.99	10.08	 1.75	337.63	277.77	328.10	238.07	306.22	0	47.61
2010	11	5	17.556	5787.7314	308.7315	4.7315	 1.12	 0.11	179.94	 4.17	 1.82	 1.00	10.10	 1.96	337.61	277.72	327.71	237.88	306.18	0	47.58
2010	11	5	17.763	5787.7402	308.7401	4.7401	 0.88	 0.12	169.89	 7.43	 6.90	 1.00	10.10	 1.69	337.63	277.73	330.07	238.16	306.10	0	47.63
2010	11	5	17.970	5787.7485	308.7487	4.7488	 1.12	 0.09	172.35	 3.40	 5.69	 1.00	10.10	 1.89	337.60	277.80	325.70	238.29	306.02	0	47.66
2010	11	5	18.178	5787.7573	308.7574	4.7574	 0.90	 0.09	173.56	 5.43	 6.30	 1.00	10.08	 1.72	337.63	277.81	330.82	237.80	305.99	0	47.56
2010	11	5	18.385	5787.7661	308.7661	4.7661	 0.94	 0.08	169.64	 4.38	 9.81	 1.00	10.10	 1.77	337.59	277.82	327.22	237.44	305.88	0	47.49
2010	11	5	18.620	5787.7759	308.7758	4.7758	 0.90	 0.08	167.94	 4.54	 9.70	 1.00	10.18	 1.69	337.61	277.91	330.91	237.37	305.90	0	47.47
2010	11	5	18.827	5787.7847	308.7845	4.7845	 0.90	 0.09	177.07	 5.17	11.56	 1.00	10.10	 1.85	337.62	277.98	327.36	236.89	305.80	0	47.38
2010	11	5	19.035	5787.7930	308.7931	4.7931	 0.83	 0.09	174.13	 6.25	14.05	 1.00	10.10	 1.83	337.64	278.04	329.34	236.56	305.67	0	47.31
2010	11	5	19.242	5787.8018	308.8018	4.8018	 0.84	 0.11	173.70	 7.28	15.56	 1.00	10.08	 1.79	337.63	278.10	332.25	236.43	305.56	0	47.29
2010	11	5	19.450	5787.8105	308.8104	4.8104	 0.86	 0.12	172.97	 7.27	12.36	 1.00	10.10	 1.84	337.62	278.15	329.89	236.39	305.48	0	47.28
2010	11	5	19.657	5787.8188	308.8190	4.8190	 0.95	 0.07	172.84	 3.87	11.52	 0.99	10.10	 1.88	337.64	278.27	326.68	236.92	305.34	0	47.38
2010	11	5	19.864	5787.8276	308.8277	4.8277	 1.02	 0.10	171.07	 4.46	 4.30	 1.00	10.10	 1.92	337.61	278.43	329.30	236.94	305.30	0	47.39
2010	11	5	20.071	5787.8364	308.8363	4.8363	 0.96	 0.09	171.17	 4.73	 0.61	 1.00	10.08	 1.84	337.61	278.52	329.96	236.30	305.28	0	47.26
2010	11	5	20.279	5787.8447	308.8449	4.8449	 0.83	 0.10	177.54	 7.01	16.09	 1.00	10.10	 1.92	337.62	278.57	326.48	235.92	305.26	0	47.18
2010	11	5	20.513	5787.8545	308.8547	4.8547	 0.83	 0.08	169.71	 4.93	 3.13	 1.00	10.18	 1.76	337.63	278.71	328.17	236.02	305.27	0	47.20
2010	11	5	20.721	5787.8633	308.8634	4.8634	 0.78	 0.08	167.03	 6.05	29.06	 0.97	10.10	 1.80	337.64	278.80	324.30	235.95	305.19	0	47.19
2010	11	5	21.136	5787.8809	308.8806	4.8807	 0.84	 0.10	171.46	 6.57	 8.30	 1.00	10.08	 1.77	337.64	279.05	330.35	236.22	305.18	0	47.24
2010	11	5	21.343	5787.8892	308.8893	4.8893	 0.90	 0.09	174.31	 5.35	 9.21	 1.00	10.10	 1.86	337.63	279.21	327.32	236.13	305.18	0	47.23
2010	11	5	21.550	5787.8979	308.8979	4.8979	 0.96	 0.10	171.98	 5.19	 3.92	 1.00	10.10	 1.90	337.64	279.32	327.75	235.57	305.18	0	47.11
2010	11	5	21.757	5787.9067	308.9066	4.9066	 0.89	 0.11	167.27	 6.05	14.67	 1.00	10.10	 1.82	337.63	279.42	327.32	235.72	305.19	0	47.14
2010	11	5	21.965	5787.9150	308.9152	4.9152	 0.88	 0.10	169.77	 6.02	 7.34	 1.00	10.08	 1.81	337.65	279.61	329.50	235.95	305.23	0	47.19
2010	11	5	22.173	5787.9238	308.9239	4.9239	 0.77	 0.06	165.73	 4.77	12.74	 0.99	10.10	 1.72	337.65	279.77	325.73	235.92	305.27	0	47.18
2010	11	5	22.407	5787.9336	308.9336	4.9336	 0.77	 0.07	167.98	 5.62	 5.16	 1.00	10.18	 1.71	337.64	279.99	329.06	236.01	305.41	0	47.20
2010	11	5	22.615	5787.9424	308.9423	4.9423	 0.92	 0.06	176.52	 3.63	 1.10	 1.00	10.10	 1.95	337.64	280.20	327.63	236.29	305.43	0	47.26
2010	11	5	22.822	5787.9507	308.9509	4.9509	 0.86	 0.06	168.49	 3.68	 2.32	 1.00	10.10	 1.80	337.66	280.46	326.76	237.40	305.49	0	47.48
2010	11	5	23.029	5787.9595	308.9596	4.9596	 0.94	 0.06	170.45	 3.19	 4.59	 1.00	10.08	 1.89	337.65	280.78	325.91	238.08	305.62	0	47.62
2010	11	5	23.237	5787.9683	308.9682	4.9682	 1.03	 0.04	174.31	 1.84	 3.33	 0.99	10.10	 2.02	337.63	280.90	325.14	236.70	305.78	0	47.34
2010	11	5	23.444	5787.9771	308.9768	4.9768	 0.90	 0.10	176.15	 5.80	16.52	 1.00	10.10	 1.90	337.61	280.82	330.23	235.38	305.82	0	47.08
2010	11	5	23.651	5787.9854	308.9855	4.9855	 0.88	 0.08	170.82	 4.53	 6.76	 1.00	10.10	 1.90	337.61	280.80	326.33	235.31	305.85	0	47.06
2010	11	6	0.066	5788.0029	309.0027	5.0027	 0.88	 0.10	167.34	 6.02	 5.85	 1.00	10.10	 1.84	337.62	280.82	325.85	234.85	305.80	0	46.97
2010	11	6	0.301	5788.0127	309.0125	5.0125	 0.80	 0.10	169.19	 7.10	 6.00	 1.00	10.18	 1.83	337.62	280.66	328.46	234.19	305.87	0	46.84
2010	11	6	0.509	5788.0210	309.0212	5.0212	 0.79	 0.13	162.09	 9.27	22.01	 1.00	10.10	 1.74	337.63	280.46	330.86	233.50	305.81	0	46.70
2010	11	6	0.716	5788.0298	309.0298	5.0298	 0.66	 0.07	183.56	 7.89	 2.09	 1.00	10.10	 1.80	337.62	280.23	330.57	233.10	305.67	0	46.62
2010	11	6	0.923	5788.0386	309.0385	5.0385	 0.76	 0.12	166.28	 8.71	 6.29	 1.00	10.08	 1.79	337.64	280.00	327.14	232.82	305.57	0	46.56
2010	11	6	1.337	5788.0557	309.0557	5.0557	 0.77	 0.09	174.54	 7.14	 5.25	 1.00	10.10	 1.88	337.64	279.51	327.88	232.25	305.34	0	46.45
2010	11	6	1.752	5788.0732	309.0730	5.0730	 0.75	 0.08	172.43	 6.02	 1.91	 1.00	10.08	 1.83	337.63	278.94	328.44	231.86	305.13	0	46.37
2010	11	6	1.960	5788.0815	309.0817	5.0817	 0.74	 0.10	169.25	 8.43	19.31	 1.00	10.10	 1.80	337.63	278.72	328.22	231.71	305.01	0	46.34
2010	11	6	2.194	5788.0913	309.0914	5.0914	 0.75	 0.08	172.11	 6.78	11.56	 1.00	10.18	 1.86	337.66	278.49	327.52	231.64	305.02	0	46.33
2010	11	6	2.402	5788.1001	309.1001	5.1001	 0.73	 0.12	168.69	10.01	 5.17	 1.00	10.08	 1.80	337.65	278.23	326.26	231.60	304.90	0	46.32
2010	11	6	2.609	5788.1089	309.1087	5.1087	 0.65	 0.07	170.27	 7.23	10.72	 1.00	10.10	 1.74	337.65	278.01	327.42	231.47	304.81	0	46.29
2010	11	6	3.231	5788.1348	309.1346	5.1346	 0.72	 0.09	174.88	 7.44	 4.98	 1.00	10.08	 1.86	337.62	277.20	327.24	230.94	304.47	0	46.19
2010	11	6	3.439	5788.1431	309.1433	5.1433	 0.73	 0.13	174.20	11.32	 4.83	 1.00	10.10	 1.80	337.66	276.93	329.82	230.88	304.28	0	46.18
2010	11	6	3.646	5788.1519	309.1519	5.1519	 0.80	 0.10	173.23	 6.86	10.97	 1.00	10.10	 1.94	337.66	276.65	324.82	230.96	304.12	0	46.19
2010	11	6	4.088	5788.1704	309.1703	5.1703	 0.69	 0.09	179.04	 9.09	 6.10	 1.00	10.18	 1.83	337.68	276.09	327.48	230.94	303.89	0	46.19
2010	11	6	4.295	5788.1792	309.1790	5.1790	 0.80	 0.08	177.92	 6.17	 4.28	 1.00	10.10	 1.95	337.68	275.87	325.78	230.89	303.72	0	46.18
2010	11	6	4.503	5788.1875	309.1876	5.1876	 0.67	 0.11	163.06	10.52	16.96	 1.00	10.10	 1.72	337.69	275.67	326.86	230.93	303.62	0	46.19
2010	11	6	4.710	5788.1963	309.1963	5.1962	 0.82	 0.11	163.54	 7.23	 4.45	 1.00	10.08	 1.81	337.69	275.49	328.02	231.00	303.49	0	46.20
2010	11	6	4.918	5788.2051	309.2049	5.2049	 0.68	 0.10	165.91	 9.40	18.96	 1.00	10.10	 1.74	337.74	275.38	327.01	230.84	303.34	0	46.17
2010	11	6	5.125	5788.2134	309.2135	5.2135	 0.73	 0.10	174.29	 8.94	 5.65	 1.00	10.10	 1.84	337.76	275.25	326.18	230.85	303.22	0	46.17
2010	11	6	5.332	5788.2222	309.2222	5.2222	 0.72	 0.09	172.50	 7.77	13.79	 1.00	10.10	 1.82	337.76	275.18	330.41	230.91	303.12	0	46.18
2010	11	6	5.539	5788.2310	309.2308	5.2308	 0.62	 0.11	165.53	11.36	19.25	 1.00	10.08	 1.72	337.77	275.16	329.76	230.95	303.02	0	46.19
2010	11	6	5.981	5788.2490	309.2492	5.2492	 0.58	 0.09	162.25	10.52	 5.78	 1.00	10.18	 1.70	337.84	275.26	324.80	231.19	302.91	0	46.24
2010	11	6	6.604	5788.2754	309.2751	5.2752	 0.69	 0.10	155.54	 8.19	 7.81	 1.00	10.08	 1.77	337.88	275.74	322.86	231.17	303.03	0	46.23
2010	11	6	6.811	5788.2837	309.2838	5.2838	 0.73	 0.09	159.87	 7.07	 7.98	 1.00	10.10	 1.80	337.89	275.91	326.82	231.03	303.04	0	46.21
2010	11	6	7.433	5788.3096	309.3097	5.3097	 0.73	 0.12	156.16	 9.12	11.06	 1.00	10.08	 1.79	337.97	276.34	328.11	230.93	303.02	0	46.19
2010	11	6	7.640	5788.3184	309.3184	5.3183	 0.65	 0.10	157.70	 9.42	 6.12	 1.00	10.10	 1.76	337.96	276.44	325.91	230.98	302.99	0	46.20
2010	11	6	7.875	5788.3281	309.3281	5.3281	 0.66	 0.09	156.82	 8.62	 6.16	 1.00	10.18	 1.75	338.05	276.59	326.68	231.18	302.89	0	46.24
2010	11	6	8.083	5788.3369	309.3368	5.3368	 0.76	 0.11	154.91	 7.74	 9.43	 1.00	10.10	 1.86	338.02	276.75	324.21	231.33	303.04	0	46.27
2010	11	6	8.705	5788.3628	309.3627	5.3627	 0.78	 0.10	153.34	 6.67	10.65	 1.00	10.10	 1.81	338.08	277.32	325.58	231.59	303.28	0	46.32
2010	11	6	9.119	5788.3799	309.3800	5.3800	 0.71	 0.10	152.13	 8.20	10.96	 1.00	10.10	 1.79	338.08	277.84	324.77	231.85	303.57	0	46.37
2010	11	6	9.326	5788.3887	309.3886	5.3886	 0.72	 0.08	157.30	 6.12	 7.64	 1.00	10.08	 1.82	338.09	278.06	327.92	232.12	303.75	0	46.42
2010	11	6	9.768	5788.4072	309.4070	5.4070	 0.81	 0.13	142.64	 7.42	16.50	 1.00	10.18	 1.78	338.13	278.49	328.35	233.12	304.04	0	46.62
2010	11	6	9.976	5788.4155	309.4157	5.4157	 0.74	 0.08	148.51	 5.69	 8.75	 1.00	10.10	 1.81	338.11	278.68	328.22	234.04	304.20	0	46.81
2010	11	6	10.184	5788.4243	309.4243	5.4243	 0.59	 0.10	157.21	11.09	23.48	 0.99	10.10	 1.73	338.07	278.83	331.10	234.76	304.38	0	46.95
2010	11	6	10.391	5788.4331	309.4330	5.4330	 0.68	 0.07	159.87	 6.72	21.71	 0.98	10.08	 1.85	338.17	278.97	327.09	235.12	304.47	0	47.02
2010	11	6	10.598	5788.4414	309.4416	5.4416	 0.59	 0.12	150.35	12.93	 4.82	 1.00	10.10	 1.70	338.11	279.12	327.04	235.27	304.60	0	47.05
2010	11	6	10.805	5788.4502	309.4502	5.4502	 0.84	 0.10	154.39	 5.87	 9.80	 1.00	10.10	 1.95	338.16	279.24	326.87	235.39	304.71	0	47.08
2010	11	6	11.012	5788.4590	309.4589	5.4589	 0.69	 0.09	148.35	 7.51	 5.54	 1.00	10.10	 1.76	338.15	279.34	329.69	235.70	304.81	0	47.14
2010	11	6	11.220	5788.4673	309.4675	5.4675	 0.62	 0.11	155.56	10.76	10.61	 1.00	10.08	 1.75	338.11	279.43	325.71	235.96	304.95	0	47.19
2010	11	6	11.427	5788.4761	309.4761	5.4761	 0.71	 0.09	143.08	 6.83	20.59	 0.99	10.10	 1.72	338.12	279.54	328.90	236.68	305.02	0	47.34
2010	11	6	11.662	5788.4858	309.4859	5.4859	 0.61	 0.08	150.98	 7.99	19.03	 0.99	10.18	 1.71	338.10	279.68	328.32	236.68	305.13	0	47.34
2010	11	6	11.870	5788.4946	309.4946	5.4946	 0.78	 0.09	163.59	 6.36	19.40	 0.99	10.10	 1.97	338.09	279.67	326.71	236.48	305.29	0	47.30
2010	11	6	12.284	5788.5117	309.5118	5.5119	 0.68	 0.11	152.14	 9.08	12.29	 1.00	10.08	 1.74	338.04	279.46	326.81	236.45	305.41	0	47.29
2010	11	6	12.906	5788.5376	309.5378	5.5378	 0.77	 0.11	158.72	 7.47	 0.91	 1.00	10.10	 1.83	337.91	279.12	325.87	235.74	305.52	0	47.15
2010	11	6	13.114	5788.5464	309.5464	5.5464	 0.61	 0.07	171.61	 7.92	22.72	 0.98	10.08	 1.82	337.90	278.86	327.61	235.45	305.40	0	47.09
2010	11	6	13.321	5788.5552	309.5550	5.5550	 0.76	 0.09	162.10	 6.44	10.63	 1.00	10.10	 1.89	337.89	278.75	324.81	235.72	305.31	0	47.14
2010	11	6	13.556	5788.5649	309.5648	5.5648	 0.68	 0.11	168.31	10.24	 3.78	 1.00	10.18	 1.83	337.92	278.72	327.15	236.50	305.24	0	47.30
2010	11	6	13.971	5788.5820	309.5821	5.5821	 0.72	 0.10	167.02	 8.63	14.77	 1.00	10.10	 1.69	337.91	278.65	330.26	236.88	305.36	0	47.38
2010	11	6	14.178	5788.5908	309.5908	5.5908	 0.94	 0.09	171.72	 4.65	12.14	 1.00	10.08	 1.87	337.88	278.58	329.22	236.89	305.41	0	47.38
2010	11	6	14.385	5788.5996	309.5994	5.5994	 0.84	 0.08	173.37	 5.53	 2.37	 1.00	10.10	 1.80	337.86	278.41	330.68	236.83	305.39	0	47.37
2010	11	6	14.592	5788.6079	309.6080	5.6080	 0.73	 0.09	173.31	 7.57	11.04	 1.00	10.10	 1.75	337.84	278.23	327.92	236.79	305.36	0	47.36
2010	11	6	14.800	5788.6167	309.6167	5.6167	 0.77	 0.10	171.97	 7.88	 2.89	 1.00	10.10	 1.78	337.84	278.05	324.99	236.70	305.31	0	47.34
2010	11	6	15.007	5788.6255	309.6253	5.6253	 0.74	 0.09	171.52	 7.36	14.87	 1.00	10.08	 1.81	337.82	277.86	324.96	236.61	305.23	0	47.32
2010	11	6	15.449	5788.6436	309.6437	5.6437	 0.73	 0.11	168.92	 9.22	12.99	 1.00	10.18	 1.69	337.82	277.38	331.22	235.70	303.34	0	47.14
2010	11	6	15.864	5788.6611	309.6610	5.6610	 0.85	 0.11	171.78	 7.20	 5.02	 1.00	10.10	 1.81	337.73	276.95	325.69	235.47	304.80	0	47.09
2010	11	6	16.279	5788.6782	309.6783	5.6783	 1.04	 0.13	171.86	 5.47	 9.37	 1.00	10.10	 1.81	337.75	276.38	328.88	234.50	304.56	0	46.90
2010	11	6	16.694	5788.6958	309.6956	5.6956	 0.75	 0.11	181.27	 9.04	10.06	 1.00	10.10	 1.69	337.71	276.01	331.56	234.30	304.25	0	46.86
2010	11	6	16.901	5788.7041	309.7042	5.7042	 1.05	 0.11	174.79	 4.56	20.68	 0.99	10.08	 1.95	337.74	275.89	325.22	234.32	304.19	0	46.86
2010	11	6	17.108	5788.7129	309.7128	5.7128	 0.77	 0.09	175.89	 7.50	11.18	 1.00	10.10	 1.74	337.73	275.85	325.79	234.35	304.06	0	46.87
2010	11	6	17.551	5788.7314	309.7313	5.7313	 0.96	 0.11	177.20	 5.89	 7.62	 1.00	10.08	 1.85	337.77	275.84	329.58	234.50	304.00	0	46.90
2010	11	6	17.758	5788.7397	309.7399	5.7399	 1.02	 0.10	179.37	 4.91	28.73	 0.98	10.10	 1.92	337.75	275.89	326.97	234.50	303.90	0	46.90
2010	11	6	17.965	5788.7485	309.7486	5.7486	 0.91	 0.12	179.57	 6.74	24.94	 1.00	10.10	 1.88	337.75	275.93	326.40	234.69	303.87	0	46.94
2010	11	6	18.380	5788.7656	309.7658	5.7658	 0.74	 0.11	175.39	 9.36	15.85	 1.00	10.08	 1.74	337.76	275.99	328.03	234.88	303.75	0	46.98
2010	11	6	18.587	5788.7744	309.7744	5.7745	 0.98	 0.16	162.38	 7.32	 9.33	 1.00	10.10	 1.78	337.73	276.02	326.87	234.93	303.76	0	46.99
2010	11	6	19.444	5788.8101	309.8102	5.8102	 0.71	 0.10	175.04	 9.21	19.03	 1.00	10.08	 1.73	337.76	276.20	328.55	235.23	303.50	0	47.05
2010	11	6	19.859	5788.8276	309.8275	5.8274	 0.75	 0.18	163.77	13.36	39.69	 1.00	10.10	 1.68	337.77	276.27	326.49	235.27	303.37	0	47.05
2010	11	6	20.273	5788.8447	309.8447	5.8447	 0.91	 0.21	169.75	11.37	 7.86	 1.00	10.08	 1.82	337.81	276.30	323.99	235.49	303.26	0	47.10
2010	11	6	21.130	5788.8804	309.8804	5.8804	 0.85	 0.12	164.37	 7.10	 6.35	 1.00	10.18	 1.68	337.78	276.46	325.66	235.95	303.37	0	47.19
2010	11	6	21.545	5788.8979	309.8977	5.8977	 0.97	 0.17	171.17	 8.43	21.94	 1.00	10.10	 1.87	337.73	276.65	325.41	236.42	303.40	0	47.28
2010	11	6	21.753	5788.9062	309.9063	5.9064	 1.05	 0.14	181.98	 6.49	17.41	 1.00	10.10	 2.06	337.74	276.75	324.01	236.61	303.56	0	47.32
2010	11	6	22.167	5788.9238	309.9236	5.9236	 0.87	 0.16	166.41	 9.50	13.59	 1.00	10.08	 1.83	337.74	276.95	320.41	236.50	303.65	0	47.30
2010	11	6	23.439	5788.9766	309.9766	5.9766	 0.91	 0.16	180.87	 9.31	20.61	 1.00	10.10	 1.84	337.90	277.68	324.02	236.75	303.17	0	47.35
2010	11	7	0.268	5789.0112	310.0112	6.0112	 1.27	 0.18	184.62	 5.58	 9.94	 1.00	10.10	 2.06	337.89	277.90	326.80	236.99	303.42	0	47.40
2010	11	7	0.683	5789.0283	310.0284	6.0284	 1.25	 0.13	187.35	 4.41	13.69	 1.00	10.10	 2.16	337.91	277.99	321.83	237.10	303.39	0	47.42
2010	11	7	1.125	5789.0469	310.0469	6.0469	 1.07	 0.18	162.40	 6.99	 9.06	 1.00	10.10	 1.72	337.86	277.81	324.49	237.12	303.66	0	47.42
2010	11	7	1.332	5789.0557	310.0555	6.0555	 1.05	 0.16	178.27	 7.18	 3.23	 1.00	10.10	 1.80	337.83	277.71	323.21	237.06	303.72	0	47.41
2010	11	7	2.161	5789.0898	310.0901	6.0901	 1.29	 0.15	179.90	 4.48	35.97	 0.98	10.10	 1.86	337.89	278.02	328.03	237.90	303.84	0	47.58
2010	11	7	2.576	5789.1074	310.1073	6.1073	 1.32	 0.26	182.29	 7.32	26.31	 1.00	10.10	 1.83	337.90	278.12	327.13	238.12	304.05	0	47.62
2010	11	7	2.810	5789.1172	310.1171	6.1171	 1.88	 0.39	183.40	 5.21	26.01	 1.00	10.18	 1.91	337.91	278.13	327.70	238.19	304.21	0	47.64
2010	11	7	3.018	5789.1260	310.1258	6.1258	 1.55	 0.26	185.31	 5.34	 5.06	 1.00	10.08	 1.94	337.91	278.10	322.00	238.20	304.23	0	47.64
2010	11	7	3.847	5789.1602	310.1603	6.1603	 1.38	 0.29	178.79	 7.53	46.34	 1.00	10.08	 1.72	337.90	278.27	328.16	238.65	304.34	0	47.73
2010	11	7	5.326	5789.2222	310.2219	6.2219	 2.45	 0.66	190.82	 4.66	24.14	 1.00	10.08	 1.82	337.87	279.32	332.20	239.26	303.97	0	47.85
2010	11	7	5.741	5789.2393	310.2392	6.2392	 3.36	 1.18	176.24	 2.87	40.64	 0.97	10.10	 1.78	337.84	279.54	322.84	239.58	303.87	0	47.92
2010	11	7	6.156	5789.2563	310.2565	6.2565	 2.49	 0.49	189.73	 3.30	11.47	 1.00	10.08	 1.93	337.84	279.55	325.64	239.96	304.08	0	47.99
2010	11	7	7.842	5789.3267	310.3268	6.3267	 3.45	 1.47	186.17	 3.41	10.27	 1.00	10.10	 1.70	337.81	279.40	336.16	240.24	304.66	0	48.05
2010	11	7	8.699	5789.3623	310.3625	6.3625	 3.12	 1.21	185.74	 4.01	31.81	 1.00	10.10	 1.77	337.86	279.71	330.33	240.95	305.04	0	48.19
2010	11	7	8.906	5789.3711	310.3711	6.3711	 2.96	 0.69	194.47	 2.83	 5.58	 1.00	10.10	 2.09	337.87	279.80	323.67	240.95	305.17	0	48.19
2010	11	7	9.321	5789.3882	310.3884	6.3884	17.50	1874175.91	187.21	 3.34	34.93	 0.99	10.10	 2.02	337.84	280.00	321.90	241.10	305.20	0	48.22
2010	11	7	9.528	5789.3970	310.3970	6.3970	 2.06	 0.47	181.55	 4.92	22.76	 1.00	10.10	 1.71	337.87	280.13	323.98	241.27	305.17	0	48.25
2010	11	7	9.943	5789.4141	310.4143	6.4143	 2.83	 1.28	189.18	 5.85	 8.26	 1.00	10.08	 2.04	337.88	280.35	322.03	241.46	305.25	0	48.29
