1999	8	1	0.288	1673.0120	212.0120	0.0120	 1.00	 0.02	199.66	 0.88	 4.43	 0.61	10.35	 2.31	336.72	289.82	303.28	265.12	299.04	0	53.02
1999	8	1	0.499	1673.0208	212.0208	0.0208	 0.93	 0.02	200.73	 1.11	 3.90	 0.81	10.30	 2.34	336.75	289.38	301.84	265.66	298.49	0	53.13
1999	8	1	0.709	1673.0295	212.0295	0.0295	 0.92	 0.02	201.11	 1.31	 3.31	 0.92	10.25	 2.32	336.76	289.00	302.33	265.87	298.01	0	53.17
1999	8	1	0.919	1673.0383	212.0383	0.0383	 0.95	 0.02	200.68	 1.30	 4.82	 0.86	10.28	 2.35	336.72	288.59	302.33	265.01	297.52	0	53.00
1999	8	1	1.129	1673.0470	212.0470	0.0470	 0.91	 0.03	201.48	 2.04	 3.41	 0.99	10.30	 2.34	336.75	288.19	301.61	264.29	297.02	0	52.86
1999	8	1	1.340	1673.0558	212.0558	0.0558	 0.91	 0.01	197.47	 0.87	 5.92	 0.31	10.28	 2.30	336.69	287.76	300.93	263.89	296.50	0	52.78
1999	8	1	1.550	1673.0646	212.0646	0.0646	 0.87	 0.02	200.58	 1.35	 7.30	 0.65	10.28	 2.33	336.69	287.40	300.20	264.00	296.08	0	52.80
1999	8	1	1.760	1673.0734	212.0733	0.0733	 0.79	 0.02	204.87	 1.41	 1.70	 0.97	10.28	 2.30	336.67	287.09	298.56	264.21	295.86	0	52.84
1999	8	1	1.971	1673.0822	212.0821	0.0821	 0.88	 0.02	197.83	 1.31	 7.68	 0.59	10.27	 2.30	336.64	286.79	298.15	264.44	295.48	0	52.89
1999	8	1	2.181	1673.0908	212.0909	0.0909	 0.77	 0.02	200.88	 1.68	 5.12	 0.84	10.32	 2.37	336.65	286.53	297.38	264.50	294.88	0	52.90
1999	8	1	2.391	1673.0996	212.0996	0.0996	 0.80	 0.02	202.16	 1.54	 3.62	 0.91	10.27	 2.38	336.62	286.26	298.63	264.41	294.54	0	52.88
1999	8	1	2.601	1673.1084	212.1084	0.1084	 0.74	 0.02	199.16	 1.95	 3.78	 0.94	10.28	 2.30	336.61	285.99	296.88	264.03	294.16	0	52.81
1999	8	1	2.812	1673.1172	212.1172	0.1172	 0.87	 0.02	190.94	 1.32	 6.85	 0.66	10.28	 2.42	336.56	285.73	298.16	264.07	293.75	0	52.81
1999	8	1	3.022	1673.1259	212.1259	0.1259	 0.61	 0.02	206.32	 2.28	 3.93	 0.90	10.28	 2.36	336.57	285.53	297.20	264.26	293.38	0	52.85
1999	8	1	3.233	1673.1346	212.1347	0.1347	 0.73	 0.02	189.48	 2.10	10.16	 0.70	10.30	 2.41	336.55	285.33	296.27	264.89	293.13	0	52.98
1999	8	1	3.443	1673.1434	212.1434	0.1434	 0.63	 0.02	193.26	 1.97	 9.40	 0.44	10.28	 2.38	336.57	285.14	297.05	265.29	292.34	0	53.06
1999	8	1	3.653	1673.1522	212.1522	0.1522	 0.64	 0.02	187.15	 2.29	 4.14	 0.92	10.27	 2.40	336.56	284.92	295.71	264.76	292.90	0	52.95
1999	8	1	3.863	1673.1610	212.1610	0.1610	 0.54	 0.02	196.59	 2.77	 8.87	 0.59	10.30	 2.31	336.51	284.69	295.24	264.16	292.32	0	52.83
1999	8	1	4.074	1673.1697	212.1697	0.1697	 0.69	 0.02	184.35	 1.99	15.18	 0.32	10.28	 2.50	336.50	284.50	296.70	265.32	292.04	0	53.06
1999	8	1	4.284	1673.1785	212.1785	0.1785	 0.55	 0.02	191.39	 2.87	 6.48	 0.81	10.32	 2.41	336.51	284.32	295.19	265.43	291.78	0	53.09
1999	8	1	4.494	1673.1873	212.1873	0.1873	 0.56	 0.01	187.49	 2.10	 9.83	 0.28	10.25	 2.41	336.47	284.17	294.42	265.24	291.59	0	53.05
1999	8	1	4.704	1673.1960	212.1960	0.1960	 0.50	 0.02	192.57	 3.67	 7.07	 0.83	10.28	 2.35	336.48	283.97	294.24	264.51	291.38	0	52.90
1999	8	1	4.914	1673.2047	212.2048	0.2048	 0.52	 0.02	187.43	 2.59	 9.81	 0.39	10.27	 2.37	336.48	283.74	292.70	263.28	291.12	0	52.66
1999	8	1	5.125	1673.2135	212.2135	0.2136	 0.59	 0.01	185.78	 1.79	 4.47	 0.64	10.28	 2.46	336.49	283.52	294.66	262.86	290.87	0	52.57
1999	8	1	5.335	1673.2223	212.2223	0.2223	 0.54	 0.02	187.00	 3.16	12.01	 0.57	10.30	 2.38	336.51	283.32	293.15	262.89	290.88	0	52.58
1999	8	1	5.546	1673.2311	212.2311	0.2311	 0.52	 0.02	188.64	 3.43	 5.89	 0.89	10.28	 2.40	336.49	283.15	292.91	263.53	290.40	0	52.71
1999	8	1	5.756	1673.2399	212.2398	0.2398	 0.54	 0.02	190.64	 2.86	 6.95	 0.76	10.28	 2.45	336.47	283.00	293.48	263.38	290.44	0	52.68
1999	8	1	5.966	1673.2487	212.2486	0.2486	 0.55	 0.01	186.60	 2.16	 9.74	 0.28	10.28	 2.44	336.49	282.84	292.49	263.33	290.25	0	52.67
1999	8	1	6.177	1673.2573	212.2574	0.2574	 0.55	 0.02	185.50	 2.97	 7.18	 0.78	10.28	 2.42	336.45	282.70	292.49	263.42	289.76	0	52.68
1999	8	1	6.387	1673.2661	212.2661	0.2661	 0.47	 0.02	193.79	 3.12	 5.66	 0.73	10.27	 2.35	336.45	282.53	291.50	262.78	289.56	0	52.56
1999	8	1	6.597	1673.2749	212.2749	0.2749	 0.53	 0.02	186.75	 2.79	11.86	 0.43	10.27	 2.37	336.44	282.37	291.36	262.36	289.38	0	52.47
1999	8	1	6.807	1673.2837	212.2836	0.2836	 0.52	 0.02	193.51	 3.56	 8.07	 0.81	10.28	 2.38	336.48	282.22	292.43	262.57	289.13	0	52.51
1999	8	1	7.018	1673.2924	212.2924	0.2924	 0.54	 0.02	190.38	 3.52	 6.90	 0.88	10.27	 2.38	336.47	282.11	290.60	262.92	288.96	0	52.58
1999	8	1	7.228	1673.3011	212.3012	0.3012	 0.54	 0.02	186.31	 2.95	10.05	 0.61	10.28	 2.37	336.44	282.03	290.69	263.29	288.80	0	52.66
1999	8	1	7.438	1673.3099	212.3099	0.3099	 0.55	 0.02	187.64	 2.36	 9.18	 0.43	10.28	 2.43	336.43	281.94	291.80	263.23	288.65	0	52.65
1999	8	1	7.648	1673.3187	212.3187	0.3187	 0.52	 0.02	189.63	 3.55	 7.91	 0.81	10.28	 2.38	336.45	281.87	291.26	263.65	288.52	0	52.73
1999	8	1	7.858	1673.3274	212.3274	0.3274	 0.53	 0.02	190.10	 3.02	12.12	 0.50	10.27	 2.38	336.44	281.80	291.40	263.38	288.79	0	52.68
1999	8	1	8.069	1673.3362	212.3362	0.3362	 0.60	 0.02	184.11	 2.63	 6.64	 0.83	10.28	 2.41	336.47	281.72	291.30	263.07	288.30	0	52.61
1999	8	1	8.278	1673.3450	212.3449	0.3449	 0.57	 0.02	185.18	 2.79	 8.46	 0.73	10.28	 2.43	336.48	281.60	290.96	262.83	288.15	0	52.57
1999	8	1	8.489	1673.3536	212.3537	0.3537	 0.52	 0.02	189.20	 3.44	 7.48	 0.82	10.30	 2.38	336.45	281.50	290.36	262.96	288.01	0	52.59
1999	8	1	8.699	1673.3624	212.3625	0.3625	 0.52	 0.02	188.05	 3.14	 6.02	 0.83	10.27	 2.36	336.47	281.40	289.33	262.75	287.87	0	52.55
1999	8	1	8.909	1673.3712	212.3712	0.3712	 0.51	 0.02	189.91	 2.80	13.66	 0.26	10.28	 2.32	336.42	281.30	289.43	262.28	287.77	0	52.46
1999	8	1	9.120	1673.3800	212.3800	0.3800	 0.54	 0.02	187.41	 2.71	 7.69	 0.67	10.28	 2.38	336.43	281.20	289.15	262.26	287.64	0	52.45
1999	8	1	9.330	1673.3888	212.3887	0.3887	 0.51	 0.02	191.78	 3.79	 8.54	 0.82	10.27	 2.39	336.41	281.12	289.51	262.59	287.48	0	52.52
1999	8	1	9.540	1673.3975	212.3975	0.3975	 0.52	 0.02	188.66	 4.00	 8.04	 0.88	10.28	 2.37	336.39	281.06	288.86	262.42	287.39	0	52.48
1999	8	1	9.750	1673.4062	212.4063	0.4063	 0.53	 0.02	188.34	 2.49	 5.00	 0.75	10.30	 2.38	336.40	280.96	290.03	 0.00	287.26	0	54.00
1999	8	1	9.961	1673.4150	212.4150	0.4150	 0.55	 0.02	186.13	 2.78	 8.09	 0.70	10.28	 2.40	336.38	280.84	290.20	261.39	287.47	0	52.28
1999	8	1	10.171	1673.4238	212.4238	0.4238	 0.54	 0.01	186.16	 2.02	 8.79	 0.25	10.25	 2.41	336.41	280.69	289.01	261.25	287.01	0	52.25
1999	8	1	10.381	1673.4325	212.4325	0.4325	 0.51	 0.02	186.47	 3.63	 9.46	 0.76	10.28	 2.38	336.41	280.60	289.39	262.15	286.24	0	52.43
1999	8	1	10.591	1673.4413	212.4413	0.4413	 0.52	 0.02	186.45	 3.97	 6.77	 0.92	10.28	 2.42	336.37	280.56	289.13	262.60	286.77	0	52.52
1999	8	1	10.801	1673.4501	212.4500	0.4500	 0.45	 0.02	191.31	 4.20	16.22	 0.40	10.28	 2.31	336.36	280.52	287.98	262.53	286.70	0	52.51
1999	8	1	11.011	1673.4589	212.4588	0.4588	 0.44	 0.02	194.29	 4.01	 8.72	 0.67	10.30	 2.34	336.37	280.48	288.26	262.62	286.60	0	52.52
1999	8	1	11.222	1673.4675	212.4676	0.4676	 0.47	 0.02	190.66	 3.26	 7.12	 0.67	10.27	 2.40	336.35	280.47	287.48	262.94	286.52	0	52.59
1999	8	1	11.432	1673.4763	212.4763	0.4763	 0.48	 0.02	175.76	 3.81	24.51	 0.16	10.30	 2.39	336.46	281.00	291.02	266.55	286.48	0	53.31
1999	8	1	11.642	1673.4851	212.4851	0.4851	 0.51	 0.02	170.84	 3.47	11.80	 0.59	10.27	 2.47	336.58	281.87	291.72	274.10	286.97	0	54.82
1999	8	1	11.852	1673.4939	212.4938	0.4938	 0.50	 0.03	167.59	 4.33	14.75	 0.67	10.27	 2.43	336.63	282.81	291.86	277.37	287.62	0	55.47
1999	8	1	12.062	1673.5026	212.5026	0.5026	 0.45	 0.02	165.26	 3.77	 9.17	 0.61	10.32	 2.38	336.69	283.82	291.43	280.94	289.18	0	56.19
1999	8	1	12.273	1673.5114	212.5114	0.5114	 0.41	 0.02	171.16	 4.62	20.18	 0.19	10.28	 2.36	336.72	284.81	292.72	279.10	289.25	0	55.82
1999	8	1	12.483	1673.5201	212.5201	0.5201	 0.40	 0.03	171.40	 6.33	22.32	 0.48	10.27	 2.35	336.72	285.72	293.01	276.89	290.11	0	55.38
1999	8	1	12.693	1673.5289	212.5289	0.5289	 0.42	 0.02	169.73	 4.91	19.43	 0.35	10.28	 2.37	336.77	286.64	294.38	273.40	291.00	0	54.68
1999	8	1	12.903	1673.5376	212.5376	0.5376	 0.45	 0.03	169.38	 5.02	20.67	 0.47	10.28	 2.40	336.78	287.56	296.27	272.53	291.95	0	54.51
1999	8	1	13.114	1673.5464	212.5464	0.5464	 0.41	 0.03	174.15	 6.74	23.27	 0.55	10.28	 2.35	336.83	288.47	296.13	273.09	292.92	0	54.62
1999	8	1	13.324	1673.5552	212.5552	0.5552	 0.38	 0.02	188.43	 5.14	18.15	 0.22	10.28	 2.35	336.80	289.32	297.83	274.02	293.88	0	54.80
1999	8	1	13.534	1673.5640	212.5639	0.5639	 0.35	 0.02	189.77	 7.73	11.89	 0.74	10.27	 2.28	336.84	290.16	298.31	273.87	294.74	0	54.77
1999	8	1	13.744	1673.5726	212.5727	0.5727	 0.42	 0.02	182.09	 4.36	 9.35	 0.63	10.28	 2.36	336.87	291.00	300.17	273.86	295.71	0	54.77
1999	8	1	13.954	1673.5814	212.5814	0.5814	 0.41	 0.02	190.82	 5.69	 5.39	 0.94	10.27	 2.34	336.91	291.74	300.17	272.93	297.79	0	54.59
1999	8	1	14.164	1673.5902	212.5902	0.5902	 0.46	 0.02	188.27	 4.19	 4.20	 0.94	10.27	 2.36	336.92	292.37	302.09	272.18	297.42	0	54.44
1999	8	1	14.374	1673.5989	212.5989	0.5989	 0.52	 0.02	187.11	 3.30	 9.87	 0.68	10.28	 2.40	336.96	293.00	302.82	272.33	298.22	0	54.47
1999	8	1	14.585	1673.6077	212.6077	0.6077	 0.58	 0.02	184.72	 3.21	14.49	 0.62	10.28	 2.34	337.01	293.61	304.47	272.46	298.92	0	54.49
1999	8	1	14.795	1673.6165	212.6165	0.6165	 0.47	 0.02	195.06	 3.24	13.23	 0.30	10.27	 2.25	337.02	294.24	304.74	272.88	299.61	0	54.58
1999	8	1	15.005	1673.6252	212.6252	0.6252	 0.52	 0.02	191.93	 3.17	 9.98	 0.63	10.27	 2.31	337.08	294.89	304.71	273.86	300.38	0	54.77
1999	8	1	15.215	1673.6339	212.6340	0.6340	 0.57	 0.02	190.80	 3.44	15.15	 0.63	10.32	 2.34	337.08	295.58	304.93	275.97	301.12	0	55.19
1999	8	1	15.426	1673.6427	212.6427	0.6427	 0.54	 0.02	189.94	 3.42	10.53	 0.72	10.27	 2.22	337.02	296.24	305.91	276.22	301.86	0	55.24
1999	8	1	15.636	1673.6515	212.6515	0.6515	 0.72	 0.02	192.92	 2.08	 6.63	 0.84	10.28	 2.36	337.10	296.89	307.75	277.31	302.60	0	55.46
1999	8	1	15.846	1673.6603	212.6602	0.6603	 0.71	 0.01	194.27	 1.34	14.34	 0.05	10.28	 2.34	337.07	297.52	308.27	278.24	303.37	0	55.65
1999	8	1	16.056	1673.6689	212.6690	0.6690	 0.54	 0.01	202.59	 2.01	39.95	 0.00	10.27	 2.19	337.08	298.05	306.91	278.64	303.96	0	55.73
1999	8	1	16.267	1673.6777	212.6778	0.6778	 0.58	 0.02	200.75	 2.93	14.22	 0.53	10.33	 2.20	337.16	298.38	307.84	278.99	304.64	0	55.80
1999	8	1	16.477	1673.6865	212.6866	0.6866	 0.63	 0.02	206.24	 2.43	20.71	 0.24	10.28	 2.22	337.17	298.72	309.95	278.62	305.21	0	55.72
1999	8	1	16.687	1673.6953	212.6953	0.6953	 0.72	 0.03	204.47	 2.55	14.71	 0.70	10.28	 2.30	337.16	299.17	309.77	281.31	306.99	0	56.26
1999	8	1	16.898	1673.7041	212.7041	0.7041	 0.79	 0.02	199.73	 1.31	 4.99	 0.70	10.30	 2.23	337.16	299.63	309.90	285.04	306.11	0	57.01
1999	8	1	17.108	1673.7129	212.7128	0.7128	 0.77	 0.02	205.01	 1.73	 3.06	 0.95	10.28	 2.21	337.17	300.02	310.45	284.63	306.53	0	56.93
1999	8	1	17.318	1673.7216	212.7216	0.7216	 0.83	 0.02	202.31	 1.79	10.03	 0.72	10.28	 2.22	337.11	300.39	311.35	284.58	306.93	0	56.92
1999	8	1	17.528	1673.7303	212.7303	0.7303	 0.84	 0.02	202.12	 1.69	 4.46	 0.92	10.28	 2.22	337.14	300.72	311.45	284.35	307.31	0	56.87
1999	8	1	17.738	1673.7391	212.7391	0.7391	 0.73	 0.03	210.43	 3.19	 3.20	 0.99	10.28	 2.22	337.13	300.99	313.88	283.76	307.63	0	56.75
1999	8	1	17.949	1673.7478	212.7479	0.7479	 0.74	 0.02	211.17	 2.29	11.04	 0.76	10.30	 2.29	337.12	301.25	311.65	283.32	307.93	0	56.66
1999	8	1	18.159	1673.7566	212.7566	0.7566	 0.81	 0.02	208.41	 2.08	 3.78	 0.97	10.28	 2.21	337.09	301.48	313.34	283.05	308.21	0	56.61
1999	8	1	18.369	1673.7654	212.7654	0.7654	 0.92	 0.02	212.70	 1.11	 4.24	 0.78	10.25	 2.41	337.05	301.68	314.55	282.26	308.46	0	56.45
1999	8	1	18.579	1673.7742	212.7741	0.7741	 0.81	 0.02	208.49	 1.72	10.29	 0.63	10.28	 2.12	337.05	301.87	313.13	282.24	308.64	0	56.45
1999	8	1	18.789	1673.7828	212.7829	0.7829	 0.80	 0.03	208.32	 2.24	 6.84	 0.92	10.28	 2.10	337.03	302.03	313.36	281.82	308.84	0	56.36
1999	8	1	18.999	1673.7916	212.7916	0.7916	 0.92	 0.02	204.25	 1.50	 4.05	 0.93	10.27	 2.17	337.04	302.18	313.34	280.95	309.01	0	56.19
1999	8	1	19.210	1673.8004	212.8004	0.8004	 0.98	 0.02	205.01	 1.26	 3.11	 0.94	10.30	 2.16	337.04	302.27	313.77	280.03	309.11	0	56.01
1999	8	1	19.420	1673.8092	212.8092	0.8092	 0.95	 0.04	204.87	 2.34	 2.77	 1.00	10.32	 2.12	337.00	302.32	314.31	280.96	309.13	0	56.19
1999	8	1	19.631	1673.8180	212.8179	0.8180	 0.90	 0.03	210.39	 2.02	 7.79	 0.92	10.28	 2.18	336.98	302.33	314.97	282.48	309.16	0	56.50
1999	8	1	19.841	1673.8267	212.8267	0.8267	 1.01	 0.04	206.85	 2.12	 2.82	 1.00	10.27	 2.14	337.03	302.30	315.43	282.52	309.17	0	56.50
1999	8	1	20.051	1673.8354	212.8355	0.8355	 1.11	 0.04	207.07	 1.67	 6.98	 0.94	10.28	 2.16	337.05	302.23	315.41	281.83	309.30	0	56.37
1999	8	1	20.261	1673.8442	212.8442	0.8442	 1.09	 0.03	203.33	 1.19	 7.40	 0.74	10.28	 2.07	337.05	302.13	313.81	280.51	309.36	0	56.10
1999	8	1	20.472	1673.8530	212.8530	0.8530	 1.19	 0.03	207.62	 1.14	 1.71	 0.99	10.27	 2.18	337.03	301.98	314.76	278.94	309.26	0	55.79
1999	8	1	20.730	1673.8638	212.8638	0.8637	 1.33	 0.03	207.35	 1.09	 0.75	 1.00	10.35	 2.20	336.97	301.61	314.64	273.95	309.00	0	54.79
1999	8	1	20.941	1673.8726	212.8725	0.8725	 1.34	 0.03	206.40	 1.08	 1.72	 0.99	10.28	 2.15	336.94	301.01	314.03	273.65	308.80	0	54.73
1999	8	1	21.151	1673.8813	212.8813	0.8813	 1.38	 0.03	206.55	 0.97	 0.65	 1.00	10.30	 2.13	336.95	300.43	313.86	273.66	308.44	0	54.73
1999	8	1	21.362	1673.8901	212.8901	0.8901	 1.41	 0.03	206.05	 0.96	 5.38	 0.85	10.30	 2.21	336.95	299.88	313.41	273.93	308.01	0	54.79
1999	8	1	21.572	1673.8988	212.8988	0.8988	 1.35	 0.03	207.34	 0.79	 2.86	 0.89	10.28	 2.20	336.92	298.99	312.97	273.75	307.52	0	54.75
1999	8	1	21.782	1673.9076	212.9076	0.9076	 1.36	 0.02	204.72	 0.69	 2.93	 0.81	10.30	 2.10	336.92	298.11	312.89	271.73	306.86	0	54.35
1999	8	1	21.993	1673.9164	212.9164	0.9164	 1.41	 0.02	205.36	 0.64	 0.94	 0.98	10.28	 2.09	336.85	297.31	312.63	270.20	306.25	0	54.04
1999	8	1	22.204	1673.9252	212.9252	0.9252	 1.48	 0.03	206.21	 0.88	 1.89	 0.98	10.30	 2.14	336.81	296.36	311.05	269.08	305.59	0	53.82
1999	8	1	22.414	1673.9340	212.9339	0.9339	 1.48	 0.03	207.57	 0.86	 2.28	 0.96	10.30	 2.20	336.81	295.46	310.87	268.06	304.90	0	53.61
1999	8	1	22.625	1673.9427	212.9427	0.9427	 1.44	 0.03	205.88	 0.77	 0.10	 1.00	10.28	 2.14	336.78	294.60	309.85	267.69	304.14	0	53.54
1999	8	1	22.835	1673.9514	212.9515	0.9515	 1.53	 0.03	205.78	 0.75	 2.26	 0.94	10.27	 2.18	336.76	293.85	309.11	267.28	303.45	0	53.46
1999	8	1	23.045	1673.9602	212.9602	0.9602	 1.60	 0.06	205.31	 1.28	 1.83	 1.00	10.30	 2.24	336.75	293.15	307.64	267.41	302.86	0	53.48
1999	8	1	23.466	1673.9778	212.9778	0.9778	 1.51	 0.05	204.40	 1.12	 2.48	 0.99	10.28	 2.13	336.75	291.96	306.07	266.78	301.56	0	53.36
1999	8	1	23.677	1673.9866	212.9865	0.9865	 1.58	 0.03	208.68	 0.77	 0.95	 0.99	10.30	 2.32	336.73	291.44	306.15	266.82	300.97	0	53.36
1999	8	1	23.888	1673.9954	212.9953	0.9953	 1.60	 0.03	206.85	 0.73	 2.05	 0.95	10.32	 2.28	336.73	290.95	304.69	265.98	300.42	0	53.20
1999	8	2	0.098	1674.0042	213.0041	1.0041	 1.59	 0.03	207.30	 0.74	 1.18	 0.99	10.32	 2.25	336.71	290.48	304.62	265.72	299.87	0	53.14
1999	8	2	0.309	1674.0129	213.0129	1.0129	 1.64	 0.04	207.13	 0.82	 4.18	 0.88	10.30	 2.32	336.72	290.07	303.82	265.56	299.33	0	53.11
1999	8	2	0.519	1674.0216	213.0216	1.0216	 1.65	 0.04	207.13	 0.74	 2.86	 0.91	10.28	 2.33	336.71	289.67	302.99	265.40	298.80	0	53.08
1999	8	2	0.730	1674.0304	213.0304	1.0304	 1.58	 0.02	208.59	 0.47	 2.13	 0.71	10.28	 2.37	336.67	289.30	302.49	265.39	298.31	0	53.08
1999	8	2	0.940	1674.0392	213.0392	1.0392	 1.59	 0.03	208.08	 0.62	 3.77	 0.70	10.30	 2.38	336.67	288.95	301.46	265.31	297.82	0	53.06
1999	8	2	1.152	1674.0480	213.0480	1.0480	 1.56	 0.03	209.19	 0.58	 3.40	 0.69	10.32	 2.48	336.67	288.61	300.78	265.29	297.38	0	53.06
1999	8	2	1.362	1674.0568	213.0568	1.0568	 1.52	 0.03	206.42	 0.82	 2.47	 0.95	10.30	 2.35	336.67	288.31	300.49	265.25	296.88	0	53.05
1999	8	2	1.573	1674.0656	213.0655	1.0655	 1.38	 0.02	206.88	 0.72	 1.91	 0.93	10.28	 2.29	336.65	288.02	299.98	265.14	296.54	0	53.03
1999	8	2	1.784	1674.0743	213.0743	1.0743	 1.36	 0.03	206.21	 0.90	 2.42	 0.95	10.28	 2.30	336.64	287.73	298.97	265.42	296.13	0	53.08
1999	8	2	1.994	1674.0831	213.0831	1.0831	 1.41	 0.03	207.25	 0.74	 0.76	 0.99	10.28	 2.37	336.60	287.46	299.51	266.06	295.73	0	53.21
1999	8	28	14.755	1700.6147	239.6148	27.6148	 0.84	 0.03	194.69	 2.09	 6.49	 0.93	10.35	 2.39	337.00	294.54	303.02	273.91	299.25	0	54.78
1999	8	28	14.966	1700.6235	239.6236	27.6236	 0.90	 0.03	193.14	 1.69	 6.30	 0.89	10.28	 2.37	336.87	295.29	304.30	273.37	300.12	0	54.67
1999	8	28	15.176	1700.6323	239.6323	27.6323	 0.97	 0.02	193.47	 1.29	 7.05	 0.74	10.27	 2.38	336.95	296.03	304.72	274.63	298.34	0	54.93
1999	8	28	15.386	1700.6411	239.6411	27.6411	 0.96	 0.02	197.19	 1.36	 9.40	 0.64	10.28	 2.42	336.94	296.73	306.77	275.37	301.74	0	55.07
1999	8	28	15.597	1700.6499	239.6499	27.6499	 0.86	 0.02	197.87	 1.35	 7.00	 0.65	10.28	 2.26	336.95	297.39	306.92	276.01	302.54	0	55.20
1999	8	28	15.807	1700.6586	239.6586	27.6586	 0.90	 0.02	200.01	 1.52	 4.54	 0.91	10.28	 2.35	336.99	298.01	308.05	276.26	303.38	0	55.25
1999	8	28	16.017	1700.6674	239.6674	27.6674	 0.97	 0.02	202.36	 1.20	 7.08	 0.66	10.28	 2.31	336.95	298.54	309.12	276.38	304.01	0	55.28
1999	8	28	16.228	1700.6761	239.6761	27.6761	 0.99	 0.02	200.01	 1.37	 3.24	 0.96	10.28	 2.24	337.00	298.89	308.89	277.67	304.81	0	55.53
1999	8	28	16.438	1700.6849	239.6849	27.6849	 1.05	 0.03	203.34	 1.57	 9.58	 0.82	10.28	 2.22	336.95	299.19	309.49	279.63	310.12	0	55.93
1999	8	28	16.648	1700.6937	239.6937	27.6937	 1.19	 0.03	203.68	 1.14	 2.88	 0.96	10.28	 2.29	336.95	299.66	310.93	280.94	305.84	0	56.19
1999	8	28	16.859	1700.7024	239.7024	27.7024	 1.02	 0.03	205.13	 1.63	 2.73	 0.99	10.30	 2.24	336.93	300.10	311.22	280.58	306.19	0	56.12
1999	8	28	17.069	1700.7112	239.7112	27.7112	 1.11	 0.02	200.67	 1.06	 3.76	 0.89	10.30	 2.22	336.89	300.52	311.37	283.24	307.80	0	56.65
1999	8	28	17.279	1700.7200	239.7200	27.7200	 1.11	 0.04	202.82	 1.59	 2.83	 0.99	10.28	 2.27	336.83	300.93	312.23	283.85	307.13	0	56.77
1999	8	28	17.490	1700.7288	239.7287	27.7288	 1.12	 0.02	207.51	 0.95	 1.35	 0.98	10.28	 2.39	336.83	301.31	312.47	284.22	308.65	0	56.84
1999	8	28	17.700	1700.7375	239.7375	27.7375	 1.01	 0.03	208.41	 1.74	 3.34	 0.99	10.28	 2.27	336.79	301.65	313.15	283.47	307.93	0	56.69
1999	8	28	17.911	1700.7463	239.7463	27.7463	 0.99	 0.03	204.94	 1.46	 1.94	 0.99	10.30	 2.23	336.78	301.97	312.89	285.07	308.30	0	57.01
1999	8	28	18.121	1700.7550	239.7551	27.7550	 0.86	 0.02	205.49	 1.66	 7.07	 0.82	10.28	 2.19	336.85	302.28	313.98	285.91	308.71	0	57.18
1999	8	28	18.331	1700.7638	239.7638	27.7638	 0.99	 0.02	206.57	 1.22	 1.50	 0.99	10.28	 2.27	336.89	302.56	315.00	285.37	309.00	0	57.07
1999	8	28	18.542	1700.7726	239.7726	27.7726	 0.86	 0.03	204.65	 1.98	 2.21	 0.99	10.28	 2.14	336.93	302.78	314.83	283.81	309.28	0	56.76
1999	8	28	18.752	1700.7814	239.7813	27.7813	 0.95	 0.04	199.17	 2.12	 2.61	 1.00	10.28	 2.12	336.93	302.98	314.65	284.18	309.52	0	56.84
1999	8	28	18.962	1700.7902	239.7901	27.7901	 0.99	 0.02	201.83	 1.33	 5.33	 0.86	10.28	 2.25	336.93	303.14	315.03	283.68	309.77	0	56.74
1999	8	28	19.173	1700.7988	239.7989	27.7989	 0.87	 0.03	202.79	 1.93	 9.16	 0.84	10.27	 2.06	336.90	303.25	315.80	282.84	309.90	0	56.57
1999	8	28	19.383	1700.8076	239.8076	27.8076	 0.91	 0.03	198.73	 2.24	 5.04	 0.98	10.28	 2.04	336.91	303.29	316.85	282.47	310.02	0	56.49
1999	8	28	19.593	1700.8164	239.8164	27.8164	 1.01	 0.03	198.01	 1.59	 6.15	 0.92	10.28	 2.17	336.87	303.30	316.16	282.38	310.07	0	56.48
1999	8	28	19.803	1700.8252	239.8251	27.8251	 0.80	 0.03	200.72	 2.09	11.55	 0.75	10.28	 2.10	336.87	303.30	315.87	281.76	310.11	0	56.35
1999	8	28	20.013	1700.8339	239.8339	27.8339	 0.81	 0.03	201.36	 2.07	 6.45	 0.91	10.27	 2.06	336.85	303.26	315.16	280.86	310.07	0	56.17
1999	8	28	20.224	1700.8427	239.8427	27.8427	 0.81	 0.02	202.52	 1.77	 2.45	 0.98	10.32	 2.12	336.89	303.17	316.01	277.22	309.96	0	55.44
1999	8	28	20.434	1700.8514	239.8514	27.8514	 0.80	 0.02	203.25	 1.82	 3.17	 0.96	10.27	 2.15	336.86	303.04	317.06	274.80	309.93	0	54.96
1999	8	28	20.644	1700.8602	239.8602	27.8602	 0.78	 0.02	201.98	 1.97	 4.25	 0.95	10.28	 2.12	336.90	302.86	316.17	273.63	309.83	0	54.73
1999	8	28	20.855	1700.8689	239.8689	27.8689	 0.77	 0.02	204.50	 1.94	 1.27	 1.00	10.28	 2.13	336.86	302.64	315.88	273.58	310.55	0	54.72
1999	8	28	21.065	1700.8777	239.8777	27.8777	 0.88	 0.03	203.28	 2.23	 5.89	 0.97	10.28	 2.15	336.85	302.37	316.42	273.32	309.62	0	54.66
1999	8	28	21.275	1700.8865	239.8865	27.8865	 0.89	 0.03	199.41	 1.89	 4.11	 0.97	10.28	 2.15	336.81	301.99	316.08	273.53	309.29	0	54.71
1999	8	28	21.486	1700.8953	239.8952	27.8952	 0.88	 0.02	200.01	 1.61	 6.01	 0.86	10.27	 2.18	336.77	301.35	314.58	 0.00	308.96	0	54.00
1999	8	28	21.696	1700.9039	239.9040	27.9040	 0.88	 0.02	198.85	 1.56	 2.76	 0.97	10.28	 2.14	336.76	300.38	315.01	270.22	308.43	0	54.04
1999	8	28	21.906	1700.9127	239.9128	27.9127	 0.86	 0.02	200.76	 1.21	 4.40	 0.77	10.28	 2.16	336.76	299.30	314.63	270.48	307.65	0	54.10
1999	8	28	22.116	1700.9215	239.9215	27.9215	 0.84	 0.02	198.89	 1.68	 3.46	 0.95	10.28	 2.15	336.74	298.34	313.83	269.16	306.88	0	53.83
1999	8	28	22.326	1700.9303	239.9303	27.9303	 0.84	 0.02	199.58	 1.61	 4.81	 0.89	10.27	 2.19	336.68	297.37	313.41	268.31	306.17	0	53.66
1999	8	28	22.536	1700.9390	239.9390	27.9390	 0.78	 0.02	198.42	 1.46	 4.62	 0.80	10.28	 2.08	336.64	296.27	311.76	266.90	305.34	0	53.38
1999	8	28	22.747	1700.9478	239.9478	27.9478	 0.90	 0.02	200.73	 1.20	 2.92	 0.91	10.28	 2.22	336.62	295.20	311.95	265.83	304.55	0	53.17
1999	8	28	22.957	1700.9565	239.9565	27.9565	 0.83	 0.02	201.97	 1.64	 4.76	 0.90	10.28	 2.08	336.60	294.20	310.87	265.71	303.74	0	53.14
1999	8	28	23.377	1700.9740	239.9740	27.9741	 1.00	 0.02	203.08	 1.28	 1.55	 0.99	10.27	 2.30	336.58	292.48	308.44	264.73	302.20	0	52.95
1999	8	28	23.587	1700.9828	239.9828	27.9828	 0.99	 0.02	200.32	 1.20	 4.08	 0.88	10.28	 2.27	336.57	291.72	306.88	264.25	301.49	0	52.85
1999	8	28	23.798	1700.9916	239.9916	27.9916	 0.96	 0.02	201.83	 1.24	 0.84	 1.00	10.28	 2.20	336.57	291.01	307.00	264.11	300.75	0	52.82
1999	8	29	0.008	1701.0004	240.0003	28.0003	 1.01	 0.02	199.92	 0.88	 2.76	 0.83	10.28	 2.19	336.56	290.38	305.64	264.07	300.16	0	52.81
1999	8	29	0.218	1701.0092	240.0091	28.0091	 1.05	 0.02	200.28	 0.78	 2.85	 0.75	10.27	 2.26	336.55	289.80	305.05	264.10	299.44	0	52.82
1999	8	29	0.428	1701.0178	240.0179	28.0178	 1.07	 0.02	202.99	 1.17	 4.57	 0.88	10.28	 2.33	336.53	289.29	304.07	263.96	298.81	0	52.79
1999	8	29	0.639	1701.0266	240.0266	28.0266	 1.12	 0.03	201.16	 1.49	 5.08	 0.95	10.28	 2.32	336.56	288.83	303.15	263.42	298.20	0	52.68
1999	8	29	0.849	1701.0354	240.0354	28.0354	 1.08	 0.02	202.05	 1.12	 6.59	 0.74	10.28	 2.35	336.58	288.38	303.25	263.26	297.65	0	52.65
1999	8	29	1.059	1701.0441	240.0441	28.0441	 1.04	 0.02	200.29	 1.02	 6.55	 0.61	10.27	 2.34	336.57	287.97	301.61	263.54	297.25	0	52.71
1999	8	29	1.269	1701.0529	240.0529	28.0529	 1.04	 0.02	200.37	 0.85	 9.38	 0.19	10.28	 2.40	336.54	287.59	301.05	264.22	296.62	0	52.84
1999	8	29	1.479	1701.0616	240.0616	28.0616	 0.93	 0.02	203.09	 1.10	 5.93	 0.62	10.28	 2.34	336.58	287.27	301.35	264.61	296.34	0	52.92
1999	8	29	1.690	1701.0704	240.0704	28.0704	 0.94	 0.02	200.68	 1.19	 4.43	 0.82	10.28	 2.34	336.52	286.94	300.47	264.49	295.75	0	52.90
1999	8	29	1.900	1701.0792	240.0792	28.0792	 0.90	 0.02	200.19	 1.33	 4.16	 0.87	10.27	 2.31	336.53	286.61	299.20	264.15	295.34	0	52.83
1999	8	29	2.110	1701.0879	240.0879	28.0879	 0.87	 0.02	200.36	 1.51	 3.12	 0.95	10.28	 2.33	336.52	286.30	299.30	264.42	294.90	0	52.88
1999	8	29	2.320	1701.0967	240.0967	28.0967	 0.82	 0.02	202.64	 1.31	 3.77	 0.83	10.28	 2.37	336.55	285.99	298.96	263.04	294.70	0	52.61
1999	8	29	2.531	1701.1055	240.1054	28.1054	 0.82	 0.02	196.96	 1.51	 5.68	 0.80	10.28	 2.36	336.52	285.72	297.87	262.86	294.15	0	52.57
1999	8	29	2.741	1701.1141	240.1142	28.1142	 0.74	 0.02	192.85	 2.24	 6.64	 0.90	10.27	 2.31	336.50	285.46	296.66	263.16	293.72	0	52.63
1999	8	29	2.951	1701.1229	240.1230	28.1230	 0.72	 0.02	194.82	 2.04	 7.16	 0.81	10.28	 2.35	336.46	285.22	297.39	263.20	293.31	0	52.64
1999	8	29	3.161	1701.1317	240.1317	28.1317	 0.76	 0.02	195.84	 1.38	 3.03	 0.87	10.28	 2.41	336.45	284.97	296.36	263.81	292.98	0	52.76
1999	8	29	3.371	1701.1405	240.1405	28.1405	 0.73	 0.02	197.65	 1.85	 6.37	 0.79	10.28	 2.47	336.46	284.77	296.53	264.07	292.72	0	52.81
1999	8	29	3.582	1701.1493	240.1492	28.1492	 0.73	 0.01	195.73	 1.33	 5.85	 0.51	10.28	 2.41	336.47	284.60	296.00	264.22	292.46	0	52.84
1999	8	29	3.792	1701.1580	240.1580	28.1580	 0.70	 0.02	197.11	 1.74	 5.40	 0.77	10.28	 2.40	336.46	284.42	295.63	263.99	292.19	0	52.80
1999	8	29	4.002	1701.1667	240.1668	28.1668	 0.71	 0.03	196.00	 2.73	10.11	 0.86	10.27	 2.34	336.53	284.23	295.18	263.69	291.92	0	52.74
1999	8	29	4.212	1701.1755	240.1755	28.1755	 0.69	 0.01	198.36	 1.59	 5.56	 0.64	10.28	 2.36	336.46	284.05	294.92	263.14	291.64	0	52.63
1999	8	29	4.423	1701.1843	240.1843	28.1843	 0.70	 0.02	198.39	 2.32	 3.76	 0.96	10.28	 2.38	336.49	283.87	294.11	262.00	291.37	0	52.40
1999	8	29	4.633	1701.1930	240.1930	28.1930	 0.69	 0.02	199.00	 1.80	 3.68	 0.88	10.28	 2.36	336.53	283.68	294.41	261.93	291.13	0	52.39
1999	8	29	4.844	1701.2018	240.2018	28.2018	 0.75	 0.02	198.68	 1.61	 4.13	 0.86	10.28	 2.45	336.49	283.49	294.18	261.78	290.80	0	52.36
1999	8	29	5.054	1701.2106	240.2106	28.2106	 0.70	 0.02	198.98	 1.91	 4.32	 0.89	10.27	 2.37	336.47	283.30	293.62	261.81	290.54	0	52.36
1999	8	29	5.264	1701.2194	240.2193	28.2193	 0.77	 0.02	197.02	 1.51	 4.53	 0.82	10.28	 2.48	336.44	283.14	293.89	262.39	290.29	0	52.48
1999	8	29	5.474	1701.2281	240.2281	28.2281	 0.71	 0.01	196.63	 1.36	 4.39	 0.65	10.28	 2.38	336.46	282.99	292.20	262.43	290.04	0	52.49
1999	8	29	5.685	1701.2368	240.2369	28.2369	 0.75	 0.02	196.08	 1.52	 7.35	 0.57	10.28	 2.41	336.50	282.88	292.34	262.60	290.15	0	52.52
1999	8	29	5.895	1701.2456	240.2456	28.2456	 0.75	 0.02	196.12	 1.77	 3.77	 0.92	10.28	 2.45	336.48	282.77	292.84	262.83	289.67	0	52.57
1999	8	29	6.105	1701.2544	240.2544	28.2544	 0.73	 0.01	198.13	 1.19	 5.91	 0.37	10.27	 2.46	336.46	282.64	292.56	262.68	289.45	0	52.54
1999	8	29	6.315	1701.2632	240.2631	28.2631	 0.73	 0.02	196.00	 2.40	 6.36	 0.92	10.28	 2.38	336.47	282.52	293.12	262.82	288.62	0	52.56
1999	8	29	6.526	1701.2719	240.2719	28.2719	 0.74	 0.02	195.94	 1.43	 5.29	 0.67	10.28	 2.47	336.44	282.42	292.47	262.83	289.12	0	52.57
1999	8	29	6.736	1701.2806	240.2807	28.2807	 0.70	 0.02	194.47	 1.82	 5.90	 0.77	10.28	 2.38	336.42	282.31	291.90	262.70	288.97	0	52.54
1999	8	29	6.946	1701.2894	240.2894	28.2894	 0.74	 0.02	192.20	 1.91	 8.64	 0.71	10.28	 2.41	336.42	282.19	291.75	262.56	288.85	0	52.51
1999	8	29	7.156	1701.2982	240.2982	28.2982	 0.70	 0.02	193.40	 1.70	 4.77	 0.79	10.28	 2.38	336.39	282.05	291.62	262.33	288.70	0	52.47
1999	8	29	7.367	1701.3069	240.3069	28.3069	 0.67	 0.02	195.96	 2.24	 6.93	 0.81	10.27	 2.35	336.40	281.87	291.23	261.52	288.58	0	52.30
1999	8	29	7.577	1701.3157	240.3157	28.3157	 0.70	 0.02	193.06	 1.56	 5.33	 0.68	10.28	 2.41	336.39	281.70	291.35	261.19	288.37	0	52.24
1999	8	29	7.787	1701.3245	240.3245	28.3245	 0.72	 0.02	194.65	 1.80	 8.17	 0.63	10.28	 2.39	336.39	281.55	290.79	261.36	288.21	0	52.27
1999	8	29	7.997	1701.3333	240.3332	28.3332	 0.69	 0.02	195.07	 1.98	 1.88	 0.98	10.28	 2.36	336.34	281.41	290.02	261.24	288.00	0	52.25
1999	8	29	8.208	1701.3419	240.3420	28.3420	 0.73	 0.02	197.06	 1.67	 5.75	 0.76	10.28	 2.42	336.35	281.29	290.88	261.24	287.82	0	52.25
1999	8	29	8.417	1701.3507	240.3507	28.3507	 0.70	 0.02	197.56	 2.20	 6.92	 0.84	10.28	 2.35	336.34	281.16	290.18	261.23	287.67	0	52.25
1999	8	29	8.628	1701.3595	240.3595	28.3595	 0.73	 0.02	196.38	 1.59	 4.67	 0.79	10.28	 2.40	336.35	281.07	289.98	261.37	287.55	0	52.27
1999	8	29	8.838	1701.3683	240.3683	28.3683	 0.74	 0.02	197.60	 1.64	 6.19	 0.72	10.28	 2.44	336.34	280.98	289.79	261.67	287.39	0	52.33
1999	8	29	9.048	1701.3770	240.3770	28.3770	 0.74	 0.02	197.14	 1.52	 4.42	 0.79	10.28	 2.38	336.36	280.94	290.28	262.12	287.31	0	52.42
1999	8	29	9.258	1701.3857	240.3858	28.3858	 0.76	 0.02	195.80	 1.89	 4.16	 0.93	10.27	 2.38	336.35	280.89	289.63	262.03	287.21	0	52.41
1999	8	29	9.469	1701.3945	240.3945	28.3945	 0.69	 0.02	195.98	 2.06	 4.67	 0.90	10.28	 2.31	336.34	280.83	288.37	262.02	287.12	0	52.40
1999	8	29	9.679	1701.4033	240.4033	28.4033	 0.75	 0.02	195.83	 2.11	 4.18	 0.95	10.28	 2.43	336.33	280.80	289.64	262.44	287.38	0	52.49
1999	8	29	9.889	1701.4121	240.4120	28.4120	 0.75	 0.02	195.01	 2.14	 7.43	 0.86	10.28	 2.44	336.31	280.80	288.89	263.03	286.95	0	52.61
1999	8	29	10.099	1701.4208	240.4208	28.4208	 0.74	 0.01	196.48	 1.39	 5.06	 0.66	10.28	 2.47	336.35	280.81	289.18	263.64	286.92	0	52.73
1999	8	29	10.309	1701.4296	240.4296	28.4296	 0.75	 0.02	194.35	 1.63	 9.32	 0.51	10.27	 2.44	336.35	280.85	289.92	264.00	286.85	0	52.80
1999	8	29	10.520	1701.4384	240.4383	28.4383	 0.75	 0.01	193.21	 1.22	 3.25	 0.75	10.28	 2.48	336.33	280.88	289.23	264.11	286.81	0	52.82
1999	8	29	10.730	1701.4471	240.4471	28.4471	 0.69	 0.02	194.37	 2.46	 7.49	 0.86	10.28	 2.40	336.38	280.90	289.00	263.85	286.84	0	52.77
1999	8	29	10.940	1701.4558	240.4558	28.4558	 0.71	 0.02	194.55	 1.52	 5.77	 0.64	10.28	 2.44	336.33	280.91	289.51	263.69	286.86	0	52.74
1999	8	29	11.200	1701.4667	240.4667	28.4667	 0.85	 0.02	173.09	 1.06	14.52	 0.05	10.35	 2.40	336.46	281.24	290.54	265.90	286.86	0	53.18
1999	8	29	11.411	1701.4755	240.4755	28.4755	 0.75	 0.02	178.32	 1.67	10.30	 0.49	10.30	 2.42	336.59	282.21	292.37	271.69	287.79	0	54.34
1999	8	29	11.622	1701.4843	240.4843	28.4842	 0.67	 0.02	179.91	 1.81	 6.77	 0.64	10.30	 2.36	336.58	283.28	292.12	275.38	287.99	0	55.08
1999	8	29	11.832	1701.4930	240.4930	28.4930	 0.78	 0.03	175.48	 1.91	22.56	 0.25	10.28	 2.49	336.68	284.41	293.12	278.83	287.20	0	55.77
1999	8	29	12.043	1701.5018	240.5018	28.5018	 0.71	 0.03	171.60	 2.26	17.94	 0.43	10.28	 2.36	336.74	285.52	293.16	283.64	289.74	0	56.73
1999	8	29	12.253	1701.5105	240.5105	28.5105	 0.72	 0.03	175.54	 2.39	18.69	 0.49	10.30	 2.44	336.75	286.65	294.72	283.85	291.79	0	56.77
1999	8	29	12.464	1701.5193	240.5193	28.5193	 0.66	 0.02	177.46	 1.94	13.44	 0.30	10.30	 2.34	336.74	287.78	295.41	280.51	291.80	0	56.10
1999	8	29	12.674	1701.5281	240.5281	28.5281	 0.66	 0.02	181.85	 2.17	 8.02	 0.72	10.28	 2.37	336.78	288.89	297.04	278.28	292.96	0	55.66
1999	8	29	12.885	1701.5369	240.5369	28.5369	 0.70	 0.02	179.17	 2.22	 3.38	 0.96	10.28	 2.34	336.73	289.97	297.90	276.15	294.13	0	55.23
1999	8	29	13.786	1701.5743	240.5744	28.5744	 0.86	 0.02	179.26	 1.59	12.52	 0.51	10.35	 2.43	336.82	293.84	302.66	273.73	299.82	0	54.75
1999	8	29	13.996	1701.5831	240.5832	28.5832	 0.78	 0.02	182.47	 1.81	 8.90	 0.71	10.28	 2.37	336.84	294.63	303.72	274.12	299.35	0	54.82
1999	8	29	14.207	1701.5919	240.5919	28.5919	 0.79	 0.02	182.42	 1.32	 6.72	 0.54	10.27	 2.34	336.84	295.41	304.91	274.74	300.26	0	54.95
1999	8	29	14.417	1701.6007	240.6007	28.6007	 0.72	 0.02	189.15	 1.94	 9.64	 0.63	10.28	 2.27	336.92	296.23	305.42	274.94	301.18	0	54.99
1999	8	29	14.627	1701.6095	240.6095	28.6095	 0.87	 0.03	188.46	 1.76	 8.73	 0.79	10.28	 2.39	336.91	297.02	307.59	276.72	302.12	0	55.34
1999	8	29	14.837	1701.6182	240.6182	28.6182	 0.82	 0.02	193.64	 1.45	 7.42	 0.64	10.28	 2.37	337.04	297.74	307.90	276.33	302.99	0	55.27
1999	8	29	15.047	1701.6270	240.6270	28.6270	 0.80	 0.02	196.56	 1.95	 7.71	 0.84	10.28	 2.33	336.99	298.36	308.99	276.53	303.79	0	55.31
1999	8	29	15.258	1701.6357	240.6357	28.6357	 0.83	 0.03	194.58	 2.45	11.85	 0.87	10.28	 2.28	337.03	298.99	308.93	276.91	304.53	0	55.38
1999	8	29	15.468	1701.6445	240.6445	28.6445	 0.84	 0.03	198.58	 1.88	 3.18	 0.98	10.30	 2.31	336.94	299.59	310.27	277.74	305.29	0	55.55
1999	8	29	15.679	1701.6533	240.6533	28.6533	 0.78	 0.02	204.01	 1.41	 9.86	 0.37	10.28	 2.27	337.07	300.12	312.07	277.90	306.03	0	55.58
1999	8	29	15.889	1701.6621	240.6620	28.6620	 0.86	 0.03	202.01	 1.83	 8.72	 0.82	10.30	 2.26	337.13	300.65	312.02	278.70	306.64	0	55.74
1999	8	29	16.099	1701.6708	240.6708	28.6708	 0.80	 0.02	207.03	 2.04	15.62	 0.58	10.28	 2.21	337.11	301.06	311.71	279.53	308.53	0	55.91
1999	8	29	16.310	1701.6796	240.6796	28.6796	 0.88	 0.02	209.48	 1.50	 3.40	 0.94	10.28	 2.29	337.12	301.28	313.03	280.61	307.94	0	56.12
1999	8	29	16.520	1701.6884	240.6883	28.6883	 0.96	 0.02	207.14	 1.39	 3.54	 0.94	10.28	 2.32	337.04	301.59	313.33	283.08	308.29	0	56.62
1999	8	29	16.730	1701.6971	240.6971	28.6971	 0.82	 0.02	211.17	 1.64	 2.95	 0.96	10.28	 2.25	337.03	302.00	314.49	283.27	308.67	0	56.65
1999	8	29	16.941	1701.7058	240.7059	28.7059	 0.92	 0.02	207.67	 1.57	 3.52	 0.96	10.30	 2.29	337.07	302.37	314.61	284.49	309.07	0	56.90
1999	8	29	17.151	1701.7146	240.7146	28.7146	 0.94	 0.03	202.41	 1.77	10.76	 0.79	10.28	 2.20	337.06	302.67	314.45	282.93	309.45	0	56.59
1999	8	29	17.361	1701.7234	240.7234	28.7234	 0.88	 0.02	204.26	 1.32	 4.26	 0.85	10.28	 2.21	337.08	302.97	315.02	283.86	309.76	0	56.77
1999	8	29	17.572	1701.7322	240.7322	28.7322	 0.78	 0.02	205.13	 1.37	 9.58	 0.34	10.30	 2.15	337.11	303.31	315.43	286.24	310.05	0	57.25
1999	8	29	17.782	1701.7410	240.7409	28.7409	 0.75	 0.02	206.45	 2.06	 6.04	 0.89	10.28	 2.17	337.19	303.62	316.34	286.69	310.38	0	57.34
1999	8	29	17.993	1701.7496	240.7497	28.7497	 0.76	 0.02	202.12	 2.31	 6.90	 0.91	10.28	 2.09	337.20	303.89	315.17	285.76	310.75	0	57.15
1999	8	29	18.203	1701.7584	240.7585	28.7584	 0.72	 0.02	202.58	 2.44	 6.47	 0.92	10.28	 2.06	337.20	304.11	316.16	285.85	311.02	0	57.17
1999	8	29	18.413	1701.7672	240.7672	28.7672	 0.83	 0.02	201.06	 1.87	 7.90	 0.83	10.28	 2.16	337.20	304.29	317.60	285.22	311.25	0	57.04
1999	8	29	18.623	1701.7760	240.7760	28.7760	 0.78	 0.04	198.21	 3.46	 1.22	 1.00	10.28	 2.02	337.18	304.41	316.69	284.83	311.50	0	56.97
1999	8	29	18.834	1701.7848	240.7847	28.7847	 0.96	 0.17	193.22	 9.71	64.95	 0.99	10.28	 2.03	337.18	304.51	318.33	284.33	311.61	0	56.87
1999	8	29	19.044	1701.7935	240.7935	28.7935	 0.94	 0.03	198.69	 1.90	 5.63	 0.95	10.28	 2.18	337.17	304.57	318.53	283.89	311.73	0	56.78
1999	8	29	19.254	1701.8022	240.8022	28.8022	 0.83	 0.03	198.07	 2.18	 5.76	 0.95	10.27	 2.06	337.15	304.59	317.83	283.23	311.79	0	56.65
1999	8	29	19.464	1701.8110	240.8110	28.8110	 0.85	 0.04	195.72	 2.94	 4.81	 0.99	10.28	 2.04	337.13	304.57	317.95	282.69	311.80	0	56.54
1999	8	29	19.674	1701.8198	240.8198	28.8198	 0.78	 0.04	202.44	 3.16	 9.34	 0.96	10.28	 1.93	337.10	304.53	318.09	282.19	311.78	0	56.44
1999	8	29	19.885	1701.8285	240.8285	28.8285	 0.91	 0.02	199.02	 1.53	 4.72	 0.91	10.28	 1.98	337.09	304.46	318.42	281.32	311.71	0	56.26
1999	8	29	20.095	1701.8373	240.8373	28.8373	 0.88	 0.03	201.32	 2.42	 4.47	 0.99	10.28	 1.98	337.08	304.34	317.91	279.40	311.56	0	55.88
1999	8	29	20.305	1701.8461	240.8460	28.8460	 1.07	 0.03	205.80	 1.58	 7.88	 0.89	10.27	 2.15	337.09	304.17	318.23	276.55	311.37	0	55.31
1999	8	29	20.726	1701.8635	240.8636	28.8636	 0.90	 0.04	193.55	 2.44	 3.35	 0.99	10.28	 1.81	337.11	303.69	316.30	274.02	311.01	0	54.80
1999	8	29	20.936	1701.8723	240.8723	28.8723	 1.02	 0.04	199.80	 2.07	 5.31	 0.98	10.28	 2.04	337.08	303.38	316.58	273.52	310.82	0	54.70
1999	8	29	21.146	1701.8811	240.8811	28.8811	 1.00	 0.04	199.55	 2.40	 3.26	 1.00	10.28	 2.00	337.07	303.01	316.36	274.11	310.59	0	54.82
1999	8	29	21.356	1701.8899	240.8898	28.8898	 0.97	 0.04	196.80	 2.28	 6.16	 0.98	10.28	 1.98	337.02	302.56	315.27	274.41	310.24	0	54.88
1999	8	29	21.567	1701.8986	240.8986	28.8986	 1.15	 0.04	201.63	 1.52	 8.39	 0.89	10.27	 2.22	336.97	301.82	316.44	273.02	309.72	0	54.60
1999	8	29	21.987	1701.9161	240.9161	28.9161	 1.34	 0.05	201.14	 1.54	 2.54	 1.00	10.28	 2.50	336.94	299.64	307.06	270.10	308.26	0	54.02
1999	8	29	22.197	1701.9249	240.9249	28.9249	 1.14	 0.05	200.79	 2.15	 1.58	 1.00	10.28	 2.09	336.91	298.61	314.22	269.96	307.50	0	53.99
1999	8	29	22.407	1701.9336	240.9336	28.9336	 1.03	 0.04	196.05	 2.06	 3.75	 0.99	10.28	 1.93	336.89	297.55	312.03	268.91	306.76	0	53.78
1999	8	29	22.618	1701.9424	240.9424	28.9424	 1.10	 0.05	200.20	 2.13	 2.74	 1.00	10.28	 2.08	336.88	296.44	311.90	267.78	306.04	0	53.56
1999	8	29	22.828	1701.9512	240.9512	28.9512	 1.14	 0.14	201.41	 5.85	41.04	 0.99	10.28	 2.18	336.87	295.40	311.49	266.64	305.12	0	53.33
1999	8	29	23.248	1701.9686	240.9687	28.9687	 1.22	 0.02	206.21	 0.71	 2.84	 0.79	10.28	 2.29	336.81	293.57	310.44	266.01	303.50	0	53.20
1999	8	29	23.459	1701.9774	240.9774	28.9774	 1.09	 0.02	205.56	 1.04	 2.51	 0.94	10.28	 2.21	336.78	292.77	308.85	265.21	302.77	0	53.04
1999	8	29	23.669	1701.9862	240.9862	28.9862	 1.20	 0.02	202.94	 0.80	 2.86	 0.85	10.28	 2.27	336.82	292.04	307.76	264.99	302.14	0	53.00
1999	8	29	23.879	1701.9950	240.9949	28.9950	 1.15	 0.02	203.07	 0.67	 3.38	 0.61	10.27	 2.26	336.81	291.36	307.38	264.86	301.29	0	52.97
1999	8	30	0.089	1702.0037	241.0037	29.0037	 1.07	 0.02	202.36	 1.13	 1.91	 0.98	10.28	 2.24	336.79	290.72	305.91	264.44	300.65	0	52.89
1999	8	30	0.299	1702.0125	241.0125	29.0125	 1.07	 0.02	200.94	 1.02	 0.89	 0.99	10.28	 2.18	336.75	290.13	305.59	264.28	299.96	0	52.86
1999	8	30	0.510	1702.0212	241.0212	29.0212	 1.12	 0.02	202.58	 1.07	 5.16	 0.81	10.28	 2.35	336.77	289.59	304.85	264.18	299.34	0	52.84
1999	8	30	0.720	1702.0300	241.0300	29.0300	 1.03	 0.02	199.54	 1.20	 6.47	 0.76	10.27	 2.26	336.75	289.09	303.67	263.91	298.69	0	52.78
1999	8	30	0.930	1702.0387	241.0388	29.0387	 1.05	 0.02	202.86	 0.81	 3.17	 0.74	10.28	 2.35	336.76	288.62	303.26	263.17	298.37	0	52.63
1999	8	30	1.140	1702.0475	241.0475	29.0475	 1.02	 0.02	200.65	 1.10	 2.88	 0.92	10.28	 2.29	336.76	288.18	301.87	262.64	297.54	0	52.53
1999	8	30	1.351	1702.0563	241.0563	29.0563	 1.04	 0.02	203.80	 0.84	 1.32	 0.96	10.28	 2.35	336.71	287.69	302.35	262.14	296.92	0	52.43
1999	8	30	1.561	1702.0651	241.0650	29.0650	 1.00	 0.02	201.81	 1.06	 2.45	 0.93	10.28	 2.31	336.71	287.25	301.02	262.09	296.50	0	52.42
1999	8	30	1.771	1702.0739	241.0738	29.0738	 1.04	 0.02	204.68	 1.01	 3.47	 0.86	10.27	 2.45	336.67	286.83	301.61	262.15	295.91	0	52.43
1999	8	30	1.981	1702.0825	241.0826	29.0825	 1.02	 0.02	202.55	 1.21	 3.01	 0.94	10.28	 2.38	336.68	286.41	300.39	261.56	295.39	0	52.31
1999	8	30	2.191	1702.0913	241.0913	29.0913	 0.98	 0.02	202.01	 1.14	 1.06	 0.99	10.28	 2.40	336.66	286.00	299.65	260.90	294.86	0	52.18
1999	8	30	2.402	1702.1001	241.1001	29.1001	 0.85	 0.02	199.77	 1.14	 2.73	 0.87	10.28	 2.30	336.64	285.60	298.45	260.43	294.41	0	52.09
1999	8	30	2.612	1702.1089	241.1088	29.1088	 0.77	 0.02	195.29	 1.66	 2.24	 0.97	10.28	 2.32	336.61	285.22	297.28	 0.00	293.90	0	54.00
1999	8	30	2.822	1702.1176	241.1176	29.1176	 0.76	 0.02	191.98	 2.04	 3.49	 0.96	10.27	 2.29	336.63	284.84	296.91	260.44	293.40	0	52.09
1999	8	30	3.032	1702.1263	241.1263	29.1263	 0.73	 0.02	193.69	 2.04	 4.04	 0.94	10.28	 2.40	336.62	284.48	297.78	260.12	292.97	0	52.02
1999	8	30	3.243	1702.1351	241.1351	29.1351	 0.68	 0.02	199.11	 2.35	 4.85	 0.93	10.28	 2.35	336.63	284.15	296.64	260.28	292.55	0	52.06
1999	8	30	3.453	1702.1439	241.1439	29.1439	 0.72	 0.03	195.84	 2.69	 4.25	 0.98	10.28	 2.42	336.64	283.86	296.50	260.50	292.13	0	52.10
1999	8	30	3.663	1702.1526	241.1526	29.1526	 0.75	 0.02	192.49	 1.93	 4.34	 0.92	10.27	 2.42	336.62	283.58	296.23	260.50	291.74	0	52.10
1999	8	30	3.873	1702.1614	241.1614	29.1614	 0.64	 0.02	195.40	 2.45	 8.36	 0.76	10.28	 2.34	336.61	283.32	294.70	260.29	291.34	0	52.06
1999	8	30	4.083	1702.1702	241.1701	29.1701	 0.61	 0.02	195.86	 3.01	 6.12	 0.92	10.28	 2.30	336.63	283.06	294.27	260.22	291.04	0	52.04
1999	8	30	4.294	1702.1790	241.1789	29.1789	 0.69	 0.03	192.46	 2.88	 7.92	 0.92	10.30	 2.45	336.63	282.83	294.07	260.48	290.66	0	52.10
1999	8	30	4.504	1702.1876	241.1877	29.1877	 0.66	 0.02	193.52	 2.00	 5.67	 0.78	10.28	 2.43	336.57	282.62	293.55	260.69	290.30	0	52.14
1999	8	30	4.714	1702.1964	241.1964	29.1964	 0.68	 0.02	190.10	 2.53	12.51	 0.68	10.28	 2.38	336.64	282.44	293.75	260.80	290.06	0	52.16
1999	8	30	4.925	1702.2052	241.2052	29.2052	 0.73	 0.02	189.38	 2.22	 8.37	 0.82	10.28	 2.41	336.56	282.33	292.85	261.19	289.96	0	52.24
1999	8	30	5.135	1702.2140	241.2140	29.2140	 0.77	 0.02	192.27	 1.66	10.00	 0.53	10.28	 2.46	336.59	282.25	294.25	262.47	289.55	0	52.49
1999	8	30	5.345	1702.2227	241.2227	29.2227	 0.75	 0.02	193.81	 1.98	 6.43	 0.86	10.27	 2.46	336.57	282.18	292.77	262.28	289.71	0	52.46
1999	8	30	5.555	1702.2314	241.2315	29.2315	 0.70	 0.02	195.28	 1.76	 7.66	 0.62	10.28	 2.36	336.60	282.09	292.65	262.08	289.21	0	52.42
1999	8	30	5.766	1702.2402	241.2402	29.2402	 0.72	 0.02	193.03	 1.82	 9.18	 0.59	10.28	 2.31	336.57	281.99	291.60	261.88	289.06	0	52.38
1999	8	30	5.976	1702.2490	241.2490	29.2490	 0.75	 0.02	194.47	 1.79	 7.16	 0.75	10.28	 2.38	336.56	281.89	291.88	261.72	288.88	0	52.34
1999	8	30	6.186	1702.2578	241.2578	29.2578	 0.81	 0.02	195.63	 1.52	 3.61	 0.91	10.28	 2.47	336.57	281.79	292.84	261.64	288.71	0	52.33
1999	8	30	6.396	1702.2665	241.2665	29.2665	 0.78	 0.02	192.43	 2.06	 5.82	 0.91	10.27	 2.36	336.55	281.70	290.82	261.54	288.58	0	52.31
1999	8	30	6.606	1702.2753	241.2753	29.2753	 0.80	 0.02	197.16	 1.66	 5.70	 0.83	10.28	 2.43	336.53	281.62	291.32	261.65	288.41	0	52.33
1999	8	30	6.817	1702.2841	241.2840	29.2840	 0.79	 0.02	192.97	 1.23	 3.27	 0.81	10.28	 2.33	336.52	281.54	290.50	261.66	288.28	0	52.33
1999	8	30	7.027	1702.2928	241.2928	29.2928	 0.86	 0.02	193.42	 1.38	 6.62	 0.71	10.28	 2.46	336.50	281.46	290.89	261.64	288.54	0	52.33
1999	8	30	7.237	1702.3015	241.3015	29.3016	 0.80	 0.02	191.94	 1.39	 5.97	 0.68	10.28	 2.42	336.52	281.38	289.94	261.59	288.03	0	52.32
1999	8	30	7.448	1702.3103	241.3103	29.3103	 0.80	 0.02	190.07	 1.53	 9.16	 0.56	10.28	 2.38	336.49	281.28	290.60	261.10	287.90	0	52.22
1999	8	30	7.658	1702.3191	241.3191	29.3191	 0.72	 0.02	191.64	 1.93	 6.71	 0.78	10.27	 2.35	336.47	281.15	290.25	260.96	287.78	0	52.19
1999	8	30	7.868	1702.3279	241.3278	29.3278	 0.70	 0.02	193.63	 1.93	 9.10	 0.62	10.28	 2.34	336.46	281.07	290.27	261.34	287.97	0	52.27
1999	8	30	8.078	1702.3365	241.3366	29.3366	 0.73	 0.02	191.64	 2.04	 7.13	 0.82	10.28	 2.32	336.43	280.95	289.74	260.78	287.56	0	52.16
1999	8	30	8.288	1702.3453	241.3454	29.3453	 0.72	 0.02	193.85	 1.73	 4.24	 0.86	10.28	 2.36	336.42	280.80	289.55	260.07	287.41	0	52.01
1999	8	30	8.499	1702.3541	241.3541	29.3541	 0.74	 0.02	195.01	 1.99	 6.04	 0.86	10.28	 2.38	336.43	280.66	290.43	259.90	287.24	0	51.98
1999	8	30	8.709	1702.3629	241.3629	29.3629	 0.74	 0.02	193.82	 2.19	 3.78	 0.96	10.28	 2.36	336.35	280.48	289.36	259.81	287.15	0	51.96
1999	8	30	8.919	1702.3716	241.3716	29.3716	 0.72	 0.02	193.20	 2.33	 9.35	 0.80	10.28	 2.32	336.36	280.36	288.67	259.27	286.93	0	51.85
1999	8	30	9.129	1702.3804	241.3804	29.3804	 0.76	 0.02	194.02	 1.76	 7.52	 0.73	10.28	 2.39	336.35	280.22	289.34	258.52	286.75	0	51.70
1999	8	30	9.339	1702.3892	241.3891	29.3891	 0.73	 0.02	196.50	 2.13	 7.13	 0.84	10.28	 2.34	336.40	280.01	289.96	258.03	286.52	0	51.61
1999	8	30	9.550	1702.3979	241.3979	29.3979	 0.77	 0.02	195.60	 1.83	 4.60	 0.91	10.28	 2.40	336.39	279.83	289.53	258.18	286.35	0	51.64
1999	8	30	9.760	1702.4066	241.4067	29.4067	 0.81	 0.02	195.67	 1.66	 6.33	 0.80	10.28	 2.47	336.40	279.67	290.43	257.89	286.16	0	51.58
1999	8	30	9.970	1702.4154	241.4154	29.4154	 0.72	 0.01	197.08	 1.43	 4.71	 0.68	10.28	 2.35	336.37	279.52	288.59	257.91	285.98	0	51.58
1999	8	30	10.231	1702.4263	241.4263	29.4263	 0.69	 0.02	197.22	 2.29	 3.17	 0.97	10.35	 2.32	336.36	279.32	288.15	257.74	285.64	0	51.55
1999	8	30	10.443	1702.4351	241.4351	29.4351	 0.76	 0.02	195.74	 1.48	 5.54	 0.70	10.28	 2.44	336.33	279.17	288.76	257.53	285.55	0	51.51
1999	8	30	10.653	1702.4438	241.4439	29.4439	 0.76	 0.02	192.75	 1.83	 5.76	 0.85	10.30	 2.40	336.37	279.03	288.54	257.69	285.41	0	51.54
1999	8	30	10.864	1702.4526	241.4527	29.4527	 0.77	 0.02	193.39	 1.70	 6.87	 0.75	10.30	 2.44	336.36	278.95	288.11	258.25	285.53	0	51.65
1999	8	30	11.074	1702.4614	241.4614	29.4614	 0.77	 0.02	192.62	 1.90	 7.07	 0.82	10.28	 2.43	336.36	278.92	288.05	259.15	285.10	0	51.83
1999	8	30	11.284	1702.4702	241.4702	29.4702	 0.76	 0.03	178.12	 2.10	14.50	 0.58	10.28	 2.39	336.48	279.53	289.68	261.79	285.07	0	52.36
1999	8	30	11.495	1702.4790	241.4790	29.4790	 0.77	 0.02	177.21	 1.73	12.16	 0.47	10.28	 2.39	336.56	280.47	290.98	264.94	285.59	0	52.99
1999	8	30	11.705	1702.4877	241.4877	29.4877	 0.72	 0.02	173.61	 2.11	11.56	 0.62	10.30	 2.34	336.60	281.47	290.20	267.93	286.29	0	53.59
1999	8	30	11.916	1702.4965	241.4965	29.4965	 0.74	 0.02	175.00	 1.76	13.53	 0.36	10.28	 2.39	336.63	282.51	290.49	269.93	287.77	0	53.99
1999	8	30	12.127	1702.5052	241.5053	29.5053	 0.77	 0.02	176.23	 1.80	24.57	 0.13	10.28	 2.44	336.66	283.60	292.56	271.36	287.45	0	54.27
1999	8	30	13.029	1702.5428	241.5429	29.5429	 0.76	 0.03	176.47	 2.10	17.40	 0.47	10.35	 2.44	336.78	288.02	296.84	269.46	292.04	0	53.89
1999	8	30	13.239	1702.5516	241.5517	29.5516	 0.72	 0.02	179.99	 2.05	16.63	 0.37	10.28	 2.40	336.93	288.93	296.55	269.46	292.96	0	53.89
1999	8	30	13.450	1702.5604	241.5604	29.5604	 0.81	 0.02	182.39	 1.73	19.47	 0.27	10.28	 2.49	336.94	289.79	298.85	269.69	293.90	0	53.94
1999	8	30	13.660	1702.5692	241.5692	29.5692	 0.80	 0.03	180.46	 2.00	32.02	 0.15	10.27	 2.48	336.95	290.63	299.08	270.03	294.78	0	54.01
1999	8	30	13.870	1702.5779	241.5779	29.5779	 0.79	 0.03	181.26	 2.47	18.65	 0.66	10.28	 2.37	336.90	291.40	299.95	270.36	296.94	0	54.07
1999	8	30	14.080	1702.5867	241.5867	29.5867	 0.76	 0.03	184.93	 2.56	 9.78	 0.89	10.28	 2.35	336.92	292.15	300.13	270.45	296.56	0	54.09
1999	8	30	14.291	1702.5955	241.5954	29.5954	 0.85	 0.02	185.78	 1.71	 8.46	 0.76	10.28	 2.37	336.84	292.86	301.83	271.23	297.36	0	54.25
1999	8	30	14.501	1702.6042	241.6042	29.6042	 0.87	 0.03	187.48	 2.01	14.86	 0.69	10.28	 2.40	336.91	293.55	303.06	271.72	298.20	0	54.34
1999	8	30	14.711	1702.6129	241.6130	29.6130	 0.85	 0.03	189.63	 2.44	 9.57	 0.92	10.28	 2.42	337.02	294.21	303.76	272.27	298.81	0	54.45
1999	8	30	14.921	1702.6217	241.6217	29.6217	 0.85	 0.03	190.56	 1.97	 8.30	 0.87	10.28	 2.39	336.95	294.80	304.56	272.33	301.00	0	54.47
1999	8	30	15.132	1702.6305	241.6305	29.6305	 0.87	 0.03	192.14	 1.95	 4.56	 0.96	10.28	 2.39	336.99	295.35	305.22	272.90	301.77	0	54.58
1999	8	30	15.342	1702.6393	241.6393	29.6392	 0.90	 0.04	194.04	 2.64	 2.09	 1.00	10.28	 2.41	336.96	295.90	306.94	273.56	301.12	0	54.71
1999	8	30	15.552	1702.6479	241.6480	29.6480	 0.93	 0.04	196.93	 2.54	 3.26	 1.00	10.28	 2.45	336.97	296.40	306.26	273.84	303.13	0	54.77
1999	8	30	15.762	1702.6567	241.6568	29.6568	 0.81	 0.04	196.95	 3.13	11.41	 0.95	10.28	 2.19	336.97	296.89	308.47	 0.00	302.49	0	54.00
1999	8	30	15.973	1702.6655	241.6655	29.6655	 0.81	 0.02	198.15	 2.01	 4.39	 0.96	10.28	 2.20	336.95	297.38	307.29	274.74	304.47	0	54.95
1999	8	30	16.183	1702.6743	241.6743	29.6743	 1.01	 0.05	201.16	 2.52	 4.58	 0.99	10.28	 2.44	337.04	297.71	308.74	275.73	303.85	0	55.15
1999	8	30	16.394	1702.6831	241.6831	29.6831	 0.93	 0.03	206.40	 2.06	 2.72	 0.99	10.28	 2.35	337.00	297.95	307.58	277.75	305.42	0	55.55
1999	8	30	16.604	1702.6918	241.6918	29.6918	 1.05	 0.03	199.48	 1.34	 4.05	 0.94	10.28	 2.31	336.99	298.32	308.90	278.68	304.52	0	55.74
1999	8	30	16.814	1702.7006	241.7006	29.7006	 0.98	 0.04	202.15	 2.29	 3.35	 1.00	10.30	 2.28	336.97	298.71	309.52	278.59	304.95	0	55.72
1999	8	30	17.025	1702.7094	241.7094	29.7094	 1.03	 0.05	199.11	 2.60	 4.99	 0.99	10.28	 2.21	336.98	299.07	309.71	278.57	306.33	0	55.71
1999	8	30	17.235	1702.7181	241.7181	29.7181	 1.05	 0.04	202.09	 1.79	 4.53	 0.98	10.28	 2.26	337.04	299.43	311.33	279.09	305.73	0	55.82
1999	8	30	17.445	1702.7269	241.7269	29.7269	 1.23	 0.06	202.77	 2.13	11.23	 0.96	10.28	 2.38	337.08	299.80	312.01	279.49	305.99	0	55.90
1999	8	30	17.656	1702.7356	241.7356	29.7356	 1.05	 0.06	202.24	 2.91	 1.87	 1.00	10.27	 2.22	337.04	300.10	310.94	279.51	306.33	0	55.90
1999	8	30	17.866	1702.7444	241.7444	29.7444	 1.21	 0.04	209.67	 1.60	 3.43	 0.99	10.28	 2.50	336.98	300.37	311.88	279.83	306.65	0	55.97
1999	8	30	18.076	1702.7532	241.7532	29.7532	 1.01	 0.05	207.38	 2.53	 2.82	 1.00	10.28	 2.19	336.95	300.64	312.54	279.69	306.94	0	55.94
1999	8	30	18.286	1702.7620	241.7619	29.7619	 1.25	 0.06	206.25	 2.11	 4.54	 0.99	10.28	 2.28	336.88	300.87	313.08	279.92	307.21	0	55.98
1999	8	30	18.496	1702.7706	241.7707	29.7707	 1.22	 0.04	197.87	 1.49	 6.57	 0.94	10.27	 2.02	336.84	301.10	311.76	280.28	307.47	0	56.06
1999	8	30	18.706	1702.7794	241.7794	29.7794	 1.42	 0.08	202.79	 2.34	 1.36	 1.00	10.28	 2.17	336.88	301.29	313.39	279.61	307.71	0	55.92
1999	8	30	18.917	1702.7882	241.7882	29.7882	 1.39	 0.07	205.49	 2.06	 3.75	 1.00	10.28	 2.23	336.87	301.44	311.76	279.25	307.87	0	55.85
1999	8	30	19.127	1702.7970	241.7970	29.7970	 1.57	 0.09	198.35	 1.98	 6.87	 0.99	10.28	 2.04	336.88	301.58	312.12	279.71	308.00	0	55.94
1999	8	30	19.337	1702.8057	241.8057	29.8057	 1.45	 0.08	206.52	 2.02	 4.87	 1.00	10.28	 2.18	336.87	301.69	313.40	279.55	308.14	0	55.91
1999	8	30	19.547	1702.8145	241.8145	29.8145	 1.48	 0.06	205.63	 1.52	 1.18	 1.00	10.27	 2.27	336.89	301.79	313.73	279.27	308.24	0	55.85
1999	8	30	19.757	1702.8232	241.8232	29.8232	 1.39	 0.08	202.33	 2.28	10.55	 0.98	10.28	 2.08	336.87	301.81	314.09	278.29	308.24	0	55.66
1999	8	30	19.968	1702.8320	241.8320	29.8320	 1.45	 0.06	202.33	 1.44	 2.42	 1.00	10.28	 2.09	336.84	301.81	312.55	277.22	309.01	0	55.44
1999	8	30	20.178	1702.8407	241.8408	29.8408	 1.41	 0.07	202.11	 2.01	 4.73	 1.00	10.28	 2.03	336.85	301.78	312.52	276.06	308.17	0	55.21
1999	8	30	20.388	1702.8495	241.8495	29.8495	 1.42	 0.06	204.98	 1.71	 0.96	 1.00	10.27	 2.20	336.89	301.69	311.46	273.85	308.09	0	54.77
1999	8	30	20.598	1702.8583	241.8583	29.8583	 1.54	 0.08	208.10	 1.90	 2.84	 1.00	10.28	 2.33	336.84	301.56	313.60	272.96	307.93	0	54.59
1999	8	30	20.809	1702.8671	241.8670	29.8670	 1.63	 0.12	206.65	 2.43	 6.14	 1.00	10.28	 2.24	336.88	301.38	314.15	272.51	307.97	0	54.50
1999	8	30	21.019	1702.8757	241.8758	29.8758	 1.42	 0.08	201.57	 2.19	 4.29	 1.00	10.28	 2.25	336.86	301.16	312.33	272.26	307.83	0	54.45
1999	8	30	21.229	1702.8845	241.8845	29.8845	 1.22	 0.06	207.10	 2.30	 4.36	 1.00	10.27	 2.13	336.82	300.85	313.54	273.47	308.41	0	54.69
1999	8	30	21.439	1702.8933	241.8933	29.8933	 1.46	 0.06	209.39	 1.66	 1.69	 1.00	10.28	 2.26	336.76	300.39	313.94	270.91	307.98	0	54.18
1999	8	30	21.649	1702.9021	241.9021	29.9021	 1.58	 0.07	208.73	 1.55	 1.52	 1.00	10.28	 2.22	336.77	299.60	311.99	270.60	306.91	0	54.12
1999	8	30	21.859	1702.9108	241.9108	29.9108	 1.73	 0.09	206.85	 1.57	 2.60	 1.00	10.27	 2.25	336.73	298.53	311.82	269.78	306.28	0	53.96
1999	8	30	22.070	1702.9196	241.9196	29.9196	 1.77	 0.08	202.85	 1.39	 0.41	 1.00	10.28	 2.09	336.69	297.57	311.09	268.96	305.77	0	53.79
1999	8	30	22.280	1702.9283	241.9283	29.9283	 1.66	 0.07	202.71	 1.43	 0.64	 1.00	10.28	 2.12	336.68	296.61	311.57	268.34	304.89	0	53.67
1999	8	30	22.490	1702.9371	241.9371	29.9371	 1.74	 0.07	205.44	 1.19	 0.92	 1.00	10.28	 2.24	336.67	295.60	310.50	267.07	304.25	0	53.41
1999	8	30	22.701	1702.9458	241.9459	29.9459	 1.60	 0.05	204.87	 1.16	 1.45	 1.00	10.28	 2.27	336.60	294.58	309.05	266.09	303.54	0	53.22
1999	8	30	22.911	1702.9546	241.9546	29.9546	 1.53	 0.03	204.71	 0.83	 0.55	 1.00	10.27	 2.25	336.59	293.66	308.74	265.14	302.76	0	53.03
1999	8	30	23.331	1702.9722	241.9721	29.9721	 1.56	 0.26	202.24	 5.72	64.88	 0.99	10.28	 2.25	336.57	292.02	306.78	264.54	301.62	0	52.91
1999	8	30	23.541	1702.9808	241.9809	29.9809	 1.24	 0.07	200.80	 2.45	 1.32	 1.00	10.28	 2.22	336.56	291.26	306.95	263.94	300.69	0	52.79
1999	8	30	23.752	1702.9896	241.9897	29.9897	 1.20	 0.03	202.07	 1.07	 3.71	 0.92	10.27	 2.26	336.55	290.54	305.99	262.82	300.00	0	52.56
1999	8	30	23.962	1702.9984	241.9984	29.9984	 1.19	 0.02	203.35	 0.85	 4.73	 0.71	10.32	 2.31	336.50	289.85	304.99	262.42	299.29	0	52.48
1999	8	31	0.172	1703.0072	242.0072	30.0072	 1.16	 0.02	203.07	 0.78	 3.78	 0.72	10.27	 2.36	336.51	289.20	304.34	261.40	298.65	0	52.28
1999	8	31	0.383	1703.0160	242.0159	30.0159	 1.17	 0.03	204.45	 1.04	 2.88	 0.94	10.28	 2.38	336.56	288.62	303.58	261.42	297.99	0	52.28
1999	8	31	0.593	1703.0247	242.0247	30.0247	 1.18	 0.02	203.82	 0.86	 1.46	 0.97	10.28	 2.34	336.49	288.08	302.51	261.37	297.33	0	52.27
1999	8	31	0.803	1703.0334	242.0335	30.0335	 1.15	 0.03	199.23	 1.31	 2.81	 0.98	10.28	 2.32	336.44	287.59	300.75	261.05	296.63	0	52.21
1999	8	31	1.013	1703.0422	242.0422	30.0422	 1.15	 0.03	203.79	 1.16	 3.05	 0.96	10.27	 2.38	336.42	287.08	300.56	261.41	296.19	0	52.28
1999	8	31	1.223	1703.0510	242.0510	30.0510	 1.13	 0.03	204.43	 1.34	 1.14	 1.00	10.28	 2.34	336.44	286.60	301.06	260.86	295.58	0	52.17
1999	8	31	1.434	1703.0597	242.0597	30.0597	 1.14	 0.03	206.37	 1.15	 0.88	 1.00	10.28	 2.37	336.38	286.15	300.14	260.66	295.07	0	52.13
1999	8	31	1.644	1703.0685	242.0685	30.0685	 1.10	 0.02	203.64	 0.99	 1.24	 0.99	10.28	 2.30	336.40	285.74	298.66	260.20	294.59	0	52.04
1999	8	31	1.854	1703.0773	242.0772	30.0772	 1.15	 0.02	204.27	 1.00	 2.14	 0.96	10.27	 2.37	336.41	285.37	298.55	260.16	294.04	0	52.03
1999	8	31	2.064	1703.0861	242.0860	30.0860	 1.15	 0.02	203.31	 0.88	 1.25	 0.98	10.28	 2.39	336.39	284.97	297.88	259.54	293.58	0	51.91
1999	8	31	2.274	1703.0947	242.0948	30.0948	 1.09	 0.04	203.83	 2.04	 5.87	 0.98	10.28	 2.39	336.42	284.57	297.27	259.23	293.09	0	51.85
1999	8	31	2.484	1703.1035	242.1035	30.1035	 1.12	 0.03	203.32	 1.20	 1.51	 0.99	10.27	 2.41	336.39	284.23	296.92	259.48	292.66	0	51.90
1999	8	31	2.695	1703.1123	242.1123	30.1123	 1.08	 0.04	201.30	 1.70	 3.21	 0.99	10.28	 2.39	336.36	283.90	295.67	259.81	292.17	0	51.96
1999	8	31	2.905	1703.1211	242.1210	30.1210	 1.09	 0.02	201.70	 0.88	 3.41	 0.81	10.28	 2.39	336.42	283.59	296.00	259.58	291.79	0	51.92
1999	8	31	3.115	1703.1298	242.1298	30.1298	 1.10	 0.03	202.80	 1.26	 2.72	 0.97	10.28	 2.35	336.37	283.30	295.34	259.50	291.35	0	51.90
1999	8	31	3.326	1703.1385	242.1386	30.1386	 1.12	 0.02	202.08	 1.02	 0.66	 1.00	10.27	 2.33	336.34	283.03	294.85	259.27	291.02	0	51.85
1999	8	31	3.536	1703.1473	242.1473	30.1473	 1.12	 0.03	204.34	 1.27	 2.03	 0.99	10.28	 2.40	336.35	282.77	294.19	259.44	290.65	0	51.89
1999	8	31	3.746	1703.1561	242.1561	30.1561	 1.09	 0.03	203.97	 1.38	 1.69	 0.99	10.28	 2.37	336.32	282.54	293.21	259.39	290.44	0	51.88
1999	8	31	3.956	1703.1648	242.1648	30.1648	 1.17	 0.03	203.62	 1.09	 1.39	 0.99	10.27	 2.38	336.34	282.33	293.42	259.41	289.92	0	51.88
1999	8	31	4.166	1703.1736	242.1736	30.1736	 1.20	 0.03	203.74	 1.17	 0.80	 1.00	10.28	 2.35	336.34	282.12	292.85	259.16	289.63	0	51.83
1999	8	31	4.376	1703.1824	242.1823	30.1824	 1.31	 0.03	203.89	 1.06	 2.06	 0.98	10.28	 2.39	336.32	281.91	292.69	258.88	289.36	0	51.78
1999	8	31	4.587	1703.1912	242.1911	30.1911	 1.29	 0.03	204.07	 0.91	 2.63	 0.94	10.28	 2.35	336.31	281.71	292.13	259.11	289.07	0	51.82
1999	8	31	4.797	1703.1998	242.1999	30.1999	 1.32	 0.03	204.67	 1.04	 1.20	 0.99	10.27	 2.38	336.30	281.54	291.52	258.91	288.81	0	51.78
1999	8	31	5.007	1703.2086	242.2086	30.2086	 1.29	 0.03	204.11	 1.11	 2.02	 0.99	10.28	 2.36	336.27	281.36	291.17	259.21	287.99	0	51.84
1999	8	31	5.217	1703.2174	242.2174	30.2174	 1.30	 0.02	205.00	 0.80	 0.99	 0.99	10.28	 2.40	336.28	281.22	291.55	259.28	288.27	0	51.86
1999	8	31	5.427	1703.2262	242.2262	30.2261	 1.25	 0.03	203.38	 1.12	 1.06	 1.00	10.28	 2.39	336.30	281.10	291.39	 0.00	288.19	0	54.00
1999	8	31	5.638	1703.2349	242.2349	30.2349	 1.28	 0.02	203.76	 0.71	 3.01	 0.80	10.27	 2.39	336.29	280.97	290.36	259.47	287.84	0	51.89
1999	8	31	5.848	1703.2437	242.2437	30.2437	 1.26	 0.03	204.11	 1.08	 3.21	 0.95	10.28	 2.41	336.30	280.85	290.18	259.48	287.65	0	51.90
1999	8	31	6.058	1703.2524	242.2524	30.2524	 1.25	 0.03	203.51	 1.04	 1.35	 0.99	10.28	 2.38	336.32	280.73	289.83	259.37	287.50	0	51.87
1999	8	31	6.268	1703.2612	242.2612	30.2612	 1.30	 0.03	204.35	 0.85	 3.03	 0.90	10.27	 2.44	336.30	280.61	289.94	259.24	287.28	0	51.85
1999	8	31	6.478	1703.2699	242.2699	30.2699	 1.33	 0.03	203.29	 0.94	 1.58	 0.98	10.28	 2.40	336.27	280.47	289.92	259.03	287.11	0	51.81
1999	8	31	6.689	1703.2787	242.2787	30.2787	 1.22	 0.03	203.96	 1.01	 1.59	 0.98	10.28	 2.35	336.30	280.38	289.66	258.90	286.96	0	51.78
1999	8	31	6.899	1703.2875	242.2875	30.2875	 1.21	 0.03	203.09	 1.16	 1.06	 1.00	10.28	 2.35	336.25	280.30	289.23	258.90	286.80	0	51.78
1999	8	31	7.109	1703.2963	242.2962	30.2962	 1.14	 0.04	202.16	 1.52	 1.81	 1.00	10.27	 2.35	336.25	280.22	288.37	258.96	286.62	0	51.79
1999	8	31	7.319	1703.3049	242.3050	30.3050	 1.13	 0.02	200.79	 0.72	 1.08	 0.96	10.28	 2.36	336.27	280.14	288.24	259.00	286.80	0	51.80
1999	8	31	7.529	1703.3137	242.3137	30.3137	 1.08	 0.03	201.25	 1.22	 3.52	 0.94	10.28	 2.35	336.25	280.12	288.95	260.25	286.38	0	52.05
1999	8	31	7.740	1703.3225	242.3225	30.3225	 1.03	 0.03	202.34	 1.35	 3.59	 0.95	10.28	 2.41	336.27	280.11	287.72	260.89	286.29	0	52.18
1999	8	31	7.950	1703.3313	242.3313	30.3312	 1.00	 0.03	201.66	 1.39	 2.12	 0.98	10.27	 2.33	336.25	280.12	287.67	260.77	286.25	0	52.15
1999	8	31	8.160	1703.3400	242.3400	30.3400	 1.05	 0.02	202.75	 1.15	 2.60	 0.95	10.28	 2.34	336.25	280.10	289.00	260.56	286.22	0	52.11
1999	8	31	8.370	1703.3488	242.3488	30.3488	 1.04	 0.03	201.69	 1.43	 1.77	 0.99	10.28	 2.38	336.30	280.07	287.17	260.26	286.15	0	52.05
1999	8	31	8.581	1703.3575	242.3575	30.3575	 1.05	 0.03	201.81	 1.48	 1.45	 1.00	10.28	 2.32	336.25	280.01	287.96	259.92	286.07	0	51.98
1999	8	31	8.791	1703.3663	242.3663	30.3663	 1.08	 0.03	201.90	 1.31	 4.78	 0.91	10.27	 2.39	336.26	279.93	288.13	259.40	286.02	0	51.88
1999	8	31	9.001	1703.3750	242.3750	30.3750	 1.10	 0.02	201.05	 1.00	 2.39	 0.94	10.28	 2.36	336.26	279.83	289.01	258.81	285.88	0	51.76
1999	8	31	9.211	1703.3838	242.3838	30.3838	 1.06	 0.02	202.31	 1.12	 1.52	 0.98	10.28	 2.38	336.26	279.75	287.75	259.36	285.83	0	51.87
1999	8	31	9.473	1703.3947	242.3947	30.3947	 1.02	 0.03	201.45	 1.33	 2.26	 0.98	10.35	 2.35	336.30	279.67	287.11	259.23	285.69	0	51.85
1999	8	31	10.373	1703.4323	242.4322	30.4322	 1.10	 0.02	202.88	 0.87	 3.49	 0.80	10.35	 2.50	336.22	279.16	288.72	259.28	285.38	0	51.86
1999	8	31	10.584	1703.4410	242.4410	30.4410	 0.99	 0.02	201.01	 1.34	 4.97	 0.89	10.27	 2.38	336.23	279.18	286.95	259.84	285.31	0	51.97
1999	8	31	10.794	1703.4498	242.4498	30.4498	 0.99	 0.03	199.38	 1.38	 2.57	 0.97	10.28	 2.38	336.22	279.23	286.90	260.27	285.23	0	52.05
1999	8	31	11.005	1703.4585	242.4585	30.4585	 0.97	 0.03	198.89	 1.44	 4.25	 0.93	10.28	 2.33	336.23	279.29	286.91	260.37	285.19	0	52.07
1999	8	31	11.215	1703.4673	242.4673	30.4673	 1.13	 0.03	184.36	 1.24	 9.82	 0.68	10.28	 2.36	336.29	279.73	288.99	262.80	285.18	0	52.56
1999	8	31	11.425	1703.4761	242.4760	30.4760	 1.01	 0.02	186.00	 1.21	15.84	 0.26	10.27	 2.37	336.43	280.73	289.61	266.93	285.66	0	53.39
1999	8	31	11.635	1703.4849	242.4848	30.4848	 1.08	 0.03	186.47	 1.22	11.95	 0.51	10.30	 2.44	336.46	281.77	290.46	268.55	286.36	0	53.71
1999	8	31	11.846	1703.4935	242.4936	30.4936	 1.04	 0.03	185.68	 1.24	13.23	 0.43	10.27	 2.39	336.48	282.89	290.75	271.77	287.14	0	54.35
1999	8	31	12.056	1703.5023	242.5023	30.5023	 1.07	 0.03	182.37	 1.23	13.85	 0.43	10.28	 2.34	336.53	284.03	290.93	273.69	288.02	0	54.74
1999	8	31	12.266	1703.5111	242.5111	30.5111	 1.07	 0.03	183.60	 1.52	15.59	 0.61	10.28	 2.36	336.55	285.16	291.76	274.48	288.98	0	54.90
1999	8	31	12.476	1703.5199	242.5199	30.5198	 1.11	 0.03	184.49	 1.14	20.60	 0.16	10.28	 2.40	336.61	286.31	293.24	274.39	290.02	0	54.88
1999	8	31	12.687	1703.5286	242.5286	30.5286	 1.02	 0.02	184.54	 1.10	22.39	 0.05	10.28	 2.31	336.64	287.50	294.29	273.56	291.13	0	54.71
1999	8	31	12.897	1703.5374	242.5374	30.5374	 0.99	 0.02	185.39	 0.94	18.20	 0.02	10.28	 2.37	336.68	288.61	294.82	273.19	293.30	0	54.64
1999	8	31	13.108	1703.5461	242.5461	30.5461	 1.01	 0.03	186.65	 1.46	17.81	 0.40	10.28	 2.38	336.65	289.66	296.48	273.05	294.43	0	54.61
1999	8	31	13.318	1703.5549	242.5549	30.5549	 1.04	 0.03	186.28	 1.43	10.25	 0.72	10.28	 2.40	336.71	290.68	297.79	273.21	294.47	0	54.64
1999	8	31	13.528	1703.5637	242.5637	30.5637	 1.01	 0.03	189.60	 1.55	10.86	 0.74	10.28	 2.43	336.73	291.64	299.79	273.41	295.46	0	54.68
1999	8	31	13.739	1703.5724	242.5724	30.5724	 1.03	 0.02	189.76	 1.16	11.63	 0.42	10.30	 2.50	336.73	292.57	300.95	273.85	296.53	0	54.77
1999	8	31	13.949	1703.5812	242.5812	30.5812	 0.91	 0.03	189.23	 1.61	13.34	 0.57	10.28	 2.33	336.77	293.42	300.42	274.30	298.89	0	54.86
1999	8	31	14.159	1703.5900	242.5900	30.5900	 0.97	 0.02	189.57	 1.20	12.45	 0.34	10.28	 2.32	336.78	294.27	302.88	274.71	298.50	0	54.94
1999	8	31	14.370	1703.5988	242.5987	30.5987	 0.98	 0.03	189.74	 1.70	12.69	 0.73	10.30	 2.39	336.83	295.08	302.88	275.02	299.35	0	55.00
1999	8	31	14.580	1703.6075	242.6075	30.6075	 0.97	 0.03	190.34	 1.53	 9.05	 0.77	10.28	 2.35	336.85	295.83	304.92	275.12	300.27	0	55.02
1999	8	31	14.790	1703.6162	242.6163	30.6162	 1.02	 0.04	192.37	 1.79	 8.19	 0.91	10.27	 2.44	336.93	296.52	305.98	275.86	301.09	0	55.17
1999	8	31	15.000	1703.6250	242.6250	30.6250	 0.97	 0.03	192.62	 1.84	 7.36	 0.92	10.28	 2.35	336.93	297.15	306.80	276.31	301.93	0	55.26
1999	8	31	15.211	1703.6338	242.6338	30.6338	 0.89	 0.03	196.08	 1.66	 3.42	 0.97	10.28	 2.32	336.92	297.75	307.78	276.62	302.72	0	55.32
1999	8	31	15.421	1703.6426	242.6425	30.6425	 0.84	 0.02	195.89	 1.74	 4.14	 0.94	10.28	 2.27	336.99	298.25	308.01	277.10	303.51	0	55.42
1999	8	31	15.631	1703.6512	242.6513	30.6513	 0.89	 0.03	196.02	 2.13	 8.36	 0.92	10.28	 2.31	337.00	298.76	308.62	277.16	304.06	0	55.43
1999	8	31	15.841	1703.6600	242.6600	30.6600	 0.86	 0.03	198.86	 1.94	 7.33	 0.89	10.27	 2.27	337.06	299.28	309.26	277.87	304.83	0	55.57
1999	8	31	16.041	1703.6683	242.6684	30.6684	 0.87	 0.04	200.17	 2.78	 3.02	 1.00	 9.03	 2.26	336.98	299.74	310.54	278.26	305.53	0	55.65
1999	8	31	16.241	1703.6768	242.6767	30.6767	 0.91	 0.03	198.06	 1.73	 3.15	 0.98	10.28	 2.21	337.02	300.03	309.96	280.61	306.18	0	56.12
1999	8	31	16.451	1703.6854	242.6855	30.6855	 0.98	 0.03	202.14	 1.63	 9.13	 0.82	10.27	 2.26	337.00	300.36	311.62	281.37	306.59	0	56.27
1999	8	31	16.661	1703.6942	242.6942	30.6942	 0.93	 0.04	203.58	 2.42	 4.04	 0.99	10.27	 2.27	336.96	300.79	311.66	282.49	306.92	0	56.50
1999	8	31	16.871	1703.7030	242.7030	30.7030	 0.93	 0.03	204.93	 1.99	 4.36	 0.98	10.28	 2.33	336.98	301.20	313.17	282.62	307.39	0	56.52
1999	8	31	17.081	1703.7117	242.7117	30.7117	 1.00	 0.04	203.63	 2.15	 3.37	 0.99	10.28	 2.32	336.98	301.59	313.64	282.88	307.80	0	56.58
1999	8	31	17.292	1703.7205	242.7205	30.7205	 1.09	 0.05	206.50	 2.26	 6.36	 0.99	10.27	 2.45	336.97	301.94	313.74	 0.00	308.21	0	54.00
1999	8	31	17.502	1703.7292	242.7292	30.7292	 1.06	 0.04	200.13	 1.81	 8.40	 0.92	10.28	 2.22	336.99	302.25	313.00	282.91	308.55	0	56.58
1999	8	31	17.712	1703.7380	242.7380	30.7380	 1.04	 0.04	204.05	 2.03	 2.80	 1.00	10.30	 2.22	336.98	302.57	314.08	283.95	308.83	0	56.79
1999	8	31	17.922	1703.7467	242.7468	30.7468	 1.05	 0.04	203.56	 2.05	 9.96	 0.93	10.27	 2.21	337.00	302.86	314.91	284.12	309.18	0	56.82
1999	8	31	18.132	1703.7555	242.7555	30.7555	 0.98	 0.03	200.85	 1.60	 5.20	 0.93	10.30	 2.10	337.03	303.13	314.68	283.87	309.53	0	56.77
1999	8	31	18.343	1703.7643	242.7643	30.7643	 1.11	 0.04	207.59	 1.64	 5.70	 0.96	10.28	 2.34	337.05	303.37	315.22	283.79	309.81	0	56.76
1999	8	31	18.553	1703.7731	242.7730	30.7730	 1.09	 0.05	202.79	 2.15	 2.06	 1.00	10.28	 2.14	337.04	303.57	314.99	283.89	310.05	0	56.78
1999	8	31	18.763	1703.7819	242.7818	30.7818	 1.15	 0.04	202.59	 1.71	 3.35	 0.99	10.27	 2.11	337.03	303.73	315.64	283.31	310.31	0	56.66
1999	8	31	18.973	1703.7905	242.7906	30.7906	 1.23	 0.05	202.20	 1.75	 1.87	 1.00	10.28	 2.07	337.03	303.85	316.03	283.02	310.44	0	56.60
1999	8	31	19.184	1703.7993	242.7993	30.7993	 1.36	 0.04	204.65	 1.25	 3.69	 0.97	10.28	 2.27	337.03	303.95	315.64	283.18	310.59	0	56.64
1999	8	31	19.394	1703.8081	242.8081	30.8081	 1.32	 0.04	205.66	 1.14	 2.93	 0.97	10.27	 2.23	336.99	303.99	316.43	282.73	310.65	0	56.55
1999	8	31	19.604	1703.8168	242.8168	30.8168	 1.17	 0.03	201.03	 1.26	 3.72	 0.96	10.28	 2.03	337.00	304.04	316.29	282.30	310.71	0	56.46
1999	8	31	19.814	1703.8256	242.8256	30.8256	 1.22	 0.05	205.96	 1.73	 4.99	 0.98	10.28	 2.20	336.99	304.05	316.08	281.29	310.73	0	56.26
1999	8	31	20.024	1703.8344	242.8343	30.8343	 1.33	 0.04	203.55	 1.37	 3.15	 0.99	10.28	 2.08	336.94	304.00	316.02	280.26	310.67	0	56.05
1999	8	31	20.234	1703.8431	242.8431	30.8431	 1.13	 0.06	202.56	 2.65	 3.41	 1.00	10.28	 1.95	336.99	303.94	315.17	278.29	310.60	0	55.66
1999	8	31	20.444	1703.8518	242.8519	30.8519	 1.26	 0.05	205.99	 1.92	 0.64	 1.00	10.27	 2.03	336.97	303.80	316.32	275.97	310.61	0	55.19
1999	8	31	20.655	1703.8606	242.8606	30.8606	 1.36	 0.06	205.87	 1.76	 3.05	 1.00	10.30	 2.11	337.00	303.64	315.97	275.65	310.44	0	55.13
1999	8	31	20.865	1703.8694	242.8694	30.8694	 1.32	 0.05	209.09	 1.67	 2.43	 1.00	10.28	 2.12	337.01	303.44	317.39	275.00	310.41	0	55.00
1999	8	31	21.076	1703.8782	242.8781	30.8781	 1.23	 0.05	205.63	 1.93	 3.51	 1.00	10.28	 2.04	336.96	303.20	316.81	275.41	310.26	0	55.08
1999	8	31	21.286	1703.8868	242.8869	30.8869	 1.41	 0.06	205.90	 1.66	 3.74	 0.99	10.27	 2.05	336.95	302.86	316.93	276.21	310.03	0	55.24
1999	8	31	21.496	1703.8956	242.8957	30.8957	 1.43	 0.05	209.25	 1.39	 2.60	 0.99	10.28	 2.26	336.91	302.32	316.09	273.62	309.64	0	54.72
1999	8	31	21.706	1703.9044	242.9044	30.9044	 1.34	 0.04	206.34	 1.10	 4.18	 0.94	10.27	 2.09	336.90	301.41	314.35	272.91	309.71	0	54.58
1999	8	31	21.916	1703.9132	242.9132	30.9132	 1.59	 0.05	202.96	 0.98	 1.31	 1.00	10.30	 2.10	336.85	300.35	313.23	272.09	308.49	0	54.42
1999	8	31	22.127	1703.9220	242.9220	30.9219	 1.44	 0.04	207.25	 1.04	 3.50	 0.95	10.28	 2.18	336.81	299.46	314.52	271.64	307.83	0	54.33
1999	8	31	22.337	1703.9307	242.9307	30.9307	 1.43	 0.04	206.28	 1.06	 4.04	 0.94	10.27	 2.11	336.80	298.52	313.64	270.73	307.19	0	54.15
1999	8	31	22.547	1703.9395	242.9395	30.9395	 1.43	 0.06	204.46	 1.53	 1.01	 1.00	10.28	 2.05	336.78	297.46	312.85	268.97	306.42	0	53.79
1999	8	31	22.757	1703.9482	242.9482	30.9482	 1.37	 0.06	206.36	 1.82	 1.59	 1.00	10.28	 2.16	336.77	296.44	312.02	268.14	305.66	0	53.63
1999	8	31	22.967	1703.9569	242.9570	30.9570	 1.40	 0.04	202.89	 1.19	 0.95	 1.00	10.27	 2.08	336.73	295.50	310.62	267.66	304.94	0	53.53
1999	8	31	23.177	1703.9657	242.9657	30.9657	 1.52	 0.11	205.59	 2.53	 4.93	 1.00	10.28	 2.23	336.74	294.61	312.40	266.89	304.16	0	53.38
1999	8	31	23.388	1703.9745	242.9745	30.9745	 1.26	 0.09	206.21	 3.12	 2.01	 1.00	10.28	 2.15	336.70	293.79	309.00	266.06	303.50	0	53.21
1999	8	31	23.598	1703.9833	242.9832	30.9833	 1.41	 0.03	206.82	 0.95	 4.25	 0.90	10.28	 2.30	336.70	293.03	309.31	265.81	302.77	0	53.16
1999	8	31	23.808	1703.9919	242.9920	30.9920	 1.27	 0.04	204.71	 1.31	 3.05	 0.98	10.27	 2.23	336.68	292.34	308.58	265.46	302.15	0	53.09
