1999	2	18	17.999	1509.7500	48.7500	17.7500	 2.23	 0.16	215.49	 1.59	19.16	 0.89	10.35	 2.10	332.26	297.81	304.32	284.26	300.07	0	56.85
1999	2	18	18.210	1509.7588	48.7588	17.7588	 3.77	 0.49	217.64	 0.97	 1.63	 1.00	10.28	 2.28	336.36	298.52	305.96	284.15	300.58	0	56.83
1999	2	18	18.420	1509.7675	48.7675	17.7675	 2.66	 0.17	213.88	 1.03	 1.72	 1.00	10.28	 2.28	336.39	299.53	304.63	287.88	301.83	0	57.58
1999	2	18	18.631	1509.7762	48.7763	17.7763	 3.62	 0.27	215.23	 0.60	 0.88	 0.99	10.28	 2.23	336.53	300.01	303.69	285.11	302.87	0	57.02
1999	2	18	18.841	1509.7850	48.7850	17.7850	 3.72	 0.31	213.92	 0.62	 0.47	 1.00	10.28	 2.17	336.62	300.17	303.59	283.18	303.29	0	56.64
1999	2	18	19.051	1509.7938	48.7938	17.7938	 4.63	 0.86	215.30	 0.69	 0.55	 1.00	10.28	 2.25	336.57	300.21	305.35	280.77	303.87	0	56.15
1999	2	18	19.261	1509.8025	48.8025	17.8025	 4.34	 0.54	215.29	 0.58	 0.50	 1.00	10.27	 2.21	336.63	300.26	306.63	280.93	304.23	0	56.19
1999	2	18	19.471	1509.8113	48.8113	17.8113	 4.70	 0.72	214.70	 0.54	 0.44	 1.00	10.28	 2.15	336.64	300.41	305.37	281.85	304.65	0	56.37
1999	2	18	19.682	1509.8201	48.8201	17.8201	 4.50	 0.68	216.10	 0.63	 0.40	 1.00	10.28	 2.16	336.66	300.67	306.92	283.24	305.07	0	56.65
1999	2	18	19.892	1509.8289	48.8288	17.8288	 3.96	 0.54	217.52	 0.86	 0.57	 1.00	10.28	 2.25	336.70	300.91	307.41	282.40	305.54	0	56.48
1999	2	18	20.103	1509.8376	48.8376	17.8376	 4.56	 1.17	215.95	 1.01	 4.87	 0.97	10.28	 2.11	336.84	300.93	307.90	279.70	305.85	0	55.94
1999	2	18	20.312	1509.8463	48.8464	17.8464	 3.80	 0.51	211.74	 0.93	 0.16	 1.00	10.28	 1.95	336.79	300.65	306.49	278.50	305.99	0	55.70
1999	2	18	20.523	1509.8551	48.8551	17.8551	 5.16	 1.23	215.19	 0.58	 0.36	 1.00	10.27	 2.08	336.79	300.22	309.26	277.11	305.97	0	55.42
1999	2	18	20.733	1509.8639	48.8639	17.8639	 6.24	 4.72	211.57	 0.74	 3.99	 0.94	10.32	 2.04	336.80	299.70	308.02	275.36	305.87	0	55.07
1999	2	18	20.944	1509.8727	48.8727	17.8727	 5.05	 1.59	214.69	 0.84	 0.94	 1.00	10.27	 2.17	336.75	299.06	308.99	273.16	305.67	0	54.63
1999	2	18	21.154	1509.8815	48.8814	17.8814	 5.46	 1.60	216.33	 0.56	 0.72	 1.00	10.30	 2.23	336.72	298.42	309.36	272.30	305.33	0	54.46
1999	2	18	21.364	1509.8901	48.8902	17.8902	 4.82	 0.97	213.46	 0.64	 0.40	 1.00	10.28	 2.09	336.73	297.83	309.42	271.82	304.92	0	54.36
1999	2	18	21.575	1509.8989	48.8989	17.8989	 4.41	 0.49	215.80	 0.49	 1.02	 0.98	10.28	 2.12	336.71	297.37	308.96	271.93	304.57	0	54.39
1999	2	18	21.785	1509.9077	48.9077	17.9077	 6.05	 4.88	215.00	 0.94	 1.61	 1.00	10.28	 2.12	336.71	297.01	308.86	272.46	304.36	0	54.49
1999	2	18	21.995	1509.9165	48.9165	17.9165	 5.40	 2.92	213.03	 1.07	 0.51	 1.00	10.30	 2.10	336.71	296.66	307.06	272.79	304.07	0	54.56
1999	2	18	22.206	1509.9252	48.9252	17.9252	 4.02	 0.96	215.95	 1.45	 2.13	 1.00	10.27	 2.15	336.73	296.34	307.59	273.14	303.77	0	54.63
1999	2	18	22.416	1509.9340	48.9340	17.9340	 5.30	 2.53	213.40	 1.03	 0.55	 1.00	10.27	 2.09	336.66	296.04	307.02	272.70	303.50	0	54.54
1999	2	18	22.626	1509.9427	48.9427	17.9427	 5.83	 2.25	215.02	 0.54	 0.51	 1.00	10.28	 2.20	336.68	295.80	306.51	272.32	303.24	0	54.46
1999	2	18	22.836	1509.9515	48.9515	17.9515	 4.82	 0.89	214.17	 0.59	 0.94	 0.99	10.28	 2.15	336.67	295.58	306.14	272.25	303.00	0	54.45
1999	2	18	23.046	1509.9603	48.9603	17.9603	 5.03	 1.06	214.40	 0.57	 0.39	 1.00	10.32	 2.17	336.64	295.37	306.34	272.20	302.75	0	54.44
1999	2	18	23.257	1509.9690	48.9690	17.9690	 5.19	 0.99	215.30	 0.45	 0.41	 1.00	10.25	 2.17	336.64	295.21	306.10	272.14	302.56	0	54.43
1999	2	18	23.467	1509.9778	48.9778	17.9778	 5.32	 1.48	212.85	 0.58	 0.68	 1.00	10.28	 2.11	336.65	295.08	304.86	272.23	302.34	0	54.45
1999	2	18	23.677	1509.9866	48.9865	17.9865	 4.39	 0.51	213.37	 0.51	 0.24	 1.00	10.28	 2.12	336.65	294.94	304.88	272.25	302.23	0	54.45
1999	2	18	23.888	1509.9954	48.9953	17.9953	20.26	3325202.50	213.49	 0.43	 0.95	 0.97	10.28	 2.17	336.65	294.85	304.45	272.26	302.09	0	54.45
1999	2	19	0.097	1510.0040	49.0041	18.0041	 4.92	 0.91	213.01	 0.54	 0.25	 1.00	10.28	 2.14	336.63	294.81	304.25	272.29	301.95	0	54.46
1999	2	19	0.308	1510.0128	49.0128	18.0128	 4.92	 0.68	213.26	 0.40	 0.26	 1.00	10.28	 2.14	336.64	294.76	304.21	272.32	301.78	0	54.46
1999	2	19	0.518	1510.0216	49.0216	18.0216	 4.71	 0.54	214.96	 0.40	 0.29	 1.00	10.25	 2.20	336.65	294.78	303.79	272.30	301.69	0	54.46
1999	2	19	0.728	1510.0303	49.0303	18.0303	16.43	93428.62	215.99	 0.56	 0.56	 1.00	10.28	 2.29	336.63	294.76	304.44	272.35	301.62	0	54.47
1999	2	19	0.938	1510.0391	49.0391	18.0391	 6.72	 4.96	215.90	 0.49	 0.55	 1.00	10.28	 2.25	336.62	294.68	304.31	272.49	301.54	0	54.50
1999	2	19	1.149	1510.0479	49.0479	18.0479	 5.18	 1.74	215.79	 0.81	 0.19	 1.00	10.30	 2.19	336.61	294.56	304.67	272.86	301.44	0	54.57
1999	2	19	1.359	1510.0566	49.0566	18.0566	 4.40	 0.80	212.33	 0.81	 0.36	 1.00	10.28	 2.08	336.65	294.39	303.28	273.20	301.36	0	54.64
1999	2	19	1.569	1510.0654	49.0654	18.0654	 6.12	 5.56	217.40	 1.01	 5.77	 0.96	10.27	 2.35	336.68	294.18	304.72	273.57	301.20	0	54.71
1999	2	19	1.779	1510.0741	49.0741	18.0741	 5.13	 3.18	212.26	 1.52	 1.63	 1.00	10.28	 2.17	336.65	293.93	303.36	273.26	301.00	0	54.65
1999	2	19	1.989	1510.0829	49.0829	18.0829	 4.37	 1.01	218.60	 1.07	 6.00	 0.97	10.28	 2.34	336.68	293.64	305.92	272.80	300.81	0	54.56
1999	2	19	2.199	1510.0917	49.0916	18.0916	 3.88	 0.87	215.34	 1.50	 0.74	 1.00	10.25	 2.16	336.70	293.35	303.98	272.56	300.63	0	54.51
1999	2	19	2.409	1510.1003	49.1004	18.1004	 4.39	 1.29	216.59	 1.34	 1.19	 1.00	10.28	 2.26	336.64	293.07	304.82	272.48	300.40	0	54.50
1999	2	19	2.620	1510.1091	49.1092	18.1092	 4.40	 1.23	212.46	 1.24	 1.42	 1.00	10.32	 2.13	336.66	292.84	302.49	272.52	300.17	0	54.50
1999	2	19	2.830	1510.1179	49.1179	18.1179	 4.46	 1.70	209.44	 1.57	 1.06	 1.00	10.28	 2.14	336.65	292.67	300.74	272.37	299.99	0	54.47
1999	2	19	3.041	1510.1267	49.1267	18.1267	 4.42	 1.24	214.09	 1.23	 0.46	 1.00	10.28	 2.24	336.66	292.50	302.95	272.11	299.84	0	54.42
1999	2	19	3.251	1510.1355	49.1355	18.1355	 4.78	 1.95	212.59	 1.33	 0.93	 1.00	10.28	 2.26	336.66	292.32	302.00	271.87	299.64	0	54.37
1999	2	19	3.461	1510.1442	49.1442	18.1442	 4.78	 1.66	213.86	 1.13	 2.43	 1.00	10.28	 2.18	336.67	292.17	302.51	271.71	299.44	0	54.34
1999	2	19	3.671	1510.1530	49.1530	18.1530	 4.72	 1.61	216.48	 1.19	 1.47	 1.00	10.27	 2.39	336.63	292.02	303.26	271.51	299.28	0	54.30
1999	2	19	3.881	1510.1617	49.1617	18.1617	42.44	 1.00	210.98	 0.00	 1.84	 0.00	10.28	 2.07	336.64	291.84	303.24	271.43	299.09	0	54.29
1999	2	19	4.092	1510.1705	49.1705	18.1705	 3.89	 1.15	217.18	 2.00	10.53	 0.99	10.28	 2.38	336.63	291.67	304.18	271.39	299.28	0	54.28
1999	2	19	4.302	1510.1792	49.1792	18.1792	 5.53	 4.33	211.98	 1.39	 6.60	 0.99	10.28	 2.24	336.62	291.49	301.48	271.18	298.69	0	54.24
1999	2	19	4.512	1510.1880	49.1880	18.1880	 3.41	 0.75	213.39	 2.08	 5.57	 1.00	10.27	 2.16	336.62	291.31	301.23	271.10	298.56	0	54.22
1999	2	19	4.722	1510.1968	49.1968	18.1968	 4.08	 0.81	209.44	 1.11	 4.10	 0.99	10.28	 2.07	336.62	291.12	300.35	270.58	298.39	0	54.12
1999	2	19	4.932	1510.2056	49.2055	18.2055	19.62	4476022.50	212.32	 1.09	 1.73	 1.00	10.28	 2.25	336.60	290.92	300.68	270.35	298.18	0	54.07
1999	2	19	5.143	1510.2142	49.2143	18.2143	 5.24	 1.80	213.65	 0.78	 0.87	 1.00	10.32	 2.27	336.58	290.72	301.82	270.10	298.01	0	54.02
1999	2	19	5.354	1510.2230	49.2231	18.2231	 4.24	 0.40	213.26	 0.48	 0.32	 1.00	10.28	 2.29	336.57	290.52	300.64	269.78	297.80	0	53.96
1999	2	19	5.564	1510.2318	49.2318	18.2318	 4.48	 0.65	211.43	 0.59	 0.25	 1.00	10.28	 2.25	336.54	290.31	299.72	269.31	297.95	0	53.86
1999	2	19	5.774	1510.2406	49.2406	18.2406	 4.29	 0.41	212.80	 0.46	 0.28	 1.00	10.28	 2.27	336.56	290.11	300.03	268.95	297.37	0	53.79
1999	2	19	5.984	1510.2494	49.2494	18.2494	 5.29	 1.37	212.44	 0.56	 0.41	 1.00	10.27	 2.26	336.58	289.90	300.03	268.87	297.16	0	53.77
1999	2	19	6.194	1510.2581	49.2581	18.2581	 6.88	 4.32	211.67	 0.36	 1.03	 0.93	10.27	 2.25	336.60	289.72	299.01	268.92	296.93	0	53.78
1999	2	19	6.404	1510.2668	49.2669	18.2669	 5.81	 2.03	213.76	 0.49	 0.40	 1.00	10.28	 2.34	336.57	289.58	299.90	268.98	296.65	0	53.80
1999	2	19	6.615	1510.2756	49.2756	18.2756	 4.83	 1.06	211.68	 0.69	 0.91	 1.00	10.28	 2.27	336.57	289.45	299.15	268.92	296.50	0	53.78
1999	2	19	6.826	1510.2844	49.2844	18.2844	 4.69	 1.01	213.29	 0.76	 1.01	 1.00	10.27	 2.32	336.55	289.30	299.31	268.81	296.39	0	53.76
1999	2	19	7.036	1510.2931	49.2931	18.2931	 5.31	 1.99	212.02	 0.79	 0.48	 1.00	10.28	 2.30	336.54	289.15	299.33	268.67	296.20	0	53.73
1999	2	19	7.246	1510.3019	49.3019	18.3019	 7.64	14.40	210.98	 0.55	 0.53	 1.00	10.27	 2.25	336.52	288.99	298.84	268.55	296.00	0	53.71
1999	2	19	7.456	1510.3107	49.3107	18.3107	 4.55	 0.65	211.14	 0.56	 0.80	 0.99	10.28	 2.22	336.52	288.83	298.51	268.28	295.85	0	53.66
1999	2	19	7.666	1510.3195	49.3194	18.3194	 4.26	 0.51	212.06	 0.58	 0.42	 1.00	10.28	 2.33	336.51	288.66	298.17	267.93	295.67	0	53.59
1999	2	19	7.876	1510.3281	49.3282	18.3282	 4.97	 1.18	211.75	 0.66	 0.31	 1.00	10.28	 2.26	336.52	288.51	298.63	267.91	295.47	0	53.58
1999	2	19	8.086	1510.3369	49.3369	18.3369	 3.90	 0.45	211.97	 0.75	 1.04	 1.00	10.28	 2.25	336.52	288.38	298.17	268.26	295.35	0	53.65
1999	2	19	8.297	1510.3457	49.3457	18.3457	 4.46	 0.67	212.08	 0.63	 0.75	 1.00	10.28	 2.29	336.52	288.30	297.64	268.76	295.22	0	53.75
1999	2	19	8.507	1510.3545	49.3545	18.3545	 5.43	 2.23	210.72	 0.78	 0.06	 1.00	10.28	 2.25	336.48	288.21	297.60	268.53	295.12	0	53.71
1999	2	19	8.717	1510.3632	49.3632	18.3632	 5.78	 2.45	211.08	 0.61	 0.26	 1.00	10.28	 2.25	336.50	288.09	297.53	267.95	294.97	0	53.59
1999	2	19	8.927	1510.3719	49.3720	18.3720	 6.08	 4.03	212.46	 0.74	 1.51	 0.99	10.28	 2.29	336.49	287.95	297.68	267.60	294.79	0	53.52
1999	2	19	9.137	1510.3807	49.3807	18.3807	 4.23	 0.43	212.62	 0.52	 0.15	 1.00	10.28	 2.32	336.43	287.81	297.58	267.27	294.67	0	53.45
1999	2	19	9.347	1510.3895	49.3895	18.3895	 7.84	19.31	213.20	 0.61	 0.69	 1.00	10.28	 2.39	336.49	287.66	297.81	267.46	294.52	0	53.49
1999	2	19	9.558	1510.3982	49.3983	18.3983	 4.66	 0.95	211.13	 0.73	 0.54	 1.00	10.30	 2.25	336.44	287.52	296.42	267.59	294.33	0	53.52
1999	2	19	9.768	1510.4070	49.4070	18.4070	 4.34	 0.83	210.83	 0.87	 1.17	 1.00	10.27	 2.29	336.44	287.40	296.44	267.29	294.48	0	53.46
1999	2	19	9.978	1510.4158	49.4158	18.4158	 5.34	 1.51	211.76	 0.58	 0.30	 1.00	10.28	 2.29	336.46	287.30	296.82	267.30	294.01	0	53.46
1999	2	19	10.189	1510.4246	49.4245	18.4245	 5.02	 1.29	211.17	 0.69	 0.17	 1.00	10.30	 2.29	336.41	287.18	296.05	267.24	293.88	0	53.45
1999	2	19	10.399	1510.4333	49.4333	18.4333	19.28	1325161.91	211.00	 0.45	 2.25	 0.87	10.28	 2.31	336.44	287.16	296.95	267.35	293.72	0	53.47
1999	2	19	10.609	1510.4420	49.4420	18.4420	33.14	 1.00	208.21	 0.00	 1.51	 0.00	10.25	 2.24	336.51	287.35	297.77	267.71	293.66	0	53.54
1999	2	19	10.819	1510.4508	49.4508	18.4508	100.15	 0.94	207.22	 0.00	 3.90	 0.00	10.28	 2.41	336.51	287.83	298.80	268.55	293.80	0	53.71
1999	2	19	11.029	1510.4596	49.4596	18.4596	102.98	 0.99	204.14	 0.00	 4.84	 0.00	10.28	 2.28	336.55	288.46	298.83	269.68	294.16	0	53.94
1999	2	19	11.239	1510.4683	49.4683	18.4683	33.64	 0.93	204.45	 0.00	 3.00	 0.00	10.27	 2.33	336.54	289.16	298.33	270.79	294.65	0	54.16
1999	2	19	11.450	1510.4771	49.4771	18.4771	22.15	47354897.12	201.36	 0.87	11.36	 0.77	10.28	 2.21	336.55	289.89	299.09	271.83	295.19	0	54.37
1999	2	19	11.660	1510.4858	49.4858	18.4858	95.16	 0.98	204.76	 0.00	 6.12	 0.00	10.28	 2.23	336.62	290.59	299.46	272.71	295.78	0	54.54
1999	2	19	11.870	1510.4946	49.4946	18.4946	33.91	 0.98	198.73	 0.00	 5.99	 0.00	10.28	 2.19	336.64	291.39	298.68	274.19	296.27	0	54.84
1999	2	19	12.081	1510.5033	49.5034	18.5034	19.22	1553698.95	201.18	 0.53	 4.36	 0.77	10.28	 2.25	336.68	292.27	301.08	275.75	296.94	0	55.15
1999	2	19	12.291	1510.5121	49.5121	18.5121	55.84	 0.96	199.11	 0.00	 6.01	 0.00	10.28	 2.24	336.73	293.15	301.22	275.65	297.66	0	55.13
1999	2	19	12.501	1510.5209	49.5209	18.5209	20.09	5411578.36	202.41	 0.78	 5.27	 0.92	10.27	 2.30	336.78	294.08	303.00	276.22	298.48	0	55.24
1999	2	19	12.711	1510.5297	49.5296	18.5296	25.34	975653248.47	203.50	 0.74	 1.44	 0.99	10.28	 2.27	336.80	294.95	303.30	276.97	299.37	0	55.39
1999	2	19	12.921	1510.5385	49.5384	18.5384	21.52	19343160.61	203.26	 0.67	 3.17	 0.95	10.30	 2.33	336.89	295.79	304.64	277.66	300.15	0	55.53
1999	2	19	13.132	1510.5471	49.5472	18.5472	16.95	298722.90	202.65	 0.99	 6.51	 0.95	10.28	 2.29	336.94	296.60	304.61	278.35	301.02	0	55.67
1999	2	19	13.342	1510.5559	49.5559	18.5559	55.21	 0.96	202.05	 0.00	 4.16	 0.00	10.27	 2.26	337.03	297.44	305.71	278.75	301.82	0	55.75
1999	2	19	13.552	1510.5647	49.5647	18.5647	19.21	2077079.16	206.70	 0.74	 3.23	 0.96	10.28	 2.38	337.04	298.21	308.83	280.09	302.69	0	56.02
1999	2	19	13.762	1510.5735	49.5734	18.5734	18.50	1619780.48	204.28	 1.15	 2.70	 1.00	10.27	 2.17	337.02	298.82	308.98	279.91	303.39	0	55.98
1999	2	19	13.972	1510.5822	49.5822	18.5822	 4.90	 1.43	207.55	 0.84	 4.39	 0.96	10.27	 2.25	337.01	299.32	307.81	279.44	304.16	0	55.89
1999	2	19	14.182	1510.5909	49.5909	18.5909	 3.96	 0.31	211.54	 0.47	 0.36	 1.00	10.28	 2.23	337.11	299.57	308.12	278.60	304.64	0	55.72
1999	2	19	14.539	1510.6058	49.6058	18.6058	 4.02	 0.32	209.19	 0.47	 1.01	 0.98	10.33	 2.13	337.03	300.24	309.04	280.57	305.34	0	56.11
1999	2	19	14.750	1510.6146	49.6146	18.6146	 4.22	 0.54	209.49	 0.64	 0.27	 1.00	10.28	 2.19	336.98	300.71	309.17	282.57	305.77	0	56.51
1999	2	19	14.960	1510.6233	49.6233	18.6233	 3.62	 0.32	209.94	 0.70	 0.62	 1.00	10.30	 2.16	336.93	301.24	309.56	284.20	306.34	0	56.84
1999	2	19	15.171	1510.6321	49.6321	18.6321	 3.38	 0.17	208.51	 0.49	 3.12	 0.78	10.28	 2.08	336.99	301.68	310.34	283.76	306.89	0	56.75
1999	2	19	15.381	1510.6409	49.6409	18.6409	 3.91	 0.43	209.89	 0.71	 1.89	 0.98	10.32	 2.09	337.01	302.00	310.45	282.62	307.37	0	56.52
1999	2	19	15.592	1510.6497	49.6497	18.6497	 3.75	 0.46	209.97	 0.88	 2.86	 0.98	10.27	 2.07	337.02	302.35	310.93	282.39	307.75	0	56.48
1999	2	19	15.802	1510.6584	49.6584	18.6584	 3.75	 0.27	213.77	 0.53	 0.64	 0.99	10.30	 2.12	336.99	302.70	312.69	282.58	308.14	0	56.52
1999	2	19	16.013	1510.6672	49.6672	18.6672	 3.38	 0.21	212.10	 0.59	 0.83	 0.99	10.30	 2.08	337.00	302.98	311.51	282.43	308.52	0	56.49
1999	2	19	16.223	1510.6759	49.6760	18.6760	 3.82	 0.44	213.77	 0.81	 0.44	 1.00	10.28	 2.11	337.05	303.25	311.77	283.13	308.87	0	56.63
1999	2	19	16.434	1510.6847	49.6847	18.6847	 3.61	 0.30	214.46	 0.69	 1.15	 0.99	10.28	 2.09	337.06	303.58	313.29	283.77	309.19	0	56.75
1999	2	19	16.644	1510.6935	49.6935	18.6935	 3.99	 0.57	212.86	 0.87	 1.17	 1.00	10.32	 2.02	337.03	303.76	312.98	283.35	309.52	0	56.67
1999	2	19	16.855	1510.7023	49.7023	18.7023	 3.42	 0.34	215.64	 0.95	 0.91	 1.00	10.28	 2.12	337.10	303.91	314.12	282.49	310.69	0	56.50
1999	2	19	17.066	1510.7111	49.7111	18.7111	 4.46	 1.37	212.48	 1.30	 1.60	 1.00	10.28	 2.08	337.07	304.11	313.24	283.47	310.05	0	56.69
1999	2	19	17.276	1510.7198	49.7198	18.7198	 3.57	 0.33	213.69	 0.78	 0.94	 1.00	10.27	 2.05	337.06	304.25	313.75	282.32	310.33	0	56.46
1999	2	19	17.486	1510.7286	49.7286	18.7286	 4.19	 0.57	213.53	 0.71	 0.85	 1.00	10.30	 2.06	337.07	304.30	314.81	282.18	310.44	0	56.44
1999	2	19	17.697	1510.7374	49.7374	18.7374	 3.98	 0.57	213.21	 0.88	 0.44	 1.00	10.30	 1.99	337.03	304.50	315.57	280.30	310.76	0	56.06
1999	2	19	17.907	1510.7461	49.7461	18.7461	 3.75	 0.40	210.24	 0.77	 0.27	 1.00	10.28	 1.94	337.03	304.61	313.81	281.11	310.95	0	56.22
1999	2	19	18.118	1510.7549	49.7549	18.7549	 4.79	 1.34	210.08	 0.89	 1.44	 1.00	10.28	 1.94	337.06	304.67	314.16	281.46	311.12	0	56.29
1999	2	19	18.328	1510.7637	49.7637	18.7637	 3.76	 0.65	213.97	 1.26	 1.42	 1.00	10.27	 1.93	337.01	304.67	316.64	280.75	311.21	0	56.15
1999	2	19	18.749	1510.7812	49.7812	18.7812	 3.09	 0.30	210.23	 1.16	 1.55	 1.00	10.30	 1.90	337.03	304.96	315.10	282.09	311.45	0	56.42
1999	2	19	18.960	1510.7900	49.7900	18.7900	 3.83	 0.61	212.30	 1.10	 0.91	 1.00	10.28	 1.96	337.04	305.24	316.40	282.41	311.67	0	56.48
1999	2	19	19.171	1510.7988	49.7988	18.7988	 3.81	 0.41	217.09	 0.76	 1.14	 1.00	10.28	 2.07	337.00	305.38	317.16	281.48	311.90	0	56.30
1999	2	19	19.381	1510.8075	49.8075	18.8075	 3.65	 0.50	216.57	 1.11	 0.80	 1.00	10.30	 2.07	337.05	305.37	316.65	281.89	311.95	0	56.38
1999	2	19	19.591	1510.8163	49.8163	18.8163	 3.65	 0.41	208.01	 0.86	 4.08	 0.96	10.27	 1.81	337.06	305.37	315.14	281.88	312.02	0	56.38
1999	2	19	19.801	1510.8251	49.8251	18.8251	 4.45	 1.05	212.61	 1.00	 0.55	 1.00	10.30	 1.98	337.04	305.38	317.10	282.07	312.08	0	56.41
1999	2	19	20.012	1510.8339	49.8338	18.8338	 4.50	 1.28	216.28	 1.18	 1.67	 1.00	10.32	 2.04	337.04	305.30	317.53	280.39	312.13	0	56.08
1999	2	19	20.223	1510.8427	49.8426	18.8426	 4.36	 1.21	209.93	 1.24	 0.49	 1.00	10.30	 1.84	337.01	305.11	316.65	280.17	312.09	0	56.03
1999	2	19	20.433	1510.8513	49.8514	18.8514	 3.35	 0.50	207.89	 1.43	 0.85	 1.00	10.25	 1.79	336.97	304.80	315.55	279.61	311.98	0	55.92
1999	2	19	20.644	1510.8601	49.8602	18.8602	 4.87	 1.93	212.98	 1.20	 0.50	 1.00	10.33	 1.93	336.97	304.22	316.83	277.43	311.67	0	55.49
1999	2	19	20.854	1510.8689	49.8689	18.8689	 3.85	 0.69	216.85	 1.24	 1.43	 1.00	10.28	 2.01	336.92	303.51	317.30	276.10	311.28	0	55.22
1999	2	19	21.065	1510.8777	49.8777	18.8777	 3.55	 0.38	215.49	 0.93	 1.00	 1.00	10.28	 1.97	336.88	302.76	315.53	274.96	310.84	0	54.99
1999	2	19	21.275	1510.8865	49.8865	18.8865	 6.13	 2.59	214.94	 0.46	 0.37	 1.00	10.28	 2.00	336.86	302.03	316.15	274.25	310.31	0	54.85
1999	2	19	21.486	1510.8953	49.8952	18.8952	 5.87	 3.92	213.98	 0.90	 1.95	 1.00	10.28	 1.95	336.84	301.33	315.27	273.89	309.76	0	54.78
1999	2	19	21.696	1510.9041	49.9040	18.9040	 4.53	 1.23	212.62	 1.08	 0.85	 1.00	10.32	 1.98	336.83	300.69	313.70	273.98	309.17	0	54.80
1999	2	19	21.907	1510.9128	49.9128	18.9128	 4.45	 0.68	213.44	 0.65	 0.20	 1.00	10.28	 2.02	336.83	300.19	313.83	274.02	308.69	0	54.80
1999	2	19	22.118	1510.9215	49.9216	18.9216	 4.53	 0.63	216.41	 0.56	 0.79	 0.99	10.28	 2.09	336.81	299.76	313.84	273.95	308.25	0	54.79
1999	2	19	22.328	1510.9303	49.9303	18.9303	 4.43	 4.23	215.93	 4.17	38.70	 1.00	10.30	 2.07	336.78	299.31	311.58	273.56	307.86	0	54.71
1999	2	19	22.538	1510.9391	49.9391	18.9391	 4.11	 0.40	213.49	 0.54	 0.65	 1.00	10.28	 2.06	336.77	298.76	312.16	271.96	307.35	0	54.39
1999	2	19	22.749	1510.9479	49.9479	18.9479	 4.43	 0.54	215.53	 0.53	 0.40	 1.00	10.30	 2.09	336.76	298.27	312.47	271.88	306.83	0	54.38
1999	2	19	22.959	1510.9567	49.9566	18.9566	 5.66	 2.15	212.74	 0.61	 0.68	 1.00	10.28	 2.07	336.73	297.84	310.67	271.91	306.36	0	54.38
1999	2	19	23.169	1510.9655	49.9654	18.9654	16.09	222576.49	210.82	 1.83	 6.25	 1.00	10.28	 2.03	336.75	297.34	310.19	271.76	305.90	0	54.35
1999	2	19	23.380	1510.9741	49.9742	18.9742	75.06	 1.00	214.97	 0.00	19.18	 0.00	10.28	 2.14	336.74	296.77	309.25	271.43	305.67	0	54.29
1999	2	19	23.590	1510.9829	49.9829	18.9829	 3.82	 0.72	214.13	 1.31	 1.68	 1.00	10.30	 2.05	336.73	296.25	310.93	271.49	304.87	0	54.30
1999	2	19	23.801	1510.9917	49.9917	18.9917	 4.30	 0.69	214.38	 0.78	 0.57	 1.00	10.28	 2.17	336.72	295.89	308.63	271.62	304.40	0	54.32
1999	2	20	0.012	1511.0005	50.0005	19.0005	23.16	91959527.19	213.39	 0.65	 0.56	 1.00	10.33	 2.17	336.64	295.69	307.52	271.67	304.06	0	54.33
1999	2	20	0.223	1511.0093	50.0093	19.0093	 4.84	 0.90	213.27	 0.58	 0.20	 1.00	10.30	 2.12	336.66	295.34	307.95	271.65	303.69	0	54.33
1999	2	20	0.433	1511.0181	50.0180	19.0180	 4.56	 0.73	215.36	 0.63	 0.40	 1.00	10.28	 2.20	336.66	295.14	307.37	271.64	303.36	0	54.33
1999	2	20	0.643	1511.0269	50.0268	19.0268	 4.71	 0.70	215.01	 0.52	 0.32	 1.00	10.28	 2.21	336.66	294.97	307.32	271.59	303.07	0	54.32
1999	2	20	0.854	1511.0355	50.0356	19.0356	 5.09	 1.12	212.68	 0.56	 0.58	 1.00	10.28	 2.17	336.66	294.81	305.34	271.59	302.77	0	54.32
1999	2	20	1.064	1511.0443	50.0444	19.0444	 5.53	 1.97	213.55	 0.63	 0.31	 1.00	10.28	 2.18	336.67	294.63	305.67	271.64	302.55	0	54.33
1999	2	20	1.275	1511.0531	50.0531	19.0531	 4.68	 0.88	213.41	 0.67	 0.72	 1.00	10.28	 2.21	336.67	294.46	305.19	271.46	302.24	0	54.29
1999	2	20	1.485	1511.0619	50.0619	19.0619	 5.10	 1.03	212.99	 0.51	 0.38	 1.00	10.30	 2.19	336.65	294.30	304.96	271.32	302.01	0	54.26
1999	2	20	1.696	1511.0707	50.0707	19.0707	 5.31	 1.32	215.48	 0.54	 0.74	 0.99	10.30	 2.28	336.62	294.12	305.25	271.18	301.80	0	54.24
1999	2	20	1.906	1511.0795	50.0794	19.0794	 4.63	 0.66	214.39	 0.53	 0.34	 1.00	10.28	 2.23	336.68	293.83	305.38	270.83	301.53	0	54.17
1999	2	20	2.117	1511.0883	50.0882	19.0882	18.35	709581.59	213.57	 0.62	 0.61	 1.00	10.30	 2.23	336.71	293.49	305.28	270.65	301.22	0	54.13
1999	2	20	2.327	1511.0969	50.0970	19.0970	 4.86	 0.90	213.30	 0.57	 0.49	 1.00	10.28	 2.22	336.60	293.26	303.96	270.63	300.86	0	54.13
1999	2	20	2.538	1511.1057	50.1057	19.1057	 5.01	 1.46	213.34	 0.79	 0.53	 1.00	10.27	 2.24	336.65	293.11	303.01	270.66	300.62	0	54.13
1999	2	20	2.748	1511.1145	50.1145	19.1145	 4.76	 0.71	213.59	 0.50	 0.56	 1.00	10.28	 2.23	336.61	292.94	303.65	270.52	300.40	0	54.10
1999	2	20	2.959	1511.1233	50.1233	19.1233	 4.15	 0.36	215.15	 0.47	 0.45	 1.00	10.30	 2.29	336.60	292.86	303.06	270.71	300.15	0	54.14
1999	2	20	3.169	1511.1321	50.1320	19.1320	 9.84	127.27	213.01	 0.54	 0.89	 0.99	10.32	 2.23	336.57	292.76	302.34	270.71	300.00	0	54.14
1999	2	20	3.380	1511.1409	50.1408	19.1408	 6.07	 3.93	214.56	 0.74	 0.98	 1.00	10.30	 2.31	336.56	292.60	302.88	270.37	299.77	0	54.07
1999	2	20	3.591	1511.1497	50.1496	19.1496	 5.19	 1.23	215.27	 0.57	 0.27	 1.00	10.27	 2.32	336.52	292.39	302.92	269.94	299.54	0	53.99
1999	2	20	3.801	1511.1583	50.1584	19.1584	 4.54	 0.48	212.03	 0.42	 0.37	 1.00	10.32	 2.22	336.56	292.14	301.77	269.87	299.35	0	53.97
1999	2	20	4.011	1511.1671	50.1671	19.1671	 5.24	 1.67	211.84	 0.71	 0.25	 1.00	10.30	 2.20	336.57	291.86	301.94	269.85	299.08	0	53.97
1999	2	20	4.222	1511.1759	50.1759	19.1759	 4.51	 0.65	212.16	 0.58	 0.34	 1.00	10.27	 2.26	336.55	291.61	301.16	269.75	298.80	0	53.95
1999	2	20	4.432	1511.1847	50.1847	19.1847	 5.72	 1.76	214.14	 0.47	 1.05	 0.98	10.30	 2.28	336.50	291.37	301.62	269.65	298.55	0	53.93
1999	2	20	4.642	1511.1935	50.1934	19.1934	 5.25	 1.31	215.28	 0.56	 0.60	 1.00	10.28	 2.31	336.49	291.16	302.35	269.46	298.32	0	53.89
1999	2	20	4.853	1511.2023	50.2022	19.2022	 5.24	 1.26	214.27	 0.54	 0.18	 1.00	10.33	 2.30	336.53	290.97	300.80	269.16	298.09	0	53.83
1999	2	20	5.064	1511.2111	50.2110	19.2110	 5.18	 0.91	214.95	 0.42	 0.16	 1.00	10.30	 2.31	336.53	290.78	301.27	268.89	297.88	0	53.78
1999	2	20	5.274	1511.2197	50.2198	19.2198	 6.18	 3.34	215.12	 0.56	 0.70	 1.00	10.28	 2.30	336.50	290.59	300.79	268.90	297.64	0	53.78
1999	2	20	5.485	1511.2285	50.2285	19.2285	 4.50	 0.50	215.38	 0.46	 0.43	 1.00	10.28	 2.34	336.54	290.43	300.49	268.96	297.41	0	53.79
1999	2	20	5.695	1511.2373	50.2373	19.2373	 6.82	 6.11	215.03	 0.54	 1.74	 0.96	10.30	 2.32	336.55	290.30	300.08	269.02	297.19	0	53.80
1999	2	20	5.906	1511.2461	50.2461	19.2461	 4.70	 0.68	215.19	 0.51	 0.30	 1.00	10.30	 2.29	336.57	290.14	299.73	269.29	296.93	0	53.86
1999	2	20	6.116	1511.2549	50.2548	19.2548	 4.47	 0.62	215.28	 0.59	 0.31	 1.00	10.28	 2.30	336.55	290.01	299.50	269.27	296.79	0	53.85
1999	2	20	6.327	1511.2637	50.2636	19.2636	 4.36	 0.57	215.80	 0.60	 0.67	 1.00	10.28	 2.33	336.55	289.90	299.27	269.15	296.70	0	53.83
1999	2	20	6.537	1511.2723	50.2724	19.2724	 4.44	 0.54	213.50	 0.52	 0.20	 1.00	10.28	 2.28	336.53	289.80	298.82	269.21	296.52	0	53.84
1999	2	20	6.748	1511.2811	50.2812	19.2812	29.46	41439100995.52	212.70	 0.54	 0.29	 1.00	10.30	 2.28	336.53	289.64	298.51	268.64	296.35	0	53.73
1999	2	20	6.959	1511.2899	50.2899	19.2899	 4.86	 0.88	213.22	 0.55	 0.30	 1.00	10.30	 2.26	336.51	289.48	298.74	268.53	296.16	0	53.71
1999	2	20	7.169	1511.2987	50.2987	19.2987	 5.89	 2.25	213.22	 0.50	 0.09	 1.00	10.30	 2.30	336.53	289.35	298.34	268.60	295.99	0	53.72
1999	2	20	7.379	1511.3075	50.3075	19.3075	23.23	71193864.44	213.74	 0.47	 0.30	 1.00	10.28	 2.31	336.48	289.23	298.19	268.47	295.83	0	53.69
1999	2	20	7.590	1511.3163	50.3162	19.3162	 6.23	 3.51	213.91	 0.56	 0.79	 0.99	10.28	 2.31	336.53	289.12	298.68	268.80	295.70	0	53.76
1999	2	20	7.800	1511.3250	50.3250	19.3250	 6.27	 3.38	212.62	 0.52	 0.68	 0.99	10.32	 2.29	336.55	289.04	296.87	269.13	295.56	0	53.83
1999	2	20	8.011	1511.3337	50.3338	19.3338	 5.21	 1.34	213.15	 0.59	 0.48	 1.00	10.30	 2.29	336.52	288.97	297.46	269.10	295.46	0	53.82
1999	2	20	8.221	1511.3425	50.3426	19.3426	 5.38	 1.47	214.66	 0.55	 0.70	 1.00	10.28	 2.36	336.50	288.90	297.61	268.98	295.36	0	53.80
1999	2	20	9.126	1511.3802	50.3802	19.3802	 6.81	 5.66	212.99	 0.50	 0.26	 1.00	10.35	 2.32	336.55	288.50	297.32	268.53	294.86	0	53.71
1999	2	20	9.336	1511.3890	50.3890	19.3890	 4.98	 1.10	213.23	 0.62	 0.25	 1.00	10.28	 2.29	336.51	288.43	297.23	268.41	294.82	0	53.68
1999	2	20	9.546	1511.3978	50.3978	19.3978	 5.39	 1.79	213.00	 0.66	 0.78	 1.00	10.25	 2.26	336.52	288.34	296.91	268.49	294.73	0	53.70
1999	2	20	9.756	1511.4065	50.4065	19.4065	 4.55	 0.57	212.16	 0.49	 0.39	 1.00	10.28	 2.25	336.46	288.25	296.24	268.55	294.63	0	53.71
1999	2	20	9.967	1511.4153	50.4153	19.4153	 7.44	 9.49	213.15	 0.45	 0.38	 1.00	10.30	 2.31	336.46	288.17	297.52	268.44	294.53	0	53.69
1999	2	20	10.177	1511.4241	50.4240	19.4241	 4.92	 0.88	213.79	 0.53	 0.09	 1.00	10.27	 2.31	336.48	288.08	297.85	268.33	294.40	0	53.67
1999	2	20	10.387	1511.4329	50.4328	19.4328	17.47	344811.39	210.82	 0.71	 2.63	 0.97	10.28	 2.29	336.49	288.07	296.90	268.34	294.32	0	53.67
1999	2	20	10.597	1511.4415	50.4416	19.4416	85.60	 0.97	207.44	 0.00	 5.35	 0.00	10.28	 2.30	336.54	288.31	298.11	268.70	294.26	0	53.74
1999	2	20	10.808	1511.4503	50.4503	19.4503	99.64	 0.99	206.15	 0.00	 5.09	 0.00	10.27	 2.33	336.54	288.73	297.26	269.27	294.46	0	53.85
1999	2	20	11.018	1511.4591	50.4591	19.4591	97.46	 0.89	204.71	 0.00	 4.79	 0.00	10.30	 2.30	336.58	289.30	298.31	270.34	294.80	0	54.07
1999	2	20	11.228	1511.4679	50.4678	19.4678	29.10	33961698384.63	204.39	 0.61	 5.99	 0.74	10.28	 2.29	336.62	289.98	298.90	271.52	295.22	0	54.30
1999	2	20	11.439	1511.4766	50.4766	19.4766	17.66	471551.52	205.70	 0.78	 7.13	 0.86	10.28	 2.30	336.62	290.72	300.51	272.56	295.74	0	54.51
1999	2	20	11.649	1511.4854	50.4854	19.4854	18.02	653575.69	202.32	 0.74	 8.90	 0.75	10.28	 2.27	336.65	291.46	300.18	273.61	296.28	0	54.72
1999	2	20	11.859	1511.4941	50.4941	19.4941	29.39	59975290758.15	203.24	 0.80	 7.14	 0.87	10.30	 2.28	336.70	292.23	300.57	274.58	296.88	0	54.92
1999	2	20	12.070	1511.5029	50.5029	19.5029	59.63	 0.76	205.31	 0.00	 7.02	 0.00	10.28	 2.40	336.71	292.91	302.29	274.80	297.60	0	54.96
1999	2	20	12.280	1511.5117	50.5117	19.5117	58.07	 0.99	204.16	 0.00	 5.38	 0.00	10.27	 2.35	336.79	293.68	302.28	275.86	298.13	0	55.17
1999	2	20	12.490	1511.5204	50.5204	19.5204	17.72	834959.33	200.91	 1.28	12.73	 0.93	10.28	 2.22	336.85	294.40	303.51	276.52	298.83	0	55.30
1999	2	20	12.701	1511.5292	50.5292	19.5292	22.93	130764040.40	198.91	 1.09	13.20	 0.87	10.32	 2.12	336.97	295.12	303.85	277.93	299.58	0	55.59
1999	2	20	12.911	1511.5380	50.5380	19.5380	18.39	1301990.39	201.87	 1.02	 3.98	 0.99	10.28	 2.27	336.99	295.86	304.70	278.68	300.29	0	55.74
1999	2	20	13.121	1511.5468	50.5467	19.5467	26.21	3683654748.25	205.58	 1.18	 2.66	 1.00	10.28	 2.39	337.04	296.62	305.84	278.98	301.10	0	55.80
1999	2	20	13.332	1511.5555	50.5555	19.5555	34.36	 1.00	202.21	 0.00	 2.69	 0.00	10.27	 2.18	337.03	297.38	307.75	279.27	301.87	0	55.85
1999	2	20	13.542	1511.5642	50.5642	19.5642	18.16	1030204.71	204.80	 1.03	 3.93	 0.99	10.28	 2.28	337.07	298.11	307.55	280.63	302.70	0	56.13
1999	2	20	13.752	1511.5730	50.5730	19.5730	26.65	4588561195.81	205.39	 0.95	 3.67	 0.98	10.27	 2.23	337.03	298.86	309.22	281.05	303.50	0	56.21
1999	2	20	13.962	1511.5818	50.5818	19.5818	 4.56	 1.86	211.73	 1.59	17.71	 0.94	10.28	 2.44	337.03	299.46	310.01	281.52	304.27	0	56.30
1999	2	20	14.172	1511.5906	50.5905	19.5905	 3.73	 0.52	212.28	 1.03	 5.79	 0.96	10.28	 2.16	337.02	299.66	307.56	278.83	304.94	0	55.77
1999	2	20	14.383	1511.5992	50.5993	19.5993	 2.54	 0.12	213.49	 0.88	32.66	 0.11	10.27	 2.21	337.05	299.88	310.12	278.32	305.13	0	55.66
1999	2	20	14.593	1511.6080	50.6080	19.6080	31.06	271993492189.26	214.25	 0.71	11.24	 0.60	10.28	 2.22	337.00	299.97	309.51	278.18	305.50	0	55.64
1999	2	20	14.803	1511.6168	50.6168	19.6168	 4.64	 1.80	211.73	 1.41	20.78	 0.87	10.28	 2.31	336.93	300.35	310.69	281.01	305.67	0	56.20
1999	2	20	15.013	1511.6256	50.6256	19.6256	 3.41	 0.35	210.51	 0.96	 6.86	 0.92	10.28	 2.36	336.95	301.07	310.93	284.58	306.14	0	56.92
1999	2	20	15.223	1511.6343	50.6343	19.6343	 3.00	 0.22	206.93	 0.92	14.82	 0.63	10.28	 2.19	337.09	301.96	309.65	285.77	307.05	0	57.15
1999	2	20	15.434	1511.6431	50.6431	19.6431	 4.43	 0.49	217.37	 0.49	 0.35	 1.00	10.27	 2.25	336.97	302.39	310.81	284.17	307.82	0	56.83
1999	2	20	15.644	1511.6519	50.6518	19.6518	 3.33	 0.18	217.47	 0.56	 0.38	 1.00	10.28	 2.22	336.97	302.78	311.51	283.83	308.09	0	56.77
1999	2	20	15.854	1511.6606	50.6606	19.6606	 2.94	 0.15	214.25	 0.69	 0.70	 1.00	10.28	 2.06	337.02	303.22	311.34	283.07	308.50	0	56.61
1999	2	20	16.064	1511.6693	50.6694	19.6694	 4.56	 0.82	216.01	 0.71	 0.62	 1.00	10.28	 2.18	336.99	303.39	312.73	281.60	308.98	0	56.32
1999	2	20	16.274	1511.6781	50.6781	19.6781	 3.64	 0.24	217.53	 0.54	 1.50	 0.97	10.27	 2.17	337.01	303.61	313.15	282.33	309.21	0	56.47
1999	2	20	16.485	1511.6869	50.6869	19.6869	 4.62	 1.27	213.82	 1.02	 0.43	 1.00	10.28	 2.00	336.94	303.49	312.87	280.75	310.47	0	56.15
1999	2	20	16.695	1511.6957	50.6956	19.6956	 5.86	 3.58	216.01	 0.84	 2.00	 0.99	10.27	 2.08	336.92	303.07	313.77	277.87	309.40	0	55.57
1999	2	20	16.905	1511.7043	50.7044	19.7044	 5.32	 1.73	215.86	 0.69	 1.04	 1.00	10.28	 2.11	336.87	302.57	312.84	276.51	309.24	0	55.30
1999	2	20	17.115	1511.7131	50.7131	19.7131	 5.20	 1.78	214.44	 0.80	 0.24	 1.00	10.28	 2.06	336.84	301.96	314.14	274.71	309.02	0	54.94
1999	2	20	17.326	1511.7219	50.7219	19.7219	 4.22	 0.37	215.16	 0.46	 0.87	 0.98	10.27	 2.06	336.81	301.34	313.78	273.73	308.58	0	54.75
1999	2	20	17.536	1511.7306	50.7306	19.7306	 4.17	 0.37	214.57	 0.48	 0.66	 0.99	10.28	 2.05	336.80	300.82	312.64	273.84	308.16	0	54.77
1999	2	20	17.746	1511.7394	50.7394	19.7394	 4.55	 0.73	215.04	 0.63	 0.78	 1.00	10.28	 2.06	336.80	300.30	312.15	273.65	307.83	0	54.73
1999	2	20	17.956	1511.7482	50.7482	19.7482	 4.38	 0.75	215.30	 0.77	 0.10	 1.00	10.27	 2.16	336.78	299.71	311.79	272.95	307.42	0	54.59
1999	2	20	18.166	1511.7570	50.7569	19.7569	 4.34	 0.69	211.87	 0.74	 1.32	 0.99	10.28	 1.98	336.73	299.11	311.24	272.32	306.93	0	54.46
1999	2	20	18.376	1511.7656	50.7657	19.7657	 4.05	 0.43	214.97	 0.63	 0.13	 1.00	10.25	 2.07	336.75	298.65	310.55	272.20	306.48	0	54.44
1999	2	20	18.586	1511.7744	50.7744	19.7744	 4.47	 0.61	213.62	 0.57	 0.16	 1.00	10.30	 2.08	336.72	298.41	310.39	272.77	306.14	0	54.55
1999	2	20	18.797	1511.7832	50.7832	19.7832	 6.65	 6.24	216.93	 0.66	 0.97	 1.00	10.28	 2.32	336.86	298.65	312.37	273.89	305.93	0	54.78
1999	2	20	19.007	1511.7920	50.7920	19.7920	 2.77	 0.14	210.93	 0.78	 0.20	 1.00	10.28	 2.12	336.85	299.74	311.04	281.03	306.26	0	56.21
1999	2	20	19.218	1511.8008	50.8007	19.8007	 4.04	 0.38	214.24	 0.56	 0.72	 0.99	10.30	 2.21	336.85	300.43	311.15	280.65	306.74	0	56.13
1999	2	20	19.428	1511.8094	50.8095	19.8095	 4.22	 0.48	213.18	 0.58	 0.23	 1.00	10.28	 2.16	336.86	300.89	311.00	280.66	306.98	0	56.13
1999	2	20	19.638	1511.8182	50.8182	19.8182	 3.83	 0.43	215.30	 0.78	 1.02	 1.00	10.25	 2.16	336.88	301.08	311.27	279.58	307.23	0	55.92
1999	2	20	19.848	1511.8270	50.8270	19.8270	 4.52	 0.83	216.30	 0.75	 1.64	 0.99	10.30	 2.16	336.83	300.79	310.27	275.79	307.29	0	55.16
1999	2	20	20.058	1511.8358	50.8358	19.8358	 6.26	 3.36	213.63	 0.52	 0.70	 0.99	10.27	 2.11	336.80	300.16	310.48	274.43	307.02	0	54.89
1999	2	20	20.269	1511.8445	50.8445	19.8445	 5.14	 1.73	211.47	 0.82	 0.65	 1.00	10.30	 2.05	336.76	299.45	310.20	273.37	306.59	0	54.67
1999	2	20	20.479	1511.8533	50.8533	19.8533	 7.47	21.24	217.31	 0.99	 0.55	 1.00	10.28	 2.21	336.74	298.82	311.03	272.26	306.54	0	54.45
1999	2	20	20.689	1511.8621	50.8620	19.8620	 4.52	 1.01	213.25	 0.90	 1.86	 1.00	10.27	 2.11	336.73	298.28	309.92	271.94	305.76	0	54.39
1999	2	20	20.899	1511.8708	50.8708	19.8708	 5.45	 1.25	215.55	 0.44	 0.37	 1.00	10.28	 2.18	336.68	297.79	310.08	271.98	305.37	0	54.40
1999	2	20	21.109	1511.8795	50.8796	19.8796	 4.95	 1.03	213.14	 0.59	 0.60	 1.00	10.28	 2.16	336.70	297.38	309.19	271.98	304.91	0	54.40
1999	2	20	21.320	1511.8883	50.8883	19.8883	 7.39	14.47	213.53	 0.73	 0.25	 1.00	10.30	 2.19	336.70	296.97	308.26	271.93	304.52	0	54.39
1999	2	20	21.530	1511.8971	50.8971	19.8971	 5.71	 2.30	215.07	 0.63	 0.58	 1.00	10.28	 2.25	336.70	296.54	308.77	271.89	304.24	0	54.38
1999	2	20	21.741	1511.9059	50.9059	19.9059	 4.47	 0.74	210.34	 0.69	 0.63	 1.00	10.28	 2.04	336.66	296.08	307.80	271.16	304.11	0	54.23
1999	2	20	21.950	1511.9146	50.9146	19.9146	 4.72	 0.82	214.07	 0.60	 0.30	 1.00	10.28	 2.22	336.64	295.63	307.74	271.30	303.42	0	54.26
1999	2	20	22.161	1511.9233	50.9234	19.9234	 5.37	 1.39	212.63	 0.52	 0.67	 0.99	10.28	 2.20	336.64	295.25	306.92	271.55	303.05	0	54.31
1999	2	20	22.371	1511.9321	50.9321	19.9321	26.65	3314818659.39	212.93	 0.71	 0.44	 1.00	10.28	 2.21	336.62	294.93	306.93	271.93	302.69	0	54.39
1999	2	20	22.581	1511.9409	50.9409	19.9409	31.53	323092871662.16	215.72	 0.53	 0.61	 1.00	10.28	 2.35	336.64	294.66	307.80	271.99	302.32	0	54.40
1999	2	20	22.791	1511.9496	50.9496	19.9496	16.58	165684.59	209.24	 0.83	 0.49	 1.00	10.27	 2.14	336.66	294.48	304.67	272.11	302.50	0	54.42
1999	2	20	23.001	1511.9584	50.9584	19.9584	 4.90	 1.08	211.94	 0.65	 0.81	 1.00	10.27	 2.19	336.64	294.31	305.82	272.13	301.91	0	54.43
1999	2	20	23.211	1511.9672	50.9671	19.9671	 7.85	18.86	211.66	 0.59	 0.09	 1.00	10.28	 2.20	336.62	294.12	304.47	272.00	301.62	0	54.40
1999	2	20	23.422	1511.9760	50.9759	19.9759	 5.05	 1.57	214.48	 0.82	 0.65	 1.00	10.27	 2.24	336.61	293.94	304.87	271.82	301.38	0	54.36
1999	2	20	23.632	1511.9846	50.9847	19.9847	 6.86	 7.07	215.34	 0.61	 0.32	 1.00	10.28	 2.29	336.59	293.75	304.96	271.64	301.06	0	54.33
1999	2	20	23.842	1511.9934	50.9934	19.9934	28.03	7928680181.83	213.92	 0.43	 0.88	 0.98	10.28	 2.29	336.59	293.58	303.62	271.39	300.83	0	54.28
1999	2	21	0.052	1512.0022	51.0022	20.0022	 6.42	 3.85	211.42	 0.50	 0.47	 1.00	10.28	 2.16	336.61	293.43	302.82	271.37	300.61	0	54.27
1999	2	21	0.262	1512.0110	51.0109	20.0109	 5.70	 1.91	213.20	 0.52	 0.53	 1.00	10.32	 2.21	336.60	293.29	303.01	271.41	300.41	0	54.28
1999	2	21	0.473	1512.0197	51.0197	20.0197	30.20	84479688424.55	213.18	 0.52	 0.85	 0.99	10.27	 2.26	336.60	293.15	302.55	270.75	300.21	0	54.15
1999	2	21	0.683	1512.0284	51.0285	20.0285	25.75	823188565.29	213.29	 0.44	 0.49	 0.99	10.28	 2.21	336.59	292.95	303.17	270.60	299.99	0	54.12
1999	2	21	0.893	1512.0372	51.0372	20.0372	24.40	337645439.07	213.10	 0.69	 0.71	 1.00	10.27	 2.22	336.61	292.79	302.21	270.53	299.76	0	54.11
1999	2	21	1.103	1512.0460	51.0460	20.0460	17.67	286925.39	212.72	 0.49	 0.35	 1.00	10.27	 2.21	336.59	292.65	302.05	270.46	299.55	0	54.09
1999	2	21	1.313	1512.0547	51.0547	20.0547	 5.89	 3.07	214.23	 0.69	 0.76	 1.00	10.28	 2.26	336.60	292.46	302.41	270.18	299.39	0	54.04
1999	2	21	1.524	1512.0635	51.0635	20.0635	44.35	 1.00	213.14	 0.00	 0.82	 0.00	10.30	 2.23	336.55	292.31	302.01	270.12	299.15	0	54.02
1999	2	21	1.734	1512.0723	51.0722	20.0722	 5.80	 2.74	214.40	 0.67	 0.68	 1.00	10.28	 2.30	336.57	292.22	301.44	270.40	298.99	0	54.08
1999	2	21	1.944	1512.0811	51.0810	20.0810	 6.12	 3.87	212.58	 0.68	 0.56	 1.00	10.28	 2.20	336.57	292.13	301.51	270.42	298.85	0	54.08
1999	2	21	2.154	1512.0897	51.0898	20.0898	19.39	2127695.17	213.58	 0.65	 0.44	 1.00	10.30	 2.29	336.57	292.00	301.01	270.35	298.68	0	54.07
1999	2	21	2.364	1512.0985	51.0985	20.0985	 9.60	84.56	212.92	 0.46	 0.55	 0.99	10.27	 2.23	336.59	291.83	301.63	270.03	298.53	0	54.01
1999	2	21	2.575	1512.1073	51.1073	20.1073	29.36	38182684690.64	212.05	 0.54	 0.23	 1.00	10.28	 2.28	336.56	291.65	300.86	269.83	298.35	0	53.97
1999	2	21	2.785	1512.1161	51.1160	20.1160	 7.76	16.28	212.80	 0.56	 0.60	 1.00	10.28	 2.27	336.56	291.49	300.67	269.64	298.12	0	53.93
1999	2	21	2.995	1512.1248	51.1248	20.1248	27.59	7105256724.49	213.13	 0.60	 0.52	 1.00	10.27	 2.31	336.57	291.32	300.58	269.60	297.95	0	53.92
1999	2	21	3.206	1512.1335	51.1336	20.1336	 5.99	 2.61	212.72	 0.53	 0.48	 1.00	10.32	 2.24	336.55	291.19	300.56	269.73	297.78	0	53.95
1999	2	21	3.416	1512.1423	51.1423	20.1423	 4.83	 0.62	213.40	 0.40	 0.30	 1.00	10.27	 2.27	336.56	290.97	300.27	269.48	297.58	0	53.90
1999	2	21	3.626	1512.1511	51.1511	20.1511	26.38	2173640556.24	211.30	 0.61	 1.23	 0.99	10.27	 2.25	336.53	290.73	299.12	269.22	297.39	0	53.84
1999	2	21	3.836	1512.1598	51.1599	20.1598	30.75	143371384172.12	212.22	 0.51	 1.11	 0.98	10.30	 2.26	336.54	290.54	299.66	269.16	297.16	0	53.83
1999	2	21	4.046	1512.1686	51.1686	20.1686	 5.82	 2.17	212.58	 0.52	 0.24	 1.00	10.25	 2.25	336.54	290.42	299.69	269.36	297.00	0	53.87
1999	2	21	4.256	1512.1774	51.1773	20.1773	15.18	26873.69	212.51	 0.55	 0.13	 1.00	10.30	 2.24	336.53	290.33	299.27	269.35	296.78	0	53.87
1999	2	21	4.467	1512.1862	51.1861	20.1861	 6.27	 3.85	212.01	 0.59	 0.52	 1.00	10.28	 2.29	336.54	290.22	298.50	269.31	296.70	0	53.86
1999	2	21	4.677	1512.1948	51.1949	20.1949	 6.96	 7.80	212.42	 0.60	 1.12	 0.99	10.28	 2.27	336.52	290.12	298.43	268.98	296.61	0	53.80
1999	2	21	4.887	1512.2036	51.2036	20.2036	24.92	564892486.87	213.55	 0.68	 0.53	 1.00	10.27	 2.31	336.51	289.93	299.13	268.72	296.50	0	53.74
1999	2	21	5.097	1512.2124	51.2124	20.2124	 4.64	 0.66	212.93	 0.52	 0.23	 1.00	10.28	 2.27	336.50	289.74	298.17	268.55	296.23	0	53.71
1999	2	21	5.307	1512.2212	51.2211	20.2211	 4.54	 0.63	212.78	 0.55	 0.34	 1.00	10.30	 2.25	336.52	289.57	297.86	268.67	296.07	0	53.73
1999	2	21	5.653	1512.2355	51.2355	20.2355	 7.64	15.61	212.05	 0.60	 0.31	 1.00	10.33	 2.26	336.52	289.25	297.83	267.73	295.72	0	53.55
1999	2	21	6.559	1512.2733	51.2733	20.2733	15.19	28690.41	213.17	 0.58	 0.51	 1.00	10.37	 2.26	336.41	288.71	296.91	268.35	295.06	0	53.67
1999	2	21	6.769	1512.2821	51.2821	20.2821	 5.24	 1.53	214.49	 0.66	 0.65	 1.00	10.27	 2.33	336.43	288.55	297.68	268.15	295.24	0	53.63
1999	2	21	6.980	1512.2908	51.2908	20.2908	 5.47	 1.34	214.16	 0.46	 0.22	 1.00	10.28	 2.28	336.42	288.41	297.73	267.78	294.80	0	53.56
1999	2	21	7.190	1512.2996	51.2996	20.2996	 4.65	 0.72	213.91	 0.57	 0.44	 1.00	10.27	 2.29	336.44	288.29	296.76	268.00	294.65	0	53.60
1999	2	21	7.400	1512.3083	51.3083	20.3083	12.29	1418.58	214.34	 0.53	 0.36	 1.00	10.27	 2.31	336.38	288.18	296.71	267.92	294.80	0	53.58
1999	2	21	7.610	1512.3171	51.3171	20.3171	 5.18	 1.41	215.26	 0.65	 0.43	 1.00	10.28	 2.31	336.40	288.08	297.50	268.05	294.37	0	53.61
1999	2	21	7.821	1512.3258	51.3259	20.3259	 5.06	 1.26	214.54	 0.65	 0.38	 1.00	10.27	 2.26	336.38	287.98	296.62	268.08	294.24	0	53.62
1999	2	21	8.030	1512.3346	51.3346	20.3346	 4.26	 0.39	216.49	 0.46	 0.60	 0.99	10.30	 2.33	336.35	287.89	297.97	268.25	294.11	0	53.65
1999	2	21	8.241	1512.3434	51.3434	20.3434	 5.42	 1.34	215.26	 0.48	 0.56	 1.00	10.28	 2.34	336.36	287.81	297.26	268.52	293.98	0	53.70
1999	2	21	8.451	1512.3522	51.3521	20.3521	16.01	62852.50	214.55	 0.57	 0.05	 1.00	10.28	 2.30	336.37	287.75	297.18	268.28	293.89	0	53.66
1999	2	21	8.661	1512.3608	51.3609	20.3609	 6.85	 6.52	212.75	 0.55	 0.82	 0.99	10.28	 2.25	336.36	287.71	296.55	268.44	293.82	0	53.69
1999	2	21	8.871	1512.3696	51.3696	20.3696	 4.85	 0.75	214.89	 0.48	 0.96	 0.98	10.28	 2.34	336.35	287.67	296.54	268.48	293.74	0	53.70
1999	2	21	9.082	1512.3784	51.3784	20.3784	 5.55	 1.62	213.43	 0.51	 1.03	 0.98	10.30	 2.30	336.34	287.63	296.47	268.58	293.69	0	53.72
1999	2	21	9.292	1512.3872	51.3872	20.3872	24.63	455345120.24	213.90	 0.74	 0.63	 1.00	10.28	 2.33	336.33	287.60	296.41	268.53	293.63	0	53.71
1999	2	21	9.502	1512.3960	51.3959	20.3959	 4.87	 0.81	215.47	 0.51	 0.76	 0.99	10.28	 2.36	336.31	287.57	296.43	268.70	293.54	0	53.74
1999	2	21	9.713	1512.4047	51.4047	20.4047	17.29	256085.44	214.27	 0.65	 0.62	 1.00	10.28	 2.34	336.33	287.53	296.21	268.45	293.52	0	53.69
1999	2	21	9.923	1512.4135	51.4135	20.4135	 7.96	17.93	213.41	 0.51	 0.24	 1.00	10.30	 2.31	336.32	287.50	295.95	268.29	293.46	0	53.66
1999	2	21	10.134	1512.4222	51.4222	20.4222	 6.97	 9.40	213.23	 0.71	 0.34	 1.00	10.28	 2.31	336.35	287.45	295.47	268.16	293.39	0	53.63
1999	2	21	10.344	1512.4310	51.4310	20.4310	16.93	168724.03	212.77	 0.60	 1.49	 0.98	10.30	 2.25	336.38	287.51	295.80	268.34	293.35	0	53.67
1999	2	21	10.554	1512.4398	51.4398	20.4398	17.16	169418.50	213.05	 0.48	 1.80	 0.94	10.28	 2.33	336.40	287.78	296.39	268.89	293.41	0	53.78
1999	2	21	10.764	1512.4485	51.4485	20.4485	 5.11	 1.35	212.80	 0.66	 0.43	 1.00	10.27	 2.31	336.40	287.96	295.66	269.39	293.55	0	53.88
1999	2	21	10.975	1512.4573	51.4573	20.4573	11.84	1245.28	213.42	 0.72	 0.49	 1.00	10.28	 2.34	336.40	288.22	296.82	269.72	293.62	0	53.94
1999	2	21	11.185	1512.4661	51.4660	20.4660	17.87	504574.86	209.81	 0.69	 0.94	 1.00	10.27	 2.31	336.43	288.54	296.05	270.16	293.76	0	54.03
1999	2	21	11.605	1512.4835	51.4836	20.4836	32.96	 0.67	202.26	 0.00	11.49	 0.00	10.25	 2.23	336.56	290.04	298.20	272.37	294.43	0	54.47
1999	2	21	11.815	1512.4923	51.4923	20.4923	16.31	115890.50	203.96	 0.73	 7.13	 0.82	10.30	 2.33	336.60	291.08	299.27	276.40	295.38	0	55.28
1999	2	21	12.026	1512.5011	51.5011	20.5011	17.68	398035.60	202.17	 0.63	 8.47	 0.62	10.28	 2.28	336.63	292.14	299.67	278.21	296.18	0	55.64
1999	2	21	12.236	1512.5098	51.5098	20.5098	79.32	 0.12	200.91	 0.00	17.74	 0.00	10.28	 2.24	336.69	293.19	300.08	278.32	296.95	0	55.66
1999	2	21	12.446	1512.5186	51.5186	20.5186	24.63	356485149.26	201.98	 0.55	10.51	 0.32	10.28	 2.27	336.71	294.22	300.44	278.36	297.88	0	55.67
1999	2	21	12.656	1512.5273	51.5273	20.5273	41.16	 0.59	201.34	 0.00	13.09	 0.00	10.27	 2.29	336.73	295.17	301.17	279.78	298.80	0	55.96
1999	2	21	12.866	1512.5361	51.5361	20.5361	16.66	118742.97	202.00	 0.52	 4.60	 0.73	10.28	 2.23	336.86	295.97	302.89	280.80	299.57	0	56.16
1999	2	21	13.077	1512.5449	51.5449	20.5449	16.32	100256.90	202.26	 0.63	 8.12	 0.64	10.27	 2.31	336.81	296.75	304.25	281.39	300.36	0	56.28
1999	2	21	13.287	1512.5536	51.5536	20.5536	63.55	 0.94	203.00	 0.00	 4.93	 0.00	10.28	 2.30	336.86	297.59	305.66	280.01	301.22	0	56.00
1999	2	21	13.497	1512.5624	51.5624	20.5624	21.49	18173142.44	200.45	 0.64	 8.36	 0.64	10.28	 2.15	336.96	298.48	305.80	279.94	302.06	0	55.99
1999	2	21	13.707	1512.5712	51.5711	20.5711	16.90	142180.29	208.16	 0.51	 1.94	 0.94	10.28	 2.25	336.84	298.96	305.83	280.85	302.95	0	56.17
1999	2	21	13.917	1512.5800	51.5799	20.5799	15.63	54529.67	208.29	 0.70	 8.71	 0.71	10.28	 2.24	336.94	299.55	307.47	278.35	303.33	0	55.67
1999	2	21	14.128	1512.5886	51.5887	20.5887	16.41	127222.65	205.10	 0.74	 1.06	 1.00	10.27	 2.14	336.82	300.36	307.49	279.28	304.05	0	55.86
1999	2	21	14.338	1512.5974	51.5974	20.5974	17.08	235180.77	205.31	 0.70	 2.18	 0.98	10.30	 2.18	337.05	301.09	309.30	279.55	304.64	0	55.91
1999	2	21	14.548	1512.6062	51.6062	20.6062	16.66	160204.42	206.24	 0.73	 1.66	 0.99	10.27	 2.24	337.01	301.75	310.04	281.97	305.47	0	56.39
1999	2	21	14.758	1512.6150	51.6149	20.6149	26.85	3524522749.16	203.30	 0.59	 1.66	 0.98	10.28	 2.10	337.02	302.38	310.91	285.79	306.16	0	57.16
1999	2	21	14.968	1512.6237	51.6237	20.6237	 4.53	 0.72	206.55	 0.62	 3.70	 0.88	10.27	 2.23	337.11	303.15	311.71	285.25	306.96	0	57.05
1999	2	21	15.178	1512.6324	51.6324	20.6324	 3.52	 0.25	214.30	 0.62	 0.86	 0.99	10.27	 2.15	336.98	303.41	310.69	283.03	307.80	0	56.61
1999	2	21	15.388	1512.6412	51.6412	20.6412	 5.31	 3.19	213.19	 1.28	 1.09	 1.00	10.27	 2.09	336.87	303.04	310.52	278.85	307.96	0	55.77
1999	2	21	15.599	1512.6499	51.6499	20.6499	 4.55	 0.81	211.76	 0.69	 0.37	 1.00	10.30	 2.07	336.87	302.48	311.53	276.63	307.80	0	55.33
1999	2	21	15.809	1512.6587	51.6587	20.6587	 4.24	 0.48	213.82	 0.58	 0.88	 0.99	10.28	 2.05	336.80	301.84	310.97	275.71	307.58	0	55.14
1999	2	21	16.019	1512.6675	51.6675	20.6675	 4.94	 0.83	214.72	 0.49	 0.27	 1.00	10.27	 2.10	336.79	301.24	310.51	274.81	307.25	0	54.96
1999	2	21	16.229	1512.6763	51.6762	20.6762	 5.36	 1.82	216.37	 0.70	 0.18	 1.00	10.28	 2.21	336.77	300.56	311.33	274.04	306.90	0	54.81
1999	2	21	16.440	1512.6849	51.6850	20.6850	 5.16	 1.48	211.09	 0.68	 0.19	 1.00	10.28	 2.02	336.74	299.92	311.32	272.57	306.49	0	54.51
1999	2	21	16.650	1512.6937	51.6937	20.6938	 4.75	 0.70	211.26	 0.49	 0.28	 1.00	10.27	 2.08	336.75	299.48	310.32	272.77	306.10	0	54.55
1999	2	21	16.860	1512.7025	51.7025	20.7025	 5.94	 3.68	213.90	 0.79	 0.19	 1.00	10.28	 2.16	336.76	299.13	310.83	272.88	305.84	0	54.58
1999	2	21	17.070	1512.7113	51.7113	20.7113	 7.84	17.79	213.42	 0.57	 0.94	 0.99	10.28	 2.20	336.75	298.77	310.07	273.13	305.57	0	54.63
1999	2	21	17.281	1512.7200	51.7200	20.7200	 6.43	 5.09	211.82	 0.66	 0.14	 1.00	10.27	 2.11	336.75	298.50	309.92	273.39	305.27	0	54.68
1999	2	21	17.491	1512.7288	51.7288	20.7288	 2.98	 0.13	211.37	 0.55	 1.15	 0.98	10.27	 2.21	336.91	299.11	310.76	277.25	305.13	0	55.45
1999	2	21	17.701	1512.7375	51.7375	20.7375	 2.80	 0.12	210.24	 0.61	 1.70	 0.97	10.30	 2.19	336.96	300.39	310.68	283.58	305.84	0	56.72
1999	2	21	17.911	1512.7463	51.7463	20.7463	 3.01	 0.14	209.04	 0.60	 2.01	 0.95	10.27	 2.21	336.84	301.68	310.63	289.54	306.70	0	57.91
1999	2	21	18.121	1512.7550	51.7550	20.7550	 3.48	 0.21	212.58	 0.54	 1.71	 0.96	10.28	 2.10	336.92	302.44	310.65	289.67	307.47	0	57.93
1999	2	21	18.331	1512.7638	51.7638	20.7638	 6.34	 5.51	215.42	 0.79	 0.30	 1.00	10.28	 2.11	336.86	302.21	310.59	279.31	307.61	0	55.86
1999	2	21	18.542	1512.7726	51.7726	20.7726	 4.63	 0.79	215.79	 0.64	 0.77	 1.00	10.28	 2.15	336.81	301.78	310.58	277.32	307.51	0	55.46
1999	2	21	18.752	1512.7814	51.7813	20.7813	 5.13	 1.38	214.40	 0.66	 0.52	 1.00	10.28	 2.10	336.82	301.44	310.61	276.68	307.34	0	55.34
1999	2	21	18.962	1512.7900	51.7901	20.7901	 3.31	 0.28	213.73	 0.86	 2.23	 0.99	10.28	 2.21	336.84	301.81	311.95	278.75	307.27	0	55.75
1999	2	21	19.173	1512.7988	51.7989	20.7989	 3.84	 0.51	210.76	 0.90	 0.86	 1.00	10.28	 2.04	336.88	301.97	310.02	278.63	307.80	0	55.73
1999	2	21	19.383	1512.8076	51.8076	20.8076	 5.24	 1.38	213.29	 0.59	 0.67	 1.00	10.28	 2.05	336.86	301.65	311.07	276.87	307.63	0	55.37
1999	2	21	19.593	1512.8164	51.8164	20.8164	 4.59	 1.66	213.68	 1.38	 0.98	 1.00	10.25	 2.12	336.86	301.32	310.65	276.87	307.50	0	55.37
1999	2	21	19.803	1512.8251	51.8251	20.8251	 5.52	 3.16	214.15	 1.02	 0.73	 1.00	10.28	 2.10	336.85	301.04	311.60	276.56	307.30	0	55.31
1999	2	21	20.013	1512.8339	51.8339	20.8339	 4.04	 0.76	216.63	 1.12	 1.18	 1.00	10.27	 2.15	336.86	300.80	312.86	276.54	307.23	0	55.31
1999	2	21	20.223	1512.8427	51.8426	20.8426	 3.66	 0.59	212.88	 1.26	 3.91	 0.99	10.27	 2.05	336.91	300.88	312.17	277.14	307.10	0	55.43
1999	2	21	20.433	1512.8513	51.8514	20.8514	 3.84	 0.64	215.84	 1.14	 1.94	 1.00	10.30	 2.20	336.86	300.89	311.98	277.12	307.15	0	55.42
1999	2	21	20.644	1512.8601	51.8601	20.8602	 3.40	 0.46	215.20	 1.31	 4.86	 0.99	10.28	 2.13	336.89	300.88	312.32	277.30	307.14	0	55.46
1999	2	21	20.854	1512.8689	51.8689	20.8689	 4.14	 1.25	215.16	 1.65	 2.98	 1.00	10.28	 2.20	336.80	300.73	311.31	277.01	307.12	0	55.40
1999	2	21	21.064	1512.8777	51.8777	20.8777	 3.35	 0.39	210.23	 1.14	 2.99	 0.99	10.27	 1.91	336.82	300.39	310.96	275.23	306.99	0	55.05
1999	2	21	21.274	1512.8864	51.8864	20.8864	 4.60	 1.47	214.42	 1.21	 0.65	 1.00	10.27	 2.12	336.80	299.87	310.30	274.52	306.73	0	54.90
1999	2	21	21.484	1512.8951	51.8952	20.8952	 4.95	 1.80	212.56	 1.04	 0.29	 1.00	10.30	 2.12	336.76	299.34	309.32	273.86	306.32	0	54.77
1999	2	21	21.694	1512.9039	51.9039	20.9039	 4.50	 1.07	218.52	 0.99	 0.44	 1.00	10.27	 2.32	336.78	298.78	310.83	273.39	305.92	0	54.68
1999	2	21	21.904	1512.9127	51.9127	20.9127	 5.17	 2.08	212.07	 0.95	 1.91	 1.00	10.28	 2.04	336.77	298.23	310.41	272.45	305.51	0	54.49
1999	2	21	22.115	1512.9214	51.9214	20.9214	 4.10	 0.74	216.63	 1.02	 2.18	 1.00	10.28	 2.26	336.72	297.75	309.26	272.50	305.05	0	54.50
1999	2	21	22.325	1512.9302	51.9302	20.9302	 4.92	 1.68	215.07	 1.01	 0.50	 1.00	10.28	 2.23	336.70	297.29	308.96	272.71	304.60	0	54.54
1999	2	21	22.535	1512.9390	51.9390	20.9390	 6.22	 4.63	213.35	 0.75	 3.17	 0.96	10.28	 2.14	336.71	296.83	309.20	272.54	304.26	0	54.51
1999	2	21	22.746	1512.9478	51.9477	20.9477	 5.95	 4.57	212.79	 0.96	 0.68	 1.00	10.28	 2.21	336.69	296.40	307.71	272.27	303.88	0	54.45
1999	2	21	22.956	1512.9565	51.9565	20.9565	 4.29	 0.71	215.47	 0.80	 0.30	 1.00	10.28	 2.21	336.73	296.01	308.03	272.01	303.48	0	54.40
1999	2	21	23.166	1512.9652	51.9652	20.9652	 5.07	 2.44	211.60	 1.24	 0.40	 1.00	10.25	 2.13	336.69	295.63	307.07	271.73	303.07	0	54.35
1999	2	21	23.376	1512.9740	51.9740	20.9740	 5.88	 4.00	213.27	 0.91	 2.14	 0.99	10.28	 2.19	336.66	295.27	306.60	 0.00	302.93	0	54.00
1999	2	21	23.586	1512.9828	51.9828	20.9828	 4.94	 0.79	211.76	 0.45	 2.15	 0.87	10.30	 2.11	336.65	294.96	305.85	271.52	302.28	0	54.30
1999	2	21	23.797	1512.9916	51.9915	20.9915	 4.42	 0.90	210.98	 0.88	 0.37	 1.00	10.28	 2.10	336.62	294.62	305.17	271.20	301.99	0	54.24
1999	2	22	0.007	1513.0002	52.0003	21.0003	 8.62	50.42	212.71	 0.73	 0.42	 1.00	10.27	 2.24	336.61	294.33	304.78	270.79	301.62	0	54.16
1999	2	22	0.217	1513.0090	52.0090	21.0090	 4.39	 0.58	213.19	 0.59	 0.69	 1.00	10.28	 2.23	336.61	294.06	304.64	270.67	301.32	0	54.13
1999	2	22	0.427	1513.0178	52.0178	21.0178	 5.41	 2.15	212.71	 0.78	 0.50	 1.00	10.28	 2.24	336.60	293.76	304.55	270.46	300.98	0	54.09
1999	2	22	0.637	1513.0266	52.0266	21.0266	17.71	1048633.23	210.69	 1.70	 2.69	 1.00	10.27	 2.19	336.62	293.43	303.72	270.19	300.65	0	54.04
1999	2	22	0.847	1513.0353	52.0353	21.0353	 5.05	 1.03	215.97	 0.55	 1.07	 0.99	10.30	 2.38	336.58	293.06	305.10	269.86	300.31	0	53.97
1999	2	22	1.058	1513.0441	52.0441	21.0441	15.75	41424.12	212.16	 0.48	 0.36	 1.00	10.28	 2.23	336.62	292.72	302.93	269.68	299.94	0	53.94
1999	2	22	1.268	1513.0529	52.0528	21.0528	 4.69	 0.92	213.23	 0.69	 0.39	 1.00	10.27	 2.21	336.62	292.41	302.58	269.79	299.61	0	53.96
1999	2	22	1.478	1513.0616	52.0616	21.0616	 5.87	 2.89	214.12	 0.66	 0.12	 1.00	10.28	 2.21	336.58	292.12	302.02	269.88	299.29	0	53.98
1999	2	22	1.689	1513.0703	52.0704	21.0704	 5.46	 1.56	214.14	 0.54	 0.53	 1.00	10.28	 2.27	336.59	291.84	302.40	270.05	298.98	0	54.01
1999	2	22	1.899	1513.0791	52.0791	21.0791	 5.19	 1.28	213.84	 0.58	 0.72	 1.00	10.27	 2.25	336.55	291.57	301.61	269.93	298.66	0	53.99
1999	2	22	2.109	1513.0879	52.0879	21.0879	 6.34	 3.14	214.22	 0.45	 0.99	 0.98	10.28	 2.31	336.57	291.32	301.22	269.90	298.36	0	53.98
1999	2	22	2.319	1513.0967	52.0966	21.0966	 7.85	16.92	213.88	 0.53	 0.57	 1.00	10.28	 2.28	336.57	291.10	301.22	269.80	298.08	0	53.96
1999	2	22	2.529	1513.1053	52.1054	21.1054	 6.60	 5.38	214.37	 0.60	 0.42	 1.00	10.27	 2.28	336.54	290.88	300.83	269.70	297.82	0	53.94
1999	2	22	2.739	1513.1141	52.1141	21.1141	 4.68	 0.60	215.69	 0.46	 0.73	 0.99	10.28	 2.34	336.54	290.69	300.46	269.85	297.57	0	53.97
1999	2	22	3.085	1513.1285	52.1285	21.1285	 4.28	 0.54	214.62	 0.62	 1.48	 0.98	10.37	 2.25	336.55	290.45	299.18	269.55	297.14	0	53.91
1999	2	22	3.296	1513.1373	52.1373	21.1373	20.53	5524390.24	214.87	 0.54	 0.38	 1.00	10.28	 2.30	336.53	290.32	299.41	269.48	296.91	0	53.90
1999	2	22	3.506	1513.1461	52.1461	21.1461	 4.36	 0.47	215.79	 0.49	 0.22	 1.00	10.28	 2.29	336.50	290.18	299.92	269.65	296.74	0	53.93
1999	2	22	3.716	1513.1549	52.1549	21.1549	 4.83	 0.92	214.99	 0.61	 0.25	 1.00	10.30	 2.28	336.47	290.04	298.56	269.96	296.60	0	53.99
1999	2	22	3.927	1513.1636	52.1636	21.1636	 4.57	 0.63	215.63	 0.54	 0.84	 0.99	10.28	 2.32	336.49	289.92	299.01	270.25	296.37	0	54.05
1999	2	22	4.137	1513.1724	52.1724	21.1724	 4.90	 0.85	212.57	 0.51	 0.18	 1.00	10.32	 2.25	336.47	289.81	297.73	270.48	296.18	0	54.10
1999	2	22	4.348	1513.1812	52.1812	21.1812	 4.58	 0.73	213.53	 0.61	 0.30	 1.00	10.28	 2.26	336.46	289.69	297.34	270.13	295.97	0	54.03
1999	2	22	4.558	1513.1899	52.1899	21.1899	 4.88	 0.78	213.78	 0.49	 0.51	 1.00	10.27	 2.26	336.49	289.58	297.87	269.89	295.82	0	53.98
1999	2	22	4.769	1513.1987	52.1987	21.1987	 6.55	 4.93	214.79	 0.57	 0.53	 1.00	10.27	 2.32	336.43	289.47	298.16	 0.00	295.72	0	54.00
1999	2	22	4.979	1513.2075	52.2075	21.2075	 5.53	 1.51	213.87	 0.49	 0.41	 1.00	10.30	 2.27	336.43	289.37	297.48	269.40	295.51	0	53.88
1999	2	22	5.190	1513.2162	52.2162	21.2162	 5.21	 1.49	214.34	 0.67	 1.21	 0.99	10.30	 2.26	336.45	289.29	298.10	269.53	295.42	0	53.91
1999	2	22	5.400	1513.2250	52.2250	21.2250	 4.02	 0.44	216.53	 0.65	 0.12	 1.00	10.30	 2.35	336.42	289.23	297.36	269.34	295.28	0	53.87
1999	2	27	16.839	1518.7017	57.7016	26.7016	 2.86	 0.25	210.00	 1.22	50.15	 0.24	10.28	 2.09	333.14	296.12	303.95	282.64	299.62	0	56.53
1999	2	27	17.049	1518.7103	57.7104	26.7104	 2.81	 0.30	212.72	 1.55	 2.76	 1.00	10.28	 2.27	336.82	297.48	305.47	287.84	300.16	0	57.57
1999	2	27	17.259	1518.7191	57.7191	26.7191	 2.58	 0.10	214.12	 0.70	 0.94	 1.00	10.28	 2.35	336.75	298.55	304.65	287.39	302.80	0	57.48
1999	2	27	17.470	1518.7279	57.7279	26.7279	 2.69	 0.20	217.34	 1.22	 4.55	 0.99	10.28	 2.39	336.87	299.32	306.75	285.61	302.71	0	57.12
1999	2	27	17.680	1518.7367	57.7367	26.7367	 4.27	 1.18	212.97	 1.36	 2.63	 1.00	10.28	 2.21	336.85	300.11	306.32	285.74	303.41	0	57.15
1999	2	27	17.890	1518.7455	57.7454	26.7454	 2.68	 0.13	214.60	 0.80	 0.87	 1.00	10.28	 2.26	336.94	300.95	308.01	286.81	304.33	0	57.36
1999	2	27	18.101	1518.7542	57.7542	26.7542	 2.84	 0.24	214.68	 1.24	 4.49	 0.99	10.32	 2.23	337.01	301.69	307.66	285.30	306.50	0	57.06
1999	2	27	18.311	1518.7629	57.7630	26.7630	 2.96	 0.15	215.91	 0.69	 0.31	 1.00	10.28	 2.28	336.92	302.34	309.33	284.57	305.82	0	56.91
1999	2	27	18.522	1518.7717	57.7717	26.7717	 3.01	 0.23	214.99	 0.97	 0.82	 1.00	10.28	 2.29	336.96	303.02	309.50	283.85	306.61	0	56.77
1999	2	27	18.732	1518.7805	57.7805	26.7805	 3.21	 0.30	214.85	 1.03	 3.22	 0.99	10.30	 2.22	336.97	303.62	310.38	284.45	307.29	0	56.89
1999	2	27	18.942	1518.7893	57.7893	26.7893	 2.88	 0.15	213.40	 0.74	 0.36	 1.00	10.28	 2.11	336.99	304.13	310.73	284.17	307.90	0	56.83
1999	2	27	19.153	1518.7980	57.7980	26.7980	 3.48	 0.43	217.20	 1.15	 1.11	 1.00	10.28	 2.23	336.94	304.58	313.15	284.44	308.36	0	56.89
1999	2	27	19.363	1518.8068	57.8068	26.8068	 2.96	 0.21	218.09	 0.96	 0.99	 1.00	10.28	 2.22	336.94	304.97	314.11	283.83	309.85	0	56.77
1999	2	27	19.574	1518.8156	57.8156	26.8156	 3.03	 0.31	218.06	 1.30	 0.83	 1.00	10.30	 2.18	336.99	305.33	312.44	 0.00	309.29	0	54.00
1999	2	27	19.784	1518.8243	57.8243	26.8243	 3.66	 0.45	216.74	 0.98	 3.81	 0.98	10.28	 2.29	336.96	305.70	313.81	283.66	309.70	0	56.73
1999	2	27	19.995	1518.8331	57.8331	26.8331	 3.09	 0.27	212.39	 1.06	 0.95	 1.00	10.30	 2.02	336.95	305.88	313.61	283.20	310.07	0	56.64
1999	2	27	20.205	1518.8419	57.8419	26.8419	 3.14	 0.28	216.41	 1.04	 2.36	 0.99	10.30	 2.13	336.98	306.05	315.10	283.87	310.31	0	56.77
1999	2	27	20.416	1518.8507	57.8506	26.8506	 3.58	 0.51	210.36	 1.17	 0.72	 1.00	10.28	 1.95	336.97	305.94	314.32	283.12	310.45	0	56.62
1999	2	27	20.626	1518.8594	57.8594	26.8594	 3.67	 0.71	214.89	 1.51	 2.00	 1.00	10.28	 2.05	336.93	305.71	314.66	281.85	310.48	0	56.37
1999	2	27	20.836	1518.8682	57.8682	26.8682	 3.47	 0.47	211.87	 1.22	 1.85	 1.00	10.28	 1.93	337.01	305.14	314.23	279.91	310.23	0	55.98
1999	2	27	21.046	1518.8770	57.8769	26.8769	 3.81	 0.48	214.92	 0.90	 0.69	 1.00	10.28	 2.01	336.97	304.40	314.57	278.11	310.10	0	55.62
1999	2	27	21.257	1518.8857	57.8857	26.8857	 3.75	 0.76	208.31	 1.45	 1.49	 1.00	10.28	 1.90	336.99	303.70	313.16	277.78	309.74	0	55.56
1999	2	27	21.467	1518.8944	57.8945	26.8945	27.90	16467611362.81	213.58	 1.02	 0.87	 1.00	10.28	 2.07	336.92	302.94	313.64	276.69	309.47	0	55.34
1999	2	27	21.677	1518.9032	57.9032	26.9032	 4.56	 1.49	212.28	 1.27	 2.05	 1.00	10.27	 2.03	336.96	302.13	312.44	274.98	309.03	0	55.00
1999	2	27	21.887	1518.9120	57.9120	26.9120	 5.21	 2.79	215.52	 1.25	 2.56	 1.00	10.28	 2.11	336.93	301.31	313.52	274.66	308.54	0	54.93
1999	2	27	22.098	1518.9208	57.9207	26.9207	 3.87	 0.71	209.90	 1.21	 2.30	 1.00	10.27	 1.92	336.93	300.54	311.37	273.91	308.04	0	54.78
1999	2	27	22.308	1518.9294	57.9295	26.9295	 4.92	 2.10	211.08	 1.23	 2.88	 1.00	10.28	 1.93	336.93	299.82	312.15	273.93	307.60	0	54.79
1999	2	27	22.518	1518.9382	57.9383	26.9383	 4.54	 0.74	215.18	 0.65	 0.32	 1.00	10.28	 2.14	336.88	299.22	311.62	273.59	307.11	0	54.72
1999	2	27	22.728	1518.9470	57.9470	26.9470	 5.66	 2.78	214.50	 0.79	 0.18	 1.00	10.28	 2.06	336.90	298.70	311.49	272.58	307.03	0	54.52
1999	2	27	22.939	1518.9558	57.9558	26.9558	 6.08	 3.91	215.22	 0.73	 0.15	 1.00	10.28	 2.14	336.87	298.09	311.30	271.99	306.21	0	54.40
1999	2	27	23.149	1518.9646	57.9646	26.9645	 3.44	 0.47	213.65	 1.27	 0.77	 1.00	10.30	 2.07	336.81	297.49	310.64	271.96	305.70	0	54.39
1999	2	27	23.359	1518.9733	57.9733	26.9733	 5.14	 1.19	215.27	 0.57	 0.27	 1.00	10.28	 2.19	336.77	296.94	309.61	271.96	305.23	0	54.39
1999	2	27	23.570	1518.9821	57.9821	26.9821	 4.66	 0.63	214.06	 0.49	 0.53	 1.00	10.28	 2.13	336.79	296.47	308.92	271.94	304.76	0	54.39
1999	2	27	23.780	1518.9908	57.9908	26.9908	 5.15	 1.29	216.00	 0.61	 0.59	 1.00	10.28	 2.20	336.79	296.10	308.73	271.92	304.35	0	54.38
1999	2	27	23.990	1518.9996	57.9996	26.9996	 6.39	 8.26	212.90	 1.11	 0.46	 1.00	10.28	 2.14	336.79	295.78	307.34	271.90	304.02	0	54.38
1999	2	28	0.201	1519.0083	58.0084	27.0084	16.56	326412.32	214.39	 1.69	 5.14	 1.00	10.28	 2.19	336.78	295.49	308.12	271.88	303.69	0	54.38
1999	2	28	0.411	1519.0171	58.0171	27.0171	 5.92	 2.87	214.50	 0.63	 0.63	 1.00	10.28	 2.13	336.79	295.23	307.71	271.90	303.37	0	54.38
1999	2	28	0.621	1519.0259	58.0259	27.0259	17.22	193850.77	212.13	 0.51	 1.14	 0.98	10.28	 2.07	336.76	295.00	306.62	271.90	303.04	0	54.38
1999	2	28	0.831	1519.0347	58.0346	27.0346	16.05	129787.78	214.24	 1.12	 1.36	 1.00	10.28	 2.16	336.79	294.77	306.20	271.89	302.70	0	54.38
1999	2	28	1.042	1519.0435	58.0434	27.0434	 8.04	18.70	213.04	 0.49	 0.40	 1.00	10.28	 2.17	336.74	294.58	304.97	271.74	302.37	0	54.35
1999	2	28	1.252	1519.0521	58.0522	27.0522	 6.14	 2.92	214.89	 0.51	 0.27	 1.00	10.28	 2.21	336.73	294.40	305.82	271.52	302.24	0	54.30
1999	2	28	1.462	1519.0609	58.0609	27.0609	 4.88	 0.90	214.75	 0.56	 0.15	 1.00	10.27	 2.20	336.73	294.19	305.48	271.43	301.97	0	54.29
1999	2	28	1.672	1519.0697	58.0697	27.0697	 4.65	 0.72	216.36	 0.57	 0.68	 1.00	10.28	 2.27	336.73	293.97	305.87	271.13	301.68	0	54.23
1999	2	28	1.882	1519.0785	58.0784	27.0784	 4.49	 0.58	214.63	 0.54	 0.31	 1.00	10.28	 2.21	336.70	293.76	304.98	270.98	301.42	0	54.20
1999	2	28	2.093	1519.0872	58.0872	27.0872	 5.65	 1.70	212.22	 0.48	 0.43	 1.00	10.28	 2.16	336.74	293.58	303.49	270.67	301.17	0	54.13
1999	2	28	2.303	1519.0959	58.0960	27.0960	 4.18	 0.51	213.01	 0.64	 0.85	 1.00	10.28	 2.20	336.71	293.46	303.58	270.74	300.96	0	54.15
1999	2	28	2.513	1519.1047	58.1047	27.1047	 6.21	 3.05	213.53	 0.50	 0.08	 1.00	10.28	 2.25	336.73	293.32	303.30	270.73	300.78	0	54.15
1999	2	28	2.724	1519.1135	58.1135	27.1135	 4.36	 0.53	215.02	 0.56	 0.59	 1.00	10.28	 2.29	336.67	293.11	304.03	270.44	300.54	0	54.09
1999	2	28	2.934	1519.1222	58.1222	27.1222	 4.70	 0.98	212.29	 0.73	 0.19	 1.00	10.28	 2.20	336.66	292.85	303.38	270.09	300.28	0	54.02
1999	2	28	3.144	1519.1310	58.1310	27.1310	 5.20	 0.88	213.25	 0.39	 0.91	 0.96	10.28	 2.21	336.70	292.55	302.91	269.76	300.01	0	53.95
1999	2	28	3.354	1519.1398	58.1398	27.1398	 5.30	 1.21	213.90	 0.49	 0.44	 1.00	10.27	 2.29	336.67	292.27	302.03	269.17	299.70	0	53.83
1999	2	28	3.564	1519.1486	58.1485	27.1485	 3.95	 0.35	214.44	 0.56	 0.29	 1.00	10.28	 2.24	336.67	291.99	301.90	268.82	299.45	0	53.76
1999	2	28	3.775	1519.1572	58.1573	27.1573	 4.19	 0.45	214.15	 0.56	 0.30	 1.00	10.28	 2.22	336.71	291.72	302.19	268.63	299.14	0	53.73
1999	2	28	3.985	1519.1660	58.1660	27.1660	 4.00	 0.39	212.80	 0.59	 0.21	 1.00	10.28	 2.22	336.69	291.46	300.88	 0.00	298.87	0	54.00
1999	2	28	4.195	1519.1748	58.1748	27.1748	 4.03	 0.37	214.60	 0.55	 0.48	 1.00	10.28	 2.26	336.62	291.21	301.12	268.22	298.55	0	53.64
1999	2	28	4.406	1519.1836	58.1836	27.1836	 4.32	 0.56	215.08	 0.61	 1.09	 0.99	10.28	 2.24	336.62	290.95	302.00	267.89	298.37	0	53.58
1999	2	28	4.616	1519.1924	58.1923	27.1923	 4.43	 0.56	213.61	 0.55	 0.13	 1.00	10.28	 2.25	336.63	290.71	300.44	267.79	298.02	0	53.56
1999	2	28	4.826	1519.2010	58.2011	27.2011	 3.79	 0.30	214.56	 0.57	 0.92	 0.99	10.28	 2.29	336.61	290.48	300.41	267.91	297.77	0	53.58
1999	2	28	5.036	1519.2098	58.2099	27.2099	 4.45	 0.69	212.96	 0.66	 1.36	 0.99	10.28	 2.25	336.62	290.27	299.95	267.65	297.45	0	53.53
1999	2	28	5.247	1519.2186	58.2186	27.2186	 3.99	 0.49	215.21	 0.75	 1.19	 1.00	10.27	 2.29	336.59	290.04	300.10	267.47	297.16	0	53.49
1999	2	28	5.457	1519.2274	58.2274	27.2274	 3.85	 0.33	213.68	 0.59	 0.53	 1.00	10.28	 2.26	336.57	289.84	298.94	267.47	296.90	0	53.49
1999	2	28	5.667	1519.2361	58.2361	27.2361	 3.93	 0.38	215.67	 0.63	 0.33	 1.00	10.28	 2.37	336.56	289.64	299.62	267.33	296.66	0	53.47
1999	2	28	5.877	1519.2449	58.2449	27.2449	 3.58	 0.32	213.17	 0.74	 0.29	 1.00	10.28	 2.28	336.56	289.46	298.35	267.24	296.53	0	53.45
1999	2	28	6.088	1519.2537	58.2536	27.2536	 3.97	 0.35	213.63	 0.55	 0.16	 1.00	10.28	 2.29	336.57	289.29	298.22	267.26	296.25	0	53.45
1999	2	28	6.298	1519.2625	58.2624	27.2624	 3.86	 0.37	214.79	 0.65	 0.32	 1.00	10.28	 2.33	336.56	289.13	299.02	267.09	296.06	0	53.42
1999	2	28	6.508	1519.2711	58.2712	27.2712	 4.64	 0.60	215.62	 0.48	 0.49	 1.00	10.28	 2.33	336.56	288.97	299.37	266.94	295.83	0	53.39
1999	2	28	6.718	1519.2799	58.2799	27.2799	 3.94	 0.38	213.02	 0.61	 0.60	 1.00	10.28	 2.25	336.54	288.81	297.77	266.89	295.62	0	53.38
1999	2	28	6.929	1519.2887	58.2887	27.2887	 3.71	 0.37	213.69	 0.76	 0.62	 1.00	10.28	 2.27	336.55	288.66	297.27	266.84	295.46	0	53.37
1999	2	28	7.139	1519.2975	58.2975	27.2975	 3.69	 0.32	212.79	 0.67	 0.87	 1.00	10.28	 2.24	336.55	288.52	297.18	266.87	295.27	0	53.37
1999	2	28	7.349	1519.3063	58.3062	27.3062	 3.99	 0.43	215.31	 0.66	 0.62	 1.00	10.28	 2.32	336.53	288.39	298.01	266.74	295.11	0	53.35
1999	2	28	7.559	1519.3149	58.3150	27.3150	 4.05	 0.43	213.26	 0.62	 0.18	 1.00	10.27	 2.26	336.52	288.28	296.88	266.58	294.92	0	53.32
1999	2	28	7.769	1519.3237	58.3237	27.3237	 4.23	 0.43	214.29	 0.51	 0.39	 1.00	10.28	 2.33	336.54	288.17	296.60	266.14	294.73	0	53.23
1999	2	28	7.980	1519.3325	58.3325	27.3325	 3.78	 0.31	214.62	 0.58	 0.73	 1.00	10.28	 2.30	336.49	288.06	297.14	266.93	294.60	0	53.39
1999	2	28	8.190	1519.3413	58.3413	27.3412	 4.01	 0.50	213.25	 0.76	 0.73	 1.00	10.28	 2.31	336.51	287.96	296.11	267.12	294.44	0	53.42
1999	2	28	8.400	1519.3500	58.3500	27.3500	 4.32	 0.66	213.94	 0.72	 1.15	 1.00	10.28	 2.32	336.51	287.87	296.30	265.84	294.30	0	53.17
1999	2	28	8.611	1519.3588	58.3588	27.3588	 4.65	 0.63	213.55	 0.49	 1.78	 0.94	10.28	 2.30	336.50	287.79	296.19	265.96	294.14	0	53.19
1999	2	28	8.821	1519.3676	58.3675	27.3675	 4.27	 0.47	214.37	 0.54	 0.31	 1.00	10.28	 2.33	336.51	287.70	295.82	266.32	294.03	0	53.26
1999	2	28	9.031	1519.3763	58.3763	27.3763	 4.17	 0.56	214.11	 0.71	 0.84	 1.00	10.28	 2.35	336.52	287.63	295.82	267.01	293.92	0	53.40
1999	2	28	9.241	1519.3850	58.3850	27.3850	 5.01	 1.08	212.86	 0.58	 0.65	 1.00	10.27	 2.30	336.49	287.57	295.59	268.01	293.80	0	53.60
1999	2	28	9.451	1519.3938	58.3938	27.3938	 4.12	 0.41	213.98	 0.55	 1.85	 0.95	10.28	 2.29	336.50	287.52	295.74	268.73	293.68	0	53.75
1999	2	28	9.662	1519.4026	58.4026	27.4026	 4.13	 0.55	213.52	 0.73	 0.16	 1.00	10.28	 2.29	336.51	287.47	295.26	268.78	293.59	0	53.76
1999	2	28	9.872	1519.4114	58.4113	27.4113	 4.21	 0.64	214.00	 0.78	 1.01	 1.00	10.28	 2.32	336.48	287.43	295.13	268.85	293.93	0	53.77
1999	2	28	10.082	1519.4200	58.4201	27.4201	 6.97	 8.77	213.42	 0.67	 0.52	 1.00	10.28	 2.35	336.50	287.40	295.09	268.74	293.45	0	53.75
1999	2	28	10.292	1519.4288	58.4289	27.4289	 3.92	 0.30	213.61	 0.50	 0.31	 1.00	10.28	 2.30	336.49	287.34	295.32	268.20	293.39	0	53.64
1999	2	28	10.503	1519.4376	58.4376	27.4376	 4.81	 0.93	213.23	 0.62	 2.30	 0.96	10.28	 2.33	336.51	287.34	296.22	268.36	293.35	0	53.67
1999	2	28	10.713	1519.4464	58.4464	27.4464	27.66	7947896886.31	208.27	 0.61	 1.79	 0.98	10.28	 2.31	336.52	287.65	296.83	268.94	293.74	0	53.79
1999	2	28	10.923	1519.4551	58.4551	27.4551	16.13	74897.98	205.44	 0.57	 2.01	 0.96	10.28	 2.29	336.56	288.18	296.63	270.14	293.56	0	54.03
1999	2	28	11.134	1519.4639	58.4639	27.4639	109.63	 0.85	205.70	 0.00	 4.59	 0.00	10.28	 2.34	336.60	288.83	297.74	271.26	293.95	0	54.25
1999	2	28	11.344	1519.4727	58.4727	27.4727	 5.84	 2.57	211.17	 0.60	 1.09	 0.99	10.28	 2.26	336.52	289.15	296.17	271.25	294.53	0	54.25
1999	2	28	11.554	1519.4814	58.4814	27.4814	17.56	380565.36	204.46	 0.70	 9.96	 0.64	10.27	 2.33	336.61	289.51	296.88	271.67	294.61	0	54.33
1999	2	28	11.764	1519.4902	58.4902	27.4902	62.76	 0.94	204.10	 0.00	 5.73	 0.00	10.28	 2.30	336.70	290.44	298.77	273.43	295.17	0	54.69
1999	2	28	11.974	1519.4989	58.4989	27.4989	69.97	 0.94	204.84	 0.00	 5.15	 0.00	10.28	 2.38	336.70	291.39	299.75	275.41	295.94	0	55.08
1999	2	28	12.185	1519.5077	58.5077	27.5077	67.02	 0.97	204.96	 0.00	 5.28	 0.00	10.28	 2.40	336.73	292.32	300.58	276.43	296.63	0	55.29
1999	2	28	12.395	1519.5165	58.5165	27.5165	63.40	 0.95	206.19	 0.00	 5.76	 0.00	10.28	 2.37	336.75	293.19	302.30	277.04	297.39	0	55.41
1999	2	28	12.605	1519.5253	58.5252	27.5252	17.50	314796.47	204.05	 0.61	 4.37	 0.85	10.28	 2.29	336.80	294.02	301.87	277.99	298.06	0	55.60
1999	2	28	12.945	1519.5393	58.5394	27.5394	58.58	 1.00	205.43	 0.00	 1.32	 0.00	10.35	 2.36	336.96	295.33	303.80	279.87	299.43	0	55.97
1999	2	28	13.156	1519.5482	58.5482	27.5482	23.08	89606472.22	204.84	 0.66	 1.38	 0.99	10.30	 2.31	336.84	296.11	304.88	279.61	300.27	0	55.92
1999	2	28	13.366	1519.5569	58.5569	27.5569	44.52	 0.97	203.32	 0.00	 4.29	 0.00	10.30	 2.28	336.94	296.89	304.20	280.86	301.07	0	56.17
1999	2	28	13.577	1519.5657	58.5657	27.5657	16.96	151481.53	204.31	 0.50	 2.67	 0.88	10.28	 2.23	337.02	297.67	306.29	281.03	301.88	0	56.21
1999	2	28	13.787	1519.5745	58.5745	27.5745	39.91	 0.96	204.01	 0.00	 2.98	 0.00	10.28	 2.23	337.02	298.41	306.44	281.79	302.78	0	56.36
1999	2	28	13.998	1519.5833	58.5832	27.5832	30.45	145377196156.03	207.77	 0.68	 1.19	 0.99	10.28	 2.27	337.10	299.20	308.63	283.47	303.58	0	56.69
1999	2	28	14.208	1519.5920	58.5920	27.5920	 5.17	 1.61	205.61	 0.72	 2.61	 0.97	10.28	 2.21	337.08	299.99	308.47	285.04	304.44	0	57.01
1999	2	28	15.116	1519.6298	58.6298	27.6298	 3.89	 0.79	211.79	 1.32	20.10	 0.84	10.33	 2.20	336.82	302.34	310.99	281.61	307.68	0	56.32
1999	2	28	15.326	1519.6385	58.6386	27.6386	 3.16	 0.31	212.28	 1.10	 3.35	 0.99	10.25	 2.27	337.22	302.96	313.90	282.63	307.88	0	56.53
1999	2	28	15.536	1519.6473	58.6473	27.6473	57.11	 0.97	209.91	 0.00	 7.58	 0.00	10.28	 2.21	337.12	303.74	313.87	284.93	309.86	0	56.99
1999	2	28	15.746	1519.6561	58.6561	27.6561	 3.00	 0.30	208.57	 1.27	 4.76	 0.99	10.28	 2.10	337.20	304.41	314.18	286.17	309.55	0	57.23
1999	2	28	15.956	1519.6648	58.6648	27.6649	 3.24	 0.20	210.87	 0.65	 1.76	 0.98	10.28	 2.20	337.28	305.07	314.72	285.98	310.27	0	57.20
1999	2	28	16.167	1519.6736	58.6736	27.6736	 2.93	 0.20	212.60	 0.94	 0.77	 1.00	10.27	 2.14	337.27	305.70	316.55	285.04	310.99	0	57.01
1999	2	28	16.377	1519.6824	58.6824	27.6824	 3.01	 0.24	213.24	 1.01	 4.11	 0.98	10.28	 2.11	337.29	306.33	317.35	285.30	311.64	0	57.06
1999	2	28	16.587	1519.6912	58.6911	27.6911	 3.25	 0.75	209.33	 2.40	 2.72	 1.00	10.28	 1.93	337.24	306.88	318.29	286.85	312.23	0	57.37
1999	2	28	16.798	1519.7000	58.6999	27.6999	 3.19	 0.36	214.38	 1.29	 2.67	 1.00	10.28	 2.17	337.24	307.28	317.19	285.39	312.75	0	57.08
1999	2	28	17.008	1519.7086	58.7087	27.7087	 2.94	 0.15	209.47	 0.69	 0.23	 1.00	10.28	 1.90	337.31	307.83	317.98	286.81	313.26	0	57.36
1999	2	28	17.218	1519.7174	58.7174	27.7174	 2.95	 0.29	210.34	 1.29	 7.02	 0.98	10.27	 1.91	337.36	308.41	317.61	288.08	313.79	0	57.62
1999	2	28	17.639	1519.7350	58.7349	27.7349	 3.15	 0.31	213.25	 1.14	 6.30	 0.97	10.28	 1.91	337.29	309.47	320.27	288.78	314.80	0	57.76
1999	2	28	17.849	1519.7437	58.7437	27.7437	 2.93	 0.25	216.79	 1.20	 2.58	 1.00	10.28	 2.09	337.30	309.79	320.71	288.08	315.20	0	57.62
1999	2	28	18.270	1519.7612	58.7612	27.7612	 4.12	 1.29	216.55	 1.74	 2.43	 1.00	10.25	 1.99	337.19	309.77	321.06	285.98	315.71	0	57.20
1999	2	28	18.690	1519.7788	58.7788	27.7788	 5.13	 3.18	219.15	 1.56	 2.02	 1.00	10.30	 2.02	337.29	309.02	323.26	280.81	315.60	0	56.16
1999	2	28	18.901	1519.7876	58.7875	27.7875	32.48	2241342136083.76	216.72	 1.44	 4.55	 1.00	10.28	 1.97	337.19	308.72	322.31	282.33	315.51	0	56.47
1999	2	28	19.532	1519.8138	58.8138	27.8138	 2.98	 0.38	213.10	 1.67	 7.93	 0.99	10.28	 1.82	337.18	307.37	320.60	279.98	314.75	0	56.00
1999	2	28	19.742	1519.8226	58.8226	27.8226	 4.29	 1.24	218.86	 1.43	 0.33	 1.00	10.28	 2.05	337.20	307.22	322.08	280.49	314.58	0	56.10
1999	2	28	19.952	1519.8313	58.8313	27.8313	 3.73	 0.47	213.38	 0.94	 3.70	 0.98	10.27	 1.93	337.10	307.24	320.77	283.29	314.54	0	56.66
1999	2	28	20.163	1519.8401	58.8401	27.8401	 2.74	 0.33	204.19	 1.80	 3.59	 1.00	10.28	 1.60	337.15	307.19	320.41	280.98	314.36	0	56.20
1999	2	28	20.373	1519.8489	58.8489	27.8489	 3.71	 0.66	211.67	 1.34	 4.50	 0.99	10.28	 1.81	337.04	306.80	321.64	280.26	314.05	0	56.05
1999	2	28	20.583	1519.8577	58.8576	27.8576	 3.76	 0.64	215.57	 1.25	 2.26	 1.00	10.28	 1.92	337.06	306.22	320.04	278.32	313.70	0	55.66
1999	2	28	20.793	1519.8663	58.8664	27.8664	 3.79	 0.79	215.53	 1.49	 4.03	 1.00	10.27	 1.96	337.05	305.57	320.48	277.93	313.31	0	55.59
1999	2	28	21.424	1519.8927	58.8927	27.8927	 3.86	 0.66	216.10	 1.17	 3.08	 1.00	10.28	 1.93	337.02	302.98	318.59	274.01	311.51	0	54.80
1999	2	28	21.634	1519.9014	58.9014	27.9014	 4.28	 1.12	212.21	 1.27	 4.99	 0.99	10.28	 1.99	336.99	302.16	315.60	273.64	310.78	0	54.73
1999	2	28	21.844	1519.9102	58.9102	27.9102	 3.80	 0.64	217.24	 1.22	 1.73	 1.00	10.27	 2.15	337.00	301.37	315.59	272.94	310.16	0	54.59
1999	2	28	22.054	1519.9189	58.9189	27.9189	 6.06	12.32	217.82	 2.36	 7.47	 1.00	10.28	 2.21	336.96	300.62	315.63	272.43	309.51	0	54.49
1999	2	28	22.475	1519.9364	58.9365	27.9365	15.12	78766.39	211.54	 1.72	 4.02	 1.00	10.28	 1.95	336.93	299.29	313.84	271.96	308.19	0	54.39
1999	2	28	22.895	1519.9540	58.9540	27.9540	 4.79	 1.22	216.37	 0.84	 1.33	 1.00	10.28	 2.32	336.90	298.15	310.57	271.84	307.03	0	54.37
1999	2	28	23.106	1519.9628	58.9627	27.9627	 4.19	 1.05	212.46	 1.31	 0.85	 1.00	10.28	 2.05	336.89	297.66	312.29	271.66	306.48	0	54.33
1999	2	28	23.316	1519.9714	58.9715	27.9715	 5.04	 2.14	210.71	 1.11	 0.66	 1.00	10.28	 2.02	336.89	297.16	310.12	271.40	305.91	0	54.28
1999	2	28	23.526	1519.9802	58.9803	27.9803	 4.61	 1.08	217.20	 0.89	 1.30	 1.00	10.28	 2.21	336.84	296.71	312.71	271.39	305.40	0	54.28
1999	2	28	23.736	1519.9890	58.9890	27.9890	 4.29	 0.93	214.93	 1.05	 1.11	 1.00	10.27	 2.20	336.83	296.32	309.59	271.38	304.91	0	54.28
1999	2	28	23.946	1519.9978	58.9978	27.9978	 3.58	 0.47	216.02	 1.10	 1.61	 1.00	10.28	 2.11	336.82	295.94	308.84	271.46	304.46	0	54.29
