2001	2	1	0.134	2223.0056	31.0056	0.0056	 4.54	 1.25	211.27	 1.09	 0.85	 1.00	11.07	 1.22	331.95	303.34	338.93	 0.00	324.03	0	54.00
2001	2	1	1.036	2223.0432	31.0432	0.0432	 5.77	 3.61	209.63	 0.90	 1.61	 1.00	11.08	 1.26	331.81	302.81	339.72	272.03	322.36	0	54.41
2001	2	1	2.839	2223.1184	31.1183	0.1183	 5.97	 8.63	206.91	 1.73	 5.83	 1.00	11.07	 1.50	332.46	299.58	330.93	271.82	315.69	0	54.36
2001	2	1	3.740	2223.1558	31.1558	0.1558	 7.17	15.21	207.88	 0.92	 0.75	 1.00	11.08	 1.58	332.06	298.29	327.14	271.54	314.02	0	54.31
2001	2	1	4.642	2223.1934	31.1934	0.1934	14.08	13863.47	207.16	 0.83	 0.48	 1.00	11.08	 1.57	332.11	297.19	326.62	271.16	312.38	0	54.23
2001	2	1	5.544	2223.2310	31.2310	0.2310	54.59	 1.00	207.70	 0.00	 2.36	 0.00	11.07	 1.64	332.53	296.26	323.04	 0.00	311.18	0	54.00
# Unit 3, Chajnantor2, Filter  0,  Slot 1, 350 um (616) & yellow
#				days
#				since		day of	day of
# yr	mo	dy	 time	1/1/1995	year	month	Tau	unc	Tatm	unc	mse	fitgood	Etime	R	Thot	Twarm	Tchop	Tamb	<Tint>	Filter	Toff
# 1	2	3	4	5		6	7	8	9	10	11	12	13	14	15	16	17	18	19	20	21	22
2001	2	1	6.462	2223.2693	31.2693	0.2693	 6.15	 6.25	207.84	 1.05	 2.63	 1.00	11.08	 1.62	332.32	295.39	322.43	 0.00	309.91	0	54.00
2001	2	1	13.678	2223.5698	31.5699	0.5699	64.01	 1.00	191.18	 0.00	12.64	 0.00	11.08	 1.36	332.47	303.13	324.73	285.75	316.52	0	57.15
2001	2	1	14.596	2223.6082	31.6082	0.6082	 4.41	 0.80	213.09	 0.80	 3.30	 0.97	11.08	 1.62	333.00	306.26	328.70	289.04	318.24	0	57.81
2001	2	1	15.497	2223.6458	31.6457	0.6457	 4.04	 0.52	214.01	 0.76	 1.66	 0.99	11.10	 1.42	332.83	307.54	330.46	286.53	320.53	0	57.31
2001	2	1	16.400	2223.6833	31.6833	0.6833	 3.87	 0.69	209.28	 1.17	 3.70	 0.99	11.08	 1.27	332.59	307.40	333.17	286.05	322.18	0	57.21
2001	2	1	17.303	2223.7209	31.7210	0.7210	 3.90	 1.10	209.78	 1.81	 3.34	 1.00	11.08	 1.18	332.38	308.87	336.48	284.02	324.86	0	56.80
2001	2	1	18.204	2223.7585	31.7585	0.7585	 3.45	 0.96	201.95	 2.43	 8.38	 1.00	11.08	 0.98	332.43	307.68	343.76	281.12	325.49	0	56.22
2001	2	1	19.104	2223.7959	31.7960	0.7960	 3.37	 0.94	204.91	 2.62	23.14	 0.99	11.12	 1.13	332.54	307.27	336.65	280.55	325.45	0	56.11
2001	2	1	20.006	2223.8335	31.8336	0.8336	16.64	486590.39	203.02	 2.21	 1.04	 1.00	11.08	 1.04	332.31	305.36	342.17	276.56	324.07	0	55.31
2001	2	1	21.815	2223.9089	31.9089	0.9089	 3.67	 0.99	210.32	 2.09	 2.61	 1.00	11.08	 1.33	331.97	300.47	340.69	273.12	320.70	0	54.62
2001	2	1	22.733	2223.9473	31.9472	0.9472	 4.21	 0.90	208.84	 1.07	 0.61	 1.00	11.10	 1.45	332.32	299.07	332.14	271.13	318.79	0	54.23
2001	2	1	23.635	2223.9849	31.9848	0.9848	 4.84	 1.39	215.06	 0.91	 0.81	 1.00	11.07	 1.67	332.23	298.88	329.98	270.55	318.42	0	54.11
2001	2	2	0.536	2224.0222	32.0223	1.0223	 3.82	 0.52	211.24	 0.94	 0.20	 1.00	11.07	 1.62	332.28	298.64	327.71	270.32	317.08	0	54.06
2001	2	2	1.437	2224.0598	32.0599	1.0599	 4.38	 0.82	210.70	 0.83	 0.71	 1.00	11.08	 1.62	332.33	298.78	325.98	269.97	316.38	0	53.99
2001	2	2	2.338	2224.0974	32.0974	1.0974	 6.30	 4.03	211.18	 0.59	 0.39	 1.00	11.08	 1.62	332.26	299.01	327.75	269.76	315.63	0	53.95
2001	2	2	3.241	2224.1350	32.1350	1.1350	 5.72	 2.71	210.40	 0.71	 0.56	 1.00	11.07	 1.62	332.28	298.71	326.03	269.10	315.65	0	53.82
2001	2	2	4.142	2224.1726	32.1726	1.1726	 4.63	 0.75	211.17	 0.59	 0.25	 1.00	11.08	 1.61	332.24	298.26	326.49	268.98	314.68	0	53.80
2001	2	2	5.043	2224.2102	32.2101	1.2101	 7.07	 7.22	209.62	 0.49	 0.24	 1.00	11.08	 1.60	332.25	298.04	325.74	268.90	314.68	0	53.78
2001	2	2	5.946	2224.2478	32.2477	1.2477	 6.01	 4.60	208.53	 0.89	 0.53	 1.00	11.05	 1.62	332.26	298.13	324.30	269.97	314.78	0	53.99
2001	2	2	6.863	2224.2859	32.2859	1.2859	 4.58	 0.68	210.27	 0.56	 0.30	 1.00	11.12	 1.64	332.31	298.26	324.75	270.17	314.81	0	54.03
2001	2	2	8.664	2224.3611	32.3610	1.3610	 7.16	 8.06	212.01	 0.50	 0.30	 1.00	11.05	 1.69	332.31	299.03	324.90	270.50	315.21	0	54.10
2001	2	2	9.566	2224.3987	32.3986	1.3986	 4.02	 0.49	210.14	 0.72	 0.07	 1.00	11.07	 1.57	332.31	299.12	325.81	270.29	314.49	0	54.06
2001	2	2	10.467	2224.4360	32.4361	1.4361	 4.73	 0.79	210.77	 0.57	 0.12	 1.00	11.07	 1.62	332.28	299.10	325.84	270.19	315.15	0	54.04
2001	2	2	12.270	2224.5112	32.5113	1.5113	16.68	118027.85	208.70	 0.53	 0.35	 1.00	11.08	 1.56	332.33	299.81	325.96	272.14	315.82	0	54.43
2001	2	2	13.172	2224.5488	32.5489	1.5489	 4.55	 1.16	211.27	 0.99	 0.40	 1.00	11.15	 1.58	332.51	301.25	326.33	276.52	316.75	0	55.30
2001	2	2	14.076	2224.5864	32.5865	1.5865	 4.21	 0.66	214.62	 0.81	 1.13	 1.00	11.07	 1.53	332.82	305.76	328.07	 0.00	319.46	0	54.00
2001	2	2	14.994	2224.6248	32.6248	1.6248	 4.47	 0.94	216.33	 0.90	 2.02	 0.99	11.10	 1.48	332.76	307.54	330.16	 0.00	321.16	0	54.00
2001	2	2	15.899	2224.6626	32.6625	1.6625	 4.45	 1.07	213.79	 1.03	 0.75	 1.00	11.08	 1.35	332.63	307.98	334.32	283.46	324.01	0	56.69
2001	2	2	16.801	2224.7000	32.7000	1.7000	 3.33	 0.41	212.46	 1.25	 0.51	 1.00	11.05	 1.24	332.55	308.43	337.87	280.87	324.85	0	56.17
2001	2	2	17.701	2224.7375	32.7375	1.7375	19.81	6220839.39	201.79	 1.19	 4.88	 0.99	11.07	 1.05	332.32	307.03	341.50	278.60	 0.00	0	55.72
2001	2	2	18.602	2224.7751	32.7751	1.7751	 3.66	 0.94	204.14	 1.92	 7.01	 1.00	11.10	 1.17	332.16	304.54	339.02	275.82	323.75	0	55.16
2001	2	2	19.503	2224.8127	32.8126	1.8126	 4.04	 1.25	204.21	 1.73	 1.04	 1.00	11.08	 1.24	332.05	302.24	337.88	274.44	322.11	0	54.89
2001	2	2	20.407	2224.8503	32.8503	1.8503	 4.99	 3.11	210.70	 1.70	 1.02	 1.00	11.08	 1.47	331.96	300.18	333.95	273.36	320.23	0	54.67
2001	2	2	21.309	2224.8879	32.8879	1.8879	14.15	22633.74	201.16	 1.23	 1.66	 1.00	11.08	 1.34	331.99	298.67	334.52	272.91	318.57	0	54.58
2001	2	2	22.212	2224.9255	32.9255	1.9255	 5.03	 2.27	208.33	 1.18	 4.52	 0.99	11.08	 1.46	331.86	297.35	332.52	271.39	317.17	0	54.28
2001	2	2	23.129	2224.9636	32.9637	1.9637	 3.92	 0.63	208.95	 1.01	 2.49	 0.99	11.12	 1.53	332.03	296.28	328.85	270.32	316.05	0	54.06
2001	2	3	0.031	2225.0012	33.0013	2.0013	 5.04	 1.65	212.39	 0.86	 0.86	 1.00	11.08	 1.66	332.12	296.55	326.03	270.01	314.81	0	54.00
2001	2	3	0.933	2225.0388	33.0389	2.0389	 4.64	 1.13	207.84	 0.86	 0.34	 1.00	11.05	 1.59	332.16	297.28	325.62	270.16	315.07	0	54.03
2001	2	3	1.833	2225.0764	33.0764	2.0764	21.66	20551207.06	209.57	 0.64	 0.91	 1.00	11.08	 1.61	332.17	298.12	325.11	270.17	314.84	0	54.03
2001	2	3	2.752	2225.1147	33.1147	2.1147	17.26	316167.44	211.65	 0.81	 0.25	 1.00	11.33	 1.66	332.04	297.83	326.72	269.74	314.41	0	53.95
2001	2	3	3.676	2225.1531	33.1532	2.1532	 5.72	 2.34	208.62	 0.61	 1.25	 0.99	11.33	 1.60	332.15	297.28	324.99	269.95	313.47	0	53.99
2001	2	3	4.598	2225.1917	33.1916	2.1916	20.59	8726317.67	206.41	 0.78	 0.74	 1.00	11.35	 1.52	332.05	297.32	325.73	270.39	313.24	0	54.08
2001	2	3	6.443	2225.2686	33.2684	2.2684	16.39	108656.05	210.25	 0.66	 0.65	 1.00	11.33	 1.68	332.55	297.28	322.47	270.73	312.21	0	54.15
2001	2	3	16.617	2225.6924	33.6924	2.6924	 4.30	 0.62	212.30	 0.69	 0.78	 1.00	11.35	 1.46	332.51	306.13	329.10	278.58	320.59	0	55.72
2001	2	3	17.542	2225.7310	33.7309	2.7309	 3.80	 0.59	207.99	 1.07	 1.04	 1.00	11.32	 1.25	332.77	307.17	333.10	284.02	321.08	0	56.80
2001	2	3	18.463	2225.7693	33.7693	2.7693	 4.12	 0.58	221.54	 0.81	 0.69	 1.00	11.33	 1.57	332.48	307.62	332.20	278.10	323.99	0	55.62
2001	2	3	19.385	2225.8076	33.8077	2.8077	26.45	4194991475.21	208.59	 1.08	 1.01	 1.00	11.32	 1.21	332.36	305.40	338.46	273.78	323.13	0	54.76
2001	2	3	20.307	2225.8462	33.8461	2.8461	 3.69	 0.44	213.65	 0.91	 3.13	 0.98	11.35	 1.30	332.29	303.40	337.35	272.23	321.98	0	54.45
2001	2	3	21.229	2225.8845	33.8845	2.8845	 4.21	 0.67	209.29	 0.80	 1.96	 0.99	11.32	 1.36	332.28	302.30	334.09	272.23	320.62	0	54.45
2001	2	3	22.151	2225.9229	33.9229	2.9229	 4.29	 0.70	209.46	 0.77	 1.94	 0.99	11.33	 1.39	332.23	301.13	333.36	271.39	319.72	0	54.28
2001	2	3	23.073	2225.9614	33.9614	2.9614	 6.50	 6.21	210.31	 0.75	 0.15	 1.00	11.33	 1.39	332.22	300.28	332.13	270.91	318.57	0	54.18
2001	2	4	0.010	2226.0005	34.0004	3.0004	 4.38	 0.64	212.97	 0.65	 1.43	 0.99	11.37	 1.51	332.20	299.50	331.22	270.87	317.70	0	54.17
2001	2	4	0.932	2226.0388	34.0388	3.0388	 5.71	 2.66	211.39	 0.71	 1.75	 0.99	11.33	 1.52	332.13	299.10	330.74	270.87	316.55	0	54.17
2001	2	4	1.854	2226.0771	34.0773	3.0773	 4.76	 0.69	211.91	 0.48	 0.02	 1.00	11.33	 1.57	332.15	298.91	328.07	271.02	316.23	0	54.20
2001	2	4	2.776	2226.1157	34.1157	3.1157	16.32	116016.32	209.59	 0.75	 0.72	 1.00	11.30	 1.47	332.15	299.02	329.23	271.37	315.93	0	54.27
2001	2	4	3.698	2226.1541	34.1541	3.1541	32.19	857832298687.81	211.21	 0.72	 2.30	 0.98	11.33	 1.48	332.15	298.95	327.61	271.30	315.59	0	54.26
2001	2	4	4.621	2226.1926	34.1925	3.1925	16.40	129894.09	210.90	 0.78	 1.93	 0.99	11.33	 1.58	332.13	298.73	326.18	271.51	315.47	0	54.30
2001	2	4	5.542	2226.2310	34.2309	3.2309	30.64	180023091800.33	209.68	 0.71	 2.31	 0.98	11.33	 1.40	332.11	298.52	328.34	271.06	314.98	0	54.21
2001	2	4	6.464	2226.2693	34.2693	3.2693	 6.49	 4.85	209.14	 0.59	 0.52	 1.00	11.33	 1.44	332.09	298.12	326.66	271.12	314.28	0	54.22
2001	2	4	7.386	2226.3079	34.3078	3.3078	43.72	 1.00	210.54	 0.00	 1.17	 0.00	11.32	 1.43	332.16	297.87	325.27	271.26	314.30	0	54.25
2001	2	4	8.324	2226.3469	34.3468	3.3468	33.14	 1.00	209.62	 0.00	 0.29	 0.00	11.37	 1.38	332.19	297.82	325.95	271.17	314.36	0	54.23
2001	2	4	9.246	2226.3853	34.3853	3.3853	18.56	1063654.30	209.07	 0.73	 0.73	 1.00	11.33	 1.35	332.14	297.70	325.63	271.01	313.55	0	54.20
2001	2	4	11.090	2226.4622	34.4621	3.4621	16.90	160774.08	207.50	 0.58	 2.08	 0.96	11.32	 1.35	332.19	298.05	324.66	271.32	313.52	0	54.26
2001	2	4	12.011	2226.5005	34.5004	3.5004	17.30	309249.25	210.85	 0.76	 0.67	 1.00	11.32	 1.39	332.35	299.87	324.77	 0.00	314.88	0	54.00
2001	2	4	12.932	2226.5388	34.5388	3.5388	48.79	 1.00	203.08	 0.00	 2.94	 0.00	11.33	 1.46	332.41	301.67	326.38	274.69	315.71	0	54.94
2001	2	4	13.853	2226.5771	34.5772	3.5772	 4.24	 0.94	202.46	 1.07	 5.50	 0.97	11.33	 1.45	332.59	304.76	327.39	282.97	317.80	0	56.59
2001	2	4	14.775	2226.6157	34.6156	3.6156	 4.46	 0.97	204.69	 0.88	 0.11	 1.00	11.33	 1.41	332.72	308.66	331.91	288.12	320.93	0	57.62
2001	2	4	15.697	2226.6541	34.6540	3.6540	 5.06	 1.11	206.51	 0.56	 0.89	 0.99	11.33	 1.19	332.88	311.45	334.28	291.76	324.25	0	58.35
2001	2	4	16.635	2226.6931	34.6931	3.6931	 5.20	 1.69	213.98	 0.76	 1.87	 0.99	11.37	 1.23	332.70	312.53	336.87	285.72	326.57	0	57.14
2001	2	4	17.557	2226.7314	34.7316	3.7316	 4.68	 1.38	212.96	 1.04	 1.86	 1.00	11.33	 1.04	333.30	312.34	340.22	 0.00	327.74	0	54.00
2001	2	4	18.478	2226.7700	34.7699	3.7699	 5.19	 2.49	215.53	 1.14	 2.78	 1.00	11.33	 1.12	332.90	309.82	339.26	278.43	327.07	0	55.69
2001	2	4	19.401	2226.8083	34.8084	3.8084	19.25	7632674.26	208.77	 2.62	 0.82	 1.00	11.32	 1.02	332.94	308.63	345.17	278.54	326.59	0	55.71
2001	2	4	21.244	2226.8853	34.8852	3.8852	20.11	9248019.01	209.83	 1.35	 7.58	 0.98	11.32	 1.21	332.51	303.39	337.52	 0.00	322.88	0	54.00
2001	2	4	22.166	2226.9236	34.9236	3.9236	 4.58	 1.68	214.71	 1.42	 2.94	 1.00	11.33	 1.31	332.57	301.80	335.24	271.86	321.07	0	54.37
2001	2	4	23.087	2226.9619	34.9620	3.9620	 5.08	 1.73	213.68	 0.87	 3.11	 0.98	11.33	 1.39	332.63	300.68	332.60	271.53	319.67	0	54.31
2001	2	5	0.009	2227.0005	35.0004	4.0004	15.67	68681.97	209.59	 0.85	 2.12	 0.99	11.30	 1.36	332.61	300.17	330.94	 0.00	318.38	0	54.00
2001	2	5	0.947	2227.0396	35.0395	4.0395	 4.71	 0.64	221.42	 0.48	 1.26	 0.97	11.25	 1.62	332.65	299.81	330.46	271.04	317.50	0	54.21
2001	2	5	1.868	2227.0779	35.0778	4.0778	 4.89	 0.78	223.29	 0.50	 1.06	 0.98	11.30	 1.63	332.53	299.45	329.73	271.13	316.83	0	54.23
2001	2	5	2.789	2227.1162	35.1162	4.1162	 4.13	 0.46	219.80	 0.63	 0.87	 1.00	11.35	 1.61	332.55	299.41	328.61	271.09	316.50	0	54.22
2001	2	5	3.710	2227.1545	35.1546	4.1546	 4.91	 0.91	224.88	 0.57	 3.80	 0.84	11.33	 1.69	332.64	299.36	328.37	270.80	316.14	0	54.16
2001	2	5	4.631	2227.1929	35.1930	4.1930	20.88	8470816.81	222.75	 0.61	 1.80	 0.98	11.30	 1.66	332.66	299.54	328.34	270.53	315.98	0	54.11
2001	2	5	9.257	2227.3857	35.3857	4.3857	 5.20	 1.55	209.29	 0.68	 2.98	 0.95	11.37	 1.54	332.47	296.95	324.83	269.09	313.51	0	53.82
2001	2	5	10.179	2227.4241	35.4241	4.4241	 4.56	 0.65	210.62	 0.55	 4.25	 0.77	11.33	 1.61	332.52	296.36	325.17	268.82	312.64	0	53.76
2001	2	5	11.102	2227.4626	35.4626	4.4626	20.77	7828251.74	205.69	 0.58	 3.34	 0.89	11.32	 1.58	332.63	298.10	324.21	275.09	313.20	0	55.02
2001	2	5	12.023	2227.5010	35.5010	4.5010	 4.94	 1.59	205.70	 0.90	 4.45	 0.97	11.33	 1.44	332.74	301.11	325.22	279.59	315.70	0	55.92
2001	2	5	12.947	2227.5396	35.5394	4.5394	15.88	125547.35	208.09	 1.25	 1.62	 1.00	11.33	 1.36	332.84	304.37	330.53	281.89	317.54	0	56.38
2001	2	5	13.868	2227.5779	35.5778	4.5778	 4.51	 1.19	206.27	 1.03	 2.09	 1.00	11.33	 1.26	333.09	307.14	332.57	283.37	319.14	0	56.67
2001	2	5	14.791	2227.6162	35.6163	4.6163	 3.58	 0.25	212.81	 0.58	 1.75	 0.97	11.33	 1.38	333.28	309.53	331.51	288.67	321.69	0	57.73
2001	2	5	15.713	2227.6548	35.6547	4.6547	 3.82	 0.43	214.65	 0.78	 0.84	 1.00	11.33	 1.29	333.34	311.30	334.46	294.40	325.31	0	58.88
2001	2	5	16.636	2227.6931	35.6932	4.6932	 3.96	 0.72	215.90	 1.15	 2.71	 1.00	11.32	 1.07	332.45	310.78	338.79	 0.00	327.28	0	54.00
2001	2	5	17.574	2227.7322	35.7323	4.7323	 6.16	 7.88	215.22	 1.35	 7.22	 0.98	11.33	 1.02	332.60	309.62	340.05	 0.00	326.97	0	54.00
2001	2	5	22.185	2227.9243	35.9244	4.9244	16.84	276986.08	216.32	 1.10	 5.83	 0.98	11.33	 1.48	332.07	302.91	332.72	275.01	322.19	0	55.00
2001	2	5	23.107	2227.9629	35.9628	4.9628	18.44	1434702.62	211.87	 1.12	 1.45	 1.00	11.33	 1.37	332.11	300.63	334.87	273.03	320.12	0	54.61
2001	2	6	0.029	2228.0012	36.0012	5.0012	 5.59	 2.20	212.59	 0.67	 1.18	 0.99	11.33	 1.50	332.18	299.75	330.23	272.27	318.85	0	54.45
2001	2	6	0.951	2228.0396	36.0396	5.0396	 4.87	 0.95	213.72	 0.59	 0.42	 1.00	11.33	 1.53	332.29	300.05	329.91	271.91	318.33	0	54.38
2001	2	6	1.890	2228.0789	36.0787	5.0787	 6.50	 5.83	206.07	 0.68	 3.65	 0.93	11.37	 1.33	332.24	299.88	331.26	271.15	317.05	0	54.23
2001	2	6	2.811	2228.1172	36.1171	5.1171	 4.06	 0.47	209.86	 0.65	 0.72	 1.00	11.33	 1.47	332.17	299.24	328.88	271.26	316.05	0	54.25
2001	2	6	3.733	2228.1555	36.1555	5.1555	 4.61	 0.75	212.82	 0.61	 0.46	 1.00	11.33	 1.51	332.22	298.67	328.35	271.04	315.14	0	54.21
2001	2	6	4.654	2228.1938	36.1939	5.1939	21.01	9365741.67	212.54	 0.57	 0.20	 1.00	11.33	 1.60	332.20	298.14	326.97	270.81	314.35	0	54.16
2001	2	6	5.577	2228.2324	36.2324	5.2324	 4.31	 0.47	211.46	 0.51	 0.99	 0.98	11.35	 1.59	332.34	297.79	325.55	270.82	313.73	0	54.16
2001	2	6	6.499	2228.2708	36.2708	5.2708	27.47	3808663541.00	210.88	 0.36	 0.62	 0.98	11.33	 1.57	332.37	297.55	323.81	270.61	313.55	0	54.12
2001	2	6	8.343	2228.3477	36.3476	5.3476	48.35	 0.94	212.16	 0.00	 4.74	 0.00	11.33	 1.63	332.58	296.90	324.45	270.17	312.52	0	54.03
2001	2	6	11.126	2228.4636	36.4636	5.4636	16.36	130349.73	202.32	 0.78	 2.89	 0.98	11.30	 1.62	332.70	297.44	322.25	274.27	311.21	0	54.85
2001	2	6	12.048	2228.5020	36.5020	5.5020	23.14	98825053.50	206.02	 0.68	 7.45	 0.75	11.33	 1.68	332.74	299.14	322.99	274.64	312.22	0	54.93
2001	2	6	12.970	2228.5405	36.5404	5.5404	25.19	1677390913.46	205.76	 1.49	 2.71	 1.00	11.33	 1.52	332.79	300.48	324.91	275.67	312.95	0	55.13
2001	2	6	13.892	2228.5789	36.5788	5.5788	 4.27	 1.37	212.16	 1.56	10.72	 0.98	11.33	 1.53	332.88	302.07	323.96	277.77	313.70	0	55.55
2001	2	6	14.815	2228.6172	36.6173	5.6173	 6.31	 8.48	214.76	 1.25	 2.26	 1.00	11.32	 1.49	332.95	303.12	326.08	277.74	314.87	0	55.55
2001	2	6	15.737	2228.6558	36.6557	5.6557	 4.17	 0.53	215.36	 0.69	 3.09	 0.95	11.33	 1.35	332.98	304.37	326.83	279.89	316.03	0	55.98
2001	2	6	16.659	2228.6941	36.6941	5.6941	 3.74	 0.46	210.63	 0.90	 8.64	 0.85	11.32	 1.28	333.31	307.62	329.53	285.87	318.52	0	57.17
2001	2	6	17.592	2228.7329	36.7330	5.7330	 5.00	 1.17	217.39	 0.65	 1.62	 0.99	11.67	 1.36	333.02	310.38	331.61	284.40	324.70	0	56.88
2001	2	6	20.450	2228.8521	36.8521	5.8521	 4.31	 1.18	232.72	 1.42	 1.70	 1.00	11.65	 1.38	332.71	308.64	339.36	279.29	326.02	0	55.86
2001	2	6	21.398	2228.8916	36.8916	5.8916	 4.45	 1.71	227.50	 1.75	 3.91	 1.00	11.65	 1.36	332.70	305.53	339.80	277.32	324.42	0	55.46
2001	2	6	22.345	2228.9312	36.9310	5.9310	 4.60	 1.48	225.81	 1.28	 1.92	 1.00	11.65	 1.55	332.58	303.18	337.94	272.46	322.75	0	54.49
2001	2	6	23.291	2228.9705	36.9705	5.9705	 4.06	 0.39	224.40	 0.58	 3.47	 0.87	11.65	 1.61	332.63	301.86	334.69	272.31	321.15	0	54.46
2001	2	7	1.186	2229.0493	37.0494	6.0494	 5.62	 1.90	219.90	 0.58	 2.61	 0.93	11.63	 1.55	332.53	299.94	332.68	271.21	318.55	0	54.24
2001	2	7	3.097	2229.1292	37.1291	6.1291	46.84	 1.00	222.23	 0.00	 2.30	 0.00	11.60	 1.67	332.41	299.41	329.16	271.14	316.61	0	54.23
2001	2	7	6.886	2229.2869	37.2869	6.2869	17.24	232903.60	219.44	 0.63	 1.75	 0.98	11.65	 1.68	332.22	298.00	327.47	269.83	314.43	0	53.97
2001	2	7	11.640	2229.4851	37.4850	6.4850	18.81	1374880.94	209.08	 0.74	 0.64	 1.00	11.67	 1.67	332.71	299.41	323.76	278.43	314.01	0	55.69
2001	2	7	13.537	2229.5640	37.5640	6.5640	 3.71	 0.36	214.77	 0.73	 2.31	 0.98	11.65	 1.56	333.08	306.73	328.89	287.14	318.92	0	57.43
2001	2	7	14.486	2229.6035	37.6036	6.6036	 3.46	 0.35	206.53	 0.90	 2.02	 0.99	11.65	 1.18	333.13	310.40	334.34	285.60	323.87	0	57.12
2001	2	7	15.433	2229.6431	37.6431	6.6431	16.50	138603.88	213.37	 0.76	 0.27	 1.00	11.67	 1.12	333.03	312.95	336.47	286.84	326.62	0	57.37
2001	2	7	16.382	2229.6826	37.6826	6.6826	 4.20	 0.85	217.34	 1.07	 1.51	 1.00	11.65	 1.03	332.95	313.89	339.36	288.81	327.76	0	57.76
2001	2	7	23.983	2229.9993	37.9993	6.9993	16.90	213720.02	209.43	 0.77	 2.77	 0.98	11.63	 1.20	332.25	303.30	340.81	272.90	323.81	0	54.58
2001	2	8	0.930	2230.0388	38.0388	7.0388	 5.43	 1.43	214.43	 0.51	 2.75	 0.87	11.65	 1.39	332.25	301.55	336.21	272.09	321.72	0	54.42
2001	2	8	1.878	2230.0784	38.0783	7.0783	 5.93	 2.96	213.74	 0.64	 1.25	 0.99	11.65	 1.44	332.27	301.23	333.26	271.10	320.09	0	54.22
2001	2	8	2.826	2230.1177	38.1178	7.1178	 5.13	 1.18	212.88	 0.57	 0.87	 0.99	11.67	 1.47	332.29	300.77	330.67	271.63	318.59	0	54.33
2001	2	8	3.774	2230.1572	38.1572	7.1572	 4.45	 0.79	213.45	 0.76	 0.40	 1.00	11.65	 1.49	332.24	301.11	330.06	272.88	318.17	0	54.58
2001	2	8	4.741	2230.1975	38.1975	7.1975	 4.91	 1.16	213.26	 0.70	 0.63	 1.00	11.68	 1.56	332.53	301.27	328.45	273.01	317.98	0	54.60
2001	2	8	5.689	2230.2371	38.2370	7.2370	20.89	8002574.54	214.59	 0.55	 0.73	 1.00	11.65	 1.56	332.40	300.96	329.29	272.01	 0.00	0	54.40
2001	2	8	6.636	2230.2766	38.2765	7.2765	 4.64	 0.78	211.98	 0.61	 1.05	 0.99	11.63	 1.53	332.34	300.22	328.25	271.12	316.91	0	54.22
2001	2	8	7.584	2230.3159	38.3160	7.3160	 5.24	 1.73	214.43	 0.75	 0.54	 1.00	11.65	 1.60	332.19	299.74	327.70	270.99	316.39	0	54.20
2001	2	8	8.531	2230.3555	38.3555	7.3555	 5.18	 1.44	211.65	 0.65	 0.19	 1.00	11.63	 1.57	332.34	299.05	327.58	270.52	316.02	0	54.10
2001	2	8	9.479	2230.3950	38.3949	7.3949	 5.40	 1.75	209.35	 0.63	 0.37	 1.00	11.63	 1.53	332.35	298.61	327.00	 0.00	315.30	0	54.00
2001	2	8	10.426	2230.4343	38.4344	7.4344	 4.96	 1.03	211.72	 0.58	 0.22	 1.00	11.65	 1.63	332.40	298.24	325.80	272.41	314.75	0	54.48
2001	2	8	11.374	2230.4739	38.4739	7.4739	16.98	191022.83	207.97	 0.64	 1.23	 0.99	11.65	 1.62	332.62	300.27	324.89	283.31	314.85	0	56.66
2001	2	8	12.321	2230.5134	38.5134	7.5134	 5.39	 2.44	208.60	 0.89	 0.58	 1.00	11.67	 1.52	332.77	304.21	328.35	288.85	318.97	0	57.77
2001	2	8	14.233	2230.5930	38.5930	7.5930	 2.72	 0.08	235.49	 0.50	20.62	 0.00	11.63	 1.51	333.02	312.02	335.84	295.88	326.35	0	59.18
2001	2	8	15.183	2230.6326	38.6326	7.6326	 2.53	 0.11	237.44	 0.88	39.19	 0.06	11.73	 1.12	333.36	316.02	339.98	298.39	328.28	0	59.68
2001	2	8	16.131	2230.6721	38.6721	7.6721	 3.22	 0.24	239.85	 0.90	12.97	 0.69	11.65	 1.00	332.49	316.00	342.02	289.10	330.94	0	57.82
2001	2	8	23.734	2230.9890	38.9889	7.9889	19.35	2563740.15	214.86	 0.82	 2.06	 0.99	11.62	 1.30	331.94	302.68	338.96	273.93	323.80	0	54.79
2001	2	9	0.679	2231.0283	39.0283	8.0283	 6.07	 3.63	213.15	 0.68	 0.18	 1.00	11.60	 1.36	331.88	301.67	336.09	272.97	321.88	0	54.59
2001	2	9	1.626	2231.0679	39.0678	8.0678	15.86	63660.63	213.28	 0.66	 1.03	 1.00	11.63	 1.44	331.87	301.30	333.23	272.37	320.23	0	54.47
2001	2	9	2.572	2231.1072	39.1072	8.1072	 6.68	 6.46	215.68	 0.66	 0.69	 1.00	11.62	 1.46	331.69	301.18	332.39	272.10	319.45	0	54.42
2001	2	9	3.519	2231.1467	39.1466	8.1466	18.87	1350321.40	213.49	 0.69	 0.64	 1.00	11.63	 1.47	331.82	300.96	331.06	272.66	318.19	0	54.53
2001	2	9	4.466	2231.1860	39.1861	8.1861	 4.42	 0.69	214.35	 0.68	 0.70	 1.00	11.62	 1.54	332.12	300.78	329.25	272.32	317.53	0	54.46
2001	2	9	5.413	2231.2256	39.2256	8.2256	 4.99	 0.94	214.49	 0.52	 0.24	 1.00	11.62	 1.57	331.88	300.28	329.23	271.54	317.56	0	54.31
2001	2	9	13.033	2231.5430	39.5430	8.5430	 2.98	 0.14	228.51	 0.65	 9.86	 0.47	11.68	 1.66	332.69	308.28	331.95	291.42	322.30	0	58.28
2001	2	9	13.991	2231.5830	39.5830	8.5830	 3.14	 0.17	234.48	 0.70	 9.88	 0.56	11.77	 1.45	332.41	311.80	336.61	288.97	326.04	0	57.79
2001	2	9	23.635	2231.9849	39.9848	8.9848	21.14	31447348.82	203.82	 1.60	13.43	 0.97	11.75	 1.03	332.09	304.84	344.11	274.85	325.09	0	54.97
2001	2	10	0.601	2232.0251	40.0251	9.0251	 4.35	 0.55	215.83	 0.59	 0.05	 1.00	11.78	 1.36	332.02	301.85	337.83	273.13	322.38	0	54.63
2001	2	10	1.575	2232.0657	40.0656	9.0656	21.76	19574887.59	214.13	 0.56	 1.87	 0.96	11.85	 1.42	332.11	301.41	334.19	272.09	320.77	0	54.42
2001	2	10	2.547	2232.1062	40.1061	9.1061	30.08	117906981847.58	214.19	 0.82	 0.41	 1.00	11.95	 1.45	332.11	301.28	333.84	273.26	319.53	0	54.65
2001	2	10	3.526	2232.1470	40.1469	9.1469	 5.48	 1.99	213.02	 0.67	 0.42	 1.00	12.12	 1.52	331.81	300.66	330.67	 0.00	317.55	0	54.00
2001	2	10	4.514	2232.1880	40.1881	9.1881	 8.47	33.43	212.31	 0.56	 0.70	 1.00	12.12	 1.48	331.90	300.06	329.59	 0.00	316.60	0	54.00
2001	2	10	5.508	2232.2295	40.2295	9.2295	16.67	120795.84	212.52	 0.56	 0.57	 1.00	12.13	 1.57	332.25	299.61	327.07	272.20	316.78	0	54.44
2001	2	10	6.489	2232.2705	40.2704	9.2704	 6.24	 3.35	211.47	 0.53	 0.56	 1.00	12.13	 1.51	331.91	299.25	328.57	272.62	315.56	0	54.52
2001	2	10	7.487	2232.3120	40.3120	9.3120	 4.79	 1.07	212.40	 0.72	 0.22	 1.00	12.10	 1.59	331.16	298.82	327.10	272.54	314.96	0	54.51
2001	2	10	8.516	2232.3547	40.3549	9.3548	 5.00	 1.04	211.20	 0.56	 0.73	 1.00	12.97	 1.61	331.78	298.19	325.74	271.56	314.04	0	54.31
2001	2	10	9.551	2232.3979	40.3979	9.3979	21.83	21867998.42	212.17	 0.58	 1.88	 0.97	12.48	 1.68	331.74	297.64	324.13	271.72	313.15	0	54.34
2001	2	10	11.671	2232.4863	40.4863	9.4863	 4.40	 0.61	206.01	 0.59	 1.71	 0.97	13.28	 1.62	332.35	300.25	324.82	279.56	314.99	0	55.91
2001	2	10	16.187	2232.6746	40.6745	9.6745	 2.58	 0.61	207.54	 4.03	25.89	 1.00	14.17	 1.18	332.44	308.32	337.95	286.84	320.84	0	57.37
2001	2	10	22.173	2232.9238	40.9239	9.9239	 3.78	 0.51	214.86	 0.97	 0.50	 1.00	14.32	 1.05	332.00	312.18	340.68	284.18	327.29	0	56.84
2001	2	10	23.397	2232.9749	40.9749	9.9749	 4.46	 1.43	210.67	 1.34	 1.57	 1.00	14.90	 1.11	331.73	306.58	341.16	276.41	325.32	0	55.28
2001	2	11	11.068	2233.4612	41.4612	10.4612	25.76	1543770562.71	207.99	 0.78	 1.45	 1.00	10.83	 1.63	332.14	297.60	323.15	273.17	311.75	0	54.63
2001	2	11	11.952	2233.4980	41.4980	10.4980	 4.63	 1.01	209.07	 0.79	 0.70	 1.00	10.85	 1.62	332.18	299.40	323.20	275.95	312.97	0	55.19
2001	2	11	12.835	2233.5349	41.5348	10.5348	 4.49	 0.92	204.23	 0.81	 1.20	 1.00	10.83	 1.49	332.33	301.90	323.95	280.37	313.88	0	56.07
2001	2	11	13.717	2233.5715	41.5715	10.5715	49.85	 1.00	209.20	 0.00	 1.56	 0.00	10.80	 1.48	332.46	305.65	328.60	282.03	316.90	0	56.41
2001	2	11	14.599	2233.6084	41.6083	10.6083	 3.87	 0.98	213.12	 1.69	 7.99	 0.99	10.83	 1.53	332.60	307.85	329.79	281.90	319.45	0	56.38
2001	2	11	16.368	2233.6819	41.6820	10.6820	 3.85	 0.50	211.62	 0.87	 2.43	 0.99	10.85	 1.21	332.46	308.92	335.32	281.72	322.16	0	56.34
2001	2	11	17.268	2233.7195	41.7195	10.7195	 4.23	 0.64	218.11	 0.79	 2.01	 0.99	10.83	 1.35	332.49	309.06	333.70	285.14	323.17	0	57.03
2001	2	11	18.151	2233.7563	41.7563	10.7563	18.57	1604041.28	212.53	 1.11	 1.81	 1.00	10.83	 1.13	332.47	308.80	338.87	 0.00	325.54	0	54.00
2001	2	11	19.034	2233.7930	41.7931	10.7931	 4.75	 1.88	211.87	 1.32	 3.21	 1.00	10.83	 1.16	332.60	307.64	338.82	279.52	325.70	0	55.90
2001	2	11	19.916	2233.8298	41.8298	10.8298	 3.67	 0.56	214.43	 1.20	 1.84	 1.00	10.82	 1.34	332.57	305.08	334.95	273.22	323.90	0	54.64
2001	2	11	20.798	2233.8667	41.8666	10.8666	 5.48	 2.95	215.56	 1.01	 2.53	 0.99	10.85	 1.37	332.56	303.74	335.96	273.15	322.46	0	54.63
2001	2	11	21.680	2233.9033	41.9033	10.9033	 5.09	 2.87	211.68	 1.42	 3.78	 1.00	10.85	 1.34	332.53	302.72	334.84	273.16	 0.00	0	54.63
2001	2	11	22.562	2233.9402	41.9401	10.9401	 5.06	 4.36	215.81	 2.27	 2.75	 1.00	10.85	 1.49	332.47	301.95	333.21	271.81	320.41	0	54.36
2001	2	11	23.444	2233.9768	41.9768	10.9768	 6.35	13.62	209.88	 1.89	 2.51	 1.00	10.83	 1.47	332.45	301.13	330.65	271.44	319.15	0	54.29
2001	2	12	0.326	2234.0137	42.0136	11.0136	 4.55	 1.07	212.49	 0.92	 2.44	 0.99	10.85	 1.49	332.45	300.62	330.72	271.52	318.33	0	54.30
2001	2	12	1.225	2234.0510	42.0510	11.0510	 4.25	 0.44	214.65	 0.52	 0.72	 0.99	10.87	 1.58	332.51	300.52	328.57	271.59	317.84	0	54.32
2001	2	12	2.108	2234.0879	42.0878	11.0878	17.75	260126.62	214.77	 0.41	 2.02	 0.86	10.85	 1.55	332.39	300.19	329.73	 0.00	316.96	0	54.00
2001	2	12	2.989	2234.1245	42.1245	11.1245	15.71	52356.18	212.06	 0.63	 2.64	 0.95	10.83	 1.49	332.40	299.87	328.66	 0.00	317.08	0	54.00
2001	2	12	3.871	2234.1614	42.1613	11.1613	18.98	1129405.44	211.51	 0.52	 0.35	 1.00	10.85	 1.52	332.41	299.62	328.30	270.86	316.38	0	54.17
2001	2	12	4.753	2234.1980	42.1981	11.1981	 4.22	 0.49	212.25	 0.59	 0.68	 1.00	10.85	 1.52	332.38	299.11	327.42	270.99	316.18	0	54.20
2001	2	12	5.635	2234.2349	42.2348	11.2348	 5.14	 1.18	212.05	 0.56	 0.17	 1.00	10.83	 1.57	332.36	298.71	327.50	270.57	315.49	0	54.11
2001	2	12	6.518	2234.2715	42.2716	11.2716	18.01	561903.52	214.08	 0.68	 0.92	 1.00	10.85	 1.64	332.39	298.49	325.83	270.85	315.13	0	54.17
2001	2	12	7.400	2234.3083	42.3083	11.3083	16.18	95604.93	210.67	 0.72	 0.60	 1.00	10.85	 1.58	332.37	298.10	326.93	270.32	314.85	0	54.06
2001	2	12	8.282	2234.3450	42.3451	11.3451	 6.72	 9.19	209.41	 0.88	 1.18	 1.00	10.83	 1.57	332.41	297.77	326.29	270.80	314.46	0	54.16
2001	2	12	9.181	2234.3826	42.3825	11.3825	 5.88	 3.65	209.04	 0.81	 3.27	 0.97	10.88	 1.59	332.42	297.62	325.12	270.58	314.43	0	54.12
2001	2	12	10.063	2234.4192	42.4193	11.4193	 4.04	 1.21	213.24	 1.76	 1.49	 1.00	10.85	 1.68	332.36	297.24	326.20	270.52	313.96	0	54.10
2001	2	12	10.945	2234.4561	42.4560	11.4560	24.05	298169865.44	205.00	 0.83	 1.30	 1.00	10.83	 1.51	332.41	297.20	325.28	270.91	313.76	0	54.18
2001	2	12	11.829	2234.4929	42.4929	11.4929	17.47	1030488.95	206.19	 2.07	 5.16	 1.00	10.83	 1.45	332.64	298.73	326.43	273.01	314.21	0	54.60
2001	2	12	12.711	2234.5295	42.5296	11.5296	 5.42	 5.92	198.68	 1.98	42.28	 0.87	10.85	 1.30	332.86	301.95	328.43	277.64	315.16	0	55.53
2001	2	12	15.358	2234.6399	42.6399	11.6399	 3.96	 1.20	212.70	 1.90	 6.45	 1.00	10.85	 1.53	332.93	305.19	329.10	282.57	316.76	0	56.51
2001	2	12	16.241	2234.6768	42.6767	11.6767	18.93	3025061.76	212.96	 1.46	 2.39	 1.00	10.83	 1.28	333.09	307.61	331.91	284.81	318.89	0	56.96
2001	2	12	17.139	2234.7141	42.7141	11.7141	 2.79	 0.13	233.14	 0.74	21.07	 0.16	10.78	 1.60	333.39	309.08	331.84	284.29	321.58	0	56.86
2001	2	12	18.021	2234.7510	42.7509	11.7509	 4.11	 0.58	229.92	 0.85	 7.46	 0.87	10.82	 1.44	332.81	308.40	337.38	 0.00	325.01	0	54.00
2001	2	12	18.904	2234.7876	42.7877	11.7877	 2.63	 0.24	233.74	 1.67	22.83	 0.89	10.87	 1.50	332.85	307.16	338.56	281.77	323.21	0	56.35
2001	2	12	19.788	2234.8245	42.8245	11.8245	26.30	3637178975.80	228.56	 1.19	 2.43	 1.00	10.85	 1.46	332.45	309.25	337.67	284.85	325.51	0	56.97
2001	2	12	20.671	2234.8613	42.8613	11.8613	 3.30	 0.49	225.73	 1.61	 3.41	 1.00	10.80	 1.29	332.18	305.63	343.12	275.37	324.01	0	55.07
2001	2	12	21.552	2234.8979	42.8980	11.8980	 4.93	 1.20	223.58	 0.74	 0.60	 1.00	10.82	 1.58	332.28	303.39	335.91	271.74	322.56	0	54.35
2001	2	12	22.433	2234.9348	42.9347	11.9347	 4.68	 1.08	225.06	 0.86	 1.65	 1.00	10.83	 1.58	332.21	301.91	334.36	271.72	320.87	0	54.34
2001	2	12	23.315	2234.9714	42.9714	11.9714	 4.75	 0.83	224.76	 0.62	 0.22	 1.00	10.85	 1.66	332.16	300.48	334.27	271.64	319.54	0	54.33
2001	2	13	0.196	2235.0083	43.0082	12.0082	 5.56	 1.95	219.40	 0.62	 1.90	 0.97	10.83	 1.58	332.28	300.13	332.23	271.33	318.58	0	54.27
2001	2	13	1.093	2235.0457	43.0456	12.0456	 3.87	 0.25	225.22	 0.46	 0.87	 0.98	10.78	 1.69	332.33	300.13	331.39	271.56	317.86	0	54.31
2001	2	13	1.974	2235.0823	43.0823	12.0823	 4.12	 0.39	223.26	 0.55	 1.52	 0.97	10.83	 1.64	332.22	300.01	331.00	271.27	317.35	0	54.25
2001	2	13	2.856	2235.1189	43.1190	12.1190	 7.95	23.88	221.19	 0.70	 1.55	 0.99	10.83	 1.60	332.23	299.63	330.41	270.49	316.77	0	54.10
2001	2	13	4.620	2235.1924	43.1925	12.1925	17.63	437037.32	220.35	 0.80	 1.84	 0.99	10.83	 1.67	332.21	299.69	329.39	270.71	316.29	0	54.14
2001	2	13	5.501	2235.2292	43.2292	12.2292	 6.13	 7.93	222.10	 1.45	 2.48	 1.00	10.82	 1.58	332.08	299.32	331.11	271.63	315.69	0	54.33
2001	2	13	9.043	2235.3767	43.3768	12.3768	53.67	 0.97	212.74	 0.00	 5.37	 0.00	10.87	 1.54	332.18	298.30	325.62	269.87	314.22	0	53.97
2001	2	13	9.926	2235.4136	43.4136	12.4136	54.78	 1.00	211.62	 0.00	 2.30	 0.00	10.85	 1.61	332.12	298.01	325.46	269.86	314.30	0	53.97
2001	2	13	10.808	2235.4504	43.4503	12.4503	19.30	2393703.67	207.71	 0.78	 2.65	 0.98	10.83	 1.39	332.16	298.04	325.63	270.94	314.10	0	54.19
2001	2	13	11.690	2235.4871	43.4871	12.4871	16.09	115031.19	209.48	 0.94	 3.91	 0.98	10.85	 1.59	332.33	299.92	324.21	274.02	314.77	0	54.80
2001	2	13	12.572	2235.5239	43.5238	12.5238	 4.43	 0.82	210.19	 0.78	 1.00	 1.00	10.85	 1.50	332.48	303.16	326.70	280.34	316.27	0	56.07
2001	2	13	13.454	2235.5605	43.5606	12.5606	 5.38	 2.50	212.31	 0.93	 0.80	 1.00	10.85	 1.30	332.67	306.37	329.11	283.98	320.09	0	56.80
2001	2	13	14.338	2235.5974	43.5974	12.5974	 5.11	 0.89	218.95	 0.45	 3.54	 0.69	10.85	 1.35	332.84	309.60	331.37	 0.00	323.37	0	54.00
2001	2	13	15.220	2235.6340	43.6342	12.6342	 5.89	 3.32	211.75	 0.74	 1.55	 0.99	10.83	 1.20	332.86	310.89	336.39	290.03	325.91	0	58.01
2001	2	13	19.655	2235.8188	43.8189	12.8189	 4.04	 1.06	214.23	 1.55	 6.13	 0.99	10.83	 1.27	332.35	306.40	335.26	279.44	324.99	0	55.89
2001	2	13	20.539	2235.8557	43.8558	12.8558	 5.26	 3.23	216.05	 1.37	 4.32	 1.00	10.87	 1.35	332.24	306.61	334.94	279.56	324.14	0	55.91
2001	2	13	21.423	2235.8926	43.8926	12.8926	 3.12	 0.65	204.14	 2.36	 3.23	 1.00	10.87	 0.98	332.00	305.45	344.29	275.79	324.14	0	55.16
2001	2	13	22.305	2235.9294	43.9294	12.9294	 5.01	 2.81	211.30	 1.52	 0.63	 1.00	10.85	 1.30	331.83	302.40	337.32	273.81	322.09	0	54.76
2001	2	13	23.188	2235.9661	43.9662	12.9662	 5.57	 3.71	213.69	 1.15	 2.13	 1.00	10.85	 1.43	331.99	301.46	332.63	272.99	320.66	0	54.60
2001	2	14	0.069	2236.0029	44.0029	13.0029	 5.08	 1.12	212.68	 0.57	 0.59	 1.00	10.85	 1.42	332.05	301.10	333.12	271.84	319.64	0	54.37
2001	2	14	0.967	2236.0403	44.0403	13.0403	 5.02	 1.39	214.45	 0.75	 0.27	 1.00	10.87	 1.51	332.08	300.70	331.05	271.90	318.79	0	54.38
2001	2	14	1.850	2236.0771	44.0771	13.0771	 9.30	66.03	213.76	 0.49	 0.59	 0.99	10.85	 1.51	332.05	300.83	330.12	272.66	319.05	0	54.53
2001	2	14	2.732	2236.1138	44.1138	13.1138	 8.67	50.43	213.74	 0.70	 0.24	 1.00	10.83	 1.53	332.02	300.99	329.01	273.06	318.00	0	54.61
2001	2	14	3.614	2236.1506	44.1506	13.1506	 4.79	 0.66	214.54	 0.45	 0.26	 1.00	10.85	 1.54	332.04	301.32	328.55	272.94	317.50	0	54.59
2001	2	14	4.495	2236.1873	44.1873	13.1873	 4.14	 0.49	213.69	 0.64	 0.26	 1.00	10.83	 1.51	331.99	300.98	329.01	 0.00	317.75	0	54.00
2001	2	14	5.377	2236.2241	44.2240	13.2240	 4.38	 0.85	211.56	 0.86	 1.54	 1.00	10.83	 1.47	332.02	300.93	329.16	272.14	317.55	0	54.43
2001	2	14	6.259	2236.2607	44.2608	13.2608	 7.20	17.06	211.56	 1.02	 0.43	 1.00	10.83	 1.52	331.96	300.59	328.57	271.90	317.27	0	54.38
2001	2	14	7.143	2236.2976	44.2976	13.2976	 5.68	 1.84	211.99	 0.50	 0.67	 0.99	10.85	 1.53	331.99	300.64	328.38	271.78	317.20	0	54.36
2001	2	14	8.025	2236.3345	44.3344	13.3344	 4.72	 0.83	209.88	 0.59	 0.40	 1.00	10.82	 1.51	331.95	300.17	328.87	271.49	316.62	0	54.30
2001	2	14	8.923	2236.3718	44.3718	13.3718	 5.48	 1.94	210.14	 0.64	 0.43	 1.00	10.87	 1.54	331.94	299.97	327.93	271.62	316.28	0	54.32
2001	2	14	9.814	2236.4089	44.4089	13.4089	 5.28	 2.21	206.76	 0.89	 0.85	 1.00	11.00	 1.47	332.19	299.51	328.53	271.64	315.26	0	54.33
2001	2	14	10.708	2236.4463	44.4462	13.4462	 5.48	 4.01	210.94	 1.34	 1.51	 1.00	10.98	 1.61	332.35	298.69	328.14	271.50	313.87	0	54.30
2001	2	14	11.604	2236.4834	44.4835	13.4835	51.35	 1.00	204.75	 0.00	 0.98	 0.00	10.98	 1.56	332.42	299.35	327.29	274.81	313.16	0	54.96
2001	2	14	13.397	2236.5581	44.5582	13.5582	 4.03	 1.05	207.93	 1.52	 5.16	 1.00	10.98	 1.53	332.76	304.69	329.01	283.32	 0.00	0	56.66
2001	2	14	14.293	2236.5955	44.5955	13.5955	29.91	128326711381.44	206.37	 1.03	 2.56	 1.00	10.98	 1.36	332.93	307.31	331.70	284.89	318.85	0	56.98
2001	2	14	15.187	2236.6328	44.6328	13.6328	 5.11	 1.46	217.71	 0.73	 3.04	 0.96	10.97	 1.33	332.83	310.61	332.41	 0.00	322.82	0	54.00
2001	2	14	16.083	2236.6702	44.6701	13.6701	 4.68	 1.25	215.94	 0.96	 2.70	 0.99	11.00	 1.19	332.78	311.39	337.26	283.57	326.07	0	56.71
2001	2	14	16.996	2236.7083	44.7082	13.7082	 3.84	 0.60	220.69	 1.11	 1.81	 1.00	11.02	 1.24	332.13	311.13	336.84	282.80	326.97	0	56.56
2001	2	14	18.786	2236.7827	44.7827	13.7827	 4.41	 0.91	218.98	 0.94	 1.62	 1.00	11.00	 1.22	331.87	307.61	339.17	277.68	326.04	0	55.54
2001	2	14	19.680	2236.8201	44.8200	13.8200	 4.40	 0.70	215.40	 0.71	 0.48	 1.00	10.97	 1.22	331.94	305.82	338.16	276.11	324.48	0	55.22
2001	2	14	20.573	2236.8572	44.8572	13.8572	 4.28	 0.82	211.81	 0.93	 0.64	 1.00	11.00	 1.23	331.75	304.25	338.24	274.57	323.42	0	54.91
2001	2	14	21.467	2236.8945	44.8944	13.8944	 4.84	 2.02	211.46	 1.28	 1.74	 1.00	10.98	 1.28	331.75	303.11	335.96	273.56	322.24	0	54.71
2001	2	14	22.361	2236.9316	44.9317	13.9317	 5.25	 2.14	217.15	 0.93	 3.53	 0.98	11.00	 1.46	331.63	301.75	334.85	273.18	321.11	0	54.64
2001	2	14	23.254	2236.9690	44.9689	13.9689	 3.96	 0.57	212.59	 0.90	 1.08	 1.00	11.00	 1.48	331.70	301.07	330.57	272.97	319.79	0	54.59
2001	2	15	0.148	2237.0061	45.0062	14.0062	 5.43	 2.92	207.35	 1.00	 0.63	 1.00	10.98	 1.32	331.69	301.01	332.80	272.33	318.99	0	54.47
2001	2	15	1.059	2237.0442	45.0441	14.0441	 4.54	 0.88	213.56	 0.77	 0.47	 1.00	11.02	 1.49	331.76	300.81	329.66	272.55	318.39	0	54.51
2001	2	15	1.953	2237.0813	45.0814	14.0814	 4.68	 0.81	215.26	 0.61	 0.18	 1.00	11.00	 1.60	331.68	300.67	328.19	272.16	317.92	0	54.43
2001	2	15	2.846	2237.1187	45.1186	14.1186	 4.60	 0.81	212.83	 0.66	 1.06	 0.99	11.00	 1.53	331.68	300.63	328.88	271.74	317.11	0	54.35
2001	2	15	3.740	2237.1558	45.1558	14.1558	 5.10	 1.48	210.01	 0.72	 0.59	 1.00	11.00	 1.51	331.57	300.00	329.29	271.24	317.08	0	54.25
2001	2	15	4.634	2237.1931	45.1931	14.1931	 6.10	 4.04	209.93	 0.72	 0.59	 1.00	11.00	 1.52	331.74	299.28	329.36	271.14	315.96	0	54.23
2001	2	15	5.528	2237.2305	45.2303	14.2303	 4.73	 0.89	208.34	 0.62	 1.02	 0.99	11.00	 1.51	331.97	298.81	327.68	271.00	315.23	0	54.20
2001	2	15	6.423	2237.2676	45.2676	14.2676	 4.30	 0.60	211.35	 0.66	 0.10	 1.00	10.98	 1.62	332.06	298.41	325.74	270.63	314.61	0	54.13
2001	2	15	7.316	2237.3049	45.3048	14.3048	 4.16	 0.49	212.50	 0.63	 1.15	 0.99	10.97	 1.63	331.99	298.09	326.21	269.98	313.95	0	54.00
2001	2	15	8.210	2237.3420	45.3421	14.3421	 5.09	 1.37	213.01	 0.68	 0.17	 1.00	11.00	 1.68	332.06	298.02	325.37	270.10	314.06	0	54.02
2001	2	15	10.015	2237.4172	45.4173	14.4173	16.18	85267.84	210.03	 0.63	 0.62	 1.00	10.98	 1.62	332.04	297.86	325.07	269.95	313.77	0	53.99
2001	2	15	10.909	2237.4546	45.4545	14.4545	 7.95	22.45	207.19	 0.62	 1.85	 0.98	10.98	 1.59	332.14	298.10	324.28	271.29	313.22	0	54.26
2001	2	15	11.802	2237.4917	45.4918	14.4918	 6.97	 7.92	207.65	 0.59	 0.49	 1.00	10.98	 1.62	332.32	301.02	325.71	278.70	315.85	0	55.74
2001	2	15	12.696	2237.5291	45.5290	14.5290	 4.19	 0.58	209.93	 0.71	 0.95	 1.00	10.98	 1.56	332.51	304.22	328.05	282.85	318.64	0	56.57
2001	2	15	13.592	2237.5664	45.5664	14.5664	 4.97	 1.76	211.94	 0.99	 0.82	 1.00	10.98	 1.50	332.61	307.36	331.54	284.91	321.50	0	56.98
2001	2	15	14.489	2237.6038	45.6037	14.6037	 3.49	 0.34	209.93	 0.85	 2.37	 0.99	10.98	 1.17	332.72	310.82	334.32	290.05	323.14	0	58.01
2001	2	15	15.386	2237.6411	45.6411	14.6411	 3.62	 0.37	211.98	 0.82	 2.16	 0.99	11.00	 1.11	332.79	310.32	339.15	288.24	324.64	0	57.65
2001	2	15	19.898	2237.8291	45.8291	14.8291	 4.92	 3.51	223.60	 2.19	 4.37	 1.00	11.03	 1.02	332.68	311.99	339.74	 0.00	 0.00	0	54.00
2001	2	15	20.796	2237.8665	45.8665	14.8665	19.05	3795701.83	218.31	 1.66	 2.92	 1.00	11.05	 1.18	332.49	309.01	338.30	278.40	327.83	0	55.68
2001	2	15	21.698	2237.9041	45.9041	14.9041	 5.94	 3.60	211.48	 0.76	 0.55	 1.00	11.03	 1.09	332.45	306.20	342.71	271.72	325.87	0	54.34
2001	2	15	22.596	2237.9414	45.9415	14.9415	61.49	 1.00	208.51	 0.00	 2.70	 0.00	11.05	 1.15	332.45	304.71	339.71	272.34	323.88	0	54.47
2001	2	15	23.494	2237.9790	45.9789	14.9789	 4.96	 1.64	210.92	 0.93	 0.65	 1.00	11.05	 1.26	332.41	303.39	336.99	271.79	322.38	0	54.36
2001	2	16	0.392	2238.0164	46.0163	15.0163	 4.08	 0.69	205.86	 0.93	 1.08	 1.00	11.05	 1.26	332.38	302.25	334.81	271.66	320.96	0	54.33
2001	2	16	1.306	2238.0544	46.0544	15.0544	 5.18	 1.18	223.26	 0.56	 0.63	 1.00	11.02	 1.67	332.42	301.31	333.36	271.35	319.76	0	54.27
2001	2	16	14.798	2238.6165	46.6166	15.6166	 2.86	 0.13	229.93	 0.70	 6.66	 0.74	11.05	 1.52	333.11	310.89	336.49	289.29	325.55	0	57.86
2001	2	16	16.595	2238.6914	46.6914	15.6914	 2.91	 0.18	233.23	 0.90	 6.40	 0.91	11.03	 1.11	332.77	314.08	341.54	284.41	328.97	0	56.88
2001	2	16	22.006	2238.9170	46.9169	15.9169	27.87	34858531033.20	216.50	 2.25	 6.75	 1.00	11.03	 1.35	331.53	303.85	338.60	273.18	324.39	0	54.64
2001	2	16	22.907	2238.9543	46.9545	15.9545	15.64	91375.59	214.04	 1.19	 1.94	 1.00	11.12	 1.42	331.82	301.01	334.78	271.75	321.44	0	54.35
2001	2	16	23.806	2238.9919	46.9919	15.9919	 5.37	 3.02	211.30	 1.13	 0.34	 1.00	11.03	 1.45	331.85	300.07	333.18	271.18	320.03	0	54.24
2001	2	17	0.705	2239.0293	47.0294	16.0294	 4.20	 0.58	211.96	 0.71	 0.15	 1.00	11.05	 1.50	331.69	299.90	331.70	271.17	318.96	0	54.23
2001	2	17	1.621	2239.0676	47.0675	16.0675	 3.77	 0.41	210.80	 0.79	 0.14	 1.00	11.08	 1.55	331.84	299.40	331.13	269.92	317.71	0	53.98
2001	2	17	2.521	2239.1050	47.1050	16.1050	 3.18	 0.17	210.61	 0.58	 1.97	 0.95	11.05	 1.54	331.58	298.74	330.39	269.27	317.08	0	53.85
2001	2	17	3.418	2239.1423	47.1424	16.1424	 2.27	 0.07	207.60	 0.69	 1.25	 0.99	11.05	 1.57	331.86	298.63	328.32	268.21	316.20	0	53.64
2001	2	17	4.316	2239.1799	47.1798	16.1798	 2.79	 0.14	210.57	 0.76	 0.33	 1.00	11.05	 1.60	332.01	297.83	328.37	267.82	315.58	0	53.56
2001	2	17	5.214	2239.2173	47.2173	16.2173	 2.58	 0.09	208.16	 0.59	 0.56	 1.00	11.05	 1.60	331.84	297.05	327.11	267.89	314.55	0	53.58
2001	2	17	6.114	2239.2546	47.2547	16.2547	 2.06	 0.06	206.63	 0.78	 0.20	 1.00	11.03	 1.62	331.91	296.35	326.40	 0.00	313.72	0	54.00
2001	2	17	7.012	2239.2922	47.2922	16.2922	 3.56	 0.26	209.83	 0.60	 1.90	 0.96	11.05	 1.69	331.85	295.80	324.00	267.14	313.19	0	53.43
2001	2	17	12.422	2239.5176	47.5176	16.5176	 3.19	 0.24	207.33	 0.82	 5.10	 0.92	11.05	 1.60	332.79	301.48	325.64	288.16	316.05	0	57.63
2001	2	17	13.320	2239.5549	47.5550	16.5550	 3.72	 0.40	206.61	 0.78	 0.25	 1.00	11.03	 1.57	333.04	304.75	327.54	288.92	321.65	0	57.78
2001	2	17	14.220	2239.5925	47.5925	16.5925	 3.52	 0.33	208.90	 0.80	 0.41	 1.00	11.05	 1.43	333.02	307.92	332.54	291.17	 0.00	0	58.23
2001	2	17	15.121	2239.6301	47.6300	16.6300	 3.54	 0.38	208.01	 0.89	 1.32	 1.00	11.03	 1.18	332.60	310.95	335.97	288.49	325.80	0	57.70
2001	2	17	16.022	2239.6675	47.6676	16.6676	 3.01	 0.38	205.01	 1.57	 3.77	 1.00	11.05	 0.92	332.19	312.75	340.94	286.95	328.47	0	57.39
2001	2	17	16.920	2239.7051	47.7050	16.7050	 5.46	 4.08	213.14	 1.41	 1.64	 1.00	11.05	 0.99	332.11	312.14	339.94	280.61	329.35	0	56.12
2001	2	17	17.836	2239.7432	47.7431	16.7431	 5.18	 6.15	213.10	 2.80	 8.01	 1.00	11.08	 1.00	332.01	312.05	340.78	282.39	328.68	0	56.48
2001	2	17	20.541	2239.8560	47.8559	16.8559	 4.96	 5.73	209.37	 3.22	10.28	 1.00	11.23	 1.10	331.04	305.74	344.77	272.43	325.32	0	54.49
2001	2	17	21.455	2239.8940	47.8940	16.8940	34.39	 1.00	200.48	 0.00	 8.47	 0.00	11.23	 1.04	331.21	303.62	344.24	271.64	323.39	0	54.33
2001	2	17	22.373	2239.9321	47.9322	16.9322	 5.33	 2.87	210.18	 1.11	 0.32	 1.00	11.23	 1.31	331.10	301.99	338.10	271.02	321.36	0	54.20
2001	2	17	23.291	2239.9705	47.9705	16.9705	 4.87	 1.87	213.35	 1.17	 2.11	 1.00	11.30	 1.47	331.07	300.49	334.99	270.50	319.83	0	54.10
2001	2	18	1.131	2240.0471	48.0471	17.0471	 5.29	 2.37	210.32	 0.95	 2.26	 0.99	11.32	 1.52	331.18	298.87	331.15	270.14	317.26	0	54.03
2001	2	18	2.068	2240.0862	48.0862	17.0862	 5.37	 1.84	206.36	 0.67	 0.59	 1.00	11.33	 1.48	330.99	298.55	329.80	269.78	316.18	0	53.96
2001	2	18	2.991	2240.1245	48.1246	17.1246	 4.80	 0.99	209.95	 0.65	 0.38	 1.00	11.32	 1.64	331.42	298.32	327.04	269.55	 0.00	0	53.91
2001	2	18	3.911	2240.1628	48.1629	17.1629	 4.54	 0.78	209.18	 0.67	 0.46	 1.00	11.32	 1.63	331.72	297.59	327.25	267.16	315.35	0	53.43
2001	2	18	4.830	2240.2012	48.2013	17.2013	 3.94	 0.42	210.61	 0.67	 0.52	 1.00	11.30	 1.66	332.06	296.98	326.95	266.82	315.13	0	53.36
2001	2	18	5.751	2240.2397	48.2396	17.2396	 3.66	 0.35	208.29	 0.74	 0.39	 1.00	11.30	 1.64	331.91	296.48	326.23	266.90	313.34	0	53.38
2001	2	18	6.671	2240.2781	48.2780	17.2780	 3.81	 0.43	207.89	 0.77	 0.16	 1.00	11.32	 1.68	332.06	295.95	324.73	266.50	313.26	0	53.30
2001	2	18	12.210	2240.5088	48.5087	17.5087	 3.29	 0.33	202.50	 0.98	 0.72	 1.00	11.32	 1.62	332.42	298.31	324.70	272.64	312.74	0	54.53
2001	2	18	13.130	2240.5471	48.5471	17.5471	 3.58	 0.58	201.14	 1.27	 1.36	 1.00	11.30	 1.54	332.46	300.74	325.63	273.65	314.68	0	54.73
2001	2	18	14.049	2240.5854	48.5854	17.5854	 4.02	 0.93	203.42	 1.31	 2.59	 1.00	11.35	 1.54	332.77	303.93	328.41	276.02	316.34	0	55.20
2001	2	18	14.969	2240.6238	48.6237	17.6237	21.51	40503081.36	199.47	 1.39	 6.90	 0.99	11.28	 1.33	332.77	306.98	332.11	 0.00	319.89	0	54.00
2001	2	18	15.889	2240.6621	48.6620	17.6620	 3.62	 0.36	209.02	 0.80	 3.02	 0.97	11.30	 1.32	332.78	310.20	333.76	286.66	323.35	0	57.33
2001	2	18	16.809	2240.7004	48.7004	17.7004	 3.69	 0.46	207.11	 0.93	 0.25	 1.00	11.30	 1.04	332.60	313.02	339.02	285.07	327.38	0	57.01
2001	2	18	17.730	2240.7388	48.7388	17.7388	 3.47	 0.36	217.32	 0.96	 2.44	 0.99	11.32	 1.07	332.24	312.81	339.29	281.06	328.58	0	56.21
2001	2	18	18.668	2240.7778	48.7778	17.7778	 3.85	 0.72	212.36	 1.26	 2.97	 1.00	11.33	 1.00	332.18	310.21	339.83	278.89	328.58	0	55.78
2001	2	18	20.509	2240.8545	48.8545	17.8545	 5.20	 3.57	205.59	 1.54	 0.44	 1.00	11.30	 0.92	332.24	310.14	343.99	281.42	327.76	0	56.28
2001	2	18	21.430	2240.8928	48.8929	17.8929	 5.04	 2.25	214.98	 1.19	 0.49	 1.00	11.30	 1.11	332.04	308.79	341.61	278.30	327.73	0	55.66
2001	2	18	22.351	2240.9314	48.9313	17.9313	 4.68	 1.84	209.53	 1.37	 3.59	 1.00	11.32	 1.18	331.79	304.88	341.11	273.94	324.74	0	54.79
2001	2	18	23.271	2240.9697	48.9696	17.9696	 4.28	 0.91	213.21	 1.04	 0.96	 1.00	11.32	 1.36	331.83	301.88	336.22	271.81	322.18	0	54.36
2001	2	19	0.191	2241.0081	49.0080	18.0080	 4.50	 0.95	207.80	 0.84	 0.46	 1.00	11.32	 1.32	331.83	300.63	335.21	269.28	320.47	0	53.86
2001	2	19	1.110	2241.0461	49.0462	18.0462	 7.38	 9.67	209.78	 0.48	 1.48	 0.96	11.28	 1.38	331.85	300.27	334.02	269.05	318.84	0	53.81
2001	2	19	2.029	2241.0845	49.0845	18.0845	 5.08	 1.15	206.35	 0.56	 0.26	 1.00	11.32	 1.42	331.73	299.43	331.85	268.81	317.52	0	53.76
2001	2	19	2.965	2241.1235	49.1235	18.1235	19.66	3500543.78	207.95	 0.80	 0.49	 1.00	11.37	 1.51	331.64	299.09	329.49	269.26	 0.00	0	53.85
2001	2	19	3.885	2241.1619	49.1619	18.1619	36.47	 1.00	206.05	 0.00	 1.16	 0.00	11.30	 1.53	331.37	298.37	328.67	268.74	315.56	0	53.75
2001	2	19	4.805	2241.2002	49.2002	18.2002	17.16	296758.56	207.67	 0.82	 1.13	 1.00	11.32	 1.65	331.97	297.43	326.79	268.19	314.50	0	53.64
2001	2	19	5.726	2241.2385	49.2386	18.2386	20.85	13117408.39	207.46	 0.91	 1.05	 1.00	11.32	 1.60	332.10	297.02	326.10	269.41	313.22	0	53.88
2001	2	19	6.646	2241.2769	49.2769	18.2769	 4.75	 2.08	207.50	 1.43	 0.48	 1.00	11.30	 1.66	332.34	296.92	325.16	269.38	312.34	0	53.88
2001	2	19	10.336	2241.4307	49.4307	18.4307	 4.54	 1.60	202.18	 1.32	 2.57	 1.00	11.28	 1.61	332.45	294.17	321.54	267.14	 0.00	0	53.43
2001	2	19	13.118	2241.5466	49.5466	18.5466	16.44	259920.68	198.31	 1.41	 5.53	 0.99	11.30	 1.53	332.77	301.71	327.26	274.61	313.83	0	54.92
2001	2	19	14.958	2241.6233	49.6233	18.6233	 4.87	 3.46	199.90	 2.02	 2.89	 1.00	11.32	 1.51	332.99	304.72	328.52	275.41	316.85	0	55.08
2001	2	19	16.798	2241.7000	49.6999	18.6999	 3.76	 0.77	203.21	 1.42	 5.41	 0.99	11.32	 1.30	333.23	307.90	332.96	279.15	320.29	0	55.83
2001	2	19	17.718	2241.7383	49.7383	18.7383	24.97	1181645292.14	213.88	 1.37	 3.00	 1.00	11.32	 1.45	332.50	309.92	332.65	280.28	322.27	0	56.06
2001	2	19	19.576	2241.8157	49.8157	18.8157	 3.90	 0.60	206.84	 0.98	 0.54	 1.00	11.35	 1.06	332.16	312.28	337.41	283.60	325.19	0	56.72
2001	2	19	21.418	2241.8923	49.8924	18.8924	 3.56	 0.51	215.02	 1.22	 2.02	 1.00	11.32	 1.18	332.33	306.86	339.43	276.53	324.75	0	55.31
2001	2	19	22.338	2241.9307	49.9308	18.9308	16.50	156491.06	208.45	 0.84	 0.58	 1.00	11.32	 1.19	332.11	305.13	337.10	271.89	322.42	0	54.38
2001	2	19	23.259	2241.9692	49.9691	18.9691	 5.27	 2.56	211.05	 1.06	 1.84	 1.00	11.32	 1.38	332.07	303.39	334.63	271.27	321.48	0	54.25
2001	2	20	0.182	2242.0076	50.0076	19.0076	 5.03	 1.17	208.60	 0.61	 1.14	 0.99	11.30	 1.36	332.02	301.81	334.60	270.48	319.71	0	54.10
2001	2	20	1.103	2242.0459	50.0460	19.0460	 4.33	 0.73	209.00	 0.78	 0.39	 1.00	11.30	 1.42	331.96	300.45	333.33	269.49	318.82	0	53.90
2001	2	20	2.026	2242.0845	50.0844	19.0844	 4.16	 0.53	211.38	 0.68	 1.27	 0.99	11.32	 1.57	331.91	299.33	330.45	269.25	317.46	0	53.85
2001	2	20	2.947	2242.1228	50.1228	19.1228	 4.95	 1.39	208.00	 0.78	 0.78	 1.00	11.32	 1.53	331.84	298.36	330.23	269.32	316.11	0	53.86
2001	2	20	3.887	2242.1619	50.1620	19.1620	 5.15	 1.49	205.80	 0.68	 1.34	 0.99	11.33	 1.54	332.07	297.41	328.06	269.09	314.47	0	53.82
2001	2	20	4.814	2242.2007	50.2006	19.2006	 3.89	 0.50	209.17	 0.84	 0.66	 1.00	11.32	 1.65	331.66	296.58	327.13	268.80	313.04	0	53.76
2001	2	20	5.736	2242.2390	50.2390	19.2390	 4.05	 0.52	204.68	 0.72	 0.34	 1.00	11.35	 1.60	332.04	295.95	325.01	268.06	312.37	0	53.61
2001	2	20	8.501	2242.3542	50.3542	19.3542	 1.96	 0.07	202.87	 0.99	 0.63	 1.00	11.32	 1.66	332.07	293.62	322.85	 0.00	309.56	0	54.00
2001	2	20	15.885	2242.6619	50.6619	19.6619	 1.28	 0.10	199.46	 3.40	38.54	 0.93	11.30	 1.43	333.14	304.81	332.06	277.87	316.01	0	55.57
2001	2	20	16.806	2242.7002	50.7003	19.7003	 1.43	 0.18	205.99	 4.77	 5.19	 1.00	11.30	 1.47	333.24	306.91	329.96	278.93	319.07	0	55.79
2001	2	20	18.647	2242.7771	50.7770	19.7770	 2.20	 0.46	205.59	 4.60	26.82	 1.00	11.30	 1.13	333.20	310.99	337.24	280.48	323.19	0	56.10
2001	2	20	20.505	2242.8545	50.8544	19.8544	 3.59	 0.47	220.16	 1.12	 5.34	 0.98	11.38	 1.30	332.30	312.69	337.17	282.91	326.21	0	56.58
2001	2	20	22.346	2242.9312	50.9311	19.9311	16.53	439603.83	216.74	 2.38	 3.09	 1.00	11.30	 1.29	331.83	305.31	339.69	273.39	324.64	0	54.68
2001	2	20	23.268	2242.9695	50.9695	19.9695	 4.32	 1.22	205.55	 1.28	 4.22	 0.99	11.32	 1.24	331.63	301.60	337.73	271.94	321.78	0	54.39
2001	2	21	0.188	2243.0078	51.0078	20.0078	16.03	95974.29	206.28	 0.82	 1.16	 1.00	11.32	 1.34	331.87	300.65	334.53	270.80	320.14	0	54.16
2001	2	21	1.108	2243.0461	51.0462	20.0462	 6.35	 4.55	212.71	 0.64	 0.87	 1.00	11.30	 1.56	331.87	299.68	331.56	 0.00	318.73	0	54.00
2001	2	21	2.030	2243.0847	51.0846	20.0846	 5.08	 1.48	208.95	 0.73	 1.57	 0.99	11.32	 1.48	331.82	299.25	329.69	270.54	317.71	0	54.11
2001	2	21	2.953	2243.1230	51.1231	20.1231	 4.81	 1.05	210.66	 0.69	 0.53	 1.00	11.32	 1.52	331.84	299.00	329.37	270.04	317.01	0	54.01
2001	2	21	3.876	2243.1616	51.1615	20.1615	 4.62	 1.11	209.34	 0.87	 0.57	 1.00	11.32	 1.54	331.72	298.72	328.82	269.28	316.48	0	53.86
2001	2	21	4.814	2243.2007	51.2006	20.2006	16.45	137303.80	212.02	 0.79	 0.43	 1.00	11.33	 1.63	331.85	298.22	326.78	269.15	315.91	0	53.83
2001	2	21	5.734	2243.2390	51.2389	20.2389	16.12	63024.88	211.18	 0.50	 0.64	 0.99	11.32	 1.65	331.69	298.44	326.58	269.95	315.47	0	53.99
2001	2	21	6.654	2243.2773	51.2773	20.2773	21.64	14097919.19	210.74	 0.45	 0.93	 0.98	11.32	 1.62	331.62	297.89	327.09	268.54	314.55	0	53.71
2001	2	21	7.575	2243.3157	51.3156	20.3156	 5.66	 2.45	209.38	 0.68	 0.36	 1.00	11.32	 1.66	331.76	297.21	326.93	267.70	314.39	0	53.54
2001	2	21	8.495	2243.3540	51.3540	20.3540	 4.23	 0.52	208.20	 0.61	 0.64	 1.00	11.30	 1.62	332.24	296.32	325.68	267.08	313.65	0	53.42
2001	2	21	12.218	2243.5090	51.5091	20.5091	 3.62	 0.38	206.99	 0.83	 0.71	 1.00	11.53	 1.62	332.66	300.65	325.17	280.02	315.95	0	56.00
2001	2	21	13.172	2243.5488	51.5488	20.5488	 3.67	 0.37	205.32	 0.76	 0.42	 1.00	11.55	 1.51	332.93	304.60	327.18	293.88	320.96	0	58.78
2001	2	21	14.113	2243.5881	51.5880	20.5880	 4.17	 0.75	207.44	 0.92	 1.63	 1.00	11.52	 1.35	333.06	308.55	332.10	287.48	321.30	0	57.50
2001	2	21	20.686	2243.8618	51.8619	20.8619	 6.88	26.63	213.60	 2.22	 2.23	 1.00	11.53	 1.15	330.64	304.88	343.93	276.88	324.93	0	55.38
2001	2	21	21.642	2243.9019	51.9018	20.9018	 4.72	 1.95	213.58	 1.42	 1.02	 1.00	11.57	 1.28	330.65	302.92	339.56	273.37	323.20	0	54.67
2001	2	21	22.581	2243.9409	51.9409	20.9409	 4.55	 1.59	212.91	 1.36	 0.90	 1.00	11.50	 1.38	330.55	300.78	335.88	 0.00	321.49	0	54.00
2001	2	21	23.518	2243.9800	51.9799	20.9799	 4.68	 1.17	209.99	 0.87	 0.24	 1.00	11.53	 1.41	331.21	299.75	333.32	270.72	319.60	0	54.14
2001	2	22	0.458	2244.0190	52.0191	21.0191	 4.43	 0.69	209.88	 0.66	 0.99	 1.00	11.52	 1.40	331.10	299.23	333.26	270.51	318.17	0	54.10
2001	2	22	1.395	2244.0581	52.0581	21.0581	45.29	 1.00	210.62	 0.00	 0.62	 0.00	11.50	 1.52	331.40	298.78	329.39	270.08	317.04	0	54.02
2001	2	22	2.332	2244.0972	52.0972	21.0972	16.99	137692.58	207.30	 0.45	 0.25	 1.00	11.52	 1.52	331.03	298.60	328.28	269.94	316.29	0	53.99
2001	2	22	3.269	2244.1362	52.1362	21.1362	38.34	 1.00	207.90	 0.00	 1.50	 0.00	11.53	 1.50	330.95	299.06	327.73	270.63	316.19	0	54.13
2001	2	22	4.208	2244.1753	52.1753	21.1753	16.45	123643.22	208.90	 0.70	 1.70	 0.99	11.53	 1.54	330.87	299.27	328.07	 0.00	315.92	0	54.00
2001	2	22	5.146	2244.2144	52.2144	21.2144	26.79	4271650562.79	208.55	 0.78	 1.43	 1.00	11.52	 1.56	330.91	298.33	328.13	268.56	315.39	0	53.71
2001	2	22	6.100	2244.2542	52.2542	21.2542	27.05	4453491068.71	208.81	 0.63	 2.02	 0.97	11.57	 1.63	331.22	298.10	325.80	268.79	315.04	0	53.76
2001	2	22	7.037	2244.2932	52.2932	21.2932	28.43	14198328529.52	205.68	 0.50	 0.80	 0.99	11.52	 1.53	331.60	298.02	326.44	268.74	314.55	0	53.75
2001	2	22	7.975	2244.3323	52.3323	21.3323	25.58	1694706521.51	206.07	 1.03	 0.84	 1.00	11.52	 1.60	331.73	297.59	326.49	268.26	314.00	0	53.65
2001	2	22	10.787	2244.4495	52.4495	21.4495	16.66	198775.49	206.22	 0.90	 1.29	 1.00	11.52	 1.68	331.85	296.42	324.50	267.81	312.61	0	53.56
2001	2	22	11.724	2244.4885	52.4885	21.4885	16.22	106609.08	201.99	 0.74	 1.91	 0.99	11.53	 1.64	331.99	298.21	325.44	 0.00	313.50	0	54.00
2001	2	22	12.662	2244.5276	52.5276	21.5276	 4.31	 0.84	203.04	 0.89	 3.81	 0.97	11.53	 1.53	332.02	300.89	325.54	273.58	315.69	0	54.72
2001	2	22	13.599	2244.5667	52.5666	21.5666	14.90	33935.96	198.96	 0.86	 0.56	 1.00	11.53	 1.37	332.15	303.59	329.05	276.88	317.53	0	55.38
2001	2	22	14.554	2244.6064	52.6064	21.6064	17.89	711218.22	199.74	 0.92	 1.23	 1.00	11.57	 1.38	332.46	306.82	331.98	282.27	320.05	0	56.45
2001	2	22	17.371	2244.7239	52.7238	21.7238	 7.00	 7.35	208.42	 0.53	 1.07	 0.99	11.55	 0.99	332.01	311.12	340.83	281.82	326.87	0	56.36
2001	2	22	19.247	2244.8020	52.8019	21.8019	35.32	 1.00	219.44	 0.00	 5.54	 0.00	11.53	 1.16	330.94	310.13	339.95	278.49	328.27	0	55.70
2001	2	22	22.059	2244.9192	52.9191	21.9191	 4.75	 0.63	211.38	 0.44	 1.12	 0.96	11.53	 1.37	330.75	301.36	335.24	270.84	320.96	0	54.17
2001	2	22	23.015	2244.9590	52.9589	21.9589	44.98	 1.00	205.37	 0.00	 1.09	 0.00	11.57	 1.33	330.79	300.05	334.68	269.84	319.15	0	53.97
2001	2	22	23.953	2244.9980	52.9981	21.9981	 6.40	 4.88	211.09	 0.65	 0.89	 1.00	11.53	 1.48	330.65	299.49	331.23	269.93	317.98	0	53.99
2001	2	23	0.891	2245.0371	53.0371	22.0371	16.66	143369.92	207.00	 0.65	 0.52	 1.00	11.52	 1.44	330.80	299.19	331.32	270.02	317.12	0	54.00
2001	2	23	1.829	2245.0762	53.0762	22.0762	39.38	 1.00	208.19	 0.00	 1.78	 0.00	11.52	 1.48	331.02	298.80	328.49	 0.00	316.55	0	54.00
2001	2	23	2.767	2245.1152	53.1153	22.1153	 5.92	 3.48	208.51	 0.74	 0.91	 1.00	11.53	 1.55	331.14	298.83	327.19	269.98	315.95	0	54.00
2001	2	23	3.705	2245.1543	53.1544	22.1544	16.80	196445.55	207.27	 0.78	 1.96	 0.99	11.53	 1.52	331.57	299.01	326.74	269.94	315.25	0	53.99
2001	2	23	4.643	2245.1934	53.1935	22.1934	22.95	56706337.02	209.21	 0.48	 0.72	 0.99	11.53	 1.58	331.75	299.09	326.05	269.54	315.56	0	53.91
2001	2	23	5.581	2245.2324	53.2325	22.2325	16.66	119225.33	205.52	 0.54	 0.51	 1.00	11.53	 1.51	331.83	299.16	327.13	268.56	315.58	0	53.71
2001	2	23	6.519	2245.2717	53.2716	22.2716	41.86	 0.95	209.34	 0.00	 5.09	 0.00	11.53	 1.59	332.12	298.44	326.30	267.75	314.40	0	53.55
2001	2	23	7.474	2245.3115	53.3114	22.3114	27.81	8404022232.63	208.06	 0.55	 2.36	 0.94	11.55	 1.58	332.34	298.05	326.14	267.12	313.91	0	53.42
2001	2	23	8.412	2245.3506	53.3505	22.3505	17.32	261763.48	209.98	 0.62	 0.32	 1.00	11.52	 1.65	332.16	297.38	324.86	266.77	313.72	0	53.35
2001	2	23	9.350	2245.3896	53.3896	22.3896	16.00	69962.54	207.96	 0.62	 0.58	 1.00	11.53	 1.55	332.13	296.99	325.82	266.69	313.42	0	53.34
2001	2	23	10.287	2245.4287	53.4286	22.4286	 7.74	17.20	209.18	 0.59	 0.43	 1.00	11.48	 1.68	332.10	296.99	323.27	266.87	312.84	0	53.37
2001	2	23	11.223	2245.4675	53.4676	22.4676	34.26	 0.99	204.44	 0.00	 3.24	 0.00	11.48	 1.62	332.31	298.87	324.77	273.34	313.63	0	54.67
2001	2	23	12.160	2245.5066	53.5067	22.5067	17.40	310772.67	204.16	 0.67	 2.44	 0.97	11.50	 1.63	332.50	301.73	326.54	277.39	315.72	0	55.48
2001	2	23	13.096	2245.5457	53.5457	22.5457	16.84	208613.13	206.79	 0.79	 3.72	 0.96	11.48	 1.62	332.60	304.31	328.20	278.96	318.18	0	55.79
2001	2	23	14.033	2245.5847	53.5847	22.5847	 4.60	 0.95	204.22	 0.74	 1.45	 0.99	11.50	 1.42	332.70	306.61	332.00	278.04	321.13	0	55.61
2001	2	23	14.970	2245.6238	53.6237	22.6238	 6.28	 5.63	202.65	 0.81	 1.05	 1.00	11.48	 1.25	332.78	308.83	334.69	280.21	323.45	0	56.04
2001	2	23	15.925	2245.6636	53.6636	22.6636	 4.47	 0.57	225.99	 0.57	 1.10	 0.99	11.48	 1.61	332.97	311.65	335.53	284.45	324.60	0	56.89
2001	2	23	16.864	2245.7026	53.7027	22.7027	 4.49	 0.64	225.93	 0.62	 1.72	 0.98	11.50	 1.36	332.47	313.95	338.36	287.41	327.16	0	57.48
2001	2	23	17.804	2245.7419	53.7418	22.7418	 4.15	 0.32	231.22	 0.45	 1.07	 0.97	11.55	 1.21	332.85	315.97	338.84	286.82	330.11	0	57.36
2001	2	23	18.746	2245.7810	53.7811	22.7811	 3.98	 0.57	229.24	 0.95	 0.60	 1.00	11.52	 0.96	331.93	316.29	342.13	279.22	331.33	0	55.84
2001	2	23	19.686	2245.8203	53.8203	22.8203	 4.39	 0.54	233.60	 0.59	 0.88	 0.99	11.53	 0.99	332.08	316.40	341.63	280.94	332.31	0	56.19
2001	2	23	21.567	2245.8987	53.8986	22.8986	 6.46	 6.71	227.10	 0.90	 1.91	 1.00	11.53	 1.11	332.15	309.62	343.34	273.41	 0.00	0	54.68
2001	2	23	22.510	2245.9380	53.9379	22.9379	 8.86	58.83	224.18	 0.71	 0.39	 1.00	11.57	 1.29	332.03	305.70	342.77	271.14	325.87	0	54.23
2001	2	23	23.452	2245.9771	53.9772	22.9772	 4.46	 0.85	224.43	 0.85	 2.23	 0.99	11.52	 1.50	332.00	303.33	338.04	270.78	323.45	0	54.16
2001	2	24	0.414	2246.0173	54.0172	23.0172	30.64	313162277927.07	210.65	 1.23	 1.36	 1.00	11.57	 1.30	332.21	301.81	336.85	270.54	321.49	0	54.11
2001	2	24	1.359	2246.0566	54.0566	23.0566	 4.24	 0.60	207.43	 0.69	 0.59	 1.00	11.58	 1.34	331.68	300.99	333.95	270.31	319.83	0	54.06
2001	2	24	2.308	2246.0962	54.0962	23.0962	 4.23	 0.45	209.89	 0.53	 0.52	 1.00	11.55	 1.43	331.53	300.52	332.10	 0.00	319.16	0	54.00
2001	2	24	3.258	2246.1357	54.1358	23.1358	 4.71	 0.96	206.53	 0.68	 1.26	 0.99	11.67	 1.43	331.54	299.78	332.14	268.93	318.21	0	53.79
2001	2	24	4.211	2246.1755	54.1755	23.1755	 4.96	 1.07	208.47	 0.60	 0.35	 1.00	11.55	 1.51	331.91	298.92	330.58	267.84	316.52	0	53.57
2001	2	24	5.163	2246.2151	54.2151	23.2151	 4.92	 0.99	209.88	 0.58	 0.39	 1.00	11.68	 1.57	331.09	299.05	327.26	269.37	316.17	0	53.87
2001	2	24	6.114	2246.2546	54.2547	23.2547	 4.51	 0.57	211.04	 0.51	 0.47	 1.00	11.60	 1.63	331.04	298.56	327.62	267.03	315.29	0	53.41
2001	2	24	7.064	2246.2944	54.2944	23.2944	 4.48	 0.78	209.73	 0.71	 0.61	 1.00	11.60	 1.63	331.47	297.63	326.40	267.22	314.42	0	53.44
2001	2	24	9.951	2246.4146	54.4146	23.4146	29.73	50749113054.04	207.41	 0.49	 1.25	 0.97	11.83	 1.65	331.75	295.90	324.78	267.38	312.62	0	53.48
2001	2	24	10.911	2246.4546	54.4546	23.4546	 8.26	46.05	206.69	 0.93	 5.17	 0.96	11.60	 1.69	332.20	296.21	324.22	269.79	311.60	0	53.96
2001	2	24	12.842	2246.5352	54.5351	23.5351	 5.50	 3.48	200.62	 1.08	 1.75	 1.00	11.78	 1.55	332.64	301.69	325.94	277.57	314.68	0	55.51
2001	2	24	13.817	2246.5757	54.5757	23.5757	 4.20	 1.10	205.11	 1.31	 4.27	 0.99	11.88	 1.48	332.66	304.79	327.86	278.60	316.74	0	55.72
2001	2	24	14.802	2246.6167	54.6167	23.6167	 9.04	98.10	206.42	 0.91	 8.94	 0.88	12.13	 1.43	332.72	305.71	331.20	277.14	318.19	0	55.43
2001	2	24	15.790	2246.6580	54.6579	23.6579	 4.26	 0.77	211.85	 0.88	 0.70	 1.00	11.77	 1.42	332.71	307.14	331.26	278.53	319.95	0	55.71
2001	2	24	16.772	2246.6987	54.6988	23.6988	 5.32	 1.90	211.73	 0.75	 0.67	 1.00	12.25	 1.32	332.60	309.36	332.18	282.67	323.43	0	56.53
2001	2	24	17.800	2246.7417	54.7417	23.7417	 4.03	 0.42	214.48	 0.62	 1.37	 0.99	12.30	 1.25	332.32	312.12	335.30	286.68	326.16	0	57.34
2001	2	24	18.814	2246.7839	54.7839	23.7839	 4.80	 1.26	211.52	 0.84	 1.95	 0.99	12.18	 0.96	332.08	312.28	341.34	280.15	327.38	0	56.03
2001	2	24	19.851	2246.8271	54.8271	23.8271	16.50	175812.16	210.40	 0.95	 0.95	 1.00	13.02	 0.94	331.91	310.15	343.11	277.11	327.89	0	55.42
2001	2	24	20.892	2246.8706	54.8705	23.8705	 5.92	 4.73	211.87	 1.02	 1.66	 1.00	13.03	 1.02	331.87	308.25	344.69	276.94	326.28	0	55.39
2001	2	24	23.101	2246.9626	54.9625	23.9625	 6.61	13.06	212.74	 1.42	 1.92	 1.00	13.77	 1.27	331.64	303.89	338.63	272.29	323.29	0	54.46
2001	2	25	0.226	2247.0095	55.0094	24.0094	 5.63	 2.13	213.35	 0.62	 0.73	 1.00	13.35	 1.39	331.63	302.14	333.82	271.45	321.25	0	54.29
2001	2	25	1.349	2247.0562	55.0562	24.0562	 4.26	 0.55	215.41	 0.65	 1.14	 0.99	14.07	 1.39	331.69	302.74	332.39	272.22	320.29	0	54.44
2001	2	25	2.502	2247.1042	55.1043	24.1043	 7.82	15.62	214.65	 0.51	 0.38	 1.00	13.75	 1.46	331.66	302.03	331.88	272.45	319.36	0	54.49
2001	2	25	18.758	2247.7815	55.7816	24.7816	 4.73	 0.96	211.57	 0.69	 0.47	 1.00	10.88	 1.45	332.63	303.53	330.61	272.70	318.72	0	54.54
2001	2	25	19.641	2247.8184	55.8184	24.8184	23.32	106085697.40	207.32	 0.62	 0.62	 1.00	10.85	 1.32	332.55	302.46	332.06	273.25	318.63	0	54.65
2001	2	25	20.523	2247.8552	55.8551	24.8551	19.93	7115373.89	213.65	 1.27	 4.46	 0.99	10.83	 1.48	332.60	302.79	330.48	275.35	319.69	0	55.07
2001	2	25	21.405	2247.8918	55.8919	24.8919	 4.72	 1.42	211.15	 1.02	 0.69	 1.00	10.83	 1.35	332.50	301.76	330.23	271.92	318.70	0	54.38
2001	2	25	22.286	2247.9287	55.9286	24.9286	 4.89	 1.77	216.59	 1.10	 1.47	 1.00	10.83	 1.52	332.47	300.80	329.85	271.49	318.65	0	54.30
2001	2	25	23.168	2247.9653	55.9653	24.9653	 4.93	 1.31	211.17	 0.77	 0.42	 1.00	10.83	 1.37	332.50	300.34	330.16	271.50	318.19	0	54.30
2001	2	26	0.051	2248.0022	56.0021	25.0021	 6.11	 3.87	211.87	 0.69	 1.87	 0.98	10.83	 1.45	332.47	299.80	328.35	271.13	317.38	0	54.23
2001	2	26	0.933	2248.0388	56.0389	25.0389	 4.62	 0.73	213.80	 0.58	 1.37	 0.98	10.83	 1.40	332.51	299.99	328.17	271.37	317.07	0	54.27
2001	2	26	1.815	2248.0757	56.0756	25.0756	 4.86	 0.81	210.60	 0.51	 0.05	 1.00	10.85	 1.47	332.50	300.48	327.90	271.37	316.96	0	54.27
2001	2	26	2.713	2248.1130	56.1131	25.1131	 5.15	 1.61	212.87	 0.76	 1.27	 1.00	10.87	 1.52	332.56	300.74	327.62	271.16	316.86	0	54.23
2001	2	26	3.596	2248.1499	56.1498	25.1498	17.17	261424.47	214.09	 0.74	 0.97	 1.00	10.83	 1.59	332.45	300.60	328.15	270.82	316.60	0	54.16
2001	2	26	4.478	2248.1865	56.1866	25.1866	 6.55	 6.50	207.85	 0.73	 0.69	 1.00	10.83	 1.44	332.42	300.50	328.77	271.14	316.47	0	54.23
2001	2	26	5.360	2248.2234	56.2233	25.2233	 5.14	 1.36	209.47	 0.64	 1.23	 0.99	10.85	 1.45	332.48	300.43	327.07	271.19	316.31	0	54.24
2001	2	26	6.241	2248.2600	56.2601	25.2601	 5.26	 2.22	211.36	 0.92	 0.85	 1.00	10.83	 1.48	332.49	300.70	327.27	271.20	316.42	0	54.24
2001	2	26	7.124	2248.2969	56.2968	25.2968	 4.48	 0.57	211.62	 0.53	 0.48	 1.00	10.85	 1.39	332.48	300.48	327.95	271.10	316.40	0	54.22
2001	2	26	8.005	2248.3335	56.3336	25.3336	17.01	177070.20	209.79	 0.57	 1.54	 0.98	10.85	 1.37	332.44	300.53	327.80	271.26	315.99	0	54.25
2001	2	26	8.887	2248.3704	56.3703	25.3703	 4.82	 1.09	209.73	 0.70	 1.17	 0.99	10.82	 1.38	332.41	299.59	327.75	270.16	315.49	0	54.03
2001	2	26	9.770	2248.4070	56.4071	25.4071	 4.74	 1.19	212.92	 0.85	 1.12	 1.00	10.83	 1.46	332.37	299.22	327.83	270.20	315.54	0	54.04
2001	2	26	10.668	2248.4446	56.4445	25.4445	 6.04	 2.62	211.14	 0.50	 1.38	 0.97	10.83	 1.53	332.49	299.09	326.07	 0.00	315.30	0	54.00
2001	2	26	11.550	2248.4812	56.4813	25.4813	34.46	 1.00	205.41	 0.00	 3.23	 0.00	10.85	 1.43	332.36	299.35	327.44	270.96	314.69	0	54.19
2001	2	26	13.313	2248.5547	56.5547	25.5547	16.02	179524.46	211.16	 1.58	 1.99	 1.00	10.82	 1.65	332.79	302.45	325.48	 0.00	315.16	0	54.00
2001	2	26	15.086	2248.6287	56.6286	25.6286	 3.96	 0.90	208.02	 1.39	 1.80	 1.00	10.83	 1.44	333.09	306.97	330.84	281.18	319.34	0	56.24
2001	2	26	15.970	2248.6655	56.6654	25.6654	 3.08	 0.34	205.13	 1.27	 8.92	 0.96	10.85	 1.19	332.64	309.49	333.66	281.95	320.80	0	56.39
2001	2	26	16.854	2248.7021	56.7022	25.7022	23.99	379830730.40	210.90	 1.16	 0.87	 1.00	10.85	 1.27	332.66	310.92	333.49	284.28	325.86	0	56.86
2001	2	26	17.738	2248.7390	56.7391	25.7391	 4.58	 1.21	216.23	 1.03	 0.72	 1.00	10.85	 1.32	332.48	308.40	335.95	277.19	324.01	0	55.44
2001	2	26	18.638	2248.7766	56.7766	25.7766	 4.44	 0.74	226.69	 0.76	 3.17	 0.96	10.82	 1.51	332.47	306.46	336.97	 0.00	323.78	0	54.00
2001	2	26	21.287	2248.8870	56.8869	25.8869	 4.40	 2.01	216.49	 2.04	 8.44	 1.00	10.85	 1.49	332.30	302.59	333.91	272.94	320.87	0	54.59
2001	2	26	23.051	2248.9604	56.9605	25.9605	 3.96	 0.65	222.33	 1.07	 4.49	 0.98	10.83	 1.61	332.27	300.96	333.21	271.67	319.07	0	54.33
2001	2	27	0.815	2249.0339	57.0340	26.0340	 4.08	 0.34	223.57	 0.50	 0.44	 1.00	10.80	 1.66	332.29	300.49	331.49	271.41	318.11	0	54.28
2001	2	27	2.593	2249.1082	57.1081	26.1081	 5.02	 1.29	213.07	 0.70	 1.02	 1.00	10.87	 1.52	332.32	300.89	328.20	271.26	317.45	0	54.25
2001	2	27	3.476	2249.1448	57.1448	26.1448	 4.59	 0.71	210.78	 0.58	 0.79	 0.99	10.83	 1.43	332.32	301.14	328.29	 0.00	317.40	0	54.00
2001	2	27	4.359	2249.1816	57.1816	26.1816	 5.27	 1.31	211.47	 0.54	 0.31	 1.00	10.82	 1.43	332.25	301.17	328.05	271.26	317.35	0	54.25
2001	2	27	5.239	2249.2183	57.2183	26.2183	20.89	10125387.37	211.30	 0.69	 0.65	 1.00	10.85	 1.48	332.25	300.83	328.88	271.31	317.31	0	54.26
2001	2	27	6.121	2249.2551	57.2551	26.2551	 6.25	 3.71	213.16	 0.58	 0.28	 1.00	10.83	 1.54	332.24	300.57	327.56	271.03	317.03	0	54.21
2001	2	27	7.003	2249.2917	57.2918	26.2918	14.28	12645.01	209.29	 0.63	 2.48	 0.96	10.85	 1.43	332.21	300.25	326.95	271.26	316.50	0	54.25
2001	2	27	7.884	2249.3286	57.3285	26.3285	 5.48	 2.76	211.29	 0.92	 0.20	 1.00	10.82	 1.40	332.15	299.86	328.23	270.95	316.85	0	54.19
2001	2	27	8.766	2249.3652	57.3652	26.3652	24.79	488632435.36	210.16	 0.67	 2.53	 0.97	10.83	 1.48	332.24	300.12	327.54	271.28	316.01	0	54.26
2001	2	27	9.648	2249.4021	57.4020	26.4020	15.50	30170.25	213.37	 0.45	 0.81	 0.98	10.82	 1.55	332.24	300.46	325.96	271.45	315.64	0	54.29
2001	2	27	10.546	2249.4395	57.4394	26.4394	16.45	113155.85	213.35	 0.66	 0.75	 1.00	10.87	 1.49	332.25	300.32	326.81	271.29	316.00	0	54.26
2001	2	27	11.429	2249.4761	57.4762	26.4762	35.92	 0.97	212.51	 0.00	 2.73	 0.00	10.83	 1.43	332.24	300.00	327.39	271.73	315.35	0	54.35
2001	2	27	12.311	2249.5129	57.5130	26.5130	 5.37	 3.37	208.02	 1.24	 2.61	 1.00	10.85	 1.38	332.17	300.49	327.98	272.83	315.75	0	54.57
2001	2	27	13.193	2249.5498	57.5497	26.5497	 8.13	34.95	213.46	 0.83	 1.32	 1.00	10.82	 1.45	332.42	300.77	327.17	273.02	315.77	0	54.60
2001	2	27	14.075	2249.5864	57.5865	26.5865	 6.35	 8.49	210.84	 1.18	 2.15	 1.00	10.83	 1.48	332.37	301.14	326.70	272.42	315.08	0	54.48
2001	2	27	14.958	2249.6233	57.6232	26.6232	 7.98	37.20	209.50	 1.01	 5.30	 0.97	10.83	 1.41	332.59	301.21	327.29	 0.00	315.26	0	54.00
2001	2	27	15.839	2249.6599	57.6599	26.6599	 4.55	 3.32	205.54	 2.75	 7.48	 1.00	10.83	 1.18	333.01	305.25	331.96	 0.00	317.83	0	54.00
2001	2	27	16.723	2249.6968	57.6968	26.6968	 4.16	 1.14	212.05	 1.45	 5.38	 0.99	10.85	 1.40	333.11	308.46	330.64	281.33	320.27	0	56.27
2001	2	27	17.606	2249.7336	57.7336	26.7336	16.84	343162.45	207.25	 1.31	 3.30	 1.00	10.85	 1.26	332.59	308.69	334.62	277.05	322.18	0	55.41
2001	2	27	19.388	2249.8079	57.8078	26.8078	14.66	24738.87	214.98	 0.86	 0.42	 1.00	10.85	 1.39	332.57	304.91	333.19	273.79	321.37	0	54.76
2001	2	27	20.270	2249.8445	57.8446	26.8446	 5.01	 2.23	209.62	 1.19	 2.84	 1.00	10.83	 1.27	332.53	302.82	335.08	272.20	320.42	0	54.44
2001	2	27	21.153	2249.8813	57.8814	26.8814	 5.33	 1.94	208.82	 0.74	 2.87	 0.97	10.83	 1.28	332.51	301.79	332.82	272.09	319.06	0	54.42
2001	2	27	22.034	2249.9180	57.9181	26.9181	 3.88	 0.48	208.90	 0.81	 0.83	 1.00	10.83	 1.38	332.49	301.07	330.24	271.70	318.77	0	54.34
2001	2	27	22.915	2249.9548	57.9548	26.9548	 4.19	 0.59	212.15	 0.73	 0.25	 1.00	10.85	 1.27	332.46	300.44	330.16	271.44	318.07	0	54.29
2001	2	27	23.797	2249.9915	57.9916	26.9916	18.92	1480114.60	207.26	 0.71	 2.22	 0.98	10.85	 1.25	332.42	299.91	330.75	271.43	317.44	0	54.29
2001	2	28	0.679	2250.0283	58.0283	27.0283	22.34	56063699.83	209.24	 0.88	18.70	 0.55	10.82	 1.39	332.35	299.07	330.37	271.13	316.48	0	54.23
2001	2	28	1.560	2250.0649	58.0650	27.0650	31.70	580205808043.23	205.31	 0.77	 2.61	 0.98	10.85	 1.25	332.35	298.48	327.90	271.26	315.73	0	54.25
2001	2	28	2.458	2250.1025	58.1024	27.1024	18.99	2264793.04	204.24	 0.99	 8.79	 0.92	10.87	 1.22	332.44	298.32	327.71	270.94	315.21	0	54.19
2001	2	28	3.341	2250.1392	58.1392	27.1392	 4.13	 0.64	211.85	 0.84	 2.36	 0.99	10.85	 1.50	332.40	298.52	325.78	270.69	314.94	0	54.14
2001	2	28	4.223	2250.1760	58.1760	27.1760	27.16	4175252715.30	210.56	 0.53	 1.16	 0.98	10.83	 1.41	332.43	298.90	325.27	270.58	314.95	0	54.12
2001	2	28	5.106	2250.2126	58.2128	27.2128	 4.95	 1.34	208.53	 0.76	 1.08	 1.00	10.83	 1.34	332.36	298.48	327.17	269.65	314.78	0	53.93
2001	2	28	5.989	2250.2495	58.2496	27.2496	83.23	 1.00	209.78	 0.00	 6.12	 0.00	10.85	 1.41	332.37	298.42	325.75	270.26	314.75	0	54.05
2001	2	28	6.872	2250.2864	58.2863	27.2863	 6.69	10.70	206.48	 1.04	 0.48	 1.00	10.85	 1.26	332.33	297.87	326.74	269.56	313.84	0	53.91
2001	2	28	7.755	2250.3230	58.3231	27.3231	 4.58	 0.90	212.22	 0.76	 0.71	 1.00	10.82	 1.43	332.32	297.17	325.65	267.87	313.71	0	53.57
2001	2	28	8.636	2250.3599	58.3598	27.3598	 3.32	 0.34	211.60	 1.03	 1.47	 1.00	10.83	 1.39	332.31	296.84	324.71	268.32	313.15	0	53.66
2001	2	28	9.518	2250.3965	58.3966	27.3966	40.94	 0.99	207.75	 0.00	 3.50	 0.00	10.83	 1.61	332.30	296.43	323.74	268.04	312.73	0	53.61
2001	2	28	11.298	2250.4707	58.4708	27.4708	25.20	765990694.99	207.04	 0.68	11.93	 0.51	10.85	 1.53	332.49	297.52	322.06	271.35	312.81	0	54.27
2001	2	28	12.180	2250.5076	58.5075	27.5075	40.07	 0.99	204.78	 0.00	 3.85	 0.00	10.83	 1.31	332.44	299.45	324.45	271.91	313.93	0	54.38
2001	2	28	13.062	2250.5442	58.5442	27.5442	48.39	 1.00	205.57	 0.00	 1.39	 0.00	10.83	 1.38	332.71	302.54	327.36	277.45	315.84	0	55.49
2001	2	28	13.944	2250.5811	58.5810	27.5810	 4.22	 0.79	208.69	 0.92	 4.38	 0.97	10.83	 1.54	332.81	305.55	328.22	279.03	318.51	0	55.81
2001	2	28	15.706	2250.6545	58.6544	27.6544	47.03	 1.00	206.34	 0.00	 1.76	 0.00	10.82	 1.33	332.97	308.28	334.55	280.54	321.33	0	56.11
2001	2	28	16.591	2250.6914	58.6913	27.6913	17.84	428698.29	209.16	 0.60	 1.14	 0.99	10.85	 1.23	333.13	310.97	336.80	281.52	323.45	0	56.30
2001	2	28	17.474	2250.7280	58.7281	27.7281	 4.67	 0.94	211.20	 0.71	 1.19	 1.00	10.83	 1.11	333.02	312.49	337.91	286.54	326.72	0	57.31
2001	2	28	18.372	2250.7656	58.7655	27.7655	 4.49	 0.66	211.64	 0.60	 0.35	 1.00	10.88	 0.94	332.02	312.89	342.41	285.48	327.56	0	57.10
2001	2	28	19.255	2250.8022	58.8023	27.8023	 5.16	 2.59	211.59	 1.19	 3.34	 1.00	10.85	 0.94	332.06	310.85	344.83	273.83	327.57	0	54.77
2001	2	28	20.146	2250.8394	58.8394	27.8394	 4.43	 0.81	210.28	 0.78	 0.74	 1.00	11.08	 1.06	332.03	307.26	342.76	272.43	325.28	0	54.49
2001	2	28	21.046	2250.8770	58.8769	27.8769	45.08	 1.00	207.60	 0.00	 1.24	 0.00	11.08	 1.15	331.98	305.19	339.46	271.97	323.58	0	54.39
2001	2	28	21.947	2250.9146	58.9144	27.9144	 4.38	 1.29	210.00	 1.31	 1.00	 1.00	11.08	 1.31	331.96	303.58	336.18	271.86	322.08	0	54.37
2001	2	28	22.847	2250.9519	58.9520	27.9520	 6.51	 3.96	209.15	 0.47	 0.41	 1.00	11.07	 1.30	331.94	302.65	334.79	271.43	320.76	0	54.29
2001	2	28	23.748	2250.9895	58.9895	27.9895	 4.93	 0.87	208.89	 0.50	 0.68	 0.99	11.07	 1.39	331.89	302.10	332.72	271.75	319.84	0	54.35
