2012	6	1	0.085	6361.0034	152.0035	0.0035	 1.61	 0.11	211.81	 2.40	 2.03	 1.00	10.35	 1.57	334.77	284.31	286.73	268.69	284.32	0	53.74
2012	6	1	0.296	6361.0122	152.0123	0.0123	 1.64	 0.07	213.53	 1.55	 2.24	 1.00	10.30	 1.57	334.75	283.88	287.45	268.14	283.95	0	53.63
2012	6	1	0.508	6361.0210	152.0212	0.0212	 1.74	 0.10	214.95	 1.90	 7.49	 0.99	10.33	 1.59	334.76	283.45	287.40	267.14	283.56	0	53.43
2012	6	1	0.719	6361.0298	152.0300	0.0300	 1.64	 0.08	212.77	 1.69	 1.60	 1.00	10.33	 1.51	334.75	283.05	284.93	266.14	283.08	0	53.23
2012	6	1	0.931	6361.0386	152.0388	0.0388	 1.68	 0.07	211.68	 1.34	 1.38	 1.00	10.35	 1.46	334.74	282.67	284.41	265.62	282.60	0	53.12
2012	6	1	1.149	6361.0479	152.0479	0.0479	 1.83	 0.10	214.71	 1.63	 1.60	 1.00	10.35	 1.57	334.75	282.42	285.67	265.94	282.29	0	53.19
2012	6	1	1.361	6361.0566	152.0567	0.0567	 1.75	 0.06	213.57	 1.13	 0.89	 1.00	10.32	 1.55	334.72	282.18	283.85	266.06	282.21	0	53.21
2012	6	1	1.573	6361.0654	152.0655	0.0655	 1.80	 0.06	217.03	 0.98	 2.67	 0.98	10.32	 1.58	334.73	281.96	286.39	266.11	282.30	0	53.22
2012	6	1	1.784	6361.0742	152.0744	0.0744	 1.74	 0.11	213.43	 1.96	 0.58	 1.00	10.33	 1.48	334.72	281.79	284.55	 0.00	281.80	0	54.00
2012	6	1	1.996	6361.0830	152.0832	0.0832	 1.84	 0.09	211.91	 1.53	 1.12	 1.00	10.33	 1.54	334.73	281.62	282.00	265.94	281.67	0	53.19
2012	6	1	2.214	6361.0923	152.0923	0.0923	 1.86	 0.08	213.07	 1.25	 2.86	 0.99	10.35	 1.49	334.73	281.47	282.51	266.17	281.42	0	53.23
2012	6	1	2.426	6361.1011	152.1011	0.1011	 1.90	 0.10	213.47	 1.44	 1.42	 1.00	10.33	 1.51	334.71	281.35	282.80	266.24	281.38	0	53.25
2012	6	1	2.638	6361.1099	152.1099	0.1099	 1.90	 0.07	215.77	 1.13	 1.91	 1.00	10.33	 1.54	334.73	281.18	283.73	265.75	281.23	0	53.15
2012	6	1	2.849	6361.1187	152.1187	0.1187	 2.09	 0.08	214.42	 0.96	 0.82	 1.00	10.33	 1.58	334.72	281.01	283.42	265.37	281.01	0	53.07
2012	6	1	3.061	6361.1274	152.1276	0.1276	 1.98	 0.08	214.18	 1.03	 2.27	 0.99	10.35	 1.54	334.72	280.80	282.65	265.26	280.79	0	53.05
2012	6	1	3.279	6361.1367	152.1366	0.1366	 1.98	 0.11	214.07	 1.51	 2.52	 1.00	10.33	 1.55	334.71	280.62	282.80	265.49	280.55	0	53.10
2012	6	1	3.491	6361.1455	152.1455	0.1455	 1.82	 0.06	213.76	 1.01	 1.38	 1.00	10.33	 1.50	334.71	280.49	281.75	265.44	280.42	0	53.09
2012	6	1	3.703	6361.1543	152.1543	0.1543	 1.96	 0.09	214.06	 1.21	 0.10	 1.00	10.33	 1.56	334.74	280.41	282.24	265.24	280.30	0	53.05
2012	6	1	3.914	6361.1631	152.1631	0.1631	 2.05	 0.10	212.97	 1.20	 1.81	 1.00	10.33	 1.47	334.71	280.37	281.65	265.49	280.26	0	53.10
2012	6	1	4.127	6361.1719	152.1720	0.1719	 2.03	 0.07	217.34	 0.93	 9.49	 0.75	10.33	 1.59	334.70	280.31	284.07	265.31	280.22	0	53.06
2012	6	1	4.345	6361.1812	152.1810	0.1810	 1.98	 0.08	214.67	 1.14	 2.46	 0.99	10.37	 1.50	334.72	280.21	282.44	265.16	280.09	0	53.03
2012	6	1	4.556	6361.1899	152.1898	0.1898	 2.01	 0.07	213.17	 0.97	 2.42	 0.99	10.32	 1.53	334.71	280.08	281.87	265.04	279.96	0	53.01
2012	6	1	4.768	6361.1987	152.1987	0.1987	 1.82	 0.08	213.28	 1.28	 3.35	 0.99	10.32	 1.45	334.70	279.95	280.47	265.05	279.84	0	53.01
2012	6	1	4.979	6361.2075	152.2075	0.2075	 2.03	 0.08	212.91	 1.07	 1.84	 1.00	10.35	 1.54	334.71	279.82	281.72	265.20	279.65	0	53.04
2012	6	1	5.191	6361.2163	152.2163	0.2163	 1.96	 0.09	214.34	 1.23	 5.86	 0.97	10.32	 1.55	334.71	279.68	282.32	264.51	279.52	0	52.90
2012	6	1	5.409	6361.2256	152.2254	0.2254	 1.91	 0.09	211.65	 1.32	 1.18	 1.00	10.37	 1.47	334.70	279.58	279.90	264.87	279.38	0	52.97
2012	6	1	5.621	6361.2344	152.2342	0.2342	 1.95	 0.09	214.38	 1.25	 1.92	 1.00	10.32	 1.53	334.72	279.48	281.12	264.96	279.29	0	52.99
2012	6	1	5.833	6361.2432	152.2430	0.2430	 1.88	 0.08	215.02	 1.24	 1.41	 1.00	10.35	 1.49	334.70	279.41	281.88	264.23	279.20	0	52.85
2012	6	1	6.045	6361.2520	152.2519	0.2519	 1.79	 0.07	214.75	 1.23	 0.90	 1.00	10.33	 1.48	334.72	279.34	279.60	263.73	279.11	0	52.75
2012	6	1	6.256	6361.2607	152.2607	0.2607	 1.93	 0.08	213.56	 1.15	 1.05	 1.00	10.32	 1.54	334.70	279.27	280.51	263.70	279.01	0	52.74
2012	6	1	6.474	6361.2695	152.2698	0.2698	 1.82	 0.08	213.95	 1.28	 2.77	 0.99	10.37	 1.50	334.70	279.19	280.51	264.19	278.91	0	52.84
2012	6	1	6.686	6361.2788	152.2786	0.2786	 1.88	 0.09	212.99	 1.40	 0.54	 1.00	10.33	 1.49	334.69	279.14	280.47	265.99	278.88	0	53.20
2012	6	1	6.898	6361.2876	152.2874	0.2874	 1.86	 0.07	214.02	 1.09	 2.75	 0.99	10.33	 1.54	334.68	279.15	280.96	267.37	278.90	0	53.47
2012	6	1	7.110	6361.2964	152.2962	0.2963	 1.83	 0.06	212.98	 1.03	 2.92	 0.98	10.33	 1.53	334.69	279.15	280.42	266.77	278.95	0	53.35
2012	6	1	7.321	6361.3052	152.3051	0.3051	 1.85	 0.09	212.86	 1.38	 1.37	 1.00	10.32	 1.48	334.69	279.13	280.38	266.91	278.93	0	53.38
2012	6	1	7.539	6361.3140	152.3141	0.3141	 1.80	 0.08	212.37	 1.34	 4.17	 0.99	10.35	 1.52	334.68	279.14	279.94	267.86	279.28	0	53.57
2012	6	1	7.751	6361.3228	152.3230	0.3230	 1.83	 0.07	212.51	 1.18	 1.72	 1.00	10.33	 1.51	334.68	279.17	281.18	267.80	279.00	0	53.56
2012	6	1	7.963	6361.3315	152.3318	0.3318	 1.83	 0.09	212.43	 1.51	 2.10	 1.00	10.33	 1.52	334.68	279.21	280.15	267.75	279.07	0	53.55
2012	6	1	8.174	6361.3408	152.3406	0.3406	 1.87	 0.08	212.74	 1.25	 2.51	 0.99	10.33	 1.56	334.69	279.24	281.25	267.60	279.13	0	53.52
2012	6	1	8.386	6361.3496	152.3494	0.3494	 1.72	 0.08	212.20	 1.43	 2.59	 1.00	10.32	 1.47	334.68	279.24	280.52	267.16	279.15	0	53.43
2012	6	1	9.668	6361.4028	152.4028	0.4028	 1.60	 0.04	211.15	 0.94	 1.82	 0.99	10.35	 1.44	334.73	278.92	277.65	266.77	279.41	0	53.35
2012	6	1	9.879	6361.4116	152.4116	0.4116	 1.77	 0.07	210.82	 1.15	 2.18	 0.99	10.33	 1.45	334.69	278.93	279.72	266.69	279.08	0	53.34
2012	6	1	10.091	6361.4204	152.4205	0.4205	 1.69	 0.07	213.18	 1.31	 1.72	 1.00	10.33	 1.48	334.69	278.94	279.70	266.36	279.06	0	53.27
2012	6	1	10.303	6361.4292	152.4293	0.4293	 1.92	 0.07	214.20	 1.05	 0.77	 1.00	10.33	 1.55	334.68	278.93	280.63	266.20	279.00	0	53.24
2012	6	1	10.514	6361.4380	152.4381	0.4381	 1.83	 0.08	214.31	 1.34	 2.21	 1.00	10.33	 1.50	334.67	278.94	280.77	266.86	279.31	0	53.37
2012	6	1	10.733	6361.4473	152.4472	0.4472	 1.96	 0.11	211.31	 1.47	 1.42	 1.00	10.37	 1.45	334.68	279.02	279.42	268.20	278.97	0	53.64
2012	6	1	10.944	6361.4561	152.4560	0.4560	 1.95	 0.11	210.81	 1.49	 1.22	 1.00	10.33	 1.50	334.67	279.14	278.97	268.86	279.14	0	53.77
2012	6	1	11.156	6361.4648	152.4648	0.4648	 1.91	 0.09	212.85	 1.41	 1.32	 1.00	10.33	 1.51	334.69	279.25	279.94	268.69	279.26	0	53.74
2012	6	1	11.368	6361.4736	152.4737	0.4737	 2.11	 0.10	214.07	 1.13	 0.57	 1.00	10.32	 1.55	334.69	279.37	282.66	268.48	279.38	0	53.70
2012	6	1	11.579	6361.4824	152.4825	0.4825	 2.06	 0.07	213.62	 0.92	 0.51	 1.00	10.33	 1.54	334.69	279.49	281.76	268.51	279.49	0	53.70
2012	6	1	11.797	6361.4917	152.4916	0.4916	 2.00	 0.11	217.01	 1.44	 1.45	 1.00	10.37	 1.54	334.67	279.63	283.39	269.03	279.58	0	53.81
2012	6	1	12.009	6361.5005	152.5004	0.5004	 1.93	 0.08	214.32	 1.17	 1.28	 1.00	10.33	 1.54	334.68	279.85	280.76	269.39	279.78	0	53.88
2012	6	1	12.221	6361.5093	152.5092	0.5092	 1.82	 0.07	212.55	 1.14	 1.24	 1.00	10.32	 1.45	334.68	280.49	278.02	269.97	280.07	0	53.99
2012	6	1	12.433	6361.5181	152.5180	0.5180	 1.89	 0.06	213.99	 0.92	 1.35	 1.00	10.32	 1.54	334.72	281.47	280.15	270.93	280.82	0	54.19
2012	6	1	12.644	6361.5269	152.5269	0.5269	 1.89	 0.09	212.41	 1.43	 2.35	 1.00	10.33	 1.51	334.75	282.47	279.83	271.64	281.41	0	54.33
2012	6	1	12.863	6361.5361	152.5359	0.5359	 1.80	 0.05	213.60	 0.93	 1.18	 1.00	10.37	 1.52	334.79	283.57	280.16	272.56	282.54	0	54.51
2012	6	1	13.074	6361.5449	152.5448	0.5448	 1.97	 0.08	212.27	 1.07	 1.22	 1.00	10.33	 1.53	334.78	284.70	280.67	273.78	283.38	0	54.76
2012	6	1	13.286	6361.5537	152.5536	0.5536	 1.88	 0.09	211.54	 1.44	 1.26	 1.00	10.33	 1.49	334.77	285.84	280.61	274.99	284.47	0	55.00
2012	6	1	13.498	6361.5625	152.5624	0.5624	 2.01	 0.08	215.68	 1.00	 1.93	 0.99	10.33	 1.66	334.80	287.01	284.81	275.86	285.54	0	55.17
2012	6	1	13.710	6361.5713	152.5712	0.5712	 1.73	 0.10	211.16	 1.85	 1.46	 1.00	10.37	 1.46	334.83	288.19	281.43	276.56	286.59	0	55.31
2012	6	1	13.928	6361.5806	152.5803	0.5803	 1.85	 0.08	213.29	 1.35	 5.37	 0.98	10.35	 1.59	334.85	289.38	283.76	277.17	287.59	0	55.43
2012	6	1	14.139	6361.5894	152.5891	0.5891	 1.64	 0.07	210.00	 1.43	 1.18	 1.00	10.33	 1.46	334.93	290.49	283.00	277.58	288.62	0	55.52
2012	6	1	14.351	6361.5981	152.5980	0.5980	 1.93	 0.09	213.82	 1.33	 1.11	 1.00	10.33	 1.67	334.96	291.55	287.59	277.88	289.55	0	55.58
2012	6	1	14.563	6361.6069	152.6068	0.6068	 1.94	 0.17	208.09	 2.38	12.64	 0.99	10.33	 1.45	334.95	292.58	284.41	278.16	290.45	0	55.63
2012	6	1	14.774	6361.6157	152.6156	0.6156	 1.74	 0.08	211.38	 1.56	 1.42	 1.00	10.33	 1.50	335.00	293.56	287.41	278.66	291.30	0	55.73
2012	6	1	14.993	6361.6245	152.6247	0.6247	 1.92	 0.11	211.15	 1.64	 2.67	 1.00	10.35	 1.56	335.04	294.59	288.63	280.07	292.12	0	56.01
2012	6	1	15.204	6361.6333	152.6335	0.6335	 1.86	 0.13	209.65	 2.05	 2.66	 1.00	10.35	 1.50	335.01	295.57	288.33	280.13	293.06	0	56.03
2012	6	1	15.416	6361.6426	152.6423	0.6423	 1.87	 0.11	209.82	 1.61	 2.35	 1.00	10.33	 1.57	335.04	296.44	290.13	280.81	293.89	0	56.16
2012	6	1	15.628	6361.6514	152.6512	0.6512	 1.91	 0.14	213.79	 2.04	 6.94	 0.99	10.33	 1.61	335.05	297.29	293.61	281.95	294.54	0	56.39
2012	6	1	15.839	6361.6602	152.6600	0.6600	 1.83	 0.15	210.43	 2.38	 6.42	 1.00	10.33	 1.52	335.08	298.09	291.49	283.12	295.31	0	56.62
2012	6	1	16.058	6361.6689	152.6691	0.6691	 1.93	 0.18	212.58	 2.64	 4.72	 1.00	10.38	 1.58	335.08	298.88	293.70	284.22	295.98	0	56.84
2012	6	1	16.270	6361.6777	152.6779	0.6779	 1.95	 0.15	216.34	 2.12	 4.47	 1.00	10.33	 1.62	335.11	299.47	297.16	284.92	296.58	0	56.98
2012	6	1	16.482	6361.6865	152.6867	0.6867	 1.85	 0.15	204.66	 2.30	 7.60	 1.00	10.33	 1.37	335.11	299.99	291.81	285.43	297.05	0	57.09
2012	6	1	16.693	6361.6953	152.6955	0.6955	 2.18	 0.17	212.43	 1.85	 2.89	 1.00	10.32	 1.72	335.12	300.48	295.96	287.28	297.49	0	57.46
2012	6	1	16.904	6361.7046	152.7043	0.7044	 2.15	 0.22	216.85	 2.43	 3.11	 1.00	10.33	 1.82	335.14	300.87	300.53	287.27	297.87	0	57.45
2012	6	1	17.122	6361.7134	152.7134	0.7134	 1.62	 0.12	209.85	 2.45	 8.57	 0.99	10.37	 1.41	335.11	301.17	298.27	287.17	298.08	0	57.43
2012	6	1	17.334	6361.7222	152.7223	0.7223	 1.91	 0.15	215.33	 2.32	 5.02	 1.00	10.33	 1.66	335.14	301.41	298.94	288.02	298.34	0	57.60
2012	6	1	17.546	6361.7310	152.7311	0.7311	 1.84	 0.23	211.43	 3.79	 7.14	 1.00	10.33	 1.56	335.12	301.60	297.76	288.02	298.51	0	57.60
2012	6	1	19.253	6361.8022	152.8022	0.8022	 2.75	 1.14	203.15	 6.10	15.90	 1.00	10.35	 1.49	335.09	300.82	297.86	284.35	298.03	0	56.87
# Unit 0, Chajnantor Apex, Filter  0,  Slot 0, 350 um (563) & yellow
#				days
#				since		day of	day of
# yr	mo	dy	 time	1/1/1995	year	month	Tau	unc	Tatm	unc	mse	fitgood	Etime	R	Thot	Twarm	Tchop	Tamb	<Tint>	Filter	Toff
# 1	2	3	4	5		6	7	8	9	10	11	12	13	14	15	16	17	18	19	20	21	22
2012	6	1	19.478	6361.8115	152.8116	0.8116	 2.14	 0.47	188.95	 4.72	33.45	 1.00	10.38	 1.19	335.07	300.44	293.27	283.95	298.74	0	56.79
2012	6	1	19.691	6361.8203	152.8204	0.8204	 2.29	 0.41	215.73	 3.92	79.11	 0.95	10.33	 1.69	335.05	300.03	301.38	283.76	297.39	0	56.75
2012	6	1	22.456	6361.9355	152.9357	0.9357	 2.00	 0.56	223.53	 7.80	35.74	 1.00	10.33	 1.69	334.87	290.02	302.75	267.73	289.79	0	53.55
2012	6	1	22.886	6361.9536	152.9536	0.9536	 2.53	 1.20	222.70	 8.96	54.04	 1.00	10.33	 1.80	334.83	288.06	297.75	267.87	287.85	0	53.57
2012	6	1	23.098	6361.9624	152.9624	0.9624	 1.89	 0.12	214.48	 1.83	 1.83	 1.00	10.33	 1.59	334.82	287.25	292.79	268.72	287.10	0	53.74
2012	6	1	23.309	6361.9712	152.9712	0.9712	 1.89	 0.18	212.27	 2.70	 6.41	 1.00	10.32	 1.66	334.83	286.52	288.10	268.60	286.41	0	53.72
2012	6	2	0.803	6362.0337	153.0335	1.0335	 2.17	 0.13	213.69	 1.41	 0.88	 1.00	10.37	 1.58	334.79	283.17	286.62	270.08	283.33	0	54.02
2012	6	2	1.015	6362.0425	153.0423	1.0423	 2.17	 0.12	213.20	 1.28	 1.14	 1.00	10.33	 1.55	334.80	282.99	285.67	270.09	283.23	0	54.02
2012	6	2	1.227	6362.0513	153.0511	1.0511	 2.07	 0.08	213.11	 1.02	 2.52	 0.99	10.33	 1.53	334.77	282.80	286.19	269.16	283.08	0	53.83
2012	6	2	1.438	6362.0601	153.0599	1.0599	 1.99	 0.10	213.27	 1.36	 1.06	 1.00	10.33	 1.52	334.74	282.59	283.97	268.44	282.83	0	53.69
2012	6	2	1.650	6362.0688	153.0688	1.0688	 2.02	 0.08	214.31	 1.03	 0.67	 1.00	10.33	 1.54	334.77	282.36	285.13	268.46	282.57	0	53.69
2012	6	2	1.868	6362.0776	153.0778	1.0778	 1.93	 0.09	212.48	 1.30	 2.42	 1.00	10.37	 1.47	334.73	282.14	282.94	268.49	282.30	0	53.70
2012	6	2	2.080	6362.0864	153.0867	1.0867	 2.12	 0.10	215.59	 1.12	 1.10	 1.00	10.35	 1.59	334.75	281.97	285.63	268.74	282.13	0	53.75
2012	6	2	2.291	6362.0957	153.0955	1.0955	 2.09	 0.09	215.63	 1.07	 0.51	 1.00	10.30	 1.55	334.74	281.81	286.08	268.53	282.01	0	53.71
2012	6	2	2.503	6362.1045	153.1043	1.1043	 2.12	 0.12	214.45	 1.42	 1.80	 1.00	10.33	 1.54	334.72	281.64	284.35	268.32	281.84	0	53.66
2012	6	2	2.715	6362.1133	153.1131	1.1131	 2.17	 0.13	210.42	 1.41	 1.13	 1.00	10.33	 1.50	334.75	281.53	282.27	268.67	281.71	0	53.73
2012	6	2	2.933	6362.1221	153.1222	1.1222	 1.99	 0.08	213.28	 1.10	 0.08	 1.00	10.37	 1.58	334.75	281.41	282.62	269.17	281.60	0	53.83
2012	6	2	3.145	6362.1309	153.1310	1.1310	 1.95	 0.09	212.79	 1.27	 2.52	 1.00	10.33	 1.53	334.73	281.32	283.07	268.97	281.52	0	53.79
2012	6	2	3.357	6362.1396	153.1399	1.1399	 2.00	 0.08	214.52	 1.12	 2.50	 0.99	10.35	 1.56	334.73	281.24	284.04	269.05	281.44	0	53.81
2012	6	2	3.569	6362.1489	153.1487	1.1487	 1.98	 0.10	212.10	 1.40	 0.32	 1.00	10.32	 1.54	334.74	281.17	282.42	269.24	281.77	0	53.85
2012	6	2	3.780	6362.1577	153.1575	1.1575	 1.98	 0.09	214.56	 1.27	 1.17	 1.00	10.33	 1.55	334.73	281.08	284.51	268.96	281.27	0	53.79
2012	6	2	3.998	6362.1665	153.1666	1.1666	 1.99	 0.09	214.36	 1.26	 2.99	 0.99	10.37	 1.53	334.71	281.01	283.32	268.63	281.19	0	53.73
2012	6	2	4.210	6362.1753	153.1754	1.1754	 1.99	 0.07	215.20	 0.98	 1.86	 0.99	10.32	 1.60	334.72	280.94	283.44	268.53	281.13	0	53.71
2012	6	2	4.422	6362.1841	153.1842	1.1842	 2.06	 0.09	213.25	 1.07	 1.20	 1.00	10.33	 1.56	334.71	280.89	283.00	268.44	281.08	0	53.69
2012	6	2	4.633	6362.1929	153.1931	1.1931	 2.08	 0.11	213.71	 1.28	 1.00	 1.00	10.33	 1.59	334.72	280.80	282.64	267.79	281.43	0	53.56
2012	6	2	4.845	6362.2017	153.2019	1.2019	 2.05	 0.08	212.27	 1.05	 2.09	 0.99	10.33	 1.53	334.72	280.71	282.54	267.78	280.87	0	53.56
2012	6	2	5.063	6362.2109	153.2110	1.2109	 1.95	 0.08	213.20	 1.11	 1.83	 1.00	10.35	 1.55	334.72	280.60	282.96	267.70	280.76	0	53.54
2012	6	2	5.275	6362.2197	153.2198	1.2198	 2.02	 0.08	210.59	 1.08	 1.53	 1.00	10.35	 1.51	334.71	280.47	281.91	267.01	280.66	0	53.40
2012	6	2	5.486	6362.2285	153.2286	1.2286	 1.87	 0.10	213.33	 1.63	 2.70	 1.00	10.32	 1.51	334.72	280.36	282.79	266.66	280.51	0	53.33
2012	6	2	5.698	6362.2373	153.2374	1.2374	 1.96	 0.07	213.94	 1.02	 1.99	 0.99	10.33	 1.53	334.71	280.28	282.93	267.68	280.35	0	53.54
2012	6	2	5.910	6362.2461	153.2462	1.2463	 1.87	 0.11	210.29	 1.66	 4.09	 1.00	10.33	 1.46	334.68	280.26	281.20	268.20	280.31	0	53.64
2012	6	2	6.128	6362.2554	153.2553	1.2553	 1.91	 0.09	213.80	 1.34	 0.63	 1.00	10.35	 1.51	334.71	280.21	282.31	268.04	280.60	0	53.61
2012	6	2	6.339	6362.2642	153.2641	1.2641	 1.88	 0.08	210.02	 1.18	 2.00	 1.00	10.33	 1.44	334.72	280.20	280.11	268.28	281.04	0	53.66
2012	6	2	6.551	6362.2729	153.2730	1.2730	 2.00	 0.07	213.45	 0.99	 1.29	 1.00	10.33	 1.59	334.70	280.17	282.94	268.02	280.25	0	53.60
2012	6	2	6.763	6362.2817	153.2818	1.2818	 1.91	 0.07	212.35	 1.10	 3.57	 0.98	10.33	 1.50	334.71	280.09	281.57	266.89	280.20	0	53.38
2012	6	2	6.975	6362.2905	153.2906	1.2906	 1.97	 0.08	213.32	 1.14	 0.42	 1.00	10.35	 1.55	334.70	279.98	281.48	266.22	280.05	0	53.24
2012	6	2	7.193	6362.2998	153.2997	1.2997	 1.84	 0.09	210.20	 1.48	 0.63	 1.00	10.35	 1.47	334.70	279.86	280.93	265.78	279.88	0	53.16
2012	6	2	7.404	6362.3086	153.3085	1.3085	 1.75	 0.06	211.58	 1.08	 1.53	 1.00	10.33	 1.47	334.71	279.75	280.14	265.39	279.78	0	53.08
2012	6	2	7.616	6362.3174	153.3173	1.3173	 1.77	 0.09	211.66	 1.56	 1.04	 1.00	10.33	 1.47	334.71	279.64	280.20	265.81	279.63	0	53.16
2012	6	2	7.828	6362.3262	153.3262	1.3262	 1.87	 0.12	211.79	 1.80	 1.99	 1.00	10.32	 1.49	334.70	279.55	281.78	266.53	279.52	0	53.31
2012	6	2	8.039	6362.3350	153.3350	1.3350	 1.71	 0.05	212.82	 0.99	 0.69	 1.00	10.33	 1.46	334.69	279.48	281.45	265.54	279.48	0	53.11
2012	6	2	8.257	6362.3442	153.3441	1.3441	 1.67	 0.07	211.33	 1.46	 3.65	 0.99	10.35	 1.48	334.69	279.36	281.02	265.23	279.33	0	53.05
2012	6	2	8.469	6362.3530	153.3529	1.3529	 1.59	 0.06	211.62	 1.33	 1.70	 1.00	10.32	 1.45	334.70	279.23	280.72	264.79	279.20	0	52.96
2012	6	2	8.681	6362.3618	153.3617	1.3617	 1.52	 0.06	212.85	 1.62	 1.54	 1.00	10.33	 1.48	334.67	279.06	281.58	264.11	279.03	0	52.82
2012	6	2	8.893	6362.3706	153.3705	1.3705	 1.29	 0.05	204.82	 1.80	 5.16	 0.99	10.33	 1.41	334.66	278.84	279.91	263.23	278.77	0	52.65
2012	6	2	9.104	6362.3794	153.3793	1.3794	 1.15	 0.04	209.41	 1.63	 2.80	 0.99	10.33	 1.47	334.66	278.62	280.15	262.90	278.50	0	52.58
2012	6	2	9.323	6362.3887	153.3884	1.3884	 1.21	 0.05	213.33	 2.06	 1.85	 1.00	10.35	 1.50	334.64	278.40	280.89	262.83	278.23	0	52.57
2012	6	2	9.534	6362.3975	153.3973	1.3973	 1.22	 0.04	210.30	 1.65	 2.36	 1.00	10.33	 1.47	334.63	278.24	279.10	262.83	278.01	0	52.57
2012	6	2	9.746	6362.4062	153.4061	1.4061	 1.19	 0.05	212.31	 2.18	 1.98	 1.00	10.33	 1.51	334.65	278.15	281.16	263.10	278.72	0	52.62
2012	6	2	9.958	6362.4150	153.4149	1.4149	 1.18	 0.07	210.17	 3.08	 7.04	 1.00	10.33	 1.52	334.64	278.08	280.46	263.27	277.82	0	52.65
2012	6	2	10.169	6362.4238	153.4237	1.4237	 1.19	 0.04	213.06	 1.62	 0.80	 1.00	10.33	 1.51	334.63	277.99	281.08	263.10	277.76	0	52.62
2012	6	2	10.387	6362.4326	153.4328	1.4328	 1.12	 0.05	208.69	 2.10	 2.56	 1.00	10.35	 1.40	334.63	277.91	278.28	263.14	277.60	0	52.63
2012	6	2	10.599	6362.4414	153.4417	1.4416	 1.19	 0.04	209.71	 1.62	 1.58	 1.00	10.33	 1.48	334.65	277.95	279.65	264.13	277.63	0	52.83
2012	6	2	10.811	6362.4507	153.4505	1.4505	 1.23	 0.05	208.27	 1.78	 2.41	 1.00	10.32	 1.48	334.64	278.02	279.04	264.88	277.77	0	52.98
2012	6	2	11.023	6362.4595	153.4593	1.4593	 1.26	 0.03	207.15	 1.21	 1.28	 1.00	10.32	 1.49	334.63	278.09	279.20	265.07	277.88	0	53.01
2012	6	2	11.234	6362.4683	153.4681	1.4681	 1.12	 0.03	206.42	 1.43	 2.40	 0.99	10.33	 1.39	334.64	278.17	278.47	265.44	277.97	0	53.09
2012	6	2	11.452	6362.4771	153.4772	1.4772	 1.15	 0.05	212.09	 2.00	 3.75	 0.99	10.37	 1.55	334.65	278.29	281.53	265.79	278.09	0	53.16
2012	6	2	11.664	6362.4858	153.4860	1.4860	 1.09	 0.04	208.10	 2.08	 3.65	 0.99	10.33	 1.49	334.63	278.41	279.53	265.90	278.26	0	53.18
2012	6	2	11.876	6362.4946	153.4948	1.4948	 1.15	 0.04	206.68	 1.69	 2.08	 1.00	10.33	 1.52	334.64	278.54	281.00	265.97	278.41	0	53.19
2012	6	2	12.087	6362.5034	153.5036	1.5036	 1.06	 0.04	208.67	 2.01	 1.36	 1.00	10.35	 1.50	334.62	278.87	280.03	266.90	278.56	0	53.38
2012	6	2	12.299	6362.5127	153.5125	1.5125	 1.20	 0.05	207.95	 1.86	 7.62	 0.96	10.32	 1.65	334.62	279.69	281.05	268.55	279.09	0	53.71
2012	6	2	12.517	6362.5215	153.5215	1.5215	 1.08	 0.05	206.58	 2.25	 2.85	 1.00	10.37	 1.51	334.67	280.73	278.09	269.79	279.93	0	53.96
2012	6	2	12.729	6362.5303	153.5304	1.5304	 1.00	 0.04	207.24	 2.32	 1.12	 1.00	10.35	 1.43	334.68	281.75	277.45	270.76	280.79	0	54.15
2012	6	2	12.941	6362.5391	153.5392	1.5392	 1.20	 0.04	208.76	 1.46	 1.16	 1.00	10.32	 1.65	334.69	282.84	281.51	272.21	281.67	0	54.44
2012	6	2	13.153	6362.5479	153.5480	1.5480	 0.95	 0.05	208.39	 3.15	 3.97	 1.00	10.33	 1.44	334.73	283.92	279.52	273.26	282.62	0	54.65
2012	6	2	13.364	6362.5566	153.5569	1.5569	 1.01	 0.03	207.09	 1.88	 1.50	 1.00	10.33	 1.46	334.74	284.99	280.95	273.96	283.43	0	54.79
2012	6	2	13.583	6362.5659	153.5659	1.5659	 0.94	 0.03	210.98	 2.13	 1.81	 1.00	10.37	 1.51	334.76	286.11	279.32	274.78	284.40	0	54.96
2012	6	2	13.794	6362.5747	153.5748	1.5748	 0.94	 0.04	209.09	 2.48	 3.40	 1.00	10.33	 1.43	334.79	287.24	281.26	275.48	285.39	0	55.10
2012	6	2	14.006	6362.5835	153.5836	1.5836	 0.92	 0.04	209.47	 2.72	 3.19	 1.00	10.33	 1.45	334.85	288.33	280.06	276.17	286.35	0	55.23
2012	6	2	14.218	6362.5923	153.5924	1.5924	 1.02	 0.06	211.52	 3.49	 4.22	 1.00	10.33	 1.51	334.86	289.39	284.07	276.85	287.29	0	55.37
2012	6	2	14.429	6362.6011	153.6012	1.6012	 1.05	 0.06	215.13	 3.03	 2.41	 1.00	10.33	 1.61	334.88	290.41	288.52	277.37	288.16	0	55.47
2012	6	2	14.647	6362.6104	153.6103	1.6103	 0.90	 0.05	213.10	 3.60	 1.11	 1.00	10.37	 1.48	334.91	291.41	285.13	277.59	289.01	0	55.52
2012	6	2	14.859	6362.6191	153.6191	1.6191	 0.97	 0.04	215.81	 2.67	 7.60	 0.98	10.33	 1.54	334.93	292.33	287.57	278.47	289.86	0	55.69
2012	6	2	15.071	6362.6279	153.6279	1.6280	 1.08	 0.06	218.03	 2.94	11.11	 0.98	10.35	 1.66	334.94	293.26	291.31	279.24	290.65	0	55.85
2012	6	2	15.283	6362.6367	153.6368	1.6368	 0.97	 0.05	210.33	 2.76	 1.37	 1.00	10.32	 1.49	334.98	294.19	286.52	280.24	291.44	0	56.05
2012	6	2	15.494	6362.6455	153.6456	1.6456	 1.10	 0.04	214.28	 1.78	 5.49	 0.97	10.33	 1.63	335.05	295.13	290.12	281.82	292.28	0	56.36
2012	6	2	15.712	6362.6548	153.6547	1.6547	 1.18	 0.06	206.86	 2.63	 8.80	 0.99	10.37	 1.51	335.05	296.12	288.43	284.21	293.17	0	56.84
2012	6	2	15.924	6362.6636	153.6635	1.6635	 1.22	 0.06	211.10	 2.21	 2.29	 1.00	10.33	 1.64	335.05	297.04	291.07	286.24	294.07	0	57.25
2012	6	2	16.136	6362.6724	153.6723	1.6723	 1.25	 0.06	211.19	 2.35	 3.72	 1.00	10.32	 1.64	335.06	297.85	293.15	288.07	294.78	0	57.61
2012	6	2	16.348	6362.6812	153.6812	1.6812	 1.21	 0.04	210.10	 1.57	 6.70	 0.95	10.33	 1.64	335.05	298.66	293.42	290.37	295.57	0	58.07
2012	6	2	16.559	6362.6899	153.6900	1.6900	 1.04	 0.06	210.00	 3.17	 5.54	 1.00	10.32	 1.57	335.08	299.43	292.06	290.98	296.26	0	58.20
2012	6	2	16.777	6362.6992	153.6991	1.6991	 0.91	 0.06	221.56	 4.27	 6.42	 1.00	10.38	 1.51	335.10	300.06	296.84	289.39	297.00	0	57.88
2012	6	2	16.989	6362.7080	153.7079	1.7079	 1.36	 0.05	209.51	 1.54	12.56	 0.86	10.32	 1.66	335.13	300.53	295.15	289.31	297.47	0	57.86
2012	6	2	17.412	6362.7256	153.7255	1.7255	 1.59	 0.09	214.24	 2.03	10.46	 0.98	10.32	 1.69	335.13	301.28	298.62	289.56	298.22	0	57.91
2012	6	2	17.624	6362.7344	153.7343	1.7344	 1.33	 0.09	201.87	 2.71	 0.84	 1.00	10.33	 1.40	335.14	301.59	292.95	290.74	298.51	0	58.15
2012	6	2	18.054	6362.7524	153.7522	1.7522	 1.55	 0.09	212.83	 2.16	 2.61	 1.00	10.33	 1.70	335.16	301.97	299.12	289.70	299.10	0	57.94
2012	6	2	18.477	6362.7700	153.7699	1.7699	 1.31	 0.06	204.85	 1.80	 8.13	 0.97	10.33	 1.41	335.14	302.00	296.45	289.38	299.21	0	57.88
2012	6	2	18.907	6362.7876	153.7878	1.7878	 1.29	 0.06	210.99	 1.94	 5.89	 0.99	10.37	 1.56	335.12	301.77	300.08	287.63	299.12	0	57.53
2012	6	2	19.133	6362.7974	153.7972	1.7972	 1.28	 0.08	213.80	 3.00	 2.32	 1.00	10.35	 1.67	335.11	301.54	302.02	287.67	298.97	0	57.53
2012	6	2	19.344	6362.8062	153.8060	1.8060	 1.35	 0.06	211.78	 1.97	 4.28	 1.00	10.33	 1.70	335.13	301.27	301.10	287.66	298.89	0	57.53
2012	6	2	19.556	6362.8149	153.8148	1.8148	 1.38	 0.08	206.64	 2.29	 6.65	 0.99	10.33	 1.62	335.12	300.97	300.26	287.65	298.71	0	57.53
2012	6	2	19.979	6362.8325	153.8325	1.8325	 1.27	 0.07	202.42	 2.45	 0.89	 1.00	10.33	 1.52	335.10	300.23	297.31	287.93	298.23	0	57.59
2012	6	2	20.198	6362.8418	153.8416	1.8416	 1.24	 0.09	204.79	 3.29	 3.41	 1.00	10.37	 1.54	335.08	299.76	300.36	287.00	297.93	0	57.40
2012	6	2	20.409	6362.8506	153.8504	1.8504	 1.22	 0.07	207.54	 2.53	 4.95	 1.00	10.33	 1.51	335.07	299.30	301.24	286.02	297.59	0	57.20
2012	6	2	20.621	6362.8594	153.8592	1.8592	 1.31	 0.10	207.13	 3.20	11.18	 0.99	10.35	 1.65	335.07	298.75	300.19	285.27	297.25	0	57.05
2012	6	2	20.833	6362.8682	153.8680	1.8680	 1.18	 0.07	211.03	 3.03	 7.75	 1.00	10.32	 1.63	335.02	298.13	300.77	284.14	296.75	0	56.83
2012	6	2	22.109	6362.9214	153.9212	1.9212	 1.25	 0.56	197.36	19.34	350.75	 1.00	10.33	 1.39	334.89	292.15	292.02	269.23	291.99	0	53.85
2012	6	2	22.539	6362.9390	153.9391	1.9391	 1.21	 0.20	204.17	 7.66	45.25	 1.00	10.32	 1.64	334.86	289.75	292.65	267.86	289.62	0	53.57
2012	6	2	23.392	6362.9746	153.9747	1.9747	 0.98	 0.10	209.36	 5.63	 9.28	 1.00	10.35	 1.52	334.77	285.94	289.66	267.56	285.98	0	53.51
2012	6	2	23.604	6362.9834	153.9835	1.9835	 1.01	 0.06	212.41	 3.39	 9.18	 0.99	10.35	 1.58	334.79	285.24	289.73	267.54	285.30	0	53.51
2012	6	2	23.816	6362.9922	153.9923	1.9923	 1.07	 0.07	210.63	 3.62	 1.66	 1.00	10.32	 1.56	334.79	284.64	288.27	267.58	284.69	0	53.52
2012	6	3	0.028	6363.0010	154.0012	2.0012	 1.13	 0.06	212.73	 2.84	 5.72	 1.00	10.35	 1.64	334.79	284.07	287.16	267.61	284.11	0	53.52
2012	6	3	0.239	6363.0098	154.0100	2.0100	 1.03	 0.09	208.01	 4.57	 5.00	 1.00	10.32	 1.48	334.76	283.55	286.48	267.74	283.62	0	53.55
2012	6	3	0.458	6363.0190	154.0191	2.0191	 1.03	 0.05	208.88	 2.65	 8.37	 0.98	10.37	 1.55	334.76	283.10	286.82	268.14	283.14	0	53.63
2012	6	3	0.669	6363.0278	154.0279	2.0279	 1.01	 0.06	207.81	 3.56	 4.13	 1.00	10.32	 1.54	334.77	282.69	286.79	268.16	282.80	0	53.63
2012	6	3	0.881	6363.0366	154.0367	2.0367	 0.96	 0.06	205.07	 3.88	 1.70	 1.00	10.33	 1.48	334.74	282.30	283.68	267.86	282.41	0	53.57
2012	6	3	1.092	6363.0454	154.0455	2.0455	 0.94	 0.04	207.87	 2.55	 1.88	 1.00	10.35	 1.54	334.74	282.00	285.20	268.57	282.19	0	53.71
2012	6	3	1.304	6363.0542	154.0544	2.0544	 0.97	 0.03	208.08	 1.80	 2.30	 0.99	10.33	 1.56	334.74	281.75	284.89	268.22	281.97	0	53.64
2012	6	3	1.522	6363.0635	154.0634	2.0634	 0.92	 0.05	209.10	 3.54	 2.53	 1.00	10.35	 1.52	334.75	281.51	283.88	268.39	281.75	0	53.68
2012	6	3	1.734	6363.0723	154.0723	2.0723	 1.00	 0.05	207.08	 2.56	 1.71	 1.00	10.35	 1.56	334.76	281.30	284.00	268.46	281.62	0	53.69
2012	6	3	1.946	6363.0811	154.0811	2.0811	 1.02	 0.04	208.88	 2.31	 2.81	 1.00	10.33	 1.57	334.73	281.09	284.20	268.27	281.39	0	53.65
2012	6	3	2.158	6363.0898	154.0899	2.0899	 0.97	 0.04	207.00	 2.33	 3.77	 0.99	10.33	 1.54	334.72	280.89	283.13	268.34	281.19	0	53.67
2012	6	3	2.369	6363.0986	154.0987	2.0987	 0.94	 0.04	210.67	 2.44	 3.25	 1.00	10.32	 1.53	334.71	280.71	283.89	268.03	281.00	0	53.61
2012	6	3	2.588	6363.1079	154.1078	2.1078	 0.99	 0.03	203.84	 1.83	 3.18	 0.99	10.37	 1.61	334.71	280.55	284.35	268.39	280.80	0	53.68
2012	6	3	2.799	6363.1167	154.1166	2.1166	 0.96	 0.04	204.21	 2.34	 2.06	 1.00	10.32	 1.56	334.71	280.46	283.88	269.07	280.73	0	53.81
2012	6	3	3.011	6363.1255	154.1255	2.1255	 0.93	 0.03	202.96	 1.99	 1.93	 1.00	10.37	 1.57	334.70	280.38	282.89	268.89	280.68	0	53.78
2012	6	3	3.223	6363.1343	154.1343	2.1343	 0.91	 0.04	204.17	 2.56	 2.40	 1.00	10.32	 1.57	334.70	280.28	282.42	268.67	280.61	0	53.73
2012	6	3	3.434	6363.1431	154.1431	2.1431	 0.98	 0.03	200.95	 1.74	 1.18	 1.00	10.33	 1.55	334.70	280.22	283.42	269.05	280.86	0	53.81
2012	6	3	3.653	6363.1523	154.1522	2.1522	 0.92	 0.04	207.89	 2.92	 0.92	 1.00	10.35	 1.54	334.71	280.14	282.79	268.36	280.45	0	53.67
2012	6	3	3.864	6363.1611	154.1610	2.1610	 0.86	 0.04	208.99	 2.77	 1.46	 1.00	10.32	 1.50	334.71	280.00	282.34	267.62	280.33	0	53.52
2012	6	3	4.076	6363.1699	154.1698	2.1698	 0.93	 0.03	208.73	 2.21	 4.40	 0.99	10.33	 1.59	334.71	279.88	283.92	267.84	280.18	0	53.57
2012	6	3	4.288	6363.1787	154.1786	2.1787	 0.92	 0.03	203.06	 2.18	 0.99	 1.00	10.33	 1.54	334.67	279.74	281.83	267.85	280.06	0	53.57
2012	6	3	4.499	6363.1875	154.1875	2.1875	 0.86	 0.04	208.49	 2.88	 2.33	 1.00	10.32	 1.57	334.67	279.60	283.34	266.99	279.89	0	53.40
2012	6	3	4.717	6363.1968	154.1966	2.1966	 0.92	 0.04	201.60	 2.77	 2.64	 1.00	10.37	 1.54	334.67	279.42	281.11	266.71	279.71	0	53.34
2012	6	3	4.929	6363.2056	154.2054	2.2054	 0.75	 0.03	207.12	 2.58	 5.42	 0.97	10.33	 1.47	334.70	279.33	281.75	267.18	279.61	0	53.44
2012	6	3	5.141	6363.2144	154.2142	2.2142	 0.76	 0.03	205.38	 2.68	 4.52	 0.98	10.33	 1.45	334.69	279.27	279.51	267.34	279.54	0	53.47
2012	6	3	5.353	6363.2231	154.2230	2.2230	 0.86	 0.04	203.93	 3.05	 3.89	 1.00	10.33	 1.52	334.67	279.17	281.58	267.14	279.45	0	53.43
2012	6	3	5.564	6363.2319	154.2318	2.2318	 0.82	 0.02	204.90	 1.81	 1.44	 0.99	10.32	 1.48	334.69	279.04	281.42	266.68	279.27	0	53.34
2012	6	3	5.782	6363.2407	154.2409	2.2409	 0.87	 0.05	203.58	 3.52	 1.83	 1.00	10.38	 1.49	334.69	278.93	281.42	267.06	279.16	0	53.41
2012	6	3	5.994	6363.2500	154.2498	2.2498	 0.82	 0.03	205.80	 2.56	 2.58	 1.00	10.33	 1.48	334.67	278.80	281.16	266.67	279.09	0	53.33
2012	6	3	6.206	6363.2588	154.2586	2.2586	 0.86	 0.03	205.62	 2.58	 0.85	 1.00	10.33	 1.50	334.68	278.69	280.67	266.54	278.93	0	53.31
2012	6	3	6.418	6363.2676	154.2674	2.2674	 0.79	 0.03	208.29	 2.48	 3.15	 0.99	10.33	 1.46	334.67	278.61	280.36	266.84	278.84	0	53.37
2012	6	3	6.629	6363.2764	154.2762	2.2762	 0.84	 0.03	209.23	 2.24	 2.52	 0.99	10.35	 1.52	334.69	278.54	281.65	266.83	278.79	0	53.37
2012	6	3	6.847	6363.2852	154.2853	2.2853	 0.93	 0.04	202.43	 2.54	 4.11	 0.99	10.35	 1.50	334.66	278.49	280.73	266.93	278.66	0	53.39
2012	6	3	7.059	6363.2939	154.2941	2.2941	 0.88	 0.03	206.91	 2.46	 5.41	 0.98	10.33	 1.52	334.66	278.41	281.29	266.77	278.67	0	53.35
2012	6	3	7.271	6363.3027	154.3030	2.3030	 0.95	 0.03	203.43	 2.09	 2.94	 0.99	10.33	 1.55	334.66	278.33	281.11	266.42	278.59	0	53.28
2012	6	3	7.483	6363.3120	154.3118	2.3118	 0.94	 0.03	202.31	 2.08	 0.72	 1.00	10.32	 1.54	334.64	278.23	281.12	266.13	279.25	0	53.23
2012	6	3	7.694	6363.3208	154.3206	2.3206	 0.86	 0.03	206.03	 2.25	 4.95	 0.97	10.33	 1.49	334.64	278.14	281.16	265.96	278.74	0	53.19
2012	6	3	7.912	6363.3296	154.3297	2.3297	 0.82	 0.04	203.53	 3.10	 2.02	 1.00	10.37	 1.45	334.66	278.05	278.63	266.46	278.27	0	53.29
2012	6	3	8.124	6363.3384	154.3385	2.3385	 0.99	 0.03	207.90	 1.73	 4.44	 0.97	10.32	 1.64	334.65	277.99	283.38	266.33	278.24	0	53.27
2012	6	3	8.336	6363.3472	154.3473	2.3473	 0.83	 0.04	204.43	 2.91	 3.49	 1.00	10.35	 1.47	334.66	277.90	279.19	265.29	278.13	0	53.06
2012	6	3	8.548	6363.3560	154.3562	2.3562	 0.86	 0.03	203.80	 2.34	 2.55	 1.00	10.33	 1.48	334.64	277.81	279.95	265.56	278.71	0	53.11
2012	6	3	8.759	6363.3647	154.3650	2.3650	 0.84	 0.04	206.56	 3.33	 7.03	 0.99	10.33	 1.53	334.64	277.76	279.59	265.95	277.96	0	53.19
2012	6	3	8.977	6363.3740	154.3741	2.3741	 0.81	 0.03	205.55	 2.78	 2.44	 1.00	10.37	 1.46	334.62	277.66	279.06	265.46	277.83	0	53.09
2012	6	3	9.189	6363.3828	154.3829	2.3829	 0.80	 0.02	204.69	 2.06	 6.60	 0.90	10.33	 1.42	334.64	277.57	278.92	265.44	277.74	0	53.09
2012	6	3	9.401	6363.3916	154.3917	2.3917	 0.76	 0.03	202.73	 3.02	 4.19	 0.99	10.33	 1.39	334.61	277.50	278.02	265.44	277.65	0	53.09
2012	6	3	9.613	6363.4004	154.4005	2.4005	 0.80	 0.04	201.29	 3.00	 2.38	 1.00	10.33	 1.46	334.59	277.41	278.95	265.09	278.34	0	53.02
2012	6	3	9.824	6363.4092	154.4093	2.4093	 0.86	 0.03	200.70	 2.46	 1.06	 1.00	10.32	 1.50	334.55	277.31	279.82	264.61	277.47	0	52.92
2012	6	3	10.042	6363.4185	154.4184	2.4184	 0.85	 0.04	199.55	 3.03	 3.29	 1.00	10.37	 1.51	334.56	277.18	279.44	262.61	277.35	0	52.52
2012	6	3	10.254	6363.4272	154.4272	2.4272	 0.78	 0.04	199.67	 3.49	 3.38	 1.00	10.33	 1.37	334.55	277.01	278.83	262.33	277.19	0	52.47
2012	6	3	10.466	6363.4360	154.4361	2.4361	 0.84	 0.04	202.74	 3.08	 1.64	 1.00	10.33	 1.46	334.52	276.81	280.03	262.15	276.92	0	52.43
2012	6	3	10.678	6363.4448	154.4449	2.4449	 0.91	 0.04	199.74	 2.77	 3.57	 1.00	10.33	 1.50	334.53	276.63	280.07	262.54	276.67	0	52.51
2012	6	3	10.889	6363.4536	154.4537	2.4537	 0.81	 0.04	199.50	 2.82	 7.29	 0.97	10.33	 1.46	334.51	276.48	275.42	262.07	276.51	0	52.41
2012	6	3	11.107	6363.4629	154.4628	2.4628	 0.90	 0.04	201.41	 2.48	 0.38	 1.00	10.35	 1.46	334.51	276.37	277.85	262.46	276.28	0	52.49
2012	6	3	11.319	6363.4717	154.4716	2.4716	 0.90	 0.04	205.21	 2.70	 7.57	 0.98	10.33	 1.49	334.48	276.29	280.14	262.65	276.18	0	52.53
2012	6	3	11.531	6363.4805	154.4805	2.4805	 0.85	 0.04	196.17	 3.03	 4.84	 0.99	10.32	 1.42	334.49	276.22	276.40	262.31	276.11	0	52.46
2012	6	3	11.743	6363.4893	154.4893	2.4893	 0.79	 0.04	205.10	 3.45	 4.08	 1.00	10.35	 1.44	334.50	276.15	278.32	262.25	276.03	0	52.45
2012	6	3	11.954	6363.4980	154.4981	2.4981	 0.77	 0.03	202.49	 3.08	 1.18	 1.00	10.33	 1.38	334.52	276.13	276.68	262.67	276.25	0	52.53
2012	6	3	12.172	6363.5073	154.5072	2.5072	 0.90	 0.04	201.46	 2.89	13.55	 0.94	10.37	 1.53	334.53	276.48	278.24	263.13	275.91	0	52.63
2012	6	3	12.384	6363.5161	154.5160	2.5160	 0.74	 0.03	204.86	 3.07	 1.66	 1.00	10.35	 1.48	334.49	277.30	275.74	264.97	276.52	0	52.99
2012	6	3	12.596	6363.5249	154.5248	2.5248	 0.70	 0.03	202.20	 3.61	 1.39	 1.00	10.30	 1.44	334.52	278.22	275.18	266.71	277.21	0	53.34
2012	6	3	12.808	6363.5337	154.5337	2.5337	 0.71	 0.04	202.91	 3.93	 0.99	 1.00	10.33	 1.45	334.55	279.27	276.38	267.74	278.04	0	53.55
2012	6	3	13.019	6363.5425	154.5425	2.5425	 1.05	 0.12	192.35	 5.66	21.70	 1.00	10.33	 1.54	334.59	280.37	279.16	268.73	278.92	0	53.75
2012	6	3	13.449	6363.5605	154.5604	2.5604	 0.59	 0.03	195.00	 3.91	 4.37	 0.98	10.33	 1.42	334.59	282.66	275.71	270.77	280.89	0	54.15
2012	6	3	13.661	6363.5693	154.5692	2.5692	 0.64	 0.05	190.61	 5.64	 1.44	 1.00	10.33	 1.48	334.61	283.78	278.16	271.76	281.85	0	54.35
2012	6	3	13.873	6363.5781	154.5780	2.5780	 0.71	 0.06	191.69	 5.54	 5.47	 1.00	10.33	 1.56	334.63	284.88	278.99	272.67	282.82	0	54.53
2012	6	3	14.084	6363.5869	154.5869	2.5869	 0.64	 0.04	196.56	 5.11	 1.72	 1.00	10.33	 1.50	334.67	285.95	280.43	273.18	283.71	0	54.64
2012	6	3	14.302	6363.5957	154.5959	2.5959	 0.66	 0.05	198.51	 5.43	 3.95	 1.00	10.37	 1.55	334.70	287.10	280.39	273.48	284.69	0	54.70
2012	6	3	14.514	6363.6050	154.6048	2.6048	 0.62	 0.03	208.73	 4.71	 3.61	 1.00	10.33	 1.55	334.74	288.14	283.58	273.92	285.63	0	54.78
2012	6	3	14.938	6363.6226	154.6224	2.6224	 0.67	 0.06	201.80	 6.84	18.66	 0.98	10.33	 1.56	334.81	290.10	282.91	274.84	287.33	0	54.97
2012	6	3	15.149	6363.6313	154.6312	2.6312	 0.74	 0.07	196.61	 6.57	 4.42	 1.00	10.33	 1.70	334.80	290.97	284.86	275.19	288.01	0	55.04
2012	6	3	15.579	6363.6489	154.6491	2.6491	 1.00	 0.12	193.16	 6.22	30.36	 0.99	10.33	 1.62	334.85	292.57	291.77	276.74	289.31	0	55.35
2012	6	3	15.791	6363.6582	154.6580	2.6580	 0.48	 0.15	212.32	33.29	14.93	 1.00	10.35	 1.28	334.90	293.32	287.57	277.57	290.76	0	55.51
2012	6	3	16.214	6363.6758	154.6756	2.6756	 0.25	 0.10	298.53	78.99	89.72	 0.99	10.33	 1.28	334.91	294.61	284.77	278.94	291.06	0	55.79
2012	6	3	16.433	6363.6846	154.6847	2.6847	 0.49	 0.07	217.70	14.62	13.48	 1.00	10.37	 1.49	334.94	295.17	283.98	280.07	291.53	0	56.01
2012	6	3	17.068	6363.7109	154.7112	2.7112	 0.59	 0.09	207.85	13.05	17.46	 1.00	10.33	 1.55	334.97	296.46	290.82	281.75	292.70	0	56.35
2012	6	3	17.497	6363.7290	154.7291	2.7291	 1.03	 0.11	192.90	 5.51	82.64	 0.90	10.35	 1.67	334.98	297.09	293.13	283.26	293.27	0	56.65
2012	6	3	17.709	6363.7378	154.7379	2.7379	 0.59	 0.08	192.51	11.15	 5.23	 1.00	10.33	 1.27	335.02	297.36	284.00	284.07	293.63	0	56.81
2012	6	3	18.133	6363.7554	154.7555	2.7555	 0.97	 0.11	191.00	 5.99	15.94	 1.00	10.33	 1.63	335.14	297.70	292.01	283.28	294.11	0	56.66
2012	6	3	18.344	6363.7642	154.7644	2.7644	 0.75	 0.09	205.89	 8.26	 5.04	 1.00	10.35	 1.69	335.16	297.79	293.46	283.20	294.23	0	56.64
2012	6	3	18.562	6363.7734	154.7734	2.7734	 0.63	 0.11	204.74	13.99	12.61	 1.00	10.35	 1.33	335.16	297.83	292.99	283.29	294.36	0	56.66
2012	6	3	19.423	6363.8091	154.8093	2.8093	 0.92	 0.13	205.47	 8.28	10.79	 1.00	10.33	 1.62	335.14	297.35	299.68	281.85	294.32	0	56.37
2012	6	3	20.065	6363.8359	154.8360	2.8360	 0.67	 0.06	209.50	 7.07	13.94	 0.99	10.32	 1.50	335.11	296.37	295.66	281.22	293.92	0	56.24
2012	6	3	20.488	6363.8535	154.8537	2.8537	 0.88	 0.10	206.63	 6.87	32.19	 0.99	10.33	 1.87	335.12	295.45	296.17	280.21	293.33	0	56.04
2012	6	3	20.700	6363.8623	154.8625	2.8625	 0.60	 0.15	191.73	20.51	77.88	 0.99	10.33	 1.23	335.08	294.91	296.06	279.19	293.42	0	55.84
2012	6	3	20.918	6363.8716	154.8716	2.8716	 0.77	 0.15	204.35	13.34	74.24	 0.99	10.37	 1.67	335.05	294.28	295.25	277.95	293.10	0	55.59
2012	6	3	21.342	6363.8892	154.8892	2.8892	 0.84	 0.15	198.64	11.48	57.66	 1.00	10.32	 1.60	335.01	292.80	296.14	274.89	291.37	0	54.98
2012	6	3	21.553	6363.8979	154.8981	2.8981	 0.98	 0.13	206.37	 7.46	14.67	 1.00	10.33	 1.75	334.90	291.94	295.31	273.14	291.06	0	54.63
2012	6	3	21.765	6363.9067	154.9069	2.9069	 0.80	 0.14	209.74	12.30	17.05	 1.00	10.32	 1.57	334.84	290.95	293.25	270.61	289.90	0	54.12
2012	6	3	22.407	6363.9336	154.9336	2.9336	 1.18	 0.40	195.82	15.57	58.25	 1.00	10.33	 1.46	334.82	287.60	289.69	266.36	287.03	0	53.27
2012	6	3	23.683	6363.9868	154.9868	2.9868	 1.22	 0.20	195.62	 7.28	11.72	 1.00	10.32	 1.41	334.71	282.94	282.31	264.66	282.54	0	52.93
2012	6	3	23.895	6363.9956	154.9956	2.9956	 1.11	 0.09	211.02	 4.02	 8.84	 1.00	10.35	 1.45	334.69	282.35	288.10	264.62	282.10	0	52.92
2012	6	4	0.113	6364.0049	155.0047	3.0047	 1.07	 0.09	206.59	 4.61	13.31	 1.00	10.35	 1.50	334.64	281.75	284.34	263.17	281.59	0	52.63
2012	6	4	0.325	6364.0137	155.0135	3.0135	 0.99	 0.10	200.62	 5.73	23.65	 0.99	10.33	 1.53	334.62	281.11	282.72	262.21	281.00	0	52.44
2012	6	4	0.537	6364.0225	155.0224	3.0224	 0.72	 0.06	195.65	 6.14	59.55	 0.83	10.35	 1.20	334.62	280.52	271.91	261.92	280.34	0	52.38
2012	6	4	0.748	6364.0312	155.0312	3.0312	 1.03	 0.18	201.57	 9.53	55.49	 1.00	10.32	 1.65	334.61	280.03	283.12	262.99	279.82	0	52.60
2012	6	4	0.960	6364.0400	155.0400	3.0400	 0.86	 0.09	204.43	 6.53	 5.91	 1.00	10.33	 1.56	334.56	279.60	279.54	264.64	279.37	0	52.93
2012	6	4	1.178	6364.0493	155.0491	3.0491	 0.92	 0.06	203.97	 3.75	 4.11	 1.00	10.37	 1.53	334.57	279.23	282.00	264.90	279.04	0	52.98
2012	6	4	1.390	6364.0581	155.0579	3.0579	 0.89	 0.04	203.82	 3.09	 0.68	 1.00	10.33	 1.48	334.59	278.90	280.47	264.57	278.81	0	52.91
2012	6	4	1.602	6364.0669	155.0667	3.0667	 0.99	 0.05	205.50	 2.72	 3.91	 1.00	10.33	 1.52	334.57	278.61	283.87	264.39	278.52	0	52.88
2012	6	4	1.813	6364.0757	155.0756	3.0756	 0.85	 0.05	212.55	 3.84	 1.26	 1.00	10.35	 1.54	334.50	278.33	282.62	264.49	278.30	0	52.90
2012	6	4	2.025	6364.0845	155.0844	3.0844	 0.94	 0.06	208.89	 3.71	10.08	 0.99	10.32	 1.56	334.49	278.10	282.83	264.52	278.03	0	52.90
2012	6	4	3.307	6364.1377	155.1378	3.1378	 0.84	 0.02	199.96	 1.57	 2.73	 0.96	10.35	 1.43	334.54	276.79	278.27	263.87	277.03	0	52.77
2012	6	4	3.519	6364.1465	155.1466	3.1466	 1.03	 0.06	190.01	 2.82	36.38	 0.76	10.32	 1.43	334.56	276.65	278.50	263.96	276.90	0	52.79
2012	6	4	3.730	6364.1553	155.1554	3.1554	 0.77	 0.05	200.56	 4.63	 3.42	 1.00	10.33	 1.47	334.56	276.53	277.79	263.28	276.77	0	52.66
2012	6	4	4.047	6364.1685	155.1686	3.1686	 0.77	 0.03	202.89	 2.62	 7.70	 0.94	10.37	 1.48	331.80	276.21	279.65	263.31	276.06	0	52.66
2012	6	4	4.259	6364.1772	155.1775	3.1775	 0.75	 0.06	201.53	 5.44	 2.81	 1.00	10.37	 1.46	333.58	276.07	278.67	263.90	275.91	0	52.78
2012	6	4	4.471	6364.1865	155.1863	3.1863	 0.81	 0.05	200.17	 3.85	 4.02	 1.00	10.33	 1.54	334.42	275.96	278.46	263.40	275.90	0	52.68
2012	6	4	4.683	6364.1953	155.1951	3.1951	 0.71	 0.05	201.43	 5.31	 2.41	 1.00	10.35	 1.41	334.50	275.86	276.31	262.86	275.89	0	52.57
2012	6	4	4.895	6364.2041	155.2039	3.2039	 0.75	 0.04	202.49	 4.08	15.99	 0.95	10.32	 1.43	334.46	275.76	276.27	262.99	275.76	0	52.60
2012	6	4	5.113	6364.2129	155.2130	3.2130	 0.78	 0.03	205.06	 3.04	 2.75	 1.00	10.37	 1.45	334.48	275.66	278.26	263.38	275.66	0	52.68
2012	6	4	5.325	6364.2217	155.2219	3.2219	 0.79	 0.12	199.58	10.24	19.27	 1.00	10.33	 1.46	334.50	275.57	274.78	262.80	275.63	0	52.56
2012	6	4	5.748	6364.2397	155.2395	3.2395	 0.73	 0.14	199.98	13.90	47.99	 1.00	10.35	 1.41	334.51	275.30	273.27	259.97	275.35	0	51.99
2012	6	4	5.960	6364.2485	155.2483	3.2483	 0.89	 0.07	199.94	 4.47	 3.00	 1.00	10.33	 1.58	334.55	275.11	277.28	259.25	275.07	0	51.85
2012	6	4	6.178	6364.2573	155.2574	3.2574	 0.65	 0.26	216.68	34.29	179.55	 1.00	10.37	 1.50	334.52	274.90	279.90	258.94	274.79	0	51.79
2012	6	4	6.390	6364.2661	155.2663	3.2662	 0.78	 0.06	200.69	 5.07	 8.03	 1.00	10.33	 1.36	334.50	274.71	275.80	258.94	274.53	0	51.79
2012	6	4	6.602	6364.2749	155.2751	3.2751	 0.77	 0.05	212.25	 4.85	 3.52	 1.00	10.35	 1.47	334.48	274.54	279.35	258.60	274.35	0	51.72
2012	6	4	6.814	6364.2837	155.2839	3.2839	 0.97	 0.06	204.62	 3.32	 7.04	 0.99	10.33	 1.56	334.48	274.31	280.93	257.65	274.10	0	51.53
2012	6	4	7.026	6364.2930	155.2927	3.2927	 0.63	 0.06	203.90	 7.23	23.18	 0.97	10.33	 1.18	334.53	274.09	270.07	257.50	274.50	0	51.50
2012	6	4	8.307	6364.3462	155.3461	3.3461	 0.85	 0.06	203.79	 4.42	 9.48	 0.99	10.35	 1.43	334.50	272.85	274.76	257.27	272.45	0	51.45
2012	6	4	8.520	6364.3550	155.3550	3.3550	 0.83	 0.09	200.94	 6.92	12.03	 1.00	10.35	 1.38	334.42	272.75	274.85	257.34	272.35	0	51.47
2012	6	4	8.732	6364.3638	155.3638	3.3638	 0.78	 0.04	199.79	 3.37	 3.96	 1.00	10.35	 1.32	334.42	272.64	272.31	258.56	272.26	0	51.71
2012	6	4	8.944	6364.3726	155.3727	3.3727	 0.91	 0.03	197.15	 2.08	 1.14	 1.00	10.33	 1.44	334.45	272.59	272.70	259.90	272.19	0	51.98
2012	6	4	9.155	6364.3813	155.3815	3.3815	 0.83	 0.03	203.91	 2.47	 5.15	 0.98	10.32	 1.39	334.45	272.54	273.57	259.70	272.50	0	51.94
2012	6	4	9.374	6364.3906	155.3906	3.3906	 0.91	 0.05	202.48	 3.42	 3.26	 1.00	10.37	 1.40	334.39	272.46	275.00	259.58	272.15	0	51.92
2012	6	4	9.586	6364.3994	155.3994	3.3994	 0.87	 0.04	204.79	 2.96	 5.79	 0.99	10.33	 1.36	334.42	272.38	275.15	258.60	272.12	0	51.72
2012	6	4	9.797	6364.4082	155.4082	3.4082	 0.89	 0.05	201.94	 3.13	 7.25	 0.99	10.33	 1.48	334.45	272.29	273.59	257.30	272.30	0	51.46
2012	6	4	10.009	6364.4170	155.4170	3.4170	 0.78	 0.05	202.40	 4.58	 4.43	 1.00	10.32	 1.32	334.43	272.21	272.66	256.89	271.89	0	51.38
2012	6	4	10.221	6364.4258	155.4259	3.4259	 0.74	 0.04	202.62	 4.12	 3.28	 1.00	10.33	 1.29	334.42	272.14	272.25	256.85	271.78	0	51.37
2012	6	4	10.439	6364.4351	155.4349	3.4349	 0.80	 0.04	205.44	 3.09	 1.64	 1.00	10.37	 1.41	334.42	272.08	274.81	256.72	271.61	0	51.34
2012	6	4	10.651	6364.4438	155.4438	3.4438	 0.82	 0.06	198.34	 4.38	 1.62	 1.00	10.33	 1.34	334.43	272.02	273.40	256.76	271.54	0	51.35
2012	6	4	10.863	6364.4526	155.4526	3.4526	 0.74	 0.04	201.58	 4.19	 3.48	 1.00	10.35	 1.33	334.42	271.97	272.82	256.90	271.45	0	51.38
2012	6	4	11.074	6364.4614	155.4614	3.4614	 0.79	 0.05	202.69	 4.61	11.52	 0.99	10.33	 1.43	334.44	271.92	273.79	256.86	271.37	0	51.37
2012	6	4	11.286	6364.4702	155.4703	3.4703	 0.73	 0.04	202.92	 4.16	 6.73	 0.99	10.33	 1.33	334.44	271.87	273.41	256.96	271.29	0	51.39
2012	6	4	11.504	6364.4795	155.4793	3.4793	 0.84	 0.04	206.14	 3.23	 2.27	 1.00	10.35	 1.48	334.45	271.87	275.32	257.42	271.50	0	51.48
2012	6	4	11.716	6364.4883	155.4882	3.4882	 0.70	 0.05	205.18	 5.16	 1.47	 1.00	10.35	 1.34	334.42	271.87	272.46	257.52	271.27	0	51.50
2012	6	4	11.928	6364.4971	155.4970	3.4970	 0.77	 0.04	201.10	 3.25	 1.65	 1.00	10.33	 1.37	334.43	271.87	274.03	257.48	271.24	0	51.50
2012	6	4	12.140	6364.5059	155.5058	3.5058	 0.70	 0.04	204.98	 4.68	 7.79	 0.99	10.32	 1.31	334.44	272.05	270.30	258.43	271.24	0	51.69
2012	6	4	12.351	6364.5146	155.5146	3.5146	 0.87	 0.05	200.69	 3.39	 5.40	 1.00	10.33	 1.45	334.43	272.77	272.23	260.18	271.66	0	52.04
2012	6	4	12.570	6364.5239	155.5237	3.5237	 0.73	 0.04	205.50	 4.42	 5.17	 1.00	10.37	 1.33	334.46	273.74	271.75	261.70	272.42	0	52.34
2012	6	4	12.782	6364.5327	155.5326	3.5326	 0.82	 0.06	197.88	 4.92	 7.54	 1.00	10.32	 1.38	334.49	274.87	270.96	262.45	273.29	0	52.49
2012	6	4	12.993	6364.5415	155.5414	3.5414	 0.83	 0.07	200.97	 5.57	 4.40	 1.00	10.33	 1.44	334.49	276.05	272.55	265.15	274.26	0	53.03
2012	6	4	13.205	6364.5503	155.5502	3.5502	 0.79	 0.09	206.49	 8.09	 8.00	 1.00	10.33	 1.46	334.51	277.24	272.13	266.31	275.28	0	53.26
2012	6	4	13.417	6364.5591	155.5590	3.5590	 0.69	 0.11	196.07	12.02	11.50	 1.00	10.33	 1.31	334.54	278.42	268.58	267.19	276.35	0	53.44
2012	6	4	13.635	6364.5684	155.5681	3.5681	 0.55	 0.10	206.83	16.12	56.69	 0.99	10.37	 1.25	334.54	279.65	267.51	267.88	277.38	0	53.58
2012	6	4	13.847	6364.5771	155.5770	3.5770	 0.64	 0.08	205.67	10.81	10.72	 1.00	10.33	 1.46	334.56	280.82	271.29	268.39	278.42	0	53.68
2012	6	4	14.059	6364.5859	155.5858	3.5858	 0.64	 0.08	204.40	10.65	21.24	 1.00	10.33	 1.36	334.59	281.98	273.90	268.89	279.45	0	53.78
2012	6	4	14.271	6364.5947	155.5946	3.5946	 0.55	 0.08	217.78	13.61	19.74	 1.00	10.33	 1.44	334.59	283.11	273.97	269.44	280.46	0	53.89
2012	6	4	14.483	6364.6035	155.6034	3.6034	 1.02	 0.12	202.57	 6.23	 9.02	 1.00	10.35	 1.77	334.62	284.20	280.82	269.94	281.42	0	53.99
2012	6	4	15.877	6364.6616	155.6615	3.6615	 1.22	 0.20	202.88	 7.53	34.36	 1.00	10.35	 2.02	334.67	289.98	292.16	273.10	286.34	0	54.62
2012	6	4	17.154	6364.7148	155.7148	3.7147	 0.69	 0.24	197.74	26.28	148.43	 1.00	10.32	 1.38	334.75	293.02	281.63	276.77	289.13	0	55.35
2012	6	4	18.220	6364.7593	155.7592	3.7592	 0.76	 0.21	213.66	21.02	138.56	 1.00	10.35	 1.38	334.77	294.01	298.26	276.99	290.33	0	55.40
2012	6	4	20.139	6364.8394	155.8391	3.8391	 1.40	 0.41	206.91	11.69	24.66	 1.00	10.33	 1.67	334.75	292.37	298.81	274.57	289.59	0	54.91
2012	6	4	21.205	6364.8833	155.8835	3.8835	 1.10	 0.36	211.36	17.01	158.34	 1.00	10.33	 1.28	334.68	289.54	287.80	270.53	287.49	0	54.11
2012	6	28	21.159	6388.8818	179.8816	27.8816	 1.09	 0.09	211.04	 4.50	 4.85	 1.00	10.37	 1.50	332.29	292.67	295.78	276.12	290.95	0	55.22
2012	6	28	22.648	6388.9438	179.9437	27.9437	 1.43	 0.12	217.17	 3.53	 9.68	 1.00	10.33	 1.85	334.98	285.38	296.08	264.28	284.81	0	52.86
2012	6	28	22.860	6388.9526	179.9525	27.9525	 1.35	 0.18	211.57	 5.69	14.93	 1.00	10.35	 1.85	334.96	284.42	288.66	264.56	283.88	0	52.91
2012	6	28	23.072	6388.9614	179.9613	27.9613	 1.13	 0.11	208.09	 4.92	 5.94	 1.00	10.33	 1.55	334.96	283.55	286.21	264.93	283.30	0	52.99
2012	6	28	23.290	6388.9702	179.9704	27.9704	 1.09	 0.18	211.79	 9.03	15.75	 1.00	10.37	 1.57	334.92	282.77	284.09	264.47	282.31	0	52.89
2012	6	28	23.502	6388.9795	179.9793	27.9793	 1.24	 0.25	208.75	 9.40	49.63	 1.00	10.33	 1.57	334.92	282.05	286.65	264.49	281.80	0	52.90
2012	6	28	23.926	6388.9971	179.9969	27.9969	 1.22	 0.07	203.96	 2.66	 2.72	 1.00	10.33	 1.53	334.95	280.96	280.55	265.94	280.76	0	53.19
2012	6	29	0.137	6389.0059	180.0057	28.0057	 1.15	 0.15	202.16	 6.27	18.14	 1.00	10.33	 1.44	334.97	280.56	280.90	265.90	280.41	0	53.18
2012	6	29	0.355	6389.0146	180.0148	28.0148	 1.09	 0.07	207.43	 3.38	 0.06	 1.00	10.35	 1.45	334.97	280.22	281.80	266.09	280.07	0	53.22
2012	6	29	0.567	6389.0234	180.0236	28.0236	 1.10	 0.05	208.19	 2.21	 1.89	 1.00	10.35	 1.43	334.97	279.99	281.45	266.88	279.86	0	53.38
2012	6	29	0.779	6389.0322	180.0325	28.0325	 1.28	 0.09	206.50	 3.10	 2.41	 1.00	10.33	 1.52	334.95	279.80	281.27	267.09	279.74	0	53.42
2012	6	29	0.991	6389.0415	180.0413	28.0413	 1.14	 0.05	206.31	 2.09	 0.39	 1.00	10.33	 1.47	334.97	279.60	280.93	266.38	279.66	0	53.28
2012	6	29	1.203	6389.0503	180.0501	28.0501	 1.16	 0.05	207.91	 2.16	 7.51	 0.98	10.33	 1.49	334.97	279.39	281.87	265.83	279.45	0	53.17
2012	6	29	1.421	6389.0591	180.0592	28.0592	 1.22	 0.15	207.51	 5.88	 7.76	 1.00	10.37	 1.50	334.96	279.18	280.67	266.08	279.23	0	53.22
2012	6	29	1.633	6389.0679	180.0680	28.0680	 1.37	 0.06	213.16	 1.78	 2.90	 1.00	10.33	 1.66	334.97	279.04	287.41	266.29	279.09	0	53.26
2012	6	29	1.844	6389.0767	180.0769	28.0769	 1.11	 0.04	207.15	 1.86	 1.09	 1.00	10.35	 1.41	334.97	278.91	279.96	266.31	278.99	0	53.26
2012	6	29	2.056	6389.0854	180.0857	28.0857	 1.19	 0.05	207.07	 1.88	 0.54	 1.00	10.33	 1.48	334.95	278.76	280.21	266.41	278.84	0	53.28
2012	6	29	2.268	6389.0947	180.0945	28.0945	 1.15	 0.06	206.68	 2.50	 2.54	 1.00	10.32	 1.41	334.93	278.63	279.12	266.19	278.70	0	53.24
2012	6	29	2.486	6389.1035	180.1036	28.1036	 1.19	 0.06	210.79	 2.25	 0.48	 1.00	10.37	 1.53	334.93	278.49	281.44	265.94	278.59	0	53.19
2012	6	29	2.698	6389.1123	180.1124	28.1124	 1.19	 0.04	208.53	 1.80	 2.30	 1.00	10.33	 1.48	334.93	278.34	281.29	265.68	278.49	0	53.14
2012	6	29	2.910	6389.1211	180.1212	28.1213	 1.23	 0.06	208.80	 2.23	 5.04	 0.99	10.33	 1.51	334.88	278.18	280.71	265.56	278.31	0	53.11
2012	6	29	3.122	6389.1299	180.1301	28.1301	 1.25	 0.05	209.71	 1.66	 0.99	 1.00	10.35	 1.57	334.87	278.03	281.85	264.86	278.15	0	52.97
2012	6	29	3.334	6389.1387	180.1389	28.1389	 1.32	 0.28	201.99	 8.89	62.43	 1.00	10.33	 1.48	334.86	277.87	280.17	264.97	277.97	0	52.99
2012	6	29	3.552	6389.1479	180.1480	28.1480	 1.17	 0.04	205.47	 1.70	 4.48	 0.98	10.35	 1.43	334.82	277.73	277.87	265.41	277.74	0	53.08
2012	6	29	3.763	6389.1567	180.1568	28.1568	 1.12	 0.04	209.48	 1.82	 0.34	 1.00	10.33	 1.45	334.83	277.60	280.39	265.59	277.71	0	53.12
2012	6	29	3.976	6389.1655	180.1656	28.1656	 1.16	 0.05	210.56	 2.29	 4.22	 1.00	10.33	 1.51	334.90	277.48	280.49	264.36	277.55	0	52.87
2012	6	29	4.187	6389.1743	180.1745	28.1745	 1.23	 0.04	210.13	 1.69	 0.14	 1.00	10.33	 1.50	334.94	277.34	280.85	264.36	277.50	0	52.87
2012	6	29	4.399	6389.1831	180.1833	28.1833	 1.17	 0.06	211.83	 2.41	 5.20	 0.99	10.33	 1.51	334.94	277.24	280.12	265.56	277.39	0	53.11
2012	6	29	4.617	6389.1924	180.1924	28.1924	 1.25	 0.05	207.31	 1.75	 3.40	 0.99	10.37	 1.50	334.92	277.18	279.50	264.82	277.29	0	52.96
2012	6	29	4.829	6389.2012	180.2012	28.2012	 1.22	 0.06	209.52	 2.30	 1.98	 1.00	10.32	 1.48	334.97	277.11	279.86	263.39	277.24	0	52.68
2012	6	29	5.041	6389.2100	180.2100	28.2100	 1.22	 0.05	205.41	 1.73	 6.00	 0.97	10.33	 1.42	334.95	277.02	277.28	263.86	277.07	0	52.77
2012	6	29	5.253	6389.2187	180.2189	28.2189	 1.16	 0.05	210.00	 2.22	 3.00	 1.00	10.35	 1.44	334.94	276.98	279.18	264.41	277.01	0	52.88
2012	6	29	5.464	6389.2275	180.2277	28.2277	 1.11	 0.06	211.68	 2.77	 0.47	 1.00	10.33	 1.45	334.94	276.90	279.53	263.49	276.95	0	52.70
2012	6	29	5.682	6389.2368	180.2368	28.2368	 1.21	 0.04	209.62	 1.62	 1.92	 1.00	10.37	 1.49	334.93	276.82	280.51	263.16	276.80	0	52.63
2012	6	29	5.895	6389.2456	180.2456	28.2456	 1.17	 0.05	211.11	 1.94	 3.44	 0.99	10.37	 1.50	334.94	276.73	278.92	264.49	276.69	0	52.90
2012	6	29	6.106	6389.2544	180.2544	28.2544	 1.25	 0.04	209.15	 1.62	 3.88	 0.99	10.32	 1.52	334.93	276.74	279.04	265.80	276.67	0	53.16
2012	6	29	6.318	6389.2632	180.2633	28.2633	 1.19	 0.05	205.76	 2.04	 3.33	 1.00	10.35	 1.45	334.92	276.76	277.30	265.91	276.76	0	53.18
2012	6	29	6.530	6389.2720	180.2721	28.2721	 1.13	 0.04	208.07	 1.76	 5.33	 0.97	10.33	 1.42	334.94	276.74	277.73	265.30	276.82	0	53.06
2012	6	29	6.748	6389.2812	180.2812	28.2812	 1.17	 0.06	208.27	 2.30	 1.74	 1.00	10.37	 1.46	334.93	276.66	278.62	263.47	276.72	0	52.69
2012	6	29	6.960	6389.2900	180.2900	28.2900	 1.24	 0.05	209.72	 1.89	 2.69	 1.00	10.33	 1.48	334.95	276.55	280.05	262.96	276.60	0	52.59
2012	6	29	7.172	6389.2988	180.2988	28.2988	 1.22	 0.06	208.09	 2.15	 5.24	 0.99	10.33	 1.45	334.96	276.49	280.06	264.33	276.48	0	52.87
2012	6	29	7.383	6389.3076	180.3076	28.3076	 1.17	 0.04	207.10	 1.87	 0.99	 1.00	10.33	 1.43	334.92	276.46	276.90	264.74	276.48	0	52.95
2012	6	29	7.595	6389.3164	180.3165	28.3165	 1.27	 0.06	208.54	 2.15	 1.10	 1.00	10.33	 1.52	334.92	276.41	280.14	264.39	276.44	0	52.88
2012	6	29	7.813	6389.3257	180.3255	28.3255	 1.24	 0.05	205.55	 1.78	 4.58	 0.99	10.37	 1.51	334.94	276.35	277.59	264.45	276.38	0	52.89
2012	6	29	8.025	6389.3345	180.3344	28.3344	 1.14	 0.04	206.77	 1.63	 1.30	 1.00	10.33	 1.43	334.95	276.31	277.82	264.07	276.37	0	52.81
2012	6	29	8.237	6389.3433	180.3432	28.3432	 1.19	 0.05	208.39	 2.06	 2.66	 1.00	10.35	 1.48	334.95	276.19	280.30	262.72	276.28	0	52.54
2012	6	29	8.449	6389.3521	180.3520	28.3520	 1.09	 0.06	205.53	 2.63	 0.95	 1.00	10.33	 1.37	334.94	276.05	276.29	262.04	276.09	0	52.41
2012	6	29	8.660	6389.3608	180.3608	28.3608	 1.21	 0.05	209.79	 1.88	 2.74	 1.00	10.35	 1.51	334.95	275.93	279.79	262.79	275.89	0	52.56
2012	6	29	8.878	6389.3701	180.3699	28.3699	 1.22	 0.04	208.95	 1.65	 4.81	 0.98	10.35	 1.45	334.93	275.89	278.21	264.14	277.75	0	52.83
2012	6	29	9.091	6389.3789	180.3788	28.3788	 1.20	 0.05	203.65	 2.05	 0.70	 1.00	10.33	 1.42	334.89	275.91	275.54	264.44	275.83	0	52.89
2012	6	29	9.302	6389.3877	180.3876	28.3876	 1.25	 0.05	204.82	 1.91	 1.41	 1.00	10.35	 1.44	334.93	275.92	276.84	264.02	275.85	0	52.80
2012	6	29	9.514	6389.3965	180.3964	28.3964	 1.17	 0.04	210.02	 1.84	 6.41	 0.97	10.33	 1.44	334.92	275.95	277.22	264.60	275.88	0	52.92
2012	6	29	9.726	6389.4053	180.4052	28.4052	 1.25	 0.04	210.53	 1.41	 2.69	 0.99	10.33	 1.52	334.94	276.04	278.71	265.29	275.99	0	53.06
2012	6	29	9.944	6389.4146	180.4143	28.4143	 1.31	 0.06	205.83	 1.83	 7.77	 0.97	10.37	 1.51	334.91	276.15	278.26	265.80	276.10	0	53.16
2012	6	29	10.156	6389.4233	180.4232	28.4232	 1.22	 0.04	203.58	 1.37	 1.50	 1.00	10.35	 1.43	334.90	276.24	278.03	265.87	276.24	0	53.17
2012	6	29	10.368	6389.4321	180.4320	28.4320	 1.21	 0.04	207.46	 1.37	 2.11	 0.99	10.33	 1.50	334.92	276.31	279.08	265.53	276.36	0	53.11
2012	6	29	10.579	6389.4409	180.4408	28.4408	 1.20	 0.13	208.46	 5.16	25.50	 0.99	10.33	 1.52	334.94	276.36	280.04	265.48	276.43	0	53.10
2012	6	29	10.791	6389.4497	180.4496	28.4496	 1.15	 0.06	201.51	 2.30	 4.67	 0.99	10.35	 1.44	334.94	276.41	276.92	265.91	276.49	0	53.18
2012	6	29	11.009	6389.4585	180.4587	28.4587	 1.05	 0.04	205.11	 2.20	 2.93	 1.00	10.35	 1.43	334.94	276.47	277.95	265.75	276.54	0	53.15
2012	6	29	11.221	6389.4678	180.4675	28.4675	 1.09	 0.04	207.18	 2.16	 1.00	 1.00	10.35	 1.51	334.95	276.54	279.29	265.83	276.60	0	53.17
2012	6	29	11.433	6389.4766	180.4764	28.4764	 1.08	 0.03	208.29	 1.31	 2.59	 0.98	10.33	 1.57	334.96	276.62	279.33	266.09	276.71	0	53.22
2012	6	29	11.645	6389.4854	180.4852	28.4852	 1.09	 0.05	206.69	 2.48	 1.69	 1.00	10.33	 1.49	334.97	276.73	279.08	266.21	276.82	0	53.24
2012	6	29	11.857	6389.4941	180.4940	28.4940	 0.96	 0.03	203.06	 2.00	 0.26	 1.00	10.33	 1.39	334.96	276.84	276.43	266.17	277.65	0	53.23
2012	6	29	12.075	6389.5029	180.5031	28.5031	 0.97	 0.04	206.66	 2.32	 2.20	 1.00	10.37	 1.45	334.96	276.97	279.03	265.86	276.96	0	53.17
2012	6	29	12.287	6389.5117	180.5119	28.5119	 0.94	 0.03	207.87	 2.17	 1.75	 1.00	10.33	 1.49	334.93	277.30	278.17	265.79	277.05	0	53.16
2012	6	29	12.498	6389.5210	180.5208	28.5208	 0.95	 0.03	203.44	 1.91	 2.11	 1.00	10.33	 1.48	334.93	278.13	276.35	266.85	277.59	0	53.37
2012	6	29	12.710	6389.5298	180.5296	28.5296	 0.86	 0.04	206.98	 2.83	 2.60	 1.00	10.35	 1.46	334.95	279.12	277.00	267.50	279.25	0	53.50
2012	6	29	12.922	6389.5386	180.5384	28.5384	 0.90	 0.03	204.58	 1.90	 3.94	 0.97	10.33	 1.46	334.97	280.12	277.89	267.95	279.10	0	53.59
2012	6	29	13.140	6389.5474	180.5475	28.5475	 0.81	 0.03	204.25	 2.65	 4.23	 0.99	10.37	 1.40	335.00	281.18	275.96	268.63	280.86	0	53.73
2012	6	29	13.352	6389.5562	180.5563	28.5563	 0.85	 0.03	202.22	 2.26	 2.42	 0.99	10.32	 1.47	335.04	282.25	276.92	268.92	280.78	0	53.78
2012	6	29	13.564	6389.5649	180.5652	28.5652	 0.88	 0.03	205.92	 2.52	 2.71	 1.00	10.35	 1.54	335.04	283.30	279.39	269.46	281.60	0	53.89
2012	6	29	13.776	6389.5742	180.5740	28.5740	 0.80	 0.03	205.49	 2.62	 4.20	 0.99	10.33	 1.46	335.05	284.37	279.40	270.30	282.48	0	54.06
2012	6	29	13.987	6389.5830	180.5828	28.5828	 0.80	 0.03	205.52	 2.84	 2.53	 1.00	10.35	 1.51	335.11	285.49	279.62	271.24	283.28	0	54.25
2012	6	29	14.205	6389.5918	180.5919	28.5919	 0.74	 0.03	209.21	 3.43	 3.13	 1.00	10.35	 1.48	335.12	286.62	281.14	272.25	285.08	0	54.45
2012	6	29	14.417	6389.6006	180.6007	28.6007	 0.74	 0.02	207.87	 2.13	 2.94	 0.98	10.33	 1.50	335.13	287.76	280.73	273.12	285.26	0	54.62
2012	6	29	14.629	6389.6094	180.6095	28.6095	 0.84	 0.04	205.24	 2.90	 1.03	 1.00	10.33	 1.57	335.15	288.86	283.53	273.75	286.20	0	54.75
2012	6	29	14.841	6389.6182	180.6184	28.6184	 0.64	 0.04	208.01	 5.54	 6.00	 1.00	10.32	 1.40	335.15	289.90	280.19	274.28	287.14	0	54.86
2012	6	29	15.052	6389.6270	180.6272	28.6272	 0.91	 0.04	205.10	 2.57	 3.69	 0.99	10.33	 1.67	335.16	290.88	287.32	275.05	289.10	0	55.01
2012	6	29	15.271	6389.6362	180.6363	28.6363	 0.78	 0.03	206.29	 3.06	 8.00	 0.97	10.40	 1.56	335.21	291.83	284.51	275.06	288.74	0	55.01
2012	6	29	15.483	6389.6450	180.6451	28.6451	 0.80	 0.04	209.01	 3.56	 2.32	 1.00	10.33	 1.60	335.19	292.69	285.88	276.16	289.51	0	55.23
2012	6	29	15.694	6389.6538	180.6539	28.6539	 0.80	 0.05	205.15	 4.02	 5.53	 1.00	10.33	 1.53	335.24	293.52	286.42	276.97	290.23	0	55.39
2012	6	29	16.118	6389.6714	180.6716	28.6716	 0.72	 0.06	206.94	 6.22	15.28	 0.99	10.33	 1.50	335.24	294.97	286.85	278.94	291.50	0	55.79
2012	6	29	16.336	6389.6807	180.6807	28.6807	 0.75	 0.04	206.52	 4.27	 7.69	 0.99	10.37	 1.55	335.26	295.63	287.49	280.18	292.05	0	56.04
2012	6	29	16.548	6389.6895	180.6895	28.6895	 0.78	 0.06	205.28	 4.90	 5.54	 1.00	10.33	 1.56	335.28	296.23	289.82	281.46	292.59	0	56.29
2012	6	29	16.760	6389.6982	180.6983	28.6983	 0.74	 0.05	210.52	 5.31	10.50	 0.99	10.33	 1.53	335.29	296.76	293.33	282.25	293.08	0	56.45
2012	6	29	16.972	6389.7070	180.7072	28.7072	 0.77	 0.06	204.42	 5.41	11.47	 0.99	10.33	 1.55	335.28	297.23	292.24	282.76	293.53	0	56.55
2012	6	29	17.183	6389.7158	180.7160	28.7160	 0.74	 0.06	204.40	 6.23	 1.15	 1.00	10.33	 1.50	335.29	297.64	290.94	283.68	293.88	0	56.74
2012	6	29	17.402	6389.7251	180.7251	28.7251	 0.55	 0.07	213.26	12.37	26.14	 0.99	10.38	 1.38	335.29	298.01	288.69	284.31	294.25	0	56.86
2012	6	29	17.614	6389.7339	180.7339	28.7339	 0.46	 0.06	224.93	14.98	20.58	 0.99	10.35	 1.29	335.30	298.31	288.01	284.17	294.53	0	56.83
2012	6	29	17.826	6389.7427	180.7427	28.7427	 1.02	 0.06	204.05	 2.94	 4.03	 1.00	10.33	 1.83	335.30	298.54	297.82	284.16	295.56	0	56.83
2012	6	29	18.037	6389.7515	180.7516	28.7516	 0.85	 0.06	206.96	 4.95	 3.53	 1.00	10.33	 1.70	335.32	298.70	297.37	284.53	295.01	0	56.91
2012	6	29	18.249	6389.7603	180.7604	28.7604	 0.76	 0.05	200.55	 4.67	15.23	 0.98	10.33	 1.53	335.30	298.82	293.37	284.69	295.26	0	56.94
2012	6	29	18.467	6389.7695	180.7695	28.7695	 0.77	 0.05	206.30	 4.82	 2.60	 1.00	10.37	 1.59	335.31	298.87	297.92	284.44	295.39	0	56.89
2012	6	29	18.679	6389.7783	180.7783	28.7783	 0.75	 0.06	204.67	 5.44	 7.24	 1.00	10.33	 1.55	335.31	298.87	297.18	284.66	295.47	0	56.93
2012	6	29	19.103	6389.7959	180.7959	28.7959	 0.86	 0.06	205.63	 4.48	15.59	 0.98	10.32	 1.64	335.31	298.72	298.57	284.29	295.51	0	56.86
2012	6	29	19.314	6389.8047	180.8048	28.8048	 0.75	 0.05	204.91	 4.86	15.80	 0.98	10.33	 1.53	335.31	298.55	296.87	284.14	295.48	0	56.83
2012	6	29	19.532	6389.8140	180.8139	28.8139	 0.78	 0.07	202.66	 6.06	 8.89	 1.00	10.37	 1.59	335.29	298.33	294.52	283.45	295.40	0	56.69
2012	6	29	19.956	6389.8315	180.8315	28.8315	 0.78	 0.04	209.32	 3.30	 7.43	 0.98	10.33	 1.57	335.27	297.69	299.11	283.52	295.12	0	56.70
2012	6	29	20.168	6389.8403	180.8403	28.8403	 0.77	 0.03	205.55	 3.14	 7.89	 0.97	10.33	 1.54	335.28	297.29	296.74	283.09	294.88	0	56.62
2012	6	29	20.379	6389.8491	180.8491	28.8491	 0.85	 0.05	204.27	 3.91	 5.44	 1.00	10.33	 1.61	335.25	296.85	298.13	283.01	294.57	0	56.60
2012	6	29	20.822	6389.8677	180.8676	28.8676	 0.87	 0.04	205.57	 2.81	 2.43	 1.00	10.33	 1.64	335.20	295.65	298.07	282.35	293.79	0	56.47
2012	6	29	21.034	6389.8765	180.8764	28.8764	 0.86	 0.03	199.54	 2.42	 2.93	 0.99	10.33	 1.64	335.21	295.03	294.97	280.97	293.41	0	56.19
2012	6	29	21.246	6389.8853	180.8853	28.8853	 0.73	 0.04	201.71	 3.70	 3.05	 1.00	10.32	 1.54	335.19	294.30	293.26	278.93	293.31	0	55.79
2012	6	29	21.458	6389.8940	180.8941	28.8941	 0.89	 0.05	200.31	 3.52	 4.08	 1.00	10.33	 1.70	335.15	293.44	296.49	276.82	292.24	0	55.36
2012	6	29	23.166	6389.9653	180.9652	28.9652	 0.76	 0.06	201.51	 5.42	16.41	 0.99	10.33	 1.60	335.06	285.20	290.76	267.91	285.02	0	53.58
2012	6	29	23.589	6389.9829	180.9829	28.9829	 0.70	 0.03	205.26	 3.43	10.97	 0.93	10.32	 1.52	335.02	283.86	287.96	267.56	283.72	0	53.51
2012	6	29	23.801	6389.9917	180.9917	28.9917	 0.65	 0.08	212.55	 9.71	15.70	 1.00	10.33	 1.48	335.01	283.28	286.31	267.34	283.22	0	53.47
2012	6	30	0.019	6390.0010	181.0008	29.0008	 0.73	 0.11	195.73	10.80	62.58	 0.98	10.35	 1.43	335.00	282.75	285.30	267.35	282.61	0	53.47
2012	6	30	0.443	6390.0186	181.0184	29.0184	 0.80	 0.07	202.88	 5.61	 7.76	 1.00	10.33	 1.62	335.00	281.86	285.26	267.01	281.88	0	53.40
2012	6	30	0.654	6390.0273	181.0273	29.0273	 0.66	 0.03	207.33	 3.52	 6.87	 0.97	10.33	 1.46	335.00	281.48	284.55	267.30	281.58	0	53.46
2012	6	30	0.866	6390.0361	181.0361	29.0361	 0.89	 0.04	205.71	 2.58	 1.43	 1.00	10.35	 1.67	335.01	281.15	290.01	267.57	281.23	0	53.51
2012	6	30	1.296	6390.0542	181.0540	29.0540	 0.81	 0.03	204.68	 2.68	 0.89	 1.00	10.37	 1.65	335.00	280.58	287.32	266.88	280.71	0	53.38
2012	6	30	1.508	6390.0630	181.0628	29.0628	 0.78	 0.02	200.92	 1.93	 2.06	 0.99	10.30	 1.58	334.97	280.28	284.99	266.17	280.45	0	53.23
2012	6	30	1.719	6390.0718	181.0716	29.0716	 0.75	 0.07	203.84	 6.32	 5.37	 1.00	10.33	 1.56	334.97	280.03	284.25	266.09	280.17	0	53.22
2012	6	30	1.931	6390.0806	181.0805	29.0805	 0.74	 0.03	200.65	 2.64	 1.03	 1.00	10.33	 1.54	334.98	279.79	282.70	266.54	279.85	0	53.31
2012	6	30	2.362	6390.0986	181.0984	29.0984	 0.68	 0.02	197.57	 2.59	 1.15	 1.00	10.33	 1.49	334.98	279.41	281.05	267.36	279.55	0	53.47
2012	6	30	2.573	6390.1074	181.1072	29.1072	 0.67	 0.03	201.66	 3.42	 2.35	 1.00	10.33	 1.51	334.98	279.32	281.37	267.92	279.45	0	53.58
2012	6	30	3.215	6390.1338	181.1339	29.1339	 0.63	 0.03	199.39	 3.83	 3.13	 0.99	10.35	 1.46	334.98	279.16	280.86	268.05	279.37	0	53.61
2012	6	30	3.427	6390.1426	181.1428	29.1428	 0.72	 0.04	199.50	 3.68	 2.68	 1.00	10.33	 1.58	334.98	279.07	283.63	267.66	279.31	0	53.53
2012	6	30	3.638	6390.1514	181.1516	29.1516	 0.64	 0.03	198.22	 3.42	 2.77	 0.99	10.33	 1.46	334.96	279.01	281.58	267.73	279.24	0	53.55
2012	6	30	3.850	6390.1606	181.1604	29.1604	 0.61	 0.03	202.48	 4.20	 2.24	 1.00	10.32	 1.44	335.00	278.94	281.95	267.96	279.20	0	53.59
2012	6	30	4.062	6390.1694	181.1693	29.1693	 0.70	 0.03	198.69	 2.66	 1.64	 1.00	10.33	 1.54	334.98	278.90	281.78	267.89	279.15	0	53.58
2012	6	30	4.280	6390.1782	181.1783	29.1783	 0.62	 0.04	200.22	 5.84	 2.75	 1.00	10.35	 1.45	334.97	278.88	279.91	267.70	279.12	0	53.54
2012	6	30	4.492	6390.1870	181.1871	29.1872	 0.66	 0.03	200.24	 3.55	 4.15	 0.99	10.33	 1.51	335.00	278.86	280.30	267.88	279.52	0	53.58
2012	6	30	4.704	6390.1958	181.1960	29.1960	 0.65	 0.03	200.21	 3.14	 5.11	 0.97	10.33	 1.49	334.99	278.86	280.19	268.12	279.15	0	53.62
2012	6	30	4.916	6390.2046	181.2048	29.2048	 0.64	 0.03	203.57	 3.73	 2.28	 1.00	10.33	 1.49	334.98	278.86	280.84	268.07	279.48	0	53.61
2012	6	30	5.127	6390.2139	181.2136	29.2136	 0.72	 0.03	198.37	 3.31	 2.05	 1.00	10.35	 1.56	334.98	278.84	281.60	268.21	279.13	0	53.64
2012	6	30	5.345	6390.2227	181.2227	29.2227	 0.70	 0.03	197.94	 3.04	 2.23	 1.00	10.37	 1.54	334.99	278.79	280.78	267.93	279.03	0	53.59
2012	6	30	5.557	6390.2314	181.2316	29.2316	 0.65	 0.03	200.97	 4.03	 0.29	 1.00	10.32	 1.49	334.97	278.75	280.22	267.90	279.02	0	53.58
2012	6	30	5.769	6390.2402	181.2404	29.2404	 0.55	 0.03	205.85	 4.52	 7.42	 0.96	10.35	 1.41	334.98	278.75	278.98	267.66	279.02	0	53.53
2012	6	30	5.981	6390.2490	181.2492	29.2492	 0.65	 0.02	200.05	 2.47	 4.02	 0.95	10.33	 1.49	334.97	278.70	281.01	267.16	278.96	0	53.43
2012	6	30	6.193	6390.2578	181.2580	29.2580	 0.66	 0.03	199.39	 3.00	 3.33	 0.99	10.33	 1.50	334.97	278.66	281.00	267.44	278.90	0	53.49
2012	6	30	6.411	6390.2671	181.2671	29.2671	 0.64	 0.02	198.30	 2.62	 2.38	 0.99	10.37	 1.50	334.96	278.58	280.07	267.11	278.81	0	53.42
2012	6	30	6.623	6390.2759	181.2760	29.2759	 0.65	 0.03	202.78	 3.27	 1.83	 1.00	10.33	 1.51	334.97	278.49	281.56	266.49	278.74	0	53.30
2012	6	30	6.835	6390.2847	181.2848	29.2848	 0.67	 0.02	199.58	 2.87	 3.19	 0.99	10.35	 1.49	334.96	278.38	281.00	266.49	278.62	0	53.30
2012	6	30	7.047	6390.2935	181.2936	29.2936	 0.77	 0.03	196.72	 2.27	 3.86	 0.97	10.33	 1.58	334.97	278.30	282.22	266.50	278.49	0	53.30
2012	6	30	7.258	6390.3022	181.3024	29.3024	 0.65	 0.04	200.74	 4.34	 1.25	 1.00	10.33	 1.51	334.97	278.23	279.83	266.36	278.45	0	53.27
2012	6	30	7.476	6390.3115	181.3115	29.3115	 0.72	 0.03	194.56	 2.47	 2.45	 0.99	10.37	 1.53	334.94	278.16	282.14	266.26	278.33	0	53.25
2012	6	30	7.689	6390.3203	181.3204	29.3204	 0.59	 0.04	199.02	 5.95	 2.73	 1.00	10.33	 1.42	334.95	278.07	280.60	264.99	278.27	0	53.00
2012	6	30	7.900	6390.3291	181.3292	29.3292	 0.69	 0.02	192.20	 2.52	 0.67	 1.00	10.32	 1.49	334.96	277.96	280.62	265.47	278.12	0	53.09
2012	6	30	8.112	6390.3379	181.3380	29.3380	 0.73	 0.03	192.95	 3.03	 3.31	 0.99	10.32	 1.55	334.96	277.87	282.13	265.89	276.94	0	53.18
2012	6	30	8.324	6390.3467	181.3468	29.3468	 0.67	 0.03	193.23	 3.18	 1.79	 1.00	10.35	 1.49	334.97	277.79	280.60	265.79	277.87	0	53.16
2012	6	30	8.542	6390.3560	181.3559	29.3559	 0.65	 0.03	194.17	 3.30	 2.09	 1.00	10.35	 1.47	334.93	277.68	279.87	265.64	277.73	0	53.13
2012	6	30	8.753	6390.3647	181.3647	29.3647	 0.65	 0.03	192.09	 3.04	 3.04	 0.99	10.33	 1.45	334.92	277.61	279.57	265.69	277.64	0	53.14
2012	6	30	8.965	6390.3735	181.3735	29.3735	 0.66	 0.04	193.92	 4.22	 2.65	 1.00	10.33	 1.49	334.93	277.53	280.23	265.46	277.61	0	53.09
2012	6	30	9.177	6390.3823	181.3824	29.3824	 0.64	 0.03	190.69	 3.81	 0.78	 1.00	10.33	 1.45	334.97	277.44	278.10	265.29	277.52	0	53.06
2012	6	30	9.389	6390.3911	181.3912	29.3912	 0.57	 0.03	194.00	 3.97	 1.67	 1.00	10.33	 1.40	334.95	277.38	276.54	265.81	277.38	0	53.16
2012	6	30	9.607	6390.4004	181.4003	29.4003	 0.60	 0.03	204.70	 4.45	 2.75	 1.00	10.40	 1.49	334.93	277.38	278.62	266.66	277.33	0	53.33
2012	6	30	9.819	6390.4092	181.4091	29.4091	 0.61	 0.02	203.33	 3.10	 2.41	 0.99	10.32	 1.46	334.96	277.34	278.97	265.94	277.40	0	53.19
2012	6	30	10.031	6390.4180	181.4179	29.4179	 0.68	 0.02	198.81	 2.75	 5.01	 0.96	10.33	 1.50	334.94	277.24	279.83	264.33	277.30	0	52.87
2012	6	30	10.242	6390.4268	181.4268	29.4268	 0.72	 0.25	193.18	23.75	57.71	 1.00	10.33	 1.42	334.94	277.14	278.33	264.22	277.17	0	52.84
2012	6	30	10.454	6390.4355	181.4356	29.4356	 0.61	 0.03	202.76	 3.88	 7.39	 0.96	10.33	 1.43	334.94	277.08	278.34	264.58	277.05	0	52.92
2012	6	30	10.672	6390.4448	181.4447	29.4447	 0.68	 0.03	202.60	 3.34	 2.47	 1.00	10.37	 1.51	334.93	277.00	280.54	264.12	276.92	0	52.82
2012	6	30	10.884	6390.4536	181.4535	29.4535	 0.64	 0.03	199.82	 3.49	 2.86	 0.99	10.33	 1.43	334.95	276.91	278.12	263.77	276.85	0	52.75
2012	6	30	11.096	6390.4624	181.4623	29.4623	 0.63	 0.03	204.61	 3.68	 5.59	 0.98	10.32	 1.47	334.94	276.82	277.80	263.81	276.74	0	52.76
2012	6	30	11.308	6390.4712	181.4712	29.4712	 0.69	 0.04	197.84	 4.04	 1.57	 1.00	10.35	 1.46	334.95	276.76	277.70	263.85	276.66	0	52.77
2012	6	30	11.520	6390.4800	181.4800	29.4800	 0.74	 0.03	200.96	 3.33	 1.20	 1.00	10.35	 1.52	334.95	276.71	280.12	263.91	276.60	0	52.78
2012	6	30	11.738	6390.4893	181.4891	29.4891	 0.69	 0.04	199.39	 3.82	 1.14	 1.00	10.37	 1.45	334.95	276.69	279.08	264.08	276.53	0	52.82
2012	6	30	11.949	6390.4980	181.4979	29.4979	 0.67	 0.02	205.80	 2.89	 3.61	 0.98	10.33	 1.47	334.95	276.67	279.52	264.20	276.53	0	52.84
2012	6	30	12.161	6390.5068	181.5067	29.5067	 0.70	 0.03	199.47	 3.24	 2.46	 1.00	10.35	 1.47	334.96	276.72	278.36	264.49	276.50	0	52.90
2012	6	30	12.373	6390.5156	181.5155	29.5156	 0.69	 0.04	203.00	 4.08	 7.50	 0.98	10.35	 1.46	334.94	277.25	277.32	265.10	276.97	0	53.02
2012	6	30	12.585	6390.5244	181.5244	29.5244	 0.57	 0.02	208.85	 2.91	 4.04	 0.94	10.32	 1.41	334.94	278.11	275.04	265.69	277.27	0	53.14
2012	6	30	12.803	6390.5337	181.5335	29.5335	 0.69	 0.03	194.65	 3.17	 1.22	 1.00	10.37	 1.48	334.98	279.04	276.17	266.60	277.92	0	53.32
2012	6	30	13.015	6390.5425	181.5423	29.5423	 0.64	 0.03	197.03	 3.77	 3.77	 0.99	10.33	 1.45	334.97	279.99	277.05	266.67	278.67	0	53.33
2012	6	30	13.227	6390.5513	181.5511	29.5511	 0.63	 0.02	195.71	 2.71	 2.11	 0.99	10.33	 1.42	335.02	281.00	276.67	267.41	279.40	0	53.48
2012	6	30	13.438	6390.5601	181.5599	29.5599	 0.68	 0.03	197.37	 3.68	 1.93	 1.00	10.33	 1.50	335.05	282.07	279.11	268.65	280.29	0	53.73
2012	6	30	13.650	6390.5688	181.5688	29.5688	 0.62	 0.03	195.02	 4.34	 2.51	 1.00	10.33	 1.46	335.06	283.19	276.41	269.65	281.21	0	53.93
2012	6	30	13.868	6390.5776	181.5779	29.5778	 0.56	 0.03	209.65	 4.20	 4.62	 0.98	10.38	 1.44	335.05	284.34	277.16	270.58	282.19	0	54.12
2012	6	30	14.081	6390.5869	181.5867	29.5867	 0.67	 0.03	199.61	 3.13	 1.78	 1.00	10.33	 1.55	335.08	285.47	278.84	271.32	283.10	0	54.26
2012	6	30	14.292	6390.5957	181.5955	29.5955	 0.63	 0.02	204.24	 2.91	 1.02	 1.00	10.33	 1.53	335.08	286.55	280.94	271.81	284.07	0	54.36
2012	6	30	14.504	6390.6045	181.6043	29.6043	 0.60	 0.03	204.78	 3.58	 5.66	 0.96	10.33	 1.49	335.11	287.61	281.05	272.25	285.02	0	54.45
2012	6	30	14.716	6390.6133	181.6131	29.6131	 0.62	 0.02	209.41	 3.03	 4.28	 0.97	10.33	 1.56	335.14	288.68	283.02	273.00	285.94	0	54.60
2012	6	30	14.934	6390.6221	181.6222	29.6222	 0.66	 0.03	208.20	 3.09	 1.57	 1.00	10.37	 1.59	335.14	289.77	284.04	273.93	288.04	0	54.79
2012	6	30	15.146	6390.6309	181.6311	29.6311	 0.61	 0.02	209.26	 3.41	 1.52	 1.00	10.32	 1.52	335.17	290.80	283.36	274.93	287.85	0	54.99
2012	6	30	15.358	6390.6401	181.6399	29.6399	 0.66	 0.02	208.42	 2.98	 5.23	 0.96	10.35	 1.55	335.18	291.84	285.91	275.90	288.78	0	55.18
2012	6	30	15.569	6390.6489	181.6487	29.6487	 0.50	 0.03	224.56	 5.40	10.18	 0.93	10.33	 1.45	335.19	292.78	284.93	276.69	289.68	0	55.34
2012	6	30	15.781	6390.6577	181.6575	29.6575	 0.64	 0.03	210.33	 3.85	 5.91	 0.98	10.33	 1.53	335.22	293.66	287.57	277.65	290.45	0	55.53
2012	6	30	15.999	6390.6665	181.6666	29.6666	 0.71	 0.03	202.63	 3.00	 4.51	 0.98	10.37	 1.58	335.24	294.54	286.72	279.73	291.23	0	55.95
2012	6	30	16.211	6390.6753	181.6754	29.6754	 0.65	 0.04	204.99	 5.26	14.52	 0.97	10.33	 1.51	335.27	295.36	288.45	281.99	292.03	0	56.40
2012	6	30	16.635	6390.6929	181.6931	29.6931	 0.57	 0.03	211.70	 5.67	 4.23	 1.00	10.30	 1.51	335.27	296.83	289.48	285.37	293.45	0	57.07
2012	6	30	16.846	6390.7021	181.7019	29.7019	 0.64	 0.03	209.61	 3.79	 8.95	 0.95	10.35	 1.57	335.28	297.46	292.56	286.74	294.10	0	57.35
2012	6	30	17.064	6390.7109	181.7110	29.7110	 0.75	 0.04	201.20	 4.14	 3.05	 1.00	10.35	 1.64	335.30	298.06	294.96	287.15	294.63	0	57.43
2012	6	30	17.276	6390.7197	181.7198	29.7198	 0.51	 0.05	212.93	10.71	 7.89	 1.00	10.32	 1.43	335.31	298.56	290.41	287.57	295.22	0	57.51
2012	6	30	17.488	6390.7285	181.7287	29.7287	 0.50	 0.05	213.07	 9.35	 2.02	 1.00	10.33	 1.45	335.33	298.99	293.31	288.05	295.66	0	57.61
2012	6	30	17.699	6390.7373	181.7375	29.7375	 0.59	 0.04	210.65	 5.30	 9.27	 0.98	10.33	 1.53	335.30	299.34	295.95	287.58	296.01	0	57.52
2012	6	30	17.911	6390.7461	181.7463	29.7463	 0.45	 0.05	226.33	13.33	14.11	 0.99	10.33	 1.47	335.30	299.58	295.88	287.31	296.27	0	57.46
2012	6	30	18.765	6390.7817	181.7819	29.7819	 0.69	 0.05	200.58	 5.76	 7.62	 1.00	10.35	 1.65	335.29	299.80	296.74	286.07	296.91	0	57.21
2012	6	30	19.195	6390.7998	181.7998	29.7998	 0.60	 0.06	206.05	 9.14	 6.77	 1.00	10.37	 1.58	335.28	299.60	297.94	286.26	296.86	0	57.25
2012	6	30	19.407	6390.8086	181.8086	29.8086	 0.63	 0.06	207.98	 7.34	13.26	 0.99	10.33	 1.62	335.29	299.45	299.16	286.15	296.82	0	57.23
2012	6	30	19.619	6390.8174	181.8175	29.8175	 0.60	 0.04	207.37	 5.34	 2.99	 1.00	10.33	 1.57	335.30	299.23	299.57	285.86	296.70	0	57.17
2012	6	30	19.831	6390.8262	181.8263	29.8263	 0.69	 0.04	206.59	 4.49	 7.96	 0.99	10.33	 1.65	335.28	298.92	301.24	285.89	296.55	0	57.18
2012	6	30	20.042	6390.8350	181.8351	29.8351	 0.78	 0.04	201.53	 3.19	 3.74	 1.00	10.35	 1.67	335.25	298.55	302.37	285.32	296.33	0	57.06
2012	6	30	20.260	6390.8442	181.8442	29.8442	 0.78	 0.05	201.48	 4.15	 7.30	 0.99	10.35	 1.74	335.23	298.10	301.35	284.90	296.03	0	56.98
2012	6	30	20.486	6390.8535	181.8536	29.8536	 0.58	 0.02	212.41	 3.14	 7.13	 0.88	10.37	 1.58	335.23	297.57	298.88	284.41	295.64	0	56.88
2012	6	30	20.698	6390.8623	181.8624	29.8624	 0.51	 0.04	205.87	 8.14	 6.00	 1.00	10.33	 1.38	335.21	297.05	295.90	283.85	295.37	0	56.77
2012	6	30	20.909	6390.8711	181.8712	29.8712	 0.67	 0.03	201.79	 3.50	 5.83	 0.98	10.33	 1.61	335.20	296.44	299.09	282.87	294.98	0	56.57
2012	6	30	21.121	6390.8799	181.8801	29.8800	 0.81	 0.04	199.20	 3.23	 7.53	 0.98	10.33	 1.69	335.18	295.77	301.93	281.78	294.42	0	56.36
2012	6	30	21.333	6390.8887	181.8889	29.8889	 0.39	 0.08	227.44	27.44	21.65	 1.00	10.33	 1.39	335.16	294.98	293.04	280.13	293.84	0	56.03
2012	6	30	22.398	6390.9331	181.9333	29.9333	 0.63	 0.18	231.62	27.12	47.60	 1.00	10.33	 1.77	335.07	289.48	301.49	268.89	289.98	0	53.78
2012	6	30	22.617	6390.9424	181.9424	29.9424	 0.96	 0.19	197.82	11.02	69.64	 1.00	10.38	 1.81	335.05	288.38	296.27	268.35	288.16	0	53.67
2012	6	30	23.041	6390.9600	181.9600	29.9600	 0.60	 0.06	210.35	 9.17	 8.91	 1.00	10.35	 1.42	335.04	286.58	294.26	268.58	286.52	0	53.72
2012	6	30	23.252	6390.9687	181.9688	29.9688	 0.68	 0.03	201.75	 3.13	 5.60	 0.97	10.33	 1.55	335.02	285.80	288.13	268.87	285.75	0	53.77
2012	6	30	23.464	6390.9775	181.9777	29.9777	 0.65	 0.03	201.04	 4.04	 7.13	 0.98	10.33	 1.47	335.03	285.16	287.89	268.82	285.17	0	53.76
2012	6	30	23.683	6390.9868	181.9868	29.9868	 0.54	 0.07	194.79	11.24	 7.75	 1.00	10.37	 1.35	335.01	284.51	281.07	268.07	284.53	0	53.61
2012	6	30	23.894	6390.9956	181.9956	29.9956	 0.79	 0.05	192.84	 4.34	 6.11	 1.00	10.32	 1.59	335.01	283.90	287.36	268.26	283.93	0	53.65
