2002	3	1	0.171	2616.0071	59.0071	0.0071	16.61	113667.33	211.40	 0.56	 0.62	 1.00	11.05	 2.03	325.68	295.20	304.08	 0.00	301.43	0	54.00
2002	3	1	0.847	2616.0354	59.0353	0.0353	 4.78	 0.71	213.92	 0.49	 1.84	 0.93	11.10	 2.12	329.24	293.40	302.84	270.13	297.57	0	54.03
2002	3	1	1.527	2616.0637	59.0636	0.0636	 4.94	 1.55	211.84	 0.90	 0.70	 1.00	11.12	 2.00	329.67	291.94	300.13	270.63	 0.00	0	54.13
2002	3	1	2.206	2616.0918	59.0919	0.0919	 5.08	 1.27	213.80	 0.65	 0.20	 1.00	11.07	 2.03	329.55	290.84	298.64	270.26	296.48	0	54.05
2002	3	1	2.884	2616.1201	59.1202	0.1202	10.36	267.23	213.70	 0.68	 0.90	 1.00	11.08	 2.06	327.84	289.92	298.00	 0.00	293.77	0	54.00
2002	3	1	3.564	2616.1484	59.1485	0.1485	 6.18	 3.83	215.93	 0.65	 1.45	 0.99	11.12	 2.08	326.24	289.18	297.31	 0.00	294.62	0	54.00
2002	3	1	4.240	2616.1768	59.1767	0.1767	 4.49	 0.94	215.02	 0.87	 1.60	 1.00	11.05	 2.11	328.13	288.79	295.53	269.83	292.88	0	53.97
2002	3	1	4.916	2616.2048	59.2048	0.2048	 5.04	 1.83	215.09	 0.97	 0.83	 1.00	11.05	 2.11	328.57	288.44	296.51	269.35	294.28	0	53.87
2002	3	1	5.593	2616.2332	59.2331	0.2331	 4.75	 1.03	213.49	 0.73	 0.30	 1.00	11.07	 2.02	328.98	288.18	294.93	 0.00	293.90	0	54.00
2002	3	1	6.270	2616.2612	59.2612	0.2612	 4.50	 0.72	214.87	 0.66	 0.51	 1.00	11.05	 2.12	327.63	288.00	294.52	269.32	293.06	0	53.86
2002	3	1	6.949	2616.2896	59.2895	0.2895	 5.04	 1.31	215.55	 0.69	 0.45	 1.00	11.08	 2.08	326.08	287.85	294.64	270.76	295.21	0	54.15
2002	3	1	7.627	2616.3179	59.3178	0.3178	 4.35	 0.54	214.14	 0.57	 0.46	 1.00	11.05	 2.03	325.95	288.03	294.29	270.85	294.03	0	54.17
2002	3	1	8.304	2616.3459	59.3460	0.3460	 9.63	117.91	211.43	 0.62	 1.51	 0.99	11.10	 1.91	325.94	288.05	294.69	270.76	293.83	0	54.15
2002	3	1	8.981	2616.3743	59.3742	0.3742	 6.83	 7.79	212.58	 0.68	 1.79	 0.98	11.10	 1.98	325.96	287.93	294.85	271.10	295.52	0	54.22
2002	3	1	9.657	2616.4023	59.4024	0.4024	 5.13	 1.62	213.18	 0.78	 1.13	 1.00	11.08	 2.10	325.70	287.64	295.08	270.23	291.80	0	54.05
2002	3	1	10.333	2616.4307	59.4306	0.4306	 5.32	 1.64	210.93	 0.64	 1.15	 0.99	11.07	 2.02	325.67	287.32	293.26	269.78	292.82	0	53.96
2002	3	1	11.009	2616.4587	59.4587	0.4587	 5.18	 1.47	213.66	 0.68	 0.69	 1.00	11.07	 2.15	325.34	287.22	294.74	270.78	292.63	0	54.16
2002	3	1	11.687	2616.4871	59.4869	0.4869	17.53	418278.24	210.03	 0.81	 1.25	 1.00	11.07	 2.09	325.49	288.02	295.37	273.36	 0.00	0	54.67
2002	3	1	12.364	2616.5151	59.5152	0.5152	32.13	806581573771.33	212.09	 0.72	 2.00	 0.99	11.07	 2.18	325.63	289.32	297.50	 0.00	293.27	0	54.00
# Unit 3, Chajnantor2, Filter  0,  Slot 1, 350 um (616) & yellow
#				days
#				since		day of	day of
# yr	mo	dy	 time	1/1/1995	year	month	Tau	unc	Tatm	unc	mse	fitgood	Etime	R	Thot	Twarm	Tchop	Tamb	<Tint>	Filter	Toff
# 1	2	3	4	5		6	7	8	9	10	11	12	13	14	15	16	17	18	19	20	21	22
2002	3	1	13.076	2616.5449	59.5448	0.5448	19.30	3046207.78	209.41	 1.00	 0.30	 1.00	11.10	 2.12	325.83	292.17	300.02	280.16	295.97	0	56.03
2002	3	1	13.753	2616.5730	59.5730	0.5730	 4.39	 1.15	210.80	 1.15	 4.58	 0.99	11.08	 2.14	326.02	294.80	304.01	282.04	301.04	0	56.41
2002	3	1	14.429	2616.6013	59.6012	0.6012	 3.94	 0.60	215.63	 0.98	 2.39	 0.99	11.07	 2.27	325.52	297.41	307.52	285.52	 0.00	0	57.10
2002	3	1	15.106	2616.6294	59.6294	0.6294	 4.88	 1.40	211.80	 0.86	 0.58	 1.00	11.10	 1.93	325.24	299.87	311.05	 0.00	306.79	0	54.00
2002	3	1	15.784	2616.6577	59.6576	0.6577	32.07	1074209518466.84	214.48	 1.03	 2.84	 0.99	11.10	 2.00	327.52	302.81	312.84	289.26	308.75	0	57.85
2002	3	1	16.459	2616.6858	59.6858	0.6858	 4.96	 1.42	214.45	 0.81	 1.44	 1.00	11.07	 2.00	326.85	302.64	311.89	281.54	308.26	0	56.31
2002	3	1	17.139	2616.7141	59.7141	0.7141	 5.09	 1.46	218.41	 0.75	 0.14	 1.00	11.08	 2.10	326.87	301.78	312.88	280.98	307.22	0	56.20
2002	3	1	17.819	2616.7424	59.7424	0.7424	 4.84	 1.33	207.30	 0.83	 0.94	 1.00	11.08	 1.81	326.74	300.86	311.40	276.62	306.34	0	55.32
2002	3	1	18.496	2616.7708	59.7707	0.7707	 3.98	 0.51	207.94	 0.76	 1.01	 1.00	11.07	 1.84	326.91	300.54	311.36	277.90	308.90	0	55.58
2002	3	1	19.171	2616.7988	59.7988	0.7988	 3.48	 0.24	218.37	 0.65	 1.72	 0.98	11.07	 2.19	327.08	301.81	312.06	287.40	308.32	0	57.48
2002	3	1	19.847	2616.8269	59.8269	0.8269	 4.69	 0.81	216.15	 0.61	 0.92	 0.99	11.07	 2.10	326.85	302.24	312.42	281.67	307.74	0	56.33
2002	3	1	20.523	2616.8552	59.8551	0.8551	 4.62	 1.24	213.74	 1.00	 0.87	 1.00	11.07	 1.98	326.91	300.95	312.56	278.82	306.47	0	55.76
2002	3	1	21.200	2616.8833	59.8833	0.8833	 4.04	 0.44	216.07	 0.64	 0.82	 1.00	11.10	 2.07	326.97	299.50	310.52	 0.00	304.60	0	54.00
2002	3	1	21.877	2616.9116	59.9115	0.9115	 5.58	 2.35	214.16	 0.72	 0.41	 1.00	11.17	 2.07	326.99	298.18	309.06	275.82	304.57	0	55.16
2002	3	1	23.233	2616.9680	59.9680	0.9680	 2.79	 1.46	207.44	 7.59	70.08	 1.00	11.08	 1.86	327.00	295.17	300.93	271.37	299.79	0	54.27
2002	3	1	23.909	2616.9963	59.9962	0.9962	 4.58	 1.18	213.13	 0.98	 0.21	 1.00	11.07	 2.12	326.88	293.44	303.20	 0.00	298.16	0	54.00
2002	3	2	0.587	2617.0244	60.0245	1.0245	 7.11	11.41	212.04	 0.75	 0.66	 1.00	11.07	 2.05	326.55	291.88	301.31	 0.00	299.35	0	54.00
2002	3	2	1.264	2617.0527	60.0527	1.0527	 5.61	 2.09	212.28	 0.62	 0.20	 1.00	11.08	 2.12	328.50	290.64	299.12	270.02	295.21	0	54.00
2002	3	2	1.945	2617.0811	60.0810	1.0810	 5.42	 2.02	210.51	 0.71	 0.91	 1.00	11.10	 2.05	328.94	289.69	297.12	 0.00	295.69	0	54.00
2002	3	2	2.623	2617.1094	60.1093	1.1093	16.42	81134.11	211.46	 0.48	 0.47	 1.00	11.08	 2.05	329.39	289.04	297.31	269.63	293.08	0	53.93
2002	3	2	3.300	2617.1375	60.1375	1.1375	 4.92	 1.57	212.72	 0.93	 0.81	 1.00	11.07	 2.13	329.16	288.84	295.65	270.08	292.94	0	54.02
2002	3	2	3.977	2617.1658	60.1657	1.1657	22.31	41138493.70	208.41	 0.66	 0.59	 1.00	11.10	 2.00	329.20	288.83	294.35	270.19	292.60	0	54.04
2002	3	2	4.656	2617.1941	60.1940	1.1940	43.39	 1.00	211.66	 0.00	 0.83	 0.00	11.07	 2.13	329.19	288.99	295.24	270.04	294.67	0	54.01
2002	3	2	5.331	2617.2222	60.2221	1.2221	 5.86	 2.94	214.87	 0.69	 0.39	 1.00	11.07	 2.18	329.15	288.96	296.66	269.33	294.01	0	53.87
2002	3	2	6.039	2617.2517	60.2516	1.2516	 4.87	 1.18	214.78	 0.74	 1.05	 1.00	11.10	 2.17	329.05	288.66	296.23	267.89	294.32	0	53.58
2002	3	2	6.715	2617.2798	60.2798	1.2798	 5.22	 1.75	213.18	 0.77	 0.77	 1.00	11.10	 2.09	328.48	288.00	294.27	268.28	293.71	0	53.66
2002	3	2	7.392	2617.3081	60.3080	1.3080	 5.75	 2.23	214.92	 0.58	 1.29	 0.98	11.05	 2.13	326.54	287.61	293.35	267.79	292.59	0	53.56
2002	3	2	8.071	2617.3364	60.3363	1.3363	 5.46	 2.07	213.92	 0.72	 2.43	 0.98	11.10	 2.06	326.43	287.35	293.79	268.12	291.27	0	53.62
2002	3	3	1.862	2618.0776	61.0776	2.0776	 4.69	 1.01	210.74	 0.75	 0.85	 1.00	10.87	 2.01	328.41	291.65	299.33	270.41	296.32	0	54.08
2002	3	3	2.525	2618.1052	61.1052	2.1052	 5.02	 1.15	215.11	 0.62	 0.52	 1.00	10.83	 2.25	328.01	290.74	299.35	270.17	297.93	0	54.03
2002	3	3	3.189	2618.1328	61.1329	2.1329	20.00	5602110.33	213.21	 0.93	 0.58	 1.00	10.85	 2.11	328.65	290.27	297.46	270.20	294.72	0	54.04
2002	3	3	3.854	2618.1606	61.1606	2.1606	 4.06	 0.64	212.41	 0.90	 0.96	 1.00	10.82	 2.00	328.80	290.12	295.78	 0.00	 0.00	0	54.00
2002	3	3	4.519	2618.1882	61.1883	2.1883	23.27	150816358.04	213.89	 0.96	 1.10	 1.00	10.83	 2.11	328.88	290.11	296.78	 0.00	293.82	0	54.00
2002	3	3	5.184	2618.2161	61.2160	2.2160	 5.81	 3.40	213.74	 0.83	 0.37	 1.00	10.87	 2.10	328.92	290.19	297.24	 0.00	297.42	0	54.00
2002	3	3	5.846	2618.2437	61.2436	2.2436	 5.64	 2.69	212.98	 0.78	 0.74	 1.00	10.85	 2.10	328.92	290.22	297.19	271.03	294.61	0	54.21
2002	3	3	6.509	2618.2712	61.2712	2.2712	 4.67	 0.92	214.31	 0.71	 1.10	 1.00	10.87	 2.10	328.87	290.04	297.79	 0.00	295.87	0	54.00
2002	3	3	7.173	2618.2988	61.2989	2.2989	 4.83	 1.24	212.04	 0.81	 0.17	 1.00	10.90	 2.06	328.71	289.68	297.57	269.87	295.51	0	53.97
2002	3	3	7.837	2618.3267	61.3265	2.3266	19.20	2174640.61	213.92	 0.81	 0.09	 1.00	10.85	 2.17	328.70	289.40	296.23	 0.00	293.79	0	54.00
2002	3	3	8.503	2618.3542	61.3543	2.3543	 8.16	30.43	214.62	 0.71	 2.27	 0.98	10.87	 2.14	328.45	289.01	297.13	269.06	293.43	0	53.81
2002	3	3	9.167	2618.3821	61.3820	2.3820	16.67	167941.01	215.01	 0.79	 1.99	 0.99	10.85	 2.18	327.75	288.46	297.09	 0.00	292.89	0	54.00
2002	3	3	9.830	2618.4097	61.4096	2.4096	11.35	640.85	213.69	 0.61	 0.77	 1.00	10.83	 2.13	327.50	288.05	295.16	268.67	292.07	0	53.73
2002	3	3	10.491	2618.4370	61.4371	2.4371	15.91	85149.12	213.55	 0.85	 0.80	 1.00	10.82	 2.15	327.96	287.81	295.06	270.01	293.44	0	54.00
2002	3	3	11.153	2618.4646	61.4647	2.4647	38.79	 1.00	205.63	 0.00	 0.99	 0.00	10.87	 1.97	328.18	288.39	293.33	 0.00	291.67	0	54.00
2002	3	3	11.817	2618.4924	61.4924	2.4924	17.36	330532.52	205.56	 0.74	 2.81	 0.97	10.85	 2.04	328.43	290.79	296.16	284.58	294.24	0	56.92
2002	3	3	12.481	2618.5200	61.5201	2.5201	16.58	178788.38	204.21	 0.87	 2.77	 0.99	10.83	 2.00	328.57	293.60	300.19	285.17	298.62	0	57.03
2002	3	3	13.143	2618.5476	61.5476	2.5476	63.33	 0.87	207.60	 0.00	 7.09	 0.00	10.85	 2.06	328.71	296.37	304.53	291.43	300.42	0	58.29
2002	3	3	13.807	2618.5752	61.5753	2.5753	 3.98	 0.52	213.58	 0.80	 1.08	 1.00	10.85	 2.03	328.43	298.12	306.66	290.20	303.34	0	58.04
2002	3	3	14.471	2618.6030	61.6030	2.6030	 3.68	 0.46	214.77	 0.97	 0.98	 1.00	10.82	 1.90	328.38	298.24	308.09	 0.00	303.77	0	54.00
2002	3	3	15.134	2618.6306	61.6306	2.6306	 4.37	 0.76	214.88	 0.80	 1.09	 1.00	10.85	 2.01	328.38	298.25	308.47	278.50	302.88	0	55.70
2002	3	3	15.797	2618.6582	61.6582	2.6582	 4.09	 0.46	214.50	 0.64	 0.35	 1.00	10.83	 2.00	328.40	298.62	307.58	280.91	305.20	0	56.18
2002	3	3	16.460	2618.6858	61.6858	2.6858	 4.75	 1.09	217.74	 0.78	 1.38	 1.00	10.85	 2.09	328.47	299.27	308.30	279.63	303.70	0	55.93
2002	3	3	17.122	2618.7134	61.7134	2.7134	 5.39	 2.01	216.33	 0.76	 0.14	 1.00	10.83	 2.08	328.29	298.32	308.92	275.62	304.28	0	55.12
2002	3	3	17.786	2618.7410	61.7411	2.7411	 4.68	 0.77	212.38	 0.58	 1.70	 0.97	10.82	 2.08	328.25	296.51	307.18	272.05	302.05	0	54.41
2002	3	3	18.477	2618.7698	61.7699	2.7699	16.97	228271.52	209.60	 0.77	 1.21	 1.00	10.88	 1.98	328.63	297.97	305.05	279.20	 0.00	0	55.84
2002	3	3	19.138	2618.7974	61.7974	2.7974	 5.97	 2.91	210.94	 0.59	 0.68	 1.00	10.83	 1.96	328.39	299.16	305.99	278.93	305.20	0	55.79
2002	3	3	19.799	2618.8250	61.8250	2.8250	 5.15	 1.73	216.23	 0.83	 1.64	 0.99	10.87	 2.19	328.36	298.41	308.29	276.66	302.91	0	55.33
2002	3	3	20.461	2618.8525	61.8525	2.8525	 4.36	 0.95	210.77	 0.99	 2.41	 0.99	10.83	 1.95	328.30	297.05	305.30	274.02	301.42	0	54.80
2002	3	3	21.122	2618.8801	61.8801	2.8801	 4.68	 1.21	210.53	 0.91	 1.44	 1.00	10.85	 1.98	328.26	295.83	304.69	273.53	301.19	0	54.71
2002	3	3	21.783	2618.9077	61.9076	2.9076	 4.84	 1.20	213.24	 0.77	 0.84	 1.00	10.87	 2.05	328.20	294.57	303.19	272.09	300.57	0	54.42
2002	3	3	22.445	2618.9353	61.9352	2.9352	 3.77	 1.45	213.77	 2.80	12.20	 1.00	10.85	 1.99	328.22	293.39	302.56	271.59	298.60	0	54.32
2002	3	3	23.107	2618.9629	61.9628	2.9628	16.35	537920.02	212.28	 3.43	 2.00	 1.00	10.85	 1.94	328.27	292.30	301.50	271.30	297.40	0	54.26
2002	3	3	23.768	2618.9902	61.9903	2.9903	17.75	542807.09	212.91	 0.85	 0.69	 1.00	10.85	 2.08	328.27	291.54	299.48	271.10	296.85	0	54.22
2002	3	4	0.430	2619.0178	62.0179	3.0179	 4.29	 0.52	212.89	 0.58	 0.29	 1.00	10.85	 2.11	328.25	291.03	297.56	270.98	295.99	0	54.20
2002	3	4	1.092	2619.0454	62.0455	3.0455	 4.85	 1.15	211.02	 0.73	 0.84	 1.00	10.85	 2.08	328.25	290.82	296.33	271.08	295.74	0	54.22
2002	3	4	1.754	2619.0730	62.0731	3.0731	16.59	139783.92	208.62	 0.69	 1.68	 0.99	10.83	 1.93	328.24	290.73	295.99	271.31	295.64	0	54.26
2002	3	4	2.415	2619.1006	62.1006	3.1006	29.21	31112637037.65	212.27	 0.52	 2.12	 0.93	10.83	 2.07	328.24	290.60	297.54	271.14	295.57	0	54.23
2002	3	4	3.077	2619.1282	62.1282	3.1282	16.28	88678.39	212.71	 0.61	 0.85	 1.00	10.85	 2.14	328.25	290.47	297.18	271.22	295.44	0	54.24
2002	3	4	3.738	2619.1558	62.1558	3.1558	12.10	1611.12	212.22	 0.72	 1.03	 1.00	10.82	 2.09	328.25	290.34	297.20	271.35	294.38	0	54.27
2002	3	4	4.400	2619.1833	62.1833	3.1833	 4.50	 0.89	212.98	 0.81	 0.73	 1.00	10.83	 2.06	328.26	290.20	297.27	271.19	294.26	0	54.24
2002	3	4	5.062	2619.2109	62.2109	3.2109	16.76	217000.84	210.96	 0.91	 0.58	 1.00	10.85	 2.06	328.25	290.12	295.97	271.18	295.79	0	54.24
2002	3	4	5.723	2619.2385	62.2385	3.2385	 4.79	 0.86	212.35	 0.58	 0.64	 1.00	10.83	 2.10	328.25	290.07	296.65	271.09	295.09	0	54.22
2002	3	4	6.386	2619.2661	62.2661	3.2661	16.85	233823.17	213.09	 0.91	 0.92	 1.00	10.85	 2.13	328.22	290.06	297.31	270.99	295.06	0	54.20
2002	3	4	7.049	2619.2937	62.2937	3.2937	 5.70	 2.43	214.59	 0.66	 0.27	 1.00	10.83	 2.10	328.20	290.07	296.90	271.09	295.68	0	54.22
2002	3	4	7.711	2619.3213	62.3213	3.3213	 5.86	 4.48	211.81	 1.03	 1.21	 1.00	10.83	 2.08	328.20	290.12	295.40	270.91	295.47	0	54.18
2002	3	4	8.371	2619.3489	62.3488	3.3488	 7.75	19.68	212.91	 0.69	 0.59	 1.00	10.85	 2.12	328.20	290.06	297.82	270.77	295.11	0	54.15
2002	3	4	9.032	2619.3762	62.3763	3.3763	16.28	107878.69	212.42	 0.74	 1.26	 1.00	10.85	 2.12	328.19	289.92	297.29	270.22	295.62	0	54.04
2002	3	4	9.694	2619.4038	62.4039	3.4039	 5.11	 1.36	213.32	 0.66	 0.63	 1.00	10.82	 2.08	328.20	289.50	297.08	269.91	296.44	0	53.98
2002	3	4	10.356	2619.4314	62.4315	3.4315	 4.62	 1.23	212.19	 0.99	 0.36	 1.00	10.83	 2.10	328.22	289.40	296.08	270.45	294.36	0	54.09
2002	3	4	11.047	2619.4602	62.4603	3.4603	 4.52	 0.61	219.53	 0.56	 1.39	 0.98	10.77	 2.31	328.29	289.61	300.30	270.94	294.51	0	54.19
2002	3	4	11.708	2619.4878	62.4878	3.4878	 4.82	 1.08	219.26	 0.73	 0.73	 1.00	10.87	 2.31	328.29	289.93	300.68	271.01	294.86	0	54.20
2002	3	4	12.369	2619.5154	62.5154	3.5154	 3.97	 0.41	218.92	 0.66	 1.75	 0.98	10.87	 2.28	328.35	290.51	301.40	272.48	295.27	0	54.50
2002	3	4	13.031	2619.5430	62.5430	3.5430	 3.80	 0.32	220.15	 0.61	 4.27	 0.83	10.87	 2.22	328.42	291.71	301.70	274.13	296.70	0	54.83
2002	3	4	13.693	2619.5706	62.5705	3.5705	 3.99	 0.57	221.34	 0.91	 4.21	 0.97	10.85	 2.27	328.60	292.87	304.90	277.32	297.73	0	55.46
2002	3	4	14.355	2619.5981	62.5981	3.5981	 2.92	 0.18	224.88	 0.91	18.89	 0.47	10.83	 2.34	328.56	295.65	307.52	283.35	301.71	0	56.67
2002	3	4	15.017	2619.6257	62.6257	3.6257	 3.14	 0.25	229.24	 1.00	16.00	 0.68	10.88	 2.45	328.64	297.47	309.97	281.26	301.56	0	56.25
2002	3	4	15.680	2619.6533	62.6533	3.6533	 3.23	 0.17	232.49	 0.64	 9.20	 0.50	10.85	 2.46	328.29	299.54	312.78	284.61	305.03	0	56.92
2002	3	4	16.346	2619.6812	62.6811	3.6811	 3.62	 0.27	228.60	 0.64	 3.39	 0.91	10.85	 2.31	328.85	301.29	313.86	285.08	306.03	0	57.02
2002	3	4	17.007	2619.7087	62.7086	3.7086	 3.97	 0.28	224.24	 0.46	 1.27	 0.95	10.82	 2.30	328.82	300.13	314.16	276.10	305.15	0	55.22
2002	3	4	17.670	2619.7363	62.7363	3.7363	 3.09	 0.21	231.68	 0.89	 9.58	 0.80	10.85	 2.41	329.03	301.14	314.13	 0.00	304.89	0	54.00
2002	3	4	18.334	2619.7639	62.7639	3.7639	 3.32	 0.24	224.46	 0.76	 3.61	 0.95	10.87	 2.20	328.93	301.32	314.91	279.95	306.09	0	55.99
2002	3	4	19.002	2619.7917	62.7917	3.7917	 3.46	 0.26	226.04	 0.73	 2.28	 0.98	10.82	 2.35	328.74	299.64	313.56	275.79	305.40	0	55.16
2002	3	4	19.664	2619.8193	62.8193	3.8193	 3.75	 0.36	223.62	 0.73	 1.08	 1.00	10.83	 2.34	328.55	297.47	311.80	273.43	302.25	0	54.69
2002	3	4	20.327	2619.8469	62.8469	3.8469	 3.54	 0.27	226.92	 0.70	 3.30	 0.94	10.85	 2.51	328.55	296.25	310.04	274.95	300.58	0	54.99
2002	3	4	20.991	2619.8745	62.8746	3.8746	 4.10	 0.48	222.74	 0.69	 0.98	 1.00	10.93	 2.29	328.41	295.24	307.71	273.95	 0.00	0	54.79
2002	3	4	21.655	2619.9023	62.9023	3.9023	 6.17	32.50	218.53	 5.63	55.14	 1.00	10.93	 2.14	328.15	294.10	306.95	272.24	300.27	0	54.45
2002	3	4	22.321	2619.9299	62.9300	3.9300	 3.57	 0.93	222.09	 2.29	 9.96	 1.00	10.87	 2.27	328.00	292.85	304.99	271.54	300.16	0	54.31
2002	3	4	22.985	2619.9578	62.9577	3.9577	 4.37	 0.63	220.83	 0.67	 0.34	 1.00	10.82	 2.30	327.97	291.75	303.08	 0.00	296.31	0	54.00
2002	3	4	23.646	2619.9854	62.9853	3.9853	 4.77	 1.01	219.30	 0.72	 1.60	 0.99	10.83	 2.20	327.98	290.93	301.35	271.47	295.97	0	54.29
2002	3	5	0.310	2620.0129	63.0129	4.0129	 4.26	 0.56	219.77	 0.66	 0.91	 1.00	10.85	 2.29	328.02	290.32	300.90	271.40	294.27	0	54.28
2002	3	5	0.974	2620.0405	63.0406	4.0406	 5.60	 2.12	221.50	 0.66	 1.86	 0.98	10.87	 2.39	328.26	289.77	301.46	271.02	293.23	0	54.20
2002	3	5	1.639	2620.0684	63.0683	4.0683	 5.86	 4.17	219.75	 0.99	 0.96	 1.00	10.83	 2.28	328.27	289.45	300.45	271.22	294.89	0	54.24
2002	3	5	2.308	2620.0962	63.0962	4.0962	 4.25	 0.49	220.38	 0.59	 0.77	 1.00	10.88	 2.26	328.31	289.20	299.87	271.08	294.59	0	54.22
2002	3	5	2.973	2620.1238	63.1239	4.1239	 5.76	 2.59	219.41	 0.68	 0.31	 1.00	10.87	 2.26	328.38	289.04	299.82	271.01	293.68	0	54.20
2002	3	5	3.666	2620.1528	63.1527	4.1527	 5.88	 3.45	218.91	 0.80	 0.47	 1.00	10.78	 2.22	328.37	288.91	298.20	271.01	293.52	0	54.20
2002	3	5	4.326	2620.1802	63.1803	4.1803	 5.72	 2.91	220.00	 0.80	 0.72	 1.00	10.83	 2.29	328.31	288.88	299.12	271.05	294.15	0	54.21
2002	3	5	4.989	2620.2078	63.2079	4.2079	 7.18	12.15	218.84	 0.77	 0.43	 1.00	10.85	 2.25	328.35	288.89	298.89	271.02	295.50	0	54.20
2002	3	5	5.654	2620.2356	63.2356	4.2356	 5.67	 2.41	217.96	 0.69	 0.40	 1.00	10.82	 2.21	328.33	288.82	298.60	270.50	293.48	0	54.10
2002	3	5	6.316	2620.2632	63.2632	4.2632	 4.86	 0.88	218.12	 0.57	 0.56	 1.00	10.83	 2.23	328.33	288.61	298.47	270.65	295.25	0	54.13
2002	3	5	6.979	2620.2908	63.2908	4.2908	 4.41	 0.85	218.14	 0.86	 0.33	 1.00	10.83	 2.22	328.29	288.53	297.89	270.45	293.89	0	54.09
2002	3	5	7.642	2620.3184	63.3184	4.3184	 5.17	 1.31	217.48	 0.62	 0.50	 1.00	10.85	 2.22	328.25	288.44	297.79	269.97	293.15	0	53.99
2002	3	5	8.304	2620.3459	63.3460	4.3460	31.14	237491720812.16	218.82	 0.59	 2.06	 0.96	10.83	 2.25	328.17	288.12	297.96	269.21	 0.00	0	53.84
2002	3	5	8.966	2620.3735	63.3736	4.3736	26.62	3206484063.15	220.44	 0.73	 2.38	 0.98	10.85	 2.29	328.18	287.89	298.50	269.24	293.30	0	53.85
2002	3	5	9.629	2620.4011	63.4012	4.4012	18.08	487880.92	217.26	 0.56	 2.44	 0.94	10.88	 2.20	328.17	287.72	296.56	269.43	 0.00	0	53.89
2002	3	5	10.291	2620.4287	63.4288	4.4288	17.38	360034.78	220.88	 0.85	 4.51	 0.96	10.82	 2.29	328.12	287.56	298.46	269.45	292.32	0	53.89
2002	3	5	10.956	2620.4565	63.4565	4.4565	18.53	824205.34	217.33	 0.61	 2.22	 0.96	10.82	 2.21	328.21	287.72	297.43	 0.00	294.36	0	54.00
2002	3	5	11.622	2620.4841	63.4842	4.4842	 8.01	25.92	216.10	 0.70	 1.18	 1.00	10.83	 2.24	328.29	289.14	299.61	273.10	293.61	0	54.62
2002	3	5	12.286	2620.5120	63.5119	4.5119	24.98	649546827.51	214.19	 0.75	 0.14	 1.00	10.90	 2.32	328.47	291.67	302.34	283.59	296.68	0	56.72
2002	3	5	12.947	2620.5396	63.5394	4.5394	16.79	172988.30	214.60	 0.72	 0.84	 1.00	10.85	 2.30	328.56	294.20	305.95	283.20	301.83	0	56.64
2002	3	5	13.609	2620.5671	63.5670	4.5670	 7.33	13.31	217.39	 0.72	 0.28	 1.00	10.83	 2.34	328.65	296.18	308.84	283.69	299.94	0	56.74
2002	3	5	14.272	2620.5947	63.5947	4.5947	 3.40	 0.21	225.28	 0.62	 1.92	 0.97	10.85	 2.31	328.80	298.72	311.24	 0.00	302.37	0	54.00
2002	3	5	14.935	2620.6223	63.6223	4.6223	 3.03	 0.19	227.33	 0.82	 7.80	 0.81	10.83	 2.39	328.55	301.42	313.26	292.76	306.75	0	58.55
2002	3	5	15.596	2620.6499	63.6498	4.6498	 3.26	 0.13	229.23	 0.47	 4.04	 0.62	10.88	 2.33	329.29	303.31	316.02	289.20	310.00	0	57.84
2002	3	5	16.264	2620.6777	63.6777	4.6777	 3.18	 0.18	230.27	 0.70	19.33	 0.18	10.98	 2.26	329.49	303.54	318.15	284.50	310.15	0	56.90
2002	3	5	16.929	2620.7053	63.7054	4.7054	 2.78	 0.12	238.14	 0.75	 8.05	 0.72	10.92	 2.72	329.09	304.66	319.01	285.39	310.31	0	57.08
2002	3	5	17.593	2620.7329	63.7330	4.7330	 2.77	 0.14	232.93	 0.83	18.85	 0.35	10.85	 2.27	328.43	305.39	318.40	285.04	313.64	0	57.01
2002	3	5	18.255	2620.7607	63.7606	4.7606	 3.16	 0.20	233.05	 0.77	 7.12	 0.80	10.85	 2.43	328.15	306.32	319.35	286.81	313.76	0	57.36
2002	3	5	18.918	2620.7883	63.7883	4.7883	 2.89	 0.18	232.76	 0.95	14.77	 0.66	10.83	 2.33	328.53	306.25	320.13	283.66	312.62	0	56.73
2002	3	5	19.581	2620.8159	63.8159	4.8159	 3.49	 0.19	235.22	 0.54	 4.35	 0.73	10.98	 2.64	327.31	306.92	320.21	283.91	312.33	0	56.78
2002	3	5	21.638	2620.9016	63.9016	4.9016	 4.11	 0.58	230.44	 0.85	 0.98	 1.00	11.07	 2.45	326.54	303.12	316.64	 0.00	309.30	0	54.00
2002	3	5	22.977	2620.9573	63.9574	4.9574	 4.21	 1.19	221.16	 1.50	 1.70	 1.00	10.83	 2.13	326.91	297.78	311.26	273.20	302.00	0	54.64
2002	3	5	23.644	2620.9851	63.9852	4.9852	 3.95	 0.41	222.49	 0.69	 0.43	 1.00	11.00	 2.34	328.77	296.24	308.08	273.06	300.53	0	54.61
2002	3	6	0.321	2621.0134	64.0134	5.0134	 5.12	 1.40	222.14	 0.70	 0.86	 1.00	11.12	 2.32	329.07	295.22	307.02	273.06	302.12	0	54.61
2002	3	6	0.998	2621.0415	64.0416	5.0416	 4.62	 0.75	223.29	 0.63	 0.57	 1.00	11.03	 2.38	328.89	294.03	306.35	272.43	299.60	0	54.49
2002	3	6	1.675	2621.0698	64.0698	5.0698	 6.37	 3.17	220.75	 0.46	 0.62	 0.99	11.08	 2.27	329.48	293.02	304.66	272.41	297.61	0	54.48
2002	3	6	2.354	2621.0981	64.0981	5.0981	 7.42	13.53	222.92	 0.68	 0.31	 1.00	11.08	 2.37	328.91	292.41	303.89	272.18	297.48	0	54.44
2002	3	6	3.029	2621.1262	64.1262	5.1262	 4.25	 0.43	222.15	 0.52	 0.72	 0.99	11.07	 2.24	328.82	292.04	303.02	272.16	297.73	0	54.43
2002	3	6	3.706	2621.1545	64.1544	5.1544	 6.98	 4.98	221.02	 0.39	 1.83	 0.84	11.07	 2.32	329.03	291.72	301.99	272.37	296.75	0	54.47
2002	3	6	4.383	2621.1826	64.1826	5.1826	19.69	2371770.95	220.59	 0.56	 1.43	 0.98	11.10	 2.21	328.66	291.27	302.41	271.79	296.33	0	54.36
2002	3	6	5.059	2621.2107	64.2108	5.2108	 6.44	 5.80	221.44	 0.78	 0.78	 1.00	11.05	 2.27	328.33	290.94	302.26	271.76	295.00	0	54.35
2002	3	6	5.737	2621.2390	64.2390	5.2390	 5.51	 1.84	219.58	 0.62	 0.30	 1.00	11.08	 2.26	328.33	290.49	300.71	271.18	295.55	0	54.24
2002	3	6	6.411	2621.2671	64.2671	5.2671	 6.26	 5.58	219.78	 0.89	 0.32	 1.00	11.10	 2.25	328.67	290.04	300.11	270.87	295.32	0	54.17
2002	3	6	7.087	2621.2952	64.2953	5.2953	13.51	6354.66	216.72	 0.71	 0.47	 1.00	11.05	 2.15	328.85	289.59	299.06	270.74	295.20	0	54.15
2002	3	6	7.762	2621.3235	64.3234	5.3234	 4.98	 1.63	220.70	 0.95	 2.49	 0.99	11.08	 2.36	328.49	289.10	299.38	270.08	294.02	0	54.02
2002	3	6	8.439	2621.3516	64.3516	5.3516	 5.48	 2.33	220.57	 0.81	 1.96	 0.99	11.07	 2.31	328.69	288.61	299.90	269.85	292.53	0	53.97
2002	3	6	9.114	2621.3796	64.3797	5.3797	35.12	 1.00	218.63	 0.00	 0.62	 0.00	11.08	 2.27	328.64	288.20	298.23	269.74	292.99	0	53.95
2002	3	6	9.792	2621.4080	64.4080	5.4080	 5.92	 3.33	219.59	 0.74	 1.26	 1.00	11.07	 2.33	326.30	287.68	298.28	269.45	292.07	0	53.89
2002	3	6	10.467	2621.4360	64.4361	5.4361	 7.19	11.30	218.31	 0.70	 1.06	 1.00	11.08	 2.20	328.07	287.36	296.28	269.56	291.89	0	53.91
2002	3	6	11.142	2621.4644	64.4643	5.4643	16.80	172168.31	215.05	 0.71	 0.84	 1.00	11.08	 2.26	328.08	288.32	298.50	277.29	292.50	0	55.46
2002	3	6	11.818	2621.4924	64.4924	5.4924	 6.59	 5.55	215.97	 0.62	 0.96	 0.99	11.08	 2.29	328.20	290.48	301.04	282.47	295.54	0	56.49
2002	3	6	12.495	2621.5205	64.5206	5.5206	 4.00	 0.63	216.36	 0.97	 5.36	 0.96	11.08	 2.27	328.39	293.31	304.02	286.58	297.96	0	57.32
2002	3	6	13.204	2621.5500	64.5501	5.5502	37.26	 1.00	209.58	 0.00	 1.78	 0.00	11.10	 2.22	328.59	296.33	304.62	284.69	299.59	0	56.94
2002	3	6	13.879	2621.5784	64.5783	5.5783	 5.55	 2.11	208.60	 0.65	 1.96	 0.98	11.07	 2.12	328.56	299.06	308.08	289.10	307.86	0	57.82
2002	3	6	14.554	2621.6064	64.6064	5.6064	 3.40	 0.34	214.96	 0.95	 8.08	 0.89	11.07	 2.03	329.21	302.33	312.11	295.66	307.68	0	59.13
2002	3	6	15.231	2621.6345	64.6346	5.6346	 4.99	 1.35	215.91	 0.76	 1.17	 1.00	11.08	 2.02	325.09	303.08	313.22	286.90	310.34	0	57.38
2002	3	6	15.905	2621.6628	64.6627	5.6627	 3.37	 0.22	217.62	 0.65	 3.58	 0.90	11.05	 2.07	325.25	303.16	313.72	286.55	309.42	0	57.31
2002	3	6	16.580	2621.6909	64.6908	5.6908	 3.85	 0.49	221.39	 0.90	 0.54	 1.00	11.05	 2.20	325.14	302.75	314.99	284.45	309.08	0	56.89
2002	3	6	17.255	2621.7190	64.7190	5.7190	 5.46	 2.28	212.65	 0.78	 0.57	 1.00	11.05	 1.88	325.20	302.88	314.32	282.45	311.51	0	56.49
2002	3	6	18.604	2621.7751	64.7752	5.7752	 4.85	 1.39	214.61	 0.89	 0.70	 1.00	11.05	 1.91	325.09	303.25	315.00	281.79	309.42	0	56.36
2002	3	6	19.279	2621.8032	64.8033	5.8033	 3.30	 0.31	215.36	 0.97	 1.19	 1.00	11.05	 1.99	325.23	303.76	314.15	285.33	308.21	0	57.07
2002	3	6	19.955	2621.8315	64.8315	5.8315	 4.25	 0.68	215.44	 0.81	 0.71	 1.00	11.07	 1.99	325.11	304.45	315.54	283.12	310.12	0	56.62
2002	3	6	20.631	2621.8596	64.8596	5.8596	 3.90	 0.54	213.73	 0.91	 0.12	 1.00	11.03	 1.93	325.05	303.42	314.63	279.30	309.13	0	55.86
2002	3	6	21.305	2621.8877	64.8877	5.8877	 3.67	 0.46	213.49	 0.99	 1.89	 1.00	11.07	 2.00	324.99	302.94	313.49	280.17	308.35	0	56.03
2002	3	6	21.980	2621.9158	64.9158	5.9158	30.60	216712378145.23	212.48	 0.89	 2.29	 0.99	11.08	 1.93	325.29	300.65	311.80	 0.00	306.83	0	54.00
2002	3	6	22.654	2621.9438	64.9439	5.9439	16.38	1413690.98	210.18	 8.66	135.71	 1.00	11.07	 2.06	325.46	297.85	307.50	273.41	303.46	0	54.68
2002	3	6	23.328	2621.9719	64.9720	5.9720	 5.30	 2.53	207.51	 1.00	 1.24	 1.00	11.05	 1.92	328.53	295.48	303.84	271.72	300.68	0	54.34
2002	3	7	0.003	2622.0000	65.0001	6.0001	 4.75	 1.24	210.55	 0.86	 2.11	 0.99	11.07	 2.03	328.51	293.53	301.79	270.50	297.86	0	54.10
2002	3	7	0.678	2622.0283	65.0282	6.0282	 4.96	 1.31	211.34	 0.74	 0.93	 1.00	11.07	 2.10	328.69	291.88	300.15	269.69	297.01	0	53.94
2002	3	7	1.353	2622.0564	65.0564	6.0564	 3.63	 0.44	212.67	 0.97	 1.12	 1.00	11.05	 2.05	328.67	290.67	297.32	269.13	295.67	0	53.83
2002	3	7	2.027	2622.0845	65.0844	6.0844	 4.40	 0.74	213.54	 0.74	 1.66	 0.99	11.07	 2.05	328.65	289.80	296.94	269.72	295.42	0	53.94
2002	3	7	2.701	2622.1125	65.1126	6.1126	 3.70	 0.39	214.85	 0.82	 0.72	 1.00	11.08	 2.09	328.85	289.15	296.96	269.61	293.17	0	53.92
2002	3	7	3.377	2622.1406	65.1407	6.1407	 4.04	 0.55	215.07	 0.81	 0.72	 1.00	11.07	 2.18	328.09	288.51	296.38	269.27	292.53	0	53.85
2002	3	7	4.051	2622.1687	65.1688	6.1688	 4.12	 0.73	212.66	 0.97	 1.97	 1.00	11.05	 2.08	328.30	288.02	293.97	269.15	294.90	0	53.83
2002	3	7	4.726	2622.1970	65.1969	6.1969	 4.46	 1.05	211.86	 0.98	 0.87	 1.00	11.05	 2.04	328.32	287.79	293.60	269.69	292.70	0	53.94
2002	3	7	5.401	2622.2251	65.2250	6.2250	 4.18	 0.67	215.15	 0.86	 0.57	 1.00	11.08	 2.19	328.16	287.63	294.88	269.34	293.23	0	53.87
2002	3	7	6.111	2622.2546	65.2546	6.2546	 4.47	 0.79	213.81	 0.75	 1.77	 0.99	11.10	 2.11	328.43	287.32	294.27	269.13	292.24	0	53.83
2002	3	7	6.786	2622.2827	65.2827	6.2827	 5.87	 3.93	214.85	 0.91	 0.73	 1.00	11.03	 2.16	328.54	287.01	294.53	268.04	290.90	0	53.61
2002	3	7	7.461	2622.3108	65.3109	6.3109	 5.23	 1.73	214.61	 0.75	 0.44	 1.00	11.05	 2.13	328.28	286.73	293.32	268.34	291.55	0	53.67
2002	3	7	8.135	2622.3389	65.3390	6.3390	 4.17	 0.66	215.13	 0.85	 1.48	 1.00	11.07	 2.14	328.35	286.52	293.25	268.24	291.29	0	53.65
2002	3	7	8.809	2622.3669	65.3670	6.3670	 7.26	12.36	216.17	 0.71	 0.56	 1.00	11.07	 2.23	328.58	286.42	293.29	268.58	291.12	0	53.72
2002	3	7	9.483	2622.3950	65.3951	6.3951	 6.62	 6.29	217.23	 0.69	 0.73	 1.00	11.07	 2.30	328.80	286.27	293.52	269.05	291.28	0	53.81
2002	3	7	10.158	2622.4233	65.4232	6.4232	 3.97	 0.58	218.16	 0.92	 1.10	 1.00	11.05	 2.17	328.57	286.14	294.48	269.15	290.88	0	53.83
2002	3	7	10.833	2622.4514	65.4514	6.4514	16.08	84717.21	213.75	 0.71	 1.71	 0.99	11.05	 2.25	328.43	286.56	294.48	272.38	290.05	0	54.48
2002	3	7	11.507	2622.4795	65.4795	6.4795	 6.13	 5.14	208.37	 0.89	 0.15	 1.00	11.03	 2.09	328.52	288.62	294.81	278.01	292.97	0	55.60
2002	3	7	12.182	2622.5076	65.5076	6.5076	19.04	2034687.41	208.41	 0.86	 1.33	 1.00	11.08	 2.21	328.63	291.31	298.24	281.26	 0.00	0	56.25
2002	3	7	12.858	2622.5356	65.5358	6.5358	 4.21	 0.69	210.28	 0.82	 1.75	 0.99	11.07	 2.18	328.67	294.18	303.02	283.42	297.63	0	56.68
2002	3	7	13.533	2622.5640	65.5639	6.5639	 3.85	 0.51	213.34	 0.90	 2.44	 0.99	11.05	 2.15	328.91	296.96	305.80	 0.00	 0.00	0	54.00
2002	3	7	14.209	2622.5920	65.5920	6.5920	 3.49	 0.29	215.40	 0.76	 2.01	 0.99	11.03	 2.23	329.02	299.73	310.70	290.59	306.43	0	58.12
2002	3	7	14.884	2622.6201	65.6202	6.6202	 3.28	 0.21	215.28	 0.69	 0.73	 1.00	11.08	 2.08	329.93	302.53	312.77	291.82	308.45	0	58.36
2002	3	7	15.559	2622.6482	65.6483	6.6483	 3.28	 0.30	218.82	 0.98	 2.08	 0.99	11.05	 2.14	329.93	304.47	316.84	291.42	309.26	0	58.28
2002	3	7	16.234	2622.6765	65.6764	6.6764	 3.15	 0.24	216.44	 0.88	 1.55	 1.00	11.07	 1.95	328.46	305.84	318.29	288.90	310.58	0	57.78
2002	3	7	16.909	2622.7046	65.7045	6.7045	 3.16	 0.17	223.73	 0.64	 2.54	 0.94	11.03	 2.21	328.23	306.70	318.79	286.42	313.06	0	57.28
2002	3	7	17.583	2622.7327	65.7326	6.7326	 3.19	 0.24	220.17	 0.86	 1.31	 1.00	11.13	 2.02	329.97	307.59	319.60	286.73	312.14	0	57.35
2002	3	7	18.259	2622.7607	65.7608	6.7608	 3.49	 0.38	223.95	 1.03	 0.59	 1.00	11.10	 2.19	328.67	308.22	320.52	284.90	312.58	0	56.98
2002	3	7	18.936	2622.7891	65.7890	6.7890	 3.40	 0.35	220.01	 1.02	 1.36	 1.00	11.03	 1.97	327.62	308.51	320.73	284.77	316.66	0	56.95
2002	3	7	19.612	2622.8171	65.8172	6.8172	 3.79	 0.71	217.09	 1.35	 2.73	 1.00	11.08	 1.90	328.91	308.64	320.47	283.64	312.35	0	56.73
2002	3	7	20.287	2622.8452	65.8453	6.8453	 3.71	 0.49	216.76	 1.02	 0.23	 1.00	11.07	 1.94	329.01	308.46	320.74	284.00	313.76	0	56.80
2002	3	7	21.638	2622.9016	65.9016	6.9016	 4.13	 0.73	217.89	 0.98	 1.21	 1.00	11.03	 2.06	328.83	306.89	318.80	281.43	311.72	0	56.29
2002	3	7	22.312	2622.9297	65.9296	6.9297	 4.28	 0.82	218.66	 0.95	 1.36	 1.00	11.07	 2.09	328.74	304.47	317.90	276.63	308.58	0	55.33
2002	3	7	23.697	2622.9873	65.9874	6.9874	 6.21	 5.04	209.44	 0.80	 0.77	 1.00	11.07	 1.98	329.11	297.64	306.79	271.85	302.22	0	54.37
2002	3	8	0.372	2623.0154	66.0155	7.0155	 4.22	 0.72	211.71	 0.85	 0.82	 1.00	11.07	 2.03	328.72	295.58	304.74	271.20	299.79	0	54.24
2002	3	8	1.048	2623.0437	66.0436	7.0436	20.88	11921296.18	212.20	 0.82	 0.71	 1.00	11.05	 1.99	328.90	293.70	301.62	270.66	299.39	0	54.13
2002	3	8	1.722	2623.0718	66.0717	7.0717	 5.05	 1.74	214.44	 0.91	 0.19	 1.00	11.07	 2.05	328.09	292.35	301.19	271.52	298.19	0	54.30
2002	3	8	2.397	2623.0999	66.0999	7.0999	16.64	192673.03	212.63	 0.92	 0.51	 1.00	11.07	 1.96	327.23	291.24	299.10	271.16	296.48	0	54.23
2002	3	8	3.071	2623.1279	66.1280	7.1280	17.10	234256.01	213.79	 0.71	 1.97	 0.99	11.07	 2.07	328.28	290.41	297.57	270.42	296.16	0	54.08
2002	3	8	3.746	2623.1560	66.1561	7.1561	21.79	30456633.20	212.82	 0.85	 0.90	 1.00	11.03	 2.06	328.45	289.86	296.80	270.04	294.97	0	54.01
2002	3	8	4.421	2623.1841	66.1842	7.1842	 4.52	 0.89	215.94	 0.80	 0.56	 1.00	11.07	 2.12	328.51	289.31	296.68	269.82	294.40	0	53.96
2002	3	8	5.095	2623.2124	66.2123	7.2123	 4.83	 1.13	215.80	 0.74	 0.78	 1.00	11.03	 2.10	328.75	288.97	296.69	270.61	293.02	0	54.12
2002	3	8	5.769	2623.2405	66.2404	7.2404	 5.14	 1.27	215.70	 0.61	 0.41	 1.00	11.05	 2.16	328.83	288.81	295.80	270.74	293.19	0	54.15
2002	3	8	6.443	2623.2686	66.2685	7.2685	 5.63	 2.30	211.22	 0.66	 2.06	 0.98	11.05	 1.98	328.85	288.76	293.17	 0.00	295.90	0	54.00
2002	3	8	7.118	2623.2966	66.2966	7.2966	 5.05	 1.42	211.92	 0.74	 0.74	 1.00	11.07	 2.00	328.72	288.76	293.97	270.82	293.83	0	54.16
2002	3	8	7.794	2623.3247	66.3248	7.3248	 4.11	 0.68	217.87	 0.93	 0.57	 1.00	11.07	 2.21	328.75	288.74	296.16	271.22	293.76	0	54.24
2002	3	8	8.469	2623.3528	66.3529	7.3529	 4.96	 1.14	216.42	 0.66	 1.09	 0.99	11.07	 2.18	328.93	288.79	295.75	271.49	294.47	0	54.30
2002	3	8	9.145	2623.3811	66.3810	7.3810	16.73	152741.63	210.40	 0.66	 0.94	 1.00	11.08	 1.98	328.94	288.85	293.71	271.87	292.97	0	54.37
2002	3	8	9.820	2623.4092	66.4092	7.4092	25.47	1403707941.17	211.83	 0.98	 2.12	 1.00	11.03	 2.04	329.02	288.69	295.36	271.43	293.92	0	54.29
2002	3	8	10.494	2623.4373	66.4373	7.4373	 4.34	 0.87	215.25	 0.94	 1.47	 1.00	11.07	 2.10	329.02	288.74	295.81	272.86	293.97	0	54.57
2002	3	8	11.169	2623.4653	66.4654	7.4654	26.38	3267629777.76	214.44	 0.92	 1.05	 1.00	11.05	 2.17	329.01	289.44	296.99	273.40	295.48	0	54.68
2002	3	8	11.844	2623.4934	66.4935	7.4935	19.27	2464478.10	210.86	 0.84	 0.50	 1.00	11.05	 1.98	329.10	289.88	296.09	273.90	295.06	0	54.78
2002	3	8	12.518	2623.5215	66.5216	7.5216	 4.73	 1.06	214.72	 0.77	 0.57	 1.00	11.07	 2.16	329.12	290.61	298.53	275.49	296.46	0	55.10
2002	3	8	13.193	2623.5498	66.5497	7.5497	 4.96	 1.30	213.26	 0.74	 0.50	 1.00	11.05	 2.10	329.18	291.38	298.97	277.32	296.56	0	55.46
2002	3	8	13.869	2623.5779	66.5779	7.5779	 4.21	 0.71	212.43	 0.86	 0.98	 1.00	11.07	 1.98	329.18	292.53	300.26	278.41	297.75	0	55.68
2002	3	8	14.543	2623.6060	66.6059	7.6059	 3.92	 0.61	216.75	 1.02	 3.79	 0.98	11.05	 2.28	329.61	296.18	304.75	 0.00	300.91	0	54.00
2002	3	8	15.218	2623.6340	66.6341	7.6341	 3.63	 0.49	216.57	 1.11	 1.74	 1.00	11.03	 2.07	329.55	299.79	308.77	 0.00	305.01	0	54.00
2002	3	8	15.928	2623.6636	66.6637	7.6637	 3.34	 0.38	220.90	 1.18	12.95	 0.88	11.08	 2.02	329.38	302.84	311.59	 0.00	308.71	0	54.00
2002	3	8	16.602	2623.6917	66.6918	7.6918	 5.65	 2.98	214.85	 0.85	 1.69	 1.00	11.07	 1.98	329.39	303.25	313.33	284.71	308.87	0	56.94
2002	3	8	17.279	2623.7200	66.7200	7.7200	 4.30	 0.65	217.35	 0.73	 0.74	 1.00	11.07	 2.04	329.34	302.97	314.54	282.95	307.65	0	56.59
2002	3	8	17.954	2623.7480	66.7481	7.7481	 3.93	 0.56	208.99	 0.89	 2.70	 0.99	11.05	 1.81	329.35	301.61	311.70	276.41	 0.00	0	55.28
2002	3	8	18.629	2623.7761	66.7762	7.7762	 4.16	 0.67	213.61	 0.86	 0.90	 1.00	11.03	 2.01	329.40	300.57	310.36	 0.00	305.98	0	54.00
2002	3	8	19.304	2623.8042	66.8043	7.8043	 4.78	 0.82	212.55	 0.56	 0.55	 1.00	11.02	 2.03	329.20	299.51	308.82	277.29	305.17	0	55.46
2002	3	8	19.978	2623.8325	66.8324	7.8324	 4.37	 0.78	213.36	 0.81	 0.64	 1.00	11.05	 2.05	329.06	298.01	306.89	274.39	302.57	0	54.88
2002	3	8	22.004	2623.9167	66.9168	7.9168	 5.15	 1.86	213.59	 0.88	 0.24	 1.00	11.03	 2.07	328.59	294.98	302.81	 0.00	300.48	0	54.00
2002	3	8	22.678	2623.9448	66.9449	7.9449	 4.78	 1.37	214.54	 0.95	 1.22	 1.00	11.05	 2.10	328.42	293.96	302.55	272.39	297.81	0	54.48
2002	3	8	23.355	2623.9731	66.9731	7.9731	 4.28	 0.54	215.22	 0.61	 0.87	 0.99	11.10	 2.20	328.22	293.15	300.92	272.36	297.21	0	54.47
2002	3	9	0.031	2624.0012	67.0013	8.0013	 4.71	 0.87	213.40	 0.64	 0.23	 1.00	11.07	 2.11	328.28	292.55	299.65	272.26	297.59	0	54.45
2002	3	9	0.706	2624.0293	67.0294	8.0294	 5.55	 1.69	212.71	 0.53	 0.64	 1.00	11.08	 2.09	328.28	292.23	299.36	272.12	297.57	0	54.42
2002	3	9	1.381	2624.0576	67.0575	8.0575	 6.27	 5.30	213.20	 0.81	 0.75	 1.00	11.12	 2.12	328.27	291.89	298.95	271.93	 0.00	0	54.39
2002	3	9	2.056	2624.0857	67.0857	8.0857	 5.90	 2.72	213.16	 0.60	 0.99	 0.99	11.03	 2.10	328.23	291.68	299.13	271.76	297.10	0	54.35
2002	3	9	2.731	2624.1138	67.1138	8.1138	 4.63	 1.20	213.36	 0.95	 1.96	 1.00	11.07	 2.06	328.27	291.45	298.03	272.00	296.43	0	54.40
2002	3	9	3.406	2624.1418	67.1419	8.1419	 4.35	 0.79	233.58	 0.91	 3.96	 0.97	11.08	 1.79	328.61	290.89	319.64	271.22	295.88	0	54.24
2002	3	9	4.080	2624.1699	67.1700	8.1700	 4.66	 1.12	235.45	 0.95	 4.89	 0.97	11.03	 1.98	328.66	290.46	318.67	 0.00	295.40	0	54.00
2002	3	9	4.754	2624.1980	67.1981	8.1981	 4.35	 0.94	234.15	 1.09	 3.12	 0.99	11.03	 1.88	329.13	290.06	317.47	270.90	295.55	0	54.18
2002	3	9	5.428	2624.2261	67.2262	8.2262	 4.65	 0.96	232.74	 0.82	 6.55	 0.88	11.07	 1.80	329.00	289.85	317.66	271.01	294.66	0	54.20
2002	3	9	6.102	2624.2542	67.2543	8.2543	 5.22	 1.72	233.93	 0.83	 3.31	 0.98	11.08	 1.79	328.78	289.63	318.19	270.63	293.22	0	54.13
2002	3	9	6.776	2624.2825	67.2823	8.2823	 6.41	 4.43	232.28	 0.64	 3.54	 0.92	11.05	 1.72	328.76	289.51	318.37	271.26	294.98	0	54.25
2002	3	9	7.451	2624.3105	67.3105	8.3105	 4.12	 0.86	231.61	 1.25	 6.06	 0.98	11.07	 1.63	328.79	289.59	318.08	 0.00	293.79	0	54.00
2002	3	9	8.126	2624.3386	67.3386	8.3386	 3.85	 0.50	234.14	 0.97	 2.48	 0.99	11.07	 1.80	328.78	289.84	317.36	271.32	294.63	0	54.26
2002	3	9	8.857	2624.3691	67.3690	8.3691	 6.05	 4.27	218.55	 0.83	 0.40	 1.00	10.95	 2.22	328.78	289.85	299.84	271.09	293.80	0	54.22
2002	3	9	9.531	2624.3972	67.3971	8.3971	 4.71	 0.85	219.06	 0.64	 0.99	 0.99	11.12	 2.23	328.76	289.71	299.90	271.38	293.70	0	54.28
2002	3	9	10.219	2624.4258	67.4258	8.4258	 5.00	 1.51	220.55	 0.85	 0.27	 1.00	11.28	 2.39	328.71	289.33	300.26	270.89	293.44	0	54.18
2002	3	9	10.909	2624.4546	67.4545	8.4545	22.89	69272078.43	212.80	 0.64	 1.36	 0.99	11.33	 2.21	328.74	289.06	299.05	271.52	294.06	0	54.30
2002	3	9	11.599	2624.4832	67.4833	8.4833	29.05	52866861049.78	214.40	 1.03	 2.61	 1.00	11.28	 2.22	328.88	289.26	299.05	 0.00	293.00	0	54.00
2002	3	9	12.290	2624.5120	67.5121	8.5121	 7.12	10.70	217.55	 0.71	 1.72	 0.99	11.35	 2.40	329.07	290.95	302.20	278.12	295.56	0	55.62
2002	3	9	12.970	2624.5405	67.5404	8.5404	17.07	313778.50	210.13	 0.97	 2.19	 1.00	11.05	 2.22	329.16	293.35	302.33	282.10	298.80	0	56.42
2002	3	9	13.653	2624.5688	67.5689	8.5689	 7.38	16.17	214.88	 0.82	 5.13	 0.94	11.28	 2.32	329.16	295.78	305.02	284.17	299.96	0	56.83
2002	3	9	14.350	2624.5979	67.5979	8.5979	 3.72	 0.40	213.99	 0.81	 1.05	 1.00	11.33	 2.20	329.41	299.12	310.14	288.42	305.27	0	57.68
2002	3	9	15.045	2624.6270	67.6269	8.6269	 3.92	 0.62	213.77	 1.02	 2.78	 0.99	11.33	 2.14	329.55	301.89	312.30	285.87	306.03	0	57.17
2002	3	9	15.739	2624.6558	67.6558	8.6558	 2.94	 0.18	219.49	 0.83	 2.86	 0.98	11.33	 2.07	329.66	303.85	315.75	286.49	310.00	0	57.30
2002	3	9	16.432	2624.6846	67.6847	8.6847	 4.23	 0.59	217.15	 0.72	 1.37	 0.99	11.33	 2.01	329.41	302.89	315.19	278.41	309.19	0	55.68
2002	3	9	17.122	2624.7134	67.7134	8.7134	 3.90	 0.49	213.05	 0.83	 3.02	 0.98	11.32	 1.92	329.45	301.54	312.82	277.77	305.88	0	55.55
2002	3	9	17.814	2624.7422	67.7422	8.7422	 4.98	 1.47	215.07	 0.83	 1.22	 1.00	11.33	 2.06	329.28	299.96	311.04	275.73	305.82	0	55.15
2002	3	9	18.505	2624.7710	67.7710	8.7710	 4.23	 0.42	220.92	 0.52	 0.27	 1.00	11.32	 2.17	329.35	299.27	309.78	 0.00	304.68	0	54.00
2002	3	9	19.196	2624.7998	67.7998	8.7998	 3.85	 0.45	214.93	 0.80	 0.55	 1.00	11.33	 2.12	329.49	300.07	309.59	279.67	305.64	0	55.93
2002	3	9	19.887	2624.8286	67.8286	8.8286	 4.50	 0.93	219.43	 0.87	 0.28	 1.00	11.33	 2.23	329.35	300.18	311.40	277.55	305.51	0	55.51
2002	3	9	20.578	2624.8574	67.8574	8.8574	 5.48	 2.76	213.08	 0.93	 1.51	 1.00	11.33	 2.03	329.19	298.56	308.76	273.97	303.86	0	54.79
2002	3	9	21.961	2624.9150	67.9151	8.9151	 4.51	 1.25	215.06	 1.13	 0.83	 1.00	11.35	 2.09	328.98	295.40	304.79	272.52	300.41	0	54.50
2002	3	9	22.652	2624.9438	67.9438	8.9438	 4.12	 0.60	216.69	 0.82	 0.89	 1.00	11.32	 2.23	328.82	294.19	303.75	272.02	299.30	0	54.40
2002	3	9	23.343	2624.9727	67.9726	8.9726	 5.21	 1.27	216.13	 0.57	 0.16	 1.00	11.33	 2.20	328.65	293.11	301.83	271.95	298.78	0	54.39
2002	3	10	0.034	2625.0015	68.0014	9.0014	 4.61	 0.97	214.11	 0.79	 0.35	 1.00	11.33	 2.13	328.54	292.26	301.11	271.52	297.35	0	54.30
2002	3	10	0.726	2625.0303	68.0302	9.0302	23.72	185607093.11	213.78	 0.75	 1.02	 1.00	11.33	 2.12	328.44	291.19	300.27	271.17	296.90	0	54.23
2002	3	10	1.417	2625.0591	68.0590	9.0590	 4.60	 0.66	218.21	 0.56	 1.25	 0.98	11.30	 2.29	328.51	290.35	300.64	270.99	295.28	0	54.20
2002	3	10	2.138	2625.0891	68.0891	9.0891	17.33	398823.93	209.49	 0.94	 0.83	 1.00	11.37	 1.99	329.08	289.72	295.45	271.09	294.58	0	54.22
2002	3	10	2.830	2625.1179	68.1179	9.1179	25.36	1274116424.96	211.14	 0.99	 0.75	 1.00	11.33	 2.10	329.11	289.41	294.79	271.03	294.12	0	54.21
2002	3	10	3.522	2625.1467	68.1468	9.1468	25.66	1356566654.46	212.64	 0.79	 0.32	 1.00	11.33	 2.10	329.16	289.27	295.54	270.93	293.84	0	54.19
2002	3	10	4.213	2625.1755	68.1756	9.1756	29.88	85745956494.93	212.82	 0.73	 0.45	 1.00	11.33	 2.19	329.09	289.23	294.33	270.89	293.70	0	54.18
2002	3	10	4.905	2625.2043	68.2044	9.2044	20.45	8599048.51	210.74	 0.90	 0.71	 1.00	11.33	 2.11	329.06	289.20	293.74	270.99	293.59	0	54.20
2002	3	10	5.596	2625.2332	68.2332	9.2332	33.31	 1.00	210.44	 0.00	 0.47	 0.00	11.33	 2.05	329.06	289.08	294.77	270.72	293.46	0	54.14
2002	3	10	6.288	2625.2620	68.2620	9.2620	30.38	114986370375.88	213.14	 0.59	 0.31	 1.00	11.32	 2.17	329.00	288.91	295.19	270.76	293.29	0	54.15
2002	3	13	17.486	2628.7285	71.7286	12.7286	 3.50	 0.56	211.79	 1.40	 3.38	 1.00	11.68	 2.10	330.30	293.29	296.86	281.61	297.31	0	56.32
2002	3	13	18.911	2628.7878	71.7880	12.7880	 2.95	 0.20	214.59	 0.88	 0.96	 1.00	11.67	 2.06	329.94	299.41	306.63	280.74	303.94	0	56.15
2002	3	13	19.622	2628.8176	71.8176	12.8176	 3.02	 0.23	213.60	 0.98	 0.50	 1.00	11.68	 2.05	330.82	301.16	308.48	280.32	303.68	0	56.06
2002	3	13	20.334	2628.8472	71.8472	12.8472	 2.80	 0.19	213.05	 1.02	 0.90	 1.00	11.67	 2.06	330.51	302.20	310.41	279.93	306.20	0	55.99
2002	3	13	21.048	2628.8770	71.8770	12.8770	 2.88	 0.19	215.10	 0.93	 1.03	 1.00	11.67	 2.17	330.09	302.72	312.03	279.32	306.68	0	55.86
2002	3	13	21.760	2628.9067	71.9067	12.9067	 3.09	 0.28	209.96	 1.08	 3.11	 0.99	11.70	 1.99	329.94	301.91	310.90	277.08	306.75	0	55.42
2002	3	13	22.472	2628.9363	71.9363	12.9363	 3.64	 0.38	210.70	 0.82	 3.17	 0.97	11.68	 2.07	330.04	299.60	307.61	274.77	304.20	0	54.95
2002	3	13	23.186	2628.9661	71.9661	12.9661	 3.40	 0.78	214.65	 2.22	 4.41	 1.00	11.65	 2.15	330.01	296.43	305.43	 0.00	300.67	0	54.00
2002	3	13	23.901	2628.9958	71.9959	12.9959	 3.46	 1.08	207.35	 2.78	13.25	 1.00	11.65	 1.99	329.96	293.87	300.39	270.15	298.88	0	54.03
2002	3	14	0.614	2629.0256	72.0256	13.0256	 3.46	 0.32	213.40	 0.83	 1.28	 1.00	11.67	 2.23	330.01	292.10	300.45	269.75	297.48	0	53.95
2002	3	14	1.326	2629.0552	72.0552	13.0552	 2.25	 0.09	212.59	 0.91	 1.08	 1.00	11.67	 2.15	329.99	290.48	298.84	268.61	295.94	0	53.72
2002	3	14	2.037	2629.0850	72.0849	13.0849	 1.96	 0.08	212.69	 1.10	 1.55	 1.00	11.72	 2.19	330.08	289.10	296.29	268.43	292.89	0	53.69
2002	3	14	2.751	2629.1147	72.1146	13.1146	 1.92	 0.04	210.46	 0.59	 1.97	 0.92	11.63	 2.10	330.12	288.14	293.97	268.37	 0.00	0	53.67
2002	3	14	3.464	2629.1443	72.1443	13.1443	 1.80	 0.06	210.07	 0.99	 1.23	 1.00	11.67	 2.09	330.13	287.42	293.81	268.74	292.75	0	53.75
2002	3	14	4.177	2629.1741	72.1740	13.1741	 1.65	 0.05	209.14	 1.03	 2.07	 0.99	11.73	 2.11	330.03	286.79	293.01	267.94	290.04	0	53.59
2002	3	14	4.889	2629.2036	72.2037	13.2037	 1.78	 0.05	209.45	 0.83	 2.70	 0.96	11.65	 2.23	330.41	286.05	292.60	 0.00	291.22	0	54.00
2002	3	14	5.602	2629.2334	72.2334	13.2334	 1.76	 0.06	208.16	 1.11	 2.12	 0.99	11.67	 2.05	330.04	285.63	291.03	267.41	291.93	0	53.48
2002	3	14	6.314	2629.2632	72.2631	13.2631	 1.72	 0.04	207.50	 0.74	 1.59	 0.98	11.67	 2.07	330.05	285.15	290.83	 0.00	289.65	0	54.00
2002	3	14	7.027	2629.2927	72.2928	13.2928	 1.41	 0.04	206.91	 1.26	 0.66	 1.00	11.67	 2.07	330.77	284.83	291.01	 0.00	289.75	0	54.00
2002	3	15	3.756	2630.1565	73.1565	14.1565	11.83	1046.18	208.77	 0.60	 1.50	 0.98	11.70	 1.96	329.86	303.30	298.77	 0.00	299.56	0	54.00
2002	3	15	4.476	2630.1865	73.1865	14.1865	 3.56	 0.33	212.77	 0.79	 0.69	 1.00	11.73	 2.03	329.92	297.16	298.16	269.45	296.81	0	53.89
2002	3	15	5.196	2630.2166	73.2165	14.2165	 4.27	 0.49	215.29	 0.56	 0.73	 0.99	11.70	 2.19	329.83	293.75	297.97	 0.00	296.60	0	54.00
2002	3	15	5.914	2630.2463	73.2464	14.2464	 3.91	 0.58	214.53	 0.97	 0.27	 1.00	11.73	 2.09	329.84	291.82	297.64	270.16	295.56	0	54.03
2002	3	15	6.637	2630.2766	73.2765	14.2765	 4.28	 0.79	214.53	 0.89	 2.06	 0.99	11.73	 2.11	329.90	290.83	296.61	270.44	295.22	0	54.09
2002	3	15	7.359	2630.3066	73.3066	14.3066	 8.53	57.15	214.27	 0.92	 1.18	 1.00	11.72	 2.04	329.84	290.30	296.66	270.48	294.74	0	54.10
2002	3	15	8.081	2630.3367	73.3367	14.3367	 5.99	 3.36	214.83	 0.69	 0.70	 1.00	11.83	 2.12	329.89	289.86	297.03	270.95	294.50	0	54.19
2002	3	15	8.805	2630.3669	73.3669	14.3669	 4.77	 1.49	213.75	 1.04	 0.94	 1.00	11.70	 2.08	329.81	289.64	295.90	269.87	293.09	0	53.97
2002	3	15	9.529	2630.3970	73.3970	14.3970	 4.66	 0.92	213.03	 0.71	 0.12	 1.00	11.78	 2.09	329.72	289.05	295.69	 0.00	292.91	0	54.00
2002	3	15	10.254	2630.4272	73.4273	14.4273	 4.64	 0.99	215.29	 0.79	 0.18	 1.00	11.87	 2.11	329.55	288.36	295.40	268.30	293.10	0	53.66
2002	3	15	10.984	2630.4578	73.4577	14.4577	 5.50	 2.21	210.30	 0.72	 0.17	 1.00	11.92	 2.12	329.61	288.46	295.84	274.26	292.77	0	54.85
2002	3	15	11.712	2630.4880	73.4880	14.4880	16.72	196819.31	206.37	 0.84	 2.35	 0.99	11.80	 2.08	329.77	290.45	297.13	281.92	295.49	0	56.38
2002	3	15	12.439	2630.5183	73.5183	14.5183	18.97	1744948.40	202.79	 0.77	 1.67	 0.99	11.88	 2.03	330.01	293.51	299.31	290.07	298.08	0	58.01
2002	3	15	13.169	2630.5488	73.5487	14.5487	 6.96	 9.58	207.74	 0.72	 1.79	 0.99	11.87	 2.21	330.03	296.85	304.62	292.59	302.63	0	58.52
2002	3	15	13.899	2630.5791	73.5791	14.5791	 5.45	 2.74	207.34	 0.92	 1.14	 1.00	11.87	 2.03	330.03	299.97	309.05	289.97	305.51	0	57.99
2002	3	15	14.627	2630.6094	73.6095	14.6095	17.02	257645.56	206.89	 0.82	 5.60	 0.93	11.95	 1.93	330.38	301.78	312.13	289.55	308.75	0	57.91
2002	3	15	15.356	2630.6399	73.6398	14.6398	 4.13	 0.92	209.07	 1.19	 4.81	 0.99	11.85	 2.01	330.35	303.50	314.60	288.97	310.34	0	57.79
2002	3	15	16.088	2630.6704	73.6703	14.6703	 3.40	 0.43	211.19	 1.19	 2.16	 1.00	11.90	 2.05	329.29	304.88	314.96	284.77	310.69	0	56.95
2002	3	15	16.824	2630.7009	73.7010	14.7010	 3.31	 0.35	211.38	 1.06	 1.54	 1.00	11.98	 1.92	330.27	305.52	317.56	285.34	313.94	0	57.07
2002	3	15	18.302	2630.7627	73.7626	14.7626	 4.00	 0.71	212.39	 1.08	 0.83	 1.00	11.93	 2.04	330.82	305.69	315.85	282.32	313.89	0	56.46
2002	3	15	19.044	2630.7935	73.7935	14.7935	 4.82	 1.62	210.04	 1.05	 1.16	 1.00	12.13	 1.94	330.75	303.22	312.90	277.22	 0.00	0	55.44
2002	3	15	19.790	2630.8245	73.8246	14.8246	 4.46	 1.11	213.44	 1.05	 2.89	 0.99	12.05	 2.06	330.77	301.18	311.49	276.42	306.91	0	55.28
2002	3	15	21.291	2630.8872	73.8871	14.8871	 3.88	 0.58	211.51	 0.99	 0.45	 1.00	12.22	 2.04	330.54	297.16	305.21	272.81	 0.00	0	54.56
2002	3	15	22.084	2630.9202	73.9202	14.9202	 4.82	 1.32	214.29	 0.87	 0.73	 1.00	12.08	 2.15	330.36	295.22	304.08	271.14	298.96	0	54.23
2002	3	15	22.838	2630.9517	73.9516	14.9516	 4.43	 0.96	208.60	 0.92	 0.35	 1.00	12.02	 1.96	330.21	293.67	299.83	271.13	297.96	0	54.23
2002	3	15	23.598	2630.9832	73.9833	14.9833	 5.91	 2.63	213.02	 0.57	 0.85	 0.99	12.45	 2.11	330.14	292.48	299.89	271.03	299.23	0	54.21
2002	3	16	0.367	2631.0154	74.0153	15.0153	 4.49	 1.03	211.25	 0.94	 0.29	 1.00	12.40	 2.06	330.20	291.65	298.01	270.98	295.81	0	54.20
2002	3	16	1.137	2631.0474	74.0474	15.0474	 6.27	 5.39	213.00	 0.82	 0.06	 1.00	12.35	 2.13	330.34	291.03	297.59	270.99	 0.00	0	54.20
2002	3	16	1.911	2631.0796	74.0796	15.0796	 4.91	 1.25	212.18	 0.75	 1.99	 0.99	12.57	 2.06	330.33	290.62	297.56	 0.00	296.04	0	54.00
2002	3	16	2.686	2631.1118	74.1119	15.1119	 4.95	 1.42	211.32	 0.81	 1.47	 1.00	12.32	 2.05	330.32	290.18	295.94	 0.00	294.29	0	54.00
2002	3	16	3.471	2631.1445	74.1446	15.1446	 5.19	 2.02	214.09	 0.92	 0.86	 1.00	13.03	 2.19	330.30	289.84	296.96	270.75	296.52	0	54.15
2002	3	16	4.257	2631.1775	74.1774	15.1774	 4.54	 0.97	211.63	 0.83	 0.45	 1.00	12.50	 2.10	330.31	289.67	296.22	 0.00	294.59	0	54.00
2002	3	16	5.067	2631.2112	74.2111	15.2111	17.63	405122.26	212.25	 0.71	 0.47	 1.00	13.13	 2.12	330.33	289.68	296.10	270.46	294.95	0	54.09
2002	3	16	5.884	2631.2451	74.2452	15.2452	40.42	 1.00	211.59	 0.00	 1.05	 0.00	12.95	 2.07	330.35	289.71	296.07	270.39	294.66	0	54.08
2002	3	16	6.689	2631.2788	74.2787	15.2787	19.32	2243855.58	210.00	 0.73	 1.01	 1.00	13.23	 2.06	330.64	289.31	295.32	269.34	294.65	0	53.87
2002	3	17	4.476	2632.1865	75.1865	16.1865	 5.66	 1.84	212.54	 0.52	 0.82	 0.99	10.87	 2.13	331.13	289.59	295.22	270.72	294.39	0	54.14
2002	3	17	5.138	2632.2141	75.2141	16.2141	 5.04	 1.56	209.65	 0.81	 1.11	 1.00	10.85	 2.03	331.07	289.68	294.47	270.49	294.17	0	54.10
2002	3	17	5.800	2632.2417	75.2417	16.2417	 5.03	 1.44	212.09	 0.76	 1.03	 1.00	10.85	 2.11	331.08	289.75	295.60	270.54	293.21	0	54.11
2002	3	17	6.461	2632.2693	75.2692	16.2692	26.61	3562550350.80	209.63	 0.78	 2.05	 0.99	10.85	 1.99	331.07	289.92	294.89	270.46	294.28	0	54.09
2002	3	17	7.123	2632.2969	75.2968	16.2968	 3.93	 0.38	212.05	 0.62	 0.92	 0.99	10.82	 2.14	331.05	289.96	295.75	270.11	294.67	0	54.02
2002	3	17	7.784	2632.3245	75.3243	16.3244	 4.86	 1.43	210.23	 0.89	 0.55	 1.00	10.85	 2.07	331.07	290.09	295.76	270.27	294.48	0	54.05
2002	3	17	8.446	2632.3518	75.3519	16.3519	23.08	78048151.50	211.47	 0.59	 1.37	 0.99	10.83	 2.14	331.05	290.09	295.77	270.16	294.52	0	54.03
2002	3	17	9.107	2632.3794	75.3795	16.3795	 4.71	 1.02	209.10	 0.74	 1.19	 1.00	10.82	 2.07	331.02	289.31	295.61	 0.00	293.86	0	54.00
2002	3	17	20.977	2632.8740	75.8740	16.8740	 4.05	 0.43	224.73	 0.65	 0.71	 1.00	10.77	 2.37	330.40	297.12	310.61	 0.00	303.42	0	54.00
2002	3	17	21.638	2632.9016	75.9016	16.9016	 3.80	 0.30	223.40	 0.59	 0.76	 1.00	10.83	 2.33	330.29	296.07	308.50	273.21	300.44	0	54.64
2002	3	17	22.299	2632.9292	75.9291	16.9291	 4.29	 0.43	221.90	 0.50	 1.04	 0.98	10.85	 2.37	330.27	294.78	307.23	 0.00	300.55	0	54.00
2002	3	17	22.960	2632.9565	75.9567	16.9567	 4.63	 0.86	219.66	 0.70	 0.86	 1.00	10.85	 2.32	330.21	293.54	304.30	271.16	298.49	0	54.23
2002	3	18	0.282	2633.0117	76.0117	17.0117	17.38	444546.31	218.88	 1.04	 1.40	 1.00	10.83	 2.25	330.03	291.31	302.94	270.58	295.17	0	54.12
2002	3	18	0.943	2633.0393	76.0393	17.0393	 4.97	 1.43	217.60	 0.82	 0.51	 1.00	10.82	 2.14	330.00	290.56	301.10	270.63	295.27	0	54.13
2002	3	18	1.605	2633.0669	76.0669	17.0669	25.33	827248220.05	218.36	 0.68	 1.57	 0.99	10.85	 2.25	330.04	289.98	299.53	270.72	294.63	0	54.14
2002	3	18	2.267	2633.0945	76.0945	17.0945	 4.08	 0.59	218.80	 0.85	 0.84	 1.00	10.85	 2.24	330.03	289.49	299.78	270.29	293.53	0	54.06
2002	3	18	2.928	2633.1221	76.1220	17.1220	 5.18	 1.53	216.73	 0.71	 3.19	 0.96	10.83	 2.20	330.05	289.19	298.37	270.41	293.74	0	54.08
2002	3	18	3.590	2633.1497	76.1496	17.1496	 4.87	 1.17	218.67	 0.75	 0.35	 1.00	10.83	 2.28	330.05	288.96	299.16	270.01	293.47	0	54.00
2002	3	18	4.251	2633.1770	76.1771	17.1771	 6.70	 7.53	219.87	 0.77	 1.25	 1.00	10.83	 2.32	330.06	288.77	299.65	269.86	293.23	0	53.97
2002	3	18	4.912	2633.2046	76.2047	17.2047	 4.85	 0.97	216.77	 0.63	 1.22	 0.99	10.85	 2.21	330.08	288.91	297.10	270.43	293.31	0	54.09
2002	3	18	5.573	2633.2322	76.2322	17.2322	 5.22	 1.55	215.61	 0.68	 0.28	 1.00	10.83	 2.15	330.10	288.87	297.29	270.08	293.27	0	54.02
2002	3	18	6.234	2633.2598	76.2598	17.2598	25.57	1179153217.07	218.80	 0.76	 1.33	 1.00	10.85	 2.23	330.07	288.77	299.40	269.91	293.13	0	53.98
2002	3	18	6.896	2633.2874	76.2873	17.2873	 4.96	 1.37	215.23	 0.79	 0.69	 1.00	10.83	 2.21	330.01	288.36	296.97	268.19	293.42	0	53.64
2002	3	18	7.560	2633.3149	76.3150	17.3150	 6.08	 3.88	216.87	 0.73	 1.53	 0.99	10.83	 2.20	330.02	288.36	297.21	269.53	292.66	0	53.91
2002	3	18	16.776	2633.6990	76.6990	17.6990	 2.30	 0.21	320.31	 3.00	284.79	 0.22	10.87	 1.96	331.86	304.91	310.95	 0.00	294.98	0	54.00
2002	3	19	22.467	2634.9360	77.9361	18.9361	 3.26	 0.28	210.15	 0.90	 0.59	 1.00	11.10	 2.09	331.69	296.83	305.33	270.55	301.09	0	54.11
2002	3	20	16.010	2635.6670	78.6671	19.6671	 3.34	 0.34	208.12	 1.00	 0.81	 1.00	11.08	 2.14	331.16	289.42	293.54	276.61	 0.00	0	55.32
2002	3	20	16.686	2635.6953	78.6952	19.6952	 2.79	 0.27	210.77	 1.43	 1.11	 1.00	11.07	 2.07	331.33	292.50	299.37	276.56	296.06	0	55.31
2002	3	20	17.366	2635.7236	78.7236	19.7236	 4.39	 0.80	212.48	 0.81	 1.32	 1.00	11.07	 2.05	331.07	294.65	301.96	276.48	298.09	0	55.30
2002	3	20	18.041	2635.7517	78.7517	19.7517	 4.01	 0.43	214.29	 0.65	 0.31	 1.00	11.07	 2.10	330.88	296.39	302.59	 0.00	301.12	0	54.00
2002	3	20	18.720	2635.7800	78.7800	19.7800	 3.48	 0.35	212.35	 0.90	 1.14	 1.00	11.05	 2.10	331.23	297.49	305.72	281.66	300.86	0	56.33
2002	3	20	19.397	2635.8081	78.8082	19.8082	 4.44	 1.16	211.63	 1.11	 1.50	 1.00	11.08	 2.03	331.12	298.01	305.11	276.47	301.60	0	55.29
2002	3	20	20.073	2635.8364	78.8364	19.8364	 4.44	 1.03	210.42	 0.98	 0.76	 1.00	11.08	 1.99	331.34	298.07	305.97	277.58	303.72	0	55.52
2002	3	20	20.748	2635.8645	78.8645	19.8645	 3.75	 0.32	211.96	 0.62	 0.31	 1.00	11.13	 1.93	330.78	298.66	306.26	 0.00	303.61	0	54.00
2002	3	20	21.426	2635.8928	78.8927	19.8927	 4.43	 0.75	214.55	 0.73	 1.58	 0.99	11.07	 2.08	330.73	298.35	306.67	277.52	302.62	0	55.50
2002	3	20	22.103	2635.9209	78.9210	19.9210	 4.42	 0.94	213.30	 0.93	 0.77	 1.00	11.05	 2.02	330.67	298.22	306.55	276.66	303.89	0	55.33
2002	3	20	22.779	2635.9492	78.9491	19.9491	 4.04	 0.61	211.03	 0.88	 0.64	 1.00	11.05	 2.00	330.60	296.58	304.60	273.26	300.92	0	54.65
2002	3	20	23.456	2635.9773	78.9773	19.9773	 4.15	 0.55	212.87	 0.71	 0.71	 1.00	11.07	 2.09	330.59	294.58	302.75	271.65	299.85	0	54.33
2002	3	21	0.132	2636.0056	79.0055	20.0055	 4.90	 2.00	213.57	 1.21	 4.01	 0.99	11.07	 2.02	330.57	292.83	303.24	269.20	298.19	0	53.84
2002	3	21	0.808	2636.0337	79.0337	20.0337	 4.63	 2.83	213.24	 2.25	 4.77	 1.00	11.08	 2.19	330.55	291.43	299.22	269.22	297.05	0	53.84
2002	3	21	1.486	2636.0620	79.0619	20.0619	 4.33	 0.95	211.92	 1.02	 1.56	 1.00	11.07	 2.00	330.54	290.40	297.39	 0.00	295.98	0	54.00
2002	3	21	2.161	2636.0901	79.0900	20.0900	 4.22	 0.62	212.64	 0.75	 0.66	 1.00	11.08	 2.09	330.50	289.60	296.88	271.11	294.56	0	54.22
2002	3	21	2.845	2636.1184	79.1185	20.1185	 3.90	 0.38	217.01	 0.64	 0.80	 1.00	11.95	 2.17	330.54	289.00	297.55	270.37	293.51	0	54.07
2002	3	21	3.528	2636.1470	79.1470	20.1470	 3.78	 0.33	214.41	 0.63	 0.15	 1.00	11.05	 2.16	330.50	288.41	296.01	269.83	292.47	0	53.97
2002	3	21	4.204	2636.1753	79.1752	20.1752	 3.88	 0.47	212.76	 0.81	 1.25	 1.00	11.05	 2.11	330.51	287.93	294.88	269.79	292.85	0	53.96
2002	3	21	4.881	2636.2034	79.2034	20.2034	 4.04	 0.52	215.43	 0.76	 0.44	 1.00	11.07	 2.24	330.48	287.54	295.25	269.72	292.39	0	53.94
2002	3	21	5.557	2636.2314	79.2316	20.2316	 3.27	 0.21	215.10	 0.67	 0.57	 1.00	11.07	 2.16	330.48	287.12	294.55	268.79	291.99	0	53.76
2002	3	21	6.233	2636.2598	79.2597	20.2597	 3.74	 0.29	213.87	 0.58	 1.96	 0.96	11.07	 2.21	330.47	286.66	293.57	268.61	291.45	0	53.72
2002	3	21	6.909	2636.2878	79.2879	20.2879	 3.84	 0.53	214.13	 0.95	 0.14	 1.00	11.08	 2.22	330.45	286.25	294.23	268.20	291.01	0	53.64
2002	3	21	7.584	2636.3159	79.3160	20.3160	 3.83	 0.26	211.62	 0.47	 0.72	 0.99	11.08	 2.09	330.47	285.87	292.59	267.84	290.62	0	53.57
2002	3	21	8.289	2636.3455	79.3454	20.3454	 5.25	 1.70	214.73	 0.73	 0.88	 1.00	11.02	 2.22	330.53	285.58	295.16	267.58	291.94	0	53.52
2002	3	21	8.964	2636.3735	79.3735	20.3735	 5.26	 1.82	215.50	 0.77	 3.19	 0.97	11.10	 2.24	330.50	285.36	295.39	267.47	289.91	0	53.49
2002	3	21	9.641	2636.4016	79.4017	20.4017	 6.01	 3.20	214.71	 0.64	 2.47	 0.96	11.07	 2.25	330.48	285.16	294.75	 0.00	289.67	0	54.00
2002	3	21	10.316	2636.4299	79.4298	20.4298	 5.46	 1.77	214.86	 0.62	 2.32	 0.96	11.07	 2.24	330.50	284.93	294.25	267.13	288.44	0	53.43
2002	3	21	10.992	2636.4580	79.4580	20.4580	17.87	445083.65	212.18	 0.62	 2.40	 0.96	11.10	 2.25	330.65	285.26	295.42	267.57	288.62	0	53.51
2002	3	21	11.667	2636.4861	79.4861	20.4861	 5.32	 2.03	209.32	 0.79	 1.08	 1.00	11.07	 2.21	330.76	287.45	296.67	274.81	292.23	0	54.96
2002	3	21	12.343	2636.5144	79.5143	20.5143	 5.95	 3.70	213.89	 0.78	 0.85	 1.00	11.07	 2.29	330.82	290.05	300.71	 0.00	295.27	0	54.00
2002	3	21	13.019	2636.5425	79.5424	20.5425	 3.81	 0.39	215.63	 0.73	 3.06	 0.96	11.05	 2.39	330.89	292.55	304.38	277.78	300.48	0	55.56
2002	3	21	13.697	2636.5708	79.5707	20.5707	 3.01	 0.18	220.05	 0.79	 9.56	 0.70	11.05	 2.37	331.02	295.07	306.43	 0.00	297.93	0	54.00
2002	3	21	14.373	2636.5989	79.5989	20.5989	 2.70	 0.14	224.64	 0.88	10.58	 0.73	11.05	 2.34	331.01	297.63	310.28	 0.00	300.65	0	54.00
2002	3	21	15.052	2636.6272	79.6272	20.6272	 2.55	 0.10	226.40	 0.75	15.77	 0.31	11.05	 2.34	331.49	300.27	312.96	287.55	304.24	0	57.51
2002	3	21	15.728	2636.6553	79.6553	20.6553	 2.65	 0.11	229.89	 0.73	15.50	 0.31	11.07	 2.37	331.40	302.58	315.91	287.94	307.68	0	57.59
2002	3	21	16.403	2636.6833	79.6834	20.6834	 2.57	 0.10	234.00	 0.76	12.15	 0.49	11.07	 2.45	331.36	303.79	318.70	283.81	309.51	0	56.76
2002	3	21	17.081	2636.7117	79.7117	20.7117	 2.72	 0.09	233.74	 0.57	 8.66	 0.37	11.07	 2.44	330.45	304.66	319.05	281.16	310.72	0	56.23
2002	3	21	17.758	2636.7400	79.7399	20.7399	 2.70	 0.11	232.41	 0.69	11.65	 0.41	11.05	 2.37	331.02	305.38	319.11	280.42	313.64	0	56.08
2002	3	21	18.435	2636.7681	79.7681	20.7681	 2.71	 0.15	236.64	 0.96	10.45	 0.80	11.07	 2.46	330.87	305.85	322.02	279.67	311.10	0	55.93
2002	3	21	19.112	2636.7964	79.7963	20.7963	 3.05	 0.14	233.55	 0.60	 7.40	 0.55	11.07	 2.49	330.91	306.13	320.47	279.06	314.02	0	55.81
2002	3	21	19.789	2636.8245	79.8245	20.8245	 3.03	 0.16	233.45	 0.71	 8.57	 0.65	11.12	 2.56	330.37	306.16	319.52	279.67	309.66	0	55.93
2002	3	21	20.466	2636.8528	79.8528	20.8528	 3.42	 0.19	231.41	 0.57	 5.01	 0.72	11.10	 2.39	330.34	305.40	319.22	 0.00	310.53	0	54.00
2002	3	21	21.141	2636.8809	79.8809	20.8809	 3.52	 0.37	226.08	 0.98	 3.08	 0.99	11.05	 2.33	330.34	304.01	317.78	277.29	309.69	0	55.46
2002	3	21	21.819	2636.9092	79.9091	20.9091	 3.59	 0.31	227.66	 0.77	 2.20	 0.98	11.10	 2.45	330.26	302.63	315.79	 0.00	307.60	0	54.00
2002	3	21	23.171	2636.9656	79.9655	20.9655	 3.84	 0.95	222.68	 1.75	 4.60	 1.00	11.05	 2.38	330.25	297.08	310.11	271.25	300.84	0	54.25
2002	3	21	23.847	2636.9937	79.9936	20.9936	 4.55	 0.74	220.35	 0.66	 0.56	 1.00	11.08	 2.37	330.20	294.49	307.13	269.86	300.00	0	53.97
2002	3	22	0.523	2637.0217	80.0218	21.0218	 3.90	 0.41	220.47	 0.71	 0.51	 1.00	11.12	 2.33	329.74	292.38	305.98	 0.00	297.25	0	54.00
2002	3	22	1.229	2637.0513	80.0512	21.0512	 5.04	 1.94	213.56	 1.03	 0.62	 1.00	11.15	 2.19	329.60	290.63	299.11	268.23	 0.00	0	53.65
2002	3	22	1.904	2637.0793	80.0794	21.0794	 4.11	 0.57	211.77	 0.76	 0.55	 1.00	11.07	 2.17	329.74	289.39	296.31	267.94	293.34	0	53.59
2002	3	22	2.580	2637.1074	80.1075	21.1075	 3.97	 0.55	213.80	 0.85	 0.69	 1.00	11.08	 2.16	329.55	288.39	296.28	267.57	293.90	0	53.51
2002	3	22	3.256	2637.1357	80.1357	21.1356	 4.55	 0.97	211.44	 0.83	 1.01	 1.00	11.08	 2.13	329.14	287.60	294.12	267.91	293.06	0	53.58
2002	3	22	3.932	2637.1638	80.1639	21.1639	 4.18	 0.77	209.35	 0.95	 1.47	 1.00	11.10	 2.05	328.74	286.97	292.08	267.32	291.15	0	53.46
2002	3	22	4.608	2637.1919	80.1920	21.1920	 4.40	 0.50	212.61	 0.50	 3.50	 0.77	11.07	 2.12	329.00	286.48	293.56	267.90	290.26	0	53.58
2002	3	22	5.284	2637.2202	80.2202	21.2202	 3.73	 0.37	211.93	 0.73	 2.21	 0.98	11.08	 2.10	328.97	286.11	292.27	267.44	 0.00	0	53.49
2002	3	22	5.961	2637.2483	80.2484	21.2484	 3.91	 0.62	212.86	 1.04	 1.25	 1.00	11.07	 2.22	329.16	285.81	292.71	267.47	291.23	0	53.49
2002	3	22	6.637	2637.2766	80.2765	21.2765	 3.35	 0.31	211.37	 0.91	 0.61	 1.00	11.07	 2.10	329.10	285.58	291.84	267.76	290.62	0	53.55
2002	3	22	7.313	2637.3047	80.3047	21.3047	 3.24	 0.27	209.53	 0.87	 1.48	 1.00	11.08	 2.04	328.95	285.38	290.98	267.86	290.08	0	53.57
2002	3	22	7.989	2637.3328	80.3329	21.3329	 2.99	 0.19	210.47	 0.80	 0.93	 1.00	11.08	 2.11	329.10	285.15	290.80	266.97	290.47	0	53.39
2002	3	22	8.665	2637.3611	80.3610	21.3610	 2.71	 0.14	210.01	 0.79	 0.92	 1.00	11.08	 2.10	329.05	284.89	290.49	266.36	288.53	0	53.27
2002	3	22	9.341	2637.3892	80.3892	21.3892	 2.76	 0.16	211.45	 0.88	 0.33	 1.00	11.08	 2.07	330.11	284.63	290.82	265.41	289.08	0	53.08
2002	3	22	10.017	2637.4175	80.4174	21.4174	 2.83	 0.18	212.30	 0.90	 0.52	 1.00	11.03	 2.11	330.14	284.48	289.99	266.07	289.16	0	53.21
2002	3	22	10.693	2637.4456	80.4456	21.4456	 2.90	 0.20	212.07	 0.94	 0.56	 1.00	11.13	 2.16	329.91	284.41	290.20	266.98	288.75	0	53.40
2002	3	22	11.371	2637.4739	80.4738	21.4738	 3.11	 0.16	205.35	 0.59	 0.59	 1.00	11.07	 2.13	329.97	286.08	292.37	274.11	290.00	0	54.82
2002	3	22	12.045	2637.5020	80.5019	21.5019	 3.46	 0.32	202.95	 0.80	 1.40	 1.00	11.07	 2.18	330.03	288.84	294.47	281.55	291.09	0	56.31
2002	3	22	12.721	2637.5300	80.5300	21.5300	 2.90	 0.20	203.13	 0.93	 1.45	 1.00	11.07	 2.10	330.21	291.89	298.11	281.32	297.32	0	56.26
2002	3	22	13.397	2637.5581	80.5582	21.5582	 3.20	 0.26	203.10	 0.86	 1.68	 0.99	11.05	 2.11	330.29	294.87	303.08	283.23	300.41	0	56.65
2002	3	22	14.076	2637.5864	80.5865	21.5865	 2.84	 0.19	203.26	 0.94	 2.73	 0.99	11.13	 2.07	330.31	297.66	305.56	287.57	300.80	0	57.51
2002	3	22	14.753	2637.6147	80.6147	21.6147	 2.78	 0.17	207.35	 0.88	 1.33	 1.00	11.05	 2.07	330.31	300.28	310.26	288.19	309.32	0	57.64
2002	3	22	16.107	2637.6711	80.6711	21.6711	 2.90	 0.16	208.63	 0.76	 2.82	 0.96	11.07	 1.94	331.20	303.95	314.91	286.29	308.47	0	57.26
2002	3	22	16.784	2637.6992	80.6993	21.6993	 3.17	 0.25	215.15	 0.89	 1.41	 1.00	11.10	 2.03	330.08	304.76	317.05	283.22	311.58	0	56.64
2002	3	22	17.462	2637.7275	80.7276	21.7276	 2.84	 0.13	216.08	 0.69	 0.45	 1.00	11.07	 2.02	329.61	305.44	317.91	281.45	311.39	0	56.29
2002	3	22	18.169	2637.7571	80.7570	21.7570	 2.10	 0.09	209.21	 1.05	 4.16	 0.97	11.12	 1.80	329.41	305.92	317.07	280.60	312.64	0	56.12
2002	3	22	19.525	2637.8135	80.8135	21.8135	 2.73	 0.16	211.40	 0.90	 0.98	 1.00	11.10	 1.88	328.01	306.32	318.02	280.08	311.65	0	56.02
2002	3	22	20.204	2637.8418	80.8419	21.8419	 3.54	 0.43	219.34	 1.07	 0.71	 1.00	11.07	 2.16	327.52	306.05	317.51	 0.00	312.02	0	54.00
2002	3	22	20.883	2637.8701	80.8701	21.8701	 3.28	 0.31	211.67	 0.97	 0.77	 1.00	11.08	 1.94	327.46	305.00	316.17	279.15	310.09	0	55.83
2002	3	22	21.560	2637.8984	80.8983	21.8983	 3.45	 0.32	211.67	 0.83	 0.26	 1.00	11.05	 1.98	327.61	304.06	313.80	 0.00	307.77	0	54.00
2002	3	22	22.235	2637.9265	80.9265	21.9265	 3.92	 0.62	211.75	 1.01	 0.73	 1.00	11.08	 2.05	327.90	302.25	312.37	273.22	307.51	0	54.64
2002	3	22	23.591	2637.9829	80.9830	21.9830	 4.08	 0.78	209.09	 1.06	 1.89	 1.00	11.05	 2.01	328.86	295.42	304.79	269.09	300.90	0	53.82
2002	3	23	0.267	2638.0112	81.0111	22.0111	 3.97	 0.67	210.03	 1.03	 0.36	 1.00	11.07	 2.04	328.92	293.00	301.53	268.35	297.97	0	53.67
2002	3	23	15.314	2638.6382	81.6381	22.6381	 3.25	 0.27	211.28	 0.87	 2.71	 0.98	11.10	 2.04	330.91	303.18	314.68	290.70	310.57	0	58.14
2002	3	23	15.992	2638.6663	81.6663	22.6663	 3.14	 0.22	215.53	 0.81	 0.85	 1.00	11.25	 2.19	328.75	304.81	316.62	287.55	312.00	0	57.51
2002	3	23	16.682	2638.6951	81.6951	22.6951	 2.82	 0.22	218.75	 1.16	 3.72	 0.99	11.28	 2.05	329.59	305.58	318.08	 0.00	310.96	0	54.00
2002	3	23	17.376	2638.7241	81.7240	22.7240	 2.66	 0.18	215.02	 1.14	 0.83	 1.00	11.35	 2.00	328.48	306.30	317.99	283.22	312.77	0	56.64
2002	3	23	18.071	2638.7529	81.7530	22.7530	 2.79	 0.19	211.76	 1.03	 0.90	 1.00	11.32	 1.83	328.96	306.76	319.57	282.68	311.39	0	56.54
2002	3	23	18.763	2638.7817	81.7818	22.7818	 2.93	 0.21	215.26	 0.99	 1.09	 1.00	11.42	 1.92	329.91	307.21	319.14	282.28	313.30	0	56.46
2002	3	23	19.457	2638.8108	81.8107	22.8107	 3.00	 0.33	216.18	 1.43	 0.93	 1.00	11.33	 1.98	329.66	307.37	319.53	280.61	313.72	0	56.12
2002	3	23	20.147	2638.8396	81.8395	22.8395	 2.59	 0.16	209.96	 1.08	 2.83	 0.99	11.35	 1.77	329.65	306.85	318.87	279.20	310.80	0	55.84
2002	3	23	20.840	2638.8684	81.8683	22.8683	 2.82	 0.22	215.10	 1.14	 0.46	 1.00	11.30	 2.02	329.61	305.70	316.79	278.66	310.84	0	55.73
2002	3	23	21.531	2638.8972	81.8971	22.8971	 3.22	 0.29	215.98	 0.99	 0.76	 1.00	11.33	 2.09	329.56	304.65	314.63	 0.00	308.40	0	54.00
2002	3	23	22.914	2638.9548	81.9548	22.9548	 2.61	 0.36	214.97	 2.40	 4.35	 1.00	11.35	 2.14	329.46	299.17	311.61	272.08	303.26	0	54.42
2002	3	23	23.607	2638.9836	81.9836	22.9836	 2.68	 0.23	204.95	 1.33	 1.62	 1.00	11.32	 1.84	329.49	296.02	304.39	 0.00	301.58	0	54.00
2002	3	24	0.303	2639.0127	82.0126	23.0126	 2.72	 0.17	211.52	 1.00	 1.13	 1.00	11.40	 2.02	329.62	293.49	301.98	268.90	298.00	0	53.78
2002	3	24	0.995	2639.0415	82.0415	23.0415	 2.70	 0.12	211.61	 0.70	 1.74	 0.98	11.32	 2.08	329.69	291.56	298.81	268.23	295.61	0	53.65
2002	3	24	1.703	2639.0710	82.0710	23.0710	 3.27	 0.25	208.53	 0.78	 1.25	 1.00	11.43	 2.00	329.97	290.12	296.95	268.27	 0.00	0	53.65
2002	3	24	2.396	2639.0999	82.0998	23.0998	 3.00	 0.12	213.20	 0.52	 1.06	 0.98	11.32	 2.13	330.25	289.11	296.84	 0.00	294.74	0	54.00
2002	3	24	3.087	2639.1287	82.1286	23.1286	 3.14	 0.23	211.84	 0.84	 3.74	 0.96	11.33	 2.14	329.26	288.33	294.83	269.09	293.29	0	53.82
2002	3	24	3.779	2639.1575	82.1574	23.1574	 3.10	 0.21	210.51	 0.81	 2.45	 0.98	11.28	 2.06	329.34	287.64	293.57	267.65	291.94	0	53.53
2002	3	24	4.470	2639.1863	82.1862	23.1863	 5.94	 3.07	222.56	 0.68	 1.48	 0.99	11.33	 2.26	330.58	287.15	304.60	 0.00	290.58	0	54.00
2002	3	24	5.161	2639.2151	82.2150	23.2150	 4.65	 0.93	220.77	 0.75	 2.95	 0.97	11.32	 2.18	330.47	286.64	302.74	266.96	291.32	0	53.39
2002	3	24	5.851	2639.2439	82.2438	23.2438	 5.70	 2.68	220.05	 0.75	 2.62	 0.98	11.33	 2.11	330.82	286.26	302.95	266.50	291.24	0	53.30
2002	3	24	9.128	2639.3804	82.3803	23.3803	 3.38	 0.25	213.24	 0.70	 0.11	 1.00	11.37	 2.15	331.01	285.18	291.99	266.36	290.61	0	53.27
2002	3	24	9.821	2639.4092	82.4092	23.4092	 3.86	 0.50	214.87	 0.88	 0.93	 1.00	11.35	 2.24	330.90	285.31	292.06	266.72	289.13	0	53.34
2002	3	24	10.514	2639.4380	82.4381	23.4381	 3.63	 0.36	212.59	 0.79	 0.67	 1.00	11.30	 2.14	330.91	285.41	290.55	266.83	289.39	0	53.37
2002	3	24	11.205	2639.4668	82.4669	23.4669	 4.21	 0.72	205.72	 0.84	 0.80	 1.00	11.35	 2.08	330.95	286.51	291.62	275.37	290.99	0	55.07
2002	3	25	3.047	2640.1270	83.1270	24.1270	 4.49	 0.95	214.16	 0.88	 0.72	 1.00	11.35	 2.11	328.13	289.00	297.52	268.83	 0.00	0	53.77
2002	3	25	4.024	2640.1677	83.1677	24.1677	 3.84	 0.40	214.83	 0.72	 0.61	 1.00	11.33	 2.12	328.59	288.29	296.88	 0.00	295.20	0	54.00
2002	3	25	11.592	2640.4829	83.4830	24.4830	 1.52	 0.04	291.75	 1.35	61.10	 0.06	11.30	 1.76	328.93	289.27	334.70	281.17	293.07	0	56.23
2002	3	25	12.283	2640.5117	83.5118	24.5118	 1.62	 0.04	287.35	 1.16	32.37	 0.21	11.33	 2.01	329.04	292.11	334.33	285.22	298.57	0	57.04
2002	3	25	12.976	2640.5408	83.5407	24.5407	 1.75	 0.03	294.41	 0.81	17.34	 0.21	11.28	 2.44	329.00	295.06	335.02	 0.00	 0.00	0	54.00
2002	3	26	13.524	2641.5635	84.5635	25.5635	 3.77	 0.55	206.11	 1.02	 1.53	 1.00	10.88	 2.09	328.61	295.25	303.54	287.52	300.82	0	57.50
2002	3	26	14.188	2641.5911	84.5912	25.5912	 3.57	 0.38	210.17	 0.87	 4.01	 0.96	10.85	 2.08	328.78	297.86	307.11	 0.00	304.77	0	54.00
2002	3	26	14.851	2641.6187	84.6188	25.6188	 3.04	 0.20	207.91	 0.79	 6.67	 0.84	10.85	 2.02	328.47	300.10	309.99	287.63	306.74	0	57.53
2002	3	26	15.511	2641.6462	84.6463	25.6463	 3.43	 0.29	213.19	 0.78	 2.65	 0.98	10.83	 2.12	328.16	301.82	314.70	285.99	309.13	0	57.20
2002	3	26	16.174	2641.6738	84.6739	25.6739	 3.16	 0.27	215.70	 0.99	 1.23	 1.00	10.85	 2.13	330.01	303.17	315.11	285.25	310.54	0	57.05
2002	3	26	17.500	2641.7292	84.7292	25.7292	 2.94	 0.20	212.86	 0.92	 4.22	 0.96	10.90	 1.91	329.47	305.10	316.37	282.98	313.95	0	56.60
2002	3	26	18.824	2641.7844	84.7843	25.7843	 3.01	 0.25	216.99	 1.08	 3.06	 0.99	10.83	 2.04	328.88	306.19	318.15	281.82	312.49	0	56.36
2002	3	26	19.487	2641.8120	84.8120	25.8120	 2.63	 0.30	203.95	 1.84	12.36	 0.98	10.82	 1.65	328.87	306.36	316.61	280.60	312.43	0	56.12
2002	3	26	20.149	2641.8396	84.8395	25.8395	 3.17	 0.60	208.09	 2.09	10.44	 0.99	10.83	 1.84	328.91	306.08	317.07	278.98	311.59	0	55.80
2002	3	26	20.812	2641.8672	84.8672	25.8672	 3.36	 1.00	196.68	 2.70	 8.46	 1.00	10.83	 1.51	328.85	305.15	316.28	278.18	311.43	0	55.64
2002	3	26	22.139	2641.9224	84.9224	25.9224	 3.41	 0.46	206.30	 1.24	 2.20	 1.00	10.83	 1.80	328.86	302.12	312.38	273.62	306.52	0	54.72
2002	3	26	23.464	2641.9778	84.9777	25.9777	 3.33	 0.36	211.77	 1.09	 0.94	 1.00	10.88	 2.10	329.05	295.90	305.17	270.43	300.22	0	54.09
2002	3	27	0.130	2642.0054	85.0054	26.0054	 3.33	 0.30	210.54	 0.90	 2.40	 0.99	10.83	 2.07	329.11	293.59	303.39	 0.00	297.46	0	54.00
2002	3	27	0.792	2642.0330	85.0330	26.0330	 3.41	 0.30	210.67	 0.84	 1.55	 0.99	10.88	 2.10	328.95	291.70	300.23	268.45	295.55	0	53.69
2002	3	27	1.453	2642.0605	85.0605	26.0605	 1.76	 0.05	270.81	 1.24	112.20	 0.00	10.85	 1.64	329.02	290.25	333.59	 0.00	294.38	0	54.00
2002	3	27	2.118	2642.0881	85.0882	26.0882	 1.82	 0.06	274.62	 1.25	136.39	 0.00	10.85	 1.67	329.23	289.25	334.79	 0.00	294.44	0	54.00
2002	3	27	3.184	2642.1326	85.1327	26.1327	 3.66	 0.31	235.29	 0.73	 9.12	 0.67	10.85	 1.81	329.32	288.39	320.92	269.31	295.15	0	53.86
2002	3	27	4.889	2642.2036	85.2037	26.2037	 1.55	 0.03	321.18	 1.18	 9.95	 0.82	10.83	 1.98	329.70	287.51	338.12	269.02	294.52	0	53.80
2002	3	27	5.549	2642.2312	85.2312	26.2312	 1.44	 0.03	325.76	 1.42	 5.34	 0.97	10.80	 1.78	329.64	287.12	336.82	268.34	292.21	0	53.67
2002	3	27	6.211	2642.2588	85.2588	26.2588	 1.33	 0.03	336.52	 1.78	14.66	 0.88	10.83	 1.52	329.42	286.65	337.66	 0.00	292.22	0	54.00
2002	3	27	6.905	2642.2876	85.2877	26.2877	 2.37	 0.11	213.63	 0.94	 1.08	 1.00	10.87	 2.14	329.30	286.25	294.96	267.00	290.73	0	53.40
2002	3	27	7.569	2642.3154	85.3154	26.3154	 2.19	 0.10	211.06	 0.99	 0.41	 1.00	10.85	 2.06	329.35	285.84	293.02	265.93	290.02	0	53.19
2002	3	27	8.231	2642.3430	85.3430	26.3430	 2.03	 0.08	212.59	 0.96	 0.82	 1.00	10.87	 2.14	330.44	285.49	292.62	 0.00	290.36	0	54.00
2002	3	27	8.894	2642.3706	85.3706	26.3706	 1.92	 0.08	209.94	 1.13	 1.13	 1.00	10.83	 2.18	330.45	285.22	292.07	 0.00	290.72	0	54.00
2002	3	27	9.557	2642.3982	85.3982	26.3982	 2.12	 0.06	210.90	 0.65	 1.18	 0.99	10.85	 2.10	330.59	284.94	290.79	265.66	288.23	0	53.13
2002	3	27	10.220	2642.4258	85.4258	26.4258	 1.75	 0.07	207.78	 1.30	 2.42	 1.00	10.85	 2.06	330.50	284.70	290.15	265.48	288.33	0	53.10
2002	3	27	10.882	2642.4534	85.4534	26.4534	 1.70	 0.06	208.42	 1.09	 1.36	 1.00	10.85	 2.07	330.52	284.46	290.17	265.19	288.94	0	53.04
2002	3	27	11.544	2642.4810	85.4810	26.4810	 1.46	 0.04	199.41	 0.92	 1.77	 0.98	10.83	 2.06	330.48	285.99	290.59	275.27	289.14	0	55.05
2002	3	27	12.207	2642.5085	85.5086	26.5086	 1.39	 0.05	197.55	 1.30	 1.83	 1.00	10.80	 2.15	330.54	288.83	294.17	281.84	293.78	0	56.37
2002	3	27	12.869	2642.5361	85.5362	26.5362	 1.14	 0.04	197.53	 1.68	 3.18	 0.99	10.83	 2.20	330.57	291.86	299.73	284.39	297.60	0	56.88
2002	3	27	13.533	2642.5640	85.5639	26.5639	 1.12	 0.06	195.09	 2.40	 2.32	 1.00	10.85	 1.92	330.81	294.81	301.48	286.73	299.86	0	57.35
2002	3	27	14.196	2642.5916	85.5915	26.5915	 1.42	 0.04	208.58	 1.19	 4.49	 0.96	10.87	 2.23	330.96	297.44	307.24	286.72	302.84	0	57.34
2002	3	27	14.859	2642.6191	85.6191	26.6191	 1.70	 0.09	206.25	 1.65	 2.38	 1.00	10.85	 2.06	331.04	299.85	309.88	287.01	305.56	0	57.40
2002	3	27	15.521	2642.6467	85.6467	26.6467	 1.81	 0.06	212.57	 0.93	 0.18	 1.00	10.85	 2.13	330.90	301.80	313.55	286.42	307.82	0	57.28
2002	3	27	16.182	2642.6743	85.6743	26.6743	 1.81	 0.05	211.87	 0.90	 1.92	 0.99	10.80	 2.13	330.83	303.15	313.82	284.62	310.19	0	56.92
2002	3	27	17.505	2642.7295	85.7294	26.7294	 2.22	 0.11	213.54	 1.07	 3.79	 0.98	10.85	 2.14	330.42	304.83	315.68	281.22	311.44	0	56.24
2002	3	27	18.168	2642.7571	85.7570	26.7570	 2.22	 0.19	212.12	 1.92	 3.15	 1.00	10.83	 1.92	329.84	305.38	316.67	281.40	311.15	0	56.28
2002	3	27	18.832	2642.7847	85.7847	26.7847	 2.71	 0.25	213.71	 1.45	 0.44	 1.00	10.92	 1.94	328.95	305.86	317.47	280.95	311.50	0	56.19
2002	3	27	19.497	2642.8125	85.8124	26.8124	 2.31	 0.17	215.54	 1.61	 2.89	 1.00	10.87	 1.87	329.83	306.10	317.67	 0.00	312.09	0	54.00
2002	3	27	20.160	2642.8401	85.8400	26.8400	 3.21	 0.43	214.56	 1.49	 2.70	 1.00	10.82	 2.01	330.02	306.00	316.17	 0.00	314.40	0	54.00
2002	3	27	21.486	2642.8953	85.8952	26.8952	 2.84	 0.18	209.65	 0.92	 0.22	 1.00	10.85	 1.91	329.84	304.37	314.93	278.16	308.79	0	55.63
2002	3	27	22.152	2642.9231	85.9230	26.9230	 3.52	 0.37	214.92	 0.93	 1.17	 1.00	10.87	 2.09	329.70	302.47	313.66	274.87	 0.00	0	54.97
2002	3	27	23.511	2642.9797	85.9796	26.9796	 3.72	 1.33	207.30	 2.59	 7.91	 1.00	10.92	 1.88	329.25	296.12	303.23	 0.00	301.55	0	54.00
2002	3	28	0.177	2643.0073	86.0074	27.0074	 3.21	 0.28	212.79	 0.97	 2.20	 0.99	10.83	 2.19	329.10	293.77	303.45	270.05	298.06	0	54.01
2002	3	28	0.841	2643.0352	86.0350	27.0350	 2.62	 0.12	210.08	 0.75	 2.30	 0.97	10.83	 2.04	329.64	291.80	300.26	 0.00	296.37	0	54.00
2002	3	28	21.687	2643.9036	86.9036	27.9036	 3.57	 0.62	212.42	 1.45	 1.39	 1.00	10.87	 1.98	329.89	301.44	313.04	 0.00	305.84	0	54.00
2002	3	28	23.015	2643.9590	86.9589	27.9589	 3.21	 0.41	208.11	 1.38	 2.61	 1.00	10.83	 2.00	330.81	295.79	304.37	 0.00	299.92	0	54.00
2002	3	28	23.677	2643.9866	86.9865	27.9866	 3.58	 0.47	207.00	 1.06	 0.75	 1.00	10.82	 1.98	330.79	293.37	302.42	 0.00	298.42	0	54.00
2002	3	29	21.161	2644.8816	87.8817	28.8817	 2.37	 0.17	210.42	 1.47	 2.28	 1.00	11.12	 2.04	330.80	301.85	312.90	273.97	307.36	0	54.79
2002	3	29	21.837	2644.9099	87.9099	28.9099	 2.60	 0.16	204.29	 0.98	 0.54	 1.00	11.05	 1.91	330.57	300.53	309.41	273.01	305.93	0	54.60
2002	3	29	22.514	2644.9380	87.9381	28.9381	 2.57	 0.35	199.76	 2.22	 7.39	 1.00	11.05	 1.94	330.40	297.73	303.97	269.90	302.76	0	53.98
2002	3	29	23.192	2644.9663	87.9663	28.9663	 2.46	 0.16	208.32	 1.22	 4.87	 0.98	11.07	 2.11	330.28	294.38	304.13	267.50	298.55	0	53.50
2002	3	29	23.869	2644.9946	87.9945	28.9945	 2.57	 0.11	208.45	 0.76	 1.68	 0.99	11.10	 2.19	330.34	291.71	300.06	266.62	295.44	0	53.32
2002	3	30	20.437	2645.8516	88.8516	29.8516	 2.40	 0.15	230.91	 1.32	 4.56	 0.99	11.02	 2.61	331.16	302.48	317.03	275.63	308.01	0	55.13
2002	3	30	21.112	2645.8796	88.8797	29.8797	 2.44	 0.12	228.90	 1.03	 2.68	 0.99	11.07	 2.62	330.92	301.77	316.15	274.83	307.05	0	54.97
2002	3	30	21.789	2645.9080	88.9079	29.9079	 2.75	 0.21	220.04	 1.21	 1.80	 1.00	11.07	 2.30	330.80	300.64	314.17	273.85	305.87	0	54.77
2002	3	30	22.466	2645.9360	88.9361	29.9361	 2.94	 0.24	218.40	 1.12	 0.58	 1.00	11.08	 2.12	330.66	297.96	313.85	269.76	303.45	0	53.95
2002	3	30	23.141	2645.9641	88.9642	29.9642	 3.31	 0.50	221.36	 1.62	 3.89	 1.00	11.07	 2.51	330.54	294.71	309.23	268.67	298.80	0	53.73
2002	3	30	23.817	2645.9924	88.9924	29.9924	 2.76	 0.15	217.97	 0.88	 3.75	 0.96	11.03	 2.39	330.52	292.13	306.87	 0.00	298.85	0	54.00
2002	3	31	0.494	2646.0205	89.0206	30.0206	 2.55	 0.09	231.61	 0.72	11.12	 0.47	11.07	 2.39	330.44	290.01	318.56	266.14	296.75	0	53.23
2002	3	31	1.174	2646.0488	89.0489	30.0489	 2.49	 0.07	254.19	 0.64	 9.77	 0.41	11.05	 2.62	330.38	288.23	331.66	 0.00	292.09	0	54.00
2002	3	31	1.852	2646.0771	89.0772	30.0772	 2.60	 0.10	256.34	 0.78	 8.04	 0.73	11.08	 2.67	330.40	286.80	332.38	265.68	291.64	0	53.14
2002	3	31	2.529	2646.1055	89.1054	30.1054	 2.53	 0.11	257.97	 0.92	 5.68	 0.92	11.08	 2.69	330.41	286.05	332.02	266.40	290.89	0	53.28
2002	3	31	3.885	2646.1619	89.1619	30.1619	 2.51	 0.10	258.43	 0.85	 3.18	 0.97	11.05	 2.69	330.44	284.74	332.60	265.00	289.59	0	53.00
2002	3	31	4.566	2646.1902	89.1903	30.1903	 2.45	 0.10	258.33	 0.94	 4.20	 0.96	11.13	 2.52	330.32	284.23	331.57	264.94	291.03	0	52.99
2002	3	31	5.241	2646.2185	89.2184	30.2184	 2.38	 0.05	257.61	 0.55	 6.67	 0.43	11.05	 2.58	330.38	283.82	331.25	 0.00	288.97	0	54.00
2002	3	31	5.918	2646.2466	89.2466	30.2466	 2.42	 0.08	257.94	 0.82	 8.31	 0.75	11.10	 2.59	330.35	283.44	330.68	264.14	288.57	0	52.83
2002	3	31	6.595	2646.2749	89.2748	30.2748	 2.53	 0.08	254.35	 0.65	 8.06	 0.55	11.08	 2.51	329.59	283.00	328.97	263.62	287.71	0	52.72
2002	3	31	13.414	2646.5588	89.5589	30.5589	 1.13	 0.04	197.83	 1.51	 2.68	 0.99	11.08	 2.30	331.32	291.28	301.34	280.98	294.27	0	56.20
2002	3	31	18.840	2646.7849	89.7850	30.7850	 2.31	 0.09	310.91	 1.22	16.66	 0.78	11.08	 2.62	331.57	302.86	352.15	278.03	308.70	0	55.61
2002	3	31	19.516	2646.8132	89.8131	30.8131	 2.35	 0.11	308.85	 1.41	15.99	 0.88	11.07	 2.71	331.28	303.13	351.25	277.93	308.87	0	55.59
2002	3	31	20.191	2646.8413	89.8413	30.8413	 2.16	 0.09	311.30	 1.37	20.36	 0.78	11.08	 2.58	331.17	303.07	351.01	276.68	308.59	0	55.34
2002	3	31	20.866	2646.8694	89.8694	30.8694	 2.13	 0.07	310.29	 1.14	18.62	 0.65	11.08	 2.64	330.87	302.50	350.35	275.80	309.06	0	55.16
2002	3	31	22.218	2646.9258	89.9257	30.9257	 2.03	 0.06	316.68	 1.06	30.95	 0.25	11.07	 2.39	330.57	298.81	350.69	271.94	304.22	0	54.39
2002	3	31	22.896	2646.9541	89.9540	30.9540	 2.14	 0.89	331.63	15.51	95.22	 1.00	11.05	 1.89	330.54	295.70	357.72	 0.00	301.75	0	54.00
# Unit 3, Chajnantor2, Filter  0,  Slot 1, 350 um (616) & yellow
#				days
#				since		day of	day of
# yr	mo	dy	 time	1/1/1995	year	month	Tau	unc	Tatm	unc	mse	fitgood	Etime	R	Thot	Twarm	Tchop	Tamb	<Tint>	Filter	Toff
# 1	2	3	4	5		6	7	8	9	10	11	12	13	14	15	16	17	18	19	20	21	22
