2000	11	1	1.862	2131.0776	305.0776	0.0776	 1.83	 0.64	219.58	10.84	62.21	 1.00	10.78	 2.48	336.32	288.12	311.54	263.13	297.71	0	52.63
2000	11	1	2.740	2131.1143	305.1142	0.1142	 1.41	 0.31	209.84	 8.89	 4.97	 1.00	10.78	 2.21	336.25	286.51	299.93	262.07	295.42	0	52.41
# Unit 0, Chajnantor, Filter  0,  Slot 8, 350 um (563) & yellow
#				days
#				since		day of	day of
# yr	mo	dy	 time	1/1/1995	year	month	Tau	unc	Tatm	unc	mse	fitgood	Etime	R	Thot	Twarm	Tchop	Tamb	<Tint>	Filter	Toff
# 1	2	3	4	5		6	7	8	9	10	11	12	13	14	15	16	17	18	19	20	21	22
2000	11	1	4.066	2131.1694	305.1694	0.1694	 1.45	 0.42	202.43	10.97	32.22	 1.00	10.68	 2.06	336.24	284.72	298.11	261.68	293.00	0	52.34
2000	11	1	4.505	2131.1877	305.1877	0.1877	 2.12	 1.00	202.52	10.93	53.98	 1.00	10.70	 2.24	336.24	284.30	300.22	261.59	292.34	0	52.32
2000	11	1	9.111	2131.3796	305.3796	0.3796	 1.37	 0.54	210.69	16.39	215.71	 1.00	10.78	 2.31	336.17	281.54	284.45	260.93	288.31	0	52.19
2000	11	1	9.331	2131.3887	305.3888	0.3888	 0.88	 0.50	201.26	35.31	385.55	 1.00	10.70	 2.05	336.18	281.47	276.50	261.10	288.15	0	52.22
2000	11	1	11.743	2131.4893	305.4893	0.4893	 0.98	 0.81	201.12	46.26	1306.94	 1.00	10.77	 1.64	336.53	289.62	290.99	272.14	293.62	0	54.43
2000	11	2	0.476	2132.0198	306.0198	1.0198	 1.52	 0.26	205.07	 6.15	18.84	 1.00	10.77	 2.39	336.30	291.63	309.17	264.93	301.47	0	52.99
2000	11	2	0.915	2132.0381	306.0381	1.0381	 1.04	 0.23	199.90	11.73	40.07	 1.00	10.67	 2.22	336.35	290.33	301.93	263.77	300.12	0	52.75
2000	11	2	1.354	2132.0564	306.0564	1.0564	 0.93	 0.18	198.91	11.25	109.25	 0.99	10.68	 2.17	336.40	289.19	306.81	263.70	298.82	0	52.74
2000	11	2	1.572	2132.0654	306.0655	1.0655	 1.02	 0.07	195.04	 3.49	 3.40	 1.00	10.77	 2.21	336.33	288.68	303.48	263.07	298.20	0	52.61
2000	11	2	1.792	2132.0747	306.0747	1.0747	 0.77	 0.08	192.63	 6.59	 7.61	 1.00	10.70	 2.03	336.31	288.19	300.79	262.76	297.62	0	52.55
2000	11	2	2.670	2132.1113	306.1112	1.1112	 0.92	 0.38	203.50	24.48	117.72	 1.00	10.70	 2.13	336.34	286.48	304.44	263.47	295.46	0	52.69
2000	11	2	4.205	2132.1753	306.1752	1.1752	 0.83	 0.17	201.10	13.12	68.00	 1.00	10.77	 2.40	336.27	284.76	292.24	 0.00	292.93	0	54.00
2000	11	2	5.521	2132.2300	306.2300	1.2300	 0.96	 0.51	168.69	25.39	20.28	 1.00	10.75	 2.19	336.27	283.33	285.64	261.65	291.14	0	52.33
2000	11	2	5.960	2132.2483	306.2483	1.2483	 1.71	 1.83	160.05	26.20	508.80	 1.00	10.77	 2.01	336.25	282.94	303.40	261.29	290.53	0	52.26
2000	11	2	23.739	2132.9890	306.9891	1.9891	 1.05	 0.51	222.76	28.62	318.01	 1.00	10.77	 2.10	336.44	294.64	302.37	267.19	304.47	0	53.44
2000	11	3	1.274	2133.0530	307.0531	2.0531	 1.30	 0.24	199.64	 7.65	19.42	 1.00	10.68	 2.17	336.39	289.68	303.53	263.39	299.40	0	52.68
2000	11	3	1.933	2133.0806	307.0805	2.0805	 1.07	 0.16	200.98	 7.51	92.66	 0.97	10.77	 2.35	336.37	288.01	303.25	261.99	297.51	0	52.40
2000	11	3	2.152	2133.0896	307.0897	2.0897	 1.00	 0.25	200.34	13.60	101.28	 1.00	10.72	 2.49	336.35	287.52	293.13	262.31	296.99	0	52.46
2000	11	3	2.591	2133.1079	307.1079	2.1080	 0.20	 0.26	317.06	291.87	531.42	 0.99	10.70	 1.42	336.36	286.71	289.80	263.02	295.81	0	52.60
2000	11	3	3.468	2133.1445	307.1445	2.1445	 1.06	 0.21	216.91	11.07	67.74	 1.00	10.72	 2.50	336.28	285.37	301.92	261.16	294.07	0	52.23
2000	11	3	3.906	2133.1628	307.1628	2.1628	 1.04	 0.31	190.54	14.91	74.03	 1.00	10.70	 2.10	336.28	284.76	289.49	261.50	293.15	0	52.30
2000	11	3	4.126	2133.1719	307.1719	2.1719	 1.45	 0.41	209.64	11.11	129.21	 1.00	10.77	 2.47	336.29	284.52	301.11	262.15	293.04	0	52.43
2000	11	3	4.564	2133.1902	307.1902	2.1902	 1.21	 0.22	210.66	 8.85	20.85	 1.00	10.75	 2.49	336.30	284.11	296.85	 0.00	292.14	0	54.00
2000	11	3	4.784	2133.1992	307.1993	2.1993	 1.30	 0.10	196.42	 3.32	15.90	 0.99	10.70	 2.48	336.30	283.89	291.96	261.75	292.18	0	52.35
2000	11	3	5.223	2133.2175	307.2176	2.2176	 1.90	 0.92	182.49	11.85	48.60	 1.00	10.68	 2.58	336.25	283.37	292.12	260.90	291.21	0	52.18
2000	11	3	5.442	2133.2268	307.2267	2.2267	 0.66	 0.33	230.41	44.76	355.46	 1.00	10.75	 2.54	336.29	283.17	288.35	261.69	290.96	0	52.34
2000	11	3	6.758	2133.2815	307.2816	2.2816	 0.78	 0.12	208.18	10.89	22.82	 1.00	10.77	 2.34	336.21	282.17	293.28	259.79	289.57	0	51.96
2000	11	3	11.145	2133.4644	307.4644	2.4644	 0.51	 0.42	229.72	87.81	592.11	 1.00	10.77	 2.03	336.46	286.45	279.47	268.72	290.77	0	53.74
2000	11	4	0.298	2134.0125	308.0124	3.0124	 1.05	 0.55	222.02	30.19	89.66	 1.00	10.70	 2.56	336.32	292.54	302.00	266.23	302.51	0	53.25
2000	11	4	1.176	2134.0491	308.0490	3.0490	 2.28	 0.78	207.20	 7.28	15.47	 1.00	10.70	 2.26	336.35	290.14	307.40	264.28	299.94	0	52.86
2000	11	4	1.395	2134.0581	308.0581	3.0581	 2.05	 0.33	201.09	 3.84	 5.26	 1.00	10.77	 2.17	336.36	289.62	303.25	263.68	299.33	0	52.74
2000	11	4	1.615	2134.0674	308.0673	3.0673	 2.14	 0.24	209.51	 2.59	15.25	 0.99	10.70	 2.40	336.38	289.13	304.32	263.12	298.72	0	52.62
2000	11	4	1.834	2134.0764	308.0764	3.0764	 2.11	 0.19	208.60	 2.13	13.13	 0.98	10.77	 2.32	336.42	288.64	306.17	262.54	298.11	0	52.51
2000	11	4	2.054	2134.0854	308.0856	3.0856	 1.82	 0.29	217.26	 4.95	27.61	 1.00	10.70	 2.56	336.38	288.14	305.07	262.10	297.53	0	52.42
2000	11	4	2.493	2134.1038	308.1039	3.1039	 2.18	 0.69	204.88	 7.16	43.56	 1.00	10.70	 2.37	336.38	287.26	304.76	262.23	296.59	0	52.45
2000	11	4	3.150	2134.1313	308.1313	3.1312	 2.92	 2.32	169.72	 8.64	124.40	 1.00	10.73	 1.89	336.36	286.29	291.02	263.05	295.28	0	52.61
2000	11	4	3.589	2134.1497	308.1495	3.1495	 1.37	 0.20	212.54	 6.12	 8.86	 1.00	10.78	 2.09	336.31	285.81	301.43	262.65	294.37	0	52.53
2000	11	4	3.809	2134.1587	308.1587	3.1587	 1.77	 0.20	216.82	 3.66	23.41	 0.99	10.70	 2.49	336.34	285.55	301.42	262.29	293.95	0	52.46
2000	11	4	4.247	2134.1770	308.1770	3.1770	 1.53	 0.23	210.83	 5.46	16.05	 1.00	10.67	 2.39	336.29	285.03	296.31	 0.00	293.19	0	54.00
2000	11	4	5.344	2134.2227	308.2227	3.2227	 1.75	 0.22	198.84	 3.69	35.51	 0.98	10.78	 2.12	336.24	283.81	293.13	259.93	291.53	0	51.99
2000	11	4	5.783	2134.2410	308.2410	3.2410	 1.67	 0.37	209.42	 7.36	30.84	 1.00	10.77	 2.36	336.24	283.30	300.54	260.35	291.18	0	52.07
2000	11	4	6.222	2134.2593	308.2592	3.2592	 1.62	 0.62	174.80	11.05	68.19	 1.00	10.75	 1.86	336.25	283.00	281.06	261.49	290.71	0	52.30
2000	11	4	6.441	2134.2683	308.2684	3.2684	 1.56	 0.32	205.76	 7.29	30.39	 1.00	10.70	 2.25	336.20	282.85	293.53	261.41	290.13	0	52.28
2000	11	4	8.856	2134.3689	308.3690	3.3690	 1.33	 0.66	199.45	20.38	133.89	 1.00	10.77	 1.82	336.18	281.83	284.36	262.62	288.46	0	52.52
2000	11	4	9.295	2134.3872	308.3873	3.3873	 2.09	 1.09	196.32	11.95	228.98	 1.00	10.77	 2.41	336.16	281.81	293.89	262.94	288.32	0	52.59
2000	11	4	13.696	2134.5708	308.5707	3.5707	 1.32	 0.96	210.50	31.83	416.59	 1.00	10.82	 2.55	336.72	298.19	301.94	280.43	302.91	0	56.09
2000	11	4	13.917	2134.5798	308.5799	3.5799	 0.85	 0.76	207.36	58.74	840.56	 1.00	10.72	 1.56	336.77	298.89	336.46	280.79	303.90	0	56.16
2000	11	4	14.578	2134.6074	308.6074	3.6074	 1.28	 0.80	149.44	20.20	166.61	 1.00	10.80	 1.87	336.86	300.82	313.43	281.13	306.34	0	56.23
2000	11	4	20.833	2134.8679	308.8680	3.8680	 1.76	 1.74	195.75	28.50	411.31	 1.00	10.78	 1.93	336.60	305.23	301.59	278.49	312.69	0	55.70
2000	11	5	0.547	2135.0227	309.0228	4.0228	 3.84	 7.07	181.17	10.76	157.43	 1.00	11.25	 1.85	336.36	291.72	302.39	264.99	301.43	0	53.00
2000	11	5	1.950	2135.0813	309.0812	4.0813	 0.97	 0.35	210.61	21.36	36.18	 1.00	11.35	 1.79	336.32	288.18	301.04	263.60	297.38	0	52.72
2000	11	5	4.992	2135.2080	309.2080	4.2080	 1.20	 0.49	181.16	17.00	161.89	 1.00	11.47	 1.65	336.31	284.15	278.60	262.36	291.94	0	52.47
2000	11	5	5.227	2135.2178	309.2178	4.2178	 1.64	 0.43	204.44	 8.70	85.88	 1.00	11.38	 2.10	336.31	283.96	294.74	262.26	291.77	0	52.45
2000	11	5	5.463	2135.2275	309.2276	4.2276	 1.50	 0.38	199.85	 9.00	31.34	 1.00	11.52	 2.12	336.30	283.79	293.68	262.23	291.43	0	52.45
2000	11	5	5.698	2135.2373	309.2374	4.2374	 1.81	 0.33	214.48	 5.57	 5.25	 1.00	11.37	 2.58	336.31	283.63	297.37	262.55	291.12	0	52.51
2000	11	5	6.168	2135.2571	309.2570	4.2570	 1.73	 0.24	205.29	 4.26	 8.37	 1.00	11.32	 2.20	336.23	283.39	293.32	262.30	290.66	0	52.46
2000	11	5	6.402	2135.2668	309.2668	4.2667	 1.91	 0.13	206.69	 1.85	 2.47	 1.00	11.52	 2.25	336.23	283.28	295.22	261.46	290.52	0	52.29
2000	11	5	6.637	2135.2766	309.2766	4.2766	 2.10	 0.21	207.51	 2.37	 2.22	 1.00	11.33	 2.46	336.23	283.14	292.74	261.20	290.26	0	52.24
2000	11	5	6.872	2135.2864	309.2863	4.2863	 1.95	 0.16	206.22	 2.23	13.62	 0.98	11.48	 2.48	336.21	283.00	292.40	261.23	290.33	0	52.25
2000	11	5	8.525	2135.3552	309.3552	4.3552	 1.19	 0.52	204.59	20.55	94.65	 1.00	11.43	 1.91	336.17	281.69	282.90	260.75	288.48	0	52.15
2000	11	5	8.762	2135.3650	309.3651	4.3651	 0.96	 0.37	191.00	20.62	122.78	 1.00	11.65	 1.79	336.19	281.59	275.09	 0.00	288.36	0	54.00
2000	11	5	15.298	2135.6375	309.6374	4.6374	 1.65	 1.50	193.85	28.39	145.59	 1.00	12.08	 2.56	336.95	301.52	307.62	279.22	308.68	0	55.84
2000	11	6	1.614	2136.0671	310.0672	5.0672	 2.33	 0.31	212.09	 2.78	 1.69	 1.00	13.37	 2.55	336.32	288.65	303.72	262.97	297.97	0	52.59
2000	11	6	1.897	2136.0791	310.0790	5.0791	 2.13	 0.18	201.16	 1.93	 3.97	 1.00	13.88	 2.10	336.31	288.08	300.02	262.22	297.29	0	52.44
2000	11	6	2.184	2136.0911	310.0910	5.0910	 1.79	 0.19	197.88	 3.06	 9.79	 1.00	14.08	 2.01	336.31	287.56	297.29	262.15	296.74	0	52.43
2000	11	6	2.760	2136.1150	310.1150	5.1150	 1.99	 0.08	209.05	 1.03	 3.26	 0.98	14.02	 2.35	336.27	286.62	300.52	261.14	295.33	0	52.23
2000	11	6	3.052	2136.1272	310.1272	5.1272	 1.94	 0.10	208.89	 1.39	 2.51	 1.00	14.18	 2.43	336.29	286.19	298.88	261.05	294.69	0	52.21
2000	11	6	3.342	2136.1392	310.1393	5.1393	 1.76	 0.12	199.50	 1.95	 1.44	 1.00	13.75	 2.10	336.32	285.81	296.27	261.32	294.17	0	52.26
2000	11	6	3.634	2136.1514	310.1514	5.1514	 1.78	 0.14	208.38	 2.36	10.90	 0.99	14.27	 2.32	336.24	285.45	297.52	262.06	293.55	0	52.41
2000	11	6	4.225	2136.1760	310.1761	5.1761	 1.73	 0.18	202.67	 3.27	16.95	 0.99	14.35	 2.27	336.30	284.81	297.03	 0.00	292.62	0	54.00
2000	11	6	4.825	2136.2012	310.2010	5.2011	 1.63	 0.20	209.43	 4.23	21.67	 1.00	14.50	 2.36	336.39	284.17	298.09	260.99	291.78	0	52.20
2000	11	6	5.121	2136.2134	310.2134	5.2134	 1.64	 0.21	201.67	 4.13	 2.84	 1.00	14.10	 2.33	336.34	283.89	292.20	260.70	291.34	0	52.14
2000	11	6	6.919	2136.2883	310.2883	5.2883	 1.51	 0.24	211.83	 5.96	18.45	 1.00	14.77	 2.29	336.26	282.34	293.90	260.43	289.31	0	52.09
2000	11	6	7.538	2136.3140	310.3141	5.3141	 1.50	 0.22	204.72	 5.33	 5.30	 1.00	14.22	 2.14	336.24	281.71	294.85	258.74	288.66	0	51.75
2000	11	6	8.161	2136.3401	310.3401	5.3401	 1.36	 0.31	199.51	 9.10	56.16	 1.00	14.88	 2.04	336.18	281.23	291.11	259.06	287.96	0	51.81
2000	11	6	8.800	2136.3667	310.3667	5.3667	 1.56	 0.36	207.82	 8.29	15.51	 1.00	14.72	 2.47	336.26	280.76	290.17	258.56	287.38	0	51.71
2000	11	6	23.923	2136.9968	310.9968	5.9968	208.37	 1.00	223.64	 0.00	42.70	 0.00	10.27	 2.22	336.33	293.18	324.72	265.43	302.90	0	53.09
2000	11	7	0.974	2137.0405	311.0406	6.0406	 2.82	 2.60	191.62	12.15	160.28	 1.00	10.27	 2.60	336.42	289.84	301.53	263.83	299.52	0	52.77
2000	11	7	2.655	2137.1106	311.1106	6.1106	 1.73	 0.72	208.34	13.03	46.88	 1.00	10.28	 2.42	336.29	286.02	304.06	260.72	295.04	0	52.14
2000	11	7	2.866	2137.1194	311.1194	6.1194	 1.25	 0.31	201.15	10.94	14.28	 1.00	10.27	 2.10	336.32	285.68	301.64	260.92	294.59	0	52.18
2000	11	7	3.076	2137.1282	311.1281	6.1281	 1.36	 0.25	202.17	 7.41	45.05	 1.00	10.27	 2.27	336.29	285.34	296.50	260.90	295.00	0	52.18
2000	11	7	5.808	2137.2419	311.2420	6.2420	 1.52	 0.59	189.48	13.06	164.21	 1.00	10.27	 2.32	336.19	282.17	289.43	259.69	289.65	0	51.94
2000	11	7	6.439	2137.2683	311.2683	6.2683	 1.31	 1.02	201.86	32.57	455.46	 1.00	10.28	 2.56	336.19	281.61	294.08	259.13	289.15	0	51.83
2000	11	7	7.699	2137.3208	311.3208	6.3208	 0.98	 0.23	196.44	12.82	64.11	 1.00	10.27	 1.86	336.09	280.59	297.83	258.62	287.62	0	51.72
2000	11	7	21.793	2137.9080	311.9081	6.9080	 0.56	 0.64	262.53	130.72	501.44	 1.00	10.30	 1.47	336.42	301.98	347.98	273.30	308.93	0	54.66
2000	11	8	0.946	2138.0393	312.0394	7.0394	 1.12	 0.38	213.82	17.66	85.43	 1.00	10.27	 2.08	336.40	289.12	302.25	262.77	298.69	0	52.55
2000	11	8	2.417	2138.1006	312.1007	7.1007	 1.04	 0.07	198.02	 3.44	 4.14	 1.00	10.27	 2.14	336.38	285.81	297.32	260.31	294.78	0	52.06
2000	11	8	2.627	2138.1094	312.1094	7.1094	 1.17	 0.07	202.38	 2.86	 6.67	 1.00	10.28	 2.45	336.32	285.44	299.39	259.92	294.31	0	51.98
2000	11	8	2.837	2138.1182	312.1182	7.1182	 1.08	 0.08	201.79	 3.65	 5.20	 1.00	10.27	 2.40	336.32	285.08	297.44	259.95	293.86	0	51.99
2000	11	8	3.047	2138.1270	312.1270	7.1269	 1.12	 0.07	204.18	 3.09	 1.32	 1.00	10.27	 2.46	336.28	284.74	300.73	259.94	293.34	0	51.99
2000	11	8	3.467	2138.1445	312.1445	7.1445	 0.99	 0.05	199.15	 3.03	 3.37	 1.00	10.27	 2.27	336.36	284.16	294.95	259.79	292.53	0	51.96
2000	11	8	3.677	2138.1533	312.1532	7.1532	 1.07	 0.06	197.37	 2.87	 4.00	 1.00	10.27	 2.36	336.31	283.89	295.95	259.70	292.12	0	51.94
2000	11	8	3.887	2138.1619	312.1620	7.1620	 0.94	 0.06	198.26	 3.57	16.98	 0.97	10.28	 2.25	336.29	283.62	294.06	259.75	291.71	0	51.95
2000	11	8	4.097	2138.1707	312.1707	7.1707	 0.79	 0.05	205.92	 4.27	21.86	 0.94	10.28	 2.20	336.31	283.38	293.57	260.03	291.35	0	52.01
2000	11	8	4.308	2138.1794	312.1795	7.1795	 0.92	 0.09	205.04	 5.74	13.17	 1.00	10.27	 2.44	336.31	283.15	294.87	260.17	291.05	0	52.03
2000	11	8	4.518	2138.1882	312.1882	7.1882	 0.55	 0.18	202.99	30.09	85.78	 1.00	10.27	 1.66	336.31	282.94	293.38	260.33	290.75	0	52.07
2000	11	8	4.728	2138.1970	312.1970	7.1970	 0.96	 0.32	207.10	19.62	47.14	 1.00	10.32	 2.60	336.30	282.75	295.34	260.61	290.76	0	52.12
2000	11	8	5.779	2138.2407	312.2408	7.2408	 1.11	 0.24	192.11	10.32	 7.38	 1.00	10.27	 2.54	336.24	281.66	292.23	259.65	289.06	0	51.93
2000	11	8	7.671	2138.3196	312.3196	7.3196	 1.10	 0.12	195.07	 5.12	28.76	 0.99	10.28	 2.46	336.15	279.92	289.34	257.53	286.82	0	51.51
2000	11	8	7.881	2138.3284	312.3284	7.3284	 0.92	 0.17	200.59	11.09	20.92	 1.00	10.28	 2.28	336.12	279.76	290.27	257.38	286.60	0	51.48
2000	11	8	8.091	2138.3372	312.3371	7.3371	 0.81	 0.17	208.87	14.01	42.38	 1.00	10.27	 2.34	336.16	279.63	290.62	257.45	286.73	0	51.49
2000	11	8	8.511	2138.3547	312.3546	7.3546	 0.81	 0.09	188.36	 6.60	23.36	 0.99	10.27	 2.14	336.15	279.46	280.91	258.18	286.06	0	51.64
2000	11	8	8.721	2138.3633	312.3634	7.3634	 0.55	 0.24	182.99	36.08	258.92	 0.99	10.30	 1.66	336.15	279.34	278.66	257.53	285.94	0	51.51
2000	11	8	9.142	2138.3809	312.3809	7.3809	 1.15	 0.35	203.77	14.85	77.85	 1.00	10.30	 2.59	336.11	279.11	297.56	257.90	285.62	0	51.58
2000	11	8	9.352	2138.3896	312.3897	7.3897	 1.00	 0.08	192.40	 4.40	14.47	 0.99	10.28	 2.42	336.06	278.97	289.74	256.68	285.45	0	51.34
2000	11	8	9.562	2138.3984	312.3984	7.3984	 0.85	 0.15	202.42	11.42	23.96	 1.00	10.27	 2.37	336.05	278.82	291.41	256.43	285.30	0	51.29
2000	11	8	9.772	2138.4072	312.4072	7.4072	 0.93	 0.09	187.46	 5.47	11.93	 1.00	10.27	 2.34	336.18	278.96	288.54	257.00	285.12	0	51.40
2000	11	8	9.982	2138.4160	312.4159	7.4159	 0.88	 0.09	175.48	 5.73	17.52	 0.99	10.28	 2.33	336.27	279.58	285.18	258.43	285.26	0	51.69
2000	11	8	10.192	2138.4246	312.4247	7.4247	 0.95	 0.06	182.91	 3.26	15.44	 0.96	10.27	 2.50	336.30	280.35	289.83	259.50	285.67	0	51.90
2000	11	8	10.402	2138.4333	312.4334	7.4334	 0.95	 0.10	187.44	 5.50	23.45	 0.99	10.27	 2.49	336.36	281.28	289.44	260.77	286.23	0	52.15
2000	11	8	10.614	2138.4421	312.4422	7.4422	 0.90	 0.11	176.94	 6.55	59.31	 0.96	10.30	 2.20	336.38	282.31	289.94	262.94	287.57	0	52.59
2000	11	8	15.037	2138.6265	312.6265	7.6265	 0.52	 0.68	212.57	129.65	1610.56	 1.00	10.28	 1.94	336.94	300.80	311.97	281.89	306.47	0	56.38
2000	11	8	17.139	2138.7141	312.7141	7.7141	 0.23	 0.23	316.99	221.27	616.88	 0.98	10.28	 1.53	336.87	304.85	310.35	282.08	311.36	0	56.42
2000	11	8	17.559	2138.7317	312.7316	7.7316	 1.04	 0.48	218.46	26.44	252.15	 1.00	10.27	 2.45	336.90	305.49	321.06	282.46	311.91	0	56.49
2000	11	9	0.286	2139.0120	313.0119	8.0119	 1.59	 0.58	214.16	13.17	203.31	 1.00	10.28	 2.31	336.44	291.38	308.92	264.06	301.20	0	52.81
2000	11	9	0.916	2139.0381	313.0382	8.0382	 1.33	 0.23	214.03	 7.53	53.00	 1.00	10.28	 2.58	336.41	289.37	307.58	262.68	299.08	0	52.54
2000	11	9	1.126	2139.0469	313.0469	8.0469	 1.58	 0.20	200.93	 4.41	30.93	 0.99	10.28	 2.51	336.41	288.78	304.04	262.12	298.47	0	52.42
2000	11	9	1.337	2139.0557	313.0557	8.0557	 1.26	 0.14	207.82	 5.17	 8.69	 1.00	10.28	 2.41	336.47	288.24	304.64	261.52	297.83	0	52.30
2000	11	9	1.547	2139.0645	313.0645	8.0644	 1.19	 0.04	202.75	 1.53	 2.83	 0.99	10.27	 2.28	336.48	287.71	303.76	260.34	297.17	0	52.07
2000	11	9	1.757	2139.0732	313.0732	8.0732	 1.14	 0.07	199.58	 3.00	 1.68	 1.00	10.28	 2.24	336.43	287.21	299.93	260.01	296.71	0	52.00
2000	11	9	1.967	2139.0820	313.0820	8.0820	 1.27	 0.06	199.76	 1.96	 3.65	 1.00	10.27	 2.34	336.42	286.70	301.36	259.71	296.04	0	51.94
2000	11	9	2.178	2139.0908	313.0907	8.0907	 1.10	 0.10	189.37	 4.37	29.06	 0.98	10.30	 2.13	336.39	286.25	294.82	259.64	295.45	0	51.93
2000	11	9	2.388	2139.0996	313.0995	8.0995	 1.09	 0.12	198.14	 5.62	 3.58	 1.00	10.28	 2.30	336.37	285.85	296.86	259.65	295.09	0	51.93
2000	11	9	3.228	2139.1345	313.1345	8.1345	 0.78	 0.23	194.54	19.79	39.87	 1.00	10.27	 1.93	336.36	284.39	292.58	259.83	293.00	0	51.97
2000	11	9	4.699	2139.1958	313.1958	8.1958	 0.90	 0.44	192.57	28.05	155.64	 1.00	10.27	 2.44	336.32	282.45	288.36	259.81	290.32	0	51.96
2000	11	9	4.909	2139.2046	313.2046	8.2046	 0.93	 0.44	192.99	26.79	108.01	 1.00	10.28	 2.20	336.31	282.27	298.15	260.58	290.32	0	52.12
2000	11	9	8.063	2139.3359	313.3359	8.3359	 0.41	 0.30	248.57	96.10	197.74	 1.00	10.28	 2.09	336.29	279.97	296.75	257.72	286.97	0	51.54
2000	11	9	9.124	2139.3801	313.3802	8.3802	 0.13	 0.28	377.10	644.25	129.38	 1.00	10.28	 1.70	336.26	279.12	283.74	257.29	285.96	0	51.46
2000	11	9	10.595	2139.4414	313.4415	8.4415	 0.95	 0.28	177.51	14.94	56.25	 1.00	10.27	 2.56	336.39	281.87	299.23	262.32	286.93	0	52.46
2000	11	9	14.168	2139.5903	313.5903	8.5903	 0.04	 0.86	923.40	20630.54	3478.73	 0.99	10.28	 1.57	336.86	298.31	292.29	280.41	303.16	0	56.08
2000	11	10	0.066	2140.0027	314.0027	9.0027	 0.89	 0.96	172.24	55.79	636.81	 1.00	10.30	 1.74	336.41	292.14	290.96	264.09	302.06	0	52.82
2000	11	10	1.124	2140.0469	314.0468	9.0468	 1.11	 0.15	202.33	 6.59	11.42	 1.00	10.50	 2.33	336.43	288.67	303.68	261.25	298.49	0	52.25
2000	11	10	1.338	2140.0557	314.0558	9.0558	 0.98	 0.10	200.95	 5.84	30.60	 0.99	10.50	 2.15	336.40	288.04	305.63	260.72	297.85	0	52.14
2000	11	10	1.553	2140.0647	314.0647	9.0647	 1.04	 0.12	193.55	 5.79	 6.21	 1.00	10.52	 2.22	336.41	287.43	302.47	259.71	297.02	0	51.94
2000	11	10	1.983	2140.0825	314.0826	9.0826	 0.97	 0.06	194.75	 3.15	 1.03	 1.00	10.50	 2.20	336.45	286.35	300.05	 0.00	295.84	0	54.00
2000	11	10	2.197	2140.0916	314.0916	9.0916	 1.02	 0.08	201.93	 4.22	 9.49	 1.00	10.52	 2.38	336.43	285.91	298.44	259.47	295.38	0	51.89
2000	11	10	2.412	2140.1006	314.1005	9.1005	 1.10	 0.12	201.42	 5.65	18.74	 1.00	10.50	 2.47	336.37	285.52	298.73	259.50	294.69	0	51.90
2000	11	10	3.916	2140.1631	314.1631	9.1632	 0.71	 0.42	164.19	35.45	221.43	 1.00	10.50	 1.69	336.33	283.30	276.82	259.64	291.59	0	51.93
2000	11	10	4.561	2140.1899	314.1900	9.1900	 1.53	 0.68	183.56	14.34	67.62	 1.00	10.52	 2.38	336.32	282.57	293.65	259.83	290.70	0	51.97
2000	11	10	6.290	2140.2620	314.2621	9.2621	 1.09	 0.28	185.06	11.98	42.98	 1.00	10.52	 2.36	336.26	281.08	285.09	257.76	288.51	0	51.55
2000	11	10	6.720	2140.2800	314.2800	9.2800	 1.10	 0.18	198.57	 7.93	20.55	 1.00	10.50	 2.57	336.25	280.58	295.29	256.80	287.90	0	51.36
2000	11	10	7.364	2140.3069	314.3069	9.3068	 1.05	 0.21	202.70	10.84	103.27	 0.99	10.50	 2.56	336.24	279.90	294.47	256.68	287.04	0	51.34
2000	11	10	7.579	2140.3157	314.3158	9.3158	 1.13	 0.44	200.78	19.02	171.95	 1.00	10.53	 2.31	336.15	279.71	296.62	257.01	286.81	0	51.40
2000	11	10	8.654	2140.3606	314.3606	9.3606	 1.01	 0.37	176.87	17.53	40.02	 1.00	10.50	 2.43	336.12	278.91	286.33	256.89	285.74	0	51.38
2000	11	11	1.844	2141.0769	315.0768	10.0769	 0.75	 0.12	195.63	10.88	 5.85	 1.00	10.52	 1.98	336.39	286.52	296.27	259.97	296.02	0	51.99
2000	11	11	2.059	2141.0857	315.0858	10.0858	 1.02	 0.08	198.09	 4.32	 5.21	 1.00	10.52	 2.31	336.39	286.04	299.76	259.22	295.39	0	51.84
2000	11	11	2.499	2141.1042	315.1041	10.1041	 0.93	 0.07	198.89	 4.40	 8.92	 1.00	10.50	 2.29	336.39	285.15	299.24	259.13	294.32	0	51.83
2000	11	11	2.714	2141.1130	315.1131	10.1131	 0.90	 0.10	198.49	 6.89	 5.95	 1.00	10.52	 2.28	336.38	284.75	296.30	258.77	293.87	0	51.75
2000	11	11	2.929	2141.1221	315.1220	10.1220	 1.04	 0.09	190.88	 4.27	 0.87	 1.00	10.50	 2.36	336.37	284.37	298.28	258.60	293.22	0	51.72
2000	11	11	3.144	2141.1311	315.1310	10.1310	 0.80	 0.13	198.59	10.70	33.27	 1.00	10.50	 2.33	336.37	283.98	295.67	258.32	292.77	0	51.66
2000	11	11	3.359	2141.1399	315.1400	10.1400	 0.85	 0.10	198.04	 7.70	18.55	 1.00	10.53	 2.30	336.39	283.59	299.49	258.10	292.43	0	51.62
2000	11	11	3.574	2141.1489	315.1489	10.1489	 1.00	 0.12	193.44	 6.09	10.54	 1.00	10.52	 2.56	336.34	283.22	295.16	 0.00	292.03	0	54.00
2000	11	11	5.078	2141.2117	315.2116	10.2116	 0.36	 0.18	243.84	73.00	39.94	 1.00	10.52	 1.92	336.29	281.18	283.03	257.80	289.26	0	51.56
2000	11	11	5.508	2141.2295	315.2295	10.2295	 0.60	 0.24	193.06	33.05	124.89	 1.00	10.50	 2.14	336.28	280.70	284.84	257.72	288.55	0	51.54
2000	11	11	5.937	2141.2473	315.2474	10.2474	 0.45	 0.23	181.37	46.46	93.09	 1.00	10.48	 1.91	336.22	280.22	275.49	256.95	287.77	0	51.39
2000	11	11	6.152	2141.2563	315.2563	10.2563	 0.77	 0.13	207.92	12.18	47.52	 1.00	10.52	 2.54	336.18	280.05	294.67	256.80	287.47	0	51.36
2000	11	11	8.085	2141.3369	315.3369	10.3369	 0.99	 0.29	173.95	14.09	74.92	 1.00	10.50	 2.56	335.92	278.56	282.53	257.67	285.59	0	51.53
2000	11	11	8.515	2141.3547	315.3548	10.3548	 0.57	 0.11	200.41	17.10	10.44	 1.00	10.50	 2.21	335.93	278.48	285.47	258.33	285.04	0	51.67
2000	11	11	8.730	2141.3638	315.3637	10.3638	 0.82	 0.25	180.05	18.05	111.37	 1.00	10.52	 2.39	335.92	278.46	286.07	258.91	284.93	0	51.78
2000	11	11	10.234	2141.4265	315.4264	10.4264	 0.57	 0.11	177.33	14.88	18.74	 1.00	10.55	 2.21	336.14	280.08	291.61	259.59	285.38	0	51.92
2000	11	11	10.449	2141.4353	315.4354	10.4354	 0.48	 0.15	178.13	26.91	14.93	 1.00	10.50	 2.14	336.18	280.98	285.35	260.61	285.95	0	52.12
2000	11	11	11.094	2141.4622	315.4622	10.4622	 0.81	 0.20	172.28	13.77	78.75	 1.00	10.50	 2.60	336.27	284.19	288.26	266.94	289.21	0	53.39
2000	11	11	15.177	2141.6323	315.6324	10.6324	 0.39	 0.54	227.59	171.13	785.25	 1.00	10.50	 2.52	336.97	300.87	307.68	280.38	308.01	0	56.08
2000	11	11	19.905	2141.8293	315.8294	10.8294	 1.30	 1.04	214.12	35.87	1003.66	 1.00	10.50	 1.97	336.70	305.82	354.50	278.07	312.38	0	55.61
2000	11	12	1.071	2142.0447	316.0446	11.0446	 1.59	 1.04	189.33	20.93	100.57	 1.00	10.52	 2.13	336.39	288.55	289.57	261.66	298.22	0	52.33
2000	11	12	1.716	2142.0715	316.0715	11.0715	 1.26	 0.13	203.44	 4.43	15.45	 1.00	10.50	 2.45	336.37	286.91	301.34	260.64	296.40	0	52.13
2000	11	12	1.931	2142.0806	316.0804	11.0805	 1.17	 0.22	202.07	 8.96	 6.35	 1.00	10.52	 1.99	336.42	286.39	308.45	259.69	295.77	0	51.94
2000	11	12	3.650	2142.1521	316.1521	11.1521	 1.37	 0.47	194.64	13.36	99.87	 1.00	10.52	 2.45	336.34	283.39	291.14	259.61	291.91	0	51.92
2000	11	12	4.509	2142.1880	316.1879	11.1879	 1.13	 0.18	203.12	 7.76	65.65	 0.99	10.52	 2.56	336.33	282.30	298.21	259.08	290.41	0	51.82
2000	11	12	5.584	2142.2327	316.2326	11.2327	 0.53	 0.16	240.84	32.44	132.90	 0.99	10.50	 1.95	336.21	281.02	303.74	258.13	288.66	0	51.63
2000	11	12	5.798	2142.2417	316.2416	11.2416	 0.60	 0.14	216.89	21.99	35.85	 1.00	10.52	 2.27	336.23	280.79	290.41	257.58	288.49	0	51.52
2000	11	12	6.228	2142.2595	316.2595	11.2595	 0.92	 0.10	193.60	 6.46	12.54	 1.00	10.52	 2.49	336.22	280.26	291.53	256.61	287.96	0	51.32
2000	11	12	6.443	2142.2686	316.2685	11.2685	 0.69	 0.22	186.04	22.10	46.21	 1.00	10.50	 2.11	336.18	280.06	290.73	256.52	287.48	0	51.30
2000	11	12	6.872	2142.2864	316.2863	11.2864	 0.65	 0.21	199.82	25.06	36.71	 1.00	10.50	 2.24	336.15	279.70	288.63	257.19	286.94	0	51.44
2000	11	12	7.088	2142.2954	316.2953	11.2953	 0.95	 0.06	197.08	 3.41	 7.62	 0.99	10.52	 2.58	336.12	279.54	291.96	256.86	286.66	0	51.37
2000	11	12	7.302	2142.3042	316.3043	11.3043	 0.82	 0.11	206.34	 9.39	25.42	 1.00	10.50	 2.46	336.15	279.36	294.22	256.71	286.42	0	51.34
2000	11	12	7.947	2142.3311	316.3311	11.3311	 0.89	 0.29	207.86	20.80	96.29	 1.00	10.52	 2.54	336.09	278.87	301.98	257.14	285.77	0	51.43
2000	11	12	9.236	2142.3848	316.3849	11.3848	 0.66	 0.54	176.80	56.50	429.41	 1.00	10.52	 2.11	335.96	278.00	298.44	256.84	284.58	0	51.37
2000	11	13	2.441	2143.1018	317.1017	12.1017	 1.36	 0.43	178.72	11.33	119.22	 1.00	10.52	 1.86	336.35	284.52	292.77	259.64	293.44	0	51.93
2000	11	13	4.389	2143.1829	317.1829	12.1829	 0.55	 0.55	231.32	102.40	981.83	 1.00	10.80	 1.64	336.32	282.00	293.84	259.47	289.92	0	51.89
2000	11	13	5.934	2143.2473	317.2472	12.2472	 0.80	 0.56	178.58	41.73	394.21	 1.00	10.77	 2.20	336.29	280.40	285.89	258.33	288.06	0	51.67
2000	11	14	1.799	2144.0750	318.0750	13.0750	 1.09	 0.14	204.70	 6.58	35.19	 0.99	10.80	 2.23	336.34	286.21	298.72	260.72	295.55	0	52.14
2000	11	14	2.019	2144.0842	318.0841	13.0841	 1.12	 0.09	203.81	 4.16	 1.92	 1.00	10.75	 2.28	336.33	285.79	298.23	259.50	294.98	0	51.90
2000	11	14	2.240	2144.0933	318.0933	13.0933	 1.32	 0.08	207.98	 2.46	 5.73	 1.00	10.80	 2.57	336.28	285.36	300.90	259.09	294.39	0	51.82
2000	11	14	2.460	2144.1025	318.1025	13.1025	 1.14	 0.10	203.09	 4.40	15.49	 1.00	10.77	 2.28	336.31	284.87	299.35	258.61	293.86	0	51.72
2000	11	14	2.901	2144.1208	318.1209	13.1209	 0.86	 0.31	191.45	21.38	60.08	 1.00	10.77	 2.10	336.29	284.06	284.28	258.97	293.01	0	51.79
2000	11	14	3.563	2144.1484	318.1485	13.1485	 0.88	 0.34	218.35	26.05	241.34	 1.00	10.82	 2.31	336.31	283.05	306.26	259.02	291.51	0	51.80
2000	11	14	7.534	2144.3140	318.3139	13.3139	 1.14	 0.31	192.04	12.84	101.66	 1.00	10.82	 2.26	336.16	279.76	282.49	258.38	286.56	0	51.68
2000	11	14	7.975	2144.3323	318.3323	13.3323	 1.33	 0.54	195.61	16.56	210.58	 1.00	10.82	 2.52	336.11	279.55	288.11	258.23	286.25	0	51.65
2000	11	14	8.637	2144.3599	318.3599	13.3599	 1.13	 0.20	201.44	 8.45	102.91	 0.98	10.77	 2.50	336.11	279.28	281.97	 0.00	285.84	0	54.00
2000	11	14	9.519	2144.3967	318.3966	13.3966	 0.83	 0.35	181.54	24.92	386.00	 0.99	10.77	 1.87	336.12	279.11	274.07	259.45	285.39	0	51.89
2000	11	15	0.755	2145.0315	319.0315	14.0315	 1.59	 0.31	212.16	 6.89	53.66	 1.00	10.78	 2.26	336.38	289.81	305.66	262.60	299.43	0	52.52
2000	11	15	0.976	2145.0405	319.0406	14.0406	 2.16	 0.20	208.65	 2.12	 9.31	 0.99	10.82	 2.29	336.40	289.21	305.29	262.18	298.72	0	52.44
2000	11	15	1.417	2145.0591	319.0591	14.0590	 2.12	 0.28	204.16	 3.12	 2.19	 1.00	10.82	 2.17	336.43	288.10	302.81	260.83	297.13	0	52.17
2000	11	15	2.741	2145.1143	319.1142	14.1142	 2.29	 1.06	213.54	 9.97	100.70	 1.00	10.82	 2.58	336.35	285.44	303.52	260.43	294.26	0	52.09
2000	11	15	3.623	2145.1509	319.1510	14.1510	 2.00	 0.74	222.49	10.19	148.15	 1.00	10.82	 2.43	336.31	284.11	302.73	260.30	292.47	0	52.06
2000	11	15	4.064	2145.1694	319.1693	14.1694	 1.71	 1.16	229.44	23.98	244.91	 1.00	10.82	 2.02	336.27	283.64	323.81	260.90	291.69	0	52.18
2000	11	15	5.829	2145.2429	319.2429	14.2429	 1.50	 0.62	229.30	16.94	412.89	 0.99	10.80	 2.33	336.20	282.11	311.31	260.58	289.46	0	52.12
2000	11	15	7.815	2145.3257	319.3256	14.3256	 1.06	 0.35	204.64	17.81	73.44	 1.00	10.77	 2.43	336.14	280.73	283.43	259.01	287.59	0	51.80
2000	11	15	8.256	2145.3440	319.3440	14.3440	 1.12	 0.66	214.35	31.27	353.72	 1.00	10.77	 1.88	336.13	280.52	305.01	259.09	287.25	0	51.82
2000	11	15	9.580	2145.3992	319.3992	14.3992	 0.95	 0.85	157.82	40.48	799.48	 1.00	10.78	 1.45	336.11	279.98	267.53	258.68	286.42	0	51.74
2000	11	16	1.256	2146.0522	320.0523	15.0523	 2.20	 0.80	207.79	 8.17	62.11	 1.00	10.77	 2.33	336.33	289.05	306.03	262.77	298.61	0	52.55
2000	11	16	3.904	2146.1626	320.1627	15.1627	 1.10	 0.34	218.36	16.89	305.48	 0.99	10.77	 2.11	336.32	284.39	305.11	261.66	292.72	0	52.33
2000	11	16	8.317	2146.3464	320.3465	15.3465	 1.36	 0.48	197.99	13.96	339.24	 0.99	10.77	 2.25	336.13	280.60	298.76	259.09	287.81	0	51.82
2000	11	16	9.652	2146.4021	320.4022	15.4022	 1.02	 0.34	190.62	16.95	327.46	 0.98	10.82	 2.00	336.09	280.05	286.36	258.92	286.53	0	51.78
2000	11	16	10.314	2146.4297	320.4297	15.4297	 3.58	 5.21	183.99	10.49	118.42	 1.00	10.77	 2.59	336.20	281.84	288.33	260.86	287.30	0	52.17
2000	11	16	10.534	2146.4390	320.4389	15.4389	 1.19	 0.74	176.15	25.08	48.27	 1.00	10.82	 1.97	336.23	282.71	286.59	261.90	287.88	0	52.38
2000	11	16	19.076	2146.7949	320.7948	15.7948	 1.91	 2.72	160.21	30.42	1439.20	 1.00	11.08	 1.83	336.75	305.49	283.58	279.22	311.62	0	55.84
2000	11	17	3.201	2147.1333	321.1334	16.1334	 0.78	 0.24	212.71	22.27	12.90	 1.00	11.08	 2.43	336.29	284.48	303.46	260.58	293.52	0	52.12
2000	11	17	4.329	2147.1804	321.1804	16.1804	 0.92	 0.30	193.50	18.26	28.23	 1.00	11.00	 2.27	336.23	283.04	300.20	260.83	291.34	0	52.17
2000	11	17	5.457	2147.2273	321.2274	16.2274	 0.57	 0.24	166.78	30.56	50.43	 1.00	11.08	 1.84	336.23	281.93	290.86	259.80	289.66	0	51.96
2000	11	17	5.683	2147.2368	321.2368	16.2368	 0.43	 0.10	211.16	25.14	12.37	 1.00	10.98	 2.14	336.26	281.68	288.37	258.53	289.33	0	51.71
2000	11	17	5.908	2147.2461	321.2462	16.2462	 0.61	 0.26	202.38	35.88	97.02	 1.00	11.08	 2.45	336.22	281.34	296.76	257.21	289.10	0	51.44
2000	11	17	6.811	2147.2837	321.2838	16.2838	 0.25	 0.16	271.15	121.54	90.46	 1.00	11.07	 1.93	336.09	280.30	292.95	258.23	287.74	0	51.65
2000	11	17	7.037	2147.2932	321.2932	16.2932	 0.54	 0.15	187.82	23.20	64.73	 1.00	11.00	 2.42	336.05	280.11	288.50	257.85	287.73	0	51.57
2000	11	17	8.626	2147.3594	321.3594	16.3594	 0.21	 0.22	255.58	195.42	205.63	 0.99	11.00	 2.10	335.96	278.97	281.93	258.26	285.86	0	51.65
2000	11	17	8.851	2147.3689	321.3688	16.3688	 0.66	 0.13	163.81	12.23	34.96	 1.00	11.07	 2.47	335.94	278.84	291.49	258.00	285.65	0	51.60
2000	11	17	9.077	2147.3782	321.3782	16.3782	 0.21	 0.27	197.15	174.80	119.31	 1.00	10.98	 1.91	335.97	278.74	283.57	258.58	285.77	0	51.72
2000	11	17	9.754	2147.4065	321.4064	16.4064	 0.27	 0.14	219.96	78.12	24.50	 1.00	11.08	 2.12	336.01	279.10	288.28	260.16	285.17	0	52.03
2000	11	17	9.979	2147.4158	321.4158	16.4158	 0.67	 0.26	136.10	20.21	31.75	 1.00	11.00	 2.11	336.07	279.86	295.74	261.35	285.99	0	52.27
2000	11	17	10.205	2147.4253	321.4252	16.4252	 0.44	 0.11	163.50	19.79	 5.06	 1.00	11.08	 2.30	336.11	280.78	287.95	262.58	286.74	0	52.52
2000	11	17	10.431	2147.4346	321.4346	16.4346	 0.31	 0.07	184.63	24.25	34.12	 0.95	10.98	 2.20	336.16	281.89	286.94	264.02	286.80	0	52.80
2000	11	17	10.656	2147.4441	321.4440	16.4440	 0.73	 0.08	153.46	 5.80	64.00	 0.78	11.10	 2.60	336.22	283.03	293.49	265.38	287.58	0	53.08
2000	11	17	10.882	2147.4534	321.4534	16.4534	 0.48	 0.04	158.57	 7.22	37.37	 0.66	11.00	 2.35	336.26	284.25	290.80	267.02	288.44	0	53.40
2000	11	17	11.108	2147.4629	321.4628	16.4628	 0.64	 0.07	152.77	 6.92	33.68	 0.93	11.10	 2.45	336.29	285.46	294.82	269.07	290.45	0	53.81
2000	11	17	11.559	2147.4817	321.4816	16.4816	 0.33	 0.09	191.81	30.79	10.62	 1.00	11.10	 2.42	336.39	287.98	293.79	273.58	291.62	0	54.72
2000	11	17	11.785	2147.4910	321.4910	16.4910	 0.56	 0.10	153.95	11.93	34.72	 0.98	11.00	 2.46	336.40	289.27	296.80	275.56	292.86	0	55.11
2000	11	17	12.010	2147.5005	321.5004	16.5004	 0.07	 0.27	511.95	1727.25	91.91	 1.00	11.08	 2.06	336.42	290.51	296.37	276.37	294.09	0	55.27
2000	11	17	12.236	2147.5098	321.5098	16.5098	 0.19	 0.04	264.11	41.23	16.70	 0.95	11.00	 2.22	336.51	291.77	297.65	279.35	295.30	0	55.87
2000	11	17	18.780	2147.7825	321.7825	16.7825	 0.70	 0.28	182.16	26.67	58.97	 1.00	11.08	 1.47	336.76	309.82	327.58	286.66	316.66	0	57.33
2000	11	17	22.390	2147.9329	321.9329	16.9329	 0.77	 0.39	190.05	32.35	381.57	 1.00	11.08	 1.58	336.42	304.18	312.43	275.84	312.01	0	55.17
2000	11	17	23.744	2147.9893	321.9893	16.9893	 1.49	 0.47	199.82	11.57	123.68	 1.00	11.10	 2.12	336.46	296.81	311.91	268.27	306.67	0	53.65
2000	11	18	1.098	2148.0457	322.0458	17.0458	 0.99	 0.12	201.47	 6.47	16.51	 1.00	11.08	 2.20	336.34	291.61	309.77	265.21	301.73	0	53.04
2000	11	18	1.324	2148.0552	322.0552	17.0552	 0.70	 0.14	204.68	14.94	21.10	 1.00	11.00	 2.08	336.38	290.97	306.15	264.68	301.06	0	52.94
2000	11	18	1.775	2148.0740	322.0740	17.0740	 0.79	 0.09	192.85	 7.59	22.38	 1.00	10.98	 2.08	336.39	289.79	306.04	264.35	299.61	0	52.87
2000	11	18	2.001	2148.0833	322.0834	17.0834	 0.65	 0.08	198.96	 9.46	 4.26	 1.00	11.08	 2.05	336.42	289.23	302.40	263.28	299.23	0	52.66
2000	11	18	2.227	2148.0928	322.0928	17.0928	 0.61	 0.10	196.82	13.19	28.53	 1.00	11.00	 2.09	336.39	288.65	302.54	262.54	298.44	0	52.51
2000	11	18	2.678	2148.1116	322.1116	17.1116	 0.45	 0.20	214.73	46.55	66.90	 1.00	11.00	 1.82	336.42	287.65	299.68	263.58	297.02	0	52.72
2000	11	18	3.129	2148.1304	322.1304	17.1304	 0.70	 0.15	196.78	16.03	93.58	 0.99	11.00	 2.30	336.42	286.86	297.40	263.64	296.03	0	52.73
2000	11	18	3.581	2148.1492	322.1492	17.1492	 0.68	 0.13	197.59	14.66	95.94	 0.98	11.00	 2.37	336.40	286.26	295.14	264.35	295.11	0	52.87
2000	11	18	4.258	2148.1775	322.1774	17.1774	 0.76	 0.14	192.15	11.79	17.31	 1.00	11.08	 2.27	336.35	285.62	297.36	264.23	294.07	0	52.85
2000	11	18	5.170	2148.2153	322.2154	17.2154	 0.89	 0.08	196.43	 5.15	28.08	 0.97	11.08	 2.55	336.28	284.68	297.32	263.98	292.76	0	52.80
2000	11	18	5.396	2148.2249	322.2249	17.2248	 0.66	 0.11	190.14	12.62	15.25	 1.00	11.10	 2.08	336.32	284.52	291.04	263.94	292.54	0	52.79
2000	11	18	5.848	2148.2437	322.2437	17.2437	 0.81	 0.07	191.70	 5.23	 7.96	 1.00	11.07	 2.38	336.26	284.20	294.17	263.33	291.97	0	52.67
2000	11	18	6.074	2148.2532	322.2531	17.2531	 0.85	 0.08	204.59	 5.76	25.36	 0.98	10.98	 2.60	336.27	284.04	299.78	263.59	291.69	0	52.72
2000	11	18	6.751	2148.2812	322.2813	17.2813	 0.71	 0.05	199.68	 5.12	10.62	 0.99	11.08	 2.30	336.27	283.64	295.95	263.70	291.00	0	52.74
2000	11	18	6.976	2148.2908	322.2907	17.2907	 0.69	 0.08	197.48	 8.07	26.58	 0.99	11.00	 2.27	336.28	283.50	294.03	263.17	291.10	0	52.63
2000	11	18	7.202	2148.3000	322.3001	17.3001	 0.90	 0.07	187.77	 4.39	 7.21	 1.00	11.08	 2.42	336.29	283.39	294.22	263.29	290.63	0	52.66
2000	11	18	7.428	2148.3096	322.3095	17.3095	 0.66	 0.04	200.15	 5.09	 9.37	 0.99	11.00	 2.26	336.29	283.28	293.17	263.62	290.40	0	52.72
2000	11	18	7.653	2148.3188	322.3189	17.3189	 0.78	 0.04	192.54	 3.23	 7.56	 0.98	11.08	 2.36	336.25	283.17	292.12	263.60	290.26	0	52.72
2000	11	18	7.879	2148.3284	322.3283	17.3283	 0.74	 0.09	193.81	 8.71	 4.60	 1.00	10.98	 2.37	336.24	283.04	292.85	263.14	290.12	0	52.63
2000	11	18	8.105	2148.3376	322.3377	17.3377	 0.70	 0.08	200.03	 8.07	19.60	 0.99	11.10	 2.50	336.22	282.91	289.70	263.12	289.90	0	52.62
2000	11	18	8.556	2148.3564	322.3565	17.3565	 0.61	 0.09	209.46	13.08	 2.66	 1.00	11.08	 2.36	336.20	282.70	292.33	263.30	289.93	0	52.66
2000	11	18	9.007	2148.3752	322.3753	17.3753	 0.68	 0.03	200.66	 3.63	 6.73	 0.98	11.08	 2.30	336.17	282.57	293.17	264.00	289.37	0	52.80
2000	11	18	9.459	2148.3940	322.3941	17.3941	 0.58	 0.08	203.32	11.40	18.48	 1.00	11.08	 2.27	336.19	282.49	288.98	264.07	289.15	0	52.81
2000	11	18	9.911	2148.4128	322.4130	17.4130	 0.89	 0.06	184.87	 4.07	11.15	 0.99	11.08	 2.55	336.30	283.32	294.19	264.80	289.28	0	52.96
2000	11	18	10.137	2148.4224	322.4224	17.4224	 0.83	 0.06	183.63	 4.64	26.67	 0.95	11.00	 2.43	336.33	284.14	296.43	265.94	289.74	0	53.19
2000	11	18	10.362	2148.4316	322.4318	17.4318	 0.69	 0.05	184.64	 4.85	11.36	 0.98	11.08	 2.33	336.40	285.12	292.40	266.81	291.05	0	53.36
2000	11	18	10.588	2148.4412	322.4412	17.4412	 0.96	 0.07	181.17	 3.77	25.41	 0.95	11.02	 2.59	336.44	286.17	295.44	268.12	291.09	0	53.62
2000	11	18	10.814	2148.4507	322.4506	17.4506	 0.66	 0.05	189.70	 5.51	18.01	 0.96	11.08	 2.24	336.52	287.30	295.34	269.94	291.93	0	53.99
2000	11	18	11.039	2148.4600	322.4600	17.4600	 0.65	 0.04	177.85	 4.47	14.37	 0.94	10.98	 2.20	336.53	288.51	291.56	272.22	292.85	0	54.44
2000	11	18	11.265	2148.4695	322.4694	17.4694	 0.55	 0.03	185.43	 4.14	11.22	 0.87	11.07	 2.09	336.58	289.71	293.40	274.52	293.85	0	54.90
2000	11	18	11.491	2148.4788	322.4788	17.4788	 0.57	 0.10	201.15	15.17	91.23	 0.96	11.00	 2.33	336.58	290.91	300.26	276.26	294.91	0	55.25
2000	11	18	11.716	2148.4883	322.4882	17.4882	 0.74	 0.17	191.00	15.35	37.22	 1.00	11.10	 2.44	336.59	292.10	301.06	276.67	296.10	0	55.33
2000	11	18	11.942	2148.4976	322.4976	17.4976	 0.83	 0.22	183.82	15.34	52.79	 1.00	11.00	 2.52	336.53	293.24	302.53	277.40	297.15	0	55.48
2000	11	18	12.393	2148.5164	322.5164	17.5164	 0.67	 0.32	185.58	34.04	174.94	 1.00	11.00	 2.27	336.60	295.50	305.89	279.61	299.51	0	55.92
2000	11	18	16.230	2148.6763	322.6762	17.6762	 0.77	 0.41	188.98	34.55	322.68	 1.00	11.08	 1.89	337.01	307.58	311.81	285.95	314.46	0	57.19
2000	11	19	1.286	2149.0535	323.0536	18.0536	 1.09	 0.27	199.22	12.14	38.25	 1.00	11.13	 2.07	336.36	291.01	309.49	264.68	300.96	0	52.94
2000	11	19	1.513	2149.0630	323.0630	18.0630	 1.25	 0.21	203.65	 7.36	41.13	 1.00	11.05	 2.45	336.33	290.41	309.02	264.06	300.29	0	52.81
2000	11	19	2.194	2149.0913	323.0914	18.0914	 1.11	 0.16	199.46	 6.97	 3.88	 1.00	11.17	 2.24	336.34	288.79	304.34	263.42	298.35	0	52.68
2000	11	19	2.422	2149.1008	323.1009	18.1009	 1.11	 0.12	202.62	 5.17	14.12	 1.00	11.07	 2.33	336.31	288.33	305.05	263.40	297.96	0	52.68
2000	11	19	2.649	2149.1104	323.1104	18.1104	 1.07	 0.11	197.18	 5.32	20.35	 1.00	11.15	 2.10	336.34	287.92	304.39	263.44	297.11	0	52.69
2000	11	19	2.877	2149.1199	323.1199	18.1199	 1.22	 0.13	195.00	 4.58	33.63	 0.98	11.07	 2.34	336.24	287.54	302.63	263.47	296.72	0	52.69
2000	11	19	3.342	2149.1392	323.1393	18.1393	 0.83	 0.10	202.43	 7.54	34.90	 0.99	11.15	 2.24	336.40	286.52	299.35	260.52	295.63	0	52.10
2000	11	19	4.026	2149.1677	323.1677	18.1677	 0.97	 0.42	194.63	23.92	196.54	 1.00	11.07	 2.05	336.31	285.34	307.17	261.65	294.04	0	52.33
2000	11	19	5.167	2149.2153	323.2153	18.2153	 0.89	 0.43	181.56	26.94	124.20	 1.00	11.17	 2.13	336.27	284.11	300.74	262.56	292.16	0	52.51
2000	11	19	5.395	2149.2249	323.2248	18.2248	 0.16	 0.24	437.89	504.06	58.59	 1.00	11.08	 1.72	336.34	283.86	305.35	261.78	292.09	0	52.36
2000	11	19	9.059	2149.3774	323.3775	18.3775	 0.58	 0.26	176.00	33.54	39.97	 1.00	11.10	 2.26	336.20	280.90	300.65	260.66	288.01	0	52.13
2000	11	19	9.517	2149.3965	323.3966	18.3966	 0.42	 0.39	190.44	95.23	318.39	 1.00	11.10	 2.37	336.21	280.74	294.05	262.12	287.64	0	52.42
2000	11	19	16.888	2149.7036	323.7036	18.7036	 0.70	 0.42	166.33	37.27	423.82	 0.99	11.17	 2.00	336.98	305.71	314.70	280.86	312.26	0	56.17
2000	11	20	0.759	2150.0317	324.0316	19.0316	 0.68	 0.26	187.73	26.98	205.02	 0.99	12.50	 1.75	336.36	292.17	305.16	265.97	302.15	0	53.19
2000	11	20	1.270	2150.0530	324.0529	19.0529	 1.02	 0.14	204.52	 7.42	39.62	 0.99	12.28	 2.45	336.24	290.62	310.28	265.14	300.49	0	53.03
2000	11	20	1.518	2150.0632	324.0633	19.0633	 0.90	 0.07	193.23	 4.48	 8.39	 1.00	11.85	 2.17	336.25	290.01	305.50	265.27	299.75	0	53.05
2000	11	20	1.782	2150.0742	324.0742	19.0743	 0.44	 0.09	212.28	21.59	19.20	 1.00	12.40	 1.80	336.30	289.38	299.23	265.11	299.05	0	53.02
2000	11	20	2.037	2150.0850	324.0849	19.0849	 0.70	 0.05	194.57	 5.08	 5.95	 1.00	12.27	 2.26	336.33	288.84	303.00	264.68	298.36	0	52.94
2000	11	20	2.292	2150.0955	324.0955	19.0955	 0.75	 0.02	191.13	 2.22	 5.24	 0.93	12.28	 2.32	336.31	288.28	303.08	263.49	297.72	0	52.70
2000	11	20	2.549	2150.1062	324.1062	19.1062	 0.65	 0.06	187.14	 7.16	 7.68	 1.00	12.67	 2.30	336.32	287.68	298.91	262.45	296.97	0	52.49
2000	11	20	2.810	2150.1172	324.1171	19.1171	 0.51	 0.15	202.06	27.28	218.18	 0.95	12.50	 2.17	336.34	287.11	299.81	262.91	296.42	0	52.58
2000	11	20	3.329	2150.1387	324.1387	19.1387	 0.45	 0.09	189.39	19.61	73.85	 0.95	12.35	 2.24	336.33	286.18	293.13	263.57	295.18	0	52.71
2000	11	20	3.590	2150.1497	324.1496	19.1496	 0.18	 0.12	310.40	160.04	52.36	 1.00	12.78	 2.08	336.31	285.87	290.88	263.99	294.67	0	52.80
2000	11	20	3.852	2150.1604	324.1605	19.1605	 0.55	 0.05	196.68	 8.53	 7.41	 1.00	12.55	 2.45	336.29	285.57	298.13	263.81	294.25	0	52.76
2000	11	20	4.913	2150.2048	324.2047	19.2047	 0.77	 0.18	167.82	13.00	86.42	 0.99	12.67	 2.50	336.38	284.22	290.99	261.82	292.47	0	52.36
2000	11	20	5.445	2150.2268	324.2269	19.2269	 0.49	 0.13	187.55	24.90	46.81	 1.00	12.67	 2.24	336.33	283.57	294.29	261.44	291.59	0	52.29
2000	11	20	6.792	2150.2830	324.2830	19.2830	 0.21	 0.34	237.74	276.26	243.51	 1.00	13.37	 1.76	336.25	282.22	287.38	261.40	289.69	0	52.28
2000	11	20	7.622	2150.3176	324.3176	19.3176	 0.66	 0.16	185.93	17.46	34.81	 1.00	13.50	 2.55	336.22	281.49	298.76	260.91	288.78	0	52.18
2000	11	20	9.555	2150.3982	324.3981	19.3981	 0.57	 0.13	175.81	16.92	31.14	 1.00	12.90	 2.28	336.20	281.11	292.19	262.51	287.67	0	52.50
2000	11	20	10.085	2150.4202	324.4202	19.4202	 0.89	 0.19	164.33	10.71	40.29	 1.00	12.92	 2.56	336.29	282.46	294.93	263.21	288.11	0	52.64
2000	11	20	10.625	2150.4426	324.4427	19.4427	 0.70	 0.05	166.52	 4.44	 8.50	 0.99	13.65	 2.51	336.42	284.90	294.87	267.09	290.42	0	53.42
2000	11	20	10.912	2150.4546	324.4547	19.4547	 0.32	 0.12	189.97	44.50	59.66	 0.99	13.90	 1.98	336.48	286.38	293.42	269.60	291.49	0	53.92
2000	11	20	11.206	2150.4670	324.4669	19.4669	 0.56	 0.08	170.87	10.72	 7.61	 1.00	14.40	 2.40	336.52	287.95	296.34	272.57	291.95	0	54.51
2000	11	20	11.499	2150.4790	324.4791	19.4791	 0.54	 0.11	175.07	16.05	29.58	 1.00	13.62	 2.41	336.55	289.61	295.84	275.36	293.37	0	55.07
2000	11	20	11.788	2150.4912	324.4911	19.4912	 0.63	 0.06	172.29	 6.61	15.56	 0.98	14.18	 2.49	336.57	291.24	297.87	278.31	294.71	0	55.66
2000	11	20	13.575	2150.5657	324.5656	19.5656	 0.15	 0.29	337.92	531.26	174.78	 1.00	14.47	 1.88	336.87	299.74	309.90	284.50	304.17	0	56.90
2000	11	20	15.700	2150.6543	324.6542	19.6542	 0.17	 0.30	328.30	447.45	102.80	 1.00	14.28	 1.61	337.05	306.38	316.18	285.84	314.03	0	57.17
2000	11	20	21.262	2150.8860	324.8859	19.8859	 1.00	 0.26	215.50	15.20	61.43	 1.00	10.28	 2.41	336.63	308.54	325.27	280.34	315.73	0	56.07
2000	11	20	22.523	2150.9385	324.9384	19.9385	 1.82	 0.96	210.56	15.77	179.68	 1.00	10.28	 2.30	336.46	304.92	324.69	276.42	312.57	0	55.28
2000	11	21	0.836	2151.0349	325.0349	20.0348	 1.44	 0.27	216.24	 7.62	17.65	 1.00	10.28	 2.50	336.41	293.74	312.94	267.14	303.96	0	53.43
2000	11	21	1.046	2151.0437	325.0436	20.0436	 1.50	 0.23	204.16	 5.62	28.24	 1.00	10.28	 2.37	336.37	293.09	309.15	266.99	303.26	0	53.40
2000	11	21	1.257	2151.0522	325.0524	20.0524	 1.04	 0.14	205.92	 7.43	 4.78	 1.00	10.27	 2.06	336.37	292.48	310.51	266.41	302.65	0	53.28
2000	11	21	1.887	2151.0786	325.0786	20.0786	 1.20	 0.05	204.31	 1.96	 7.03	 0.98	10.27	 2.24	336.35	290.90	305.08	265.74	300.72	0	53.15
2000	11	21	2.097	2151.0874	325.0874	20.0874	 1.17	 0.05	210.86	 2.09	 0.63	 1.00	10.28	 2.38	336.40	290.44	305.98	265.46	300.14	0	53.09
2000	11	21	2.307	2151.0962	325.0961	20.0961	 1.23	 0.26	209.86	 9.80	29.18	 1.00	10.27	 2.57	336.32	290.03	305.32	265.66	299.74	0	53.13
2000	11	21	2.517	2151.1050	325.1049	20.1049	 1.16	 0.31	210.56	13.31	72.78	 1.00	10.27	 2.51	336.36	289.63	306.81	266.61	299.07	0	53.32
2000	11	21	3.988	2151.1663	325.1662	20.1662	 1.12	 0.11	213.01	 5.18	 9.90	 1.00	10.27	 2.46	336.33	287.44	301.56	265.97	296.13	0	53.19
2000	11	21	4.198	2151.1750	325.1749	20.1749	 1.16	 0.05	209.24	 2.04	 3.59	 1.00	10.28	 2.39	336.36	287.20	301.91	265.10	295.77	0	53.02
2000	11	21	5.249	2151.2187	325.2187	20.2187	 1.32	 0.05	207.96	 1.73	 3.26	 0.99	10.27	 2.38	336.29	286.26	298.39	266.28	294.37	0	53.26
2000	11	21	5.459	2151.2275	325.2275	20.2275	 1.30	 0.06	209.53	 1.97	 1.53	 1.00	10.28	 2.45	336.26	286.15	297.57	266.19	294.17	0	53.24
2000	11	21	5.669	2151.2363	325.2362	20.2362	 1.33	 0.04	208.45	 1.24	 4.06	 0.96	10.27	 2.37	336.25	286.08	297.81	266.16	293.98	0	53.23
2000	11	21	5.879	2151.2449	325.2450	20.2450	 1.24	 0.04	208.95	 1.34	 1.14	 1.00	10.28	 2.36	336.31	286.00	296.18	265.74	293.74	0	53.15
2000	11	21	6.089	2151.2537	325.2537	20.2537	 1.29	 0.07	210.53	 2.25	 2.58	 1.00	10.28	 2.50	336.31	285.92	295.10	265.41	293.55	0	53.08
2000	11	21	6.510	2151.2712	325.2712	20.2712	 1.33	 0.21	219.90	 7.29	 9.17	 1.00	10.28	 2.51	336.30	285.69	299.15	264.11	293.58	0	52.82
2000	11	21	6.720	2151.2800	325.2800	20.2800	 1.40	 0.08	211.97	 2.43	 0.55	 1.00	10.28	 2.46	336.27	285.59	296.99	265.56	293.00	0	53.11
2000	11	21	6.930	2151.2888	325.2888	20.2887	 1.37	 0.05	205.81	 1.42	 0.93	 1.00	10.27	 2.35	336.27	285.56	294.01	 0.00	292.86	0	54.00
2000	11	21	7.140	2151.2976	325.2975	20.2975	 1.42	 0.06	207.02	 1.70	 1.07	 1.00	10.27	 2.38	336.25	285.50	294.61	265.13	293.08	0	53.03
2000	11	21	7.561	2151.3149	325.3150	20.3150	 1.36	 0.05	211.55	 1.43	 4.50	 0.98	10.28	 2.43	336.23	285.34	295.55	265.90	292.42	0	53.18
2000	11	21	7.771	2151.3237	325.3238	20.3238	 1.44	 0.06	211.90	 1.75	 3.62	 1.00	10.27	 2.47	336.25	285.25	295.93	265.30	292.28	0	53.06
2000	11	21	7.981	2151.3325	325.3326	20.3325	 1.55	 0.08	209.14	 1.90	 8.21	 0.98	10.28	 2.48	336.23	285.18	295.30	266.30	292.12	0	53.26
2000	11	21	8.191	2151.3413	325.3413	20.3413	 1.32	 0.06	203.42	 2.05	 1.76	 1.00	10.27	 2.27	336.23	285.12	292.50	267.04	292.03	0	53.41
2000	11	21	8.401	2151.3501	325.3500	20.3500	 1.43	 0.07	210.67	 1.88	 5.96	 0.99	10.27	 2.51	336.21	285.05	295.35	266.79	291.89	0	53.36
2000	11	21	8.611	2151.3589	325.3588	20.3588	 1.42	 0.16	201.03	 4.37	 6.51	 1.00	10.28	 2.32	336.28	284.96	292.26	266.69	291.79	0	53.34
2000	11	21	9.242	2151.3850	325.3851	20.3851	 1.26	 0.10	205.93	 3.75	 5.79	 1.00	10.28	 2.32	336.28	284.75	293.03	266.76	291.54	0	53.35
2000	11	21	9.452	2151.3938	325.3938	20.3938	 1.21	 0.10	211.40	 3.92	10.46	 1.00	10.28	 2.32	336.23	284.68	293.63	266.01	291.86	0	53.20
2000	11	21	9.662	2151.4026	325.4026	20.4026	 1.40	 0.17	202.22	 4.68	17.90	 1.00	10.28	 2.39	336.30	284.71	293.11	265.06	291.42	0	53.01
2000	11	21	10.292	2151.4290	325.4289	20.4289	 1.37	 0.24	202.09	 7.12	76.19	 0.99	10.28	 2.33	336.36	286.28	299.10	266.90	292.19	0	53.38
2000	11	21	10.503	2151.4375	325.4376	20.4376	 1.01	 0.33	178.17	15.49	128.46	 1.00	10.27	 1.72	336.40	287.04	292.67	267.59	292.69	0	53.52
2000	11	21	11.133	2151.4639	325.4639	20.4639	 1.68	 0.66	194.31	11.86	51.04	 1.00	10.28	 2.07	336.54	289.64	304.48	272.14	294.63	0	54.43
2000	11	21	14.286	2151.5952	325.5952	20.5952	 1.49	 0.46	204.07	11.52	 1.17	 1.00	10.27	 2.24	336.91	303.16	313.48	291.85	308.25	0	58.37
2000	11	21	15.126	2151.6304	325.6302	20.6303	 1.23	 0.37	201.65	13.71	262.63	 0.99	10.27	 1.80	337.06	306.22	315.49	293.13	309.41	0	58.63
2000	11	21	15.967	2151.6653	325.6653	20.6653	 1.66	 0.50	226.83	10.93	52.98	 1.00	10.28	 2.53	337.02	308.59	324.98	288.96	316.17	0	57.79
2000	11	21	18.710	2151.7795	325.7796	20.7796	 2.22	 0.84	209.53	 8.45	34.88	 1.00	10.28	 2.03	336.99	312.04	332.80	286.54	318.78	0	57.31
2000	11	22	0.804	2152.0334	326.0335	21.0335	 1.06	 0.19	206.54	 9.38	 9.29	 1.00	10.27	 1.96	336.62	293.66	308.33	266.70	303.88	0	53.34
2000	11	22	1.015	2152.0422	326.0423	21.0423	 1.15	 0.07	203.93	 2.81	10.80	 0.99	10.28	 2.06	336.57	292.99	309.77	266.28	303.11	0	53.26
2000	11	22	1.225	2152.0510	326.0511	21.0510	 1.09	 0.03	204.82	 1.53	 1.97	 0.99	10.27	 2.17	336.59	292.36	308.48	265.24	302.62	0	53.05
2000	11	22	1.435	2152.0598	326.0598	21.0598	 1.12	 0.04	208.04	 1.72	 4.59	 0.98	10.27	 2.35	336.57	291.75	307.11	264.83	301.78	0	52.97
2000	11	22	1.645	2152.0686	326.0685	21.0685	 1.12	 0.03	207.23	 1.43	 1.07	 1.00	10.28	 2.32	336.60	291.18	307.16	264.31	301.11	0	52.86
2000	11	22	1.855	2152.0774	326.0773	21.0773	 1.08	 0.11	202.37	 5.02	 5.94	 1.00	10.27	 2.24	336.56	290.65	307.54	264.49	300.45	0	52.90
2000	11	22	2.486	2152.1035	326.1036	21.1036	 0.86	 0.14	207.65	10.49	38.02	 1.00	10.28	 2.22	336.50	289.28	304.41	264.37	298.75	0	52.87
2000	11	22	3.326	2152.1387	326.1386	21.1386	 1.36	 0.06	207.48	 1.78	 1.59	 1.00	10.27	 2.35	336.48	287.87	302.76	264.74	296.82	0	52.95
2000	11	22	3.536	2152.1472	326.1473	21.1473	 1.12	 0.05	208.13	 2.20	 5.90	 0.99	10.28	 2.41	336.49	287.60	299.80	264.33	296.38	0	52.87
2000	11	22	3.746	2152.1560	326.1561	21.1561	 1.19	 0.06	211.53	 2.40	 5.95	 0.99	10.28	 2.42	336.51	287.33	300.97	264.38	296.30	0	52.88
2000	11	22	3.956	2152.1648	326.1648	21.1648	 1.23	 0.07	209.16	 2.54	 4.25	 1.00	10.27	 2.47	336.52	287.07	300.51	264.47	295.62	0	52.89
2000	11	22	4.166	2152.1736	326.1736	21.1736	 1.16	 0.04	209.62	 1.75	 3.10	 0.99	10.28	 2.36	336.49	286.84	300.51	265.28	295.21	0	53.06
2000	11	22	4.377	2152.1824	326.1824	21.1824	 1.11	 0.09	207.24	 4.22	18.18	 0.99	10.27	 2.28	336.42	286.64	299.06	266.46	294.43	0	53.29
2000	11	22	4.587	2152.1912	326.1911	21.1911	 1.11	 0.04	204.14	 1.69	 3.49	 0.99	10.28	 2.31	336.45	286.42	299.99	265.68	294.64	0	53.14
2000	11	22	4.797	2152.2000	326.1999	21.1999	 0.99	 0.04	204.74	 2.13	 3.69	 0.99	10.32	 2.28	336.43	286.22	296.81	264.28	294.40	0	52.86
2000	11	22	5.007	2152.2087	326.2086	21.2086	 0.91	 0.05	206.26	 3.29	 3.87	 1.00	10.27	 2.20	336.43	286.02	296.73	263.42	294.13	0	52.68
2000	11	22	5.218	2152.2173	326.2174	21.2174	 1.03	 0.03	209.20	 1.77	 1.62	 1.00	10.28	 2.47	336.48	285.85	297.80	 0.00	293.83	0	54.00
2000	11	22	5.428	2152.2261	326.2262	21.2262	 1.05	 0.05	206.58	 2.60	 2.06	 1.00	10.27	 2.38	336.48	285.71	295.03	263.12	293.53	0	52.62
2000	11	22	5.638	2152.2349	326.2349	21.2349	 1.02	 0.06	207.11	 3.18	 5.88	 1.00	10.28	 2.34	336.50	285.62	296.21	263.28	293.31	0	52.66
2000	11	22	5.848	2152.2437	326.2437	21.2437	 1.00	 0.11	199.68	 5.81	20.36	 1.00	10.27	 2.11	336.46	285.51	293.36	263.49	293.45	0	52.70
2000	11	22	6.058	2152.2524	326.2524	21.2524	 1.01	 0.05	205.98	 2.81	 0.96	 1.00	10.28	 2.23	336.42	285.41	294.35	263.47	292.94	0	52.69
2000	11	22	6.268	2152.2612	326.2612	21.2612	 1.06	 0.06	201.33	 2.92	 3.50	 1.00	10.27	 2.21	336.36	285.32	294.74	263.47	292.69	0	52.69
2000	11	22	6.478	2152.2700	326.2699	21.2699	 1.02	 0.05	201.36	 2.93	 2.07	 1.00	10.27	 2.23	336.32	285.23	294.00	263.62	292.54	0	52.72
2000	11	22	6.688	2152.2786	326.2787	21.2787	 1.04	 0.17	205.19	 9.09	12.11	 1.00	10.28	 2.46	336.38	285.13	295.24	263.80	292.35	0	52.76
2000	11	22	6.898	2152.2874	326.2874	21.2874	 0.73	 0.20	203.12	20.10	71.16	 1.00	10.27	 1.97	336.33	285.05	294.51	264.29	292.21	0	52.86
2000	11	22	7.109	2152.2961	326.2962	21.2962	 0.92	 0.05	206.34	 3.50	11.40	 0.98	10.28	 2.38	336.31	284.97	295.62	264.37	292.05	0	52.87
2000	11	22	7.319	2152.3049	326.3050	21.3050	 0.93	 0.03	206.33	 1.95	 3.12	 0.99	10.27	 2.34	336.33	284.93	294.76	264.58	291.95	0	52.92
2000	11	22	7.529	2152.3137	326.3137	21.3137	 0.93	 0.03	205.05	 2.23	 4.86	 0.98	10.28	 2.38	336.32	284.86	294.55	264.63	291.85	0	52.93
2000	11	22	7.739	2152.3225	326.3224	21.3225	 0.95	 0.04	199.22	 2.46	10.96	 0.94	10.27	 2.34	336.26	284.74	293.39	265.89	291.66	0	53.18
2000	11	22	7.949	2152.3313	326.3312	21.3312	 0.96	 0.05	206.51	 2.82	 5.21	 0.99	10.28	 2.47	336.24	284.61	295.48	266.44	291.56	0	53.29
2000	11	22	8.160	2152.3401	326.3400	21.3400	 0.93	 0.03	199.91	 2.09	 2.19	 1.00	10.30	 2.37	336.29	284.49	294.08	265.30	291.39	0	53.06
2000	11	22	8.370	2152.3486	326.3488	21.3487	 0.96	 0.03	208.39	 1.99	 2.12	 1.00	10.27	 2.52	336.30	284.37	294.33	264.80	291.28	0	52.96
2000	11	22	8.580	2152.3574	326.3575	21.3575	 1.01	 0.05	200.51	 2.79	 1.43	 1.00	10.28	 2.40	336.27	284.27	292.81	265.90	291.11	0	53.18
2000	11	22	8.790	2152.3662	326.3662	21.3662	 0.80	 0.08	206.13	 7.09	13.00	 1.00	10.27	 2.18	336.26	284.23	290.74	267.24	290.99	0	53.45
2000	11	22	9.211	2152.3838	326.3838	21.3838	 0.88	 0.14	194.70	 9.65	30.12	 1.00	10.27	 2.04	336.27	284.21	287.60	267.34	290.88	0	53.47
2000	11	22	9.421	2152.3926	326.3925	21.3925	 1.02	 0.10	195.29	 4.94	12.19	 1.00	10.27	 2.30	336.28	284.22	289.90	267.78	291.21	0	53.56
2000	11	22	9.631	2152.4014	326.4013	21.4013	 0.92	 0.07	194.42	 4.56	 2.32	 1.00	10.28	 2.33	336.32	284.34	289.48	268.41	290.76	0	53.68
2000	11	22	9.841	2152.4099	326.4100	21.4100	 0.96	 0.06	195.40	 3.33	18.92	 0.95	10.27	 2.40	336.38	284.84	295.00	268.73	290.93	0	53.75
2000	11	22	10.051	2152.4187	326.4188	21.4188	 0.90	 0.07	187.35	 4.60	26.58	 0.96	10.28	 2.29	336.43	285.55	294.41	269.56	291.95	0	53.91
2000	11	22	10.261	2152.4275	326.4276	21.4275	 1.04	 0.13	192.60	 6.29	16.61	 1.00	10.27	 2.48	336.45	286.36	299.54	270.17	291.93	0	54.03
2000	11	22	10.471	2152.4363	326.4363	21.4363	 0.93	 0.06	193.01	 3.70	28.82	 0.91	10.28	 2.43	336.52	287.29	297.66	270.80	293.32	0	54.16
2000	11	22	10.681	2152.4451	326.4450	21.4450	 0.97	 0.07	193.20	 3.85	38.86	 0.89	10.28	 2.46	336.52	288.25	296.60	271.57	293.30	0	54.31
2000	11	22	11.101	2152.4626	326.4626	21.4626	 0.86	 0.32	190.76	22.18	162.55	 1.00	10.28	 2.41	336.61	290.18	294.42	273.41	294.82	0	54.68
2000	11	22	11.732	2152.4888	326.4888	21.4888	 0.16	 0.37	321.19	571.07	346.25	 1.00	10.28	 1.52	336.62	293.07	293.30	275.96	301.60	0	55.19
2000	11	22	11.942	2152.4976	326.4976	21.4976	 1.09	 0.38	200.33	17.31	194.84	 1.00	10.28	 2.55	336.66	294.02	312.62	277.11	298.34	0	55.42
2000	11	22	12.152	2152.5063	326.5063	21.5063	 0.84	 0.34	183.71	23.39	185.29	 1.00	10.27	 2.20	336.67	294.96	302.15	278.50	300.39	0	55.70
2000	11	22	12.572	2152.5239	326.5238	21.5238	 0.76	 0.29	185.01	24.14	23.75	 1.00	10.27	 2.45	336.76	296.77	299.73	280.33	301.22	0	56.07
2000	11	22	14.264	2152.5942	326.5943	21.5943	 1.03	 0.28	189.42	13.66	45.88	 1.00	10.28	 2.08	337.08	303.28	313.26	290.91	308.61	0	58.18
2000	11	22	17.416	2152.7256	326.7257	21.7257	 1.35	 0.33	193.94	 9.44	130.05	 0.99	10.28	 1.97	337.01	311.07	312.73	288.52	317.86	0	57.70
2000	11	22	23.091	2152.9622	326.9621	21.9621	 1.98	 0.62	230.65	 9.12	164.48	 0.99	10.30	 2.44	336.56	302.86	324.55	272.64	311.67	0	54.53
2000	11	23	0.563	2153.0234	327.0234	22.0234	 1.74	 0.12	211.11	 2.16	 2.42	 1.00	10.28	 2.35	336.44	295.58	311.83	268.04	305.80	0	53.61
2000	11	23	0.773	2153.0322	327.0322	22.0322	 1.41	 0.12	207.63	 3.48	 7.72	 1.00	10.27	 2.23	336.45	294.84	309.97	267.76	305.14	0	53.55
2000	11	23	0.983	2153.0410	327.0410	22.0410	 1.48	 0.07	210.16	 1.77	 5.41	 0.99	10.28	 2.29	336.42	294.13	311.37	267.39	304.35	0	53.48
2000	11	23	1.193	2153.0498	327.0497	22.0497	 1.49	 0.16	212.55	 4.02	 4.07	 1.00	10.27	 2.35	336.43	293.49	311.22	267.07	303.65	0	53.41
2000	11	23	1.403	2153.0586	327.0585	22.0585	 1.33	 0.04	208.09	 1.33	 0.34	 1.00	10.28	 2.16	336.43	292.90	308.78	266.99	302.94	0	53.40
2000	11	23	1.613	2153.0671	327.0672	22.0672	 1.32	 0.06	206.98	 1.95	 5.11	 0.99	10.27	 2.15	336.44	292.40	307.65	267.18	302.59	0	53.44
2000	11	23	1.823	2153.0759	327.0760	22.0760	 1.36	 0.05	208.90	 1.60	 0.86	 1.00	10.27	 2.16	336.40	291.96	306.90	267.34	301.77	0	53.47
2000	11	23	2.034	2153.0847	327.0847	22.0847	 1.39	 0.05	210.84	 1.54	 0.70	 1.00	10.28	 2.22	336.46	291.56	307.50	267.72	301.24	0	53.54
2000	11	23	2.244	2153.0935	327.0935	22.0935	 1.40	 0.08	209.32	 2.35	 1.83	 1.00	10.27	 2.26	336.39	291.19	305.29	267.77	300.71	0	53.55
2000	11	23	2.454	2153.1023	327.1022	22.1022	 1.39	 0.05	210.86	 1.46	 3.48	 0.99	10.28	 2.31	336.38	290.84	304.96	267.54	300.42	0	53.51
2000	11	23	2.664	2153.1111	327.1110	22.1110	 1.41	 0.08	208.47	 2.27	 3.72	 1.00	10.27	 2.22	336.37	290.49	304.36	267.28	299.74	0	53.46
2000	11	23	2.874	2153.1199	327.1198	22.1198	 1.32	 0.04	208.79	 1.32	 0.51	 1.00	10.28	 2.25	336.39	290.14	303.54	266.91	299.28	0	53.38
2000	11	23	3.084	2153.1284	327.1285	22.1285	 1.47	 0.06	211.96	 1.68	 1.85	 1.00	10.28	 2.48	336.41	289.80	304.78	266.90	298.79	0	53.38
2000	11	23	3.294	2153.1372	327.1373	22.1373	 1.46	 0.10	205.36	 2.54	24.39	 0.94	10.27	 2.37	336.43	289.48	300.92	266.76	298.63	0	53.35
2000	11	23	3.504	2153.1460	327.1460	22.1460	 1.17	 0.12	207.33	 5.18	17.68	 1.00	10.28	 2.18	336.35	289.17	300.78	266.83	297.94	0	53.37
2000	11	23	3.715	2153.1548	327.1548	22.1548	 1.25	 0.10	201.20	 3.63	 1.02	 1.00	10.28	 2.24	336.35	288.92	297.17	266.99	297.49	0	53.40
2000	11	23	3.925	2153.1636	327.1635	22.1635	 1.18	 0.11	212.26	 4.48	 9.39	 1.00	10.27	 2.46	336.40	288.66	302.50	266.98	297.25	0	53.40
2000	11	23	4.556	2153.1897	327.1898	22.1898	 1.33	 0.17	213.53	 5.73	23.79	 1.00	10.27	 2.47	336.37	287.89	299.76	265.98	296.22	0	53.20
2000	11	23	4.766	2153.1985	327.1986	22.1986	 1.38	 0.15	209.00	 4.45	12.92	 1.00	10.28	 2.33	336.36	287.66	300.44	266.05	295.93	0	53.21
2000	11	23	4.976	2153.2073	327.2073	22.2073	 1.42	 0.11	215.29	 3.14	 1.12	 1.00	10.27	 2.52	336.41	287.47	302.14	266.10	295.62	0	53.22
2000	11	23	5.397	2153.2249	327.2249	22.2249	 1.74	 0.18	206.62	 3.31	 8.23	 1.00	10.28	 2.21	336.36	287.15	297.97	266.20	295.10	0	53.24
2000	11	23	5.607	2153.2336	327.2336	22.2336	 1.80	 0.17	210.58	 2.92	 6.94	 1.00	10.27	 2.35	336.34	287.06	295.54	266.88	294.91	0	53.38
2000	11	23	5.817	2153.2424	327.2424	22.2424	 2.18	 0.15	207.43	 1.55	 3.73	 1.00	10.28	 2.27	336.39	287.00	296.59	267.23	294.76	0	53.45
2000	11	23	6.027	2153.2512	327.2511	22.2511	 1.98	 0.32	212.23	 4.30	 7.72	 1.00	10.27	 2.32	336.39	286.97	297.01	267.58	294.58	0	53.52
2000	11	23	6.237	2153.2598	327.2599	22.2599	 2.37	 0.18	209.52	 1.50	 2.89	 1.00	10.28	 2.32	336.32	286.92	296.09	268.08	294.44	0	53.62
2000	11	23	6.447	2153.2686	327.2686	22.2686	 2.19	 0.37	205.52	 3.76	19.53	 1.00	10.27	 2.10	336.35	286.83	297.72	267.09	294.32	0	53.42
2000	11	23	7.499	2153.3125	327.3124	22.3124	 2.39	 0.60	219.20	 5.18	18.58	 1.00	10.28	 2.30	336.34	286.64	301.49	267.51	293.75	0	53.50
2000	11	23	7.709	2153.3213	327.3212	22.3212	 2.33	 0.31	211.58	 2.75	 9.82	 1.00	10.27	 2.44	336.33	286.55	295.64	266.74	293.70	0	53.35
2000	11	23	7.919	2153.3298	327.3300	22.3300	 2.53	 0.37	213.38	 2.69	 6.66	 1.00	10.28	 2.47	336.30	286.43	296.34	266.25	293.54	0	53.25
2000	11	23	8.129	2153.3386	327.3387	22.3387	 2.33	 0.49	215.12	 4.43	57.08	 0.99	10.28	 2.32	336.34	286.34	294.79	266.27	293.40	0	53.25
2000	11	23	8.339	2153.3474	327.3475	22.3475	 2.12	 0.27	213.72	 3.06	10.09	 1.00	10.27	 2.48	336.35	286.27	297.01	266.71	293.34	0	53.34
2000	11	23	8.549	2153.3562	327.3562	22.3562	 2.45	 0.30	211.20	 2.35	 2.26	 1.00	10.28	 2.55	336.36	286.21	296.31	266.84	293.24	0	53.37
2000	11	23	8.759	2153.3650	327.3650	22.3650	 2.15	 0.23	214.45	 2.54	11.41	 1.00	10.28	 2.36	336.36	286.17	297.68	266.99	293.11	0	53.40
2000	11	23	8.970	2153.3738	327.3737	22.3737	 1.87	 0.10	215.88	 1.55	 0.57	 1.00	10.28	 2.40	336.33	286.12	295.66	266.84	293.04	0	53.37
2000	11	23	9.180	2153.3826	327.3825	22.3825	 1.81	 0.10	209.44	 1.71	 7.59	 0.98	10.27	 2.29	336.32	286.05	294.63	266.48	292.95	0	53.30
2000	11	23	9.390	2153.3914	327.3912	22.3913	 1.72	 0.11	206.94	 2.05	 6.98	 0.99	10.28	 2.29	336.34	285.98	293.84	266.37	292.83	0	53.27
2000	11	23	9.600	2153.3999	327.4000	22.4000	 1.64	 0.11	210.66	 2.35	 6.47	 1.00	10.28	 2.26	336.35	285.94	296.48	266.18	292.71	0	53.24
2000	11	23	9.820	2153.4092	327.4092	22.4092	 2.08	 0.29	200.74	 3.36	 5.87	 1.00	10.33	 2.36	336.34	286.17	293.79	266.48	292.66	0	53.30
2000	11	23	10.031	2153.4180	327.4179	22.4179	 1.93	 0.11	201.42	 1.50	 1.91	 1.00	10.28	 2.42	336.42	286.73	295.34	267.73	292.93	0	53.55
2000	11	23	10.241	2153.4268	327.4267	22.4267	 1.77	 0.13	202.37	 2.15	 2.39	 1.00	10.27	 2.34	336.45	287.50	295.58	268.97	293.35	0	53.79
2000	11	23	10.661	2153.4441	327.4442	22.4442	 2.21	 0.15	196.96	 1.40	 2.99	 1.00	10.27	 2.22	336.54	289.32	295.81	271.75	294.53	0	54.35
2000	11	23	10.871	2153.4529	327.4530	22.4530	 3.50	 1.61	204.45	 3.91	10.00	 1.00	10.28	 2.37	336.53	290.26	300.99	273.45	295.26	0	54.69
2000	11	23	11.081	2153.4617	327.4617	22.4617	 2.92	 0.24	206.73	 1.10	 5.11	 0.97	10.28	 2.45	336.58	291.28	301.12	276.40	297.04	0	55.28
2000	11	23	11.292	2153.4705	327.4705	22.4705	 2.60	 0.28	200.12	 1.72	 1.36	 1.00	10.27	 2.28	336.60	292.37	299.25	277.43	296.88	0	55.49
2000	11	23	11.502	2153.4792	327.4792	22.4792	 2.87	 0.22	197.74	 1.01	 1.93	 1.00	10.27	 2.27	336.62	293.50	300.30	280.31	297.85	0	56.06
2000	11	23	11.922	2153.4968	327.4967	22.4967	 2.75	 1.81	177.30	 8.45	14.31	 1.00	10.27	 1.90	336.64	295.66	289.72	280.93	299.93	0	56.19
2000	11	23	13.393	2153.5581	327.5580	22.5580	 2.34	 1.14	201.08	 9.51	94.65	 1.00	10.28	 2.52	336.92	301.85	309.06	283.65	306.85	0	56.73
2000	11	23	20.119	2153.8384	327.8383	22.8383	 1.50	 0.55	231.15	15.31	103.08	 1.00	10.27	 2.49	336.79	310.15	323.80	282.79	317.26	0	56.56
2000	11	23	21.591	2153.8997	327.8996	22.8996	 1.95	 0.89	223.96	13.13	208.43	 1.00	10.28	 2.38	336.69	307.33	328.69	279.32	315.00	0	55.86
2000	11	24	0.323	2154.0134	328.0135	23.0135	 2.59	 1.66	201.82	10.53	67.65	 1.00	10.28	 2.32	336.48	295.89	301.51	269.99	305.89	0	54.00
2000	11	24	1.601	2154.0667	328.0667	23.0667	 1.47	 0.34	214.06	 9.04	99.27	 1.00	10.48	 2.31	336.43	292.63	306.97	268.04	302.39	0	53.61
2000	11	24	2.030	2154.0845	328.0846	23.0846	 1.37	 0.15	205.77	 4.46	 9.42	 1.00	10.47	 2.23	336.48	291.81	304.63	267.93	301.32	0	53.59
2000	11	24	2.458	2154.1025	328.1024	23.1024	 1.22	 0.18	203.47	 6.78	10.67	 1.00	10.48	 2.12	336.43	291.09	302.97	267.18	300.38	0	53.44
2000	11	24	2.673	2154.1113	328.1114	23.1114	 1.07	 0.11	204.09	 5.54	 9.36	 1.00	10.48	 2.06	336.40	290.72	299.37	266.81	299.91	0	53.36
2000	11	24	3.530	2154.1470	328.1471	23.1471	 1.32	 0.12	206.79	 3.97	 2.09	 1.00	10.48	 2.33	336.40	289.44	299.10	266.59	298.21	0	53.32
2000	11	24	3.959	2154.1650	328.1649	23.1649	 1.27	 0.16	200.52	 5.55	24.43	 1.00	10.48	 2.24	336.32	288.85	299.48	265.67	297.69	0	53.13
2000	11	24	4.173	2154.1738	328.1739	23.1739	 1.10	 0.19	215.58	 9.59	16.72	 1.00	10.48	 2.39	336.32	288.55	301.15	266.06	297.14	0	53.21
2000	11	24	4.387	2154.1829	328.1828	23.1828	 0.87	 0.20	198.48	14.11	13.76	 1.00	10.47	 2.13	336.32	288.29	290.71	266.66	296.68	0	53.33
2000	11	24	5.244	2154.2185	328.2185	23.2185	 1.11	 0.11	198.68	 5.11	11.34	 1.00	10.48	 2.47	336.28	287.44	294.65	266.54	295.87	0	53.31
2000	11	24	5.673	2154.2363	328.2364	23.2364	 0.87	 0.10	195.47	 6.62	 6.31	 1.00	10.48	 2.20	336.25	287.15	294.62	266.53	295.07	0	53.31
2000	11	24	5.887	2154.2454	328.2453	23.2453	 0.84	 0.05	205.94	 3.63	 2.85	 1.00	10.48	 2.31	336.28	287.01	298.61	265.99	294.89	0	53.20
2000	11	24	6.101	2154.2542	328.2542	23.2542	 0.86	 0.05	200.89	 3.55	 7.87	 0.99	10.48	 2.21	336.28	286.90	298.28	265.73	294.66	0	53.15
2000	11	24	6.326	2154.2637	328.2635	23.2636	 1.01	 0.06	201.42	 3.15	 7.11	 0.99	10.60	 2.36	336.25	286.83	297.91	266.17	294.42	0	53.23
2000	11	24	6.542	2154.2725	328.2726	23.2726	 0.97	 0.05	200.85	 2.72	 6.82	 0.99	10.53	 2.39	336.23	286.77	297.02	266.30	294.69	0	53.26
2000	11	24	6.757	2154.2815	328.2815	23.2815	 0.94	 0.03	203.25	 1.75	 3.76	 0.97	10.53	 2.34	336.20	286.69	295.19	266.21	294.09	0	53.24
2000	11	24	6.972	2154.2905	328.2905	23.2905	 0.96	 0.05	206.61	 2.96	 3.89	 1.00	10.52	 2.36	336.23	286.64	296.86	266.20	293.98	0	53.24
2000	11	24	7.187	2154.2996	328.2995	23.2995	 1.03	 0.04	205.50	 2.25	 6.01	 0.98	10.53	 2.39	336.21	286.61	296.74	266.26	293.81	0	53.25
2000	11	24	7.402	2154.3083	328.3084	23.3084	 1.15	 0.04	206.28	 1.57	 4.40	 0.97	10.53	 2.32	336.18	286.60	296.82	266.53	293.67	0	53.31
2000	11	24	7.618	2154.3174	328.3174	23.3174	 1.04	 0.03	207.17	 1.40	11.16	 0.67	10.53	 2.33	336.19	286.60	295.77	266.74	294.06	0	53.35
2000	11	24	7.833	2154.3264	328.3264	23.3264	 1.05	 0.04	203.06	 1.86	11.21	 0.88	10.53	 2.20	336.17	286.58	294.47	266.60	293.51	0	53.32
2000	11	24	8.048	2154.3354	328.3354	23.3353	 1.04	 0.04	204.12	 2.22	 3.01	 1.00	10.53	 2.30	336.19	286.54	295.07	266.54	293.40	0	53.31
2000	11	24	8.263	2154.3442	328.3443	23.3443	 1.27	 0.03	205.22	 1.18	 3.89	 0.95	10.53	 2.45	336.21	286.54	296.77	266.75	293.73	0	53.35
2000	11	24	8.479	2154.3533	328.3533	23.3533	 1.18	 0.04	203.03	 1.74	 4.84	 0.98	10.53	 2.19	336.19	286.56	294.98	266.73	293.28	0	53.35
2000	11	24	8.694	2154.3623	328.3622	23.3622	 1.26	 0.10	205.49	 3.63	24.69	 0.98	10.53	 2.44	336.18	286.56	296.68	266.70	293.20	0	53.34
2000	11	24	8.909	2154.3711	328.3712	23.3712	 1.49	 0.11	193.78	 2.70	18.58	 0.98	10.52	 2.07	336.20	286.56	293.59	266.63	293.61	0	53.33
2000	11	24	9.124	2154.3801	328.3802	23.3802	 1.26	 0.09	203.99	 3.22	 3.50	 1.00	10.53	 2.27	336.24	286.55	295.52	266.56	293.57	0	53.31
2000	11	24	9.340	2154.3892	328.3892	23.3892	 1.15	 0.13	194.89	 5.13	 7.97	 1.00	10.52	 2.19	336.22	286.49	291.84	266.50	293.07	0	53.30
2000	11	24	9.555	2154.3982	328.3981	23.3981	 1.36	 0.16	201.83	 4.90	11.63	 1.00	10.53	 2.20	336.24	286.48	296.62	266.19	293.01	0	53.24
2000	11	24	10.201	2154.4250	328.4250	23.4250	 1.02	 0.07	197.44	 3.50	 1.44	 1.00	10.53	 2.29	336.27	286.45	294.79	266.41	292.95	0	53.28
2000	11	24	10.416	2154.4341	328.4340	23.4340	 0.97	 0.04	195.54	 2.51	 6.84	 0.98	10.52	 2.27	336.24	286.58	294.32	266.90	292.95	0	53.38
2000	11	24	11.062	2154.4609	328.4609	23.4609	 1.28	 0.20	188.76	 6.25	17.58	 1.00	10.52	 2.52	336.34	288.20	298.70	271.18	293.74	0	54.24
2000	11	24	12.353	2154.5146	328.5147	23.5147	 0.93	 0.12	206.47	 7.38	36.08	 0.99	10.53	 2.37	336.57	294.29	314.82	281.07	298.59	0	56.21
2000	11	24	12.784	2154.5327	328.5327	23.5327	 1.03	 0.29	184.19	13.64	64.56	 1.00	10.53	 2.14	336.62	296.47	302.92	283.54	300.67	0	56.71
2000	11	24	15.152	2154.6313	328.6313	23.6313	 1.58	 0.79	206.18	17.50	239.60	 1.00	10.53	 2.20	336.88	305.27	323.31	286.80	310.94	0	57.36
2000	11	24	17.090	2154.7122	328.7121	23.7121	 0.73	 0.34	214.02	34.92	835.64	 0.97	10.52	 2.24	336.99	307.54	316.46	284.18	314.38	0	56.84
2000	11	24	21.612	2154.9004	328.9005	23.9005	 1.15	 0.53	204.32	22.49	106.57	 1.00	10.53	 2.22	336.70	303.43	316.11	275.46	312.88	0	55.09
2000	11	24	23.549	2154.9812	328.9812	23.9812	 0.16	 0.43	371.44	764.66	384.57	 1.00	10.53	 1.50	336.56	296.80	294.17	271.07	307.05	0	54.21
2000	11	24	23.764	2154.9902	328.9902	23.9902	 0.77	 0.42	186.77	34.95	241.41	 1.00	10.53	 1.63	336.54	296.17	297.43	270.83	306.05	0	54.17
2000	11	25	0.410	2155.0171	329.0171	24.0171	 1.17	 0.12	206.70	 4.89	21.03	 1.00	10.52	 2.50	336.45	294.51	308.60	269.54	304.29	0	53.91
2000	11	25	0.626	2155.0261	329.0261	24.0261	 0.87	 0.06	206.47	 4.22	 5.61	 1.00	10.52	 2.15	336.44	293.97	308.46	268.86	303.73	0	53.77
2000	11	25	0.841	2155.0349	329.0350	24.0350	 0.90	 0.03	203.42	 2.07	 5.64	 0.96	10.53	 2.12	336.53	293.52	308.87	268.09	303.17	0	53.62
2000	11	25	1.056	2155.0439	329.0440	24.0440	 1.04	 0.03	196.62	 1.56	 5.40	 0.94	10.53	 2.24	336.54	293.07	308.11	267.49	302.20	0	53.50
2000	11	25	1.271	2155.0530	329.0529	24.0530	 0.94	 0.04	194.98	 2.46	10.00	 0.95	10.53	 2.21	336.41	292.62	307.55	267.61	302.12	0	53.52
2000	11	25	1.702	2155.0708	329.0709	24.0709	 0.49	 0.20	206.29	40.58	27.73	 1.00	10.53	 1.71	336.37	291.88	305.00	269.06	301.09	0	53.81
2000	11	25	1.917	2155.0798	329.0799	24.0799	 0.70	 0.19	211.73	21.55	28.12	 1.00	10.52	 2.15	336.36	291.58	306.86	270.00	301.06	0	54.00
2000	11	25	2.133	2155.0889	329.0889	24.0889	 0.85	 0.16	198.33	12.03	77.10	 0.99	10.53	 2.05	336.33	291.33	306.84	269.91	300.31	0	53.98
2000	11	25	2.563	2155.1067	329.1068	24.1068	 1.06	 0.14	207.55	 7.32	17.65	 1.00	10.52	 2.26	336.34	291.00	305.62	269.76	299.70	0	53.95
2000	11	25	2.778	2155.1157	329.1158	24.1158	 0.82	 0.24	195.77	18.87	40.22	 1.00	10.53	 1.76	336.40	290.82	302.84	269.59	299.36	0	53.92
2000	11	25	3.650	2155.1521	329.1521	24.1521	 1.01	 0.08	205.24	 4.30	 5.49	 1.00	10.53	 2.34	336.37	289.85	301.51	268.41	298.19	0	53.68
2000	11	25	3.865	2155.1611	329.1610	24.1610	 0.89	 0.06	199.55	 4.42	33.73	 0.93	10.53	 2.14	336.34	289.62	301.87	268.44	297.89	0	53.69
2000	11	25	4.081	2155.1699	329.1700	24.1700	 0.94	 0.03	197.88	 1.63	 4.06	 0.96	10.53	 2.35	336.32	289.37	300.96	267.52	297.57	0	53.50
2000	11	25	4.296	2155.1790	329.1790	24.1790	 0.88	 0.03	196.72	 2.24	 4.82	 0.98	10.53	 2.36	336.29	289.07	300.44	 0.00	297.27	0	54.00
2000	11	25	4.511	2155.1880	329.1880	24.1880	 0.66	 0.06	205.04	 6.87	17.60	 0.99	10.53	 2.16	336.35	288.74	300.35	266.21	297.02	0	53.24
2000	11	25	6.233	2155.2598	329.2597	24.2597	 0.84	 0.08	194.43	 6.15	51.18	 0.94	10.53	 2.54	336.34	287.20	297.80	268.47	294.99	0	53.69
2000	11	25	6.449	2155.2688	329.2687	24.2687	 0.81	 0.05	188.98	 3.96	20.53	 0.93	10.53	 2.42	336.30	287.04	292.98	268.20	294.82	0	53.64
2000	11	25	6.879	2155.2866	329.2866	24.2866	 0.61	 0.13	206.65	17.31	16.08	 1.00	10.52	 2.25	336.27	286.72	299.13	268.54	294.46	0	53.71
2000	11	25	7.094	2155.2957	329.2956	24.2956	 0.76	 0.06	189.90	 4.72	 5.16	 1.00	10.53	 2.23	336.25	286.59	296.77	267.66	294.33	0	53.53
2000	11	25	7.309	2155.3044	329.3046	24.3046	 0.78	 0.06	194.61	 5.00	 5.16	 1.00	10.52	 2.29	336.26	286.42	298.82	267.32	294.47	0	53.46
2000	11	25	7.524	2155.3135	329.3135	24.3135	 0.78	 0.05	197.89	 4.72	14.31	 0.98	10.53	 2.31	336.28	286.25	298.24	267.29	293.94	0	53.46
2000	11	25	7.740	2155.3225	329.3225	24.3225	 0.82	 0.04	198.03	 3.21	12.48	 0.95	10.53	 2.30	336.29	286.07	295.43	266.44	293.65	0	53.29
2000	11	25	7.955	2155.3315	329.3315	24.3315	 0.94	 0.05	193.58	 3.12	17.00	 0.94	10.53	 2.46	336.27	285.94	296.88	265.80	293.42	0	53.16
2000	11	25	8.171	2155.3403	329.3405	24.3404	 0.89	 0.03	192.10	 1.96	 9.96	 0.84	10.53	 2.41	336.23	285.82	297.92	265.52	293.23	0	53.10
2000	11	25	8.601	2155.3584	329.3584	24.3584	 0.79	 0.03	193.80	 2.52	14.69	 0.79	10.53	 2.38	336.19	285.54	297.10	265.11	292.95	0	53.02
2000	11	25	8.816	2155.3674	329.3673	24.3673	 0.85	 0.07	185.10	 4.96	15.33	 0.99	10.53	 2.44	336.20	285.34	294.82	263.77	292.72	0	52.75
2000	11	25	9.032	2155.3762	329.3763	24.3763	 0.76	 0.11	191.10	 9.73	13.22	 1.00	10.53	 2.31	336.24	285.21	294.03	264.20	292.87	0	52.84
2000	11	25	9.247	2155.3853	329.3853	24.3853	 0.70	 0.03	198.07	 2.86	14.14	 0.78	10.53	 2.29	336.22	285.10	296.16	264.41	292.36	0	52.88
2000	11	25	9.462	2155.3943	329.3943	24.3942	 0.74	 0.03	194.34	 2.71	 5.80	 0.97	10.52	 2.28	336.23	285.02	294.86	264.20	292.57	0	52.84
2000	11	25	9.677	2155.4033	329.4032	24.4032	 0.82	 0.04	188.43	 3.03	22.08	 0.80	10.53	 2.38	336.25	285.19	294.50	265.08	292.07	0	53.02
2000	11	25	9.892	2155.4121	329.4122	24.4122	 0.69	 0.04	179.91	 4.33	21.24	 0.89	10.53	 2.13	336.30	285.71	293.57	265.89	292.19	0	53.18
2000	11	25	10.108	2155.4211	329.4211	24.4212	 0.61	 0.06	181.96	 7.18	20.57	 0.97	10.53	 2.11	336.30	286.30	294.02	267.28	293.16	0	53.46
2000	11	25	10.323	2155.4302	329.4301	24.4301	 0.68	 0.07	182.70	 7.44	21.57	 0.99	10.53	 2.26	336.33	287.04	294.82	268.55	293.01	0	53.71
2000	11	25	10.538	2155.4390	329.4391	24.4391	 0.68	 0.12	180.31	11.72	28.32	 1.00	10.52	 2.25	336.37	287.87	293.23	269.61	293.62	0	53.92
2000	11	25	10.753	2155.4480	329.4481	24.4481	 0.82	 0.16	193.62	12.47	26.08	 1.00	10.53	 2.44	336.42	288.75	299.53	270.79	294.19	0	54.16
2000	11	25	13.552	2155.5647	329.5647	24.5647	 0.72	 0.60	251.43	77.14	1219.10	 1.00	10.52	 2.37	336.77	300.10	323.95	283.66	305.24	0	56.73
2000	11	25	14.629	2155.6096	329.6095	24.6095	 1.57	 1.32	178.84	25.73	2337.92	 0.96	10.53	 2.32	337.04	304.02	321.67	287.48	309.54	0	57.50
2000	11	25	16.351	2155.6814	329.6813	24.6813	 1.06	 0.14	234.65	 8.20	61.99	 0.99	10.52	 2.22	336.89	308.92	326.42	293.51	316.40	0	58.70
2000	11	26	0.544	2156.0227	330.0227	25.0227	 1.17	 0.39	177.35	13.84	121.57	 1.00	10.53	 1.45	336.53	296.02	316.71	269.10	306.49	0	53.82
2000	11	26	1.405	2156.0586	330.0585	25.0585	 1.11	 0.08	202.35	 3.83	 4.70	 1.00	10.53	 2.04	336.47	293.24	308.16	267.46	303.57	0	53.49
2000	11	26	1.836	2156.0764	330.0765	25.0765	 1.12	 0.05	208.65	 2.24	 6.00	 0.99	10.55	 2.38	336.42	292.16	304.75	267.32	302.28	0	53.46
2000	11	26	2.051	2156.0854	330.0854	25.0855	 1.12	 0.06	211.17	 2.79	 6.44	 1.00	10.53	 2.30	336.47	291.67	308.57	267.13	301.61	0	53.43
2000	11	26	2.267	2156.0945	330.0945	25.0944	 0.90	 0.05	206.53	 3.28	 4.02	 1.00	10.53	 2.05	336.47	291.23	304.84	267.36	301.08	0	53.47
2000	11	26	2.482	2156.1035	330.1034	25.1034	 0.99	 0.08	213.09	 4.62	 4.32	 1.00	10.53	 2.26	336.37	290.82	305.56	267.34	300.51	0	53.47
2000	11	26	2.697	2156.1123	330.1124	25.1124	 1.02	 0.05	208.04	 2.88	 7.23	 0.99	10.53	 2.36	336.44	290.43	302.73	267.20	299.99	0	53.44
2000	11	26	2.912	2156.1213	330.1213	25.1213	 1.13	 0.04	210.55	 1.90	 2.03	 1.00	10.53	 2.40	336.44	290.11	304.28	267.15	299.49	0	53.43
2000	11	26	3.128	2156.1304	330.1303	25.1303	 1.02	 0.02	208.18	 1.34	 3.61	 0.95	10.53	 2.26	336.46	289.79	303.16	267.06	299.07	0	53.41
2000	11	26	3.343	2156.1394	330.1393	25.1393	 0.99	 0.03	209.70	 1.97	 4.47	 0.98	10.53	 2.28	336.42	289.49	302.96	266.91	298.56	0	53.38
2000	11	26	3.558	2156.1482	330.1483	25.1483	 1.01	 0.04	206.32	 2.42	 3.56	 1.00	10.53	 2.25	336.44	289.23	303.53	268.45	298.40	0	53.69
2000	11	26	3.773	2156.1572	330.1572	25.1572	 1.02	 0.06	207.01	 3.14	 4.41	 1.00	10.53	 2.36	336.41	289.02	301.48	269.79	298.05	0	53.96
2000	11	26	3.989	2156.1663	330.1662	25.1662	 0.96	 0.03	208.21	 1.64	 6.25	 0.90	10.53	 2.28	336.42	288.82	302.62	269.14	297.72	0	53.83
2000	11	26	4.204	2156.1753	330.1752	25.1752	 0.92	 0.04	205.52	 2.38	 8.42	 0.96	10.52	 2.25	336.44	288.60	300.57	268.15	297.46	0	53.63
2000	11	26	4.419	2156.1841	330.1841	25.1841	 0.95	 0.04	202.27	 2.25	 3.86	 0.99	10.53	 2.25	336.38	288.37	299.57	268.81	297.13	0	53.76
2000	11	26	4.635	2156.1931	330.1931	25.1931	 0.94	 0.04	204.47	 2.65	 0.64	 1.00	10.52	 2.31	336.37	288.16	299.70	268.82	296.81	0	53.76
2000	11	26	4.850	2156.2021	330.2021	25.2021	 1.01	 0.05	204.69	 2.60	 6.19	 0.99	10.53	 2.49	336.40	287.95	300.15	267.97	296.21	0	53.59
2000	11	26	5.066	2156.2112	330.2111	25.2111	 0.82	 0.08	209.44	 6.77	10.63	 1.00	10.53	 2.34	336.39	287.75	299.42	267.70	295.93	0	53.54
2000	11	26	5.281	2156.2200	330.2200	25.2200	 0.79	 0.06	204.06	 5.32	 8.90	 1.00	10.52	 2.15	336.38	287.53	298.07	267.25	295.61	0	53.45
2000	11	26	5.496	2156.2290	330.2290	25.2290	 0.84	 0.04	202.30	 3.31	 5.86	 0.99	10.53	 2.13	336.35	287.32	298.34	266.81	295.73	0	53.36
2000	11	26	5.711	2156.2380	330.2379	25.2380	 0.94	 0.04	209.36	 2.35	 2.10	 1.00	10.52	 2.40	336.33	287.12	298.77	266.43	295.47	0	53.29
2000	11	26	5.926	2156.2468	330.2469	25.2469	 0.98	 0.04	206.39	 2.21	 2.30	 1.00	10.52	 2.35	336.31	286.93	297.98	266.69	295.12	0	53.34
2000	11	26	6.141	2156.2559	330.2559	25.2559	 0.90	 0.04	207.84	 2.69	 3.03	 1.00	10.52	 2.30	336.32	286.74	297.81	266.90	294.61	0	53.38
2000	11	26	6.357	2156.2649	330.2649	25.2649	 0.90	 0.04	203.31	 2.79	 1.14	 1.00	10.52	 2.32	336.32	286.55	295.61	267.54	293.71	0	53.51
2000	11	26	6.572	2156.2739	330.2738	25.2738	 0.89	 0.03	203.13	 2.08	 4.04	 0.98	10.53	 2.33	336.37	286.37	297.93	267.40	294.17	0	53.48
2000	11	26	6.787	2156.2827	330.2828	25.2828	 0.81	 0.03	201.34	 2.64	 4.79	 0.98	10.53	 2.27	336.35	286.20	297.32	266.44	293.84	0	53.29
2000	11	26	7.002	2156.2917	330.2917	25.2918	 0.80	 0.04	197.93	 3.31	 3.61	 1.00	10.53	 2.27	336.34	286.05	295.14	265.22	293.87	0	53.04
2000	11	26	7.218	2156.3008	330.3008	25.3007	 0.76	 0.04	204.95	 4.15	 2.48	 1.00	10.53	 2.36	336.32	285.92	296.76	265.36	293.44	0	53.07
2000	11	26	7.433	2156.3098	330.3097	25.3097	 0.83	 0.05	201.37	 3.71	 8.40	 0.99	10.53	 2.42	336.29	285.77	297.41	265.67	293.27	0	53.13
2000	11	26	7.648	2156.3186	330.3187	25.3187	 0.81	 0.03	197.91	 2.63	 5.97	 0.97	10.53	 2.37	336.26	285.62	295.64	266.93	293.10	0	53.39
2000	11	26	7.863	2156.3276	330.3276	25.3276	 0.76	 0.04	196.36	 3.66	 3.10	 1.00	10.53	 2.27	336.29	285.49	293.82	266.34	292.92	0	53.27
2000	11	26	8.294	2156.3455	330.3456	25.3456	 0.74	 0.10	195.28	 9.23	10.53	 1.00	10.53	 2.32	336.26	285.28	292.87	266.34	292.58	0	53.27
2000	11	26	8.509	2156.3545	330.3546	25.3546	 0.75	 0.04	195.37	 3.86	 7.57	 0.99	10.53	 2.27	336.28	285.22	295.13	266.23	292.49	0	53.25
2000	11	26	8.725	2156.3635	330.3636	25.3635	 0.74	 0.07	196.18	 6.77	 6.29	 1.00	10.53	 2.22	336.27	285.14	292.72	267.85	292.33	0	53.57
2000	11	26	9.156	2156.3816	330.3815	25.3815	 0.79	 0.06	204.39	 5.25	 8.71	 1.00	10.53	 2.57	336.26	284.98	292.78	267.87	292.50	0	53.57
2000	11	26	9.371	2156.3904	330.3905	25.3905	 0.70	 0.06	201.59	 6.09	 5.43	 1.00	10.52	 2.28	336.25	284.94	294.06	268.17	292.01	0	53.63
2000	11	26	9.587	2156.3994	330.3994	25.3994	 0.91	 0.05	192.89	 3.16	 7.99	 0.99	10.53	 2.48	336.27	285.03	294.75	268.87	291.94	0	53.77
2000	11	26	9.802	2156.4084	330.4084	25.4084	 0.80	 0.06	188.57	 4.34	22.08	 0.95	10.53	 2.34	336.30	285.48	295.70	269.75	291.96	0	53.95
2000	11	26	10.017	2156.4175	330.4174	25.4174	 0.73	 0.04	189.81	 3.72	 4.81	 0.99	10.53	 2.36	336.37	286.18	294.11	270.67	291.29	0	54.13
2000	11	26	10.232	2156.4263	330.4263	25.4263	 0.77	 0.05	186.85	 3.78	 4.70	 1.00	10.53	 2.32	336.40	287.05	294.34	271.69	292.93	0	54.34
2000	11	26	10.448	2156.4353	330.4353	25.4353	 0.84	 0.06	188.44	 3.97	13.92	 0.98	10.53	 2.31	336.47	288.02	299.49	272.71	293.59	0	54.54
2000	11	26	10.663	2156.4443	330.4443	25.4443	 0.86	 0.05	187.14	 3.72	20.38	 0.94	10.53	 2.42	336.51	289.02	297.85	273.43	294.27	0	54.69
2000	11	26	10.878	2156.4534	330.4533	25.4533	 0.76	 0.05	180.33	 4.08	22.41	 0.90	10.53	 2.26	336.56	290.07	296.20	274.56	296.00	0	54.91
2000	11	26	11.093	2156.4622	330.4622	25.4622	 0.90	 0.07	181.09	 4.38	22.67	 0.97	10.52	 2.46	336.57	291.14	299.73	276.25	295.98	0	55.25
2000	11	26	11.309	2156.4712	330.4712	25.4712	 0.81	 0.13	190.36	 9.82	21.57	 1.00	10.52	 2.41	336.58	292.24	301.47	278.64	296.86	0	55.73
2000	11	26	11.524	2156.4802	330.4802	25.4802	 0.94	 0.09	188.41	 4.98	27.66	 0.98	10.52	 2.59	336.58	293.31	300.83	279.42	297.79	0	55.88
2000	11	26	11.739	2156.4893	330.4891	25.4891	 0.78	 0.11	183.31	 8.62	11.92	 1.00	10.53	 2.24	336.62	294.38	302.03	280.23	298.73	0	56.05
2000	11	26	12.386	2156.5161	330.5161	25.5161	 0.62	 0.11	191.75	13.31	21.31	 1.00	10.52	 2.03	336.70	297.48	305.38	284.50	301.92	0	56.90
2000	11	26	13.031	2156.5430	330.5430	25.5430	 0.37	 0.20	211.55	63.97	641.58	 0.90	10.53	 1.86	336.93	300.44	305.20	288.13	305.07	0	57.63
2000	11	26	13.892	2156.5789	330.5789	25.5788	 0.85	 0.20	191.20	14.04	49.67	 1.00	10.53	 2.13	337.02	304.06	313.08	290.54	309.28	0	58.11
2000	11	26	15.614	2156.6506	330.6506	25.6506	 1.17	 0.22	216.62	 9.61	142.64	 0.98	10.52	 2.44	337.08	309.12	319.38	287.85	315.79	0	57.57
2000	11	26	15.830	2156.6597	330.6596	25.6596	 1.13	 0.24	208.18	10.93	32.10	 1.00	10.53	 2.28	337.07	309.54	314.57	287.82	316.36	0	57.56
2000	11	26	20.567	2156.8569	330.8569	25.8569	 1.97	 1.14	205.81	15.13	87.06	 1.00	10.53	 1.88	336.78	311.18	325.29	282.26	318.47	0	56.45
2000	11	26	23.807	2156.9919	330.9920	25.9920	 1.59	 0.41	218.61	 9.57	24.70	 1.00	10.53	 2.32	336.60	298.76	320.63	270.60	308.79	0	54.12
2000	11	27	0.238	2157.0100	331.0099	26.0099	 1.28	 0.44	218.50	16.15	60.71	 1.00	10.53	 2.21	336.55	296.84	317.71	269.18	307.16	0	53.84
2000	11	27	0.668	2157.0278	331.0278	26.0278	 0.92	 0.10	205.15	 6.88	 2.34	 1.00	10.53	 2.04	336.45	295.17	314.19	268.40	305.58	0	53.68
2000	11	27	0.884	2157.0369	331.0368	26.0368	 0.82	 0.07	202.49	 5.91	16.10	 0.99	10.53	 1.99	336.46	294.39	309.68	268.00	304.80	0	53.60
2000	11	27	1.099	2157.0459	331.0458	26.0458	 0.89	 0.04	204.06	 3.01	 2.19	 1.00	10.53	 2.07	336.44	293.70	309.05	267.12	304.08	0	53.42
2000	11	27	1.314	2157.0547	331.0548	26.0548	 0.94	 0.03	207.84	 1.71	 1.46	 1.00	10.53	 2.20	336.44	293.06	308.72	266.20	303.34	0	53.24
2000	11	27	1.529	2157.0637	331.0637	26.0637	 0.86	 0.03	207.00	 2.56	 5.21	 0.98	10.53	 2.20	336.36	292.45	309.02	265.67	302.63	0	53.13
2000	11	27	1.745	2157.0728	331.0727	26.0727	 1.03	 0.05	200.46	 2.37	 1.10	 1.00	10.53	 2.30	336.42	291.87	306.69	265.86	302.12	0	53.17
2000	11	27	2.176	2157.0906	331.0906	26.0906	 0.81	 0.07	210.37	 5.81	 1.03	 1.00	10.53	 2.18	336.36	290.89	307.50	267.14	300.71	0	53.43
2000	11	27	2.391	2157.0996	331.0996	26.0996	 0.84	 0.03	211.71	 2.47	 1.25	 1.00	10.53	 2.25	336.42	290.50	306.67	267.19	300.46	0	53.44
2000	11	27	2.606	2157.1086	331.1086	26.1086	 0.92	 0.06	202.43	 3.69	 5.39	 1.00	10.53	 2.19	336.42	290.17	305.19	267.29	299.77	0	53.46
2000	11	27	2.821	2157.1174	331.1176	26.1175	 0.70	 0.07	216.68	 8.29	14.76	 1.00	10.53	 2.10	336.45	289.86	302.72	267.79	299.17	0	53.56
2000	11	27	3.037	2157.1265	331.1265	26.1265	 0.95	 0.03	206.79	 1.90	 4.73	 0.97	10.53	 2.29	336.47	289.59	302.76	267.82	298.73	0	53.56
2000	11	27	3.252	2157.1355	331.1355	26.1355	 0.93	 0.03	210.27	 1.84	 1.19	 1.00	10.53	 2.29	336.45	289.34	302.01	267.15	298.30	0	53.43
2000	11	27	4.329	2157.1804	331.1804	26.1804	 1.12	 0.11	206.61	 4.99	15.46	 1.00	10.53	 2.37	336.38	288.30	299.88	269.31	298.04	0	53.86
2000	11	27	4.544	2157.1895	331.1894	26.1894	 1.10	 0.09	210.97	 4.44	 6.04	 1.00	10.53	 2.46	336.37	288.21	299.38	270.53	296.42	0	54.11
2000	11	27	4.759	2157.1982	331.1983	26.1983	 0.97	 0.03	223.07	 2.16	26.02	 0.60	10.53	 2.35	336.40	288.14	299.68	270.29	296.23	0	54.06
2000	11	27	4.975	2157.2073	331.2073	26.2073	 2.03	 0.19	212.26	 2.47	17.86	 0.98	10.53	 2.31	336.34	288.09	298.40	270.41	296.42	0	54.08
2000	11	27	5.191	2157.2163	331.2163	26.2163	 2.31	 0.18	218.45	 1.70	 5.38	 1.00	10.53	 2.46	336.35	288.11	303.10	271.25	295.90	0	54.25
2000	11	27	5.406	2157.2253	331.2252	26.2252	 2.25	 0.15	212.67	 1.49	 2.67	 1.00	10.53	 2.25	336.30	288.13	298.09	271.04	295.81	0	54.21
2000	11	27	5.621	2157.2341	331.2342	26.2342	 2.16	 0.14	216.74	 1.61	 2.50	 1.00	10.53	 2.31	336.33	288.10	300.16	270.01	296.17	0	54.00
2000	11	27	6.052	2157.2522	331.2522	26.2522	 2.15	 0.56	219.62	 6.44	45.01	 1.00	10.52	 2.54	336.32	288.08	299.63	270.70	295.52	0	54.14
2000	11	27	6.267	2157.2612	331.2611	26.2611	 2.14	 0.22	212.91	 2.51	 3.81	 1.00	10.53	 2.25	336.27	288.03	297.57	269.35	295.39	0	53.87
2000	11	27	6.482	2157.2700	331.2701	26.2701	 2.37	 0.17	217.74	 1.52	 1.05	 1.00	10.53	 2.57	336.27	287.96	299.39	268.60	295.37	0	53.72
2000	11	27	6.698	2157.2791	331.2791	26.2791	 2.09	 0.16	215.34	 1.88	 1.97	 1.00	10.53	 2.39	336.23	287.87	298.06	268.54	295.25	0	53.71
2000	11	27	6.913	2157.2881	331.2880	26.2880	 2.28	 0.15	217.18	 1.48	 2.48	 1.00	10.53	 2.42	336.28	287.80	298.80	268.56	295.17	0	53.71
2000	11	27	7.128	2157.2971	331.2970	26.2970	 2.00	 0.13	221.66	 1.75	 7.37	 0.99	10.53	 2.55	336.26	287.74	300.42	269.13	295.04	0	53.83
2000	11	27	7.344	2157.3059	331.3060	26.3060	 1.98	 0.17	219.34	 2.39	11.89	 0.99	10.53	 2.44	336.33	287.69	299.04	269.47	295.36	0	53.89
2000	11	27	7.559	2157.3149	331.3150	26.3150	 1.90	 0.14	210.24	 2.16	 1.91	 1.00	10.60	 2.16	336.31	287.65	296.60	269.03	294.85	0	53.81
2000	11	27	7.778	2157.3240	331.3241	26.3241	 2.04	 0.14	216.66	 1.76	 1.41	 1.00	10.77	 2.44	336.31	287.58	299.11	268.49	294.82	0	53.70
2000	11	27	8.219	2157.3425	331.3425	26.3425	 2.10	 0.17	213.36	 1.96	 2.73	 1.00	10.80	 2.32	336.32	287.42	296.79	268.34	294.58	0	53.67
2000	11	27	8.439	2157.3516	331.3516	26.3516	 2.12	 0.15	214.45	 1.73	 1.90	 1.00	10.68	 2.33	336.33	287.38	296.27	268.65	294.96	0	53.73
2000	11	27	8.655	2157.3606	331.3606	26.3606	 2.20	 0.19	215.07	 2.04	10.27	 0.99	10.52	 2.23	336.34	287.36	297.78	268.62	294.50	0	53.72
2000	11	27	8.871	2157.3696	331.3696	26.3696	 2.06	 0.12	213.35	 1.48	 0.75	 1.00	10.53	 2.18	336.31	287.31	296.34	268.04	294.42	0	53.61
2000	11	27	9.086	2157.3787	331.3786	26.3786	 2.09	 0.29	212.76	 3.46	14.91	 1.00	10.53	 2.04	336.30	287.22	296.88	267.67	294.29	0	53.53
2000	11	27	9.302	2157.3877	331.3876	26.3876	 2.43	 0.49	213.11	 3.94	12.48	 1.00	10.63	 2.42	336.35	287.14	298.11	268.36	294.21	0	53.67
2000	11	27	9.742	2157.4060	331.4059	26.4059	 2.69	 0.96	209.00	 5.63	20.09	 1.00	10.80	 2.30	336.35	287.20	296.10	267.91	294.02	0	53.58
2000	11	27	13.718	2157.5715	331.5716	26.5716	 1.58	 1.31	217.52	30.35	306.86	 1.00	10.85	 1.96	336.84	302.79	312.08	283.42	309.11	0	56.68
2000	11	27	21.682	2157.9033	331.9034	26.9034	 1.86	 0.88	216.11	14.03	95.83	 1.00	10.80	 2.12	336.61	309.10	323.39	280.37	316.32	0	56.07
2000	11	28	1.437	2158.0598	332.0599	27.0599	 1.23	 0.07	213.34	 2.89	 5.25	 1.00	10.80	 2.32	336.50	292.91	306.03	266.63	303.01	0	53.33
2000	11	28	1.658	2158.0691	332.0691	27.0691	 1.18	 0.10	214.09	 4.30	10.50	 1.00	10.82	 2.29	336.53	292.32	308.04	266.44	302.43	0	53.29
2000	11	28	1.879	2158.0784	332.0783	27.0783	 1.38	 0.09	211.39	 2.64	14.52	 0.98	10.80	 2.38	336.46	291.81	308.59	266.54	301.77	0	53.31
2000	11	28	2.100	2158.0874	332.0875	27.0875	 1.31	 0.07	212.66	 2.31	 4.80	 1.00	10.82	 2.34	336.46	291.33	307.55	266.56	301.16	0	53.31
2000	11	28	2.321	2158.0967	332.0967	27.0967	 1.23	 0.15	216.11	 5.92	58.44	 0.98	10.80	 2.41	336.43	290.92	304.04	267.43	300.53	0	53.49
2000	11	28	2.542	2158.1060	332.1059	27.1059	 1.25	 0.23	209.69	 8.26	31.93	 1.00	10.80	 2.58	336.48	290.58	306.02	267.57	300.02	0	53.51
2000	11	28	3.205	2158.1335	332.1335	27.1335	 1.22	 0.28	199.60	10.48	23.83	 1.00	10.80	 2.16	336.44	289.70	302.76	267.80	298.74	0	53.56
2000	11	28	3.426	2158.1428	332.1427	27.1427	 1.39	 0.28	218.76	 8.74	45.08	 1.00	10.80	 2.59	336.47	289.42	309.43	267.30	298.33	0	53.46
2000	11	28	4.309	2158.1794	332.1796	27.1796	 1.21	 0.11	209.34	 4.22	 8.27	 1.00	10.80	 2.36	336.41	288.43	302.43	266.85	296.96	0	53.37
2000	11	28	4.530	2158.1887	332.1888	27.1887	 1.22	 0.06	206.13	 2.15	 8.66	 0.98	10.80	 2.30	336.41	288.20	300.16	266.37	296.61	0	53.27
2000	11	28	4.751	2158.1980	332.1980	27.1980	 1.26	 0.07	205.61	 2.37	 2.83	 1.00	10.80	 2.35	336.37	287.95	298.38	265.96	296.27	0	53.19
2000	11	28	4.972	2158.2073	332.2072	27.2072	 1.27	 0.07	208.27	 2.57	 4.98	 1.00	10.82	 2.45	336.39	287.69	299.77	266.06	296.28	0	53.21
2000	11	28	5.193	2158.2163	332.2164	27.2164	 1.04	 0.06	204.29	 3.32	 1.05	 1.00	10.80	 2.24	336.38	287.47	297.52	266.33	295.56	0	53.27
2000	11	28	5.414	2158.2256	332.2256	27.2256	 1.14	 0.06	205.80	 2.59	 3.51	 1.00	10.80	 2.32	336.30	287.27	297.82	266.02	295.62	0	53.20
2000	11	28	5.635	2158.2349	332.2348	27.2348	 1.21	 0.04	209.59	 1.62	 0.21	 1.00	10.82	 2.38	336.28	287.06	297.44	265.00	295.07	0	53.00
2000	11	28	5.856	2158.2439	332.2440	27.2440	 1.17	 0.05	205.67	 1.88	 1.87	 1.00	10.82	 2.18	336.27	286.84	298.03	264.64	294.79	0	52.93
2000	11	28	6.077	2158.2532	332.2532	27.2532	 1.26	 0.05	207.59	 1.63	 6.04	 0.97	10.82	 2.53	336.24	286.61	299.06	265.30	294.50	0	53.06
2000	11	28	6.298	2158.2625	332.2624	27.2624	 1.03	 0.06	200.00	 2.89	 2.01	 1.00	10.80	 2.31	336.17	286.42	296.47	 0.00	294.22	0	54.00
2000	11	28	6.518	2158.2715	332.2716	27.2716	 1.03	 0.03	194.77	 1.73	 8.27	 0.90	10.78	 2.52	336.15	286.27	294.54	268.90	293.28	0	53.78
2000	11	28	6.739	2158.2808	332.2808	27.2808	 0.78	 0.04	196.17	 3.20	14.34	 0.91	10.80	 2.25	336.16	286.12	296.52	267.08	293.73	0	53.42
2000	11	28	6.960	2158.2900	332.2900	27.2900	 0.91	 0.03	200.99	 2.26	 3.07	 0.99	10.82	 2.51	336.21	285.97	295.62	266.69	293.56	0	53.34
2000	11	28	7.181	2158.2993	332.2992	27.2992	 0.87	 0.05	194.10	 3.46	11.52	 0.98	10.80	 2.29	336.23	285.81	295.98	267.54	293.42	0	53.51
2000	11	28	7.402	2158.3083	332.3084	27.3084	 0.79	 0.06	203.45	 5.11	12.28	 0.99	10.80	 2.45	336.24	285.66	297.77	267.96	293.18	0	53.59
2000	11	28	7.623	2158.3176	332.3176	27.3176	 0.73	 0.06	194.25	 6.07	 4.49	 1.00	10.83	 2.24	336.20	285.54	294.90	267.93	293.02	0	53.59
2000	11	28	7.844	2158.3269	332.3268	27.3268	 0.79	 0.03	192.77	 2.65	 3.37	 0.99	10.82	 2.33	336.14	285.40	295.54	266.24	292.83	0	53.25
2000	11	28	8.065	2158.3359	332.3360	27.3360	 0.83	 0.04	190.92	 3.06	 4.17	 0.99	10.80	 2.32	336.14	285.26	295.82	267.42	292.63	0	53.48
2000	11	28	8.286	2158.3452	332.3452	27.3453	 0.72	 0.04	195.51	 3.95	 6.93	 0.99	10.80	 2.30	336.20	285.15	296.69	267.55	292.48	0	53.51
2000	11	28	8.507	2158.3545	332.3544	27.3544	 0.66	 0.03	195.49	 3.78	 3.71	 0.99	10.82	 2.23	336.25	285.02	293.81	266.48	292.30	0	53.30
2000	11	28	8.728	2158.3638	332.3636	27.3637	 0.64	 0.03	198.52	 3.77	 1.54	 1.00	10.80	 2.30	336.19	284.87	293.66	266.04	292.10	0	53.21
2000	11	28	8.948	2158.3728	332.3728	27.3728	 0.66	 0.03	196.35	 3.09	 5.70	 0.96	10.80	 2.29	336.25	284.73	294.92	265.94	291.92	0	53.19
2000	11	28	9.169	2158.3821	332.3820	27.3821	 0.55	 0.03	201.04	 4.32	11.47	 0.88	10.82	 2.16	336.25	284.58	293.15	265.49	291.74	0	53.10
2000	11	28	9.391	2158.3914	332.3913	27.3913	 0.70	 0.07	186.78	 6.97	 7.06	 1.00	10.82	 2.33	336.27	284.45	292.00	265.71	291.56	0	53.14
2000	11	28	9.612	2158.4004	332.4005	27.4005	 0.67	 0.07	181.68	 6.90	19.51	 0.99	10.80	 2.25	336.26	284.47	292.12	266.16	291.41	0	53.23
2000	11	28	9.833	2158.4097	332.4097	27.4097	 0.77	 0.05	179.38	 3.75	12.14	 0.96	10.82	 2.49	336.30	284.92	294.60	266.79	291.41	0	53.36
2000	11	28	10.053	2158.4189	332.4189	27.4189	 0.80	 0.04	176.80	 2.70	 9.86	 0.93	10.80	 2.47	336.32	285.63	295.02	267.66	291.76	0	53.53
2000	11	28	10.274	2158.4282	332.4281	27.4281	 0.74	 0.04	177.69	 3.50	18.72	 0.86	10.80	 2.35	336.38	286.49	295.77	268.72	292.95	0	53.74
2000	11	28	10.495	2158.4373	332.4373	27.4373	 0.66	 0.04	185.17	 4.26	12.42	 0.95	10.80	 2.28	336.39	287.48	297.24	269.82	292.94	0	53.96
2000	11	28	10.716	2158.4465	332.4465	27.4465	 0.72	 0.05	181.91	 4.33	16.62	 0.95	10.80	 2.34	336.43	288.52	296.50	271.15	294.18	0	54.23
2000	11	28	10.937	2158.4558	332.4557	27.4557	 0.92	 0.04	184.99	 2.09	 9.55	 0.90	10.80	 2.49	336.50	289.57	299.24	272.65	294.46	0	54.53
2000	11	28	11.158	2158.4648	332.4649	27.4649	 0.92	 0.05	178.56	 3.03	29.53	 0.79	10.82	 2.36	336.52	290.68	298.50	274.24	295.39	0	54.85
2000	11	28	11.378	2158.4741	332.4741	27.4741	 0.86	 0.04	186.48	 2.69	13.81	 0.90	10.80	 2.27	336.57	291.83	300.14	276.27	296.33	0	55.25
2000	11	28	11.599	2158.4834	332.4833	27.4833	 0.73	 0.13	181.17	11.82	57.10	 0.99	10.82	 2.03	336.62	292.97	298.01	277.51	297.31	0	55.50
2000	11	28	12.483	2158.5200	332.5201	27.5201	 0.59	 0.25	204.58	36.66	104.14	 1.00	10.80	 1.92	336.73	297.29	305.38	280.53	301.57	0	56.11
2000	11	28	12.925	2158.5386	332.5385	27.5385	 1.04	 0.30	195.67	14.90	47.59	 1.00	10.82	 2.09	336.75	299.22	326.52	281.57	303.80	0	56.31
2000	11	28	13.367	2158.5569	332.5569	27.5569	 1.15	 0.33	184.86	12.90	191.36	 0.99	10.80	 2.47	336.89	301.06	308.15	283.62	307.06	0	56.72
2000	11	28	18.238	2158.7600	332.7599	27.7599	 1.78	 0.63	220.52	11.54	35.76	 1.00	10.80	 2.32	336.90	311.57	321.89	285.63	318.39	0	57.13
2000	11	28	18.900	2158.7876	332.7875	27.7875	 2.23	 1.65	226.57	17.61	120.22	 1.00	10.80	 1.74	336.83	311.66	345.83	283.68	318.49	0	56.74
2000	11	29	0.423	2159.0176	333.0176	28.0176	 1.92	 0.34	212.08	 5.01	 5.23	 1.00	10.80	 2.11	336.48	296.08	311.50	268.51	306.09	0	53.70
2000	11	29	0.644	2159.0269	333.0269	28.0268	 2.41	 0.21	214.55	 1.75	 3.27	 1.00	10.82	 2.33	336.43	295.31	310.89	268.16	305.37	0	53.63
2000	11	29	0.865	2159.0361	333.0360	28.0360	 1.99	 0.24	204.96	 3.13	14.30	 1.00	10.80	 1.96	336.40	294.60	311.78	268.28	304.60	0	53.66
2000	11	29	1.086	2159.0452	333.0453	28.0453	 1.91	 0.13	208.75	 1.84	 8.27	 0.99	10.80	 2.11	336.41	293.94	310.57	267.73	303.97	0	53.55
2000	11	29	1.307	2159.0544	333.0544	28.0545	 2.10	 0.13	208.38	 1.53	 2.29	 1.00	10.82	 2.09	336.47	293.34	308.84	267.15	303.51	0	53.43
2000	11	29	1.528	2159.0637	333.0637	28.0637	 1.73	 0.06	209.86	 1.11	 1.15	 1.00	10.82	 2.11	336.42	292.77	308.31	266.47	302.65	0	53.29
2000	11	29	1.749	2159.0728	333.0729	28.0729	 1.74	 0.06	211.71	 1.06	 0.67	 1.00	10.80	 2.31	336.40	292.24	306.82	266.14	302.02	0	53.23
2000	11	29	1.970	2159.0820	333.0821	28.0821	 1.44	 0.08	213.67	 2.29	 2.44	 1.00	10.80	 2.28	336.33	291.73	306.38	267.49	301.38	0	53.50
2000	11	29	2.191	2159.0913	333.0913	28.0913	 1.36	 0.08	207.79	 2.30	 4.03	 1.00	10.80	 2.07	336.36	291.26	305.29	267.52	300.79	0	53.50
2000	11	29	2.412	2159.1006	333.1005	28.1005	 1.26	 0.07	209.02	 2.46	 5.71	 1.00	10.80	 2.15	336.37	290.84	304.69	267.36	300.24	0	53.47
2000	11	29	2.854	2159.1189	333.1189	28.1189	 1.41	 0.15	207.56	 4.35	19.82	 1.00	10.82	 2.33	336.46	290.03	305.24	266.63	299.23	0	53.33
2000	11	29	5.947	2159.2478	333.2478	28.2478	 0.98	 0.09	207.58	 5.13	 6.02	 1.00	10.80	 2.29	336.38	286.45	296.29	265.79	294.41	0	53.16
2000	11	29	6.389	2159.2661	333.2662	28.2662	 0.92	 0.22	195.29	13.56	121.75	 0.99	10.80	 2.22	336.32	286.12	289.14	265.84	293.86	0	53.17
2000	11	29	6.831	2159.2847	333.2846	28.2846	 0.96	 0.22	203.17	13.30	14.82	 1.00	10.80	 2.33	336.34	285.86	296.76	265.43	293.42	0	53.09
2000	11	29	7.052	2159.2937	333.2938	28.2938	 1.12	 0.08	209.52	 3.63	35.48	 0.93	10.80	 2.55	336.32	285.74	300.20	265.40	293.57	0	53.08
2000	11	29	7.272	2159.3030	333.3030	28.3030	 1.04	 0.09	195.98	 4.45	 8.93	 1.00	10.80	 2.16	336.35	285.63	293.36	265.43	293.07	0	53.09
2000	11	29	7.493	2159.3123	333.3122	28.3122	 0.99	 0.12	206.49	 6.65	 5.72	 1.00	10.80	 2.32	336.24	285.53	297.06	265.79	292.92	0	53.16
2000	11	29	7.714	2159.3215	333.3214	28.3214	 0.84	 0.15	203.03	11.51	27.22	 1.00	10.80	 2.12	336.24	285.44	292.36	265.83	292.75	0	53.17
2000	11	29	7.935	2159.3306	333.3306	28.3306	 0.81	 0.21	209.15	17.44	 1.66	 1.00	10.82	 2.02	336.28	285.36	300.14	266.09	292.59	0	53.22
2000	11	29	8.156	2159.3398	333.3398	28.3398	 1.03	 0.14	206.08	 7.19	32.94	 1.00	10.80	 2.37	336.25	285.29	299.75	266.23	292.43	0	53.25
2000	11	29	8.377	2159.3491	333.3490	28.3490	 0.90	 0.06	203.21	 4.18	 7.68	 1.00	10.82	 2.17	336.27	285.22	294.46	266.24	292.32	0	53.25
2000	11	29	8.598	2159.3582	333.3582	28.3582	 1.00	 0.06	201.30	 3.16	 5.06	 1.00	10.80	 2.38	336.25	285.11	295.25	265.89	292.22	0	53.18
2000	11	29	8.819	2159.3674	333.3675	28.3675	 0.97	 0.03	202.69	 1.85	 4.68	 0.97	10.80	 2.43	336.25	284.96	293.96	265.39	292.00	0	53.08
2000	11	29	9.040	2159.3767	333.3766	28.3767	 0.94	 0.03	202.80	 1.87	 0.95	 1.00	10.82	 2.44	336.30	284.80	295.03	264.82	291.86	0	52.96
2000	11	29	9.261	2159.3857	333.3859	28.3859	 0.90	 0.04	201.19	 2.40	 4.54	 0.99	10.80	 2.34	336.33	284.63	294.85	263.83	291.68	0	52.77
2000	11	29	9.482	2159.3950	333.3951	28.3951	 0.90	 0.06	205.19	 3.91	 8.52	 0.99	10.82	 2.29	336.31	284.46	298.17	263.77	291.47	0	52.75
2000	11	29	9.703	2159.4043	333.4043	28.4043	 0.89	 0.07	197.91	 4.75	 4.15	 1.00	10.80	 2.30	336.29	284.43	290.89	266.05	291.30	0	53.21
2000	11	29	9.923	2159.4136	333.4135	28.4135	 1.09	 0.09	193.26	 4.00	20.55	 0.98	10.80	 2.43	336.31	284.81	294.85	267.30	291.60	0	53.46
2000	11	29	10.144	2159.4226	333.4227	28.4227	 0.99	 0.03	189.63	 1.76	 7.72	 0.91	10.80	 2.33	336.37	285.57	293.62	267.10	291.50	0	53.42
2000	11	29	10.365	2159.4319	333.4319	28.4319	 1.02	 0.05	191.17	 2.48	10.86	 0.96	10.80	 2.37	336.41	286.43	295.40	267.67	292.08	0	53.53
2000	11	29	10.586	2159.4412	333.4411	28.4411	 1.01	 0.04	192.51	 2.08	 7.43	 0.96	10.80	 2.34	336.47	287.48	295.05	269.25	292.75	0	53.85
2000	11	29	10.807	2159.4502	333.4503	28.4503	 1.03	 0.06	190.42	 2.96	 4.57	 1.00	10.80	 2.26	336.51	288.60	295.30	272.07	293.53	0	54.41
2000	11	29	11.028	2159.4595	333.4595	28.4595	 1.14	 0.04	195.65	 1.68	15.18	 0.76	10.80	 2.45	336.56	289.74	298.16	274.74	294.40	0	54.95
2000	11	29	11.248	2159.4687	333.4687	28.4687	 1.08	 0.07	188.22	 2.96	17.84	 0.96	10.80	 2.21	336.57	290.90	295.99	276.72	295.39	0	55.34
2000	11	29	11.469	2159.4778	333.4779	28.4779	 1.17	 0.05	194.37	 2.01	12.25	 0.93	10.82	 2.39	336.60	292.05	298.81	278.57	297.53	0	55.71
2000	11	29	11.691	2159.4871	333.4871	28.4871	 1.24	 0.07	197.21	 2.33	 6.86	 0.99	10.82	 2.34	336.64	293.21	302.15	280.13	297.43	0	56.03
2000	11	29	11.911	2159.4963	333.4963	28.4963	 1.21	 0.06	195.58	 2.29	 2.18	 1.00	10.80	 2.29	336.65	294.43	301.05	281.43	298.60	0	56.29
2000	11	29	13.689	2159.5703	333.5704	28.5704	 1.36	 0.19	206.26	 5.69	27.62	 1.00	10.80	 2.30	337.07	302.68	317.75	287.50	307.63	0	57.50
2000	11	29	14.573	2159.6072	333.6072	28.6072	 1.74	 0.61	183.78	 9.67	55.53	 1.00	10.80	 1.83	337.16	305.77	313.19	289.75	312.68	0	57.95
2000	11	29	15.236	2159.6348	333.6349	28.6348	 1.64	 0.34	226.18	 7.64	98.76	 0.99	10.82	 2.53	337.13	307.60	326.42	289.60	313.87	0	57.92
2000	11	29	20.982	2159.8743	333.8742	28.8742	 2.00	 1.01	219.89	13.91	470.05	 0.99	10.80	 2.36	336.65	309.17	328.76	281.60	316.38	0	56.32
2000	11	30	3.831	2160.1597	334.1596	29.1596	 0.78	 0.26	232.38	25.87	140.00	 1.00	10.80	 2.41	336.31	287.57	299.21	264.59	296.32	0	52.92
2000	11	30	4.936	2160.2056	334.2057	29.2057	 0.95	 0.20	201.44	12.30	51.18	 1.00	10.82	 1.95	336.33	286.32	295.12	264.09	294.67	0	52.82
2000	11	30	5.157	2160.2148	334.2149	29.2149	 1.01	 0.16	210.98	 9.30	26.11	 1.00	10.82	 2.30	336.27	286.11	295.55	264.23	294.37	0	52.85
2000	11	30	5.599	2160.2332	334.2333	29.2333	 0.98	 0.10	198.47	 5.69	14.55	 1.00	10.82	 2.09	336.31	285.73	295.44	263.86	293.80	0	52.77
2000	11	30	6.041	2160.2517	334.2517	29.2517	 0.90	 0.12	210.30	 8.27	85.65	 0.97	10.82	 2.22	336.28	285.25	295.87	263.29	293.18	0	52.66
2000	11	30	6.262	2160.2610	334.2609	29.2609	 1.10	 0.08	209.33	 3.82	 2.25	 1.00	10.82	 2.44	336.28	285.04	298.20	263.39	292.88	0	52.68
2000	11	30	6.483	2160.2700	334.2701	29.2701	 1.09	 0.05	198.96	 2.42	 4.48	 1.00	10.82	 2.36	336.28	284.84	295.04	263.49	292.87	0	52.70
2000	11	30	6.704	2160.2793	334.2793	29.2793	 1.12	 0.18	205.64	 8.11	62.53	 0.99	10.80	 2.45	336.25	284.65	300.11	263.49	292.30	0	52.70
2000	11	30	6.924	2160.2886	334.2885	29.2885	 0.86	 0.09	201.08	 6.72	19.13	 1.00	10.80	 2.12	336.28	284.49	293.20	263.47	292.37	0	52.69
2000	11	30	7.146	2160.2979	334.2977	29.2977	 1.00	 0.06	204.11	 3.06	 6.59	 0.99	10.82	 2.22	336.22	284.39	293.60	263.45	291.81	0	52.69
2000	11	30	7.367	2160.3069	334.3069	29.3069	 1.06	 0.05	207.77	 2.44	 6.41	 0.99	10.80	 2.26	336.28	284.31	294.45	263.65	291.66	0	52.73
2000	11	30	7.808	2160.3254	334.3253	29.3253	 1.02	 0.13	195.70	 6.65	15.36	 1.00	10.80	 2.07	336.23	284.07	293.03	 0.00	291.28	0	54.00
2000	11	30	8.029	2160.3345	334.3346	29.3346	 1.03	 0.11	197.02	 5.74	 7.96	 1.00	10.82	 2.27	336.21	283.91	290.21	263.36	291.08	0	52.67
2000	11	30	8.251	2160.3437	334.3438	29.3438	 1.03	 0.14	206.12	 7.53	36.09	 1.00	10.80	 2.34	336.22	283.79	295.06	263.51	291.27	0	52.70
2000	11	30	8.692	2160.3621	334.3622	29.3622	 0.85	 0.11	205.53	 8.37	34.86	 0.99	10.80	 2.03	336.16	283.62	290.54	263.70	290.87	0	52.74
2000	11	30	8.913	2160.3713	334.3714	29.3714	 0.97	 0.12	206.90	 7.08	33.71	 0.99	10.80	 2.22	336.22	283.53	291.21	263.39	290.42	0	52.68
2000	11	30	9.134	2160.3806	334.3806	29.3806	 1.15	 0.12	200.98	 5.10	 0.71	 1.00	10.80	 2.36	336.23	283.46	293.34	263.63	290.32	0	52.73
2000	11	30	10.239	2160.4265	334.4266	29.4266	 1.05	 0.13	200.51	 6.47	23.96	 1.00	10.83	 2.59	336.29	284.33	290.90	265.43	290.37	0	53.09
2000	11	30	10.471	2160.4363	334.4363	29.4363	 0.88	 0.13	189.96	 8.44	66.10	 0.98	10.88	 2.07	336.32	284.99	293.66	266.69	290.65	0	53.34
2000	11	30	12.681	2160.5283	334.5284	29.5284	 0.78	 0.38	198.29	32.86	300.67	 1.00	10.80	 2.21	336.52	295.70	298.64	279.63	299.68	0	55.93
2000	11	30	14.006	2160.5835	334.5836	29.5836	 1.03	 0.29	224.25	16.71	114.05	 1.00	10.82	 2.38	337.01	301.48	315.77	284.56	306.32	0	56.91
2000	11	30	16.443	2160.6851	334.6851	29.6851	 1.98	 0.91	183.95	10.77	235.69	 0.99	11.05	 2.14	337.08	307.53	302.34	284.35	314.30	0	56.87
2000	11	30	16.670	2160.6946	334.6946	29.6946	 1.53	 0.67	223.78	17.33	259.86	 1.00	11.17	 2.46	337.04	307.88	319.94	284.15	314.63	0	56.83
