2002	5	1	0.316	2677.0132	120.0132	0.0132	 1.25	 0.03	203.87	 1.14	 1.49	 0.99	10.83	 2.21	330.67	286.67	294.81	 0.00	 0.00	0	54.00
2002	5	1	0.979	2677.0408	120.0408	0.0408	 1.12	 0.04	202.07	 1.57	 0.40	 1.00	10.85	 2.03	330.65	285.69	292.09	265.23	 0.00	0	53.05
2002	5	1	1.641	2677.0684	120.0684	0.0684	 1.30	 0.04	202.05	 1.19	 3.56	 0.96	10.83	 2.11	330.62	284.88	292.04	264.52	289.67	0	52.90
2002	5	1	2.307	2677.0962	120.0961	0.0961	 1.42	 0.06	202.43	 1.66	 4.58	 0.99	10.87	 2.16	330.59	284.21	290.86	263.93	288.93	0	52.79
2002	5	1	2.975	2677.1240	120.1240	0.1240	 1.25	 0.03	200.76	 1.11	 4.54	 0.91	10.98	 2.11	330.67	283.64	290.49	263.87	287.40	0	52.77
2002	5	1	3.641	2677.1516	120.1517	0.1517	 1.22	 0.04	202.41	 1.44	 3.70	 0.98	10.85	 2.09	330.72	283.15	288.88	263.62	287.85	0	52.72
# Unit 3, Chajnantor2, Filter  0,  Slot 1, 350 um (616) & yellow
#				days
#				since		day of	day of
# yr	mo	dy	 time	1/1/1995	year	month	Tau	unc	Tatm	unc	mse	fitgood	Etime	R	Thot	Twarm	Tchop	Tamb	<Tint>	Filter	Toff
# 1	2	3	4	5		6	7	8	9	10	11	12	13	14	15	16	17	18	19	20	21	22
2002	5	1	15.843	2677.6602	120.6601	0.6601	 1.57	 0.07	201.25	 1.53	 6.86	 0.97	11.10	 1.98	331.40	295.74	304.65	276.24	301.34	0	55.25
2002	5	1	16.519	2677.6882	120.6883	0.6883	 1.88	 0.13	207.65	 1.88	 1.29	 1.00	11.07	 2.18	331.28	296.65	307.60	276.20	302.34	0	55.24
2002	5	1	17.194	2677.7166	120.7164	0.7164	 2.01	 0.10	209.25	 1.33	 9.62	 0.93	11.07	 2.28	331.28	297.53	308.05	275.95	303.08	0	55.19
2002	5	1	17.869	2677.7446	120.7446	0.7446	 2.31	 0.15	210.71	 1.40	 0.64	 1.00	11.05	 2.35	331.29	298.36	307.93	275.33	303.81	0	55.07
2002	5	1	18.545	2677.7727	120.7727	0.7727	 1.92	 0.12	209.61	 1.74	 4.19	 1.00	11.08	 2.21	331.26	299.00	308.04	275.14	307.37	0	55.03
2002	5	1	19.221	2677.8008	120.8009	0.8009	 2.02	 0.12	208.44	 1.51	 1.27	 1.00	11.08	 2.13	331.20	299.42	308.73	274.49	304.56	0	54.90
2002	5	1	19.897	2677.8291	120.8290	0.8291	 2.19	 0.14	210.67	 1.43	 2.10	 1.00	11.08	 2.17	331.22	299.54	309.65	273.95	304.44	0	54.79
2002	5	1	20.573	2677.8572	120.8572	0.8572	 2.09	 0.10	208.32	 1.22	 1.83	 1.00	11.08	 2.06	331.18	298.90	309.60	272.72	306.97	0	54.54
2002	5	1	21.249	2677.8853	120.8854	0.8854	 2.46	 0.14	204.43	 1.03	 0.77	 1.00	11.07	 2.03	330.98	297.30	306.81	271.36	305.18	0	54.27
2002	5	1	21.927	2677.9136	120.9136	0.9136	 2.30	 0.15	207.74	 1.32	 4.58	 0.99	11.12	 2.14	330.85	294.98	305.73	269.22	300.25	0	53.84
2002	5	1	22.603	2677.9419	120.9418	0.9418	 2.31	 0.22	210.17	 1.95	 4.80	 1.00	11.07	 2.20	330.80	292.45	302.78	267.52	298.35	0	53.50
2002	5	1	23.282	2677.9702	120.9701	0.9701	 2.17	 0.08	204.47	 0.81	 2.22	 0.98	11.08	 2.08	330.78	290.30	297.52	266.02	295.40	0	53.20
2002	5	1	23.961	2677.9983	120.9984	0.9984	 2.23	 0.12	205.81	 1.12	 0.85	 1.00	11.12	 2.18	330.74	288.51	296.82	 0.00	295.41	0	54.00
2002	5	2	0.641	2678.0266	121.0267	1.0267	 2.08	 0.08	204.43	 0.96	 0.73	 1.00	11.07	 2.08	330.69	286.92	294.47	262.87	 0.00	0	52.57
2002	5	2	1.323	2678.0552	121.0551	1.0551	 2.13	 0.10	206.92	 1.09	 0.84	 1.00	11.13	 2.14	330.66	285.59	292.51	262.05	292.20	0	52.41
2002	5	2	2.004	2678.0835	121.0835	1.0835	 2.15	 0.09	207.49	 0.97	 1.06	 1.00	11.10	 2.19	330.65	284.55	292.61	 0.00	291.07	0	54.00
2002	5	2	2.680	2678.1116	121.1117	1.1117	 1.94	 0.07	205.81	 1.01	 1.06	 1.00	11.07	 2.21	330.61	283.47	289.70	 0.00	289.91	0	54.00
2002	5	2	3.360	2678.1399	121.1400	1.1400	 1.98	 0.07	205.54	 0.95	 3.17	 0.97	11.05	 2.17	330.61	282.63	290.07	 0.00	287.34	0	54.00
2002	5	2	4.039	2678.1682	121.1683	1.1683	 2.02	 0.07	208.77	 0.86	 1.67	 0.99	11.12	 2.23	330.64	282.08	289.14	261.64	286.46	0	52.33
2002	5	2	4.720	2678.1968	121.1967	1.1967	 1.99	 0.06	206.55	 0.83	 2.67	 0.97	11.17	 2.16	330.63	281.75	287.44	261.76	285.49	0	52.35
2002	5	2	5.401	2678.2251	121.2250	1.2250	 1.97	 0.06	206.59	 0.79	 1.13	 0.99	11.08	 2.14	330.64	281.43	286.69	261.69	285.85	0	52.34
2002	5	2	6.081	2678.2534	121.2534	1.2534	 1.95	 0.08	206.82	 1.11	 3.24	 0.99	11.13	 2.18	330.63	281.35	287.38	262.17	285.75	0	52.43
2002	5	2	6.759	2678.2817	121.2816	1.2816	 1.78	 0.06	203.54	 0.98	 1.63	 0.99	11.10	 2.15	330.64	281.18	286.85	 0.00	285.59	0	54.00
2002	5	2	7.442	2678.3101	121.3101	1.3101	 1.65	 0.05	202.20	 0.96	 2.39	 0.98	11.15	 2.03	330.65	281.23	285.31	263.16	285.95	0	52.63
2002	5	2	8.119	2678.3384	121.3383	1.3383	 1.65	 0.06	202.23	 1.16	 0.61	 1.00	11.08	 2.08	330.66	281.24	285.89	263.05	285.68	0	52.61
2002	5	2	8.830	2678.3679	121.3679	1.3679	 1.67	 0.04	206.02	 0.82	 0.83	 1.00	11.20	 2.15	330.68	281.30	287.74	263.73	286.46	0	52.75
2002	5	2	9.513	2678.3965	121.3964	1.3964	 1.57	 0.05	205.72	 1.06	 3.84	 0.96	11.27	 2.13	330.65	281.50	286.19	263.93	288.01	0	52.79
2002	5	2	10.192	2678.4246	121.4247	1.4247	 1.64	 0.04	203.61	 0.78	 0.77	 1.00	11.15	 2.08	330.66	281.77	287.64	 0.00	 0.00	0	54.00
2002	5	2	10.871	2678.4529	121.4530	1.4530	 1.63	 0.05	204.21	 1.06	 4.22	 0.95	11.10	 2.16	330.64	281.79	287.85	263.05	287.05	0	52.61
2002	5	2	11.557	2678.4814	121.4816	1.4816	 1.72	 0.05	198.26	 0.91	 3.63	 0.94	11.10	 2.16	330.78	282.94	289.00	269.12	287.78	0	53.82
2002	5	2	12.234	2678.5098	121.5097	1.5097	 1.65	 0.05	198.21	 0.93	 4.40	 0.92	11.05	 2.22	330.93	285.45	292.54	276.69	287.79	0	55.34
2002	5	2	12.909	2678.5378	121.5379	1.5379	 1.66	 0.06	199.14	 1.13	 5.45	 0.94	11.08	 2.21	331.09	288.35	295.87	278.76	293.67	0	55.75
2002	5	2	13.585	2678.5662	121.5661	1.5661	 1.82	 0.07	198.67	 1.08	 3.97	 0.97	11.08	 2.18	331.18	291.12	299.54	280.03	297.17	0	56.01
2002	5	2	14.261	2678.5942	121.5942	1.5942	 1.71	 0.08	203.60	 1.42	 1.31	 1.00	11.07	 2.14	331.24	293.59	301.49	 0.00	297.54	0	54.00
2002	5	3	1.851	2679.0771	122.0771	2.0771	 1.68	 0.07	203.89	 1.32	 3.51	 0.99	11.10	 2.18	330.75	284.54	291.95	 0.00	291.39	0	54.00
2002	5	3	2.529	2679.1055	122.1054	2.1054	 1.76	 0.07	206.60	 1.28	 2.38	 1.00	11.08	 2.15	330.73	283.80	290.61	262.80	288.55	0	52.56
2002	5	3	3.210	2679.1338	122.1337	2.1337	 1.92	 0.08	207.87	 1.18	 0.81	 1.00	11.22	 2.21	330.72	283.28	290.03	263.16	288.24	0	52.63
2002	5	3	3.892	2679.1621	122.1622	2.1622	 2.05	 0.06	205.70	 0.77	 3.12	 0.94	11.07	 2.18	330.71	282.93	289.05	 0.00	289.54	0	54.00
2002	5	3	4.598	2679.1917	122.1916	2.1916	 2.60	 0.15	208.96	 0.95	57.45	 0.02	13.85	 2.19	330.70	282.58	290.36	 0.00	287.82	0	54.00
2002	5	3	5.301	2679.2209	122.2209	2.2209	 2.46	 0.14	209.82	 1.07	12.37	 0.80	11.05	 2.20	330.68	282.30	290.84	 0.00	 0.00	0	54.00
2002	5	3	5.979	2679.2490	122.2491	2.2491	 2.66	 0.15	212.63	 0.92	12.94	 0.68	11.07	 2.28	330.68	282.04	291.83	261.91	286.85	0	52.38
2002	5	3	6.733	2679.2805	122.2805	2.2805	 1.48	 0.03	353.96	 1.33	231.31	 0.00	11.18	 1.63	330.84	281.47	341.89	 0.00	 0.00	0	54.00
2002	5	3	19.719	2679.8215	122.8216	2.8216	 2.37	 0.12	210.85	 1.01	 1.89	 1.00	11.12	 2.01	331.51	302.35	313.80	277.17	308.22	0	55.43
2002	5	3	23.632	2679.9846	122.9847	2.9847	 4.54	 0.61	228.98	 0.57	 1.58	 0.97	11.05	 2.34	331.14	292.15	318.76	266.52	298.50	0	53.30
2002	5	4	0.311	2680.0129	123.0130	3.0130	66.07	 1.00	221.82	 0.00	49.06	 0.00	11.07	 2.42	331.24	290.50	312.66	266.82	297.53	0	53.36
2002	5	4	0.989	2680.0413	123.0412	3.0412	 4.39	 0.51	225.72	 0.55	 4.20	 0.78	11.05	 2.44	331.20	289.22	310.91	266.32	294.16	0	53.26
2002	5	4	1.665	2680.0693	123.0694	3.0694	 4.79	 1.01	223.56	 0.72	 6.90	 0.80	11.08	 2.35	331.20	288.19	309.82	 0.00	293.32	0	54.00
2002	5	4	2.339	2680.0974	123.0975	3.0975	 4.50	 0.89	220.59	 0.84	 7.71	 0.86	11.07	 2.13	331.19	287.22	307.78	 0.00	292.72	0	54.00
2002	5	4	3.016	2680.1257	123.1257	3.1257	 4.42	 0.67	222.31	 0.68	 6.51	 0.78	11.07	 2.19	331.18	286.39	306.74	264.87	 0.00	0	52.97
2002	5	4	3.696	2680.1541	123.1540	3.1540	 4.89	 0.99	220.65	 0.63	 7.42	 0.65	11.03	 2.14	331.05	285.76	305.86	264.93	290.43	0	52.99
2002	5	4	4.376	2680.1824	123.1823	3.1823	 4.77	 0.97	221.91	 0.70	 2.88	 0.96	11.10	 2.18	331.09	285.42	304.95	264.93	290.01	0	52.99
2002	5	4	5.054	2680.2104	123.2106	3.2106	 4.18	 0.49	221.35	 0.64	 5.15	 0.81	11.12	 2.09	331.12	285.29	303.80	265.57	289.16	0	53.11
2002	5	4	5.733	2680.2388	123.2389	3.2389	 5.16	 2.00	221.95	 0.97	 2.40	 0.99	11.20	 2.11	331.12	285.46	304.06	266.68	290.70	0	53.34
2002	5	4	6.410	2680.2671	123.2671	3.2671	 4.16	 0.59	224.87	 0.79	 5.27	 0.91	11.10	 2.19	331.12	285.69	305.41	267.05	290.67	0	53.41
2002	5	4	7.087	2680.2954	123.2953	3.2953	 3.84	 0.47	223.86	 0.88	 1.70	 1.00	11.08	 2.16	331.11	285.75	305.15	266.83	289.14	0	53.37
2002	5	4	7.766	2680.3235	123.3236	3.3236	 5.31	 1.87	222.77	 0.79	 0.89	 1.00	11.13	 2.14	331.12	286.00	304.69	267.33	291.00	0	53.47
2002	5	4	8.446	2680.3518	123.3519	3.3519	 5.36	 2.16	222.65	 0.86	 2.78	 0.99	11.10	 2.12	331.15	286.16	304.57	267.36	 0.00	0	53.47
2002	5	4	9.124	2680.3801	123.3802	3.3802	 4.76	 1.06	223.33	 0.78	 1.24	 1.00	11.10	 2.17	331.14	286.29	305.27	267.52	289.98	0	53.50
2002	5	4	9.804	2680.4084	123.4085	3.4085	 4.40	 0.89	223.73	 0.94	 0.52	 1.00	11.07	 2.09	331.18	286.55	304.55	268.78	291.25	0	53.76
2002	5	4	10.483	2680.4368	123.4368	3.4368	 4.50	 0.66	223.66	 0.63	 0.84	 1.00	11.10	 2.14	331.17	286.93	305.68	269.15	292.04	0	53.83
2002	5	4	11.163	2680.4651	123.4651	3.4651	13.99	8003.46	223.13	 0.57	 1.14	 0.99	11.15	 2.12	331.15	286.98	306.64	 0.00	292.44	0	54.00
2002	5	4	11.841	2680.4934	123.4934	3.4934	 3.68	 0.42	223.04	 0.91	 5.20	 0.95	11.05	 2.12	331.22	287.22	306.08	 0.00	292.53	0	54.00
2002	5	4	12.521	2680.5217	123.5217	3.5217	 3.23	 0.22	229.52	 0.79	 8.31	 0.76	11.12	 2.14	331.32	288.93	309.46	 0.00	293.48	0	54.00
2002	5	4	13.198	2680.5498	123.5499	3.5499	 3.09	 0.18	231.60	 0.74	 9.08	 0.67	11.05	 2.34	331.38	290.81	310.64	276.44	298.49	0	55.29
2002	5	4	13.906	2680.5793	123.5794	3.5794	 3.39	 0.29	220.45	 0.86	 4.99	 0.94	11.08	 2.34	331.43	292.00	304.23	275.69	297.89	0	55.14
2002	5	4	14.582	2680.6077	123.6076	3.6076	 3.08	 0.23	222.65	 0.96	 9.66	 0.85	11.07	 2.37	331.44	293.25	305.29	277.74	298.24	0	55.55
2002	5	4	15.258	2680.6357	123.6357	3.6357	 3.08	 0.21	222.87	 0.88	 5.50	 0.93	11.05	 2.42	331.47	294.21	306.74	277.37	301.90	0	55.47
2002	5	4	15.934	2680.6638	123.6639	3.6639	 2.77	 0.17	224.92	 0.98	13.33	 0.73	11.07	 2.36	331.58	295.29	308.16	278.03	300.33	0	55.61
2002	5	5	11.263	2681.4692	124.4693	4.4693	 3.70	 0.44	201.71	 0.85	 1.09	 1.00	10.85	 2.11	331.20	284.84	290.37	270.20	289.49	0	54.04
2002	5	5	11.930	2681.4971	124.4971	4.4971	 4.70	 1.30	200.94	 0.91	 1.47	 1.00	10.85	 2.17	331.30	286.49	292.44	 0.00	288.95	0	54.00
2002	5	5	12.591	2681.5247	124.5246	4.5246	 3.56	 0.36	200.64	 0.82	 0.84	 1.00	10.85	 2.18	331.39	288.35	294.43	275.55	292.62	0	55.11
2002	5	5	13.253	2681.5522	124.5522	4.5522	 3.28	 0.25	201.18	 0.76	 1.60	 0.99	10.82	 2.17	331.46	290.19	299.32	276.33	294.77	0	55.27
2002	5	5	13.915	2681.5798	124.5798	4.5798	 2.72	 0.19	200.91	 1.07	 1.44	 1.00	10.85	 2.15	331.55	291.87	299.89	276.35	297.34	0	55.27
2002	5	5	23.898	2681.9958	124.9957	4.9957	 1.48	 0.03	325.62	 1.15	15.81	 0.57	11.02	 2.06	331.32	288.04	340.12	 0.00	292.50	0	54.00
2002	5	6	0.566	2682.0237	125.0236	5.0236	 1.48	 0.04	328.67	 1.66	15.86	 0.87	10.85	 1.96	331.31	286.54	338.66	264.65	291.13	0	52.93
2002	5	6	1.229	2682.0513	125.0512	5.0512	 1.41	 0.03	335.50	 1.43	19.67	 0.64	10.83	 1.88	331.28	285.31	341.36	 0.00	290.78	0	54.00
2002	5	6	1.896	2682.0791	125.0790	5.0790	 1.43	 0.04	335.23	 1.61	29.69	 0.57	10.93	 1.92	331.24	284.28	339.74	262.76	289.64	0	52.55
2002	5	7	1.076	2683.0449	126.0448	6.0448	 1.99	 0.07	206.24	 0.89	 1.34	 0.99	10.88	 2.11	331.13	286.07	293.68	263.86	291.47	0	52.77
2002	5	7	1.737	2683.0725	126.0724	6.0724	 1.76	 0.07	203.73	 1.16	 2.94	 0.99	10.88	 2.10	331.03	285.06	291.71	263.53	 0.00	0	52.71
2002	5	7	4.560	2683.1899	126.1900	6.1900	 2.28	 0.07	252.10	 0.76	 5.54	 0.83	10.82	 2.66	331.02	282.89	326.23	264.51	288.27	0	52.90
2002	5	7	5.330	2683.2222	126.2221	6.2221	 1.97	 0.18	138.07	 1.61	31.29	 0.71	10.82	 1.52	331.00	282.69	285.21	 0.00	287.58	0	54.00
2002	5	7	7.090	2683.2954	126.2954	6.2954	 2.42	 0.07	247.69	 0.66	 3.75	 0.87	10.83	 2.57	331.00	282.27	323.55	263.03	287.31	0	52.61
2002	5	7	10.005	2683.4167	126.4169	6.4169	 2.58	 0.16	226.20	 1.14	 7.27	 0.95	10.98	 1.96	331.02	281.91	310.89	262.94	287.74	0	52.59
2002	5	7	10.667	2683.4446	126.4445	6.4445	 2.94	 0.15	224.45	 0.73	 7.10	 0.76	10.85	 2.12	330.99	281.86	306.52	262.59	286.56	0	52.52
2002	5	7	11.329	2683.4722	126.4720	6.4720	 3.04	 0.24	220.26	 1.00	 4.89	 0.97	10.85	 2.09	331.10	282.30	306.57	264.25	286.34	0	52.85
2002	5	7	11.990	2683.4995	126.4996	6.4996	 2.61	 0.15	224.31	 1.01	 3.38	 0.98	10.82	 2.09	331.25	284.32	307.70	 0.00	287.15	0	54.00
2002	5	7	12.654	2683.5273	126.5273	6.5273	 2.51	 0.07	230.67	 0.56	 7.28	 0.43	10.95	 2.18	331.27	286.68	311.16	 0.00	294.12	0	54.00
2002	5	7	13.323	2683.5552	126.5551	6.5551	 2.26	 0.10	233.21	 1.03	 3.79	 0.98	10.90	 2.34	331.38	288.87	313.74	276.14	294.29	0	55.23
2002	5	7	19.339	2683.8059	126.8058	6.8058	 2.41	 0.14	211.26	 1.17	 2.07	 1.00	10.87	 2.29	331.71	297.91	308.40	273.20	303.27	0	54.64
2002	5	7	20.003	2683.8335	126.8335	6.8334	 2.22	 0.20	201.94	 1.90	 1.67	 1.00	10.82	 1.89	331.62	297.92	306.33	272.64	303.67	0	54.53
2002	5	7	20.665	2683.8611	126.8610	6.8610	 2.60	 0.19	207.61	 1.20	 3.75	 0.99	10.85	 2.11	331.56	296.78	306.97	271.22	302.17	0	54.24
2002	5	7	21.326	2683.8887	126.8886	6.8886	 2.49	 0.14	204.32	 1.00	 0.50	 1.00	10.85	 2.05	331.39	295.34	305.12	270.22	303.10	0	54.04
2002	5	7	21.993	2683.9165	126.9164	6.9164	 2.64	 0.20	206.44	 1.21	 1.41	 1.00	10.95	 2.11	331.26	293.19	302.02	 0.00	297.40	0	54.00
2002	5	7	22.661	2683.9441	126.9442	6.9442	 2.25	 0.24	214.17	 2.35	 8.15	 1.00	10.90	 2.29	331.23	291.01	301.70	266.90	296.08	0	53.38
2002	5	7	23.328	2683.9719	126.9720	6.9720	 1.93	 0.11	206.26	 1.54	 2.78	 1.00	10.85	 2.07	331.18	289.22	298.14	266.23	292.91	0	53.25
2002	5	7	23.993	2683.9998	126.9997	6.9997	 2.17	 0.11	203.52	 1.11	 0.77	 1.00	10.82	 2.08	331.16	287.79	295.18	 0.00	291.68	0	54.00
2002	5	8	0.657	2684.0273	127.0274	7.0274	 2.50	 0.11	206.65	 0.78	 1.68	 0.99	10.83	 2.13	331.09	286.61	294.47	264.87	290.16	0	52.97
2002	5	8	1.327	2684.0554	127.0553	7.0553	 2.32	 0.14	206.49	 1.22	 1.84	 1.00	10.90	 2.16	331.03	285.38	293.27	263.48	290.09	0	52.70
2002	5	8	1.997	2684.0833	127.0832	7.0832	 2.08	 0.09	206.40	 1.05	 1.70	 1.00	10.98	 2.20	330.91	284.49	291.70	 0.00	288.98	0	54.00
2002	5	8	2.666	2684.1111	127.1111	7.1111	 2.42	 0.14	205.48	 1.08	 4.15	 0.98	10.80	 2.15	330.96	283.72	290.55	 0.00	288.14	0	54.00
2002	5	8	3.329	2684.1387	127.1387	7.1387	 2.48	 0.10	206.80	 0.77	 0.88	 1.00	10.83	 2.10	330.96	283.19	289.61	263.39	286.54	0	52.68
2002	5	8	3.993	2684.1663	127.1664	7.1664	 2.35	 0.12	206.95	 1.02	 0.59	 1.00	10.85	 2.18	330.93	282.72	288.59	262.93	287.82	0	52.59
2002	5	8	6.056	2684.2522	127.2523	7.2523	 1.36	 0.03	333.57	 1.24	19.22	 0.47	10.87	 1.84	331.04	281.59	336.95	262.67	 0.00	0	52.53
2002	5	8	6.934	2684.2888	127.2889	7.2889	 2.12	 0.07	205.14	 0.75	 6.52	 0.74	10.85	 2.28	330.95	281.30	288.89	262.38	287.14	0	52.48
2002	5	8	13.286	2684.5535	127.5536	7.5536	 0.81	 0.03	193.47	 2.01	 1.10	 1.00	11.25	 2.18	331.28	288.15	295.95	275.53	294.15	0	55.11
2002	5	8	13.963	2684.5818	127.5818	7.5818	 0.86	 0.02	192.50	 1.54	 3.49	 0.94	11.08	 2.07	331.34	290.90	299.34	276.01	296.33	0	55.20
2002	5	8	14.639	2684.6099	127.6100	7.6100	 0.94	 0.03	208.00	 1.61	 4.81	 0.94	11.08	 2.18	331.56	293.45	303.84	277.75	299.11	0	55.55
2002	5	8	15.314	2684.6382	127.6381	7.6381	 1.07	 0.02	208.18	 1.21	 2.82	 0.96	11.07	 2.17	331.62	295.83	305.46	277.46	301.85	0	55.49
2002	5	8	15.990	2684.6663	127.6663	7.6663	 1.21	 0.03	210.26	 1.26	 1.80	 0.99	11.05	 2.14	331.41	297.82	309.23	277.91	304.24	0	55.58
2002	5	8	18.126	2684.7551	127.7552	7.7552	 2.14	 0.05	240.91	 0.61	 7.36	 0.47	11.08	 2.66	331.43	301.84	319.21	278.29	308.50	0	55.66
2002	5	9	20.165	2685.8401	128.8402	8.8402	 2.33	 0.06	320.50	 0.78	14.89	 0.37	11.08	 2.68	331.85	300.50	359.39	275.13	306.25	0	55.03
2002	5	9	20.840	2685.8684	128.8683	8.8683	 2.23	 0.04	322.75	 0.69	17.14	 0.15	11.08	 2.66	331.73	298.61	359.37	273.67	305.07	0	54.73
2002	5	9	21.518	2685.8965	128.8966	8.8966	 1.99	 0.06	339.30	 1.19	48.05	 0.14	11.22	 1.92	331.53	296.89	366.00	272.16	303.12	0	54.43
2002	5	10	2.970	2686.1238	129.1238	9.1238	 1.60	 0.04	203.19	 0.88	 6.38	 0.78	11.10	 2.13	331.31	283.68	289.69	 0.00	286.90	0	54.00
2002	5	10	3.650	2686.1521	129.1521	9.1521	 1.41	 0.04	204.28	 1.25	 2.65	 0.99	11.10	 2.14	331.18	283.11	289.20	262.62	287.52	0	52.52
2002	5	10	11.463	2686.4775	129.4776	9.4776	 1.07	 0.04	173.55	 1.74	10.44	 0.87	11.10	 2.05	331.24	280.86	286.24	266.33	284.19	0	53.27
2002	5	10	23.069	2686.9612	129.9612	9.9612	 2.68	 0.13	227.23	 0.84	 6.40	 0.87	11.07	 2.63	331.41	291.39	314.57	265.73	298.28	0	53.15
2002	5	10	23.749	2686.9895	129.9896	9.9896	 2.55	 0.11	224.56	 0.84	 8.56	 0.76	11.13	 2.58	331.36	289.27	311.52	 0.00	293.29	0	54.00
2002	5	11	0.428	2687.0178	130.0178	10.0178	 2.32	 0.07	225.79	 0.66	16.14	 0.14	11.07	 2.65	331.35	287.53	311.36	 0.00	291.31	0	54.00
2002	5	11	2.464	2687.1028	130.1027	10.1027	 1.99	 0.05	228.38	 0.73	48.73	 0.00	11.08	 2.71	331.24	283.86	308.51	262.00	288.59	0	52.40
2002	5	11	17.655	2687.7356	130.7356	10.7356	 1.92	 0.10	210.79	 1.43	 6.56	 0.98	11.12	 2.17	331.85	299.19	311.14	277.33	305.27	0	55.47
2002	5	11	18.331	2687.7637	130.7638	10.7638	 1.93	 0.08	207.96	 1.12	 0.43	 1.00	11.08	 2.05	331.95	299.97	311.62	276.75	305.76	0	55.35
2002	5	11	19.007	2687.7920	130.7920	10.7920	 1.70	 0.08	204.91	 1.44	 3.89	 0.99	11.07	 1.97	331.95	300.46	308.75	276.04	305.97	0	55.21
2002	5	11	19.683	2687.8201	130.8201	10.8201	 2.10	 0.09	209.70	 0.99	 1.10	 1.00	11.08	 2.08	331.90	300.58	311.63	275.28	306.40	0	55.06
2002	5	11	20.359	2687.8484	130.8483	10.8483	 1.70	 0.09	204.87	 1.66	 0.81	 1.00	11.08	 1.91	331.92	299.68	309.32	 0.00	305.14	0	54.00
2002	5	12	0.205	2688.0085	131.0085	11.0085	 3.09	 0.21	204.57	 0.78	 1.77	 0.99	11.07	 2.04	331.37	289.21	295.62	266.02	297.15	0	53.20
2002	5	12	0.881	2688.0366	131.0367	11.0367	39.09	 1.00	192.45	 0.00	 2.56	 0.00	11.07	 1.73	331.42	288.00	292.11	265.04	293.01	0	53.01
2002	5	12	1.557	2688.0649	131.0649	11.0649	 4.58	 1.01	194.88	 0.77	 3.62	 0.95	11.05	 1.72	331.45	287.04	292.35	265.46	293.73	0	53.09
2002	5	12	2.234	2688.0930	131.0931	11.0931	 4.35	 0.99	191.10	 0.94	 3.32	 0.98	11.05	 1.70	331.44	286.17	288.76	 0.00	291.41	0	54.00
2002	5	12	2.909	2688.1211	131.1212	11.1212	 4.93	 1.55	195.72	 0.83	 2.01	 0.99	11.07	 1.81	331.44	285.37	289.82	 0.00	289.21	0	54.00
2002	5	12	3.588	2688.1494	131.1495	11.1495	 4.56	 1.04	192.99	 0.81	 2.05	 0.99	11.13	 1.74	331.48	284.85	287.90	 0.00	289.19	0	54.00
2002	5	12	6.978	2688.2908	131.2908	11.2908	 2.80	 0.20	205.40	 1.01	 2.89	 0.99	11.08	 2.06	331.45	283.50	289.85	 0.00	288.40	0	54.00
2002	5	12	9.273	2688.3865	131.3864	11.3864	 1.51	 0.04	351.15	 1.48	190.94	 0.00	11.22	 1.70	331.47	282.42	343.44	 0.00	286.54	0	54.00
2002	5	12	10.761	2688.4485	131.4484	11.4484	 1.52	 0.05	357.29	 1.90	212.70	 0.00	11.35	 1.64	331.54	282.10	345.94	264.10	288.90	0	52.82
2002	5	12	14.998	2688.6250	131.6249	11.6249	 2.22	 0.05	321.59	 0.80	18.64	 0.26	11.37	 2.49	331.97	295.12	352.91	279.87	300.83	0	55.97
2002	5	12	15.691	2688.6538	131.6538	11.6538	 2.18	 0.03	321.70	 0.54	18.77	 0.01	11.35	 2.49	332.06	296.73	353.69	278.34	302.64	0	55.67
2002	5	12	16.384	2688.6826	131.6827	11.6827	 2.24	 0.05	323.17	 0.71	15.02	 0.24	11.38	 2.43	332.14	297.92	356.68	278.10	304.24	0	55.62
2002	5	12	17.077	2688.7114	131.7115	11.7115	 2.20	 0.06	319.07	 0.96	17.39	 0.51	11.35	 2.50	332.11	299.07	354.28	278.14	305.21	0	55.63
2002	5	12	19.156	2688.7981	131.7981	11.7981	 2.25	 0.06	318.84	 0.82	24.17	 0.15	11.38	 2.49	332.15	300.85	355.33	276.17	306.65	0	55.23
2002	5	12	19.850	2688.8271	131.8271	11.8271	 2.12	 0.05	322.55	 0.82	30.26	 0.06	11.35	 2.23	332.11	300.82	356.99	276.11	306.43	0	55.22
2002	5	12	20.542	2688.8560	131.8559	11.8559	 2.07	 0.06	322.77	 1.14	39.72	 0.20	11.37	 2.30	332.12	299.41	355.37	274.55	306.33	0	54.91
2002	5	12	21.931	2688.9138	131.9138	11.9138	 1.82	 0.05	341.33	 1.39	76.71	 0.07	11.35	 1.72	331.80	295.28	361.84	 0.00	300.33	0	54.00
2002	5	13	4.980	2689.2075	132.2075	12.2075	 2.35	 0.09	205.74	 0.78	 1.16	 0.99	11.38	 2.04	331.43	283.35	289.06	 0.00	288.61	0	54.00
2002	5	13	5.829	2689.2429	132.2429	12.2429	 1.30	 0.03	350.11	 1.53	16.01	 0.75	11.40	 1.57	331.43	282.77	340.56	261.98	286.10	0	52.40
2002	5	13	7.463	2689.3110	132.3109	12.3109	 2.38	 0.13	208.05	 1.06	 4.49	 0.97	11.37	 2.08	331.30	282.60	288.71	262.82	289.84	0	52.56
2002	5	13	8.156	2689.3398	132.3398	12.3398	 2.21	 0.08	208.33	 0.82	 0.59	 1.00	11.33	 2.15	331.33	282.71	287.86	263.38	287.98	0	52.68
2002	5	13	8.858	2689.3691	132.3691	12.3691	 2.09	 0.07	208.37	 0.82	 1.98	 0.98	11.38	 2.21	331.32	282.61	288.99	 0.00	287.84	0	54.00
2002	5	13	10.338	2689.4307	132.4307	12.4307	 1.50	 0.04	357.79	 1.85	204.15	 0.00	11.40	 1.57	331.48	282.34	343.50	263.26	286.37	0	52.65
2002	5	13	11.770	2689.4905	132.4904	12.4904	 1.90	 0.07	266.87	 1.36	88.49	 0.03	11.38	 1.75	331.58	283.71	331.98	273.58	290.50	0	54.72
2002	5	13	14.018	2689.5840	132.5841	12.5841	 2.42	 0.13	206.44	 0.99	 3.03	 0.98	11.33	 2.16	331.75	292.50	300.69	278.99	298.09	0	55.80
2002	5	13	19.601	2689.8167	132.8167	12.8167	 4.34	 1.02	201.36	 1.03	 1.43	 1.00	11.40	 1.79	331.81	297.67	306.03	275.34	303.46	0	55.07
2002	5	13	20.300	2689.8459	132.8458	12.8458	 5.85	 6.53	205.18	 1.47	 1.56	 1.00	11.40	 1.86	331.73	296.62	305.48	273.87	302.50	0	54.77
2002	5	13	22.392	2689.9331	132.9330	12.9330	 2.83	 0.25	244.32	 1.46	22.37	 0.83	11.37	 1.84	331.55	291.92	331.58	268.01	296.26	0	53.60
2002	5	13	23.144	2689.9644	132.9643	12.9643	 4.29	 0.82	206.22	 0.90	 0.85	 1.00	11.35	 2.05	331.58	290.46	297.03	267.05	297.34	0	53.41
2002	5	13	23.839	2689.9932	132.9933	12.9933	 4.20	 0.66	206.88	 0.79	 2.53	 0.98	11.43	 2.04	331.40	289.53	295.57	 0.00	293.74	0	54.00
2002	5	14	0.534	2690.0222	133.0223	13.0223	 4.38	 0.99	208.19	 0.99	 0.90	 1.00	11.33	 2.07	331.45	289.10	295.14	 0.00	294.56	0	54.00
2002	5	14	1.230	2690.0513	133.0512	13.0512	 5.49	 2.38	209.75	 0.78	 1.70	 0.99	11.37	 2.10	331.44	288.96	295.65	268.57	 0.00	0	53.71
2002	5	14	1.929	2690.0803	133.0804	13.0804	 4.13	 0.54	210.55	 0.71	 0.68	 1.00	11.33	 2.09	331.44	288.67	296.24	 0.00	292.08	0	54.00
2002	5	14	2.629	2690.1096	133.1096	13.1096	 3.81	 0.39	211.58	 0.72	 1.76	 0.99	11.47	 2.20	331.44	288.25	295.39	267.98	 0.00	0	53.60
2002	5	14	3.324	2690.1384	133.1385	13.1385	 5.31	 1.82	209.23	 0.72	 0.87	 1.00	11.32	 2.13	331.44	288.01	294.45	 0.00	294.91	0	54.00
2002	5	14	4.019	2690.1675	133.1674	13.1675	 4.26	 0.72	210.65	 0.82	 2.46	 0.99	11.38	 2.13	331.47	287.81	294.86	267.82	292.60	0	53.56
2002	5	14	4.713	2690.1963	133.1964	13.1964	 4.47	 0.73	209.34	 0.68	 2.52	 0.96	11.35	 2.12	331.45	287.76	293.28	268.50	292.45	0	53.70
2002	5	14	5.406	2690.2253	133.2253	13.2253	17.00	231648.77	209.56	 0.76	 1.12	 1.00	11.38	 2.15	331.45	287.58	294.22	267.21	292.39	0	53.44
2002	5	14	6.100	2690.2542	133.2542	13.2542	 4.91	 1.54	210.71	 0.91	 1.49	 1.00	11.33	 2.07	331.47	287.36	294.93	267.98	292.07	0	53.60
2002	5	14	6.793	2690.2830	133.2830	13.2830	 5.93	 3.99	208.16	 0.83	 1.71	 0.99	11.38	 2.10	331.47	287.27	293.27	267.26	291.86	0	53.45
2002	5	14	7.486	2690.3120	133.3119	13.3119	 5.14	 1.75	208.85	 0.82	 0.81	 1.00	11.35	 2.16	331.42	286.93	293.66	266.73	291.54	0	53.35
2002	5	14	8.179	2690.3408	133.3408	13.3408	 4.15	 0.58	203.77	 0.71	 0.15	 1.00	11.38	 2.02	331.47	286.75	291.80	266.55	290.27	0	53.31
2002	5	14	8.872	2690.3696	133.3697	13.3697	 5.66	 2.94	207.74	 0.81	 0.96	 1.00	11.33	 2.10	331.45	286.60	292.26	266.34	291.02	0	53.27
2002	5	14	9.565	2690.3984	133.3986	13.3986	 5.73	 2.88	207.72	 0.74	 0.97	 1.00	11.35	 2.16	331.43	286.40	292.43	266.11	291.47	0	53.22
2002	5	14	10.258	2690.4275	133.4274	13.4274	 4.63	 1.18	208.99	 0.93	 0.95	 1.00	11.32	 2.15	331.45	286.22	292.73	266.05	290.62	0	53.21
2002	5	14	10.951	2690.4563	133.4563	13.4563	 5.29	 2.67	206.95	 1.06	 1.64	 1.00	11.38	 2.06	331.47	286.16	292.16	266.82	289.86	0	53.36
2002	5	14	11.644	2690.4851	133.4852	13.4852	30.32	180176610665.29	206.99	 0.96	 1.39	 1.00	11.35	 2.09	331.47	286.27	291.85	267.26	290.61	0	53.45
2002	5	14	12.338	2690.5142	133.5141	13.5141	16.71	206589.76	207.04	 0.89	 0.88	 1.00	11.38	 2.13	331.48	286.48	292.12	267.26	291.46	0	53.45
2002	5	14	13.032	2690.5430	133.5430	13.5430	16.56	194270.93	205.55	 0.97	 1.02	 1.00	11.33	 2.12	331.51	286.98	292.81	268.52	293.31	0	53.70
2002	5	14	13.726	2690.5720	133.5719	13.5719	 3.96	 1.00	209.34	 1.55	 4.67	 1.00	11.43	 2.20	331.60	287.93	294.35	270.34	292.03	0	54.07
2002	5	14	14.421	2690.6008	133.6009	13.6009	 5.41	 2.95	208.22	 1.05	 0.40	 1.00	11.33	 2.20	331.66	289.09	295.33	 0.00	293.26	0	54.00
2002	5	14	15.119	2690.6299	133.6299	13.6299	16.89	284658.22	204.18	 1.01	 0.94	 1.00	11.43	 2.07	331.57	289.62	296.08	 0.00	 0.00	0	54.00
2002	5	14	16.590	2690.6912	133.6913	13.6912	 5.12	 2.03	205.62	 0.95	 1.03	 1.00	11.35	 2.18	331.73	290.84	297.60	 0.00	295.63	0	54.00
2002	5	14	17.322	2690.7217	133.7217	13.7217	28.91	63714240000.75	190.81	 1.28	 2.21	 1.00	11.37	 1.66	331.69	291.35	295.06	 0.00	294.18	0	54.00
2002	5	14	18.023	2690.7510	133.7510	13.7510	30.96	383586539594.62	191.77	 1.00	 0.88	 1.00	11.33	 1.69	331.68	291.44	295.82	270.91	294.26	0	54.18
2002	5	14	18.721	2690.7800	133.7800	13.7800	 6.63	10.65	189.28	 1.01	 1.51	 1.00	11.42	 1.59	331.68	291.45	295.38	 0.00	295.92	0	54.00
2002	5	14	19.423	2690.8093	133.8093	13.8093	 5.89	 6.99	196.92	 1.44	 0.85	 1.00	11.38	 1.77	331.64	290.82	298.08	 0.00	297.42	0	54.00
2002	5	14	20.118	2690.8384	133.8383	13.8383	16.33	212208.27	195.16	 1.27	 0.55	 1.00	11.42	 1.78	331.60	289.92	294.03	266.59	294.63	0	53.32
2002	5	14	20.812	2690.8672	133.8672	13.8672	16.76	277889.46	194.53	 1.07	 2.42	 1.00	11.35	 1.67	331.57	288.94	294.53	266.02	292.58	0	53.20
2002	5	14	21.506	2690.8960	133.8961	13.8961	16.85	407937.22	192.14	 1.42	 2.01	 1.00	11.37	 1.66	331.52	288.13	289.84	265.79	292.36	0	53.16
2002	5	14	22.200	2690.9250	133.9250	13.9250	16.88	321120.78	192.46	 1.09	 1.14	 1.00	11.35	 1.66	331.52	287.46	288.97	265.90	290.74	0	53.18
2002	5	14	22.892	2690.9539	133.9539	13.9539	16.47	205285.43	197.03	 1.08	 3.06	 0.99	11.38	 1.74	331.51	287.03	289.85	266.13	291.22	0	53.23
2002	5	14	23.587	2690.9829	133.9828	13.9828	37.55	 1.00	195.40	 0.00	 2.05	 0.00	11.33	 1.69	331.51	286.73	289.20	266.39	291.57	0	53.28
2002	5	15	0.280	2691.0117	134.0117	14.0117	16.30	203322.35	199.18	 1.27	 1.62	 1.00	11.38	 1.77	331.50	286.58	289.46	266.57	290.79	0	53.31
2002	5	15	0.973	2691.0405	134.0406	14.0406	29.01	79847272297.88	196.55	 1.50	 3.02	 1.00	11.33	 1.72	331.49	286.41	289.83	266.64	290.62	0	53.33
2002	5	15	1.666	2691.0693	134.0694	14.0694	16.94	366592.24	196.81	 1.20	 2.66	 1.00	11.38	 1.71	331.49	286.27	289.19	266.52	290.80	0	53.30
2002	5	15	2.359	2691.0984	134.0983	14.0983	28.79	38062950038.04	196.81	 0.89	 1.18	 1.00	11.32	 1.70	331.50	286.18	288.58	266.47	290.40	0	53.29
2002	5	15	3.053	2691.1272	134.1272	14.1272	21.51	36240127.83	197.32	 1.23	 2.61	 1.00	11.38	 1.74	331.48	286.09	288.87	266.47	289.34	0	53.29
2002	5	15	3.745	2691.1560	134.1561	14.1561	44.40	 1.00	195.31	 0.00	 1.40	 0.00	11.35	 1.72	331.48	285.95	288.48	266.09	290.12	0	53.22
2002	5	15	4.439	2691.1851	134.1849	14.1849	17.13	440168.83	195.35	 1.18	 2.32	 1.00	11.37	 1.75	331.50	285.78	287.98	265.87	289.92	0	53.17
2002	5	15	5.132	2691.2139	134.2138	14.2138	19.73	6390861.61	190.66	 1.24	 4.11	 0.99	11.35	 1.58	331.50	285.66	285.53	265.88	288.79	0	53.18
2002	5	15	5.825	2691.2427	134.2427	14.2427	103.26	 0.99	200.10	 0.00	 6.05	 0.00	11.38	 1.85	331.46	285.49	290.25	265.62	289.85	0	53.12
2002	5	15	6.518	2691.2715	134.2716	14.2716	17.11	420063.81	194.19	 1.14	 1.32	 1.00	11.33	 1.72	331.47	285.39	287.46	265.57	289.38	0	53.11
2002	5	15	7.211	2691.3005	134.3005	14.3005	23.56	235364886.55	194.97	 1.01	 7.42	 0.94	11.38	 1.74	331.49	285.28	287.15	265.58	289.28	0	53.12
2002	5	15	7.905	2691.3293	134.3294	14.3294	16.92	303892.90	200.47	 1.03	 0.67	 1.00	11.35	 1.88	331.49	285.19	289.16	265.62	289.17	0	53.12
2002	5	15	8.597	2691.3582	134.3582	14.3582	 6.17	 7.45	200.44	 1.19	 1.27	 1.00	11.37	 1.87	331.49	285.13	288.74	265.41	289.72	0	53.08
2002	5	15	10.059	2691.4192	134.4191	14.4191	 3.91	 0.60	207.49	 0.97	 2.98	 0.99	11.42	 2.21	331.55	284.63	290.96	265.27	290.80	0	53.05
2002	5	15	10.753	2691.4480	134.4480	14.4480	 4.32	 0.97	205.86	 1.03	 1.49	 1.00	11.38	 2.10	331.46	284.67	290.69	265.27	289.50	0	53.05
2002	5	15	11.446	2691.4768	134.4769	14.4769	 4.75	 1.15	207.25	 0.79	 0.65	 1.00	11.35	 2.14	331.48	284.84	290.43	265.90	287.98	0	53.18
2002	5	15	12.139	2691.5059	134.5058	14.5058	 3.54	 0.46	206.09	 1.08	 1.08	 1.00	11.38	 2.15	331.48	285.28	290.40	266.76	289.30	0	53.35
2002	5	15	12.833	2691.5347	134.5347	14.5347	 3.86	 0.47	204.43	 0.79	 0.21	 1.00	11.32	 2.15	331.51	286.34	292.22	269.09	290.21	0	53.82
2002	5	15	13.526	2691.5635	134.5636	14.5636	 5.68	 4.15	202.97	 1.09	 0.51	 1.00	11.38	 2.07	331.61	287.36	293.42	269.49	291.23	0	53.90
2002	5	15	14.221	2691.5925	134.5925	14.5925	 4.76	 1.71	200.09	 1.12	 3.29	 0.99	11.30	 2.19	331.76	289.03	296.26	 0.00	293.48	0	54.00
2002	5	15	14.917	2691.6216	134.6216	14.6216	 5.09	 1.87	205.33	 0.90	 2.19	 0.99	11.38	 2.17	331.73	290.63	296.99	272.47	297.85	0	54.49
2002	5	15	15.620	2691.6509	134.6508	14.6508	16.68	218961.05	207.71	 0.98	 4.04	 0.98	11.33	 2.26	331.73	291.55	300.00	 0.00	298.27	0	54.00
2002	5	15	16.320	2691.6799	134.6800	14.6800	 3.67	 0.56	206.84	 1.16	 1.99	 1.00	11.37	 2.16	331.71	292.35	300.55	 0.00	294.87	0	54.00
2002	5	15	17.015	2691.7090	134.7090	14.7090	 3.29	 0.31	204.58	 0.93	 1.46	 1.00	11.33	 2.10	331.85	293.13	300.05	273.76	295.48	0	54.75
2002	5	15	17.713	2691.7380	134.7380	14.7380	 4.48	 1.25	207.21	 1.13	 4.06	 0.99	11.40	 2.11	331.82	293.88	300.49	 0.00	300.69	0	54.00
2002	5	15	18.411	2691.7671	134.7671	14.7671	 3.22	 0.30	204.68	 0.97	 2.77	 0.99	11.32	 1.99	331.73	294.39	301.82	 0.00	297.73	0	54.00
2002	5	15	19.108	2691.7961	134.7961	14.7961	 4.19	 0.65	207.46	 0.79	 1.28	 1.00	11.38	 2.18	331.76	294.23	301.55	273.51	299.14	0	54.70
2002	5	15	19.802	2691.8250	134.8251	14.8251	 4.21	 0.89	204.31	 1.04	 2.05	 1.00	11.33	 2.03	331.70	293.71	300.09	271.66	298.96	0	54.33
2002	5	15	20.497	2691.8540	134.8540	14.8540	 3.93	 0.65	209.67	 1.05	 1.41	 1.00	11.38	 2.14	331.64	292.91	300.90	270.49	297.51	0	54.10
2002	5	15	21.190	2691.8828	134.8829	14.8829	 3.89	 0.63	209.75	 1.05	 1.02	 1.00	11.32	 2.13	331.62	291.88	300.00	269.08	297.11	0	53.82
2002	5	15	21.883	2691.9119	134.9118	14.9118	 4.29	 0.68	208.35	 0.75	 2.35	 0.98	11.37	 2.11	331.58	290.68	297.90	267.93	295.28	0	53.59
2002	5	16	17.913	2692.7463	135.7464	15.7464	 2.74	 0.17	211.55	 0.94	 1.92	 0.99	10.88	 2.17	331.87	296.74	307.12	 0.00	 0.00	0	54.00
2002	5	16	18.581	2692.7742	135.7742	15.7742	 2.75	 0.15	210.63	 0.82	 1.74	 0.99	10.85	 2.18	331.77	297.43	307.34	273.74	303.09	0	54.75
2002	5	16	19.245	2692.8020	135.8019	15.8019	 2.65	 0.18	208.03	 1.12	 1.71	 1.00	10.83	 2.08	331.73	297.75	306.10	273.48	302.82	0	54.70
2002	5	16	19.909	2692.8296	135.8296	15.8296	 2.95	 0.33	204.28	 1.42	 0.70	 1.00	10.85	 1.98	331.69	297.67	305.66	272.08	302.10	0	54.42
2002	5	16	20.572	2692.8572	135.8572	15.8572	 2.83	 0.20	210.23	 1.00	 0.13	 1.00	10.85	 2.11	331.59	296.17	305.88	271.31	303.01	0	54.26
2002	5	16	21.236	2692.8848	135.8848	15.8848	 3.46	 0.36	207.54	 0.91	 2.99	 0.98	10.85	 2.10	331.52	294.52	302.30	269.57	299.44	0	53.91
2002	5	16	21.902	2692.9126	135.9126	15.9126	 3.67	 0.49	210.34	 1.02	 1.67	 1.00	10.87	 2.14	331.55	292.83	301.54	268.58	298.24	0	53.72
2002	5	16	22.566	2692.9402	135.9403	15.9403	 3.60	 0.57	207.17	 1.26	 2.71	 1.00	10.85	 2.02	331.52	291.36	298.96	267.12	295.44	0	53.42
2002	5	16	23.231	2692.9680	135.9680	15.9680	 3.18	 0.65	212.61	 2.31	 2.76	 1.00	10.82	 2.40	331.46	289.91	300.04	 0.00	293.61	0	54.00
2002	5	17	19.797	2693.8250	136.8249	16.8249	 3.93	 0.66	207.36	 1.04	 0.48	 1.00	10.90	 2.07	331.69	291.29	299.84	267.96	298.09	0	53.59
2002	5	17	20.460	2693.8525	136.8525	16.8525	 4.70	 1.35	211.52	 0.99	 1.51	 1.00	10.87	 2.27	331.63	290.27	300.07	 0.00	294.98	0	54.00
2002	5	17	21.125	2693.8801	136.8802	16.8802	17.29	632693.27	206.56	 1.52	 2.71	 1.00	10.82	 2.04	331.58	289.38	296.66	 0.00	 0.00	0	54.00
2002	5	17	21.791	2693.9080	136.9080	16.9080	 3.80	 0.89	207.37	 1.61	 0.96	 1.00	10.97	 2.11	331.56	288.52	295.93	266.59	295.00	0	53.32
2002	5	17	22.456	2693.9355	136.9357	16.9356	 4.52	 1.62	206.12	 1.39	 3.37	 1.00	10.82	 2.02	331.68	287.73	294.14	266.12	 0.00	0	53.22
2002	5	17	23.119	2693.9634	136.9633	16.9633	 3.65	 0.41	211.30	 0.87	 0.90	 1.00	10.83	 2.25	331.51	287.08	296.32	 0.00	293.36	0	54.00
2002	5	17	23.783	2693.9910	136.9910	16.9909	 4.43	 1.02	206.59	 0.96	 0.46	 1.00	10.93	 2.11	331.56	286.45	292.33	265.30	289.60	0	53.06
2002	5	18	0.447	2694.0186	137.0186	17.0186	 6.27	 5.55	209.36	 0.84	 2.35	 0.99	10.85	 2.21	331.53	286.17	293.06	265.44	289.90	0	53.09
2002	5	18	1.110	2694.0461	137.0462	17.0462	 3.81	 0.60	209.16	 1.08	 0.88	 1.00	10.85	 2.20	331.50	285.84	293.06	265.07	290.49	0	53.01
2002	5	18	1.772	2694.0737	137.0738	17.0738	 5.06	 1.72	208.40	 0.86	 1.13	 1.00	10.85	 2.17	331.50	285.59	292.65	265.00	288.94	0	53.00
2002	5	18	2.434	2694.1013	137.1014	17.1014	 3.67	 0.44	204.47	 0.89	 0.23	 1.00	10.85	 2.08	331.49	285.31	290.45	264.51	289.57	0	52.90
2002	5	18	3.096	2694.1289	137.1290	17.1290	 3.26	 0.33	207.82	 1.04	 1.37	 1.00	10.85	 2.19	331.49	284.81	291.59	263.80	289.09	0	52.76
2002	5	18	3.759	2694.1565	137.1566	17.1566	 3.48	 0.49	206.61	 1.23	 1.50	 1.00	10.85	 2.22	331.42	284.23	290.91	263.08	288.44	0	52.62
2002	5	18	4.421	2694.1843	137.1842	17.1842	 3.24	 0.45	202.43	 1.43	 1.32	 1.00	10.82	 2.02	331.41	283.43	288.70	262.00	287.61	0	52.40
2002	5	24	7.046	2700.2935	143.2936	23.2936	 4.67	 1.06	202.20	 0.77	 1.13	 1.00	10.88	 1.83	331.23	304.76	292.30	266.91	296.01	0	53.38
2002	5	24	7.707	2700.3210	143.3211	23.3211	 4.62	 0.80	207.47	 0.63	 0.62	 1.00	10.85	 2.01	331.16	304.75	295.01	267.54	297.75	0	53.51
2002	5	24	8.369	2700.3486	143.3487	23.3487	 4.17	 0.65	203.92	 0.78	 0.27	 1.00	10.90	 1.90	331.16	304.77	294.19	266.78	296.67	0	53.36
2002	5	24	9.030	2700.3762	143.3763	23.3763	 3.75	 0.38	202.24	 0.70	 0.58	 1.00	10.83	 1.86	331.10	304.71	294.76	265.08	294.03	0	53.02
2002	5	24	9.694	2700.4038	143.4039	23.4039	 3.75	 0.52	202.66	 0.96	 0.98	 1.00	10.83	 1.92	331.07	304.70	293.87	263.86	293.63	0	52.77
2002	5	24	10.355	2700.4314	143.4315	23.4315	 4.34	 1.09	204.45	 1.12	 0.82	 1.00	10.85	 2.01	331.06	304.71	292.82	264.23	295.94	0	52.85
2002	5	24	11.017	2700.4590	143.4590	23.4591	 4.04	 0.68	201.60	 0.92	 0.94	 1.00	10.93	 1.82	331.04	304.73	291.50	264.44	294.23	0	52.89
2002	5	24	11.680	2700.4866	143.4866	23.4867	32.87	2370273244770.10	197.12	 0.94	 1.14	 1.00	10.85	 1.98	331.23	304.89	293.15	276.14	295.72	0	55.23
2002	5	24	12.341	2700.5142	143.5142	23.5142	20.54	13379112.18	194.41	 1.18	 0.79	 1.00	10.85	 1.89	331.41	304.99	296.51	280.50	297.31	0	56.10
2002	5	24	13.003	2700.5417	143.5418	23.5418	15.85	77811.84	197.90	 0.76	 2.33	 0.98	10.83	 1.96	331.44	304.96	299.51	282.21	300.12	0	56.44
2002	5	24	13.666	2700.5693	143.5694	23.5694	30.13	132104276077.67	198.96	 0.82	 1.83	 0.99	10.85	 1.98	331.75	304.98	304.48	278.72	300.14	0	55.74
2002	5	24	14.329	2700.5972	143.5970	23.5970	 4.18	 0.75	202.84	 0.90	 1.37	 1.00	10.98	 2.00	331.75	305.04	306.53	281.13	302.20	0	56.23
2002	5	24	15.658	2700.6523	143.6524	23.6524	 4.02	 0.66	206.39	 0.95	 0.84	 1.00	10.83	 2.02	332.48	305.05	310.78	279.65	308.02	0	55.93
2002	5	24	16.319	2700.6799	143.6800	23.6800	 3.30	 0.28	213.28	 0.88	 2.43	 0.99	10.87	 2.15	332.31	305.06	311.88	280.03	305.91	0	56.01
2002	5	24	16.981	2700.7075	143.7075	23.7075	 3.47	 0.40	209.66	 1.04	 0.65	 1.00	10.83	 1.94	332.30	304.91	312.75	279.32	308.31	0	55.86
2002	5	24	17.644	2700.7351	143.7352	23.7352	 3.20	 0.25	211.42	 0.87	 1.51	 1.00	10.82	 1.99	332.27	305.01	313.66	278.91	308.95	0	55.78
2002	5	24	18.305	2700.7627	143.7627	23.7627	 3.57	 0.38	217.56	 0.92	 0.34	 1.00	10.83	 2.24	332.52	305.16	314.35	278.54	310.73	0	55.71
2002	5	24	18.966	2700.7903	143.7902	23.7902	 3.77	 0.48	209.73	 0.91	 1.07	 1.00	10.85	 1.97	332.53	305.01	312.45	278.73	309.29	0	55.75
2002	5	24	19.631	2700.8179	143.8179	23.8179	 3.43	 0.35	204.77	 0.92	 0.81	 1.00	10.82	 1.81	332.48	304.98	311.90	278.06	309.90	0	55.61
2002	5	24	20.294	2700.8455	143.8456	23.8456	 3.88	 0.51	208.57	 0.84	 1.54	 1.00	10.87	 1.85	332.42	304.95	313.34	276.72	308.59	0	55.34
2002	5	25	17.428	2701.7261	144.7262	24.7262	 4.27	 0.79	210.60	 0.89	 1.37	 1.00	10.87	 2.13	332.64	298.11	308.46	 0.00	301.57	0	54.00
2002	5	25	18.091	2701.7539	144.7538	24.7538	 4.63	 1.05	204.50	 0.80	 0.73	 1.00	10.83	 1.94	332.57	298.69	307.20	276.14	306.98	0	55.23
2002	5	25	18.754	2701.7815	144.7814	24.7814	 3.80	 0.54	204.17	 0.95	 1.39	 1.00	10.82	 1.90	332.59	298.95	307.81	276.26	304.11	0	55.25
2002	5	25	19.419	2701.8091	144.8091	24.8091	 4.90	 1.57	206.20	 0.92	 1.40	 1.00	10.83	 1.96	332.42	298.59	308.38	273.96	303.86	0	54.79
2002	5	25	20.082	2701.8367	144.8367	24.8367	 4.21	 0.76	208.38	 0.91	 1.54	 1.00	10.85	 2.09	332.31	296.76	306.07	271.07	301.88	0	54.21
2002	5	25	20.747	2701.8645	144.8644	24.8644	 5.23	 1.65	205.35	 0.69	 1.57	 0.99	10.87	 2.03	332.28	295.00	303.12	 0.00	300.65	0	54.00
2002	5	25	21.411	2701.8921	144.8921	24.8921	 4.09	 0.70	208.82	 0.94	 1.62	 1.00	10.87	 2.10	332.21	293.43	302.62	269.74	297.00	0	53.95
2002	5	25	22.072	2701.9197	144.9197	24.9197	 3.10	 0.74	215.14	 2.89	 6.13	 1.00	10.83	 2.35	332.17	291.81	302.24	 0.00	 0.00	0	54.00
2002	5	25	22.735	2701.9473	144.9473	24.9473	 3.37	 0.43	208.64	 1.23	 1.07	 1.00	10.87	 2.10	332.15	290.64	297.87	267.53	 0.00	0	53.51
2002	5	25	23.398	2701.9749	144.9749	24.9749	 7.42	17.39	206.24	 0.81	 1.10	 1.00	10.83	 2.03	332.13	289.61	296.38	267.16	294.95	0	53.43
2002	5	26	0.061	2702.0024	145.0026	25.0026	 4.74	 1.42	207.48	 0.98	 0.51	 1.00	10.88	 2.15	332.14	288.90	295.69	266.30	294.14	0	53.26
2002	5	26	0.724	2702.0300	145.0302	25.0302	 4.60	 1.14	207.14	 0.90	 1.49	 1.00	10.83	 2.11	332.09	288.28	294.79	266.11	293.11	0	53.22
2002	5	26	1.388	2702.0579	145.0578	25.0578	 4.91	 1.33	204.19	 0.76	 0.47	 1.00	10.90	 2.05	332.09	287.64	293.42	265.07	291.21	0	53.01
2002	5	26	2.050	2702.0854	145.0854	25.0854	 4.76	 1.32	206.49	 0.89	 1.05	 1.00	10.82	 2.14	331.99	286.67	293.40	263.66	291.44	0	52.73
2002	5	26	2.714	2702.1130	145.1131	25.1131	 6.15	 6.73	208.51	 1.13	 1.20	 1.00	10.85	 2.14	332.00	285.66	292.33	264.41	290.07	0	52.88
2002	5	26	3.376	2702.1406	145.1407	25.1407	 4.92	 1.34	209.15	 0.78	 1.16	 1.00	10.85	 2.09	332.02	285.20	291.81	266.01	288.27	0	53.20
2002	5	26	4.040	2702.1682	145.1683	25.1683	23.96	252193377.06	208.32	 0.78	 0.19	 1.00	10.83	 2.13	332.04	285.29	290.58	266.48	289.96	0	53.30
2002	5	26	4.707	2702.1960	145.1961	25.1961	 5.20	 1.55	205.85	 0.67	 0.77	 1.00	10.85	 2.09	332.05	285.46	290.16	265.75	290.09	0	53.15
2002	5	26	5.371	2702.2239	145.2238	25.2238	 4.56	 1.17	205.71	 0.96	 1.30	 1.00	10.88	 2.08	332.05	285.47	290.09	265.80	289.08	0	53.16
2002	5	26	6.032	2702.2512	145.2513	25.2513	 4.24	 0.84	206.53	 0.96	 1.64	 1.00	10.85	 2.08	332.03	285.50	290.96	265.81	289.70	0	53.16
2002	5	26	6.694	2702.2791	145.2789	25.2789	 5.02	 1.28	206.03	 0.66	 0.26	 1.00	10.87	 2.10	332.04	285.51	290.55	265.80	288.71	0	53.16
2002	5	26	7.359	2702.3066	145.3066	25.3066	 4.72	 1.43	208.05	 1.02	 0.51	 1.00	10.87	 2.19	332.03	285.42	290.91	265.29	289.81	0	53.06
2002	5	26	8.021	2702.3342	145.3342	25.3342	 4.25	 0.85	205.75	 0.96	 0.84	 1.00	10.88	 2.10	332.02	285.33	290.06	265.71	288.12	0	53.14
2002	5	26	8.682	2702.3618	145.3618	25.3618	 4.34	 0.70	207.79	 0.73	 0.44	 1.00	10.83	 2.13	332.00	285.22	292.02	 0.00	289.27	0	54.00
2002	5	26	9.343	2702.3894	145.3893	25.3893	13.62	7778.13	207.07	 0.74	 0.52	 1.00	10.82	 2.10	332.02	285.08	291.42	265.29	289.08	0	53.06
2002	5	26	10.035	2702.4182	145.4181	25.4181	 4.68	 1.23	207.21	 0.90	 1.41	 1.00	10.87	 2.18	332.04	284.84	290.99	264.09	290.77	0	52.82
2002	5	26	10.699	2702.4458	145.4458	25.4458	 4.65	 0.87	204.77	 0.65	 1.57	 0.99	10.83	 2.10	331.98	284.63	289.64	 0.00	289.13	0	54.00
2002	5	26	11.362	2702.4734	145.4734	25.4734	 4.66	 1.11	206.83	 0.83	 0.47	 1.00	10.85	 2.17	331.96	284.44	289.64	264.22	288.87	0	52.84
2002	5	26	12.024	2702.5010	145.5010	25.5010	 3.96	 0.72	204.55	 1.08	 2.07	 1.00	10.85	 2.07	332.03	284.69	289.97	265.98	289.02	0	53.20
2002	5	26	12.687	2702.5286	145.5286	25.5286	 7.74	26.66	207.89	 0.91	 0.61	 1.00	10.83	 2.28	332.05	285.00	291.63	266.48	287.32	0	53.30
2002	5	26	13.350	2702.5562	145.5562	25.5562	 4.50	 1.09	206.92	 0.95	 0.32	 1.00	10.85	 2.24	332.03	285.41	291.54	266.15	289.79	0	53.23
2002	5	26	14.011	2702.5837	145.5838	25.5838	 6.40	 7.17	206.95	 0.93	 1.32	 1.00	10.85	 2.26	332.04	285.74	291.38	266.44	290.11	0	53.29
2002	5	26	14.676	2702.6116	145.6115	25.6115	 5.42	 2.39	201.45	 0.81	 2.47	 0.99	10.97	 2.06	332.26	286.20	290.29	267.55	289.87	0	53.51
2002	5	26	15.339	2702.6392	145.6391	25.6391	 4.27	 1.19	202.48	 1.30	 1.68	 1.00	10.87	 2.11	332.07	286.57	291.17	267.12	290.26	0	53.42
2002	5	26	16.001	2702.6667	145.6667	25.6667	23.80	282642016.91	203.02	 1.00	 2.33	 1.00	10.83	 2.08	332.07	286.89	291.57	267.79	289.51	0	53.56
2002	5	26	16.663	2702.6943	145.6943	25.6943	 4.51	 1.34	199.42	 1.13	 0.45	 1.00	10.82	 2.02	332.16	287.51	291.32	268.85	290.00	0	53.77
2002	5	26	17.989	2702.7495	145.7495	25.7495	23.20	120400440.82	206.55	 0.79	 0.56	 1.00	10.85	 2.19	332.17	288.77	295.41	268.19	293.08	0	53.64
2002	5	26	18.652	2702.7771	145.7771	25.7772	 3.49	 0.34	207.39	 0.84	 0.92	 1.00	10.85	 2.12	332.11	288.38	293.92	266.33	291.31	0	53.27
2002	5	26	19.314	2702.8047	145.8048	25.8048	 3.68	 0.45	209.00	 0.94	 4.57	 0.97	10.87	 2.10	332.11	288.18	293.32	267.71	292.05	0	53.54
2002	5	26	19.977	2702.8323	145.8324	25.8324	 3.85	 0.53	209.71	 0.92	 8.01	 0.89	10.85	 2.09	332.08	287.92	293.90	266.83	292.44	0	53.37
2002	5	26	20.639	2702.8599	145.8600	25.8600	 3.74	 0.51	209.34	 1.00	 4.15	 0.98	10.85	 2.13	332.06	287.39	293.10	 0.00	290.31	0	54.00
2002	5	26	21.301	2702.8875	145.8876	25.8876	 4.13	 0.61	208.42	 0.78	 8.71	 0.77	10.83	 2.14	332.02	286.70	292.37	 0.00	290.79	0	54.00
2002	5	26	21.963	2702.9150	145.9151	25.9151	 4.47	 1.08	205.55	 0.97	 6.07	 0.95	10.83	 2.09	332.00	285.98	289.51	263.77	290.01	0	52.75
2002	5	26	22.626	2702.9426	145.9427	25.9427	 3.99	 0.67	207.18	 1.00	 5.21	 0.97	10.85	 2.04	331.97	285.32	291.25	263.44	288.18	0	52.69
2002	5	26	23.288	2702.9702	145.9703	25.9703	 3.46	 0.35	208.85	 0.91	 4.21	 0.97	10.85	 2.14	331.98	284.79	290.10	263.44	288.51	0	52.69
2002	5	26	23.948	2702.9978	145.9978	25.9978	 3.92	 0.47	207.71	 0.75	 2.62	 0.97	10.85	 2.14	331.95	284.46	289.10	263.48	288.06	0	52.70
2002	5	27	0.610	2703.0254	146.0254	26.0254	 3.98	 0.69	208.04	 1.03	 2.98	 0.99	10.85	 2.13	331.95	284.14	288.87	263.52	287.77	0	52.70
# Unit 3, Chajnantor2, Filter  0,  Slot 1, 350 um (616) & yellow
#				days
#				since		day of	day of
# yr	mo	dy	 time	1/1/1995	year	month	Tau	unc	Tatm	unc	mse	fitgood	Etime	R	Thot	Twarm	Tchop	Tamb	<Tint>	Filter	Toff
# 1	2	3	4	5		6	7	8	9	10	11	12	13	14	15	16	17	18	19	20	21	22
