2001	3	15	0.576	2265.0239	73.0240	14.0240	 5.13	 2.01	235.98	 1.07	 0.76	 1.00	10.67	 1.45	333.88	298.43	307.05	296.44	300.82	0	59.29
2001	3	15	0.793	2265.0330	73.0331	14.0331	23.38	153930306.94	234.60	 0.96	 1.85	 1.00	10.67	 1.54	336.25	298.98	307.27	296.43	301.55	0	59.29
2001	3	15	1.011	2265.0420	73.0421	14.0421	16.51	135450.26	233.95	 0.81	 1.39	 1.00	10.67	 1.51	336.38	299.46	307.59	296.44	302.34	0	59.29
2001	3	15	1.228	2265.0513	73.0512	14.0512	 5.44	 2.31	234.39	 0.89	 1.41	 1.00	10.67	 1.53	336.39	299.87	308.43	296.42	302.93	0	59.28
2001	3	15	18.018	2265.7507	73.7507	14.7507	20.67	9966246.90	233.76	 0.93	 3.81	 0.98	10.67	 1.47	334.62	296.76	303.28	295.36	298.38	0	59.07
2001	3	15	18.235	2265.7598	73.7598	14.7598	16.48	130305.37	236.80	 0.81	 0.44	 1.00	10.67	 1.68	336.38	297.50	306.16	295.55	299.55	0	59.11
2001	3	15	18.452	2265.7688	73.7688	14.7688	23.05	95368095.85	235.12	 0.83	 0.28	 1.00	10.65	 1.64	336.44	298.11	306.02	295.66	300.75	0	59.13
2001	3	15	18.669	2265.7778	73.7779	14.7779	16.86	202651.62	235.02	 0.86	 1.16	 1.00	10.65	 1.61	336.43	298.61	307.28	295.79	301.48	0	59.16
2001	3	15	18.886	2265.7869	73.7869	14.7869	27.30	5974972760.51	235.54	 0.74	 1.65	 0.99	10.67	 1.54	336.53	299.05	308.59	295.87	302.03	0	59.17
2001	3	15	19.103	2265.7959	73.7960	14.7959	 7.98	31.95	236.26	 0.97	 0.93	 1.00	10.67	 1.60	336.49	299.48	309.93	295.94	302.50	0	59.19
2001	3	15	19.340	2265.8059	73.8058	14.8058	 5.44	 2.50	236.67	 0.97	 2.39	 0.99	10.75	 1.60	336.48	299.85	310.96	296.11	302.98	0	59.22
2001	3	15	19.558	2265.8149	73.8149	14.8149	74.20	 1.00	236.81	 0.00	 1.95	 0.00	10.67	 1.65	336.55	300.18	310.54	296.26	303.38	0	59.25
2001	3	15	19.775	2265.8240	73.8240	14.8240	22.33	52430564.86	235.27	 0.93	 2.25	 0.99	10.67	 1.56	336.50	300.47	311.34	296.37	303.70	0	59.27
2001	3	15	19.992	2265.8330	73.8330	14.8330	17.19	227722.52	235.80	 0.70	 1.44	 0.99	10.65	 1.61	336.53	300.71	311.35	296.41	303.98	0	59.28
2001	3	15	20.209	2265.8420	73.8420	14.8420	20.54	5939701.74	235.91	 0.64	 0.72	 1.00	10.67	 1.59	336.50	300.92	311.74	296.51	304.21	0	59.30
2001	3	15	20.426	2265.8511	73.8511	14.8511	58.87	 1.00	233.14	 0.00	 2.84	 0.00	10.67	 1.60	336.53	301.11	310.38	296.61	304.41	0	59.32
2001	3	15	20.643	2265.8601	73.8601	14.8601	30.95	256810289206.95	236.55	 0.83	 0.29	 1.00	10.65	 1.60	336.45	301.28	313.87	296.71	304.62	0	59.34
2001	3	15	20.860	2265.8691	73.8692	14.8692	25.09	659896387.26	235.06	 0.75	 0.83	 1.00	10.65	 1.55	336.52	301.44	312.79	296.82	304.74	0	59.36
2001	3	15	21.077	2265.8782	73.8782	14.8782	28.36	15028791997.19	234.89	 0.64	 1.25	 0.99	10.65	 1.56	336.48	301.58	312.72	296.93	304.87	0	59.39
2001	3	15	21.314	2265.8882	73.8881	14.8881	16.94	237981.17	234.41	 0.92	 2.50	 0.99	10.75	 1.49	336.49	301.71	313.55	297.00	304.93	0	59.40
2001	3	15	21.532	2265.8972	73.8972	14.8972	 6.27	 5.41	235.05	 0.91	 1.37	 1.00	10.67	 1.56	336.50	301.81	311.70	297.13	305.13	0	59.43
2001	3	16	19.983	2266.8325	74.8326	15.8326	17.12	235526.42	235.97	 0.77	 2.22	 0.99	10.65	 1.58	336.48	300.52	311.96	297.04	303.60	0	59.41
2001	3	16	20.200	2266.8416	74.8417	15.8417	36.79	 1.00	234.17	 0.00	 0.72	 0.00	10.65	 1.55	336.56	300.82	310.96	297.04	303.58	0	59.41
2001	3	16	20.417	2266.8506	74.8507	15.8507	21.79	22435877.99	234.95	 0.68	 2.30	 0.98	10.65	 1.55	336.56	301.06	311.60	297.03	304.37	0	59.41
2001	3	16	20.634	2266.8596	74.8597	15.8597	18.18	613690.04	235.87	 0.69	 1.40	 0.99	10.65	 1.59	336.59	301.26	311.86	297.03	304.59	0	59.41
2001	3	16	20.851	2266.8687	74.8688	15.8688	17.66	385521.40	235.73	 0.74	 1.23	 1.00	10.67	 1.61	336.60	301.44	311.85	297.02	304.83	0	59.40
2001	3	16	21.068	2266.8779	74.8778	15.8778	29.79	70468781927.78	236.36	 0.72	 1.79	 0.99	10.65	 1.62	336.56	301.59	312.20	297.02	304.92	0	59.40
2001	3	16	21.305	2266.8877	74.8877	15.8877	 4.22	 0.68	234.77	 0.91	 0.66	 1.00	10.75	 1.55	336.58	301.73	311.44	297.01	305.01	0	59.40
2001	3	16	21.523	2266.8967	74.8968	15.8968	16.40	115374.06	235.08	 0.77	 1.01	 1.00	10.65	 1.52	336.59	301.84	312.64	297.00	305.23	0	59.40
2001	3	16	21.740	2266.9058	74.9058	15.9058	34.61	 1.00	236.70	 0.00	 0.56	 0.00	10.65	 1.61	336.58	301.93	312.93	297.00	305.29	0	59.40
2001	3	16	21.957	2266.9148	74.9149	15.9149	17.18	341110.72	233.66	 1.04	 2.11	 1.00	10.65	 1.42	336.60	302.02	312.55	297.00	305.38	0	59.40
2001	3	16	22.174	2266.9238	74.9239	15.9239	16.42	152657.74	231.70	 0.99	 0.73	 1.00	10.65	 1.44	336.59	302.09	311.01	296.99	305.41	0	59.40
2001	3	16	22.390	2266.9329	74.9329	15.9329	 4.69	 1.37	233.19	 1.12	 2.95	 0.99	10.65	 1.45	336.61	302.15	312.14	297.00	305.47	0	59.40
2001	3	16	22.607	2266.9419	74.9420	15.9420	 6.88	 7.42	234.33	 0.68	 2.16	 0.98	10.65	 1.49	336.59	302.19	313.04	297.00	305.57	0	59.40
2001	3	16	22.824	2266.9509	74.9510	15.9510	23.74	190370363.37	234.16	 0.83	 1.81	 0.99	10.67	 1.53	336.60	302.23	312.98	296.99	305.58	0	59.40
2001	3	16	23.041	2266.9600	74.9601	15.9601	 4.53	 0.65	235.86	 0.64	 0.61	 1.00	10.65	 1.58	336.60	302.27	313.07	296.99	305.52	0	59.40
2001	3	16	23.278	2266.9700	74.9699	15.9699	16.65	223370.70	233.81	 1.16	 1.71	 1.00	10.75	 1.53	336.62	302.30	313.14	296.98	305.52	0	59.40
2001	3	16	23.496	2266.9790	74.9790	15.9790	26.57	2844453697.50	233.69	 0.72	 1.19	 1.00	10.65	 1.54	336.62	302.34	312.45	296.99	305.65	0	59.40
2001	3	16	23.713	2266.9880	74.9881	15.9881	23.82	213744220.92	234.18	 0.85	 3.11	 0.98	10.67	 1.51	336.65	302.35	313.84	296.98	305.65	0	59.40
2001	3	16	23.930	2266.9971	74.9971	15.9971	 5.02	 1.05	234.79	 0.62	 1.38	 0.99	10.65	 1.54	336.63	302.36	313.74	296.98	305.57	0	59.40
2001	3	17	0.147	2267.0061	75.0061	16.0061	21.04	9800873.85	232.69	 0.63	 1.94	 0.98	10.65	 1.44	336.60	302.37	312.83	296.98	305.59	0	59.40
2001	3	17	0.364	2267.0151	75.0152	16.0152	17.22	202987.80	234.94	 0.60	 1.62	 0.98	10.65	 1.57	336.62	302.38	313.90	296.99	305.62	0	59.40
2001	3	17	0.581	2267.0242	75.0242	16.0242	 5.04	 1.68	234.66	 0.97	 0.90	 1.00	10.65	 1.57	336.65	302.37	312.31	296.99	305.56	0	59.40
2001	3	17	0.798	2267.0332	75.0332	16.0333	35.66	 1.00	236.96	 0.00	 1.38	 0.00	10.65	 1.61	336.67	302.36	314.17	296.98	305.58	0	59.40
2001	3	17	1.015	2267.0422	75.0423	16.0423	16.79	148614.88	234.36	 0.67	 0.93	 1.00	10.65	 1.58	336.67	302.34	312.45	296.97	305.59	0	59.39
2001	3	17	1.252	2267.0522	75.0522	16.0522	 5.74	 2.99	233.30	 0.85	 0.95	 1.00	10.75	 1.49	336.64	302.33	312.39	296.97	305.58	0	59.39
2001	3	17	1.470	2267.0613	75.0612	16.0613	 5.51	 1.84	233.60	 0.66	 1.44	 0.99	10.65	 1.54	336.64	302.33	312.30	296.97	305.57	0	59.39
2001	3	17	1.687	2267.0703	75.0703	16.0703	 4.99	 1.24	232.22	 0.75	 0.81	 1.00	10.63	 1.45	336.67	302.34	312.44	296.97	305.59	0	59.39
2001	3	17	1.904	2267.0793	75.0793	16.0793	 4.58	 0.91	233.95	 0.83	 2.99	 0.98	10.67	 1.52	336.64	302.34	312.27	296.98	305.58	0	59.40
2001	3	17	2.121	2267.0884	75.0884	16.0884	 5.23	 1.97	235.72	 0.95	 1.70	 1.00	10.65	 1.54	336.63	302.33	313.70	296.97	305.54	0	59.39
2001	3	17	2.338	2267.0974	75.0974	16.0974	 7.23	 7.56	235.30	 0.49	 0.79	 0.99	10.65	 1.59	336.62	302.32	313.21	296.97	305.56	0	59.39
2001	3	17	2.555	2267.1064	75.1064	16.1064	26.56	3934235339.12	234.64	 1.02	 2.98	 0.99	10.65	 1.54	336.63	302.31	312.48	296.97	305.52	0	59.39
2001	3	17	2.772	2267.1155	75.1155	16.1155	 9.99	202.92	233.81	 0.82	 0.89	 1.00	10.65	 1.54	336.66	302.29	313.16	296.97	305.54	0	59.39
2001	3	17	2.989	2267.1245	75.1245	16.1245	21.96	30143820.26	233.36	 0.77	 0.52	 1.00	10.65	 1.57	336.66	302.26	312.15	296.99	305.52	0	59.40
2001	3	17	3.226	2267.1343	75.1344	16.1344	 6.74	 6.00	235.31	 0.63	 1.96	 0.98	10.73	 1.58	336.64	302.23	313.80	296.99	305.51	0	59.40
2001	3	17	3.443	2267.1436	75.1435	16.1435	 5.78	 3.53	233.01	 0.97	 2.20	 1.00	10.67	 1.44	336.64	302.20	312.85	296.99	305.54	0	59.40
2001	3	17	3.660	2267.1526	75.1525	16.1525	20.93	10194073.45	236.07	 0.74	 1.57	 0.99	10.65	 1.59	336.62	302.19	313.63	297.00	305.51	0	59.40
2001	3	17	3.877	2267.1616	75.1616	16.1616	17.01	275094.93	233.88	 1.00	 1.88	 1.00	10.65	 1.49	336.63	302.17	313.03	297.00	305.47	0	59.40
2001	3	17	4.094	2267.1707	75.1706	16.1706	30.14	91055846840.89	236.26	 0.66	 3.34	 0.94	10.65	 1.62	336.65	302.15	313.60	297.00	305.48	0	59.40
2001	3	17	4.311	2267.1797	75.1796	16.1796	17.16	310793.27	232.59	 0.96	 0.66	 1.00	10.65	 1.49	336.63	302.14	312.65	297.00	305.47	0	59.40
2001	3	17	4.528	2267.1887	75.1887	16.1887	 5.64	 2.49	235.53	 0.80	 0.77	 1.00	10.65	 1.61	336.62	302.11	313.57	297.01	305.43	0	59.40
2001	3	17	4.745	2267.1978	75.1977	16.1977	17.08	235029.34	234.25	 0.80	 1.55	 1.00	10.65	 1.58	336.62	302.09	312.24	297.02	305.41	0	59.40
2001	3	17	4.962	2267.2068	75.2067	16.2067	20.65	9615555.79	236.55	 0.93	 1.43	 1.00	10.65	 1.61	336.65	302.08	314.43	297.03	306.01	0	59.41
2001	3	17	5.199	2267.2166	75.2166	16.2166	 5.12	 1.37	235.69	 0.73	 0.59	 1.00	10.75	 1.59	336.68	302.07	312.78	297.05	305.35	0	59.41
2001	3	17	5.417	2267.2256	75.2257	16.2257	33.23	 1.00	233.32	 0.00	 2.62	 0.00	10.65	 1.52	336.66	302.05	312.32	297.05	305.40	0	59.41
2001	3	17	5.634	2267.2349	75.2347	16.2347	 5.28	 1.83	234.35	 0.83	 1.98	 0.99	10.65	 1.47	336.67	302.04	313.49	297.05	305.37	0	59.41
2001	3	17	5.851	2267.2439	75.2438	16.2438	 4.44	 0.94	232.40	 0.99	 2.52	 0.99	10.65	 1.43	336.69	302.03	312.56	297.05	305.39	0	59.41
2001	3	17	6.068	2267.2529	75.2528	16.2528	 5.91	 2.73	234.84	 0.66	 1.19	 0.99	10.65	 1.59	336.67	302.02	313.77	297.05	305.31	0	59.41
2001	3	17	6.285	2267.2620	75.2619	16.2619	 7.10	 9.68	234.86	 0.71	 1.58	 0.99	10.67	 1.58	336.64	302.00	312.32	297.05	305.32	0	59.41
2001	3	17	6.502	2267.2710	75.2709	16.2709	 7.21	11.44	234.23	 0.75	 1.16	 1.00	10.63	 1.52	336.67	301.99	313.03	297.04	305.28	0	59.41
2001	3	17	6.719	2267.2800	75.2799	16.2799	14.13	13021.18	235.87	 0.84	 0.72	 1.00	10.65	 1.57	336.63	301.97	314.19	297.05	305.32	0	59.41
2001	3	17	6.936	2267.2891	75.2890	16.2890	36.41	 1.00	233.06	 0.00	 1.25	 0.00	10.65	 1.52	336.65	301.96	312.17	297.04	305.32	0	59.41
2001	3	17	7.173	2267.2988	75.2989	16.2989	28.79	30085685657.64	233.99	 0.83	 1.36	 1.00	10.73	 1.55	336.67	301.94	312.51	297.05	305.27	0	59.41
2001	3	17	7.391	2267.3079	75.3079	16.3079	 6.36	 5.46	231.84	 0.83	 0.83	 1.00	10.65	 1.41	336.60	301.93	312.91	297.05	305.32	0	59.41
2001	3	17	7.608	2267.3169	75.3170	16.3170	17.23	280955.00	232.13	 0.81	 1.40	 1.00	10.65	 1.46	336.65	301.92	312.49	297.00	305.28	0	59.40
2001	3	17	7.824	2267.3259	75.3260	16.3260	 5.35	 2.17	234.34	 0.92	 1.19	 1.00	10.65	 1.57	336.62	301.92	313.14	296.90	305.27	0	59.38
2001	3	17	8.042	2267.3350	75.3351	16.3351	 5.76	 2.16	234.90	 0.61	 1.01	 0.99	10.67	 1.58	336.64	301.92	313.27	296.87	305.29	0	59.37
2001	3	17	8.258	2267.3440	75.3441	16.3441	16.82	177466.05	234.12	 0.78	 0.45	 1.00	10.67	 1.51	336.61	301.91	313.31	296.87	305.25	0	59.37
2001	3	17	8.693	2267.3623	75.3622	16.3622	 5.42	 2.75	236.37	 1.10	 0.63	 1.00	10.65	 1.66	336.63	301.91	313.78	296.80	305.22	0	59.36
2001	3	17	8.909	2267.3713	75.3712	16.3712	19.33	2212735.84	233.59	 0.79	 1.14	 1.00	10.65	 1.51	336.62	301.90	312.64	296.74	305.26	0	59.35
2001	3	17	9.147	2267.3811	75.3811	16.3811	 4.68	 1.11	235.58	 0.93	 2.34	 0.99	10.73	 1.52	336.65	301.88	313.62	296.72	305.12	0	59.34
2001	3	17	9.364	2267.3901	75.3902	16.3902	 7.53	18.71	234.23	 0.89	 3.01	 0.99	10.65	 1.50	336.63	301.87	313.31	296.71	305.18	0	59.34
2001	3	17	9.581	2267.3992	75.3992	16.3992	 4.50	 0.74	235.03	 0.73	 2.91	 0.97	10.65	 1.48	336.61	301.87	314.08	296.71	305.16	0	59.34
2001	3	17	9.798	2267.4082	75.4082	16.4083	 6.10	 3.95	232.57	 0.78	 1.54	 0.99	10.65	 1.42	336.62	301.86	312.48	296.71	305.13	0	59.34
2001	3	17	10.015	2267.4172	75.4173	16.4173	 4.56	 0.85	234.43	 0.80	 1.11	 1.00	10.65	 1.45	336.60	301.84	313.85	296.70	305.10	0	59.34
2001	3	17	10.232	2267.4263	75.4263	16.4263	 4.86	 1.25	234.44	 0.87	 1.88	 0.99	10.65	 1.48	336.61	301.82	312.88	296.69	305.10	0	59.34
2001	3	17	10.449	2267.4353	75.4354	16.4354	22.91	99424575.51	233.12	 0.99	 2.01	 1.00	10.65	 1.42	336.61	301.81	312.56	296.74	305.07	0	59.35
2001	3	17	10.666	2267.4443	75.4444	16.4444	34.12	 1.00	233.68	 0.00	 0.86	 0.00	10.63	 1.46	336.61	301.80	313.12	296.68	305.08	0	59.34
2001	3	17	10.882	2267.4534	75.4534	16.4534	20.88	8790530.15	233.24	 0.66	 1.24	 0.99	10.65	 1.48	336.59	301.79	312.99	296.66	305.04	0	59.33
2001	3	17	11.120	2267.4634	75.4633	16.4633	 4.99	 1.28	234.77	 0.78	 4.07	 0.95	10.75	 1.51	336.65	301.76	312.80	296.71	305.00	0	59.34
2001	3	17	11.337	2267.4724	75.4724	16.4724	 5.18	 1.92	237.34	 0.98	 2.32	 0.99	10.65	 1.44	336.63	301.75	315.01	296.61	305.04	0	59.32
2001	3	17	11.771	2267.4905	75.4905	16.4905	16.81	205826.22	232.82	 0.91	 4.22	 0.97	10.67	 1.42	336.64	301.73	313.13	296.62	304.97	0	59.32
2001	3	17	12.205	2267.5085	75.5085	16.5085	 7.85	23.86	234.98	 0.83	 1.23	 1.00	10.67	 1.41	336.62	301.69	314.25	296.62	304.92	0	59.32
2001	3	17	12.422	2267.5176	75.5176	16.5176	18.03	819411.64	234.98	 1.07	 3.14	 0.99	10.65	 1.45	336.64	301.67	313.73	296.59	304.88	0	59.32
2001	3	17	12.639	2267.5266	75.5266	16.5266	17.17	300440.31	234.48	 0.93	 1.89	 1.00	10.65	 1.48	336.66	301.65	313.63	296.61	304.88	0	59.32
2001	3	17	13.093	2267.5457	75.5455	16.5455	16.84	212414.10	236.00	 0.92	 1.52	 1.00	10.73	 1.47	336.65	301.61	314.16	296.58	304.80	0	59.32
2001	3	17	14.179	2267.5908	75.5908	16.5908	47.45	 1.00	234.76	 0.00	 1.87	 0.00	10.65	 1.43	336.67	301.53	312.70	296.47	304.59	0	59.29
2001	3	18	4.001	2268.1667	76.1667	17.1667	 6.43	 4.52	234.53	 0.65	 2.52	 0.96	10.65	 1.48	336.70	302.01	312.89	297.03	305.26	0	59.41
2001	3	18	4.218	2268.1758	76.1758	17.1758	36.34	 1.00	234.74	 0.00	 0.54	 0.00	10.65	 1.55	336.70	301.99	313.12	296.99	305.23	0	59.40
2001	3	18	4.435	2268.1848	76.1848	17.1848	23.16	75835910.59	235.52	 0.59	 2.59	 0.94	10.65	 1.57	336.67	301.98	313.30	296.99	305.23	0	59.40
2001	3	18	4.652	2268.1938	76.1938	17.1938	29.53	59940991638.00	235.54	 0.80	 2.35	 0.99	10.67	 1.50	336.70	301.96	314.03	296.89	305.24	0	59.38
2001	3	18	4.889	2268.2036	76.2037	17.2037	 4.97	 1.00	233.85	 0.62	 2.52	 0.95	10.73	 1.49	336.70	301.94	311.23	296.84	305.19	0	59.37
2001	3	18	5.107	2268.2129	76.2128	17.2128	 6.27	 4.99	234.00	 0.83	 0.35	 1.00	10.67	 1.49	336.67	301.93	312.44	296.85	305.23	0	59.37
2001	3	18	5.541	2268.2310	76.2309	17.2309	 6.96	 8.63	233.51	 0.72	 1.79	 0.99	10.65	 1.55	336.69	301.91	312.32	296.75	305.25	0	59.35
2001	3	18	5.758	2268.2400	76.2399	17.2399	33.16	 1.00	235.36	 0.00	 2.24	 0.00	10.65	 1.56	336.68	301.90	313.48	296.69	305.83	0	59.34
2001	3	18	5.975	2268.2490	76.2490	17.2490	21.26	19256963.20	234.57	 1.00	 0.69	 1.00	10.65	 1.52	336.69	301.88	312.62	296.71	305.18	0	59.34
2001	3	18	6.192	2268.2581	76.2580	17.2580	 7.56	19.41	234.84	 0.90	 2.20	 0.99	10.65	 1.55	336.68	301.87	312.78	296.69	305.15	0	59.34
2001	3	18	6.409	2268.2671	76.2671	17.2670	 6.27	 4.07	235.21	 0.69	 0.35	 1.00	10.65	 1.59	336.69	301.86	312.46	296.66	305.15	0	59.33
2001	3	18	6.626	2268.2761	76.2761	17.2761	30.06	127707352106.95	235.77	 1.01	 2.18	 1.00	10.67	 1.56	336.65	301.85	313.60	296.66	305.10	0	59.33
2001	3	18	6.863	2268.2859	76.2860	17.2860	16.61	153994.94	235.08	 0.83	 0.26	 1.00	10.75	 1.54	336.71	301.83	312.88	296.66	305.06	0	59.33
2001	3	18	7.081	2268.2952	76.2950	17.2950	 5.83	 4.15	233.85	 1.08	 4.43	 0.99	10.65	 1.43	336.67	301.82	313.12	296.66	305.10	0	59.33
2001	3	18	7.949	2268.3313	76.3312	17.3312	27.89	10662075851.12	236.35	 0.73	 1.61	 0.99	10.65	 1.57	336.65	301.76	313.17	296.55	304.99	0	59.31
2001	3	18	15.186	2268.6328	76.6328	17.6328	17.45	398526.27	232.87	 0.92	 1.09	 1.00	10.65	 1.51	336.66	301.10	311.34	296.21	304.25	0	59.24
2001	3	18	15.403	2268.6418	76.6418	17.6418	 5.89	 3.00	235.33	 0.74	 2.26	 0.98	10.65	 1.43	336.66	301.13	311.51	296.18	304.30	0	59.24
2001	3	18	17.377	2268.7241	76.7240	17.7240	 4.83	 1.56	233.58	 1.11	 0.64	 1.00	10.67	 1.51	336.65	301.13	311.43	296.05	304.21	0	59.21
2001	3	18	17.594	2268.7332	76.7331	17.7331	 7.01	10.49	234.88	 0.85	 1.78	 0.99	10.65	 1.45	336.66	301.20	312.68	296.08	304.24	0	59.22
2001	3	18	19.568	2268.8154	76.8153	17.8153	 5.07	 1.11	234.97	 0.62	 1.63	 0.98	10.67	 1.47	336.69	301.91	312.66	297.00	305.18	0	59.40
2001	3	18	20.002	2268.8335	76.8334	17.8334	20.40	7552926.26	235.58	 0.93	 1.02	 1.00	10.65	 1.55	336.66	302.05	313.05	296.98	305.29	0	59.40
2001	3	18	20.219	2268.8425	76.8424	17.8424	20.46	8693146.38	233.70	 1.00	 1.91	 1.00	10.65	 1.50	336.68	302.11	312.63	296.97	305.41	0	59.39
2001	3	18	20.436	2268.8516	76.8515	17.8515	16.75	158349.38	235.74	 0.75	 0.77	 1.00	10.67	 1.55	336.66	302.18	312.73	296.97	305.46	0	59.39
2001	3	18	20.673	2268.8613	76.8614	17.8614	33.88	 1.00	234.08	 0.00	 1.70	 0.00	10.73	 1.45	336.66	302.23	312.52	296.97	305.51	0	59.39
2001	3	18	20.891	2268.8704	76.8704	17.8704	24.84	584527444.50	235.97	 0.85	 1.50	 1.00	10.65	 1.52	336.68	302.28	313.85	296.97	305.55	0	59.39
2001	3	18	21.108	2268.8794	76.8795	17.8795	21.02	14217032.86	234.96	 0.93	 1.60	 1.00	10.65	 1.59	336.66	302.32	312.45	296.96	305.59	0	59.39
2001	3	18	21.324	2268.8884	76.8885	17.8885	 4.82	 0.88	235.71	 0.64	 1.62	 0.98	10.67	 1.45	336.68	302.36	313.74	297.11	305.56	0	59.42
2001	3	18	21.542	2268.8975	76.8976	17.8976	32.41	1238057834988.55	234.66	 0.93	 1.71	 1.00	10.65	 1.41	336.68	302.40	313.27	297.10	305.59	0	59.42
2001	3	18	21.759	2268.9065	76.9066	17.9066	 6.37	 5.69	234.56	 0.87	 3.26	 0.98	10.65	 1.45	336.70	302.42	312.62	297.00	305.61	0	59.40
2001	3	18	21.976	2268.9155	76.9156	17.9156	 5.33	 2.33	236.11	 1.01	 1.62	 1.00	10.65	 1.50	336.72	302.41	313.85	296.97	305.61	0	59.39
2001	3	18	22.192	2268.9248	76.9247	17.9247	32.10	836449672867.81	238.00	 0.86	 0.58	 1.00	10.65	 1.66	336.69	302.41	314.08	296.97	305.58	0	59.39
2001	3	18	22.409	2268.9338	76.9337	17.9337	52.06	 1.00	234.15	 0.00	 1.53	 0.00	10.65	 1.52	336.68	302.39	312.26	296.97	305.59	0	59.39
2001	3	18	22.864	2268.9526	76.9527	17.9527	 4.69	 0.79	235.33	 0.65	 0.96	 1.00	10.65	 1.45	336.70	302.37	313.32	296.98	305.55	0	59.40
2001	3	18	23.081	2268.9617	76.9617	17.9617	 4.21	 0.62	236.57	 0.84	 1.93	 0.99	10.65	 1.57	336.66	302.38	313.62	296.96	305.55	0	59.39
2001	3	18	23.298	2268.9707	76.9708	17.9708	16.93	226550.20	232.77	 0.89	 3.87	 0.98	10.65	 1.49	336.68	302.40	312.56	296.96	305.58	0	59.39
2001	3	18	23.515	2268.9797	76.9798	17.9798	22.10	39383682.32	234.91	 0.89	 1.04	 1.00	10.65	 1.59	336.69	302.41	313.87	297.08	305.57	0	59.42
2001	3	18	23.732	2268.9888	76.9888	17.9888	 6.60	 8.03	235.10	 0.97	 2.48	 0.99	10.65	 1.55	336.70	302.42	313.75	297.06	305.61	0	59.41
2001	3	18	23.949	2268.9978	76.9979	17.9979	 6.28	 4.08	234.79	 0.68	 1.49	 0.99	10.65	 1.54	336.71	302.43	313.36	297.07	305.60	0	59.41
2001	3	19	0.166	2269.0068	77.0069	18.0069	 4.73	 1.19	235.14	 0.95	 0.99	 1.00	10.67	 1.52	336.74	302.43	314.02	297.06	305.61	0	59.41
2001	3	19	0.383	2269.0159	77.0160	18.0160	16.93	241946.23	234.65	 0.95	 1.47	 1.00	10.65	 1.58	336.75	302.43	313.43	297.01	305.61	0	59.40
2001	3	19	0.621	2269.0259	77.0259	18.0259	 5.92	 3.28	235.49	 0.78	 1.05	 1.00	10.75	 1.64	336.77	302.48	313.66	297.09	306.21	0	59.42
2001	3	19	0.838	2269.0349	77.0349	18.0349	 4.82	 1.12	233.65	 0.81	 1.74	 0.99	10.65	 1.51	336.71	302.40	312.85	297.12	305.67	0	59.42
2001	3	19	1.055	2269.0439	77.0440	18.0440	16.87	236007.11	233.08	 0.98	 2.26	 1.00	10.65	 1.44	336.72	302.41	312.55	297.04	306.26	0	59.41
2001	3	19	1.272	2269.0530	77.0530	18.0530	20.21	6048565.72	233.18	 0.89	 2.81	 0.99	10.65	 1.42	336.71	302.42	313.01	297.10	305.62	0	59.42
2001	3	19	1.923	2269.0801	77.0801	18.0801	 4.89	 1.09	236.62	 0.74	 5.02	 0.90	10.67	 1.41	336.70	302.41	314.77	297.01	305.64	0	59.40
2001	3	19	2.594	2269.1082	77.1081	18.1081	21.41	18812872.78	234.00	 0.84	 1.79	 0.99	10.73	 1.42	336.69	302.40	313.97	297.11	305.57	0	59.42
2001	3	19	2.812	2269.1172	77.1171	18.1172	45.85	 1.00	234.99	 0.00	 1.70	 0.00	10.67	 1.60	336.71	302.40	313.70	297.08	305.64	0	59.42
2001	3	19	3.029	2269.1262	77.1262	18.1262	 4.90	 1.01	235.00	 0.67	 0.77	 1.00	10.65	 1.56	336.71	302.39	314.01	297.04	305.61	0	59.41
2001	3	19	3.246	2269.1353	77.1352	18.1352	16.78	193502.47	234.60	 0.88	 1.44	 1.00	10.65	 1.46	336.71	302.37	313.68	297.05	305.56	0	59.41
2001	3	19	4.568	2269.1904	77.1903	18.1903	 4.96	 1.39	235.51	 0.87	 1.96	 0.99	10.75	 1.51	336.72	302.26	313.46	296.99	305.53	0	59.40
2001	3	19	5.003	2269.2085	77.2084	18.2084	 4.82	 1.13	234.99	 0.82	 1.30	 1.00	10.65	 1.51	336.74	302.22	313.40	297.00	305.50	0	59.40
2001	3	19	5.436	2269.2266	77.2265	18.2265	18.38	826175.80	236.40	 0.77	 0.86	 1.00	10.65	 1.43	336.71	302.18	314.77	297.02	305.47	0	59.40
2001	3	19	8.734	2269.3640	77.3639	18.3639	16.44	115577.56	232.41	 0.74	 0.34	 1.00	10.63	 1.44	336.64	301.91	313.50	296.89	305.19	0	59.38
2001	3	19	9.384	2269.3911	77.3910	18.3910	 5.26	 1.35	235.60	 0.63	 1.78	 0.98	10.65	 1.60	336.67	301.89	313.97	296.75	305.18	0	59.35
2001	3	19	9.601	2269.4001	77.4000	18.4000	 4.96	 1.27	237.13	 0.81	 2.58	 0.98	10.65	 1.73	336.69	301.88	313.38	296.71	305.12	0	59.34
2001	3	19	11.358	2269.4731	77.4732	18.4732	26.12	2344062701.03	237.00	 0.95	 3.04	 0.99	10.65	 1.60	336.73	301.76	312.32	296.49	305.00	0	59.30
2001	3	19	11.575	2269.4822	77.4823	18.4823	37.80	 1.00	233.73	 0.00	 1.19	 0.00	10.65	 1.47	336.74	301.73	312.87	296.52	304.94	0	59.30
2001	3	19	13.114	2269.5464	77.5464	18.5464	 6.29	 6.19	235.23	 1.03	 1.99	 1.00	10.67	 1.48	336.71	301.59	312.50	296.44	304.66	0	59.29
2001	3	19	17.495	2269.7290	77.7290	18.7290	 6.23	 5.78	235.55	 1.01	 1.05	 1.00	10.65	 1.47	336.70	301.88	312.59	296.99	305.13	0	59.40
2001	3	19	17.929	2269.7471	77.7470	18.7470	56.51	 1.00	236.52	 0.00	 1.92	 0.00	10.65	 1.56	336.73	302.00	313.52	296.97	305.29	0	59.39
2001	3	19	19.034	2269.7930	77.7931	18.7931	39.83	 0.99	235.98	 0.00	 4.37	 0.00	10.65	 1.42	336.66	302.31	314.52	297.01	305.54	0	59.40
2001	3	19	19.251	2269.8020	77.8021	18.8021	 5.00	 1.02	235.62	 0.62	 2.32	 0.96	10.63	 1.47	336.70	302.38	314.09	297.07	305.60	0	59.41
2001	3	19	19.684	2269.8201	77.8202	18.8202	 4.63	 1.16	234.76	 1.01	 0.65	 1.00	10.65	 1.44	336.62	302.52	313.95	297.30	305.69	0	59.46
2001	3	19	20.118	2269.8384	77.8383	18.8383	 6.02	 2.71	237.21	 0.59	 0.62	 1.00	10.65	 1.44	336.63	302.63	314.53	297.41	305.86	0	59.48
2001	3	19	21.875	2269.9114	77.9115	18.9115	 5.55	 2.57	235.81	 0.90	 1.11	 1.00	10.65	 1.43	336.66	302.95	314.27	297.59	306.10	0	59.52
2001	3	19	22.092	2269.9204	77.9205	18.9205	26.68	3873606438.96	236.80	 0.89	 2.12	 0.99	10.65	 1.43	336.66	302.98	315.55	297.60	306.11	0	59.52
2001	3	19	22.547	2269.9395	77.9395	18.9395	 4.56	 0.95	235.56	 0.90	 0.76	 1.00	10.65	 1.58	336.72	303.03	313.08	297.75	306.25	0	59.55
2001	3	19	22.764	2269.9485	77.9485	18.9485	 4.17	 0.44	236.77	 0.62	 2.03	 0.97	10.65	 1.47	336.69	303.05	314.74	297.75	306.29	0	59.55
2001	3	19	22.981	2269.9575	77.9575	18.9575	16.69	166597.98	235.72	 0.84	 0.32	 1.00	10.65	 1.46	336.69	303.06	313.71	297.75	306.27	0	59.55
2001	3	20	0.302	2270.0127	78.0126	19.0126	 4.26	 0.64	235.86	 0.82	 2.75	 0.98	10.75	 1.44	336.69	303.15	315.27	297.82	306.35	0	59.56
2001	3	20	0.520	2270.0217	78.0217	19.0217	 6.00	 4.89	234.92	 1.08	 1.24	 1.00	10.67	 1.45	336.70	303.12	314.22	297.75	306.33	0	59.55
2001	3	20	0.737	2270.0308	78.0307	19.0307	 5.02	 1.35	237.59	 0.80	 1.10	 1.00	10.65	 1.55	336.68	303.10	315.22	297.71	306.34	0	59.54
2001	3	20	0.954	2270.0398	78.0398	19.0398	 4.50	 0.88	235.43	 0.88	 1.59	 1.00	10.65	 1.41	336.71	303.07	314.43	297.68	306.23	0	59.54
2001	3	20	1.171	2270.0488	78.0488	19.0488	 4.73	 1.12	236.58	 0.89	 0.30	 1.00	10.65	 1.42	336.73	303.05	314.92	297.68	306.19	0	59.54
2001	3	20	1.822	2270.0759	78.0759	19.0759	 7.96	21.55	236.15	 0.67	 3.15	 0.95	10.65	 1.47	336.69	303.09	315.62	297.86	306.33	0	59.57
2001	3	20	3.796	2270.1582	78.1581	19.1581	 4.62	 1.29	236.00	 1.14	 0.64	 1.00	10.65	 1.43	336.71	303.07	314.67	297.83	306.34	0	59.57
2001	3	20	4.012	2270.1672	78.1672	19.1672	 4.35	 0.81	236.50	 0.96	 4.51	 0.97	10.65	 1.51	336.71	303.05	314.87	297.81	306.32	0	59.56
2001	3	20	4.250	2270.1770	78.1771	19.1771	 4.81	 1.13	237.28	 0.84	 1.13	 1.00	10.75	 1.52	336.75	303.02	315.08	297.80	306.25	0	59.56
2001	3	20	4.684	2270.1951	78.1952	19.1952	 6.41	 3.72	235.28	 0.54	 1.27	 0.98	10.67	 1.42	336.73	302.98	314.40	297.80	306.28	0	59.56
2001	3	20	4.901	2270.2041	78.2042	19.2042	16.24	102099.56	234.24	 0.80	 2.41	 0.99	10.67	 1.42	336.73	302.96	314.36	297.78	306.24	0	59.56
2001	3	20	7.092	2270.2954	78.2955	19.2955	 4.61	 0.84	236.96	 0.76	 0.99	 1.00	10.65	 1.45	336.71	302.67	315.30	297.57	305.96	0	59.51
2001	3	20	7.309	2270.3044	78.3045	19.3045	 5.08	 1.60	234.26	 0.89	 0.72	 1.00	10.65	 1.45	336.74	302.64	313.13	297.54	305.91	0	59.51
2001	3	20	9.066	2270.3777	78.3777	19.3777	35.68	 1.00	232.61	 0.00	 1.83	 0.00	10.65	 1.41	336.72	302.48	313.00	297.36	305.74	0	59.47
2001	3	20	9.283	2270.3867	78.3868	19.3868	 6.43	 4.39	235.95	 0.63	 0.89	 1.00	10.65	 1.57	336.73	302.46	313.72	297.22	305.75	0	59.44
2001	3	20	9.499	2270.3958	78.3958	19.3958	28.21	12284342081.88	235.56	 0.61	 1.26	 0.99	10.65	 1.53	336.73	302.44	313.79	297.24	305.80	0	59.45
2001	3	20	9.717	2270.4048	78.4049	19.4049	33.11	 1.00	234.30	 0.00	 2.57	 0.00	10.67	 1.44	336.70	302.42	313.80	297.13	305.78	0	59.43
2001	3	20	9.934	2270.4138	78.4139	19.4139	27.91	13229473006.75	234.54	 0.89	 0.89	 1.00	10.65	 1.52	336.69	302.41	313.84	297.09	305.76	0	59.42
2001	3	20	10.171	2270.4238	78.4238	19.4238	 5.24	 1.96	235.27	 0.93	 1.08	 1.00	10.73	 1.58	336.71	302.38	313.23	297.12	305.67	0	59.42
2001	3	20	10.388	2270.4329	78.4328	19.4328	 5.50	 2.45	235.39	 0.89	 0.80	 1.00	10.65	 1.54	336.69	302.35	313.38	297.06	306.32	0	59.41
2001	3	20	10.605	2270.4419	78.4419	19.4419	 4.54	 0.91	233.77	 0.87	 0.81	 1.00	10.65	 1.40	336.73	302.34	313.38	297.02	305.64	0	59.40
2001	3	20	10.822	2270.4509	78.4509	19.4509	 4.70	 0.99	234.46	 0.80	 0.94	 1.00	10.65	 1.49	336.71	302.33	313.38	297.03	305.64	0	59.41
2001	3	20	11.039	2270.4600	78.4600	19.4600	21.37	19066879.71	233.24	 0.88	 2.00	 0.99	10.65	 1.53	336.69	302.31	312.50	297.04	305.60	0	59.41
2001	3	20	11.256	2270.4690	78.4690	19.4690	46.36	 1.00	235.22	 0.00	 1.00	 0.00	10.67	 1.53	336.75	302.29	314.02	297.04	305.60	0	59.41
2001	3	20	11.473	2270.4780	78.4780	19.4780	 7.84	26.48	233.53	 0.92	 1.37	 1.00	10.65	 1.50	336.69	302.27	312.97	297.05	305.56	0	59.41
2001	3	20	11.690	2270.4871	78.4871	19.4871	17.68	588809.63	233.85	 1.09	 0.80	 1.00	10.67	 1.52	336.70	302.26	313.07	297.04	305.56	0	59.41
2001	3	20	11.907	2270.4961	78.4961	19.4961	39.97	 1.00	234.05	 0.00	 0.58	 0.00	10.67	 1.52	336.72	302.24	313.63	297.05	305.52	0	59.41
2001	3	20	12.144	2270.5061	78.5060	19.5060	17.38	351961.45	233.40	 0.88	 0.72	 1.00	10.73	 1.54	336.73	302.22	312.26	297.04	305.52	0	59.41
2001	3	20	12.362	2270.5151	78.5151	19.5151	60.49	 1.00	233.51	 0.00	 2.88	 0.00	10.65	 1.55	336.71	302.20	312.88	297.05	305.52	0	59.41
2001	3	20	12.579	2270.5242	78.5241	19.5241	16.56	130004.42	233.44	 0.74	 0.44	 1.00	10.67	 1.57	336.67	302.19	312.68	297.05	306.12	0	59.41
2001	3	20	12.796	2270.5332	78.5332	19.5332	 4.57	 0.83	234.83	 0.77	 0.20	 1.00	10.65	 1.49	336.71	302.17	313.28	297.05	305.45	0	59.41
2001	3	20	13.013	2270.5422	78.5422	19.5422	16.82	214786.75	234.34	 0.94	 4.17	 0.98	10.67	 1.45	336.70	302.14	314.74	297.05	305.43	0	59.41
2001	3	20	13.447	2270.5603	78.5603	19.5603	 5.67	 3.03	233.42	 0.93	 3.16	 0.99	10.65	 1.43	336.70	302.12	312.67	297.05	305.40	0	59.41
2001	3	20	13.664	2270.5693	78.5693	19.5693	17.02	289967.96	234.83	 1.04	 1.66	 1.00	10.67	 1.41	336.70	302.11	313.83	297.07	305.39	0	59.41
2001	3	20	14.118	2270.5881	78.5882	19.5882	 5.52	 2.15	234.58	 0.77	 1.40	 1.00	10.75	 1.42	336.71	302.07	313.79	297.05	305.39	0	59.41
2001	3	20	14.336	2270.5974	78.5973	19.5973	26.86	3970690858.80	232.48	 0.75	 0.83	 1.00	10.65	 1.45	336.71	302.06	312.61	297.05	305.38	0	59.41
2001	3	20	14.986	2270.6245	78.6244	19.6244	50.42	 1.00	233.49	 0.00	 2.29	 0.00	10.65	 1.44	336.71	302.05	313.79	297.05	305.31	0	59.41
2001	3	20	15.203	2270.6335	78.6335	19.6335	16.46	138365.91	236.06	 0.88	 0.59	 1.00	10.65	 1.61	336.70	302.06	313.16	297.04	305.39	0	59.41
2001	3	20	15.420	2270.6426	78.6425	19.6425	40.03	 0.99	234.60	 0.00	 4.86	 0.00	10.65	 1.46	336.70	302.08	313.56	297.00	305.37	0	59.40
2001	3	20	22.110	2270.9211	78.9212	19.9212	59.81	 1.00	237.65	 0.00	 1.29	 0.00	10.67	 1.51	332.48	301.06	314.08	298.42	304.59	0	59.68
2001	3	20	22.327	2270.9302	78.9303	19.9303	22.96	77383977.05	234.62	 0.74	 1.24	 1.00	10.65	 1.49	336.74	301.48	311.52	298.39	304.72	0	59.68
2001	3	20	22.544	2270.9392	78.9393	19.9393	27.24	6777603614.73	236.25	 0.89	 0.49	 1.00	10.65	 1.56	336.68	301.84	312.37	298.43	305.89	0	59.69
2001	3	21	0.814	2271.0339	79.0339	20.0339	57.40	 1.00	235.35	 0.00	 4.04	 0.00	10.67	 1.41	335.08	302.07	312.78	298.37	304.82	0	59.67
2001	3	21	1.032	2271.0430	79.0430	20.0430	16.77	178198.33	236.32	 0.83	 0.73	 1.00	10.67	 1.58	336.73	302.26	312.34	298.21	305.16	0	59.64
2001	3	21	1.249	2271.0520	79.0520	20.0520	24.37	343170603.82	235.94	 0.80	 1.02	 1.00	10.65	 1.53	336.65	302.40	312.48	298.08	305.49	0	59.62
2001	3	21	1.466	2271.0610	79.0611	20.0611	23.76	136847537.51	235.97	 0.59	 0.90	 0.99	10.67	 1.57	336.66	302.51	312.96	298.00	305.65	0	59.60
2001	3	21	1.683	2271.0701	79.0701	20.0701	25.53	1367683453.34	235.49	 0.99	 1.03	 1.00	10.67	 1.53	336.68	302.62	312.59	298.06	305.77	0	59.61
2001	3	21	1.900	2271.0791	79.0792	20.0792	17.59	398121.01	235.50	 0.81	 2.40	 0.99	10.67	 1.49	336.64	302.77	313.27	298.13	305.98	0	59.63
2001	3	21	2.117	2271.0881	79.0882	20.0882	21.03	11411048.08	233.48	 0.74	 2.45	 0.98	10.65	 1.45	336.65	302.91	311.91	298.34	306.20	0	59.67
2001	3	21	15.244	2271.6353	79.6352	20.6352	21.50	21740563.71	235.35	 0.89	 1.09	 1.00	10.75	 1.60	336.66	302.66	312.22	297.71	305.81	0	59.54
2001	3	21	15.462	2271.6443	79.6442	20.6442	42.57	 1.00	235.98	 0.00	 1.20	 0.00	10.65	 1.58	336.66	302.66	312.48	297.70	305.86	0	59.54
2001	3	21	15.679	2271.6533	79.6533	20.6533	20.86	8589053.06	234.40	 0.66	 1.98	 0.98	10.65	 1.50	336.67	302.67	313.19	297.70	305.89	0	59.54
2001	3	21	15.895	2271.6624	79.6623	20.6623	29.30	54074708977.69	235.18	 0.90	 2.92	 0.99	10.65	 1.52	336.71	302.68	313.07	297.74	305.90	0	59.55
2001	3	21	22.047	2271.9187	79.9186	20.9186	37.89	 1.00	237.10	 0.00	 1.02	 0.00	10.73	 1.59	336.64	303.70	313.81	298.42	306.56	0	59.68
2001	3	21	22.264	2271.9277	79.9277	20.9277	36.57	 1.00	235.40	 0.00	 1.23	 0.00	10.65	 1.53	336.63	303.65	312.69	298.40	306.65	0	59.68
2001	3	21	22.482	2271.9368	79.9367	20.9367	16.65	133688.58	236.27	 0.70	 1.35	 0.99	10.67	 1.52	336.68	303.63	314.00	298.45	306.65	0	59.69
2001	3	21	22.699	2271.9458	79.9458	20.9458	17.15	225758.15	235.89	 0.72	 1.06	 1.00	10.65	 1.59	336.68	303.60	312.76	298.41	306.62	0	59.68
2001	3	21	22.916	2271.9548	79.9548	20.9548	17.81	417836.48	234.77	 0.68	 0.88	 1.00	10.67	 1.57	336.69	303.58	312.29	298.34	307.30	0	59.67
2001	3	23	3.221	2273.1343	81.1342	22.1342	16.69	129641.09	236.92	 0.66	 1.90	 0.98	10.65	 1.52	336.73	303.85	314.39	298.52	307.23	0	59.70
2001	3	23	3.458	2273.1440	81.1441	22.1441	20.60	9563139.20	234.77	 0.96	 0.73	 1.00	10.73	 1.44	336.71	303.84	313.77	298.55	307.19	0	59.71
2001	3	23	3.676	2273.1531	81.1531	22.1531	 4.67	 1.03	235.95	 0.87	 2.58	 0.99	10.67	 1.44	336.71	303.84	313.37	298.57	307.20	0	59.71
2001	3	23	23.617	2273.9841	81.9841	22.9841	19.61	2975113.34	237.20	 0.81	 2.06	 0.99	10.65	 1.44	336.73	303.18	313.80	298.15	305.97	0	59.63
2001	3	24	0.686	2274.0286	82.0286	23.0286	17.14	219712.28	235.54	 0.70	 2.03	 0.98	10.67	 1.47	336.78	303.51	312.63	298.66	306.37	0	59.73
2001	3	24	0.902	2274.0376	82.0376	23.0376	16.60	163595.75	236.65	 0.90	 2.06	 0.99	10.65	 1.44	336.74	303.63	314.22	298.74	306.76	0	59.75
2001	3	24	1.119	2274.0466	82.0466	23.0466	22.19	31272362.86	237.69	 0.65	 0.16	 1.00	10.65	 1.58	336.75	303.71	314.24	298.70	306.94	0	59.74
2001	3	24	1.553	2274.0647	82.0647	23.0647	 6.79	 8.19	238.32	 0.83	 1.63	 1.00	10.67	 1.49	336.78	303.80	314.29	298.67	307.08	0	59.73
2001	3	24	2.448	2274.1021	82.1020	23.1020	 7.32	12.21	237.69	 0.73	 0.66	 1.00	10.75	 1.54	336.77	304.06	314.48	298.91	307.43	0	59.78
2001	3	24	4.184	2274.1743	82.1743	23.1743	 6.28	 5.84	238.93	 1.00	 1.63	 1.00	10.65	 1.47	336.77	304.51	315.50	299.25	307.90	0	59.85
2001	3	24	5.733	2274.2388	82.2389	23.2389	19.94	4039153.79	237.12	 0.79	 0.86	 1.00	10.65	 1.60	336.75	304.74	315.18	299.52	308.22	0	59.90
2001	3	24	5.950	2274.2478	82.2479	23.2479	18.40	864636.21	235.06	 0.78	 3.88	 0.96	10.65	 1.55	336.75	304.77	313.79	299.57	308.27	0	59.91
2001	3	24	17.980	2274.7493	82.7492	23.7492	 6.28	 4.70	233.87	 0.78	 0.53	 1.00	10.75	 1.45	336.64	304.70	314.51	299.36	308.00	0	59.87
2001	3	24	18.815	2274.7839	82.7839	23.7839	26.72	5145224801.54	236.06	 1.14	 2.53	 1.00	10.75	 1.45	335.76	304.56	315.28	299.50	307.46	0	59.90
2001	3	24	19.032	2274.7930	82.7930	23.7930	16.59	106153.80	236.57	 0.59	 2.09	 0.96	10.65	 1.50	336.70	304.66	313.73	299.77	307.61	0	59.95
2001	3	24	19.249	2274.8020	82.8021	23.8021	21.67	21337938.12	237.49	 0.74	 1.85	 0.99	10.65	 1.50	336.64	304.79	314.73	300.03	307.99	0	60.01
2001	3	24	19.466	2274.8110	82.8111	23.8111	26.45	3029601964.28	236.71	 0.89	 1.78	 1.00	10.65	 1.47	336.63	304.93	314.43	300.20	308.20	0	60.04
2001	3	24	19.683	2274.8201	82.8201	23.8201	33.92	 1.00	238.92	 0.00	 1.39	 0.00	10.65	 1.62	336.62	305.07	314.87	300.36	308.40	0	60.07
2001	3	24	19.900	2274.8291	82.8292	23.8292	25.92	1343154162.95	238.41	 0.67	 1.14	 0.99	10.65	 1.57	336.66	305.22	315.14	300.51	308.56	0	60.10
2001	3	24	20.117	2274.8381	82.8382	23.8382	 5.37	 2.00	237.73	 0.84	 0.32	 1.00	10.65	 1.51	336.65	305.36	315.11	300.66	308.74	0	60.13
2001	3	24	20.334	2274.8472	82.8472	23.8472	 6.02	 4.24	236.64	 0.92	 1.06	 1.00	10.65	 1.45	336.68	305.49	314.82	300.76	308.89	0	60.15
2001	3	24	20.551	2274.8562	82.8563	23.8563	 6.41	 6.78	236.58	 1.00	 2.08	 1.00	10.65	 1.42	336.63	305.62	315.52	300.90	309.04	0	60.18
2001	3	24	20.793	2274.8665	82.8664	23.8664	 4.93	 1.08	238.15	 0.71	 0.86	 1.00	10.73	 1.47	336.69	305.75	316.08	300.97	309.18	0	60.19
2001	3	24	21.011	2274.8755	82.8755	23.8755	16.92	176104.35	237.83	 0.71	 1.65	 0.99	10.65	 1.58	336.64	305.85	315.38	301.05	309.38	0	60.21
2001	3	24	21.228	2274.8845	82.8845	23.8845	26.50	2286637887.80	238.54	 0.64	 1.27	 0.99	10.65	 1.52	336.65	305.96	316.36	301.13	309.51	0	60.23
2001	3	24	21.445	2274.8936	82.8935	23.8935	16.99	213237.29	237.48	 0.80	 1.76	 0.99	10.65	 1.46	336.66	306.04	316.16	301.20	309.66	0	60.24
2001	3	24	21.662	2274.9026	82.9026	23.9026	24.33	301638841.54	237.89	 0.73	 2.79	 0.97	10.65	 1.47	336.67	306.13	316.97	301.27	309.77	0	60.25
2001	3	24	21.879	2274.9116	82.9116	23.9116	 5.77	 2.31	238.46	 0.65	 1.26	 0.99	10.65	 1.44	336.65	306.21	316.88	301.34	309.86	0	60.27
2001	3	24	22.096	2274.9207	82.9206	23.9206	16.96	176786.76	238.72	 0.69	 1.58	 0.99	10.65	 1.47	336.65	306.28	316.67	301.41	309.96	0	60.28
2001	3	24	22.529	2274.9387	82.9387	23.9387	40.27	 1.00	238.69	 0.00	 2.07	 0.00	10.63	 1.50	336.78	306.25	317.90	301.12	309.90	0	60.22
2001	3	24	23.206	2274.9670	82.9669	23.9669	 5.42	 1.80	237.68	 0.72	 1.22	 1.00	10.65	 1.40	336.79	306.19	317.75	301.07	309.81	0	60.21
2001	3	24	23.640	2274.9851	82.9850	23.9850	20.56	7412073.57	237.36	 0.78	 0.97	 1.00	10.65	 1.41	336.78	306.10	317.83	300.88	309.68	0	60.18
2001	3	25	0.507	2275.0212	83.0211	24.0211	22.39	42045934.31	237.30	 0.71	 1.58	 0.99	10.65	 1.43	336.74	305.99	316.75	300.81	309.57	0	60.16
2001	3	25	0.967	2275.0403	83.0403	24.0403	 6.65	 5.76	237.72	 0.67	 0.99	 1.00	10.65	 1.44	336.76	305.90	317.46	300.75	309.47	0	60.15
2001	3	25	1.184	2275.0493	83.0493	24.0493	25.61	1111388183.03	235.99	 0.75	 0.42	 1.00	10.65	 1.42	336.75	305.87	316.52	300.74	309.44	0	60.15
2001	3	25	1.401	2275.0583	83.0584	24.0584	 5.19	 1.27	237.50	 0.64	 3.03	 0.94	10.65	 1.41	336.73	305.85	317.21	300.70	309.37	0	60.14
2001	3	25	2.269	2275.0945	83.0945	24.0945	21.14	16738476.10	237.57	 0.99	 0.90	 1.00	10.65	 1.42	336.72	305.76	316.91	300.55	309.31	0	60.11
2001	3	25	2.728	2275.1138	83.1137	24.1137	19.57	2948173.18	237.63	 0.84	 2.29	 0.99	10.73	 1.41	336.72	305.70	317.07	300.50	309.24	0	60.10
2001	3	25	2.945	2275.1228	83.1227	24.1227	18.42	1068632.51	236.27	 0.95	 2.01	 1.00	10.65	 1.46	336.72	305.70	315.52	300.49	309.28	0	60.10
2001	3	25	3.379	2275.1409	83.1408	24.1408	31.50	285683499662.32	237.56	 0.53	 0.99	 0.99	10.65	 1.47	336.73	305.68	316.31	300.47	309.25	0	60.09
2001	3	25	3.596	2275.1499	83.1498	24.1498	37.00	 1.00	236.70	 0.00	 0.54	 0.00	10.67	 1.44	336.73	305.67	316.78	300.47	309.22	0	60.09
2001	3	25	3.813	2275.1589	83.1589	24.1589	 6.01	 3.60	236.99	 0.79	 1.89	 0.99	10.65	 1.46	336.73	305.66	316.27	300.45	309.24	0	60.09
2001	3	25	4.706	2275.1960	83.1961	24.1961	20.24	5943008.97	238.42	 0.87	 2.58	 0.99	10.75	 1.46	336.77	305.62	317.41	300.40	309.17	0	60.08
2001	3	25	4.924	2275.2051	83.2052	24.2052	 6.04	 4.09	238.41	 0.88	 0.81	 1.00	10.67	 1.45	336.74	305.61	316.99	300.38	309.20	0	60.08
2001	3	25	5.141	2275.2141	83.2142	24.2142	16.97	227483.61	236.21	 0.87	 3.21	 0.98	10.65	 1.46	336.74	305.61	315.79	300.36	309.18	0	60.07
2001	3	25	5.575	2275.2322	83.2323	24.2323	16.79	168122.77	237.93	 0.77	 0.95	 1.00	10.65	 1.42	336.75	305.60	317.01	300.39	309.14	0	60.08
2001	3	25	6.009	2275.2502	83.2504	24.2504	17.08	240877.88	237.92	 0.83	 0.25	 1.00	10.65	 1.48	336.69	305.60	317.01	300.45	309.19	0	60.09
2001	3	25	6.684	2275.2786	83.2785	24.2785	 6.61	 4.68	236.91	 0.57	 0.55	 1.00	10.73	 1.48	336.75	305.59	315.74	300.47	309.17	0	60.09
2001	3	25	7.119	2275.2966	83.2966	24.2966	23.01	90088209.90	236.32	 0.82	 1.98	 0.99	10.65	 1.42	336.69	305.57	316.18	300.44	309.22	0	60.09
2001	3	25	17.665	2275.7361	83.7360	24.7360	16.83	192393.41	236.69	 0.84	 2.78	 0.99	10.65	 1.40	336.71	305.17	315.61	300.11	308.77	0	60.02
2001	3	25	23.384	2275.9744	83.9743	24.9743	16.81	163582.51	238.60	 0.74	 2.37	 0.98	10.63	 1.40	336.77	306.40	318.45	301.20	310.01	0	60.24
2001	3	25	23.600	2275.9834	83.9833	24.9833	24.49	369174282.37	238.66	 0.77	 1.01	 1.00	10.65	 1.47	336.79	306.36	317.62	301.14	309.94	0	60.23
2001	3	26	7.080	2276.2949	84.2950	25.2950	20.38	6788685.23	238.35	 0.86	 0.95	 1.00	10.65	 1.40	336.79	305.59	316.89	300.52	309.21	0	60.10
2001	3	26	13.233	2276.5513	84.5514	25.5514	11.13	461.28	237.03	 0.61	 1.49	 0.98	10.65	 1.41	336.76	305.11	315.98	299.78	308.71	0	59.96
2001	3	26	13.449	2276.5603	84.5604	25.5604	31.49	481479255664.41	236.95	 0.91	 1.45	 1.00	10.67	 1.42	336.79	305.02	317.05	299.50	309.21	0	59.90
2001	3	26	14.100	2276.5874	84.5875	25.5875	16.88	185742.86	236.62	 0.78	 1.29	 1.00	10.65	 1.47	336.75	304.80	315.52	299.43	308.25	0	59.89
2001	3	26	14.342	2276.5977	84.5976	25.5976	 5.23	 1.36	238.28	 0.66	 1.02	 0.99	10.73	 1.51	336.78	304.75	316.07	299.44	308.17	0	59.89
2001	3	26	21.306	2276.8877	84.8877	25.8877	33.53	 1.00	236.42	 0.00	 1.15	 0.00	10.67	 1.69	333.58	301.02	303.62	298.92	303.18	0	59.78
2001	3	26	21.842	2276.9102	84.9101	25.9101	20.46	4954512.96	236.60	 0.58	 1.11	 0.99	10.75	 1.85	336.56	301.96	305.71	298.89	304.91	0	59.78
2001	3	26	22.277	2276.9282	84.9282	25.9282	13.21	4703.82	237.00	 0.77	 1.53	 0.99	10.65	 1.88	336.57	302.53	306.91	298.78	305.65	0	59.76
2001	3	26	22.736	2276.9473	84.9473	25.9473	20.50	6799112.30	236.16	 0.76	 0.33	 1.00	10.75	 1.81	336.58	302.90	307.32	298.68	306.06	0	59.74
2001	3	26	23.171	2276.9656	84.9655	25.9655	16.06	58286.54	238.17	 0.56	 1.28	 0.98	10.67	 1.92	336.57	303.16	309.06	298.61	306.21	0	59.72
2001	3	26	23.631	2276.9846	84.9846	25.9846	22.71	56868966.63	239.07	 0.71	 1.10	 1.00	10.75	 2.04	336.61	303.43	309.47	298.99	306.65	0	59.80
2001	3	27	0.066	2277.0027	85.0027	26.0027	17.58	345719.05	235.62	 0.71	 3.72	 0.94	10.65	 1.84	336.64	303.51	307.95	298.66	306.74	0	59.73
2001	3	27	0.526	2277.0220	85.0219	26.0219	33.58	 1.00	236.95	 0.00	 1.36	 0.00	10.75	 1.83	336.74	303.71	308.77	298.96	306.92	0	59.79
2001	3	27	0.961	2277.0400	85.0400	26.0400	 5.18	 1.58	236.68	 0.80	 1.27	 1.00	10.67	 1.78	336.71	303.91	309.10	299.15	307.36	0	59.83
2001	3	27	1.395	2277.0581	85.0581	26.0581	 9.17	70.60	237.00	 0.66	 0.39	 1.00	10.65	 1.77	336.76	304.22	310.08	299.62	307.68	0	59.92
2001	3	27	1.829	2277.0762	85.0762	26.0762	 6.65	 5.14	237.38	 0.60	 0.62	 1.00	10.67	 1.83	336.75	304.51	310.23	299.86	308.03	0	59.97
2001	3	27	2.290	2277.0955	85.0954	26.0954	23.27	71033496.86	236.81	 0.50	 0.72	 0.99	10.77	 1.77	336.75	304.75	309.91	300.06	308.36	0	60.01
2001	3	27	2.725	2277.1135	85.1135	26.1135	18.75	1314056.29	238.19	 0.85	 0.61	 1.00	10.65	 1.85	336.72	304.93	311.36	300.20	308.59	0	60.04
2001	3	27	3.159	2277.1316	85.1316	26.1316	 4.72	 1.14	236.82	 0.92	 0.86	 1.00	10.67	 1.83	336.71	305.06	310.75	300.28	308.72	0	60.06
2001	3	27	3.593	2277.1497	85.1497	26.1497	 6.45	 4.74	237.50	 0.67	 1.35	 0.99	10.67	 1.82	336.77	305.15	310.94	300.34	308.76	0	60.07
2001	3	27	4.053	2277.1689	85.1689	26.1689	16.09	61543.85	239.30	 0.57	 0.84	 0.99	10.73	 1.93	336.79	305.23	312.11	300.42	308.81	0	60.08
2001	3	27	4.488	2277.1870	85.1870	26.1870	46.44	 1.00	237.86	 0.00	 1.07	 0.00	10.65	 1.79	336.70	305.30	311.97	300.49	308.91	0	60.10
2001	3	27	4.922	2277.2051	85.2051	26.2051	30.63	168411107663.24	238.01	 0.76	 1.88	 0.99	10.67	 1.84	336.77	305.35	311.62	300.53	308.97	0	60.11
2001	3	27	5.357	2277.2231	85.2232	26.2232	20.45	7377430.67	236.84	 0.87	 0.92	 1.00	10.67	 1.80	336.75	305.40	311.67	300.58	309.01	0	60.12
2001	3	27	5.816	2277.2424	85.2423	26.2423	 6.23	 2.47	237.95	 0.44	 0.21	 1.00	10.75	 1.88	336.75	305.42	311.75	300.62	309.04	0	60.12
2001	3	27	6.251	2277.2605	85.2605	26.2605	16.63	141772.47	238.02	 0.76	 1.36	 1.00	10.65	 1.85	336.71	305.46	312.28	300.61	309.16	0	60.12
2001	3	27	6.685	2277.2786	85.2785	26.2785	16.55	142686.25	236.82	 0.83	 0.48	 1.00	10.67	 1.81	336.72	305.50	311.64	300.63	309.17	0	60.13
2001	3	27	7.119	2277.2966	85.2966	26.2966	24.85	408780613.54	236.95	 0.59	 0.43	 1.00	10.67	 1.84	336.73	305.51	311.83	300.63	309.16	0	60.13
2001	3	27	7.579	2277.3159	85.3158	26.3158	 5.63	 1.48	236.91	 0.48	 0.56	 0.99	10.75	 1.82	336.76	305.50	311.66	300.62	309.08	0	60.12
2001	3	27	8.014	2277.3340	85.3339	26.3339	36.37	 1.00	237.40	 0.00	 0.86	 0.00	10.67	 1.80	336.74	305.50	311.93	300.57	309.17	0	60.11
2001	3	27	8.448	2277.3521	85.3520	26.3520	17.61	402577.24	235.72	 0.81	 1.35	 1.00	10.67	 1.76	336.75	305.49	311.53	300.52	309.06	0	60.10
2001	3	27	8.883	2277.3701	85.3701	26.3701	27.79	7859756702.99	237.76	 0.60	 0.97	 0.99	10.67	 1.82	336.68	305.47	311.97	300.49	309.07	0	60.10
2001	3	27	9.342	2277.3892	85.3893	26.3893	32.21	620162833817.75	235.98	 0.57	 1.45	 0.98	10.75	 1.78	336.70	305.44	312.24	300.46	309.04	0	60.09
2001	3	27	9.777	2277.4075	85.4074	26.4074	39.28	 1.00	238.48	 0.00	 0.97	 0.00	10.67	 1.85	336.69	305.42	312.92	300.41	309.04	0	60.08
2001	3	27	10.212	2277.4255	85.4255	26.4255	41.43	 1.00	236.31	 0.00	 1.24	 0.00	10.67	 1.77	336.72	305.39	311.43	300.36	309.00	0	60.07
2001	3	27	10.646	2277.4436	85.4436	26.4436	24.40	267969907.93	237.66	 0.61	 0.53	 1.00	10.67	 1.87	336.73	305.35	312.43	300.29	310.06	0	60.06
2001	3	27	11.108	2277.4629	85.4628	26.4628	16.86	153921.20	239.76	 0.67	 1.16	 0.99	10.75	 1.98	336.70	305.30	313.14	300.25	308.87	0	60.05
2001	3	27	11.542	2277.4810	85.4809	26.4809	15.68	51991.75	238.19	 0.73	 0.90	 1.00	10.67	 1.88	336.74	305.26	312.10	300.19	308.83	0	60.04
2001	3	27	11.977	2277.4990	85.4990	26.4990	29.71	71589984458.04	237.38	 0.80	 0.85	 1.00	10.67	 1.80	336.72	305.22	311.99	300.14	308.81	0	60.03
2001	3	27	12.411	2277.5171	85.5171	26.5171	31.46	377929992196.10	236.61	 0.73	 1.52	 0.99	10.65	 1.84	336.70	305.17	311.02	300.08	308.70	0	60.02
2001	3	27	12.870	2277.5364	85.5363	26.5363	20.83	6910451.11	238.27	 0.56	 1.03	 0.99	10.75	 1.87	336.71	305.11	312.16	300.02	308.70	0	60.00
2001	3	27	13.305	2277.5544	85.5544	26.5544	 5.17	 1.01	237.58	 0.52	 0.46	 1.00	10.65	 1.84	336.72	305.07	311.34	299.94	308.65	0	59.99
2001	3	27	13.739	2277.5725	85.5725	26.5725	17.02	245039.51	235.41	 0.88	 1.85	 1.00	10.67	 1.68	336.74	305.04	310.71	299.93	308.57	0	59.99
2001	3	27	14.173	2277.5906	85.5906	26.5906	31.27	242847562897.19	238.41	 0.58	 0.57	 1.00	10.67	 1.87	336.76	305.01	312.03	299.92	308.57	0	59.98
2001	3	27	14.633	2277.6096	85.6097	26.6097	18.72	1446150.02	236.91	 0.96	 0.21	 1.00	10.75	 1.85	336.77	304.99	311.01	299.94	308.49	0	59.99
2001	3	27	15.068	2277.6279	85.6278	26.6278	18.22	481037.99	236.43	 0.52	 0.24	 1.00	10.65	 1.85	336.80	304.99	310.61	299.95	309.22	0	59.99
2001	3	27	15.502	2277.6460	85.6459	26.6459	 5.68	 2.29	236.37	 0.70	 0.46	 1.00	10.65	 1.80	336.81	305.01	310.46	300.00	308.53	0	60.00
2001	3	27	15.937	2277.6641	85.6640	26.6640	17.15	198597.99	236.06	 0.63	 0.82	 1.00	10.67	 1.84	336.79	305.04	311.13	300.05	308.56	0	60.01
2001	3	27	16.397	2277.6831	85.6832	26.6832	34.04	 1.00	236.02	 0.00	 0.72	 0.00	10.75	 1.87	336.69	304.89	310.42	299.62	308.40	0	59.92
2001	3	27	16.831	2277.7014	85.7013	26.7013	76.02	 1.00	236.16	 0.00	 1.21	 0.00	10.67	 1.84	336.68	304.66	311.10	299.19	308.22	0	59.84
2001	3	27	17.266	2277.7195	85.7194	26.7194	 5.80	 2.23	238.48	 0.61	 1.55	 0.98	10.67	 1.87	336.66	304.44	311.92	299.15	307.76	0	59.83
2001	3	27	17.699	2277.7375	85.7375	26.7375	 7.39	15.09	239.14	 0.84	 0.82	 1.00	10.67	 1.93	336.69	304.35	311.41	299.22	307.69	0	59.84
2001	3	27	18.159	2277.7566	85.7566	26.7566	37.80	 1.00	236.41	 0.00	 1.20	 0.00	10.75	 1.75	336.64	304.28	310.07	299.25	307.64	0	59.85
2001	3	27	18.594	2277.7747	85.7748	26.7748	 5.17	 1.31	236.96	 0.67	 0.32	 1.00	10.65	 1.86	336.67	304.25	310.04	299.33	307.54	0	59.87
2001	3	27	19.028	2277.7930	85.7928	26.7928	16.70	158535.04	235.65	 0.79	 0.28	 1.00	10.67	 1.75	336.64	304.26	310.05	299.38	307.63	0	59.88
2001	3	27	19.462	2277.8110	85.8109	26.8109	19.34	2016703.36	235.80	 0.72	 0.59	 1.00	10.65	 1.72	336.68	304.28	309.40	299.41	307.72	0	59.88
2001	3	27	19.925	2277.8303	85.8302	26.8302	 7.78	17.85	235.46	 0.66	 0.43	 1.00	10.73	 1.72	336.66	304.29	309.15	299.41	307.64	0	59.88
2001	3	27	20.360	2277.8484	85.8483	26.8483	24.01	274533237.86	235.30	 0.91	 0.59	 1.00	10.67	 1.72	336.68	304.33	309.61	299.50	307.70	0	59.90
2001	3	27	20.794	2277.8665	85.8664	26.8664	16.05	70364.58	238.09	 0.67	 0.99	 1.00	10.67	 1.84	336.69	304.33	310.90	299.44	307.78	0	59.89
2001	3	27	21.228	2277.8845	85.8845	26.8845	22.18	46298933.32	237.06	 0.96	 0.28	 1.00	10.65	 1.79	336.62	304.25	310.19	299.18	307.47	0	59.84
2001	3	27	21.688	2277.9036	85.9037	26.9037	16.59	185914.47	236.77	 1.03	 1.00	 1.00	10.75	 1.73	336.64	304.16	310.01	299.13	307.38	0	59.83
2001	3	27	22.123	2277.9219	85.9218	26.9218	 6.20	 4.71	237.75	 0.86	 0.31	 1.00	10.65	 1.89	336.64	304.09	310.20	298.99	307.31	0	59.80
2001	3	27	22.557	2277.9399	85.9399	26.9399	16.65	152726.44	236.60	 0.80	 1.49	 1.00	10.65	 1.77	336.63	304.00	309.35	298.84	307.05	0	59.77
2001	3	27	22.991	2277.9580	85.9580	26.9580	25.64	1123385118.25	236.33	 0.73	 0.72	 1.00	10.67	 1.85	336.66	303.96	309.04	298.84	307.04	0	59.77
2001	3	27	23.451	2277.9771	85.9771	26.9771	11.60	1024.69	236.11	 0.84	 0.43	 1.00	10.75	 1.77	336.68	303.91	309.02	298.75	307.01	0	59.75
2001	3	27	23.886	2277.9954	85.9953	26.9953	 8.93	77.95	234.53	 0.91	 0.72	 1.00	10.65	 1.69	336.67	303.85	308.25	298.74	307.04	0	59.75
2001	3	28	0.321	2278.0134	86.0134	27.0134	16.83	153248.26	237.39	 0.68	 1.04	 1.00	10.67	 1.91	336.71	303.84	309.03	298.78	307.04	0	59.76
2001	3	28	0.754	2278.0315	86.0314	27.0314	43.88	 1.00	237.59	 0.00	 1.28	 0.00	10.67	 1.83	336.69	303.93	309.32	298.99	307.24	0	59.80
2001	3	28	1.214	2278.0505	86.0506	27.0506	16.30	78260.88	235.78	 0.58	 0.18	 1.00	10.75	 1.82	336.66	304.02	308.20	299.18	307.35	0	59.84
2001	3	28	1.649	2278.0686	86.0687	27.0687	16.91	152357.40	237.14	 0.62	 0.96	 0.99	10.65	 1.86	336.71	304.29	309.53	299.63	307.81	0	59.93
2001	3	28	2.083	2278.0867	86.0868	27.0868	38.31	 1.00	234.79	 0.00	 1.32	 0.00	10.67	 1.73	336.81	304.56	308.91	299.92	308.15	0	59.98
2001	3	28	2.517	2278.1050	86.1049	27.1049	22.25	39401591.83	236.97	 0.77	 1.52	 0.99	10.67	 1.81	336.76	304.77	310.90	300.08	308.40	0	60.02
2001	3	28	2.977	2278.1240	86.1241	27.1241	18.76	1062118.29	236.79	 0.68	 0.96	 1.00	10.75	 1.81	336.76	304.95	310.87	300.19	308.57	0	60.04
2001	3	28	3.412	2278.1421	86.1422	27.1422	21.48	18120121.12	236.74	 0.76	 0.49	 1.00	10.67	 1.79	336.73	305.07	310.73	300.28	308.74	0	60.06
2001	3	28	3.846	2278.1602	86.1603	27.1603	16.80	139350.35	236.42	 0.63	 1.76	 0.98	10.67	 1.78	336.73	305.16	310.81	300.40	308.73	0	60.08
2001	3	28	4.281	2278.1785	86.1784	27.1784	45.89	 1.00	235.45	 0.00	 1.02	 0.00	10.67	 1.75	336.81	305.23	311.05	300.41	308.80	0	60.08
2001	3	28	4.740	2278.1975	86.1975	27.1975	17.63	363949.19	236.10	 0.72	 1.04	 1.00	10.73	 1.76	336.76	305.27	310.82	300.42	308.85	0	60.08
2001	3	28	5.175	2278.2156	86.2156	27.2156	 4.69	 0.98	235.93	 0.82	 0.12	 1.00	10.65	 1.78	336.74	305.30	311.32	300.38	308.87	0	60.08
2001	3	28	5.609	2278.2336	86.2337	27.2337	16.75	128923.51	236.43	 0.61	 0.79	 1.00	10.67	 1.71	336.73	305.30	311.75	300.40	308.83	0	60.08
2001	3	28	6.043	2278.2517	86.2518	27.2518	18.93	1084974.54	237.73	 0.59	 0.29	 1.00	10.65	 1.76	336.75	305.31	312.16	300.39	308.79	0	60.08
2001	3	28	6.504	2278.2710	86.2710	27.2710	47.03	 1.00	236.12	 0.00	 1.01	 0.00	10.75	 1.74	336.77	305.28	311.75	300.40	308.77	0	60.08
2001	3	28	6.939	2278.2891	86.2891	27.2891	39.33	 1.00	238.74	 0.00	 0.78	 0.00	10.67	 1.95	336.75	305.26	312.33	300.37	308.80	0	60.07
2001	3	28	7.373	2278.3071	86.3072	27.3072	28.75	21685097776.45	237.42	 0.64	 0.73	 1.00	10.65	 1.88	336.77	305.23	311.77	300.32	308.72	0	60.06
2001	3	28	7.807	2278.3252	86.3253	27.3253	24.50	236136945.30	236.35	 0.48	 0.38	 1.00	10.67	 1.77	336.79	305.20	311.38	300.25	308.62	0	60.05
2001	3	28	8.267	2278.3445	86.3444	27.3444	16.71	164479.67	234.02	 0.81	 0.41	 1.00	10.75	 1.69	336.79	305.14	309.71	300.18	308.56	0	60.04
2001	3	28	8.701	2278.3625	86.3626	27.3626	15.26	26671.76	236.70	 0.56	 0.94	 0.99	10.65	 1.77	336.76	305.11	311.21	300.11	308.56	0	60.02
2001	3	28	9.136	2278.3806	86.3806	27.3806	 7.08	 9.87	236.58	 0.74	 0.41	 1.00	10.65	 1.79	336.77	305.07	310.94	300.07	308.55	0	60.01
2001	3	28	9.570	2278.3987	86.3987	27.3987	16.74	174500.46	234.80	 0.83	 0.86	 1.00	10.65	 1.68	336.78	305.02	309.78	299.97	308.47	0	59.99
2001	3	28	10.030	2278.4180	86.4179	27.4179	 5.19	 1.68	235.68	 0.84	 0.58	 1.00	10.77	 1.77	336.79	304.96	310.06	299.95	308.43	0	59.99
2001	3	28	10.465	2278.4360	86.4360	27.4360	18.25	609866.28	236.75	 0.65	 0.16	 1.00	10.67	 1.88	336.76	304.91	310.13	299.90	308.40	0	59.98
2001	3	28	10.899	2278.4541	86.4541	27.4541	 6.64	 7.16	236.92	 0.84	 0.19	 1.00	10.67	 1.85	336.77	304.87	310.56	299.86	308.35	0	59.97
2001	3	28	11.333	2278.4722	86.4722	27.4722	 4.82	 0.75	237.62	 0.55	 0.22	 1.00	10.65	 1.92	336.73	304.82	311.14	299.81	308.28	0	59.96
2001	3	28	11.792	2278.4915	86.4914	27.4914	 5.95	 2.55	234.27	 0.59	 1.74	 0.97	10.77	 1.77	336.79	304.77	309.66	299.75	308.19	0	59.95
2001	3	28	12.228	2278.5095	86.5095	27.5095	16.90	160960.92	237.26	 0.66	 0.76	 1.00	10.67	 1.82	336.71	304.72	311.12	299.71	308.86	0	59.94
2001	3	28	12.662	2278.5276	86.5276	27.5276	16.80	156579.09	235.47	 0.70	 0.51	 1.00	10.65	 1.79	336.76	304.68	310.36	299.65	308.11	0	59.93
2001	3	28	13.096	2278.5457	86.5457	27.5457	40.72	 1.00	237.70	 0.00	 1.00	 0.00	10.67	 1.88	336.74	304.63	311.27	299.62	308.07	0	59.92
2001	3	28	13.556	2278.5649	86.5648	27.5648	23.65	153343300.09	236.10	 0.73	 0.72	 1.00	10.75	 1.83	336.77	304.57	310.95	299.60	307.99	0	59.92
2001	3	28	13.991	2278.5830	86.5830	27.5830	16.17	73646.32	237.25	 0.63	 1.23	 0.99	10.67	 1.79	336.78	304.56	311.25	299.58	308.04	0	59.92
2001	3	28	14.426	2278.6011	86.6011	27.6011	31.45	315751892489.87	236.52	 0.62	 1.01	 0.99	10.67	 1.83	336.74	304.57	311.17	299.59	308.08	0	59.92
2001	3	28	14.859	2278.6191	86.6191	27.6191	 7.53	14.58	237.50	 0.71	 0.24	 1.00	10.67	 1.78	336.74	304.57	311.50	299.63	308.11	0	59.93
2001	3	28	15.895	2278.6624	86.6623	27.6623	 6.08	 3.04	236.93	 0.62	 0.81	 1.00	10.78	 1.83	336.73	304.15	310.50	299.05	307.61	0	59.81
2001	3	28	16.330	2278.6804	86.6804	27.6804	18.39	635395.42	235.61	 0.59	 0.45	 1.00	10.63	 1.76	336.72	304.10	310.12	299.12	307.50	0	59.82
2001	3	28	16.763	2278.6985	86.6985	27.6985	 6.87	10.50	235.34	 0.97	 0.76	 1.00	10.63	 1.67	336.72	304.01	309.69	298.99	307.29	0	59.80
2001	3	28	17.196	2278.7166	86.7165	27.7165	 5.38	 1.69	238.52	 0.70	 1.21	 0.99	10.63	 1.76	336.70	303.98	311.15	299.00	307.34	0	59.80
2001	3	28	17.629	2278.7346	86.7346	27.7346	 5.94	 2.77	237.69	 0.66	 2.37	 0.97	10.65	 1.75	336.69	303.98	310.64	299.06	308.05	0	59.81
2001	3	28	18.063	2278.7527	86.7526	27.7526	16.38	129626.40	236.52	 0.89	 0.97	 1.00	10.65	 1.68	336.70	303.98	309.97	299.09	307.31	0	59.82
2001	3	28	18.496	2278.7708	86.7707	27.7707	 4.92	 1.25	237.33	 0.83	 0.49	 1.00	10.67	 1.62	336.69	303.98	310.89	299.10	307.37	0	59.82
2001	3	28	18.931	2278.7888	86.7888	27.7888	 6.89	10.22	238.04	 0.94	 1.03	 1.00	10.67	 1.72	336.68	303.99	311.10	298.99	307.29	0	59.80
2001	3	28	19.364	2278.8069	86.8069	27.8069	21.55	25714267.49	237.70	 1.01	 0.57	 1.00	10.67	 1.86	336.68	304.01	310.58	299.09	307.31	0	59.82
2001	3	28	19.799	2278.8250	86.8250	27.8250	 8.68	48.61	235.28	 0.73	 0.40	 1.00	10.67	 1.72	336.66	304.03	309.19	299.14	307.28	0	59.83
# Unit 0, Tucson Lab, Filter  0,  Slot 0, 350 um (563) & yellow
#				days
#				since		day of	day of
# yr	mo	dy	 time	1/1/1995	year	month	Tau	unc	Tatm	unc	mse	fitgood	Etime	R	Thot	Twarm	Tchop	Tamb	<Tint>	Filter	Toff
# 1	2	3	4	5		6	7	8	9	10	11	12	13	14	15	16	17	18	19	20	21	22
