2002	11	13	15.325	2873.6384	316.6385	12.6385	28.20	18656900901.68	235.21	 0.94	50.19	 0.09	10.88	 2.29	330.16	286.57	292.85	279.58	291.39	0	55.92
2002	11	13	15.987	2873.6660	316.6661	12.6661	18.16	1265831.82	226.71	 1.40	58.79	 0.42	10.85	 2.09	330.15	288.11	291.11	280.74	293.45	0	56.15
2002	11	13	16.482	2873.6868	316.6868	12.6868	 0.91	 0.03	214.62	 2.04	 2.95	 0.99	10.87	 2.21	327.81	291.43	300.21	285.22	294.70	0	57.04
2002	11	14	14.466	2874.6028	317.6028	13.6028	 1.63	 0.06	208.13	 1.20	 2.01	 1.00	10.88	 2.16	325.87	302.61	314.47	294.99	308.50	0	59.00
2002	11	14	15.129	2874.6304	317.6304	13.6304	 1.61	 0.05	210.17	 1.06	 2.40	 0.99	10.83	 2.07	328.68	304.39	315.60	289.88	309.57	0	57.98
2002	11	14	15.790	2874.6580	317.6579	13.6579	 2.08	 0.08	206.48	 0.90	 4.66	 0.93	10.85	 1.91	328.08	305.70	317.33	288.54	311.07	0	57.71
2002	11	14	16.452	2874.6855	317.6855	13.6855	 1.84	 0.07	208.02	 1.11	 5.46	 0.95	10.83	 2.04	326.25	306.60	317.57	287.76	311.78	0	57.55
2002	11	14	17.114	2874.7131	317.7131	13.7131	 1.72	 0.08	200.25	 1.48	14.88	 0.87	10.83	 1.74	325.91	307.31	319.26	287.95	312.51	0	57.59
2002	11	14	18.437	2874.7683	317.7682	13.7682	 1.78	 0.06	205.72	 0.98	11.33	 0.67	10.85	 1.92	327.94	308.18	319.30	287.36	313.28	0	57.47
2002	11	14	19.099	2874.7957	317.7958	13.7958	 1.82	 0.10	204.33	 1.61	 2.00	 1.00	10.83	 1.86	328.65	308.40	319.95	286.44	313.37	0	57.29
2002	11	14	19.760	2874.8232	317.8233	13.8233	 1.59	 0.10	200.80	 2.15	11.91	 0.98	10.85	 1.76	328.67	308.16	319.47	284.83	313.26	0	56.97
2002	11	14	21.745	2874.9060	317.9061	13.9061	 1.81	 0.11	206.22	 1.72	 9.13	 0.98	10.85	 2.12	328.40	304.51	314.04	281.32	309.33	0	56.26
2002	11	14	22.407	2874.9336	317.9337	13.9336	 1.34	 0.44	228.56	15.41	105.70	 1.00	10.83	 2.30	328.49	302.16	312.15	276.37	307.28	0	55.27
2002	11	14	23.069	2874.9612	317.9612	13.9612	 2.12	 0.12	209.08	 1.31	 6.81	 0.97	10.85	 2.14	328.37	298.97	310.08	272.31	304.01	0	54.46
2002	11	14	23.731	2874.9888	317.9888	13.9888	 1.95	 0.13	202.90	 1.79	 1.70	 1.00	10.85	 2.04	328.34	296.03	305.26	270.56	301.16	0	54.11
2002	11	15	0.392	2875.0164	318.0164	14.0164	 1.83	 0.07	209.45	 1.06	 8.38	 0.86	10.83	 2.20	327.58	293.57	304.26	269.69	298.81	0	53.94
2002	11	15	1.054	2875.0439	318.0439	14.0439	 1.54	 0.06	198.20	 1.37	 1.90	 1.00	10.85	 1.92	327.16	291.61	298.48	268.08	296.75	0	53.62
2002	11	15	1.716	2875.0715	318.0715	14.0715	 1.80	 0.05	204.62	 0.88	 8.64	 0.71	10.85	 2.10	328.27	290.07	298.42	267.91	295.15	0	53.58
2002	11	15	2.378	2875.0991	318.0991	14.0991	 1.86	 0.05	206.51	 0.82	 2.89	 0.95	10.83	 2.11	328.70	288.96	296.86	268.02	293.97	0	53.60
2002	11	15	3.039	2875.1267	318.1266	14.1266	 1.86	 0.05	204.00	 0.82	 4.25	 0.90	10.83	 2.11	328.67	288.08	294.71	267.68	293.11	0	53.54
2002	11	15	3.701	2875.1543	318.1542	14.1542	 1.71	 0.07	204.46	 1.20	 2.77	 0.99	10.85	 2.14	328.94	287.29	293.84	267.82	292.15	0	53.56
2002	11	15	4.363	2875.1819	318.1818	14.1818	 1.84	 0.07	205.86	 1.10	 1.50	 1.00	10.83	 2.20	328.43	286.71	293.55	269.86	291.64	0	53.97
2002	11	15	5.024	2875.2095	318.2094	14.2094	 1.80	 0.06	204.58	 1.04	 4.11	 0.96	10.85	 2.13	326.97	286.36	293.32	270.08	291.35	0	54.02
2002	11	15	5.686	2875.2368	318.2369	14.2369	 1.74	 0.04	203.17	 0.76	 1.41	 0.98	10.82	 2.15	326.79	286.27	292.27	 0.00	291.44	0	54.00
2002	11	15	6.347	2875.2644	318.2645	14.2645	 1.74	 0.07	203.58	 1.15	 2.61	 0.99	10.85	 2.14	326.67	286.10	292.51	268.93	291.25	0	53.79
2002	11	15	7.039	2875.2932	318.2933	14.2933	 2.26	 0.07	210.98	 0.71	26.97	 0.03	10.77	 2.27	326.74	286.01	296.43	269.56	291.25	0	53.91
2002	11	15	7.700	2875.3208	318.3208	14.3208	 2.41	 0.10	212.35	 0.80	30.27	 0.07	10.85	 2.28	327.95	285.71	297.45	269.37	290.96	0	53.87
2002	11	15	8.363	2875.3484	318.3484	14.3484	 2.43	 0.08	210.81	 0.66	28.28	 0.02	10.97	 2.31	327.11	285.41	296.50	269.90	290.54	0	53.98
2002	11	15	9.037	2875.3765	318.3766	14.3766	 2.45	 0.11	212.31	 0.85	29.14	 0.12	11.05	 2.33	327.99	285.20	295.77	269.91	289.33	0	53.98
2002	11	15	9.713	2875.4048	318.4047	14.4047	 2.64	 0.14	211.13	 0.88	19.10	 0.41	11.07	 2.30	328.45	285.21	296.70	269.31	290.62	0	53.86
2002	11	15	10.390	2875.4329	318.4329	14.4329	 2.72	 0.13	211.54	 0.77	 3.46	 0.95	11.08	 2.27	328.55	286.54	296.54	273.76	291.44	0	54.75
2002	11	15	11.066	2875.4612	318.4611	14.4611	 2.41	 0.09	213.29	 0.74	 1.20	 0.99	11.08	 2.33	328.64	288.37	298.69	277.14	293.23	0	55.43
2002	11	15	23.958	2875.9983	318.9982	14.9982	 1.97	 0.08	212.05	 1.16	 1.77	 1.00	11.12	 2.17	327.63	293.24	304.74	268.93	299.05	0	53.79
2002	11	16	0.634	2876.0264	319.0264	15.0264	 1.64	 0.06	207.90	 1.14	 3.57	 0.98	11.08	 2.13	328.46	291.27	300.04	267.16	296.93	0	53.43
2002	11	16	1.310	2876.0547	319.0546	15.0546	 1.85	 0.06	209.28	 1.02	 0.78	 1.00	11.08	 2.06	328.74	289.68	297.89	267.21	294.78	0	53.44
2002	11	16	1.987	2876.0828	319.0828	15.0828	 1.96	 0.06	208.64	 0.87	 1.44	 0.99	11.08	 2.07	328.13	288.49	295.78	267.50	293.57	0	53.50
2002	11	16	2.662	2876.1108	319.1109	15.1109	 2.24	 0.08	210.64	 0.79	 2.89	 0.96	11.08	 2.11	328.66	287.65	295.30	267.34	294.69	0	53.47
2002	11	16	3.339	2876.1392	319.1391	15.1391	 2.18	 0.12	210.18	 1.28	 1.73	 1.00	11.10	 2.16	327.99	286.99	293.81	266.82	292.40	0	53.36
2002	11	16	4.015	2876.1672	319.1673	15.1673	 1.86	 0.06	208.58	 0.93	 0.76	 1.00	11.07	 2.10	328.20	286.36	292.54	266.16	289.91	0	53.23
2002	11	16	4.691	2876.1956	319.1955	15.1955	 1.93	 0.05	210.83	 0.70	 2.67	 0.93	11.08	 2.18	326.89	285.96	292.90	267.10	290.93	0	53.42
2002	11	16	5.367	2876.2236	319.2236	15.2236	 2.07	 0.09	211.49	 1.04	 1.78	 1.00	11.10	 2.25	327.90	285.62	293.33	266.62	290.47	0	53.32
2002	11	16	6.044	2876.2517	319.2518	15.2518	 2.34	 0.06	208.39	 0.56	 1.86	 0.94	11.05	 2.12	327.61	285.08	290.86	266.36	290.51	0	53.27
2002	11	16	6.720	2876.2800	319.2800	15.2800	 2.26	 0.10	209.95	 0.94	 2.38	 0.99	11.08	 2.16	327.29	284.67	291.01	265.79	289.82	0	53.16
2002	11	16	7.397	2876.3081	319.3082	15.3082	 2.56	 0.13	208.30	 0.86	 1.77	 0.99	11.08	 2.06	326.82	284.35	290.66	266.30	289.94	0	53.26
2002	11	16	8.075	2876.3364	319.3365	15.3365	 2.49	 0.14	209.41	 1.00	 1.14	 1.00	11.20	 2.16	328.73	284.24	290.10	267.52	288.98	0	53.50
2002	11	16	8.752	2876.3647	319.3647	15.3647	 2.65	 0.18	209.91	 1.09	 2.12	 1.00	11.07	 2.24	328.52	284.31	290.31	267.89	289.04	0	53.58
2002	11	16	9.428	2876.3928	319.3928	15.3928	 2.68	 0.15	210.92	 0.90	 2.03	 0.99	11.08	 2.20	328.56	284.39	290.44	267.67	288.04	0	53.53
2002	11	16	10.105	2876.4211	319.4210	15.4210	 2.84	 0.15	207.59	 0.76	 1.73	 0.99	11.08	 2.15	328.73	284.83	290.96	270.19	287.87	0	54.04
2002	11	16	10.781	2876.4492	319.4492	15.4492	 2.57	 0.15	207.88	 1.02	 1.99	 1.00	11.12	 2.18	328.75	286.74	292.78	280.53	289.70	0	56.11
2002	11	16	11.457	2876.4773	319.4774	15.4774	 3.00	 0.20	203.39	 0.83	 2.06	 0.99	11.08	 2.13	328.60	288.69	293.58	282.98	292.06	0	56.60
2002	11	16	12.133	2876.5056	319.5056	15.5056	 2.92	 0.22	205.49	 0.98	 1.32	 1.00	11.08	 2.23	328.44	291.94	298.75	290.68	296.76	0	58.14
2002	11	16	12.809	2876.5337	319.5337	15.5337	 2.92	 0.26	209.83	 1.21	 0.84	 1.00	11.08	 2.22	328.26	295.07	304.13	289.57	300.53	0	57.91
2002	11	16	13.486	2876.5620	319.5619	15.5619	 2.89	 0.15	212.69	 0.71	 2.42	 0.97	11.08	 2.27	328.00	297.77	308.60	290.26	303.62	0	58.05
2002	11	16	14.162	2876.5901	319.5901	15.5901	 3.00	 0.23	208.91	 0.96	 4.18	 0.97	11.08	 2.22	327.81	300.25	309.69	293.85	306.69	0	58.77
2002	11	16	14.838	2876.6182	319.6183	15.6182	 2.93	 0.21	216.20	 0.98	 2.64	 0.99	11.08	 2.36	327.90	302.61	314.65	292.72	308.59	0	58.54
2002	11	16	15.514	2876.6465	319.6464	15.6464	 2.81	 0.20	211.92	 1.06	 0.86	 1.00	11.08	 2.11	328.25	304.37	316.32	291.15	310.06	0	58.23
2002	11	16	16.190	2876.6746	319.6746	15.6746	 3.07	 0.38	217.88	 1.52	 2.74	 1.00	11.08	 2.30	325.36	305.51	318.12	288.57	310.92	0	57.71
2002	11	16	16.896	2876.7041	319.7040	15.7040	 2.79	 0.22	208.68	 1.13	 2.33	 1.00	11.12	 1.91	325.96	306.41	318.15	287.47	312.42	0	57.49
2002	11	16	18.249	2876.7605	319.7604	15.7604	 2.65	 0.26	207.12	 1.56	 2.86	 1.00	11.08	 1.77	323.82	307.19	319.59	286.66	312.20	0	57.33
2002	11	16	20.954	2876.8730	319.8731	15.8731	 3.01	 0.70	200.78	 2.82	 9.18	 1.00	11.08	 1.70	324.13	303.36	314.86	278.22	308.00	0	55.64
2002	11	16	21.631	2876.9014	319.9013	15.9013	 2.89	 0.37	203.50	 1.71	 4.94	 1.00	11.10	 1.79	323.37	301.96	313.83	278.41	308.25	0	55.68
2002	11	17	0.336	2877.0139	320.0140	16.0140	 3.18	 0.28	209.06	 0.96	 1.42	 1.00	11.08	 2.16	326.42	291.09	300.65	267.85	296.16	0	53.57
2002	11	17	1.743	2877.0725	320.0726	16.0726	 3.84	 0.60	200.70	 1.02	 4.46	 0.98	11.08	 1.97	325.79	287.73	293.56	266.30	292.64	0	53.26
2002	11	17	2.419	2877.1008	320.1008	16.1008	 3.65	 0.47	198.90	 0.95	 5.01	 0.96	11.07	 1.89	327.34	286.53	292.75	264.90	292.69	0	52.98
2002	11	17	3.095	2877.1289	320.1290	16.1290	 3.15	 0.25	196.96	 0.85	 6.25	 0.89	11.08	 1.87	326.72	285.51	291.33	265.02	290.28	0	53.00
2002	11	17	4.449	2877.1853	320.1854	16.1854	 2.99	 0.28	196.79	 1.12	 7.35	 0.95	11.08	 1.87	326.66	284.38	288.92	265.67	289.97	0	53.13
2002	11	17	8.437	2877.3516	320.3515	16.3515	 1.27	 0.03	329.92	 1.58	27.44	 0.49	11.07	 1.57	327.15	283.84	337.21	265.86	290.25	0	53.17
2002	11	17	10.565	2877.4402	320.4402	16.4402	 3.68	 0.59	195.14	 1.13	 9.09	 0.93	11.13	 2.05	327.24	286.45	293.10	275.87	291.71	0	55.17
2002	11	17	11.243	2877.4685	320.4685	16.4685	 3.02	 0.40	185.12	 1.46	 7.48	 0.98	11.08	 1.79	327.31	288.74	293.61	277.58	292.15	0	55.52
2002	11	17	12.629	2877.5261	320.5262	16.5262	 2.03	 0.12	196.18	 1.43	 4.03	 0.99	11.12	 1.92	327.16	293.35	300.23	282.27	298.29	0	56.45
2002	11	17	13.306	2877.5544	320.5544	16.5544	 2.01	 0.12	203.47	 1.55	 4.06	 1.00	11.08	 2.16	327.31	295.52	304.63	282.98	301.49	0	56.60
2002	11	17	14.658	2877.6108	320.6107	16.6107	 1.75	 0.10	200.74	 1.76	 2.39	 1.00	11.08	 2.06	325.67	299.07	308.65	283.02	305.35	0	56.60
2002	11	17	15.334	2877.6389	320.6389	16.6389	 2.15	 0.15	210.05	 1.64	 5.38	 0.99	11.08	 2.34	327.03	300.53	310.82	284.56	305.96	0	56.91
2002	11	17	16.686	2877.6953	320.6953	16.6953	 1.69	 0.11	205.18	 2.05	 2.67	 1.00	11.08	 1.94	326.52	302.58	312.80	282.01	308.05	0	56.40
2002	11	18	1.457	2878.0608	321.0607	17.0607	 1.60	 0.06	150.48	 0.91	121.69	 0.00	11.08	 1.78	326.61	288.57	297.72	265.32	294.55	0	53.06
2002	11	18	11.040	2878.4600	321.4600	17.4600	 0.70	 0.02	180.34	 2.19	 2.05	 0.99	11.10	 2.20	326.95	288.93	296.81	292.04	293.02	0	58.41
2002	11	18	11.717	2878.4883	321.4882	17.4882	 0.65	 0.02	183.74	 2.09	 2.87	 0.95	11.10	 2.20	327.00	292.44	301.23	290.77	298.23	0	58.15
2002	11	18	12.393	2878.5164	321.5164	17.5164	 0.59	 0.03	188.18	 3.54	 1.69	 1.00	11.08	 2.10	326.73	295.83	304.95	291.65	301.73	0	58.33
2002	11	18	13.069	2878.5444	321.5446	17.5445	 0.58	 0.02	197.98	 3.35	 6.87	 0.91	11.08	 2.08	325.19	298.87	309.32	291.24	305.74	0	58.25
2002	11	18	13.746	2878.5728	321.5727	17.5727	 0.61	 0.02	200.93	 2.99	 7.94	 0.86	11.08	 1.98	326.99	301.69	313.07	294.61	307.82	0	58.92
2002	11	18	14.421	2878.6008	321.6009	17.6009	 0.86	 0.02	208.22	 1.63	 4.33	 0.93	11.07	 2.01	326.23	303.99	316.13	293.42	309.85	0	58.68
2002	11	18	15.097	2878.6292	321.6291	17.6291	 1.12	 0.03	211.30	 1.55	 5.81	 0.94	11.08	 2.07	326.57	305.74	318.05	291.48	311.24	0	58.30
2002	11	18	15.773	2878.6572	321.6572	17.6572	 1.18	 0.03	215.22	 1.28	 1.62	 0.99	11.08	 2.04	327.08	307.01	318.20	289.41	312.77	0	57.88
2002	11	18	16.449	2878.6853	321.6854	17.6854	 1.35	 0.03	209.63	 0.95	 1.35	 0.99	11.07	 1.82	324.96	307.53	320.77	289.21	313.84	0	57.84
2002	11	18	17.802	2878.7417	321.7418	17.7417	 1.46	 0.04	215.73	 1.01	 1.73	 0.99	11.08	 2.23	328.14	308.61	320.42	287.99	316.67	0	57.60
2002	11	18	23.886	2878.9954	321.9953	17.9953	 1.47	 0.20	209.96	 5.30	 5.71	 1.00	11.08	 2.02	325.65	296.12	306.89	270.35	300.60	0	54.07
2002	11	19	0.563	2879.0234	322.0234	18.0234	 1.68	 0.07	205.04	 1.38	 1.90	 1.00	11.08	 2.04	326.20	293.09	302.62	267.89	298.14	0	53.58
2002	11	19	1.239	2879.0515	322.0516	18.0516	 1.73	 0.05	204.67	 0.86	 0.76	 1.00	11.08	 2.03	326.75	290.80	299.31	 0.00	296.49	0	54.00
2002	11	19	5.079	2879.2117	322.2116	18.2116	 1.36	 0.03	203.83	 1.01	 2.07	 0.98	11.12	 2.11	326.60	285.58	292.81	266.00	291.67	0	53.20
2002	11	19	5.756	2879.2397	322.2398	18.2398	 1.32	 0.03	201.96	 1.00	 5.51	 0.84	11.08	 2.09	324.94	285.20	292.45	266.73	290.82	0	53.35
2002	11	19	12.001	2879.5000	322.5000	18.5000	 2.27	 0.06	352.29	 0.98	22.86	 0.38	11.08	 1.79	327.30	293.40	379.12	290.65	298.82	0	58.13
2002	11	19	12.687	2879.5286	322.5286	18.5286	 2.29	 0.06	352.68	 0.97	29.83	 0.21	11.37	 1.68	327.01	296.67	383.59	293.39	302.39	0	58.68
2002	11	19	13.379	2879.5574	322.5575	18.5575	24.27	213441034.59	328.64	 0.76	113.27	 0.00	11.35	 2.09	326.83	299.54	374.61	291.87	303.73	0	58.37
2002	11	19	14.072	2879.5864	322.5863	18.5863	26.14	1312793132.75	322.27	 0.71	110.41	 0.00	11.37	 2.23	327.26	301.72	371.94	293.00	307.57	0	58.60
2002	11	19	23.801	2879.9917	322.9917	18.9917	 2.06	 0.11	198.88	 1.28	 0.77	 1.00	11.35	 1.84	324.78	295.00	301.72	 0.00	299.73	0	54.00
2002	11	20	0.494	2880.0205	323.0206	19.0206	 2.24	 0.10	207.82	 0.97	 3.00	 0.98	11.35	 2.16	325.89	292.11	300.68	267.89	297.06	0	53.58
2002	11	20	3.279	2880.1367	323.1366	19.1366	 1.83	 0.05	215.63	 0.92	 3.97	 0.94	11.35	 2.21	326.07	285.88	295.23	265.98	290.94	0	53.20
2002	11	21	0.222	2881.0093	324.0092	20.0092	 2.53	 0.13	210.56	 0.94	 1.44	 1.00	11.33	 2.09	323.27	293.85	303.78	268.87	299.10	0	53.77
2002	11	21	0.914	2881.0381	324.0381	20.0381	 2.23	 0.06	214.19	 0.62	 1.02	 0.99	11.35	 2.26	324.56	291.34	301.14	267.97	296.57	0	53.59
2002	11	21	1.606	2881.0669	324.0669	20.0669	 2.48	 0.10	215.14	 0.75	 0.47	 1.00	11.35	 2.26	324.73	289.58	299.18	267.68	294.74	0	53.54
2002	11	21	17.303	2881.7209	324.7209	20.7210	 2.90	 0.15	215.37	 0.73	 3.53	 0.93	11.37	 1.99	325.14	303.62	314.57	292.37	308.38	0	58.47
2002	11	21	19.379	2881.8074	324.8075	20.8075	 4.14	 0.66	213.86	 0.86	 1.82	 0.99	11.33	 1.99	326.01	303.16	314.36	283.00	309.73	0	56.60
2002	11	21	20.071	2881.8362	324.8363	20.8363	 4.76	 1.13	218.77	 0.81	 0.40	 1.00	11.33	 2.09	325.85	301.56	313.16	 0.00	308.33	0	54.00
2002	11	21	20.764	2881.8652	324.8652	20.8652	 3.47	 0.37	213.53	 0.96	 0.46	 1.00	11.33	 2.05	325.62	300.86	311.22	283.67	309.04	0	56.73
2002	11	21	21.457	2881.8940	324.8940	20.8941	 3.23	 0.28	213.47	 0.94	 3.09	 0.98	11.33	 2.02	325.88	302.36	311.47	281.72	307.83	0	56.34
2002	11	21	22.149	2881.9229	324.9229	20.9229	 3.84	 0.46	214.62	 0.82	 1.08	 1.00	11.40	 2.13	325.57	301.45	311.88	280.96	307.53	0	56.19
2002	11	21	22.843	2881.9519	324.9518	20.9518	 3.40	 0.45	211.52	 1.25	 0.50	 1.00	11.32	 1.96	324.77	300.05	309.63	274.94	304.44	0	54.99
2002	11	22	0.918	2882.0383	325.0383	21.0383	 4.55	 0.98	212.36	 0.84	 2.29	 0.99	11.33	 2.07	325.70	292.55	301.64	269.61	297.92	0	53.92
2002	11	22	1.611	2882.0671	325.0671	21.0671	 4.34	 0.72	213.49	 0.77	 1.01	 1.00	11.33	 2.10	325.73	291.03	300.61	270.48	296.51	0	54.10
2002	11	22	2.303	2882.0959	325.0959	21.0960	 4.21	 0.67	214.91	 0.82	 2.87	 0.98	11.32	 2.18	326.01	290.09	298.95	270.94	295.77	0	54.19
2002	11	22	2.996	2882.1248	325.1248	21.1248	 5.02	 1.39	215.46	 0.75	 0.34	 1.00	11.33	 2.16	326.52	289.56	297.97	270.93	295.22	0	54.19
2002	11	22	3.687	2882.1536	325.1536	21.1536	 7.43	14.08	215.52	 0.68	 0.87	 1.00	11.33	 2.23	326.97	289.25	296.90	271.45	294.59	0	54.29
2002	11	22	4.380	2882.1824	325.1825	21.1825	 4.33	 0.60	213.63	 0.64	 0.41	 1.00	11.35	 2.16	327.11	289.02	296.14	270.91	294.75	0	54.18
2002	11	22	5.071	2882.2112	325.2113	21.2113	 4.24	 0.71	210.80	 0.84	 0.38	 1.00	11.33	 2.05	326.98	288.95	295.25	270.85	294.24	0	54.17
2002	11	22	5.764	2882.2402	325.2401	21.2402	29.23	55462693048.28	211.57	 0.90	 0.29	 1.00	11.37	 2.10	327.03	288.94	295.42	270.70	294.58	0	54.14
2002	11	22	6.457	2882.2690	325.2690	21.2690	 5.05	 0.97	214.90	 0.51	 1.10	 0.98	11.35	 2.17	326.79	288.87	297.20	270.76	294.11	0	54.15
2002	11	22	7.148	2882.2979	325.2979	21.2978	24.43	369111609.96	214.89	 0.73	 1.67	 0.99	11.33	 2.23	325.71	288.46	297.88	269.76	294.21	0	53.95
2002	11	22	11.148	2882.4646	325.4645	21.4645	25.10	852338822.24	206.79	 0.84	 1.78	 0.99	11.40	 2.09	327.24	290.65	296.78	279.80	295.24	0	55.96
2002	11	22	11.842	2882.4934	325.4934	21.4934	46.25	 1.00	205.36	 0.00	 2.67	 0.00	11.40	 1.98	327.36	293.54	300.27	287.20	299.09	0	57.44
2002	11	22	12.534	2882.5222	325.5223	21.5223	30.25	160793717494.54	204.93	 0.91	 4.46	 0.97	11.33	 2.00	327.88	296.90	305.64	290.97	302.27	0	58.19
2002	11	22	13.226	2882.5510	325.5511	21.5511	18.75	1331100.98	212.99	 0.77	 5.01	 0.93	11.35	 2.13	327.26	299.72	309.79	287.21	305.61	0	57.44
2002	11	22	13.918	2882.5798	325.5799	21.5799	 4.07	 0.45	215.79	 0.64	 3.71	 0.90	11.35	 2.24	326.69	301.75	312.55	292.73	307.64	0	58.55
2002	11	23	7.731	2883.3220	326.3221	22.3221	 6.41	 5.46	216.24	 0.74	 5.52	 0.89	10.83	 2.26	329.03	287.25	297.57	268.09	292.43	0	53.62
2002	11	23	8.392	2883.3496	326.3497	22.3497	32.19	639243954008.20	214.19	 0.54	 5.48	 0.68	10.83	 2.17	329.02	287.07	296.56	268.61	292.06	0	53.72
2002	11	23	9.054	2883.3772	326.3772	22.3772	23.58	148530827.44	215.85	 0.69	 5.04	 0.88	10.83	 2.27	329.99	286.94	296.47	268.23	291.79	0	53.65
2002	11	23	9.715	2883.4048	326.4048	22.4048	40.46	 0.97	216.23	 0.00	 6.53	 0.00	10.85	 2.30	330.24	287.06	296.86	268.91	293.75	0	53.78
2002	11	24	0.401	2884.0168	327.0167	23.0167	 4.99	 1.74	208.58	 0.94	 1.64	 1.00	10.88	 2.03	326.29	294.34	303.26	270.00	299.62	0	54.00
2002	11	24	1.063	2884.0442	327.0443	23.0443	 4.62	 1.53	212.05	 1.22	 0.43	 1.00	10.83	 2.09	325.11	292.20	302.08	268.88	297.17	0	53.78
2002	11	24	1.726	2884.0720	327.0719	23.0719	 4.67	 0.94	210.79	 0.71	 1.25	 0.99	10.83	 2.07	326.73	290.65	297.84	268.63	294.69	0	53.73
2002	11	24	2.388	2884.0994	327.0995	23.0995	17.80	486202.33	210.90	 0.72	 1.75	 0.99	10.83	 2.05	327.24	289.62	296.53	269.22	294.62	0	53.84
2002	11	24	3.049	2884.1270	327.1271	23.1271	 8.04	25.09	210.14	 0.64	 0.50	 1.00	10.85	 2.00	328.30	288.97	295.84	269.00	292.98	0	53.80
2002	11	24	3.711	2884.1545	327.1546	23.1546	 4.40	 0.80	209.41	 0.79	 0.71	 1.00	10.82	 2.00	328.05	288.38	294.78	268.11	293.47	0	53.62
2002	11	24	5.666	2884.2361	327.2361	23.2361	 5.20	 1.61	211.82	 0.71	 0.74	 1.00	10.85	 2.11	329.14	287.31	294.34	268.14	293.15	0	53.63
2002	11	24	10.841	2884.4517	327.4517	23.4517	 3.74	 0.43	216.06	 0.86	 4.34	 0.96	10.87	 2.26	329.70	288.98	299.01	281.06	294.65	0	56.21
2002	11	24	11.505	2884.4792	327.4794	23.4794	 3.17	 0.25	216.55	 0.92	 8.30	 0.86	10.85	 2.23	329.75	291.68	300.11	283.93	295.33	0	56.79
2002	11	24	12.166	2884.5068	327.5069	23.5069	 3.08	 0.25	220.44	 1.02	16.23	 0.70	10.83	 2.29	329.83	294.22	305.43	286.19	299.27	0	57.24
2002	11	24	12.828	2884.5344	327.5345	23.5345	 2.57	 0.12	225.95	 0.89	32.61	 0.12	10.83	 2.33	329.69	297.22	309.50	287.90	306.14	0	57.58
2002	11	24	13.489	2884.5620	327.5620	23.5620	 2.95	 0.17	226.61	 0.82	25.76	 0.18	10.83	 2.34	329.76	299.78	311.69	286.37	305.76	0	57.27
2002	11	24	14.150	2884.5896	327.5896	23.5896	 2.55	 0.13	229.54	 0.98	46.41	 0.07	10.83	 2.35	329.70	302.15	315.00	289.51	307.91	0	57.90
2002	11	24	14.812	2884.6172	327.6172	23.6172	 2.20	 0.07	234.76	 0.81	39.07	 0.02	10.85	 2.37	328.99	304.56	318.04	290.99	310.00	0	58.20
2002	11	24	15.474	2884.6448	327.6447	23.6447	 2.22	 0.08	235.54	 0.88	55.59	 0.01	10.83	 2.28	329.41	306.50	320.25	289.97	312.19	0	57.99
2002	11	24	16.135	2884.6724	327.6723	23.6723	 2.35	 0.11	234.60	 1.08	55.78	 0.06	10.85	 2.21	330.07	307.80	322.34	288.56	313.69	0	57.71
2002	11	24	16.797	2884.7000	327.6999	23.6999	 2.41	 0.08	233.29	 0.71	39.26	 0.00	10.85	 2.24	329.68	308.30	322.13	287.29	314.14	0	57.46
2002	11	24	17.458	2884.7275	327.7274	23.7274	 2.85	 0.17	229.90	 0.94	18.83	 0.52	10.83	 2.27	329.59	307.54	321.27	284.16	313.50	0	56.83
2002	11	24	18.120	2884.7549	327.7550	23.7550	 2.71	 0.20	229.03	 1.25	32.78	 0.51	10.83	 2.19	329.51	306.30	321.02	282.08	310.92	0	56.42
2002	11	24	18.781	2884.7825	327.7825	23.7825	 2.97	 0.21	230.25	 1.01	11.96	 0.80	10.83	 2.44	329.48	305.00	319.79	281.99	310.99	0	56.40
2002	11	24	20.134	2884.8389	327.8389	23.8389	 3.12	 0.33	212.90	 1.23	 8.99	 0.95	10.85	 2.03	329.44	304.39	314.52	280.80	310.27	0	56.16
2002	11	24	20.796	2884.8665	327.8665	23.8665	 2.87	 0.52	208.60	 2.51	 2.64	 1.00	10.83	 1.83	329.34	302.86	313.89	278.81	308.60	0	55.76
2002	11	24	22.119	2884.9216	327.9216	23.9216	 2.90	 0.67	214.59	 3.21	 7.07	 1.00	10.88	 2.10	329.33	299.41	311.96	276.10	305.21	0	55.22
2002	11	24	22.782	2884.9492	327.9492	23.9492	 3.17	 0.28	206.63	 0.97	 0.21	 1.00	10.85	 1.99	329.52	297.39	306.08	274.22	303.15	0	54.84
2002	11	24	23.444	2884.9768	327.9768	23.9768	 3.64	 0.87	209.67	 1.87	 1.42	 1.00	10.85	 2.09	329.56	295.03	303.67	271.10	300.64	0	54.22
2002	11	25	0.105	2885.0044	328.0044	24.0044	 3.70	 0.44	205.11	 0.87	 0.54	 1.00	10.85	 2.04	328.80	292.93	300.30	269.90	297.99	0	53.98
2002	11	25	0.768	2885.0320	328.0320	24.0320	 3.16	 0.31	209.01	 1.10	 1.75	 1.00	10.85	 2.16	328.91	291.23	298.40	268.53	296.08	0	53.71
2002	11	25	1.430	2885.0596	328.0596	24.0596	 2.86	 0.18	208.00	 0.86	 2.03	 0.99	10.85	 2.08	328.81	289.75	297.28	267.34	296.65	0	53.47
2002	11	25	5.331	2885.2222	328.2221	24.2221	 2.81	 0.23	192.55	 1.11	11.09	 0.87	10.85	 1.84	329.36	285.90	291.97	265.28	291.10	0	53.06
2002	11	25	5.994	2885.2498	328.2498	24.2498	 2.59	 0.18	192.45	 1.07	12.67	 0.81	10.85	 1.90	329.47	285.21	290.97	263.88	290.01	0	52.78
2002	11	25	6.656	2885.2773	328.2773	24.2773	 2.58	 0.16	191.57	 0.95	12.39	 0.72	10.88	 1.94	328.33	284.54	290.03	 0.00	287.83	0	54.00
2002	11	25	11.388	2885.4746	328.4745	24.4745	 1.05	 0.03	183.06	 1.28	 8.97	 0.69	10.85	 2.12	328.31	288.54	295.46	283.00	295.58	0	56.60
2002	11	25	12.050	2885.5020	328.5021	24.5021	 0.86	 0.02	178.96	 1.43	 6.34	 0.76	10.85	 2.03	328.50	291.74	299.54	287.18	298.52	0	57.44
2002	11	25	12.711	2885.5295	328.5296	24.5296	 0.90	 0.03	178.75	 1.49	 6.50	 0.82	10.85	 2.14	328.26	295.00	303.86	289.44	300.62	0	57.89
2002	11	25	13.372	2885.5571	328.5572	24.5572	 0.79	 0.02	185.83	 1.72	 8.54	 0.70	10.85	 2.01	328.14	298.25	308.23	294.65	302.30	0	58.93
2002	11	25	14.034	2885.5847	328.5847	24.5847	 0.95	 0.03	192.76	 1.70	 1.56	 1.00	10.83	 1.98	327.31	301.26	312.13	294.46	306.96	0	58.89
2002	11	25	14.695	2885.6123	328.6123	24.6123	 1.42	 0.04	204.44	 1.02	12.57	 0.53	10.85	 2.15	326.35	303.76	314.71	292.18	309.46	0	58.44
2002	11	25	15.357	2885.6399	328.6399	24.6399	 1.29	 0.04	197.48	 1.23	14.22	 0.60	10.83	 2.01	326.19	305.51	317.34	291.21	310.07	0	58.24
2002	11	25	16.048	2885.6687	328.6687	24.6687	 1.17	 0.04	207.36	 1.78	 6.86	 0.96	10.88	 1.87	326.62	306.80	318.54	290.21	312.39	0	58.04
2002	11	25	16.710	2885.6963	328.6962	24.6962	 1.26	 0.03	206.38	 1.22	 0.48	 1.00	10.85	 1.78	330.47	307.76	319.42	288.19	313.42	0	57.64
2002	11	25	17.373	2885.7239	328.7239	24.7239	 1.22	 0.05	209.27	 2.04	 6.40	 0.99	10.92	 1.88	330.56	308.55	320.79	288.47	314.02	0	57.69
2002	11	25	18.036	2885.7515	328.7515	24.7515	 1.21	 0.04	210.10	 1.71	 5.57	 0.97	10.85	 1.97	331.13	309.16	320.84	288.36	315.31	0	57.67
2002	11	25	18.698	2885.7791	328.7791	24.7791	 1.53	 0.06	212.44	 1.51	 3.83	 0.99	10.85	 2.08	330.95	309.39	321.46	287.84	315.43	0	57.57
2002	11	25	19.361	2885.8066	328.8067	24.8067	 1.24	 0.05	204.68	 1.93	 3.15	 1.00	10.85	 1.75	330.95	309.52	321.17	287.29	315.17	0	57.46
2002	11	25	20.023	2885.8342	328.8343	24.8343	 1.28	 0.05	202.95	 1.73	 7.63	 0.96	10.85	 1.87	330.84	308.57	318.38	283.98	313.81	0	56.80
2002	11	25	21.347	2885.8894	328.8894	24.8894	 1.43	 0.05	213.66	 1.38	 0.80	 1.00	10.87	 2.15	330.65	306.69	318.43	 0.00	311.73	0	54.00
2002	11	25	22.008	2885.9170	328.9170	24.9170	 1.51	 0.06	204.68	 1.49	 1.26	 1.00	10.85	 2.03	330.62	305.46	315.14	281.96	310.17	0	56.39
2002	11	25	22.669	2885.9446	328.9445	24.9445	 1.27	 0.45	214.33	16.46	186.54	 1.00	10.83	 2.34	330.58	303.41	309.29	277.87	308.06	0	55.57
2002	11	25	23.331	2885.9722	328.9721	24.9721	 1.44	 0.15	202.20	 4.09	 1.91	 1.00	10.87	 1.90	330.58	299.76	307.24	272.13	304.49	0	54.43
2002	11	25	23.993	2885.9998	328.9997	24.9997	 1.70	 0.11	209.09	 2.14	 2.89	 1.00	10.83	 2.08	329.65	296.36	305.95	 0.00	301.18	0	54.00
2002	11	26	0.654	2886.0273	329.0272	25.0272	 1.45	 0.04	207.04	 1.16	 3.58	 0.97	10.85	 2.10	329.01	293.50	302.75	267.16	298.37	0	53.43
2002	11	26	1.315	2886.0547	329.0548	25.0548	 1.17	 0.04	209.46	 1.72	 3.95	 0.99	10.83	 2.09	329.97	291.14	298.99	266.57	295.90	0	53.31
2002	11	26	12.219	2886.5090	329.5091	25.5091	 2.86	 0.15	206.76	 0.73	 1.67	 0.99	11.10	 2.20	330.67	296.54	305.08	294.88	299.87	0	58.98
2002	11	26	12.894	2886.5374	329.5373	25.5373	 2.76	 0.14	207.82	 0.74	 0.99	 1.00	11.07	 2.12	330.43	299.38	307.73	294.78	305.07	0	58.96
2002	11	26	13.571	2886.5654	329.5655	25.5655	 2.82	 0.16	210.34	 0.83	 1.65	 0.99	11.08	 2.16	330.04	302.02	311.70	295.42	307.91	0	59.08
2002	11	26	14.247	2886.5937	329.5936	25.5936	 3.16	 0.26	209.64	 0.92	 0.68	 1.00	11.07	 2.00	330.38	304.10	313.95	294.94	310.27	0	58.99
2002	11	26	14.923	2886.6218	329.6218	25.6218	 2.58	 0.12	212.67	 0.82	 1.48	 0.99	11.07	 1.97	330.86	306.01	317.49	292.81	312.80	0	58.56
2002	11	26	15.598	2886.6499	329.6499	25.6499	 2.67	 0.16	213.68	 0.97	 5.04	 0.95	11.08	 2.02	330.74	307.34	319.53	292.20	314.51	0	58.44
2002	11	26	16.274	2886.6780	329.6781	25.6781	 2.63	 0.22	207.59	 1.37	 3.10	 1.00	11.08	 1.77	331.41	308.48	320.58	291.47	315.11	0	58.29
2002	11	26	17.626	2886.7344	329.7344	25.7344	 2.28	 0.16	209.29	 1.45	 1.53	 1.00	11.07	 1.73	329.52	309.82	321.50	289.69	314.22	0	57.94
2002	11	26	18.302	2886.7625	329.7626	25.7626	 2.39	 0.24	210.68	 1.98	 5.26	 1.00	11.08	 1.89	328.84	310.03	320.41	289.69	315.55	0	57.94
2002	11	26	18.978	2886.7908	329.7907	25.7907	 3.79	 0.71	217.60	 1.37	 2.67	 1.00	11.08	 2.19	328.38	309.85	319.96	287.81	315.76	0	57.56
2002	11	26	19.654	2886.8188	329.8189	25.8189	 2.73	 0.25	221.57	 1.52	 3.71	 1.00	11.08	 2.26	328.34	309.59	323.10	287.89	314.86	0	57.58
2002	11	26	20.330	2886.8472	329.8471	25.8471	 2.50	 0.28	214.03	 2.10	16.07	 0.98	11.08	 1.93	328.45	308.48	320.50	285.03	313.99	0	57.01
2002	11	26	21.008	2886.8752	329.8753	25.8753	 2.97	 0.28	216.34	 1.25	 2.64	 1.00	11.08	 2.15	328.48	307.39	318.90	283.18	312.47	0	56.64
2002	11	26	21.684	2886.9036	329.9035	25.9035	 2.22	 0.33	199.41	 3.18	 6.54	 1.00	11.05	 1.57	328.77	304.68	315.55	276.62	309.94	0	55.32
2002	11	26	23.035	2886.9597	329.9598	25.9598	 1.97	 0.62	213.35	 8.57	84.88	 1.00	11.07	 1.91	328.50	299.80	309.73	274.19	304.83	0	54.84
2002	11	26	23.711	2886.9880	329.9880	25.9880	 2.56	 0.24	208.99	 1.66	 3.09	 1.00	11.08	 2.03	327.92	296.60	307.41	270.96	300.85	0	54.19
2002	11	27	0.387	2887.0161	330.0161	26.0161	 2.35	 0.10	205.57	 0.85	 0.28	 1.00	11.05	 1.93	328.48	293.80	302.67	269.09	299.12	0	53.82
2002	11	27	1.064	2887.0444	330.0443	26.0443	 2.55	 0.10	209.21	 0.71	 2.06	 0.97	11.08	 2.06	329.67	291.65	300.39	267.98	296.48	0	53.60
2002	11	27	1.739	2887.0725	330.0725	26.0725	 2.62	 0.11	209.34	 0.72	 2.36	 0.97	11.05	 2.11	329.17	290.00	297.07	267.05	293.87	0	53.41
2002	11	27	2.415	2887.1006	330.1006	26.1006	 2.62	 0.12	209.37	 0.76	 2.48	 0.97	11.05	 2.09	329.05	288.99	295.83	268.09	293.91	0	53.62
2002	11	27	11.092	2887.4622	330.4622	26.4622	 1.92	 0.06	215.65	 0.92	 3.60	 0.96	11.08	 2.18	329.38	290.27	300.29	279.59	295.51	0	55.92
2002	11	27	11.769	2887.4905	330.4904	26.4904	 2.21	 0.10	219.75	 1.04	 6.74	 0.92	11.08	 2.28	329.41	292.19	301.39	 0.00	298.38	0	54.00
2002	11	27	12.444	2887.5186	330.5185	26.5185	 2.16	 0.06	217.40	 0.69	15.88	 0.17	11.08	 2.27	329.52	294.48	305.17	286.36	299.76	0	57.27
2002	11	27	13.120	2887.5466	330.5467	26.5467	 2.10	 0.07	221.64	 0.81	21.84	 0.16	11.08	 2.19	328.87	297.33	307.69	290.27	303.07	0	58.05
2002	11	27	13.796	2887.5750	330.5748	26.5748	 2.21	 0.08	220.58	 0.91	32.77	 0.11	11.07	 2.15	328.91	299.54	310.44	291.10	305.35	0	58.22
2002	11	27	14.472	2887.6030	330.6030	26.6030	 2.21	 0.07	227.42	 0.76	27.30	 0.05	11.07	 2.47	329.31	302.06	315.53	293.91	308.02	0	58.78
2002	11	27	15.148	2887.6311	330.6312	26.6312	 2.13	 0.07	225.56	 0.89	48.35	 0.01	11.07	 2.17	329.73	304.44	316.79	292.20	310.31	0	58.44
2002	11	27	15.823	2887.6592	330.6593	26.6593	 2.53	 0.09	225.07	 0.67	25.65	 0.03	11.10	 2.13	330.02	305.53	319.43	289.02	311.76	0	57.80
2002	11	27	16.499	2887.6875	330.6875	26.6875	 2.63	 0.14	223.80	 0.91	15.60	 0.57	11.07	 2.16	330.07	305.63	319.00	286.77	311.98	0	57.35
2002	11	27	17.175	2887.7156	330.7156	26.7156	 2.57	 0.08	228.02	 0.56	32.53	 0.00	11.12	 2.22	330.51	306.31	320.09	288.52	312.52	0	57.70
2002	11	27	17.852	2887.7439	330.7438	26.7438	 2.63	 0.14	227.55	 0.99	23.13	 0.43	11.07	 2.29	330.62	307.31	320.26	293.16	314.51	0	58.63
2002	11	27	18.528	2887.7720	330.7720	26.7720	 2.87	 0.18	226.25	 0.92	15.74	 0.59	11.07	 2.22	330.39	306.66	320.89	284.45	313.59	0	56.89
2002	11	27	19.204	2887.8000	330.8001	26.8001	 2.75	 0.17	221.70	 0.98	20.17	 0.51	11.08	 2.12	330.46	305.48	317.87	282.84	310.29	0	56.57
2002	11	27	19.879	2887.8284	330.8283	26.8283	 2.79	 0.14	219.56	 0.77	10.23	 0.62	11.07	 2.07	330.41	304.02	317.44	279.06	310.07	0	55.81
2002	11	27	20.556	2887.8564	330.8565	26.8565	 3.45	 0.45	222.74	 1.25	14.58	 0.88	11.07	 2.31	330.50	302.17	315.60	278.44	308.05	0	55.69
2002	11	27	21.907	2887.9128	330.9128	26.9128	 3.64	 1.08	221.06	 2.46	 6.28	 1.00	11.07	 2.37	330.33	299.61	312.68	277.49	304.83	0	55.50
2002	11	27	22.583	2887.9409	330.9409	26.9409	 4.02	 0.71	223.24	 1.09	 0.84	 1.00	11.07	 2.47	330.20	298.59	312.26	274.40	303.67	0	54.88
2002	11	27	23.259	2887.9692	330.9691	26.9691	 3.65	 0.44	215.91	 0.97	 1.84	 1.00	11.08	 2.19	329.48	296.06	307.42	 0.00	301.17	0	54.00
2002	11	27	23.935	2887.9973	330.9973	26.9973	 3.70	 0.37	214.49	 0.76	 2.25	 0.98	11.08	 2.25	329.11	293.60	304.17	269.23	298.58	0	53.85
2002	11	28	1.317	2888.0549	331.0549	27.0549	 3.96	 0.54	214.99	 0.85	 1.87	 0.99	11.02	 2.29	329.67	289.76	301.03	266.77	294.43	0	53.35
2002	11	28	23.661	2888.9858	331.9859	27.9859	 2.44	 0.20	205.80	 1.50	 2.97	 1.00	11.10	 1.91	329.32	296.00	305.71	269.85	300.57	0	53.97
2002	11	29	0.338	2889.0142	332.0141	28.0141	 2.51	 0.18	205.57	 1.29	 1.53	 1.00	11.12	 2.09	328.40	293.26	302.70	268.20	298.48	0	53.64
2002	11	29	1.015	2889.0422	332.0423	28.0423	 2.11	 0.11	205.84	 1.22	 1.55	 1.00	11.05	 2.04	329.70	291.06	299.17	266.89	295.98	0	53.38
# Unit 3, Chajnantor2, Filter  0,  Slot 1, 350 um (616) & yellow
#				days
#				since		day of	day of
# yr	mo	dy	 time	1/1/1995	year	month	Tau	unc	Tatm	unc	mse	fitgood	Etime	R	Thot	Twarm	Tchop	Tamb	<Tint>	Filter	Toff
# 1	2	3	4	5		6	7	8	9	10	11	12	13	14	15	16	17	18	19	20	21	22
