2002	12	1	13.286	2891.5537	334.5536	0.5536	 1.16	 0.07	190.63	 2.83	 6.43	 1.00	10.88	 1.94	324.66	295.04	304.21	284.03	300.33	0	56.81
2002	12	1	13.948	2891.5813	334.5812	0.5812	 1.48	 0.09	202.05	 2.20	 5.71	 1.00	10.85	 2.27	325.20	296.93	307.67	284.43	303.25	0	56.89
2002	12	1	14.610	2891.6086	334.6087	0.6087	 1.55	 0.08	205.51	 1.90	 8.23	 0.98	10.85	 2.43	325.47	298.69	309.39	285.46	304.10	0	57.09
2002	12	1	15.933	2891.6638	334.6639	0.6639	 2.03	 0.15	209.00	 1.93	15.61	 0.96	10.85	 2.15	325.54	301.59	313.28	285.06	307.19	0	57.01
2002	12	1	16.594	2891.6914	334.6914	0.6914	 1.78	 0.09	209.79	 1.56	 4.22	 0.99	10.83	 2.16	323.43	302.42	312.46	285.17	307.62	0	57.03
2002	12	1	17.256	2891.7190	334.7190	0.7190	 2.30	 0.20	217.62	 1.90	 7.78	 0.99	10.85	 2.29	325.40	303.16	316.41	283.95	308.15	0	56.79
2002	12	1	18.579	2891.7742	334.7741	0.7741	 2.81	 0.61	212.29	 3.19	 4.91	 1.00	10.85	 2.00	326.92	304.54	316.48	284.99	310.27	0	57.00
2002	12	1	19.903	2891.8293	334.8293	0.8293	 2.98	 0.65	205.88	 2.76	 2.74	 1.00	10.82	 1.76	327.25	304.61	315.76	282.41	309.68	0	56.48
2002	12	1	20.564	2891.8569	334.8568	0.8568	 2.75	 0.35	217.53	 2.02	10.55	 0.99	10.85	 2.15	327.43	304.44	315.34	283.51	309.40	0	56.70
2002	12	2	11.373	2892.4739	335.4739	1.4739	 4.66	 1.58	201.22	 1.15	 0.10	 1.00	10.87	 2.10	328.11	290.20	297.97	283.65	293.63	0	56.73
2002	12	2	12.036	2892.5015	335.5015	1.5015	 4.63	 1.07	202.90	 0.81	 1.06	 1.00	10.88	 2.11	328.14	292.67	300.28	284.39	297.83	0	56.88
2002	12	2	12.701	2892.5293	335.5292	1.5292	 4.73	 0.95	208.86	 0.67	 3.24	 0.94	10.85	 2.26	328.11	295.16	304.24	285.98	301.28	0	57.20
2002	12	2	13.363	2892.5569	335.5568	1.5568	 3.94	 0.67	204.95	 1.03	 2.33	 1.00	10.83	 1.94	327.94	297.58	305.61	 0.00	302.93	0	54.00
2002	12	2	14.024	2892.5842	335.5844	1.5843	 3.50	 0.50	203.02	 1.20	 4.65	 0.99	10.88	 2.01	327.14	300.01	309.15	289.91	306.04	0	57.98
2002	12	2	14.687	2892.6121	335.6120	1.6120	 3.51	 0.61	209.92	 1.52	 0.88	 1.00	10.85	 2.18	326.63	301.74	310.39	288.15	310.61	0	57.63
2002	12	2	15.349	2892.6396	335.6396	1.6395	 3.22	 0.55	208.11	 1.81	 4.44	 1.00	10.85	 1.94	326.24	302.93	314.35	287.60	308.65	0	57.52
2002	12	2	16.011	2892.6672	335.6671	1.6671	 3.33	 0.53	208.56	 1.55	 4.27	 1.00	10.85	 2.10	326.90	304.25	313.76	287.51	309.86	0	57.50
2002	12	2	17.995	2892.7498	335.7498	1.7498	 2.91	 0.37	207.12	 1.71	 1.62	 1.00	10.85	 1.85	325.80	306.55	315.12	288.21	311.54	0	57.64
2002	12	2	18.657	2892.7773	335.7774	1.7774	 3.57	 0.67	209.58	 1.55	 2.68	 1.00	10.85	 1.81	326.06	306.39	319.52	284.81	311.49	0	56.96
2002	12	2	19.319	2892.8049	335.8050	1.8050	 5.04	 2.56	210.44	 1.33	 3.24	 1.00	10.83	 1.93	327.58	306.09	317.48	285.08	311.13	0	57.02
2002	12	2	19.981	2892.8325	335.8325	1.8325	 3.48	 0.70	209.83	 1.77	 8.02	 0.99	10.85	 1.85	328.08	304.59	315.20	280.39	 0.00	0	56.08
2002	12	2	20.643	2892.8601	335.8601	1.8601	 4.49	 1.77	212.82	 1.63	 1.51	 1.00	10.85	 1.97	328.14	303.09	314.57	280.28	308.89	0	56.06
2002	12	2	21.304	2892.8877	335.8877	1.8877	 4.28	 1.48	212.70	 1.69	 2.57	 1.00	10.83	 2.14	328.01	301.30	311.71	275.93	307.13	0	55.19
2002	12	2	22.628	2892.9429	335.9428	1.9428	 4.11	 0.67	214.04	 0.91	 1.43	 1.00	10.85	 2.23	328.13	296.48	307.47	271.91	302.26	0	54.38
2002	12	2	23.291	2892.9705	335.9705	1.9705	20.86	22280077.50	207.67	 1.53	 5.84	 0.99	10.87	 1.99	327.94	294.10	303.83	269.93	299.62	0	53.99
2002	12	2	23.954	2892.9980	335.9981	1.9981	 4.03	 0.57	206.87	 0.82	 1.16	 1.00	10.85	 1.99	328.53	292.22	300.41	268.83	299.41	0	53.77
2002	12	3	0.616	2893.0256	336.0257	2.0257	 4.12	 0.52	208.81	 0.68	 0.66	 1.00	10.85	 2.13	328.07	290.64	298.57	267.76	296.15	0	53.55
2002	12	4	0.246	2894.0103	337.0103	3.0103	 3.72	 0.41	217.49	 0.84	 0.47	 1.00	10.77	 2.34	325.99	288.79	300.04	267.71	292.63	0	53.54
2002	12	4	23.723	2894.9885	337.9885	3.9885	 3.88	 0.50	211.25	 0.84	 0.30	 1.00	11.10	 2.11	323.69	292.08	303.21	269.39	298.53	0	53.88
2002	12	5	0.399	2895.0166	338.0166	4.0166	 3.61	 0.50	209.29	 1.12	 4.81	 0.98	11.07	 2.05	324.35	290.36	299.15	267.90	296.29	0	53.58
2002	12	5	23.313	2895.9714	338.9714	4.9714	 4.94	 1.46	211.95	 0.84	 1.24	 1.00	11.12	 2.19	327.21	292.07	301.58	268.61	297.27	0	53.72
2002	12	5	23.989	2895.9995	338.9995	4.9995	 4.49	 1.04	207.73	 0.92	 0.49	 1.00	11.08	 2.10	327.21	290.83	297.72	268.04	295.27	0	53.61
2002	12	6	0.666	2896.0278	339.0277	5.0277	 4.64	 1.18	208.84	 0.91	 0.66	 1.00	11.08	 2.14	327.14	289.78	298.01	267.65	295.60	0	53.53
2002	12	6	12.846	2896.5352	339.5352	5.5353	 2.60	 0.18	184.17	 1.02	21.17	 0.51	11.08	 2.08	329.26	291.97	298.25	285.44	296.23	0	57.09
2002	12	12	18.061	2902.7524	345.7525	11.7525	 1.32	 0.04	244.36	 1.40	18.60	 0.61	10.77	 2.54	329.88	305.30	321.26	286.49	310.59	0	57.30
2002	12	12	19.384	2902.8076	345.8077	11.8077	 1.50	 0.07	238.65	 2.10	12.93	 0.97	10.83	 2.43	329.40	306.69	321.21	286.71	311.70	0	57.34
2002	12	12	21.369	2902.8904	345.8904	11.8904	 2.13	 0.11	234.16	 1.33	 6.10	 0.98	10.83	 2.58	329.90	305.82	320.56	282.31	308.91	0	56.46
2002	12	13	16.557	2903.6899	346.6899	12.6899	 1.00	 0.05	203.25	 2.53	 4.49	 0.99	10.88	 2.02	328.67	304.70	316.77	287.21	310.32	0	57.44
2002	12	14	14.625	2904.6094	347.6094	13.6094	 1.09	 0.03	240.75	 1.83	33.61	 0.39	10.78	 2.73	328.18	299.98	317.67	286.17	305.32	0	57.23
2002	12	15	12.484	2905.5203	348.5202	14.5202	 0.66	 0.03	172.13	 2.93	 3.12	 0.99	10.83	 1.98	328.92	292.38	299.83	290.19	297.86	0	58.04
2002	12	16	12.272	2906.5112	349.5113	15.5113	 1.11	 0.04	194.33	 1.66	 2.13	 1.00	10.87	 1.98	327.59	294.04	301.22	284.92	299.63	0	56.98
2002	12	16	12.933	2906.5388	349.5389	15.5389	 1.23	 0.05	202.25	 1.87	 2.92	 1.00	10.85	 2.21	327.02	296.80	306.47	285.18	302.55	0	57.04
2002	12	16	13.594	2906.5664	349.5664	15.5664	 1.17	 0.04	205.35	 1.47	 2.05	 0.99	10.83	 2.06	325.55	299.24	310.51	286.58	305.20	0	57.32
2002	12	16	14.258	2906.5940	349.5941	15.5941	 1.40	 0.03	211.80	 0.83	 5.70	 0.72	10.85	 2.16	325.85	301.46	313.63	 0.00	307.68	0	54.00
2002	12	16	14.919	2906.6216	349.6216	15.6216	 1.88	 0.08	207.89	 1.20	12.10	 0.83	10.85	 2.06	327.21	303.65	314.17	295.86	308.10	0	59.17
2002	12	16	15.581	2906.6492	349.6492	15.6492	 1.81	 0.06	212.04	 0.97	 0.99	 1.00	10.88	 1.99	328.91	305.47	316.41	292.38	311.91	0	58.48
2002	12	16	16.243	2906.6768	349.6768	15.6768	 1.74	 0.06	219.41	 1.22	 2.77	 0.99	10.85	 2.13	326.73	306.83	319.70	290.96	312.44	0	58.19
2002	12	16	16.904	2906.7043	349.7043	15.7043	 1.51	 0.04	213.49	 0.96	 1.32	 0.99	10.83	 1.92	326.49	307.61	319.66	291.12	313.09	0	58.22
2002	12	16	17.565	2906.7319	349.7319	15.7319	 1.78	 0.07	215.43	 1.20	 3.56	 0.98	10.83	 1.98	326.32	308.09	320.47	289.52	313.58	0	57.90
2002	12	16	18.227	2906.7595	349.7595	15.7595	 1.84	 0.06	220.52	 1.05	 1.38	 1.00	10.83	 2.22	329.40	308.70	320.94	290.89	313.69	0	58.18
2002	12	16	18.889	2906.7871	349.7870	15.7870	 1.92	 0.08	214.46	 1.22	 1.09	 1.00	10.85	 1.94	329.54	309.02	320.65	288.61	314.08	0	57.72
2002	12	16	20.212	2906.8423	349.8422	15.8422	 2.12	 0.07	216.26	 0.84	 4.12	 0.93	10.85	 2.22	330.46	308.96	320.40	287.11	314.05	0	57.42
2002	12	16	20.874	2906.8696	349.8697	15.8697	 1.80	 0.14	200.26	 2.29	 4.61	 1.00	10.83	 1.71	330.26	308.37	318.90	286.21	313.32	0	57.24
2002	12	16	21.535	2906.8972	349.8973	15.8973	 1.91	 0.11	205.37	 1.53	 1.64	 1.00	10.83	 1.90	330.22	307.39	317.07	284.43	311.92	0	56.89
2002	12	16	22.198	2906.9248	349.9249	15.9249	 2.07	 0.10	213.27	 1.16	 2.21	 1.00	10.85	 2.16	330.24	305.92	316.69	282.43	308.94	0	56.49
2002	12	16	22.870	2906.9529	349.9529	15.9529	 2.65	 1.16	217.74	 7.46	47.61	 1.00	11.13	 2.42	330.07	303.71	316.91	278.02	308.66	0	55.60
2002	12	17	0.203	2907.0085	350.0085	16.0085	 2.05	 0.13	202.63	 1.54	 3.30	 1.00	11.07	 1.86	329.07	296.42	304.18	269.13	301.68	0	53.83
2002	12	17	0.878	2907.0366	350.0366	16.0366	 1.91	 0.08	212.87	 1.12	 0.16	 1.00	11.03	 2.12	329.28	293.58	303.82	268.36	298.31	0	53.67
2002	12	17	1.553	2907.0647	350.0647	16.0647	 1.98	 0.05	212.43	 0.64	 1.53	 0.97	11.10	 2.15	328.36	291.43	300.75	269.45	296.31	0	53.89
2002	12	17	2.228	2907.0928	350.0928	16.0928	 1.91	 0.06	211.32	 0.90	 1.33	 0.99	11.03	 2.09	329.53	289.97	297.30	269.52	295.05	0	53.90
2002	12	17	2.903	2907.1208	350.1209	16.1209	 2.17	 0.11	211.93	 1.22	 2.55	 1.00	11.08	 2.11	329.84	288.93	295.21	268.64	294.40	0	53.73
2002	12	17	3.579	2907.1492	350.1491	16.1491	 2.13	 0.08	211.23	 0.93	 0.76	 1.00	11.03	 2.07	329.21	288.27	295.16	269.38	293.14	0	53.88
2002	12	17	10.322	2907.4302	350.4301	16.4301	 1.62	 0.03	295.42	 1.01	64.37	 0.00	11.03	 2.27	329.18	288.09	334.25	282.76	293.44	0	56.55
2002	12	17	15.087	2907.6287	350.6286	16.6286	 2.14	 0.08	210.76	 0.93	 0.64	 1.00	11.13	 1.92	329.67	307.16	318.98	294.70	312.14	0	58.94
2002	12	17	15.312	2907.6379	350.6380	16.6380	 2.14	 0.09	208.75	 0.94	 2.36	 0.99	10.93	 1.78	329.89	307.64	319.78	294.44	 0.00	0	58.89
2002	12	17	15.537	2907.6475	350.6474	16.6474	 2.18	 0.10	215.26	 1.10	 0.45	 1.00	11.20	 2.05	330.05	308.08	320.10	293.44	314.39	0	58.69
2002	12	17	15.762	2907.6567	350.6568	16.6568	 2.34	 0.09	215.37	 0.85	 0.54	 1.00	11.03	 2.03	330.25	308.44	320.41	293.67	314.76	0	58.73
2002	12	17	15.987	2907.6660	350.6661	16.6661	 2.29	 0.11	215.09	 1.06	 0.91	 1.00	11.12	 1.93	330.80	308.80	321.88	291.44	315.01	0	58.29
2002	12	17	16.212	2907.6755	350.6755	16.6755	 2.23	 0.07	216.40	 0.69	 3.24	 0.91	11.05	 1.83	331.50	309.14	321.67	 0.00	313.57	0	54.00
2002	12	17	16.438	2907.6848	350.6849	16.6849	 2.33	 0.15	213.53	 1.36	 2.46	 1.00	11.12	 1.87	331.52	309.43	322.05	291.11	315.58	0	58.22
2002	12	17	16.664	2907.6943	350.6943	16.6943	 2.23	 0.13	208.51	 1.28	 1.38	 1.00	11.03	 1.73	331.59	309.66	321.78	290.21	315.76	0	58.04
2002	12	17	16.889	2907.7036	350.7037	16.7037	 2.46	 0.19	208.93	 1.44	 6.97	 0.98	11.10	 1.75	331.46	309.86	321.75	290.36	316.51	0	58.07
2002	12	17	17.339	2907.7224	350.7224	16.7224	 2.27	 0.13	209.69	 1.23	 2.69	 1.00	11.10	 1.68	330.19	310.14	324.10	288.87	316.00	0	57.77
2002	12	17	17.564	2907.7319	350.7318	16.7318	 2.43	 0.18	214.76	 1.48	 1.92	 1.00	11.03	 1.89	330.13	310.25	323.02	289.38	315.87	0	57.88
2002	12	17	17.789	2907.7412	350.7412	16.7412	 2.31	 0.14	211.19	 1.29	 0.86	 1.00	11.10	 1.78	330.09	310.34	321.90	288.85	316.05	0	57.77
2002	12	17	18.014	2907.7505	350.7506	16.7506	 2.47	 0.14	216.83	 1.10	 0.97	 1.00	11.02	 2.02	329.65	310.39	321.54	290.46	316.10	0	58.09
2002	12	17	18.239	2907.7600	350.7600	16.7600	 2.61	 0.19	210.70	 1.25	 2.34	 1.00	11.10	 1.84	328.83	310.43	321.79	290.41	314.32	0	58.08
2002	12	17	18.689	2907.7788	350.7787	16.7787	 2.40	 0.20	207.56	 1.63	 2.91	 1.00	11.12	 1.69	329.63	310.39	322.93	287.48	316.24	0	57.50
2002	12	17	18.914	2907.7881	350.7881	16.7881	 2.72	 0.29	209.33	 1.64	 1.07	 1.00	11.03	 1.73	329.60	310.34	323.58	287.20	314.33	0	57.44
2002	12	17	19.814	2907.8257	350.8256	16.8256	 3.04	 0.31	215.73	 1.28	 4.31	 0.99	11.03	 2.03	329.32	309.93	320.94	288.24	315.23	0	57.65
2002	12	17	20.039	2907.8350	350.8350	16.8350	 2.75	 0.28	207.10	 1.54	 4.72	 1.00	11.08	 1.75	329.28	309.76	320.13	285.36	313.62	0	57.07
2002	12	17	20.264	2907.8442	350.8443	16.8443	 2.93	 0.35	214.12	 1.65	 1.14	 1.00	11.03	 2.05	329.26	309.57	319.94	285.91	314.78	0	57.18
2002	12	17	20.489	2907.8538	350.8537	16.8537	 3.11	 0.30	208.37	 1.11	 5.24	 0.98	11.10	 1.81	329.21	309.39	320.30	286.31	314.45	0	57.26
2002	12	17	21.199	2907.8833	350.8833	16.8833	 3.49	 0.38	218.65	 1.00	 1.87	 1.00	11.10	 2.24	329.05	308.48	319.91	286.82	313.95	0	57.36
2002	12	17	21.424	2907.8926	350.8927	16.8927	 3.07	 0.24	212.70	 0.95	 2.28	 0.99	11.02	 1.91	329.04	308.09	318.94	 0.00	315.25	0	54.00
2002	12	17	21.875	2907.9114	350.9115	16.9115	 2.89	 0.19	209.97	 0.93	 1.33	 1.00	11.03	 1.91	329.04	307.34	318.16	285.62	310.85	0	57.12
2002	12	17	22.101	2907.9209	350.9209	16.9209	 3.21	 0.26	209.46	 0.86	 1.95	 0.99	11.12	 1.91	329.00	306.83	317.82	283.95	311.39	0	56.79
2002	12	17	22.327	2907.9302	350.9303	16.9303	 3.43	 0.33	210.61	 0.90	 2.26	 0.99	11.10	 1.97	329.04	306.18	317.37	282.25	309.63	0	56.45
2002	12	17	23.909	2907.9961	350.9962	16.9962	 3.20	 0.27	204.42	 0.90	 1.02	 1.00	11.12	 1.81	328.25	298.58	309.02	271.54	302.49	0	54.31
2002	12	18	0.134	2908.0056	351.0056	17.0056	 3.77	 0.67	210.13	 1.27	 1.72	 1.00	11.05	 2.06	329.05	297.50	307.60	270.82	302.56	0	54.16
2002	12	18	0.359	2908.0149	351.0150	17.0150	 3.55	 0.33	212.62	 0.78	 0.48	 1.00	11.10	 2.15	329.00	296.53	305.96	270.17	302.08	0	54.03
2002	12	18	0.584	2908.0244	351.0244	17.0244	 3.41	 0.28	212.58	 0.76	 0.88	 1.00	11.02	 2.19	328.91	295.60	305.09	269.56	300.81	0	53.91
2002	12	18	0.809	2908.0337	351.0337	17.0337	 3.00	 0.19	210.47	 0.81	 1.20	 1.00	11.12	 2.05	329.58	294.78	303.47	269.24	299.69	0	53.85
2002	12	18	1.034	2908.0430	351.0431	17.0431	 2.80	 0.21	209.01	 1.11	 1.41	 1.00	11.03	 1.94	330.08	294.03	303.12	269.34	299.02	0	53.87
2002	12	18	1.259	2908.0525	351.0525	17.0525	 2.93	 0.17	212.79	 0.80	 0.75	 1.00	11.10	 2.16	330.07	293.35	301.77	269.60	298.31	0	53.92
2002	12	18	1.485	2908.0618	351.0619	17.0619	 2.67	 0.13	211.70	 0.78	 1.42	 0.99	11.03	 2.08	330.16	292.74	301.40	269.26	297.64	0	53.85
2002	12	18	1.709	2908.0713	351.0712	17.0712	 2.93	 0.19	211.37	 0.88	 1.02	 1.00	11.12	 2.11	330.15	292.18	300.14	269.31	297.07	0	53.86
2002	12	18	1.935	2908.0806	351.0806	17.0806	 2.87	 0.18	210.75	 0.88	 1.61	 0.99	11.02	 2.10	329.90	291.70	299.58	269.48	296.61	0	53.90
2002	12	18	2.160	2908.0901	351.0900	17.0900	 3.06	 0.17	213.01	 0.68	 1.09	 0.99	11.10	 2.22	329.89	291.24	299.50	269.56	296.17	0	53.91
2002	12	18	2.418	2908.1008	351.1007	17.1008	 3.47	 0.23	213.39	 0.62	 1.13	 0.99	11.12	 2.18	329.84	290.71	299.37	269.62	295.65	0	53.92
2002	12	18	2.644	2908.1101	351.1101	17.1102	 2.94	 0.18	213.98	 0.84	 1.02	 1.00	11.03	 2.25	328.57	290.30	299.11	269.96	295.22	0	53.99
2002	12	18	2.869	2908.1196	351.1195	17.1195	 2.68	 0.15	212.38	 0.91	 1.97	 0.99	11.10	 2.14	328.64	289.96	297.58	 0.00	293.94	0	54.00
2002	12	18	3.094	2908.1289	351.1289	17.1289	 2.75	 0.15	211.57	 0.81	 1.12	 1.00	11.03	 2.13	328.55	289.66	296.52	269.98	294.58	0	54.00
2002	12	18	3.319	2908.1382	351.1383	17.1383	 2.76	 0.16	213.08	 0.91	 0.05	 1.00	11.10	 2.19	328.80	289.41	296.70	270.05	295.10	0	54.01
2002	12	18	3.544	2908.1477	351.1477	17.1477	 2.55	 0.13	210.95	 0.93	 2.41	 0.99	11.03	 2.07	329.15	289.17	295.81	269.37	293.19	0	53.87
2002	12	18	3.769	2908.1570	351.1570	17.1570	 2.95	 0.18	211.00	 0.81	 1.28	 1.00	11.10	 2.11	329.23	288.94	296.32	269.06	293.95	0	53.81
2002	12	18	3.994	2908.1665	351.1664	17.1664	 2.80	 0.13	210.81	 0.68	 0.58	 1.00	11.03	 2.07	329.17	288.71	295.28	269.34	 0.00	0	53.87
2002	12	18	7.449	2908.3103	351.3104	17.3104	17.44	358415.74	216.31	 0.78	 9.22	 0.77	11.03	 2.20	329.08	287.75	299.92	269.71	291.98	0	53.94
2002	12	18	15.538	2908.6475	351.6474	17.6474	 3.45	 0.31	216.79	 0.84	 1.54	 0.99	11.15	 2.25	329.24	306.10	317.78	289.31	310.49	0	57.86
2002	12	18	15.989	2908.6663	351.6662	17.6662	 3.38	 0.57	206.59	 1.58	 0.47	 1.00	11.10	 1.80	329.81	306.70	317.35	288.57	312.64	0	57.71
2002	12	18	16.214	2908.6755	351.6756	17.6756	 3.10	 0.36	212.58	 1.39	 3.91	 1.00	11.03	 1.96	330.11	307.01	318.49	288.43	312.90	0	57.69
2002	12	18	16.439	2908.6851	351.6850	17.6850	 2.91	 0.49	209.55	 2.27	 4.77	 1.00	11.12	 1.76	330.01	307.26	318.36	287.23	314.04	0	57.45
2002	12	18	16.664	2908.6943	351.6943	17.6943	 3.26	 0.65	211.35	 2.08	 4.25	 1.00	11.05	 1.85	330.06	307.50	320.69	288.03	313.34	0	57.61
2002	12	18	16.889	2908.7036	351.7037	17.7037	 3.36	 0.45	217.20	 1.34	 5.01	 0.99	11.10	 2.16	329.71	307.70	318.86	289.16	313.49	0	57.83
2002	12	18	17.115	2908.7131	351.7131	17.7131	 2.90	 0.28	213.00	 1.32	 2.59	 1.00	11.03	 1.86	329.71	307.89	318.63	287.03	313.70	0	57.41
2002	12	18	17.339	2908.7224	351.7225	17.7225	 3.09	 0.27	215.17	 1.07	 0.28	 1.00	11.12	 1.99	329.14	308.04	319.46	286.99	313.42	0	57.40
2002	12	18	17.565	2908.7319	351.7319	17.7319	 3.43	 0.33	218.39	 0.92	 3.02	 0.98	11.03	 2.08	329.28	308.20	320.22	286.75	314.73	0	57.35
2002	12	18	17.790	2908.7412	351.7412	17.7412	 3.30	 0.40	220.89	 1.29	 2.10	 1.00	11.12	 2.05	330.18	308.38	320.41	 0.00	313.98	0	54.00
2002	12	18	18.015	2908.7507	351.7506	17.7506	 3.15	 0.22	218.92	 0.83	 1.23	 1.00	11.03	 2.20	330.55	308.57	319.18	287.03	314.16	0	57.41
2002	12	18	18.240	2908.7600	351.7600	17.7600	 3.07	 0.31	217.37	 1.24	 2.05	 1.00	11.12	 1.96	330.47	308.75	319.22	 0.00	314.15	0	54.00
2002	12	18	18.465	2908.7693	351.7693	17.7694	 3.03	 0.29	210.69	 1.20	 0.95	 1.00	11.03	 1.79	330.38	308.87	320.89	287.14	314.17	0	57.43
2002	12	18	18.690	2908.7788	351.7787	17.7787	 3.15	 0.36	205.78	 1.28	 2.59	 1.00	11.12	 1.67	330.42	308.96	320.77	286.95	314.28	0	57.39
2002	12	18	18.915	2908.7881	351.7881	17.7881	 3.59	 0.49	215.42	 1.14	 1.14	 1.00	11.03	 1.96	330.35	308.99	321.86	286.60	314.18	0	57.32
2002	12	18	19.140	2908.7976	351.7975	17.7975	 3.28	 0.19	214.22	 0.62	 2.60	 0.93	11.10	 2.03	330.49	309.03	318.70	286.58	314.12	0	57.32
2002	12	18	19.816	2908.8257	351.8257	17.8257	 4.25	 1.28	210.33	 1.48	 0.45	 1.00	11.03	 1.88	330.61	308.83	319.86	284.36	314.03	0	56.87
2002	12	18	20.266	2908.8445	351.8444	17.8444	 3.54	 0.83	209.01	 1.98	 2.92	 1.00	11.03	 1.87	330.53	308.41	318.56	283.63	313.63	0	56.73
2002	12	18	20.716	2908.8633	351.8632	17.8632	 4.06	 0.97	209.52	 1.35	 2.78	 1.00	11.03	 2.00	330.40	307.75	317.82	282.36	312.71	0	56.47
2002	12	18	20.941	2908.8726	351.8726	17.8725	 3.04	 0.50	210.69	 2.02	 4.15	 1.00	11.12	 1.87	330.34	307.43	319.72	281.68	312.23	0	56.34
2002	12	18	21.425	2908.8926	351.8927	17.8927	 3.62	 0.78	207.37	 1.70	 4.60	 1.00	11.02	 1.84	330.24	306.35	318.00	279.09	311.68	0	55.82
2002	12	18	21.650	2908.9021	351.9021	17.9021	 3.74	 0.88	215.21	 1.75	 2.97	 1.00	11.10	 2.14	330.19	305.74	317.90	279.67	310.80	0	55.93
2002	12	18	21.875	2908.9114	351.9115	17.9115	 3.24	 0.46	206.77	 1.48	 1.44	 1.00	11.05	 1.93	330.13	305.08	313.91	279.39	310.28	0	55.88
2002	12	18	22.100	2908.9209	351.9208	17.9208	 3.69	 0.54	205.38	 1.09	 2.19	 1.00	11.10	 1.91	330.04	304.26	312.93	275.59	309.18	0	55.12
2002	12	18	22.551	2908.9397	351.9396	17.9396	 3.78	 6.76	212.03	12.77	217.43	 1.00	11.10	 2.07	330.11	301.87	309.97	273.86	306.59	0	54.77
2002	12	18	23.000	2908.9583	351.9583	17.9583	 5.29	 3.67	207.58	 1.47	 1.32	 1.00	11.10	 2.00	330.25	299.57	309.61	272.44	304.39	0	54.49
2002	12	18	23.226	2908.9678	351.9677	17.9677	 4.10	 1.21	208.65	 1.62	 2.22	 1.00	11.03	 2.04	330.30	298.52	306.69	 0.00	303.40	0	54.00
2002	12	18	23.450	2908.9771	351.9771	17.9771	 4.07	 0.89	208.05	 1.23	 0.49	 1.00	11.10	 2.01	330.26	297.54	307.35	271.47	302.42	0	54.29
2002	12	18	23.676	2908.9866	351.9865	17.9865	 3.96	 0.75	208.32	 1.17	 0.99	 1.00	11.03	 2.02	329.95	296.62	306.14	270.78	301.55	0	54.16
2002	12	18	23.901	2908.9958	351.9959	17.9959	 4.02	 0.48	211.47	 0.71	 0.71	 1.00	11.10	 2.09	329.79	295.73	305.66	270.24	300.57	0	54.05
2002	12	19	0.126	2909.0054	352.0052	18.0053	 2.85	 0.59	209.53	 2.92	 1.50	 1.00	11.07	 2.09	329.80	294.88	302.95	270.04	300.26	0	54.01
2002	12	19	0.351	2909.0146	352.0146	18.0146	 7.11	14.72	212.52	 0.97	 0.58	 1.00	11.10	 2.22	329.97	294.10	303.28	269.30	299.00	0	53.86
2002	12	19	0.577	2909.0239	352.0240	18.0240	 3.85	 0.53	207.24	 0.91	 1.46	 1.00	11.03	 2.03	329.50	293.34	300.84	268.93	298.23	0	53.79
2002	12	19	0.802	2909.0334	352.0334	18.0334	 3.82	 0.45	210.27	 0.81	 0.55	 1.00	11.08	 2.11	329.09	292.64	300.38	268.43	297.82	0	53.69
2002	12	19	1.027	2909.0427	352.0428	18.0428	 5.11	 1.73	212.40	 0.85	 0.75	 1.00	11.03	 2.16	328.80	291.98	300.82	268.39	296.80	0	53.68
2002	12	19	1.253	2909.0522	352.0522	18.0522	 4.04	 0.48	213.60	 0.70	 0.99	 1.00	11.10	 2.18	329.36	291.41	300.45	268.19	296.15	0	53.64
2002	12	19	1.478	2909.0615	352.0616	18.0616	 4.33	 0.52	210.88	 0.55	 0.34	 1.00	11.03	 2.11	329.37	290.86	298.32	267.84	295.72	0	53.57
2002	12	19	1.703	2909.0710	352.0710	18.0710	 4.73	 0.88	212.80	 0.63	 0.64	 1.00	11.10	 2.13	329.02	290.36	298.21	267.83	293.93	0	53.57
2002	12	19	1.928	2909.0803	352.0803	18.0803	 4.01	 0.49	211.92	 0.72	 0.68	 1.00	11.03	 2.12	328.80	289.91	297.27	268.13	294.81	0	53.63
2002	12	19	2.153	2909.0898	352.0897	18.0897	 5.69	 2.71	212.98	 0.74	 2.00	 0.99	11.12	 2.19	328.95	289.55	297.39	268.60	294.80	0	53.72
2002	12	19	2.379	2909.0991	352.0991	18.0991	 4.40	 0.85	214.54	 0.86	 2.07	 0.99	11.05	 2.19	329.17	289.26	297.12	269.02	294.16	0	53.80
2002	12	19	2.604	2909.1084	352.1085	18.1085	 4.27	 0.70	213.42	 0.80	 0.94	 1.00	11.10	 2.17	328.99	289.00	296.52	269.21	294.29	0	53.84
2002	12	19	12.122	2909.5051	352.5051	18.5051	 4.46	 0.97	207.67	 0.89	 2.42	 0.99	11.13	 2.01	329.48	295.38	302.91	 0.00	298.56	0	54.00
2002	12	19	12.348	2909.5144	352.5145	18.5145	 3.27	 0.26	208.81	 0.82	 1.31	 1.00	11.07	 2.19	329.45	296.38	304.31	289.24	299.70	0	57.85
2002	12	19	12.574	2909.5239	352.5239	18.5239	 4.13	 0.74	203.17	 0.94	 1.39	 1.00	11.13	 1.96	329.43	297.38	304.94	289.98	302.62	0	58.00
2002	12	19	12.801	2909.5334	352.5334	18.5334	 4.18	 0.59	208.79	 0.73	 2.37	 0.98	11.03	 2.20	329.38	298.34	306.37	290.11	303.72	0	58.02
2002	12	19	13.026	2909.5427	352.5427	18.5427	 3.80	 0.42	208.55	 0.77	 0.93	 1.00	11.12	 2.14	329.25	299.31	307.56	290.22	304.77	0	58.04
2002	12	19	13.251	2909.5522	352.5521	18.5521	 3.71	 0.30	207.62	 0.58	 1.37	 0.98	11.07	 2.06	329.29	300.25	308.34	290.62	306.77	0	58.12
2002	12	19	13.476	2909.5615	352.5615	18.5615	 3.63	 0.32	210.34	 0.70	 3.01	 0.95	11.10	 2.20	329.22	301.20	310.57	295.83	307.58	0	59.17
2002	12	19	13.702	2909.5710	352.5709	18.5709	 2.93	 0.22	206.60	 1.00	 2.17	 0.99	11.13	 2.00	329.39	302.08	311.30	297.36	305.92	0	59.47
2002	12	19	13.929	2909.5803	352.5804	18.5804	 3.37	 0.24	212.78	 0.71	 0.67	 1.00	11.17	 2.16	329.91	302.89	314.67	296.45	309.82	0	59.29
2002	12	19	14.155	2909.5898	352.5898	18.5898	 2.83	 0.19	213.40	 0.99	 1.44	 1.00	11.03	 2.18	330.51	303.67	315.42	295.42	309.76	0	59.08
2002	12	19	14.380	2909.5991	352.5992	18.5992	 2.58	 0.10	213.35	 0.71	 1.55	 0.99	11.10	 2.11	330.37	304.42	314.86	294.91	308.99	0	58.98
2002	12	19	14.606	2909.6086	352.6086	18.6086	 2.68	 0.15	212.58	 0.89	 1.42	 1.00	11.03	 2.05	329.82	305.07	316.01	294.48	311.99	0	58.90
2002	12	19	14.832	2909.6179	352.6180	18.6180	 2.91	 0.21	210.25	 0.99	 3.91	 0.98	11.08	 1.99	330.04	305.66	316.98	295.19	310.46	0	59.04
2002	12	19	15.057	2909.6274	352.6274	18.6274	 2.69	 0.13	208.40	 0.79	 2.95	 0.97	11.05	 1.84	330.33	306.22	317.71	294.27	312.20	0	58.85
2002	12	19	15.283	2909.6367	352.6368	18.6368	 2.40	 0.15	209.52	 1.21	 2.49	 1.00	11.12	 1.83	330.27	306.73	318.55	292.64	312.73	0	58.53
2002	12	19	15.508	2909.6462	352.6461	18.6462	 2.54	 0.10	219.25	 0.74	 1.07	 0.99	11.00	 1.97	330.14	307.12	320.27	 0.00	313.33	0	54.00
2002	12	19	15.732	2909.6555	352.6555	18.6555	 2.55	 0.11	214.26	 0.76	 0.48	 1.00	11.10	 1.99	330.02	307.52	319.00	289.91	313.69	0	57.98
2002	12	19	15.958	2909.6650	352.6649	18.6649	 2.48	 0.11	212.09	 0.81	 1.08	 1.00	11.02	 1.89	329.87	307.84	319.17	290.23	314.53	0	58.05
2002	12	19	16.184	2909.6743	352.6743	18.6743	 2.47	 0.13	211.26	 1.02	 2.84	 0.99	11.10	 1.88	330.12	308.03	318.81	290.91	312.65	0	58.18
2002	12	19	16.634	2909.6931	352.6931	18.6931	 2.54	 0.16	213.35	 1.13	 1.50	 1.00	11.10	 1.94	330.58	308.51	320.49	290.44	314.47	0	58.09
2002	12	19	16.859	2909.7024	352.7025	18.7025	 2.19	 0.09	210.94	 0.93	 0.99	 1.00	11.02	 1.77	330.63	308.82	321.13	289.47	314.52	0	57.89
2002	12	19	17.084	2909.7119	352.7119	18.7118	 2.50	 0.13	213.59	 0.98	 1.40	 1.00	11.10	 1.93	330.95	308.93	320.06	289.27	314.97	0	57.85
2002	12	19	17.309	2909.7212	352.7212	18.7212	 2.40	 0.17	214.32	 1.41	 0.95	 1.00	11.05	 1.90	331.17	309.04	321.09	288.45	314.98	0	57.69
2002	12	19	17.534	2909.7307	352.7306	18.7306	 2.73	 0.22	217.28	 1.28	 2.06	 1.00	11.12	 2.03	331.19	309.28	321.81	287.87	315.07	0	57.57
2002	12	19	17.792	2909.7412	352.7413	18.7413	 2.86	 0.26	214.20	 1.30	 1.10	 1.00	11.12	 1.98	331.07	309.43	320.54	288.00	315.32	0	57.60
2002	12	19	18.017	2909.7507	352.7507	18.7507	 2.77	 0.29	211.02	 1.56	 3.60	 1.00	11.03	 1.75	331.09	309.56	322.31	287.63	315.37	0	57.53
2002	12	19	18.243	2909.7600	352.7601	18.7601	 2.74	 0.17	217.43	 0.99	 0.62	 1.00	11.12	 2.07	331.10	309.74	321.01	288.44	315.40	0	57.69
2002	12	19	18.468	2909.7695	352.7695	18.7695	 2.47	 0.15	211.20	 1.14	 0.89	 1.00	11.03	 1.78	330.33	309.88	321.56	288.97	315.41	0	57.79
2002	12	19	18.692	2909.7788	352.7788	18.7789	 2.26	 0.14	206.00	 1.36	 0.96	 1.00	11.10	 1.62	329.37	309.95	321.49	288.97	315.85	0	57.79
2002	12	19	18.918	2909.7883	352.7882	18.7882	 2.47	 0.21	212.72	 1.60	 2.14	 1.00	11.02	 1.87	329.48	309.96	320.87	288.69	315.34	0	57.74
2002	12	19	19.593	2909.8164	352.8164	18.8164	 2.39	 0.35	205.64	 2.80	 1.48	 1.00	11.10	 1.60	329.55	309.88	323.59	288.59	315.23	0	57.72
2002	12	19	20.043	2909.8352	352.8351	18.8351	 2.55	 0.29	218.15	 2.08	 3.20	 1.00	11.12	 2.06	329.07	309.69	320.77	288.22	315.55	0	57.64
2002	12	19	20.268	2909.8445	352.8445	18.8445	 2.28	 0.14	213.83	 1.32	 2.27	 1.00	11.00	 1.93	329.01	309.52	322.00	288.72	314.82	0	57.74
2002	12	19	20.493	2909.8538	352.8539	18.8539	 2.42	 0.29	202.81	 2.21	 1.82	 1.00	11.10	 1.58	328.98	309.31	321.55	287.44	314.51	0	57.49
2002	12	19	20.718	2909.8633	352.8633	18.8633	 2.70	 0.37	205.35	 2.13	 9.35	 0.99	11.05	 1.72	328.93	309.07	321.47	286.15	312.81	0	57.23
2002	12	19	21.847	2909.9104	352.9103	18.9103	 2.58	 0.20	212.42	 1.37	 2.81	 1.00	11.12	 2.01	328.83	307.06	317.95	283.00	310.52	0	56.60
2002	12	19	23.406	2909.9753	352.9753	18.9752	 1.31	 0.25	209.55	 8.36	53.87	 1.00	11.10	 1.86	329.90	300.90	314.47	273.05	305.81	0	54.61
2002	12	19	23.856	2909.9939	352.9940	18.9940	 1.90	 0.11	211.64	 1.61	 5.45	 0.99	11.12	 2.21	329.51	298.23	309.65	270.34	302.20	0	54.07
2002	12	20	0.082	2910.0034	353.0034	19.0034	 1.67	 0.06	209.60	 1.26	 6.05	 0.95	11.03	 2.14	329.41	297.06	306.58	269.87	301.01	0	53.97
2002	12	20	0.306	2910.0127	353.0128	19.0128	 1.61	 0.07	208.18	 1.59	 1.67	 1.00	11.08	 2.16	329.23	296.02	304.97	269.16	301.37	0	53.83
2002	12	20	0.531	2910.0222	353.0222	19.0221	 1.69	 0.06	207.45	 1.17	 2.49	 0.99	11.03	 2.06	329.32	295.01	305.36	268.64	301.26	0	53.73
2002	12	20	0.757	2910.0315	353.0315	19.0315	 1.71	 0.06	207.20	 1.08	 3.41	 0.98	11.10	 2.19	329.20	294.04	303.00	 0.00	298.83	0	54.00
2002	12	20	0.982	2910.0410	353.0409	19.0409	 1.69	 0.06	209.28	 1.09	 1.88	 0.99	11.05	 2.19	329.12	293.12	302.43	267.23	297.93	0	53.45
2002	12	20	1.207	2910.0503	353.0503	19.0503	 1.73	 0.06	209.14	 1.19	 0.98	 1.00	11.08	 2.09	329.06	292.31	300.67	266.96	296.19	0	53.39
2002	12	20	1.432	2910.0596	353.0597	19.0597	 1.73	 0.05	208.50	 0.91	 2.96	 0.96	11.00	 2.12	328.19	291.54	299.34	267.69	296.23	0	53.54
2002	12	20	1.656	2910.0691	353.0690	19.0690	 1.80	 0.05	209.94	 0.88	 1.72	 0.99	11.10	 2.13	329.04	290.90	299.85	267.78	295.41	0	53.56
2002	12	20	1.881	2910.0784	353.0784	19.0784	 1.70	 0.04	207.75	 0.83	 3.24	 0.93	11.03	 2.13	329.68	290.30	297.69	267.39	294.94	0	53.48
2002	12	21	9.884	2911.4119	354.4118	20.4118	 3.56	 0.45	203.70	 1.03	 1.69	 1.00	11.35	 1.86	328.94	287.40	293.15	270.16	293.65	0	54.03
2002	12	21	10.114	2911.4214	354.4214	20.4214	 4.17	 0.84	200.56	 1.01	 0.83	 1.00	11.22	 1.86	328.97	287.75	292.70	271.74	293.61	0	54.35
2002	12	21	10.342	2911.4309	354.4309	20.4309	 3.46	 0.35	198.58	 0.86	 4.01	 0.96	11.33	 1.90	329.03	288.30	294.54	276.43	293.71	0	55.29
2002	12	21	10.572	2911.4404	354.4405	20.4405	 3.44	 0.33	194.55	 0.81	 6.33	 0.88	11.22	 1.96	329.09	289.03	295.37	281.12	294.23	0	56.22
2002	12	21	10.801	2911.4500	354.4500	20.4500	 2.99	 0.23	195.79	 0.94	 5.69	 0.94	11.33	 1.91	329.07	289.64	294.63	280.93	294.95	0	56.19
2002	12	21	11.031	2911.4597	354.4596	20.4596	 3.70	 0.45	194.04	 0.84	 7.24	 0.86	11.20	 1.87	329.12	290.23	295.71	282.60	295.41	0	56.52
2002	12	21	11.259	2911.4692	354.4691	20.4691	 4.07	 0.70	197.50	 0.91	 5.37	 0.95	11.35	 1.97	329.16	291.09	296.85	284.75	296.15	0	56.95
2002	12	21	11.489	2911.4788	354.4787	20.4787	 5.15	 1.64	197.74	 0.71	 1.66	 0.99	11.22	 1.94	329.22	292.03	298.28	285.81	297.08	0	57.16
2002	12	21	11.718	2911.4883	354.4883	20.4883	 5.18	 1.63	195.03	 0.68	 3.99	 0.91	11.35	 1.85	329.26	293.05	298.92	287.28	298.16	0	57.46
2002	12	21	11.948	2911.4978	354.4978	20.4978	29.75	63558679234.24	194.14	 0.56	 1.90	 0.96	11.20	 1.83	329.28	294.03	299.38	288.07	297.70	0	57.61
2002	12	21	12.177	2911.5073	354.5074	20.5074	44.33	 1.00	193.00	 0.00	 1.31	 0.00	11.35	 1.85	329.32	294.99	301.94	287.90	300.23	0	57.58
2002	12	21	12.407	2911.5168	354.5169	20.5169	17.62	384072.30	193.67	 0.63	 2.37	 0.96	11.22	 1.82	329.27	295.90	303.23	287.17	301.28	0	57.43
2002	12	21	12.636	2911.5266	354.5265	20.5265	 4.34	 1.00	190.96	 0.96	 5.52	 0.96	11.35	 1.76	329.32	296.78	303.61	287.95	302.20	0	57.59
2002	12	21	12.866	2911.5361	354.5361	20.5361	 3.43	 0.39	189.02	 0.95	12.64	 0.75	11.22	 1.68	329.37	297.69	304.53	288.60	303.22	0	57.72
2002	12	21	13.094	2911.5457	354.5456	20.5456	 3.05	 0.26	191.89	 0.97	 5.64	 0.95	11.35	 1.80	329.44	298.74	307.28	294.38	304.24	0	58.88
2002	12	21	13.324	2911.5552	354.5552	20.5552	 3.23	 0.42	192.43	 1.27	10.84	 0.94	11.22	 1.78	329.33	299.80	308.77	296.08	305.38	0	59.22
2002	12	21	13.553	2911.5647	354.5647	20.5647	 3.55	 0.34	197.03	 0.76	 4.09	 0.93	11.35	 1.86	329.04	300.86	310.33	295.15	306.52	0	59.03
2002	12	21	13.783	2911.5742	354.5743	20.5743	 2.75	 0.20	196.57	 1.04	 8.33	 0.91	11.22	 1.80	328.77	301.84	310.65	297.93	307.65	0	59.59
2002	12	21	14.012	2911.5837	354.5838	20.5838	 3.07	 0.24	194.44	 0.87	14.20	 0.60	11.33	 1.80	328.82	302.64	312.12	296.14	307.06	0	59.23
2002	12	21	14.241	2911.5933	354.5934	20.5934	 2.98	 0.23	194.02	 0.93	 9.82	 0.82	11.22	 1.83	329.31	303.42	313.06	294.22	309.58	0	58.84
2002	12	21	14.470	2911.6030	354.6029	20.6029	 2.55	 0.19	187.76	 1.19	23.31	 0.62	11.35	 1.63	329.25	304.20	315.59	294.22	310.30	0	58.84
2002	12	21	14.701	2911.6125	354.6125	20.6125	 2.37	 0.11	187.40	 0.80	20.62	 0.21	11.20	 1.67	329.34	304.84	317.02	293.55	310.97	0	58.71
2002	12	21	14.929	2911.6221	354.6221	20.6221	 2.38	 0.18	185.91	 1.35	30.41	 0.60	11.35	 1.66	329.68	305.51	315.73	293.45	311.63	0	58.69
2002	12	21	15.159	2911.6316	354.6316	20.6316	 3.19	 0.31	190.66	 0.97	17.58	 0.60	11.20	 1.79	329.87	306.15	318.34	293.51	312.28	0	58.70
2002	12	21	15.618	2911.6506	354.6507	20.6507	 2.32	 0.16	192.14	 1.31	 9.13	 0.95	11.22	 1.65	330.46	307.20	319.48	291.54	311.88	0	58.31
2002	12	21	15.847	2911.6602	354.6603	20.6603	 2.05	 0.17	182.37	 1.84	23.88	 0.89	11.33	 1.48	330.33	307.47	319.39	291.39	316.75	0	58.28
2002	12	21	16.306	2911.6794	354.6794	20.6794	 1.87	 0.16	183.32	 2.11	20.79	 0.94	11.35	 1.47	330.34	307.94	320.39	292.15	314.06	0	58.43
2002	12	21	16.535	2911.6890	354.6890	20.6890	 1.95	 0.14	202.19	 1.82	42.90	 0.66	11.22	 1.69	330.99	308.29	322.31	289.97	312.83	0	57.99
2002	12	21	17.223	2911.7175	354.7177	20.7176	 2.25	 0.19	200.10	 1.76	13.21	 0.97	11.33	 1.77	331.22	308.71	322.03	290.07	314.64	0	58.01
2002	12	21	17.453	2911.7273	354.7272	20.7272	 2.14	 0.17	189.66	 1.70	 6.73	 0.99	11.22	 1.58	331.36	309.08	322.23	290.73	314.96	0	58.15
2002	12	21	17.682	2911.7368	354.7368	20.7367	 2.00	 0.15	192.37	 1.77	23.38	 0.87	11.35	 1.58	330.89	309.37	322.73	290.72	315.17	0	58.14
2002	12	21	17.912	2911.7463	354.7463	20.7463	 1.98	 0.13	192.26	 1.60	50.34	 0.43	11.22	 1.54	330.60	309.61	321.52	290.10	316.39	0	58.02
2002	12	21	19.288	2911.8037	354.8037	20.8037	 2.16	 0.38	189.91	 3.72	45.25	 0.98	11.22	 1.58	330.37	309.78	323.48	 0.00	315.11	0	54.00
2002	12	21	19.747	2911.8228	354.8228	20.8228	 2.74	 0.45	182.96	 2.18	17.92	 0.98	11.22	 1.55	330.36	309.69	323.41	287.49	314.87	0	57.50
2002	12	21	20.894	2911.8706	354.8706	20.8706	 2.34	 0.27	198.49	 2.20	27.05	 0.94	11.35	 1.88	330.23	308.61	319.30	283.80	314.58	0	56.76
2002	12	21	21.811	2911.9087	354.9088	20.9088	 2.43	 0.24	189.09	 1.68	 1.96	 1.00	11.33	 1.58	330.31	305.94	317.20	281.03	310.69	0	56.21
2002	12	21	22.269	2911.9280	354.9279	20.9279	 2.27	 0.67	193.36	 5.85	84.01	 0.99	11.35	 1.63	330.28	304.99	314.39	280.48	310.32	0	56.10
2002	12	21	23.188	2911.9661	354.9662	20.9662	 2.21	 0.83	207.48	 8.41	68.04	 1.00	11.33	 1.78	330.40	301.47	311.82	274.05	306.43	0	54.81
2002	12	22	0.105	2912.0044	355.0044	21.0044	 2.66	 0.19	193.88	 1.08	 7.42	 0.93	11.33	 1.73	330.14	296.71	304.62	 0.00	301.46	0	54.00
2002	12	22	0.335	2912.0139	355.0139	21.0139	 2.71	 0.23	196.15	 1.22	 9.30	 0.94	11.22	 1.82	330.10	295.69	303.96	269.38	300.40	0	53.88
2002	12	22	0.564	2912.0234	355.0235	21.0235	 2.53	 0.21	194.62	 1.41	 6.67	 0.98	11.33	 1.78	330.14	294.77	302.62	268.53	299.63	0	53.71
2002	12	22	0.793	2912.0330	355.0331	21.0331	 2.75	 0.31	193.60	 1.56	14.49	 0.94	11.20	 1.83	330.01	293.90	301.04	268.31	298.73	0	53.66
2002	12	22	1.023	2912.0427	355.0426	21.0426	 2.73	 0.16	194.54	 0.83	 9.76	 0.72	11.35	 1.90	329.62	293.09	299.32	268.15	296.99	0	53.63
2002	12	22	1.252	2912.0522	355.0522	21.0522	 2.73	 0.24	191.54	 1.26	14.99	 0.86	11.22	 1.83	329.45	292.37	299.13	267.77	297.13	0	53.55
2002	12	22	1.481	2912.0618	355.0617	21.0617	 2.34	 0.12	195.12	 0.99	19.46	 0.50	11.35	 1.91	328.67	291.60	299.31	267.37	296.44	0	53.47
2002	12	22	1.711	2912.0713	355.0713	21.0713	 2.35	 0.12	194.49	 0.94	14.29	 0.61	11.20	 1.90	328.57	290.91	297.05	267.20	294.43	0	53.44
2002	12	22	14.562	2912.6067	355.6068	21.6068	 1.36	 0.04	228.11	 1.36	12.12	 0.79	11.35	 2.29	327.62	299.86	313.34	 0.00	305.59	0	54.00
2002	12	22	14.792	2912.6162	355.6163	21.6163	 1.40	 0.03	226.87	 0.96	12.70	 0.43	11.20	 2.39	327.46	300.50	315.07	286.36	306.20	0	57.27
2002	12	22	15.021	2912.6260	355.6259	21.6259	 1.30	 0.04	225.89	 1.41	11.09	 0.82	11.35	 2.31	327.22	301.10	314.16	286.19	307.39	0	57.24
2002	12	22	15.251	2912.6355	355.6354	21.6354	 1.31	 0.04	225.89	 1.57	15.33	 0.79	11.20	 2.31	326.71	301.62	314.51	286.67	306.81	0	57.33
2002	12	22	15.480	2912.6450	355.6450	21.6450	 1.31	 0.03	227.76	 1.10	21.01	 0.24	11.35	 2.28	327.66	302.09	315.64	286.80	306.22	0	57.36
2002	12	22	15.709	2912.6545	355.6546	21.6546	 1.30	 0.04	229.18	 1.59	22.86	 0.63	11.22	 2.34	328.11	302.51	315.38	285.88	307.75	0	57.18
2002	12	22	15.939	2912.6641	355.6641	21.6641	 1.38	 0.06	227.55	 1.84	21.18	 0.81	11.35	 2.24	326.61	302.84	316.23	284.78	308.70	0	56.96
2002	12	22	16.168	2912.6736	355.6737	21.6737	 1.62	 0.07	226.99	 1.65	 8.23	 0.97	11.22	 2.46	327.61	303.15	315.69	285.26	308.46	0	57.05
2002	12	22	17.086	2912.7119	355.7119	21.7119	 1.50	 0.07	228.79	 1.96	20.33	 0.89	11.20	 2.26	328.14	304.23	319.25	286.24	310.11	0	57.25
2002	12	22	17.544	2912.7310	355.7310	21.7310	 1.41	 0.05	228.87	 1.64	15.46	 0.85	11.22	 2.30	326.50	304.71	316.96	285.83	309.55	0	57.17
2002	12	22	18.003	2912.7502	355.7502	21.7501	 1.37	 0.06	227.92	 1.86	14.54	 0.91	11.22	 2.28	329.44	305.17	318.39	287.56	310.03	0	57.51
2002	12	22	18.233	2912.7598	355.7597	21.7597	 1.40	 0.08	225.10	 2.43	27.01	 0.90	11.35	 2.03	329.35	305.43	318.36	287.15	310.25	0	57.43
2002	12	22	18.462	2912.7693	355.7693	21.7693	 1.49	 0.06	228.19	 1.64	21.40	 0.76	11.22	 2.35	328.13	305.58	317.96	286.36	310.74	0	57.27
2002	12	22	18.691	2912.7788	355.7788	21.7788	 1.54	 0.08	225.83	 1.99	14.62	 0.95	11.35	 2.26	328.83	305.80	317.63	286.70	308.94	0	57.34
2002	12	22	18.921	2912.7883	355.7884	21.7884	 1.75	 0.07	226.72	 1.42	13.72	 0.87	11.20	 2.33	329.17	305.99	318.31	285.95	310.77	0	57.19
2002	12	22	19.150	2912.7979	355.7979	21.7979	 1.63	 0.07	223.11	 1.61	16.01	 0.88	11.33	 2.09	329.80	306.14	319.56	285.67	310.86	0	57.13
2002	12	22	19.380	2912.8074	355.8075	21.8075	 1.79	 0.10	229.76	 1.89	16.16	 0.94	11.22	 2.39	330.15	306.24	320.91	285.24	310.93	0	57.05
2002	12	22	19.609	2912.8171	355.8170	21.8170	 1.60	 0.09	227.05	 2.09	12.70	 0.97	11.35	 2.23	330.33	306.33	318.82	284.05	311.17	0	56.81
2002	12	22	19.838	2912.8267	355.8266	21.8266	 1.60	 0.07	225.59	 1.76	20.07	 0.86	11.20	 2.19	330.00	306.33	321.51	284.63	311.25	0	56.93
2002	12	22	20.068	2912.8362	355.8362	21.8362	 1.70	 0.11	224.45	 2.29	 9.79	 0.99	11.33	 2.10	329.75	306.31	319.06	285.38	311.18	0	57.08
2002	12	22	20.297	2912.8457	355.8457	21.8457	 2.14	 0.12	222.46	 1.45	11.36	 0.94	11.22	 2.15	329.61	306.30	319.68	285.15	311.19	0	57.03
2002	12	22	20.526	2912.8552	355.8553	21.8553	 2.37	 0.13	226.25	 1.18	 9.01	 0.92	11.35	 2.52	329.61	306.19	317.75	282.52	311.05	0	56.50
2002	12	22	20.756	2912.8647	355.8648	21.8648	 2.47	 0.23	221.80	 1.86	10.90	 0.98	11.22	 2.16	329.55	306.04	317.73	282.37	310.87	0	56.47
2002	12	22	21.215	2912.8840	355.8839	21.8839	 2.24	 0.20	212.66	 1.95	 8.33	 0.99	11.22	 1.77	329.44	305.49	317.66	281.67	310.13	0	56.33
2002	12	22	21.444	2912.8936	355.8935	21.8935	 2.73	 0.18	226.52	 1.07	 3.15	 0.99	11.35	 2.51	329.35	304.91	318.87	279.64	310.15	0	55.93
2002	12	22	21.674	2912.9031	355.9031	21.9031	 2.71	 0.20	219.28	 1.19	 3.36	 0.99	11.22	 2.20	329.35	304.19	315.75	278.83	308.81	0	55.77
2002	12	22	21.903	2912.9126	355.9126	21.9126	 3.42	 0.45	221.04	 1.29	12.73	 0.92	11.35	 2.35	329.37	303.73	315.49	279.49	308.24	0	55.90
2002	12	22	22.133	2912.9221	355.9222	21.9222	 3.55	 0.44	220.10	 1.09	 3.14	 0.99	11.22	 2.31	329.33	303.16	315.29	278.25	308.28	0	55.65
2002	12	22	22.362	2912.9316	355.9318	21.9317	 4.53	 1.38	220.58	 1.25	 5.22	 0.99	11.35	 2.38	329.26	302.50	315.37	277.43	305.75	0	55.49
2002	12	22	22.592	2912.9414	355.9413	21.9413	 2.85	 0.39	216.77	 2.02	 4.11	 1.00	11.20	 2.20	329.12	301.69	312.97	275.77	305.98	0	55.15
2002	12	22	23.281	2912.9700	355.9700	21.9700	 3.74	 0.63	209.49	 1.22	 3.53	 0.99	11.33	 2.25	328.99	298.62	304.89	270.32	303.09	0	54.06
2002	12	22	23.739	2912.9890	355.9891	21.9891	 2.39	 0.17	213.87	 1.38	 4.65	 0.99	11.37	 2.08	329.38	296.18	307.83	269.30	300.81	0	53.86
2002	12	22	23.969	2912.9988	355.9987	21.9987	 2.92	 0.62	212.34	 2.87	 3.96	 1.00	11.20	 2.19	329.33	295.09	307.59	268.71	299.86	0	53.74
2002	12	23	0.198	2913.0083	356.0083	22.0083	 3.37	 0.76	216.01	 2.24	 7.63	 1.00	11.33	 2.34	329.52	294.11	307.49	268.44	298.88	0	53.69
2002	12	23	0.428	2913.0178	356.0178	22.0178	 2.91	 0.24	216.29	 1.13	 0.98	 1.00	11.22	 2.27	329.64	293.18	305.29	267.91	297.95	0	53.58
2002	12	23	0.657	2913.0273	356.0274	22.0274	 3.04	 0.22	211.87	 0.89	 1.56	 1.00	11.35	 2.22	328.91	292.31	303.01	267.45	297.10	0	53.49
2002	12	23	0.887	2913.0369	356.0370	22.0369	 2.79	 0.16	211.32	 0.83	 0.48	 1.00	11.22	 2.14	328.89	291.53	302.62	 0.00	296.29	0	54.00
2002	12	23	1.116	2913.0464	356.0465	22.0465	 2.75	 0.13	209.54	 0.75	 0.38	 1.00	11.35	 2.09	329.61	290.80	300.80	266.57	295.55	0	53.31
2002	12	23	1.346	2913.0562	356.0561	22.0561	 2.61	 0.11	213.02	 0.73	 2.40	 0.97	11.22	 2.23	329.77	290.12	300.18	266.32	294.76	0	53.26
2002	12	23	1.574	2913.0657	356.0656	22.0656	 2.53	 0.12	214.76	 0.85	 0.56	 1.00	11.33	 2.28	329.37	289.48	300.78	266.23	293.30	0	53.25
2002	12	23	1.804	2913.0752	356.0752	22.0752	 2.73	 0.14	213.88	 0.81	 2.50	 0.98	11.20	 2.27	329.48	288.88	299.77	265.63	293.54	0	53.13
2002	12	23	2.033	2913.0847	356.0847	22.0847	 2.52	 0.11	212.86	 0.76	 0.56	 1.00	11.35	 2.27	328.88	288.30	298.79	265.29	292.92	0	53.06
2002	12	23	2.263	2913.0942	356.0943	22.0943	 2.22	 0.10	210.62	 0.96	 2.65	 0.99	11.20	 2.11	328.94	287.75	297.07	264.98	292.34	0	53.00
2002	12	23	2.492	2913.1038	356.1038	22.1038	 2.47	 0.09	217.20	 0.72	 1.43	 0.99	11.35	 2.42	329.48	287.26	298.95	264.66	290.94	0	52.93
2002	12	23	14.858	2913.6191	356.6191	22.6191	 1.05	 0.08	187.99	 3.83	 4.91	 1.00	11.23	 1.98	328.35	297.77	308.96	283.03	303.10	0	56.61
2002	12	23	15.087	2913.6287	356.6286	22.6286	 1.18	 0.07	195.30	 2.55	20.64	 0.92	11.35	 2.24	328.43	298.33	309.52	283.23	303.60	0	56.65
2002	12	23	15.317	2913.6382	356.6382	22.6382	 1.02	 0.10	196.88	 5.15	 0.55	 1.00	11.22	 1.96	328.45	298.83	311.23	283.05	304.82	0	56.61
2002	12	23	16.243	2913.6768	356.6768	22.6768	 1.06	 0.09	201.75	 4.49	21.23	 0.99	11.22	 2.01	328.52	300.42	311.32	282.49	305.64	0	56.50
2002	12	23	16.703	2913.6960	356.6960	22.6959	 1.56	 0.15	200.80	 3.30	14.07	 1.00	11.20	 2.28	328.47	300.97	313.07	282.00	307.17	0	56.40
2002	12	23	16.932	2913.7056	356.7055	22.7055	 1.29	 0.12	179.50	 3.42	10.37	 1.00	11.35	 1.82	328.50	301.25	307.86	281.95	306.23	0	56.39
2002	12	23	17.161	2913.7151	356.7151	22.7151	 1.15	 0.14	184.13	 5.31	34.63	 0.99	11.22	 1.63	328.53	301.50	309.24	282.25	305.02	0	56.45
2002	12	23	17.620	2913.7341	356.7342	22.7342	 1.41	 0.14	197.16	 3.72	20.84	 0.99	11.20	 1.94	329.02	302.03	311.26	281.94	307.02	0	56.39
2002	12	23	18.079	2913.7532	356.7533	22.7533	 1.39	 0.16	197.28	 4.39	18.16	 1.00	11.20	 1.79	329.79	302.54	309.65	281.73	307.43	0	56.35
2002	12	23	18.308	2913.7629	356.7628	22.7628	 2.05	 0.22	207.88	 2.72	15.22	 0.99	11.35	 2.05	328.98	302.76	313.77	282.52	308.54	0	56.50
2002	12	23	18.767	2913.7820	356.7820	22.7820	 2.07	 0.20	208.30	 2.35	 3.67	 1.00	11.35	 2.19	328.33	303.02	310.90	282.63	307.73	0	56.53
2002	12	23	18.997	2913.7915	356.7915	22.7915	 1.64	 0.11	204.39	 2.17	10.11	 0.99	11.22	 2.01	328.62	303.12	315.25	281.18	308.77	0	56.24
2002	12	23	19.685	2913.8203	356.8202	22.8202	 1.15	 0.09	201.45	 3.59	20.26	 0.98	11.35	 2.05	327.75	303.22	316.01	282.05	307.85	0	56.41
2002	12	23	20.144	2913.8394	356.8393	22.8393	 1.37	 0.13	191.49	 3.60	 2.64	 1.00	11.35	 1.99	327.46	303.22	315.18	280.12	307.97	0	56.02
2002	12	23	20.603	2913.8584	356.8584	22.8584	 1.42	 0.08	198.50	 2.20	 2.86	 1.00	11.35	 1.84	327.06	303.14	314.04	280.81	307.81	0	56.16
2002	12	23	21.061	2913.8774	356.8775	22.8775	 1.87	 0.13	200.89	 1.88	 5.03	 1.00	11.35	 1.95	326.80	302.87	313.85	279.73	307.90	0	55.95
2002	12	23	21.291	2913.8872	356.8871	22.8871	 1.55	 0.06	197.64	 1.37	11.81	 0.86	11.22	 1.83	326.75	302.63	311.78	279.11	309.69	0	55.82
2002	12	23	21.520	2913.8967	356.8967	22.8967	 1.94	 0.11	203.79	 1.46	 5.88	 0.98	11.35	 1.98	326.70	302.33	312.85	279.08	306.67	0	55.82
2002	12	23	21.749	2913.9062	356.9062	22.9062	 1.89	 0.16	201.86	 2.36	 2.22	 1.00	11.22	 1.99	326.64	301.97	312.11	278.07	306.66	0	55.61
2002	12	23	22.208	2913.9253	356.9253	22.9253	 1.78	 0.13	199.95	 2.07	 1.60	 1.00	11.22	 1.88	326.67	301.05	310.73	276.58	305.61	0	55.32
2002	12	23	22.437	2913.9348	356.9349	22.9349	 1.73	 0.11	197.00	 1.97	16.54	 0.95	11.33	 1.84	326.74	300.48	309.15	275.58	304.62	0	55.12
2002	12	23	22.666	2913.9443	356.9444	22.9444	 2.27	 0.14	202.30	 1.27	 3.38	 0.99	11.22	 2.00	326.77	299.80	308.91	275.58	304.29	0	55.12
2002	12	23	22.895	2913.9539	356.9539	22.9540	 1.92	 0.11	203.05	 1.50	 2.11	 1.00	11.35	 1.92	326.69	298.98	307.59	 0.00	303.21	0	54.00
2002	12	23	23.124	2913.9636	356.9635	22.9635	 1.97	 0.12	200.63	 1.50	 3.49	 1.00	11.18	 1.88	326.55	297.96	307.68	 0.00	 0.00	0	54.00
2002	12	23	23.583	2913.9827	356.9826	22.9826	 2.26	 0.46	207.15	 4.33	29.21	 1.00	11.22	 2.42	326.60	295.53	306.36	268.90	298.89	0	53.78
2002	12	23	23.812	2913.9922	356.9922	22.9922	 1.89	 0.20	203.13	 2.83	19.94	 0.99	11.33	 2.08	326.63	294.36	304.86	267.93	299.07	0	53.59
2002	12	24	0.041	2914.0017	357.0017	23.0017	 1.68	 0.08	197.22	 1.46	10.34	 0.93	11.20	 1.88	326.85	293.29	301.20	267.43	298.02	0	53.49
2002	12	24	0.271	2914.0112	357.0113	23.0113	 1.78	 0.08	202.54	 1.30	 5.84	 0.97	11.33	 2.11	326.87	292.30	302.36	267.15	297.08	0	53.43
2002	12	24	0.500	2914.0208	357.0208	23.0208	 1.64	 0.24	200.62	 4.68	26.90	 1.00	11.22	 2.03	326.87	291.40	299.65	266.66	296.51	0	53.33
2002	12	24	19.554	2914.8147	357.8148	23.8147	 1.11	 0.03	212.73	 1.58	 1.17	 1.00	11.25	 2.10	327.87	307.68	319.58	288.51	312.40	0	57.70
2002	12	24	20.013	2914.8340	357.8339	23.8339	 0.99	 0.04	209.00	 2.54	 1.87	 1.00	11.22	 2.00	325.92	307.66	318.70	287.52	312.89	0	57.50
2002	12	24	20.243	2914.8435	357.8434	23.8434	 1.15	 0.04	207.07	 1.89	 2.56	 1.00	11.35	 2.00	326.22	307.62	318.10	285.90	312.86	0	57.18
2002	12	24	20.472	2914.8530	357.8530	23.8530	 1.00	 0.06	204.68	 3.20	 2.40	 1.00	11.22	 1.93	326.43	307.54	319.88	286.00	312.73	0	57.20
2002	12	24	20.931	2914.8721	357.8721	23.8721	 1.26	 0.05	209.36	 1.77	 1.76	 1.00	11.22	 2.08	326.52	307.17	318.36	284.09	312.75	0	56.82
2002	12	24	21.160	2914.8816	357.8817	23.8817	 1.21	 0.07	200.57	 2.65	 5.67	 1.00	11.35	 1.69	326.47	306.90	319.40	284.30	312.34	0	56.86
2002	12	24	21.390	2914.8914	357.8912	23.8913	 1.47	 0.07	211.07	 1.88	 4.23	 1.00	11.20	 2.08	326.43	306.56	317.06	282.87	310.23	0	56.57
2002	12	24	21.849	2914.9104	357.9104	23.9104	 1.55	 0.11	202.69	 2.41	 2.68	 1.00	11.20	 1.80	326.39	305.77	315.57	283.86	311.11	0	56.77
2002	12	24	22.078	2914.9199	357.9199	23.9199	 1.68	 0.07	204.55	 1.43	 3.72	 0.99	11.35	 1.89	326.36	305.28	316.11	282.20	309.85	0	56.44
2002	12	24	22.538	2914.9390	357.9391	23.9391	 1.72	 0.11	203.50	 1.91	 7.31	 0.99	11.35	 1.86	326.29	304.06	314.72	279.71	307.30	0	55.94
2002	12	24	22.767	2914.9487	357.9486	23.9486	 1.58	 0.08	201.39	 1.72	 0.47	 1.00	11.23	 1.77	326.13	303.25	313.33	278.65	307.89	0	55.73
2002	12	24	22.997	2914.9583	357.9582	23.9582	 2.09	 0.11	213.55	 1.37	 1.79	 1.00	11.35	 2.53	325.86	302.34	310.35	277.38	307.68	0	55.48
2002	12	24	23.916	2914.9966	357.9965	23.9965	 1.81	 0.07	211.13	 1.24	 1.74	 1.00	11.33	 2.14	325.12	297.34	308.51	271.49	302.41	0	54.30
2002	12	25	0.145	2915.0061	358.0060	24.0060	 1.55	 0.15	210.19	 3.53	 8.01	 1.00	11.20	 2.03	324.66	296.19	306.30	270.49	301.56	0	54.10
2002	12	25	0.375	2915.0156	358.0156	24.0156	 1.61	 0.04	210.35	 0.95	 4.26	 0.92	11.35	 2.08	324.55	295.11	306.47	270.11	299.83	0	54.02
2002	12	25	0.604	2915.0251	358.0252	24.0252	 1.52	 0.09	207.46	 2.16	 0.74	 1.00	11.20	 1.95	326.33	294.11	304.29	269.53	298.93	0	53.91
2002	12	25	0.833	2915.0347	358.0347	24.0347	 1.58	 0.04	207.52	 0.98	 1.40	 0.99	11.35	 2.06	326.85	293.19	301.87	269.00	298.03	0	53.80
2002	12	25	1.063	2915.0442	358.0443	24.0443	 1.56	 0.04	210.39	 1.00	 1.95	 0.99	11.20	 2.23	326.51	292.32	302.44	268.44	297.15	0	53.69
2002	12	25	1.292	2915.0540	358.0538	24.0538	 1.24	 0.04	205.96	 1.35	 0.46	 1.00	11.33	 1.92	327.31	291.53	299.49	267.92	296.67	0	53.58
2002	12	25	1.522	2915.0635	358.0634	24.0634	 1.43	 0.03	209.92	 0.87	 1.90	 0.97	11.22	 2.11	328.39	290.84	300.69	267.62	295.63	0	53.52
2002	12	25	1.751	2915.0730	358.0729	24.0729	 1.47	 0.04	208.87	 0.97	 1.49	 0.99	11.33	 2.08	328.28	290.20	298.39	267.13	295.03	0	53.43
2002	12	25	23.333	2915.9722	358.9722	24.9722	 2.23	 0.53	222.30	 5.61	21.72	 1.00	11.35	 2.39	329.68	301.49	315.75	274.80	306.71	0	54.96
2002	12	26	0.023	2916.0010	359.0009	25.0009	 2.10	 0.12	207.61	 1.38	 0.18	 1.00	11.22	 1.97	329.13	297.85	307.78	271.61	301.99	0	54.32
2002	12	26	0.252	2916.0105	359.0105	25.0105	 2.14	 0.17	207.36	 1.84	 5.58	 1.00	11.35	 2.03	329.63	296.83	306.35	271.02	302.25	0	54.20
2002	12	26	0.483	2916.0200	359.0201	25.0201	 2.33	 0.16	211.79	 1.47	 2.50	 1.00	11.22	 2.16	329.37	295.86	306.60	270.67	301.60	0	54.13
2002	12	26	0.712	2916.0298	359.0297	25.0297	 2.19	 0.10	205.40	 1.05	 2.95	 0.99	11.35	 1.96	328.85	294.95	303.19	270.05	301.87	0	54.01
2002	12	26	0.943	2916.0393	359.0393	25.0393	 2.32	 0.12	211.52	 1.10	 1.88	 1.00	11.22	 2.13	328.32	294.08	304.28	269.67	299.26	0	53.93
2002	12	26	1.173	2916.0488	359.0489	25.0489	 2.18	 0.08	208.61	 0.86	 1.48	 0.99	11.33	 2.08	328.03	293.26	302.10	 0.00	298.48	0	54.00
2002	12	26	1.403	2916.0586	359.0585	25.0585	 2.12	 0.09	208.44	 1.01	 4.67	 0.96	11.22	 2.05	328.06	292.48	301.57	268.45	297.39	0	53.69
2002	12	26	1.632	2916.0681	359.0680	25.0680	 2.01	 0.09	209.09	 1.20	 0.76	 1.00	11.35	 2.05	328.85	291.77	300.75	268.34	295.86	0	53.67
2002	12	26	1.863	2916.0776	359.0776	25.0776	 2.06	 0.08	210.95	 1.00	 4.23	 0.96	11.22	 2.16	328.71	291.10	299.77	 0.00	295.44	0	54.00
2002	12	26	2.092	2916.0872	359.0872	25.0872	 2.00	 0.06	209.22	 0.79	 1.77	 0.98	11.37	 2.13	328.75	290.47	298.81	 0.00	295.25	0	54.00
2002	12	26	2.322	2916.0967	359.0967	25.0967	 1.87	 0.06	209.59	 0.98	 3.77	 0.96	11.22	 2.09	328.76	289.92	297.90	267.52	293.83	0	53.50
2002	12	27	1.140	2917.0476	360.0475	26.0475	 1.28	 0.04	209.52	 1.23	 2.21	 0.99	11.28	 2.03	328.05	292.86	302.36	268.97	297.98	0	53.79
2002	12	27	1.370	2917.0571	360.0571	26.0571	 1.41	 0.05	208.34	 1.40	 1.34	 1.00	11.35	 2.06	327.73	292.17	300.14	268.32	296.98	0	53.66
2002	12	27	1.599	2917.0667	360.0667	26.0666	 1.43	 0.05	210.19	 1.39	 2.67	 0.99	11.18	 2.14	328.33	291.35	299.82	267.58	297.08	0	53.52
2002	12	27	1.828	2917.0762	360.0762	26.0762	 1.54	 0.03	212.11	 0.79	 0.86	 0.99	11.33	 2.19	328.71	290.71	299.38	267.62	295.50	0	53.52
2002	12	28	3.932	2918.1638	361.1638	27.1638	 3.08	 0.18	213.42	 0.70	 0.76	 1.00	11.27	 2.13	328.51	290.02	297.62	271.67	295.25	0	54.33
2002	12	28	4.164	2918.1736	361.1735	27.1735	 3.36	 0.29	213.16	 0.84	 1.50	 1.00	11.40	 2.21	328.58	289.67	296.81	271.55	294.46	0	54.31
2002	12	28	4.397	2918.1831	361.1832	27.1832	 3.11	 0.21	210.29	 0.80	 0.41	 1.00	11.32	 2.04	328.42	289.35	295.17	270.63	294.27	0	54.13
2002	12	29	3.760	2919.1567	362.1567	28.1567	 5.95	 4.22	212.94	 0.89	 0.60	 1.00	10.88	 2.05	328.39	289.59	297.24	270.37	294.76	0	54.07
2002	12	29	3.981	2919.1658	362.1659	28.1659	16.39	108490.27	214.21	 0.67	 0.32	 1.00	10.85	 2.11	328.66	289.38	297.17	270.19	296.40	0	54.04
2002	12	29	4.201	2919.1750	362.1750	28.1751	 5.94	 3.05	214.88	 0.66	 0.35	 1.00	10.83	 2.16	329.11	289.19	296.37	269.79	293.37	0	53.96
2002	12	29	4.422	2919.1843	362.1842	28.1842	 4.35	 0.82	215.46	 0.88	 0.33	 1.00	10.85	 2.16	329.16	289.03	296.65	270.31	292.87	0	54.06
2002	12	29	4.642	2919.1934	362.1935	28.1934	 4.55	 0.73	214.30	 0.63	 0.95	 0.99	10.85	 2.12	328.79	288.91	296.45	270.87	296.15	0	54.17
2002	12	29	4.863	2919.2026	362.2026	28.2026	 5.04	 1.47	213.86	 0.77	 1.37	 1.00	10.82	 2.11	328.58	288.74	296.05	269.39	294.29	0	53.88
2002	12	30	3.031	2920.1262	363.1263	29.1263	25.56	1077113764.58	218.59	 0.70	 2.92	 0.96	10.78	 2.35	328.17	289.61	301.42	268.91	294.50	0	53.78
2002	12	30	3.252	2920.1355	363.1355	29.1355	19.72	2631311.77	219.19	 0.60	 3.11	 0.92	10.85	 2.44	328.24	289.33	300.61	269.32	294.27	0	53.86
2002	12	30	5.554	2920.2314	363.2314	29.2314	18.13	523891.48	219.67	 0.58	 3.61	 0.88	10.83	 2.26	327.85	287.55	301.58	268.40	293.49	0	53.68
2002	12	30	10.212	2920.4255	363.4255	29.4255	20.95	14799192.02	220.58	 0.98	 7.63	 0.93	10.82	 2.07	328.33	288.22	309.78	276.79	296.97	0	55.36
2002	12	30	10.434	2920.4348	363.4347	29.4347	 6.93	 8.51	220.24	 0.69	 2.95	 0.96	10.82	 2.02	328.40	288.80	310.30	279.90	294.25	0	55.98
2002	12	30	10.654	2920.4438	363.4439	29.4439	 4.36	 0.80	221.31	 0.87	 4.55	 0.96	10.83	 1.99	328.51	289.50	310.77	280.76	294.84	0	56.15
2002	12	30	10.875	2920.4531	363.4531	29.4531	 3.67	 0.43	224.41	 0.96	 7.41	 0.92	10.90	 2.14	328.55	290.27	310.65	282.55	295.51	0	56.51
2002	12	30	11.096	2920.4624	363.4623	29.4623	 3.33	 0.26	227.68	 0.82	 3.58	 0.96	10.83	 2.10	328.60	291.08	312.30	284.57	296.92	0	56.91
2002	12	30	11.316	2920.4714	363.4715	29.4715	 2.95	 0.15	230.06	 0.72	 8.30	 0.68	10.83	 2.26	328.63	291.94	312.26	284.77	298.07	0	56.95
2002	12	30	11.537	2920.4807	363.4807	29.4807	 2.59	 0.13	233.80	 0.97	 5.97	 0.93	10.83	 2.23	328.66	292.83	314.33	285.08	296.86	0	57.02
2002	12	30	11.757	2920.4900	363.4899	29.4899	 2.79	 0.19	234.98	 1.12	 6.79	 0.96	10.83	 2.21	328.66	293.76	315.19	286.94	297.56	0	57.39
2002	12	30	11.979	2920.4990	363.4991	29.4991	 2.51	 0.08	237.27	 0.67	13.78	 0.27	10.88	 2.19	328.70	294.71	316.11	286.63	300.09	0	57.33
2002	12	30	12.200	2920.5083	363.5083	29.5083	 2.68	 0.14	239.29	 0.95	 7.11	 0.90	10.83	 2.44	328.77	295.62	317.09	287.99	301.13	0	57.60
2002	12	30	12.420	2920.5176	363.5175	29.5175	 2.41	 0.05	242.13	 0.49	10.51	 0.09	10.85	 2.40	328.81	296.52	318.61	287.90	303.01	0	57.58
2002	12	30	12.640	2920.5266	363.5267	29.5267	 2.37	 0.09	243.55	 0.85	10.52	 0.67	10.83	 2.45	328.78	297.42	318.98	287.97	303.06	0	57.59
2002	12	30	12.861	2920.5359	363.5359	29.5359	 2.34	 0.07	245.83	 0.74	12.03	 0.44	10.90	 2.51	328.73	298.31	320.11	287.72	305.01	0	57.54
2002	12	30	13.082	2920.5452	363.5451	29.5451	 2.27	 0.06	248.57	 0.72	10.79	 0.45	10.87	 2.61	328.68	299.21	320.81	290.60	305.98	0	58.12
2002	12	30	13.303	2920.5542	363.5543	29.5543	 2.18	 0.10	251.94	 1.31	15.81	 0.83	10.83	 2.65	328.27	300.07	322.39	290.30	305.97	0	58.06
2002	12	30	13.523	2920.5635	363.5634	29.5635	 2.12	 0.07	255.31	 0.93	10.40	 0.73	10.83	 2.60	327.95	300.92	322.51	 0.00	306.89	0	54.00
2002	12	31	0.336	2921.0139	364.0140	30.0140	43.26	 1.00	235.16	 0.00	 1.30	 0.00	10.85	 2.58	329.47	297.48	320.93	271.89	301.60	0	54.38
2002	12	31	0.558	2921.0232	364.0233	30.0233	 3.32	 0.20	235.12	 0.67	 1.15	 0.99	10.85	 2.65	329.65	296.60	319.45	271.70	300.66	0	54.34
2002	12	31	0.779	2921.0325	364.0324	30.0324	 3.31	 0.20	236.77	 0.69	 0.26	 1.00	10.83	 2.63	329.71	295.77	319.92	271.02	300.84	0	54.20
2002	12	31	1.000	2921.0417	364.0417	30.0417	 3.43	 0.25	234.81	 0.76	 0.88	 1.00	10.85	 2.62	329.88	294.98	318.91	270.67	300.11	0	54.13
2002	12	31	1.220	2921.0508	364.0508	30.0508	 3.46	 0.23	234.13	 0.68	 1.00	 1.00	10.85	 2.51	329.90	294.30	318.94	270.23	299.48	0	54.05
2002	12	31	1.441	2921.0601	364.0600	30.0600	 4.01	 0.54	232.18	 0.89	 2.34	 0.99	10.83	 2.52	329.76	293.66	317.77	270.15	299.09	0	54.03
2002	12	31	1.662	2921.0693	364.0692	30.0693	 3.51	 0.23	233.15	 0.64	 1.63	 0.98	10.87	 2.50	329.82	293.02	317.45	269.87	298.09	0	53.97
2002	12	31	1.883	2921.0784	364.0785	30.0785	 3.56	 0.29	231.53	 0.74	 1.68	 0.99	10.85	 2.43	329.94	292.41	316.54	269.09	297.48	0	53.82
2002	12	31	2.104	2921.0876	364.0877	30.0877	 3.87	 0.35	229.54	 0.65	 2.33	 0.96	10.85	 2.38	329.86	291.85	316.23	268.43	297.18	0	53.69
2002	12	31	2.325	2921.0969	364.0969	30.0969	 3.40	 0.28	231.76	 0.84	 2.24	 0.99	10.83	 2.32	329.15	291.30	316.19	268.09	296.57	0	53.62
2002	12	31	2.545	2921.1060	364.1060	30.1061	 3.46	 0.17	232.42	 0.50	 3.01	 0.80	10.83	 2.43	328.90	290.78	315.95	 0.00	295.63	0	54.00
2002	12	31	2.766	2921.1152	364.1152	30.1152	 3.67	 0.35	230.99	 0.80	 2.70	 0.98	10.83	 2.44	328.57	290.33	313.73	268.37	295.88	0	53.67
2002	12	31	3.240	2921.1350	364.1350	30.1350	 3.13	 0.17	216.90	 0.65	 3.95	 0.87	10.83	 2.30	327.99	289.53	300.41	269.57	294.52	0	53.91
# Unit 3, Chajnantor2, Filter  0,  Slot 1, 350 um (616) & yellow
#				days
#				since		day of	day of
# yr	mo	dy	 time	1/1/1995	year	month	Tau	unc	Tatm	unc	mse	fitgood	Etime	R	Thot	Twarm	Tchop	Tamb	<Tint>	Filter	Toff
# 1	2	3	4	5		6	7	8	9	10	11	12	13	14	15	16	17	18	19	20	21	22
