2004	2	1	0.238	3318.0100	31.0099	0.0099	 5.70	 3.72	222.94	 1.05	 0.84	 1.00	11.33	 2.43	325.52	296.99	310.16	272.63	302.75	0	54.53
2004	2	1	0.699	3318.0291	31.0291	0.0291	 4.43	 0.90	222.48	 0.92	 1.73	 1.00	11.33	 2.39	326.23	295.25	309.04	271.23	300.57	0	54.25
2004	2	1	1.162	3318.0483	31.0484	0.0484	 3.65	 0.25	220.99	 0.57	 0.67	 1.00	11.33	 2.36	326.07	293.66	307.07	270.28	298.28	0	54.06
2004	2	1	1.672	3318.0696	31.0697	0.0697	 3.32	 0.22	219.97	 0.70	 1.70	 0.98	11.33	 2.30	325.62	292.14	304.62	269.09	297.50	0	53.82
2004	2	1	2.136	3318.0889	31.0890	0.0890	 3.92	 0.50	219.46	 0.84	 1.87	 0.99	11.33	 2.23	326.58	291.03	303.52	269.63	295.35	0	53.93
2004	2	1	2.598	3318.1082	31.1082	0.1082	 3.98	 0.47	218.45	 0.75	 7.22	 0.80	11.33	 2.27	326.58	290.17	300.65	269.90	294.89	0	53.98
2004	2	1	3.059	3318.1274	31.1275	0.1275	 5.23	 1.77	219.46	 0.79	 0.57	 1.00	11.33	 2.37	327.27	289.44	300.07	270.68	294.71	0	54.14
2004	2	1	3.519	3318.1467	31.1466	0.1466	 4.94	 1.03	217.50	 0.61	 2.14	 0.96	11.33	 2.24	327.03	288.87	298.47	270.41	293.34	0	54.08
2004	2	1	3.982	3318.1660	31.1659	0.1659	 4.38	 0.58	218.67	 0.62	 2.06	 0.96	11.33	 2.29	326.82	288.41	299.43	270.13	293.68	0	54.03
2004	2	1	4.443	3318.1851	31.1851	0.1851	 6.84	 7.60	217.71	 0.67	 3.40	 0.94	11.33	 2.27	326.41	288.01	298.45	270.26	292.28	0	54.05
2004	2	1	4.906	3318.2043	31.2044	0.2044	 5.37	 2.36	217.93	 0.91	 5.18	 0.96	11.32	 2.25	327.68	287.65	298.82	 0.00	291.55	0	54.00
2004	2	1	5.368	3318.2236	31.2237	0.2237	 5.14	 1.45	217.82	 0.71	 4.24	 0.92	11.32	 2.31	328.41	287.36	298.11	 0.00	291.52	0	54.00
2004	2	1	5.830	3318.2429	31.2429	0.2429	 4.65	 0.76	217.01	 0.61	 5.53	 0.75	11.35	 2.20	327.78	287.15	297.71	268.85	291.17	0	53.77
2004	2	1	6.292	3318.2622	31.2622	0.2622	 3.77	 0.43	216.19	 0.83	 6.97	 0.87	11.33	 2.20	327.83	286.87	296.49	268.42	291.85	0	53.68
2004	2	1	6.754	3318.2815	31.2814	0.2814	 3.84	 0.45	217.29	 0.82	 7.74	 0.83	11.32	 2.28	326.90	286.64	296.02	268.24	290.94	0	53.65
2004	2	1	7.217	3318.3008	31.3007	0.3007	 3.57	 0.31	218.49	 0.75	 4.59	 0.91	11.33	 2.28	324.62	286.34	296.74	267.91	291.34	0	53.58
2004	2	1	7.678	3318.3198	31.3199	0.3199	 3.50	 0.26	218.03	 0.66	 9.08	 0.56	11.33	 2.31	327.17	286.13	295.61	268.96	290.93	0	53.79
2004	2	1	8.139	3318.3391	31.3391	0.3391	 3.60	 0.24	218.18	 0.56	 6.70	 0.56	11.33	 2.31	326.83	285.97	296.56	268.61	290.91	0	53.72
2004	2	1	8.601	3318.3584	31.3584	0.3584	 3.50	 0.33	215.10	 0.85	 5.85	 0.91	11.33	 2.22	326.94	285.84	294.55	268.49	292.86	0	53.70
2004	2	1	9.062	3318.3777	31.3776	0.3776	 3.30	 0.20	215.66	 0.64	 5.11	 0.80	11.40	 2.23	326.87	285.70	295.39	 0.00	290.73	0	54.00
2004	2	1	9.523	3318.3967	31.3968	0.3968	 3.28	 0.28	215.65	 0.91	 8.92	 0.84	11.33	 2.24	326.74	285.61	295.66	268.76	 0.00	0	53.75
2004	2	1	9.985	3318.4160	31.4160	0.4160	 2.99	 0.21	215.82	 0.90	11.35	 0.74	11.35	 2.20	326.80	285.43	295.36	267.34	290.47	0	53.47
2004	2	1	10.446	3318.4353	31.4353	0.4353	 3.22	 0.24	210.93	 0.80	 6.07	 0.88	11.37	 2.19	326.25	285.50	295.38	270.32	288.90	0	54.06
2004	2	1	10.907	3318.4543	31.4545	0.4545	 2.94	 0.19	211.17	 0.88	 1.03	 1.00	11.32	 2.25	326.82	286.70	296.23	283.36	291.87	0	56.67
2004	2	1	11.368	3318.4736	31.4737	0.4737	 2.53	 0.10	215.02	 0.75	 1.84	 0.98	11.33	 2.33	326.74	288.46	298.38	288.54	293.01	0	57.71
2004	2	1	11.831	3318.4929	31.4930	0.4930	 2.46	 0.09	224.75	 0.71	 2.22	 0.97	11.33	 2.52	326.81	290.49	301.63	 0.00	295.91	0	54.00
2004	2	1	12.292	3318.5122	31.5122	0.5122	 2.01	 0.06	222.40	 0.86	 5.39	 0.88	11.35	 2.43	326.70	292.70	303.06	295.54	298.81	0	59.11
2004	2	1	12.753	3318.5315	31.5314	0.5314	 2.03	 0.07	225.89	 0.98	 8.33	 0.84	11.33	 2.41	326.31	294.99	306.60	294.73	301.11	0	58.95
2004	2	1	13.214	3318.5505	31.5506	0.5506	 1.80	 0.08	231.64	 1.57	10.64	 0.95	11.32	 2.35	325.91	297.22	308.73	293.33	303.06	0	58.67
2004	2	1	13.675	3318.5698	31.5698	0.5698	 1.58	 0.06	236.24	 1.42	 4.51	 0.98	11.32	 2.29	325.53	299.34	313.92	293.88	305.46	0	58.78
2004	2	1	14.136	3318.5891	31.5890	0.5890	 1.64	 0.05	237.53	 1.17	22.36	 0.44	11.35	 2.26	327.60	301.31	316.07	295.61	307.30	0	59.12
2004	2	1	14.597	3318.6082	31.6082	0.6082	 1.80	 0.05	244.60	 1.07	27.13	 0.28	11.30	 2.26	327.78	303.12	317.63	 0.00	309.22	0	54.00
2004	2	1	15.057	3318.6274	31.6274	0.6274	 2.10	 0.06	239.11	 0.85	37.28	 0.03	11.32	 2.47	325.60	304.54	318.61	290.57	309.33	0	58.11
2004	2	1	15.518	3318.6465	31.6466	0.6466	 1.94	 0.05	242.91	 0.76	29.54	 0.03	11.33	 2.39	326.72	305.68	320.45	290.49	311.53	0	58.10
2004	2	1	15.980	3318.6658	31.6658	0.6658	 2.07	 0.07	245.15	 1.01	24.44	 0.34	11.33	 2.70	324.95	306.53	320.86	289.99	312.59	0	58.00
2004	2	1	16.441	3318.6851	31.6850	0.6850	 1.71	 0.07	244.60	 1.45	32.02	 0.52	11.35	 2.15	327.96	307.26	322.78	289.31	313.30	0	57.86
2004	2	1	16.903	3318.7043	31.7043	0.7043	 1.88	 0.04	245.87	 0.76	17.62	 0.17	11.35	 2.37	328.09	307.85	323.48	288.83	313.76	0	57.77
2004	2	1	17.364	3318.7234	31.7235	0.7235	 2.12	 0.06	248.62	 0.85	22.80	 0.19	11.33	 2.54	326.73	308.35	322.64	 0.00	314.19	0	54.00
2004	2	1	18.287	3318.7620	31.7620	0.7620	 2.10	 0.09	242.54	 1.23	20.11	 0.68	11.35	 2.36	327.63	309.04	322.39	288.36	314.90	0	57.67
2004	2	1	19.209	3318.8003	31.8004	0.8004	 2.37	 0.09	242.44	 0.87	19.86	 0.33	11.33	 2.46	328.18	309.36	324.95	287.84	313.39	0	57.57
2004	2	1	19.671	3318.8196	31.8196	0.8196	 2.65	 0.14	242.77	 0.99	18.21	 0.57	11.33	 2.73	328.31	309.35	323.80	287.64	315.20	0	57.53
2004	2	1	20.594	3318.8582	31.8581	0.8581	 2.55	 0.13	233.21	 1.00	26.96	 0.34	11.33	 2.19	328.22	308.79	322.93	285.10	314.03	0	57.02
2004	2	1	21.054	3318.8772	31.8773	0.8773	 2.63	 0.11	238.33	 0.80	12.92	 0.52	11.33	 2.52	328.35	308.28	323.25	285.20	313.54	0	57.04
2004	2	1	21.517	3318.8965	31.8966	0.8966	 2.71	 0.15	234.01	 0.98	 5.53	 0.95	11.33	 2.44	328.47	307.29	321.37	284.26	312.53	0	56.85
2004	2	1	22.440	3318.9351	31.9350	0.9350	 3.62	 0.28	228.20	 0.67	 3.17	 0.93	11.33	 2.38	328.48	305.14	319.05	281.20	309.96	0	56.24
2004	2	1	23.826	3318.9927	31.9928	0.9928	 5.37	 2.91	224.60	 1.15	 2.15	 1.00	11.33	 2.42	327.05	298.64	312.99	 0.00	304.51	0	54.00
2004	2	2	0.288	3319.0120	32.0120	1.0120	 4.26	 0.78	219.98	 0.94	 0.27	 1.00	11.33	 2.28	326.87	296.60	308.87	272.16	301.35	0	54.43
2004	2	2	0.749	3319.0312	32.0312	1.0312	 5.10	 1.27	221.27	 0.65	 0.54	 1.00	11.30	 2.40	327.26	294.89	307.49	270.49	300.20	0	54.10
2004	2	2	1.674	3319.0698	32.0697	1.0697	 3.86	 0.58	220.20	 1.04	 1.93	 1.00	11.37	 2.29	327.28	292.04	305.20	269.21	296.82	0	53.84
2004	2	2	2.136	3319.0891	32.0890	1.0890	 4.36	 0.87	217.76	 0.93	 4.23	 0.97	11.33	 2.20	327.15	290.96	302.61	269.19	296.37	0	53.84
2004	2	2	2.597	3319.1082	32.1082	1.1082	 4.20	 0.77	218.43	 0.98	 2.93	 0.99	11.35	 2.29	326.98	290.07	301.31	269.21	294.60	0	53.84
2004	2	2	3.108	3319.1294	32.1295	1.1295	 3.01	 0.22	211.58	 0.92	 0.61	 1.00	11.38	 2.02	327.48	289.23	295.80	268.67	293.19	0	53.73
2004	2	2	3.571	3319.1487	32.1488	1.1488	 3.61	 0.31	214.29	 0.70	 0.48	 1.00	11.33	 2.14	327.79	288.60	295.29	268.35	293.24	0	53.67
2004	2	2	4.032	3319.1680	32.1680	1.1680	 3.44	 0.24	215.80	 0.65	 1.19	 0.99	11.33	 2.16	328.12	288.28	294.97	269.17	293.09	0	53.83
2004	2	2	4.493	3319.1873	32.1872	1.1872	 3.44	 0.16	214.54	 0.43	 0.54	 0.99	11.33	 2.16	328.16	287.97	293.96	268.82	292.22	0	53.76
2004	2	2	4.954	3319.2063	32.2064	1.2064	 3.33	 0.24	211.02	 0.72	 1.06	 1.00	11.32	 2.03	328.00	287.67	292.95	 0.00	292.65	0	54.00
2004	2	2	5.415	3319.2256	32.2256	1.2256	 3.30	 0.20	212.83	 0.62	 1.58	 0.98	11.33	 2.13	327.99	287.36	293.31	268.39	293.07	0	53.68
2004	2	2	5.879	3319.2449	32.2449	1.2449	 3.07	 0.23	215.64	 0.94	 0.71	 1.00	11.43	 2.27	327.69	287.09	294.01	 0.00	291.08	0	54.00
2004	2	2	6.341	3319.2642	32.2642	1.2642	 2.80	 0.14	215.04	 0.76	 0.80	 1.00	11.32	 2.26	327.39	286.74	293.37	267.59	290.41	0	53.52
2004	2	2	6.804	3319.2834	32.2835	1.2835	 2.68	 0.11	213.13	 0.68	 0.45	 1.00	11.35	 2.14	326.91	286.39	292.04	267.55	290.40	0	53.51
2004	2	2	7.266	3319.3027	32.3027	1.3027	 2.66	 0.16	213.15	 0.99	 0.88	 1.00	11.33	 2.12	327.24	286.11	291.98	267.64	291.47	0	53.53
2004	2	2	7.727	3319.3220	32.3219	1.3219	 2.61	 0.09	212.52	 0.57	 0.48	 1.00	11.33	 2.08	327.59	285.87	291.85	267.27	289.56	0	53.45
2004	2	2	8.189	3319.3413	32.3412	1.3412	 2.48	 0.09	210.46	 0.69	 1.46	 0.99	11.40	 2.06	327.53	285.68	289.99	267.69	292.72	0	53.54
2004	2	2	8.653	3319.3606	32.3605	1.3605	 2.54	 0.13	213.81	 0.95	 0.77	 1.00	11.35	 2.13	327.81	285.48	291.88	267.29	290.75	0	53.46
2004	2	2	9.116	3319.3799	32.3798	1.3798	 2.61	 0.16	215.52	 1.06	 0.96	 1.00	11.35	 2.22	327.59	285.36	292.84	266.94	292.28	0	53.39
2004	2	2	9.579	3319.3992	32.3991	1.3991	 2.42	 0.10	210.93	 0.80	 2.02	 0.98	11.35	 2.09	326.89	285.17	290.92	 0.00	290.68	0	54.00
2004	2	2	10.043	3319.4185	32.4184	1.4184	 2.44	 0.09	212.76	 0.71	 1.30	 0.99	11.35	 2.17	326.54	284.98	290.75	266.72	290.55	0	53.34
2004	2	2	10.504	3319.4377	32.4377	1.4377	 2.66	 0.14	206.95	 0.83	 2.17	 0.99	11.37	 2.04	327.42	285.39	291.85	275.21	289.80	0	55.04
2004	2	2	10.967	3319.4570	32.4570	1.4570	 2.61	 0.15	205.54	 0.93	 1.70	 0.99	11.33	 2.20	327.59	286.78	292.20	284.02	291.66	0	56.80
2004	2	2	11.431	3319.4763	32.4763	1.4763	 2.97	 0.18	207.65	 0.78	 1.03	 1.00	11.33	 2.27	327.70	288.69	295.56	286.91	291.41	0	57.38
2004	2	2	11.892	3319.4956	32.4955	1.4955	 2.54	 0.17	204.10	 1.19	 3.14	 0.99	11.33	 2.19	327.74	290.84	296.28	289.50	296.36	0	57.90
2004	2	2	12.353	3319.5146	32.5147	1.5147	 2.56	 0.12	205.95	 0.81	 2.10	 0.98	11.32	 2.09	327.70	293.00	300.43	288.65	298.68	0	57.73
2004	2	2	12.814	3319.5339	32.5339	1.5339	 2.36	 0.08	207.98	 0.69	 1.49	 0.98	11.33	 2.16	327.54	295.18	302.02	289.05	 0.00	0	57.81
2004	2	2	13.276	3319.5532	32.5532	1.5532	 2.40	 0.12	206.29	 0.99	 2.21	 0.99	11.35	 2.14	327.77	297.23	305.07	291.64	302.63	0	58.33
2004	2	2	13.737	3319.5723	32.5724	1.5724	 2.25	 0.09	210.60	 0.91	 5.57	 0.91	11.33	 2.22	327.08	299.24	308.53	292.15	305.54	0	58.43
2004	2	2	14.198	3319.5916	32.5916	1.5916	 2.52	 0.17	208.23	 1.20	 2.09	 1.00	11.33	 1.97	326.77	301.03	312.13	290.96	306.53	0	58.19
2004	2	2	14.660	3319.6108	32.6108	1.6108	 2.62	 0.15	214.06	 1.00	 2.01	 0.99	11.35	 2.11	328.77	302.60	315.56	291.80	308.16	0	58.36
2004	2	2	15.121	3319.6301	32.6300	1.6300	 2.76	 0.13	211.67	 0.73	 2.51	 0.97	11.30	 1.94	328.08	304.01	317.46	290.59	308.53	0	58.12
2004	2	2	15.573	3319.6489	32.6489	1.6489	 2.96	 0.21	214.74	 0.97	 1.40	 1.00	10.22	 2.08	327.51	305.12	318.23	290.13	311.31	0	58.03
2004	2	2	16.025	3319.6677	32.6677	1.6677	 2.63	 0.14	214.08	 0.90	 1.70	 0.99	11.35	 1.99	328.74	306.00	318.74	289.41	312.00	0	57.88
2004	2	2	16.486	3319.6870	32.6869	1.6869	 2.58	 0.15	215.14	 1.00	 3.95	 0.98	11.33	 1.94	328.50	306.75	319.62	289.92	312.90	0	57.98
2004	2	2	16.947	3319.7061	32.7061	1.7061	 2.74	 0.18	216.14	 1.06	 1.24	 1.00	11.33	 1.98	326.93	307.36	320.92	289.89	313.11	0	57.98
2004	2	2	17.408	3319.7253	32.7253	1.7253	 2.69	 0.16	218.78	 1.02	 2.36	 0.99	11.35	 2.02	327.97	307.91	322.41	289.98	314.59	0	58.00
2004	2	2	17.870	3319.7446	32.7446	1.7446	 2.43	 0.19	212.52	 1.51	 5.16	 0.99	11.32	 1.72	327.98	308.38	322.67	288.32	315.02	0	57.66
2004	2	2	18.331	3319.7637	32.7638	1.7638	 2.44	 0.25	209.33	 1.92	 6.78	 1.00	11.35	 1.63	325.77	308.68	323.97	288.62	314.14	0	57.72
2004	2	2	18.792	3319.7830	32.7830	1.7830	 2.93	 0.33	213.24	 1.54	 4.06	 1.00	11.33	 1.81	326.52	308.80	322.45	288.40	315.24	0	57.68
2004	2	2	19.253	3319.8022	32.8022	1.8022	 3.02	 0.40	219.92	 1.71	 0.83	 1.00	11.32	 1.88	327.21	308.93	321.64	 0.00	313.06	0	54.00
2004	2	2	19.715	3319.8215	32.8215	1.8215	 2.82	 0.24	216.05	 1.27	 4.40	 0.99	11.43	 1.96	327.50	308.87	321.60	286.65	312.91	0	57.33
2004	2	2	20.640	3319.8601	32.8600	1.8600	 2.44	 0.24	213.39	 1.92	 1.73	 1.00	11.32	 1.77	327.53	308.19	321.18	283.65	313.55	0	56.73
2004	2	2	21.102	3319.8792	32.8793	1.8793	 3.43	 0.53	212.36	 1.45	 2.39	 1.00	11.35	 1.76	327.83	307.48	320.79	283.76	313.51	0	56.75
2004	2	2	22.028	3319.9177	32.9178	1.9178	 3.47	 0.42	216.01	 1.12	 0.14	 1.00	11.38	 1.90	328.18	304.89	316.67	 0.00	309.04	0	54.00
2004	2	2	22.489	3319.9370	32.9370	1.9370	 3.69	 6.54	221.26	14.14	110.20	 1.00	11.33	 2.19	326.84	302.97	313.01	277.72	308.71	0	55.54
2004	2	2	23.412	3319.9756	32.9755	1.9755	 4.14	 1.14	213.22	 1.49	 1.37	 1.00	11.33	 2.00	326.63	298.39	309.63	272.68	304.04	0	54.54
2004	2	2	23.876	3319.9949	32.9948	1.9948	 4.86	 1.45	211.72	 0.90	 2.92	 0.99	11.37	 2.02	327.49	296.46	305.52	271.97	302.09	0	54.39
2004	2	3	0.337	3320.0142	33.0140	2.0140	 4.96	 1.73	210.88	 0.98	 0.72	 1.00	11.30	 2.02	326.96	295.00	303.18	 0.00	300.21	0	54.00
2004	2	3	0.799	3320.0332	33.0333	2.0333	 4.10	 0.82	212.17	 1.11	 1.07	 1.00	11.43	 2.04	327.42	293.71	303.45	271.01	299.34	0	54.20
2004	2	3	1.263	3320.0527	33.0526	2.0526	 4.20	 0.68	209.53	 0.82	 0.48	 1.00	11.33	 1.97	327.71	292.45	300.38	269.97	297.75	0	53.99
2004	2	3	1.724	3320.0718	33.0719	2.0719	 3.75	 0.43	209.03	 0.81	 0.96	 1.00	11.33	 1.92	327.40	291.32	298.83	269.13	296.81	0	53.83
2004	2	3	2.187	3320.0911	33.0911	2.0911	 4.04	 0.47	212.72	 0.67	 0.95	 1.00	11.33	 2.13	326.71	290.28	298.16	268.42	294.56	0	53.68
2004	2	3	2.648	3320.1104	33.1103	2.1103	 4.25	 0.73	208.61	 0.84	 0.96	 1.00	11.33	 2.00	327.37	289.38	295.07	268.11	294.66	0	53.62
2004	2	3	3.110	3320.1296	33.1296	2.1296	 3.71	 0.34	211.90	 0.70	 1.34	 0.99	11.37	 2.11	328.65	288.73	295.32	 0.00	294.22	0	54.00
2004	2	3	3.573	3320.1489	33.1489	2.1489	 3.66	 0.35	212.55	 0.74	 0.81	 1.00	11.32	 2.07	328.17	288.03	294.69	267.44	291.73	0	53.49
2004	2	3	4.034	3320.1680	33.1681	2.1681	 3.34	 0.33	211.61	 0.97	 1.29	 1.00	11.33	 2.02	327.52	287.46	293.92	267.55	291.46	0	53.51
2004	2	3	4.544	3320.1895	33.1894	2.1894	 4.06	 0.41	217.51	 0.59	 2.65	 0.93	11.27	 2.25	327.71	286.97	297.29	267.11	291.92	0	53.42
2004	2	3	5.005	3320.2085	33.2085	2.2085	 4.59	 0.83	217.47	 0.70	 4.55	 0.90	11.32	 2.38	327.74	286.58	297.10	 0.00	291.81	0	54.00
2004	2	3	5.466	3320.2278	33.2277	2.2277	 3.54	 0.26	217.47	 0.66	 4.03	 0.88	11.33	 2.29	327.29	286.22	296.26	266.89	290.41	0	53.38
2004	2	3	5.926	3320.2468	33.2469	2.2469	 3.61	 0.31	215.84	 0.71	 3.46	 0.94	11.30	 2.27	326.31	285.91	294.91	 0.00	291.53	0	54.00
2004	2	3	6.388	3320.2661	33.2662	2.2662	 3.70	 0.37	215.86	 0.76	 5.57	 0.88	11.32	 2.26	327.11	285.62	295.17	266.61	289.22	0	53.32
2004	2	3	6.851	3320.2854	33.2854	2.2854	 3.72	 0.39	218.45	 0.81	 7.49	 0.83	11.33	 2.29	327.08	285.38	296.28	266.82	288.89	0	53.36
2004	2	3	7.312	3320.3047	33.3047	2.3047	 3.69	 0.41	215.73	 0.87	 4.44	 0.96	11.35	 2.25	326.72	285.12	295.15	266.65	290.33	0	53.33
2004	2	3	7.778	3320.3242	33.3241	2.3241	 3.89	 0.52	215.58	 0.89	 4.69	 0.96	11.60	 2.24	327.36	284.95	294.96	266.73	288.72	0	53.35
2004	2	3	8.251	3320.3437	33.3438	2.3438	 3.49	 0.26	215.12	 0.66	 6.52	 0.73	11.62	 2.20	327.30	284.79	293.96	266.71	288.90	0	53.34
2004	2	3	8.724	3320.3635	33.3635	2.3635	 3.90	 0.45	215.96	 0.76	 5.52	 0.88	11.58	 2.28	327.41	284.70	294.42	266.52	289.47	0	53.30
2004	2	3	9.197	3320.3833	33.3832	2.3832	 3.67	 0.37	213.91	 0.78	10.98	 0.65	11.63	 2.18	327.12	284.53	293.75	266.46	288.30	0	53.29
2004	2	3	9.671	3320.4031	33.4030	2.4030	 3.50	 0.29	214.94	 0.75	 6.89	 0.81	11.63	 2.24	326.13	284.44	293.88	266.27	289.55	0	53.25
2004	2	3	10.147	3320.4229	33.4228	2.4228	 3.38	 0.26	211.68	 0.74	 9.41	 0.67	11.62	 2.18	326.27	284.30	292.07	266.27	288.06	0	53.25
2004	2	3	10.619	3320.4424	33.4425	2.4425	 3.24	 0.23	214.22	 0.76	 7.01	 0.80	11.62	 2.40	326.66	285.02	295.23	 0.00	287.91	0	54.00
2004	2	3	11.093	3320.4622	33.4622	2.4622	 3.01	 0.18	208.93	 0.72	 2.28	 0.97	11.62	 2.13	326.86	286.63	294.99	284.18	291.76	0	56.84
2004	2	3	11.567	3320.4819	33.4820	2.4820	 2.43	 0.15	215.56	 1.25	 1.71	 1.00	11.65	 2.31	326.98	288.65	298.06	290.78	293.16	0	58.16
2004	2	3	12.041	3320.5017	33.5017	2.5017	 2.33	 0.12	223.30	 1.15	 8.81	 0.92	11.62	 2.30	327.03	290.90	300.90	 0.00	296.39	0	54.00
2004	2	3	12.513	3320.5215	33.5214	2.5214	 2.35	 0.09	223.74	 0.85	13.84	 0.52	11.60	 2.37	327.21	293.09	304.80	287.48	298.21	0	57.50
2004	2	3	12.985	3320.5410	33.5411	2.5411	 2.12	 0.08	229.05	 1.02	11.61	 0.76	11.62	 2.49	327.27	295.27	307.09	288.19	300.54	0	57.64
2004	2	3	13.557	3320.5649	33.5649	2.5649	 2.10	 0.07	229.95	 0.92	15.14	 0.52	10.83	 2.45	326.27	297.75	309.85	289.51	303.36	0	57.90
2004	2	3	13.998	3320.5833	33.5833	2.5833	 2.00	 0.07	235.66	 1.05	19.32	 0.51	10.85	 2.58	326.01	299.52	312.87	290.67	305.41	0	58.13
2004	2	3	14.440	3320.6016	33.6017	2.6017	 1.85	 0.04	237.83	 0.80	21.13	 0.13	10.85	 2.48	325.83	301.01	314.76	290.32	306.75	0	58.06
2004	2	3	14.881	3320.6201	33.6200	2.6200	 1.80	 0.04	241.81	 0.85	33.18	 0.03	10.85	 2.40	327.05	302.49	317.92	291.21	308.12	0	58.24
2004	2	3	15.321	3320.6384	33.6384	2.6384	 2.11	 0.07	240.88	 0.99	38.33	 0.10	10.83	 2.48	327.69	303.82	318.24	290.49	309.60	0	58.10
2004	2	3	15.762	3320.6567	33.6568	2.6568	 2.08	 0.08	242.85	 1.16	29.46	 0.39	10.83	 2.49	326.64	304.92	320.08	289.64	310.71	0	57.93
2004	2	3	16.203	3320.6750	33.6751	2.6751	 1.97	 0.07	241.82	 1.09	45.22	 0.09	10.83	 2.23	327.29	305.74	322.06	289.08	312.04	0	57.82
2004	2	3	16.644	3320.6936	33.6935	2.6935	 1.92	 0.08	242.14	 1.39	42.04	 0.36	10.83	 2.15	328.25	306.50	322.78	288.21	312.56	0	57.64
2004	2	3	17.084	3320.7119	33.7118	2.7118	 2.24	 0.10	245.32	 1.15	29.33	 0.41	10.83	 2.45	327.07	307.11	322.64	 0.00	313.10	0	54.00
2004	2	3	17.525	3320.7302	33.7302	2.7302	 2.28	 0.06	243.13	 0.67	34.37	 0.00	10.83	 2.52	325.55	307.51	322.46	287.99	313.07	0	57.60
2004	2	3	17.965	3320.7485	33.7486	2.7486	 2.26	 0.08	241.71	 0.88	24.82	 0.21	10.83	 2.45	327.00	307.76	322.64	287.08	313.13	0	57.42
2004	2	3	18.406	3320.7668	33.7669	2.7669	 2.30	 0.12	241.05	 1.28	21.79	 0.71	10.82	 2.48	326.66	307.91	322.34	286.32	314.31	0	57.26
2004	2	3	18.846	3320.7852	33.7853	2.7853	 2.55	 0.19	239.99	 1.47	24.26	 0.80	10.83	 2.44	326.68	308.04	322.86	286.95	313.57	0	57.39
2004	2	3	19.287	3320.8037	33.8036	2.8036	 2.49	 0.13	240.49	 1.11	17.68	 0.69	10.82	 2.62	327.32	308.10	322.87	286.18	313.57	0	57.24
2004	2	3	20.167	3320.8403	33.8403	2.8403	 2.46	 0.13	235.39	 1.12	23.00	 0.56	10.83	 2.28	327.32	307.77	323.54	285.25	313.13	0	57.05
2004	2	3	20.608	3320.8586	33.8587	2.8587	 2.93	 0.18	237.11	 0.94	15.19	 0.64	10.83	 2.59	327.42	307.52	322.89	283.07	312.79	0	56.61
2004	2	3	21.049	3320.8770	33.8770	2.8770	 3.14	 0.27	234.13	 1.10	11.08	 0.88	10.83	 2.45	327.45	306.98	322.91	283.58	312.25	0	56.72
2004	2	3	21.489	3320.8953	33.8954	2.8954	 3.33	 0.63	230.07	 2.06	11.94	 0.99	10.82	 2.29	327.31	306.05	322.18	282.10	311.34	0	56.42
2004	2	3	22.369	3320.9321	33.9321	2.9321	 4.39	 5.29	215.04	 5.40	169.62	 0.96	10.80	 2.16	326.85	301.97	315.30	275.19	306.53	0	55.04
2004	2	3	23.250	3320.9687	33.9688	2.9688	 3.33	 0.38	223.83	 1.21	 0.61	 1.00	10.83	 2.23	326.54	297.93	312.08	273.20	303.57	0	54.64
2004	2	3	23.690	3320.9871	33.9871	2.9871	56.16	 1.00	217.50	 0.00	27.54	 0.00	10.83	 2.30	326.34	296.44	308.54	272.09	301.97	0	54.42
2004	2	4	0.131	3321.0054	34.0055	3.0055	 4.59	 1.19	220.23	 1.02	 1.02	 1.00	10.82	 2.26	326.25	295.15	307.14	271.37	300.91	0	54.27
2004	2	4	0.571	3321.0237	34.0238	3.0238	 4.13	 0.49	221.15	 0.67	 1.67	 0.98	10.82	 2.35	325.92	294.12	306.06	271.38	299.98	0	54.28
2004	2	4	1.011	3321.0422	34.0421	3.0421	 4.42	 0.57	220.72	 0.58	 1.57	 0.98	10.83	 2.28	325.96	293.29	305.26	271.35	299.50	0	54.27
2004	2	4	1.452	3321.0605	34.0605	3.0605	 4.45	 0.62	221.87	 0.62	 0.31	 1.00	10.82	 2.37	326.03	292.68	304.40	271.31	298.16	0	54.26
2004	2	4	1.892	3321.0789	34.0788	3.0788	 4.99	 1.39	220.40	 0.79	 1.47	 1.00	10.83	 2.31	325.93	292.22	303.59	271.12	297.73	0	54.22
2004	2	4	2.333	3321.0972	34.0972	3.0972	 4.01	 0.40	221.65	 0.62	 1.62	 0.98	10.83	 2.42	327.14	291.58	303.96	270.44	297.16	0	54.09
2004	2	4	2.776	3321.1157	34.1157	3.1157	 3.88	 0.28	221.30	 0.50	 0.91	 0.98	10.83	 2.40	326.04	290.66	303.07	269.78	296.38	0	53.96
2004	2	4	3.218	3321.1340	34.1341	3.1341	 4.60	 0.79	219.98	 0.67	 1.03	 1.00	10.90	 2.32	325.07	289.78	301.41	270.26	295.37	0	54.05
2004	2	4	3.659	3321.1523	34.1524	3.1524	 3.86	 0.60	218.06	 1.06	 1.20	 1.00	10.83	 2.19	326.43	289.08	300.58	268.73	294.59	0	53.75
2004	2	4	4.100	3321.1709	34.1708	3.1708	 3.74	 0.44	218.45	 0.89	 0.78	 1.00	10.83	 2.30	327.12	288.34	299.38	268.06	293.14	0	53.61
2004	2	4	4.540	3321.1892	34.1892	3.1892	 4.05	 0.53	218.47	 0.78	 1.70	 0.99	10.83	 2.29	327.08	287.72	298.71	267.95	291.45	0	53.59
2004	2	4	4.982	3321.2075	34.2076	3.2076	 4.28	 0.74	217.21	 0.86	 1.38	 1.00	10.93	 2.33	326.09	287.16	296.98	267.97	292.58	0	53.59
2004	2	4	5.426	3321.2261	34.2261	3.2261	 3.92	 0.44	216.83	 0.73	 2.80	 0.97	10.85	 2.27	325.81	286.64	296.88	266.59	291.38	0	53.32
2004	2	4	5.869	3321.2446	34.2445	3.2445	 3.87	 0.43	216.74	 0.75	 1.30	 0.99	10.83	 2.26	326.05	286.12	296.52	266.57	291.02	0	53.31
2004	2	4	6.311	3321.2629	34.2630	3.2630	 3.34	 0.28	216.59	 0.87	 4.21	 0.96	10.83	 2.21	327.07	285.79	295.91	267.14	292.56	0	53.43
2004	2	4	6.753	3321.2812	34.2814	3.2814	 3.42	 0.29	217.31	 0.82	 4.54	 0.94	10.83	 2.29	326.52	285.52	295.67	266.84	289.36	0	53.37
2004	2	4	7.193	3321.2998	34.2997	3.2997	 4.11	 0.59	215.99	 0.81	 6.64	 0.87	10.82	 2.26	326.89	285.28	294.60	267.25	290.46	0	53.45
2004	2	4	7.632	3321.3181	34.3180	3.3180	 4.07	 0.47	214.99	 0.67	 6.71	 0.74	10.80	 2.26	326.85	285.06	294.67	 0.00	289.24	0	54.00
2004	2	4	8.073	3321.3364	34.3364	3.3364	 4.97	 1.19	215.06	 0.68	 4.64	 0.88	10.83	 2.26	326.98	284.85	293.76	266.93	289.72	0	53.39
2004	2	4	8.514	3321.3547	34.3547	3.3547	 4.01	 0.50	214.27	 0.75	 4.42	 0.92	10.82	 2.14	326.74	284.71	293.69	268.01	289.48	0	53.60
2004	2	4	8.955	3321.3730	34.3731	3.3731	 5.24	 1.37	214.24	 0.59	 7.06	 0.63	10.83	 2.24	326.13	284.62	293.12	268.08	289.42	0	53.62
2004	2	4	9.396	3321.3916	34.3915	3.3915	 5.59	 2.74	214.02	 0.83	 7.74	 0.86	10.82	 2.13	326.19	284.53	293.92	 0.00	288.72	0	54.00
2004	2	4	9.837	3321.4099	34.4099	3.4099	18.91	1575659.76	214.33	 0.78	 1.34	 1.00	10.82	 2.25	326.16	284.37	294.52	 0.00	287.97	0	54.00
2004	2	4	10.277	3321.4282	34.4282	3.4282	17.47	306269.04	215.81	 0.65	 5.04	 0.85	10.83	 2.21	326.06	284.29	293.75	267.55	289.19	0	53.51
2004	2	4	10.718	3321.4465	34.4466	3.4466	 5.09	 1.18	214.78	 0.59	 2.75	 0.93	10.88	 2.19	326.50	284.47	293.46	268.94	289.91	0	53.79
2004	2	4	11.158	3321.4648	34.4649	3.4649	 5.24	 1.58	216.55	 0.69	 1.34	 0.99	10.82	 2.34	326.49	284.98	294.99	271.14	289.73	0	54.23
2004	2	4	11.600	3321.4834	34.4833	3.4833	22.97	101178500.65	215.97	 0.87	 0.61	 1.00	10.82	 2.33	326.61	286.10	296.04	275.09	289.75	0	55.02
2004	2	4	12.041	3321.5017	34.5017	3.5017	 3.93	 0.35	215.64	 0.57	 3.30	 0.87	10.83	 2.29	326.76	287.70	296.91	277.22	291.18	0	55.44
2004	2	4	12.483	3321.5200	34.5201	3.5201	 3.63	 0.59	215.97	 1.32	 2.66	 1.00	10.83	 2.27	326.89	289.52	298.52	279.48	295.05	0	55.90
2004	2	4	12.923	3321.5383	34.5384	3.5384	 3.33	 0.35	219.47	 1.08	 8.64	 0.92	10.82	 2.28	326.57	291.51	301.42	281.98	299.69	0	56.40
2004	2	4	13.364	3321.5569	34.5568	3.5568	 2.72	 0.18	223.29	 1.11	18.13	 0.70	10.85	 2.28	326.61	293.57	303.85	284.46	298.62	0	56.89
2004	2	4	13.853	3321.5771	34.5772	3.5772	 2.41	 0.12	231.35	 1.05	19.81	 0.57	10.77	 2.44	325.48	296.00	308.30	290.75	301.31	0	58.15
2004	2	4	14.293	3321.5955	34.5955	3.5955	 2.45	 0.11	232.59	 0.96	47.82	 0.05	10.83	 2.48	325.84	298.21	311.06	293.10	303.69	0	58.62
2004	2	4	14.733	3321.6138	34.6139	3.6139	 2.45	 0.11	241.87	 0.99	28.63	 0.28	10.82	 2.55	326.57	300.35	315.24	 0.00	305.97	0	54.00
2004	2	4	15.174	3321.6323	34.6322	3.6322	 2.30	 0.10	236.74	 1.00	30.30	 0.24	10.82	 2.43	327.95	302.26	315.94	293.74	308.87	0	58.75
2004	2	4	15.614	3321.6506	34.6506	3.6506	 2.28	 0.08	243.39	 0.85	32.76	 0.07	10.80	 2.48	326.93	303.73	317.60	 0.00	309.62	0	54.00
2004	2	4	16.054	3321.6689	34.6689	3.6689	 2.21	 0.08	238.37	 0.96	47.59	 0.04	10.82	 2.29	327.12	304.86	319.36	290.45	310.71	0	58.09
2004	2	4	16.496	3321.6873	34.6873	3.6873	 2.27	 0.05	241.60	 0.54	42.33	 0.00	10.83	 2.40	327.34	305.82	320.78	291.27	311.63	0	58.25
2004	2	4	17.377	3321.7241	34.7240	3.7240	 2.40	 0.07	239.78	 0.68	26.98	 0.03	10.83	 2.29	327.23	307.12	322.42	288.47	313.15	0	57.69
2004	2	4	17.817	3321.7424	34.7424	3.7424	 2.29	 0.09	240.18	 0.95	36.13	 0.11	10.82	 2.35	327.37	307.48	322.12	288.61	313.34	0	57.72
2004	2	4	18.257	3321.7607	34.7607	3.7607	 2.26	 0.08	244.81	 0.91	31.76	 0.13	10.82	 2.38	327.83	307.93	322.54	 0.00	313.51	0	54.00
2004	2	4	18.698	3321.7791	34.7791	3.7791	 2.26	 0.06	242.76	 0.64	22.06	 0.03	10.83	 2.54	327.09	308.36	323.65	289.17	313.63	0	57.83
2004	2	4	19.579	3321.8157	34.8158	3.8158	 2.57	 0.11	240.46	 0.86	18.66	 0.38	10.82	 2.60	326.59	308.47	323.84	286.39	313.99	0	57.28
2004	2	4	20.019	3321.8342	34.8341	3.8341	 2.47	 0.09	239.00	 0.74	12.35	 0.44	10.83	 2.44	326.68	308.26	323.64	286.69	313.73	0	57.34
2004	2	4	20.459	3321.8525	34.8525	3.8525	 2.68	 0.14	237.13	 0.97	12.27	 0.75	10.83	 2.53	326.71	307.96	323.73	286.47	313.58	0	57.29
2004	2	4	20.900	3321.8708	34.8708	3.8708	 2.89	 0.12	233.99	 0.64	10.52	 0.40	10.82	 2.52	326.65	307.63	321.27	283.86	313.13	0	56.77
2004	2	4	22.221	3321.9258	34.9259	3.9259	 3.39	 0.23	227.94	 0.70	 3.08	 0.95	10.82	 2.37	326.97	304.73	319.84	281.20	309.86	0	56.24
2004	2	4	23.544	3321.9810	34.9810	3.9810	 3.53	 0.30	225.03	 0.77	 4.60	 0.92	10.82	 2.34	327.03	298.78	311.86	273.46	304.18	0	54.69
2004	2	4	23.984	3321.9993	34.9993	3.9993	 4.16	 0.49	224.79	 0.66	 0.93	 1.00	10.83	 2.42	327.41	297.15	310.75	272.76	302.52	0	54.55
2004	2	5	0.424	3322.0176	35.0177	4.0177	 4.19	 0.49	221.19	 0.64	 1.24	 0.99	10.83	 2.30	327.15	295.70	307.91	271.95	301.49	0	54.39
2004	2	5	0.865	3322.0361	35.0360	4.0360	 4.28	 0.51	223.63	 0.61	 0.71	 1.00	10.82	 2.40	327.87	294.53	307.18	271.79	299.84	0	54.36
2004	2	5	1.305	3322.0544	35.0544	4.0544	 4.53	 0.68	222.96	 0.63	 1.70	 0.98	10.82	 2.31	327.98	293.78	305.65	 0.00	299.06	0	54.00
2004	2	5	1.745	3322.0728	35.0727	4.0727	 5.07	 1.39	221.43	 0.74	 0.84	 1.00	10.80	 2.30	328.24	293.12	304.74	271.31	298.49	0	54.26
2004	2	5	2.186	3322.0911	35.0911	4.0911	 5.46	 1.72	219.58	 0.61	 0.57	 1.00	10.80	 2.22	328.96	292.44	303.88	270.72	297.70	0	54.14
2004	2	5	2.627	3322.1094	35.1095	4.1095	 5.48	 1.87	218.45	 0.65	 0.34	 1.00	10.83	 2.19	328.83	291.74	303.07	270.98	297.01	0	54.20
2004	2	5	3.066	3322.1277	35.1278	4.1278	 6.73	 4.52	220.18	 0.45	 0.46	 1.00	10.83	 2.26	328.52	291.04	303.36	270.98	296.33	0	54.20
2004	2	5	3.507	3322.1462	35.1461	4.1461	 5.18	 1.24	220.49	 0.58	 0.43	 1.00	10.83	 2.33	327.86	290.44	302.31	271.00	295.76	0	54.20
2004	2	5	3.949	3322.1646	35.1645	4.1645	 5.28	 1.50	219.24	 0.64	 2.45	 0.96	10.87	 2.28	327.11	289.85	301.68	270.54	295.23	0	54.11
2004	2	5	4.389	3322.1829	35.1829	4.1829	11.45	802.30	217.28	 0.70	 0.95	 1.00	10.85	 2.23	327.66	289.31	299.75	270.23	294.53	0	54.05
2004	2	5	4.831	3322.2012	35.2013	4.2013	17.00	195934.67	218.64	 0.67	 1.14	 0.99	10.82	 2.31	327.49	288.82	299.78	 0.00	295.77	0	54.00
2004	2	5	5.272	3322.2197	35.2197	4.2197	21.48	18065358.08	215.31	 0.69	 0.85	 1.00	10.83	 2.14	327.31	288.30	298.23	269.30	292.19	0	53.86
2004	2	5	5.713	3322.2380	35.2381	4.2381	30.73	191951597595.67	217.90	 0.71	 0.42	 1.00	10.82	 2.27	327.18	287.80	298.54	269.34	293.02	0	53.87
2004	2	5	6.156	3322.2566	35.2565	4.2565	 8.65	39.90	217.92	 0.58	 0.52	 1.00	10.82	 2.23	327.97	287.42	298.09	269.32	292.89	0	53.86
2004	2	5	6.599	3322.2749	35.2749	4.2749	 5.59	 1.67	216.62	 0.51	 0.82	 0.99	10.83	 2.27	327.83	287.14	296.63	269.11	291.36	0	53.82
2004	2	5	7.039	3322.2932	35.2933	4.2933	 5.55	 2.44	216.92	 0.78	 0.83	 1.00	10.80	 2.32	327.64	286.78	296.91	 0.00	291.04	0	54.00
2004	2	5	7.479	3322.3115	35.3116	4.3116	 7.29	17.55	216.11	 0.98	 0.43	 1.00	10.82	 2.18	327.52	286.46	296.69	268.82	291.73	0	53.76
2004	2	5	7.921	3322.3301	35.3301	4.3301	14.55	19277.03	214.17	 0.74	 1.32	 1.00	10.83	 2.10	327.65	286.24	295.65	269.02	290.53	0	53.80
2004	2	5	8.362	3322.3484	35.3484	4.3484	42.57	 1.00	217.25	 0.00	 0.66	 0.00	10.82	 2.32	327.88	286.02	295.86	268.55	291.54	0	53.71
2004	2	5	8.803	3322.3667	35.3668	4.3668	 6.58	 4.62	217.79	 0.53	 0.42	 1.00	10.82	 2.25	327.95	285.82	296.48	269.20	290.37	0	53.84
2004	2	5	9.245	3322.3853	35.3852	4.3852	 5.28	 1.86	216.64	 0.78	 1.02	 1.00	10.83	 2.27	327.71	285.72	294.86	269.16	290.01	0	53.83
2004	2	5	9.686	3322.4036	35.4036	4.4036	 6.22	 4.60	214.84	 0.75	 0.74	 1.00	10.83	 2.14	327.64	285.74	294.78	269.53	291.29	0	53.91
2004	2	5	10.128	3322.4219	35.4220	4.4220	 5.78	 3.12	217.07	 0.79	 1.20	 1.00	10.82	 2.28	327.52	285.87	295.05	269.75	291.03	0	53.95
2004	2	5	10.569	3322.4404	35.4404	4.4404	63.81	 0.99	214.23	 0.00	 4.37	 0.00	10.85	 2.24	327.67	286.22	296.49	271.93	 0.00	0	54.39
2004	2	5	11.010	3322.4587	35.4587	4.4587	17.67	434561.86	212.87	 0.74	 1.91	 0.99	10.83	 2.22	327.78	287.29	296.77	274.90	292.10	0	54.98
2004	2	5	11.451	3322.4771	35.4771	4.4771	 3.90	 0.50	218.52	 0.86	 1.88	 0.99	10.83	 2.35	327.74	288.21	297.83	274.61	293.78	0	54.92
2004	2	5	11.892	3322.4956	35.4955	4.4955	 3.63	 0.35	213.42	 0.76	11.63	 0.59	10.82	 2.17	327.76	289.36	299.51	277.81	294.74	0	55.56
2004	2	5	12.333	3322.5139	35.5139	4.5139	 3.39	 0.27	217.36	 0.79	 8.97	 0.74	10.82	 2.17	327.79	291.06	301.89	278.60	296.02	0	55.72
2004	2	5	12.774	3322.5322	35.5322	4.5322	 3.30	 0.33	220.23	 1.08	24.13	 0.56	10.83	 2.24	327.83	292.87	303.36	280.25	298.98	0	56.05
2004	2	5	13.215	3322.5505	35.5506	4.5506	 2.96	 0.24	224.26	 1.12	15.57	 0.78	10.82	 2.30	328.03	294.61	305.06	280.60	299.81	0	56.12
2004	2	5	13.655	3322.5691	35.5690	4.5690	 2.97	 0.22	224.38	 1.00	 4.02	 0.98	10.83	 2.26	328.27	295.57	307.48	280.64	300.96	0	56.13
2004	2	5	14.144	3322.5894	35.5893	4.5893	 2.84	 0.17	227.20	 0.91	16.19	 0.56	10.77	 2.30	328.27	296.48	308.48	281.43	301.97	0	56.29
2004	2	5	14.583	3322.6077	35.6076	4.6076	 2.58	 0.16	231.64	 1.18	24.40	 0.60	10.83	 2.45	328.33	297.92	310.49	284.59	303.46	0	56.92
2004	2	5	15.023	3322.6260	35.6260	4.6260	 2.28	 0.11	232.62	 1.16	 7.19	 0.94	10.83	 2.30	328.59	299.75	312.46	287.15	305.20	0	57.43
2004	2	5	15.464	3322.6443	35.6443	4.6443	 2.69	 0.13	236.03	 0.87	23.77	 0.27	10.83	 2.54	327.62	301.34	314.13	286.54	306.96	0	57.31
2004	2	5	15.904	3322.6626	35.6627	4.6627	 2.93	 0.13	230.85	 0.66	13.06	 0.32	10.83	 2.26	327.41	301.62	314.85	284.62	307.70	0	56.92
2004	2	5	16.345	3322.6809	35.6810	4.6810	 2.62	 0.13	237.10	 0.96	24.74	 0.35	10.83	 2.40	327.35	302.61	317.68	289.41	308.51	0	57.88
2004	2	5	16.785	3322.6995	35.6994	4.6994	 2.89	 0.14	232.74	 0.74	12.30	 0.47	10.83	 2.43	327.24	302.91	317.37	285.75	309.74	0	57.15
2004	2	5	17.225	3322.7178	35.7177	4.7177	 2.67	 0.12	236.55	 0.80	29.05	 0.10	10.83	 2.46	327.42	303.75	318.48	290.60	309.84	0	58.12
2004	2	5	17.666	3322.7361	35.7361	4.7361	 2.68	 0.13	236.32	 0.89	17.18	 0.48	10.83	 2.33	327.43	304.92	319.96	286.15	313.86	0	57.23
2004	2	5	18.106	3322.7544	35.7544	4.7544	16.74	150805.38	225.12	 0.69	 2.78	 0.96	10.83	 2.32	327.95	303.69	319.70	279.48	309.15	0	55.90
2004	2	5	18.987	3322.7910	35.7911	4.7911	 3.15	 0.25	227.70	 0.98	12.21	 0.78	10.82	 2.26	328.18	301.29	315.80	278.99	307.00	0	55.80
2004	2	5	19.427	3322.8096	35.8095	4.8095	 3.71	 0.37	228.07	 0.81	 3.80	 0.96	10.83	 2.29	328.04	301.48	316.16	279.51	307.32	0	55.90
2004	2	5	19.868	3322.8279	35.8278	4.8278	 3.20	 0.20	227.35	 0.73	 2.81	 0.96	10.83	 2.27	327.96	300.76	314.62	278.53	307.52	0	55.71
2004	2	5	20.309	3322.8462	35.8462	4.8462	 4.54	 0.72	225.12	 0.66	 1.61	 0.99	10.83	 2.27	327.88	299.61	313.95	275.86	305.61	0	55.17
2004	2	5	22.512	3322.9380	35.9380	4.9380	 5.01	 1.74	221.12	 0.98	 1.45	 1.00	10.82	 2.34	326.95	294.78	307.45	271.70	300.26	0	54.34
2004	2	5	22.952	3322.9563	35.9564	4.9564	16.52	141451.18	217.13	 0.78	 2.18	 0.99	10.83	 2.14	326.95	293.86	305.95	271.58	298.33	0	54.32
2004	2	5	23.394	3322.9749	35.9747	4.9747	 5.91	 3.63	218.73	 0.82	 1.09	 1.00	10.82	 2.28	326.90	293.04	304.35	271.28	298.47	0	54.26
2004	2	5	23.834	3322.9932	35.9931	4.9931	 5.13	 1.47	219.17	 0.73	 0.26	 1.00	10.87	 2.23	327.42	292.37	303.69	 0.00	296.39	0	54.00
2004	2	6	0.275	3323.0115	36.0115	5.0115	 4.63	 1.11	220.06	 0.92	 0.06	 1.00	10.83	 2.30	327.60	291.86	303.61	271.22	299.08	0	54.24
2004	2	6	0.716	3323.0298	36.0299	5.0298	 6.92	 6.46	219.58	 0.53	 0.73	 0.99	10.82	 2.34	327.61	291.45	302.09	271.26	296.94	0	54.25
2004	2	6	1.156	3323.0481	36.0482	5.0482	 4.28	 0.48	217.52	 0.56	 1.51	 0.97	10.83	 2.21	327.20	291.14	301.32	271.25	296.27	0	54.25
2004	2	6	1.597	3323.0667	36.0666	5.0666	 4.11	 0.59	218.77	 0.81	 0.66	 1.00	10.83	 2.26	327.01	290.82	301.93	271.18	296.00	0	54.24
2004	2	6	2.039	3323.0850	36.0849	5.0849	 4.64	 0.71	217.53	 0.57	 0.87	 0.99	10.83	 2.22	326.66	290.57	300.12	271.08	296.38	0	54.22
2004	2	6	2.479	3323.1033	36.1033	5.1033	 4.92	 1.06	219.05	 0.65	 0.07	 1.00	10.83	 2.27	326.70	290.32	300.39	270.97	295.46	0	54.19
2004	2	6	2.920	3323.1216	36.1217	5.1217	 4.51	 0.59	220.26	 0.54	 0.56	 1.00	10.82	 2.31	326.78	290.06	300.83	270.63	294.16	0	54.13
2004	2	6	3.362	3323.1401	36.1401	5.1401	 4.21	 0.52	219.87	 0.65	 0.43	 1.00	10.83	 2.29	326.54	289.81	300.11	270.61	294.92	0	54.12
2004	2	6	3.805	3323.1584	36.1585	5.1585	 4.92	 1.49	219.83	 0.92	 0.81	 1.00	10.83	 2.29	325.77	289.59	299.94	270.64	294.66	0	54.13
2004	2	6	4.246	3323.1770	36.1769	5.1769	 4.79	 1.28	218.58	 0.89	 1.09	 1.00	10.83	 2.27	326.09	289.34	299.39	270.60	293.45	0	54.12
2004	2	6	4.688	3323.1953	36.1953	5.1953	 3.91	 0.58	218.17	 0.99	 1.09	 1.00	10.82	 2.18	327.22	289.16	298.87	270.53	 0.00	0	54.11
2004	2	6	5.130	3323.2139	36.2137	5.2137	 5.77	 3.34	218.72	 0.86	 0.37	 1.00	10.80	 2.22	327.28	288.99	298.76	 0.00	296.02	0	54.00
2004	2	6	5.573	3323.2322	36.2322	5.2322	 4.69	 1.27	219.44	 0.98	 0.06	 1.00	10.83	 2.29	326.46	288.80	299.56	270.48	294.49	0	54.10
2004	2	6	6.013	3323.2505	36.2505	5.2505	 4.94	 1.74	218.89	 1.04	 1.71	 1.00	10.83	 2.20	326.21	288.61	298.97	270.30	293.68	0	54.06
2004	2	6	6.454	3323.2690	36.2689	5.2689	 4.21	 0.60	217.79	 0.75	 0.93	 1.00	10.83	 2.18	326.19	288.44	298.62	270.25	294.15	0	54.05
2004	2	6	6.898	3323.2874	36.2874	5.2874	 4.49	 0.69	218.49	 0.65	 0.64	 1.00	10.88	 2.25	326.80	288.26	298.43	269.83	292.65	0	53.97
2004	2	6	7.340	3323.3059	36.3058	5.3058	 5.44	 2.36	216.45	 0.84	 0.95	 1.00	10.85	 2.14	327.08	287.98	297.75	 0.00	291.73	0	54.00
2004	2	6	7.783	3323.3242	36.3243	5.3243	 4.54	 0.90	216.22	 0.79	 0.44	 1.00	10.83	 2.18	327.24	287.63	297.18	268.98	293.04	0	53.80
2004	2	6	8.223	3323.3425	36.3426	5.3426	 6.94	 9.28	217.41	 0.74	 0.56	 1.00	10.87	 2.24	327.32	287.29	297.83	268.90	292.54	0	53.78
2004	2	6	8.665	3323.3611	36.3610	5.3610	17.60	360786.41	218.19	 0.68	 1.59	 0.99	10.83	 2.30	325.88	286.94	297.53	268.69	291.00	0	53.74
2004	2	6	9.106	3323.3794	36.3794	5.3794	 5.42	 1.83	216.85	 0.66	 1.10	 0.99	10.82	 2.16	326.71	286.65	297.11	268.54	292.37	0	53.71
2004	2	6	9.549	3323.3979	36.3979	5.3979	 4.56	 0.82	217.57	 0.72	 0.52	 1.00	10.83	 2.23	327.40	286.46	296.25	268.67	290.44	0	53.73
2004	2	6	9.990	3323.4163	36.4163	5.4163	 6.07	 4.56	219.03	 0.88	 0.19	 1.00	10.83	 2.32	327.72	286.40	297.08	268.85	291.65	0	53.77
2004	2	6	10.432	3323.4346	36.4347	5.4347	16.66	156346.59	215.31	 0.74	 0.61	 1.00	10.82	 2.33	327.73	286.79	296.41	269.60	292.06	0	53.92
2004	2	6	10.873	3323.4531	36.4530	5.4530	 5.04	 1.69	211.61	 0.88	 2.57	 0.99	10.82	 2.19	327.81	287.63	296.60	271.49	291.35	0	54.30
2004	2	6	11.314	3323.4714	36.4714	5.4714	24.00	215435912.53	213.82	 0.65	 0.71	 1.00	10.82	 2.27	327.84	288.38	299.16	271.54	293.75	0	54.31
2004	2	6	11.756	3323.4897	36.4898	5.4898	56.61	 1.00	210.07	 0.00	 1.39	 0.00	10.82	 2.20	327.95	289.75	299.77	276.45	293.13	0	55.29
2004	2	6	12.198	3323.5083	36.5082	5.5082	 8.05	33.04	209.51	 0.84	 1.55	 1.00	10.83	 2.11	328.05	291.34	301.29	279.86	296.40	0	55.97
2004	2	6	12.638	3323.5266	36.5266	5.5266	 5.18	 1.16	216.70	 0.54	 0.35	 1.00	10.80	 2.36	328.00	292.92	304.06	 0.00	298.56	0	54.00
2004	2	6	13.079	3323.5449	36.5449	5.5449	 4.11	 0.79	215.13	 1.08	 1.89	 1.00	10.83	 2.31	328.18	294.60	305.97	283.99	299.36	0	56.80
2004	2	6	13.519	3323.5632	36.5633	5.5633	 3.28	 0.23	217.32	 0.77	 8.05	 0.76	10.82	 2.28	328.59	296.12	308.35	282.43	301.28	0	56.49
2004	2	6	13.959	3323.5815	36.5816	5.5816	 2.99	 0.20	219.13	 0.88	14.13	 0.61	10.83	 2.22	328.75	297.45	310.73	283.58	302.75	0	56.72
2004	2	6	14.449	3323.6021	36.6020	5.6020	 4.90	 1.76	205.40	 1.02	 2.37	 1.00	10.85	 2.04	328.91	298.92	307.69	285.21	304.33	0	57.04
2004	2	6	14.889	3323.6204	36.6204	5.6204	 4.15	 0.79	209.45	 1.00	 1.41	 1.00	10.83	 2.11	328.61	300.35	311.04	287.55	304.14	0	57.51
2004	2	6	15.330	3323.6387	36.6387	5.6387	 4.90	 1.97	206.78	 1.16	 3.56	 0.99	10.83	 1.84	327.57	301.62	311.60	288.37	307.34	0	57.67
2004	2	6	15.770	3323.6570	36.6571	5.6571	 5.00	 0.92	213.11	 0.51	 0.78	 0.99	10.83	 2.01	327.55	302.40	314.47	288.49	309.12	0	57.70
2004	2	6	16.212	3323.6755	36.6755	5.6755	 4.28	 0.54	214.81	 0.62	 0.85	 1.00	10.85	 2.05	327.63	302.75	314.04	288.20	309.96	0	57.64
2004	2	6	16.653	3323.6938	36.6939	5.6939	 3.54	 0.49	213.15	 1.19	 5.09	 0.98	10.83	 1.94	328.18	303.67	315.28	289.58	309.64	0	57.92
2004	2	6	17.093	3323.7122	36.7122	5.7122	 3.74	 0.46	214.02	 0.90	 7.04	 0.90	10.83	 1.99	328.25	303.99	315.38	288.54	308.36	0	57.71
2004	2	6	17.533	3323.7305	36.7305	5.7305	 4.08	 0.40	213.89	 0.56	 0.90	 0.99	10.83	 1.87	326.60	304.64	316.34	284.95	309.64	0	56.99
2004	2	6	17.974	3323.7488	36.7489	5.7489	29.12	37165903363.27	209.21	 0.66	 1.23	 0.99	10.83	 1.77	326.54	303.52	316.22	284.78	309.20	0	56.96
2004	2	6	18.417	3323.7673	36.7674	5.7674	 4.53	 1.08	217.28	 0.97	 1.05	 1.00	10.83	 2.05	327.23	301.69	313.95	 0.00	308.66	0	54.00
2004	2	6	18.858	3323.7856	36.7857	5.7857	 4.12	 0.62	211.61	 0.83	 0.80	 1.00	10.83	 1.95	326.37	299.91	311.48	272.41	306.06	0	54.48
2004	2	6	19.299	3323.8042	36.8041	5.8041	 3.21	 2.47	218.74	 8.69	51.74	 1.00	10.83	 2.51	325.82	298.22	304.95	272.14	304.07	0	54.43
2004	2	6	20.179	3323.8408	36.8408	5.8408	 4.14	 0.80	214.11	 1.06	 0.36	 1.00	10.85	 2.11	326.30	296.00	305.77	272.40	300.33	0	54.48
2004	2	6	20.619	3323.8591	36.8591	5.8591	 5.52	 2.68	212.19	 0.87	 0.46	 1.00	10.83	 2.04	326.30	295.28	302.81	273.08	299.07	0	54.62
2004	2	6	21.065	3323.8777	36.8777	5.8777	 4.88	 1.33	210.85	 0.81	 0.67	 1.00	10.83	 1.99	326.17	294.63	301.37	273.06	298.74	0	54.61
2004	2	6	21.505	3323.8960	36.8960	5.8960	 6.35	 4.78	213.59	 0.67	 0.84	 1.00	10.85	 2.11	326.06	294.28	301.22	273.35	299.45	0	54.67
2004	2	6	21.946	3323.9143	36.9144	5.9144	 6.31	 4.11	213.54	 0.60	 0.51	 1.00	10.87	 2.11	326.06	293.78	301.34	272.72	299.13	0	54.54
2004	2	6	22.388	3323.9329	36.9328	5.9328	 5.50	 3.09	211.72	 1.02	 0.29	 1.00	10.82	 1.98	326.09	293.37	300.68	273.10	298.99	0	54.62
2004	2	6	22.829	3323.9512	36.9512	5.9512	 5.69	 1.68	211.83	 0.46	 1.37	 0.95	10.85	 2.02	326.15	293.04	299.77	273.08	298.97	0	54.62
2004	2	6	23.271	3323.9697	36.9696	5.9696	16.54	145891.55	215.05	 0.77	 0.41	 1.00	10.83	 2.09	326.20	292.63	300.15	272.26	297.86	0	54.45
2004	2	6	23.715	3323.9880	36.9881	5.9881	 5.17	 1.78	214.43	 0.83	 0.11	 1.00	10.95	 2.09	326.44	292.27	298.91	 0.00	296.08	0	54.00
2004	2	7	0.165	3324.0068	37.0069	6.0069	 4.44	 0.85	214.26	 0.83	 0.40	 1.00	11.03	 2.12	326.49	291.93	299.03	272.06	297.86	0	54.41
2004	2	7	0.615	3324.0256	37.0256	6.0256	 4.23	 0.67	214.86	 0.81	 2.55	 0.98	11.03	 2.08	326.54	291.73	298.92	272.04	296.91	0	54.41
2004	2	7	1.064	3324.0444	37.0444	6.0444	17.20	262781.31	213.86	 0.72	 1.80	 0.99	11.02	 2.09	326.54	291.66	298.39	272.20	296.10	0	54.44
2004	2	7	1.515	3324.0632	37.0631	6.0631	 5.13	 1.82	211.39	 0.87	 0.96	 1.00	11.03	 2.03	326.51	291.26	297.75	271.66	296.62	0	54.33
2004	2	7	1.964	3324.0818	37.0818	6.0818	16.57	137332.04	211.47	 0.70	 0.85	 1.00	11.03	 2.03	326.51	290.62	297.77	270.93	294.91	0	54.19
2004	2	7	2.414	3324.1006	37.1006	6.1006	 5.44	 2.36	215.04	 0.83	 0.63	 1.00	11.03	 2.18	327.22	290.12	297.70	271.10	296.07	0	54.22
2004	2	7	2.863	3324.1194	37.1193	6.1193	 5.69	 3.45	214.47	 0.95	 0.15	 1.00	11.00	 2.15	326.74	289.69	298.09	271.28	295.20	0	54.26
2004	2	7	3.312	3324.1379	37.1380	6.1380	27.84	12140019987.39	209.76	 0.78	 1.11	 1.00	11.03	 2.01	326.58	289.49	294.34	271.55	294.69	0	54.31
2004	2	7	3.762	3324.1567	37.1568	6.1568	16.30	128500.06	211.95	 0.86	 2.08	 0.99	11.05	 2.01	326.54	289.46	295.51	271.63	293.57	0	54.33
2004	2	7	4.213	3324.1755	37.1755	6.1755	15.64	56688.36	211.12	 0.73	 0.59	 1.00	11.02	 1.99	326.60	289.49	295.69	271.85	294.61	0	54.37
2004	2	7	4.662	3324.1943	37.1942	6.1942	 5.48	 2.31	212.67	 0.78	 1.21	 1.00	11.02	 2.05	326.70	289.54	295.99	 0.00	294.71	0	54.00
2004	2	7	5.111	3324.2129	37.2130	6.2130	 9.47	130.83	215.81	 0.82	 0.20	 1.00	11.02	 2.26	326.75	289.40	297.55	271.35	294.62	0	54.27
2004	2	7	5.562	3324.2317	37.2318	6.2318	17.95	600164.26	211.84	 0.77	 1.04	 1.00	11.12	 2.02	326.73	289.11	295.70	271.18	293.40	0	54.24
2004	2	7	6.013	3324.2505	37.2505	6.2505	 4.63	 1.18	212.08	 0.93	 1.11	 1.00	11.03	 2.01	325.98	288.96	295.77	271.12	294.50	0	54.22
2004	2	7	6.463	3324.2693	37.2693	6.2693	 4.90	 1.06	210.86	 0.63	 0.77	 1.00	11.07	 2.02	325.51	288.83	294.69	271.15	293.12	0	54.23
2004	2	7	6.913	3324.2881	37.2880	6.2880	20.75	11021318.17	213.36	 0.87	 1.13	 1.00	11.02	 2.15	325.44	288.67	295.48	270.91	294.32	0	54.18
2004	2	7	7.364	3324.3069	37.3068	6.3068	41.50	 1.00	211.25	 0.00	 1.57	 0.00	11.02	 2.04	325.70	288.64	295.35	271.13	294.19	0	54.23
2004	2	7	7.813	3324.3254	37.3256	6.3256	12.63	2541.02	210.44	 0.66	 0.34	 1.00	11.02	 2.05	325.73	288.64	294.39	271.26	294.21	0	54.25
2004	2	7	8.266	3324.3445	37.3444	6.3444	 4.68	 1.20	213.56	 0.91	 0.88	 1.00	11.02	 2.08	325.65	288.81	296.04	271.25	294.02	0	54.25
2004	2	7	8.715	3324.3630	37.3631	6.3631	 5.23	 1.56	213.76	 0.68	 0.86	 1.00	11.02	 2.16	325.61	288.70	295.66	271.26	293.02	0	54.25
2004	2	7	9.167	3324.3818	37.3819	6.3819	 6.07	 3.31	210.97	 0.61	 1.19	 0.99	11.07	 2.05	325.58	288.57	295.03	271.06	292.96	0	54.21
2004	2	7	9.616	3324.4006	37.4007	6.4007	 5.16	 1.58	212.99	 0.73	 1.08	 1.00	11.02	 2.08	326.05	288.30	295.91	270.74	295.52	0	54.15
2004	2	7	10.066	3324.4194	37.4194	6.4194	 5.54	 2.25	214.36	 0.72	 0.19	 1.00	11.03	 2.14	327.08	288.05	295.61	270.46	292.42	0	54.09
2004	2	7	10.516	3324.4382	37.4382	6.4382	 6.18	 3.79	211.79	 0.63	 0.53	 1.00	11.03	 2.09	326.90	287.80	294.52	270.49	293.64	0	54.10
2004	2	7	10.965	3324.4568	37.4569	6.4569	24.59	298184814.20	211.70	 0.50	 0.60	 1.00	11.03	 2.10	326.71	287.79	293.80	270.65	292.96	0	54.13
2004	2	7	11.416	3324.4756	37.4757	6.4757	18.31	1025813.50	207.42	 0.90	 0.83	 1.00	11.07	 2.01	326.94	288.21	295.45	273.52	294.96	0	54.70
2004	2	7	11.869	3324.4946	37.4946	6.4946	17.33	454408.54	206.52	 1.06	 2.66	 1.00	11.07	 2.12	327.15	289.69	296.07	276.54	295.06	0	55.31
2004	2	7	12.320	3324.5134	37.5133	6.5133	82.54	 0.99	206.63	 0.00	 6.02	 0.00	11.03	 2.04	327.13	291.05	298.32	276.72	294.47	0	55.34
2004	2	7	12.771	3324.5322	37.5321	6.5321	54.15	 0.98	201.46	 0.00	 5.64	 0.00	11.05	 1.94	327.34	292.83	298.75	280.59	297.56	0	56.12
2004	2	7	13.221	3324.5508	37.5509	6.5509	52.45	 1.00	205.68	 0.00	 1.79	 0.00	11.03	 2.05	327.41	294.62	301.34	282.04	300.07	0	56.41
2004	2	7	13.671	3324.5696	37.5696	6.5696	25.52	1499579297.56	204.44	 0.96	 0.63	 1.00	11.03	 1.99	327.63	296.35	304.16	282.30	299.37	0	56.46
2004	2	7	14.120	3324.5884	37.5883	6.5883	 3.57	 0.39	214.18	 0.92	 1.69	 1.00	11.03	 2.04	327.97	297.91	307.12	282.36	304.02	0	56.47
2004	2	7	14.569	3324.6069	37.6070	6.6070	 4.66	 0.85	215.89	 0.66	 0.50	 1.00	11.02	 2.15	327.81	298.25	308.05	280.41	303.93	0	56.08
2004	2	7	15.068	3324.6279	37.6278	6.6278	 4.97	 1.25	213.54	 0.71	 0.25	 1.00	11.07	 2.05	327.90	298.02	306.77	278.32	302.96	0	55.66
2004	2	7	15.517	3324.6465	37.6466	6.6466	 5.13	 1.24	213.67	 0.60	 0.62	 1.00	11.03	 2.03	327.79	297.82	306.89	276.38	302.34	0	55.28
2004	2	7	15.967	3324.6653	37.6653	6.6653	 4.19	 0.82	210.06	 1.00	 1.17	 1.00	11.03	 1.97	327.74	296.96	305.46	273.41	303.13	0	54.68
2004	2	7	16.416	3324.6841	37.6840	6.6840	 5.15	 2.03	212.78	 0.95	 0.48	 1.00	11.02	 2.11	327.64	295.91	304.28	272.06	301.37	0	54.41
2004	2	7	16.865	3324.7026	37.7027	6.7027	 4.11	 0.57	207.11	 0.75	 1.26	 1.00	11.02	 2.00	327.90	296.22	304.98	277.47	301.45	0	55.49
2004	2	7	17.314	3324.7214	37.7214	6.7214	 5.53	 1.47	215.77	 0.48	 1.15	 0.97	11.00	 2.17	327.94	297.86	305.15	 0.00	302.54	0	54.00
2004	2	7	17.763	3324.7402	37.7401	6.7401	 4.54	 0.72	214.31	 0.63	 1.65	 0.98	11.00	 2.04	327.81	297.67	304.91	275.09	302.69	0	55.02
2004	2	7	18.212	3324.7588	37.7588	6.7588	 5.01	 1.51	210.86	 0.81	 0.58	 1.00	11.03	 2.02	327.78	297.03	304.56	274.57	301.37	0	54.91
2004	2	7	18.661	3324.7776	37.7775	6.7775	 3.73	 0.34	212.71	 0.68	 1.10	 0.99	11.03	 2.08	327.96	296.82	306.20	279.28	301.27	0	55.86
2004	2	7	19.110	3324.7961	37.7962	6.7962	 7.29	11.97	214.52	 0.66	 0.10	 1.00	11.03	 2.12	327.86	297.47	304.58	279.29	302.92	0	55.86
2004	2	7	19.560	3324.8149	37.8150	6.8150	 5.04	 1.29	213.47	 0.68	 0.29	 1.00	11.03	 2.03	327.81	296.90	304.72	275.39	302.45	0	55.08
2004	2	7	20.009	3324.8337	37.8337	6.8337	 4.17	 0.57	210.99	 0.72	 1.20	 0.99	11.02	 1.98	327.77	295.72	303.88	272.74	300.99	0	54.55
2004	2	7	20.459	3324.8525	37.8524	6.8524	 6.14	 3.53	209.23	 0.60	 1.54	 0.98	11.02	 1.97	327.73	294.62	302.05	272.29	298.47	0	54.46
2004	2	7	20.908	3324.8711	37.8712	6.8712	 4.62	 0.85	213.47	 0.69	 0.99	 1.00	11.03	 2.14	327.66	293.55	301.90	271.64	297.73	0	54.33
2004	2	7	21.359	3324.8899	37.8899	6.8899	15.81	125460.40	212.26	 1.36	 2.54	 1.00	11.03	 2.12	327.56	292.65	301.57	271.75	298.43	0	54.35
2004	2	7	21.808	3324.9087	37.9087	6.9087	21.37	60589581.23	217.62	 2.61	 5.93	 1.00	11.00	 2.29	327.54	291.87	300.76	 0.00	295.91	0	54.00
2004	2	7	22.258	3324.9275	37.9274	6.9274	 4.48	 1.16	208.12	 1.05	 0.80	 1.00	11.03	 1.94	327.45	291.17	297.03	271.68	296.06	0	54.34
2004	2	7	22.710	3324.9463	37.9463	6.9463	38.26	 1.00	212.03	 0.00	 1.04	 0.00	11.05	 2.05	327.37	290.52	298.11	271.60	295.33	0	54.32
2004	2	7	23.159	3324.9651	37.9650	6.9650	24.77	548056439.96	213.05	 0.77	 1.62	 0.99	11.00	 2.12	327.25	289.96	296.84	271.60	294.16	0	54.32
2004	2	7	23.609	3324.9836	37.9837	6.9837	16.30	90315.98	213.77	 0.61	 1.27	 0.99	11.03	 2.17	327.16	289.52	296.88	271.58	293.34	0	54.32
2004	2	8	0.059	3325.0024	38.0025	7.0025	 6.08	 3.75	212.05	 0.69	 0.12	 1.00	11.07	 2.06	327.21	289.18	295.85	271.53	292.58	0	54.31
2004	2	8	0.510	3325.0212	38.0212	7.0212	 6.59	 6.42	210.25	 0.70	 0.60	 1.00	11.03	 2.05	327.18	288.87	294.32	271.31	293.90	0	54.26
2004	2	8	0.960	3325.0400	38.0400	7.0400	16.28	105387.32	211.57	 0.72	 0.77	 1.00	11.00	 2.11	327.20	288.63	294.22	271.04	293.61	0	54.21
2004	2	8	1.409	3325.0586	38.0587	7.0587	 5.50	 2.17	211.55	 0.71	 0.70	 1.00	11.05	 2.04	327.23	288.45	293.98	 0.00	293.14	0	54.00
2004	2	8	1.862	3325.0776	38.0776	7.0776	17.14	200671.74	213.07	 0.58	 0.42	 1.00	11.07	 2.10	327.25	288.34	294.20	 0.00	292.38	0	54.00
2004	2	8	2.312	3325.0964	38.0963	7.0963	18.81	1560821.30	211.36	 0.85	 0.64	 1.00	11.07	 2.03	327.23	288.29	293.46	 0.00	291.59	0	54.00
2004	2	8	2.761	3325.1150	38.1151	7.1151	 4.95	 1.46	210.69	 0.83	 1.35	 1.00	11.03	 2.02	327.23	288.27	293.16	270.52	292.26	0	54.10
2004	2	8	3.213	3325.1338	38.1339	7.1339	 4.81	 0.86	215.17	 0.57	 0.47	 1.00	11.03	 2.15	327.24	288.34	294.02	270.67	293.62	0	54.13
2004	2	8	3.663	3325.1526	38.1526	7.1526	16.20	106204.72	214.90	 0.80	 0.57	 1.00	11.02	 2.17	327.22	288.47	294.61	270.68	293.41	0	54.14
2004	2	8	4.113	3325.1714	38.1714	7.1714	24.63	484440347.76	215.46	 0.80	 1.39	 1.00	11.05	 2.14	327.29	288.41	295.42	270.49	293.39	0	54.10
2004	2	8	4.561	3325.1899	38.1900	7.1900	 7.07	11.44	214.27	 0.79	 1.14	 1.00	11.03	 2.12	327.39	288.31	294.28	270.24	293.34	0	54.05
2004	2	8	5.011	3325.2087	38.2088	7.2088	16.01	87863.56	213.84	 0.79	 1.23	 1.00	11.02	 2.11	327.26	288.15	294.61	269.82	291.91	0	53.96
2004	2	8	5.461	3325.2275	38.2275	7.2275	 5.38	 2.39	212.96	 0.89	 1.82	 1.00	11.00	 2.07	327.25	287.92	294.92	269.46	292.07	0	53.89
2004	2	8	5.909	3325.2461	38.2462	7.2462	 4.96	 1.22	212.92	 0.70	 0.17	 1.00	11.03	 2.08	327.25	287.83	292.77	269.98	 0.00	0	54.00
2004	2	8	6.358	3325.2649	38.2649	7.2649	 6.21	 5.16	209.86	 0.82	 1.06	 1.00	11.02	 2.00	327.26	287.79	292.10	270.11	294.57	0	54.02
2004	2	8	6.808	3325.2837	38.2837	7.2837	25.24	813975566.69	212.55	 0.71	 0.34	 1.00	11.03	 2.06	327.37	287.75	293.96	270.11	294.51	0	54.02
2004	2	8	7.258	3325.3025	38.3024	7.3024	 4.57	 0.74	212.54	 0.62	 0.35	 1.00	11.05	 2.06	327.29	287.73	293.52	269.98	294.48	0	54.00
2004	2	8	7.709	3325.3213	38.3212	7.3212	 5.27	 1.43	213.41	 0.59	 0.36	 1.00	11.03	 2.10	327.29	287.81	292.55	 0.00	291.60	0	54.00
2004	2	8	8.158	3325.3398	38.3399	7.3399	 6.61	 7.39	212.39	 0.80	 1.90	 0.99	11.02	 2.05	327.32	287.85	292.73	269.80	294.66	0	53.96
2004	2	8	8.608	3325.3586	38.3587	7.3587	 6.87	 9.28	210.98	 0.77	 0.42	 1.00	11.03	 1.99	327.31	287.75	293.02	269.59	291.61	0	53.92
2004	2	8	9.058	3325.3774	38.3774	7.3774	15.80	87811.51	210.77	 0.96	 0.92	 1.00	11.05	 1.98	327.29	287.63	293.26	269.69	292.52	0	53.94
2004	2	8	9.507	3325.3962	38.3961	7.3961	15.93	83122.15	213.53	 0.81	 1.24	 1.00	11.03	 2.09	327.30	287.47	294.82	269.41	291.07	0	53.88
2004	2	8	9.959	3325.4150	38.4150	7.4150	 5.53	 2.15	215.59	 0.70	 0.18	 1.00	11.03	 2.18	327.28	287.40	295.29	269.66	 0.00	0	53.93
2004	2	8	10.410	3325.4338	38.4338	7.4338	22.70	66593409.27	210.58	 0.73	 0.83	 1.00	11.00	 2.01	327.37	287.55	293.49	 0.00	292.20	0	54.00
2004	2	8	10.859	3325.4524	38.4525	7.4525	27.28	6625017003.98	209.88	 0.75	 2.25	 0.98	11.03	 2.14	327.49	288.41	293.87	 0.00	293.29	0	54.00
2004	2	8	11.309	3325.4712	38.4712	7.4712	41.57	 1.00	206.50	 0.00	 1.78	 0.00	11.07	 2.06	327.55	289.38	294.31	275.82	293.83	0	55.16
2004	2	8	11.761	3325.4900	38.4900	7.4900	59.48	 1.00	200.99	 0.00	 1.57	 0.00	11.03	 1.89	327.62	290.56	295.87	277.39	295.31	0	55.48
2004	2	8	12.210	3325.5088	38.5087	7.5087	49.42	 1.00	207.07	 0.00	 1.51	 0.00	11.03	 2.17	327.63	292.11	298.59	283.51	296.85	0	56.70
2004	2	8	12.661	3325.5276	38.5275	7.5275	43.90	 1.00	205.23	 0.00	 2.96	 0.00	11.00	 2.07	327.65	293.79	299.74	284.08	298.92	0	56.82
2004	2	8	13.111	3325.5464	38.5463	7.5463	47.05	 1.00	205.45	 0.00	 2.50	 0.00	11.03	 2.04	327.74	295.32	304.30	285.26	298.03	0	57.05
2004	2	8	13.562	3325.5652	38.5651	7.5651	30.82	221887162467.75	210.47	 0.73	 1.77	 0.99	11.05	 2.24	327.78	296.69	305.54	285.08	301.26	0	57.02
2004	2	8	14.011	3325.5837	38.5838	7.5838	16.58	182563.45	208.65	 0.91	 2.17	 0.99	11.00	 2.14	327.79	298.18	307.22	288.56	303.39	0	57.71
2004	2	8	14.460	3325.6025	38.6025	7.6025	 6.04	 2.73	209.97	 0.52	 1.09	 0.98	11.03	 2.14	327.42	299.67	308.98	 0.00	304.45	0	54.00
2004	2	8	14.910	3325.6213	38.6213	7.6213	 5.55	 1.90	205.97	 0.58	 0.57	 1.00	11.03	 2.04	327.80	301.27	311.53	289.67	304.18	0	57.93
2004	2	8	15.360	3325.6399	38.6400	7.6400	 5.51	 2.34	206.38	 0.74	 2.41	 0.98	11.05	 1.97	327.28	303.01	313.16	293.34	308.22	0	58.67
2004	2	8	15.860	3325.6609	38.6608	7.6608	 3.42	 0.38	207.20	 1.02	 1.41	 1.00	11.07	 1.87	327.15	304.68	315.40	294.39	309.40	0	58.88
2004	2	8	16.310	3325.6797	38.6796	7.6796	 5.90	 3.87	212.15	 0.85	 0.72	 1.00	11.03	 1.98	327.16	305.96	316.96	290.37	311.65	0	58.07
2004	2	8	16.760	3325.6982	38.6983	7.6983	 4.26	 0.61	213.20	 0.70	 0.69	 1.00	11.03	 1.99	326.65	306.60	318.78	287.67	312.04	0	57.53
2004	2	8	17.209	3325.7170	38.7170	7.7170	 4.77	 0.93	213.91	 0.65	 1.10	 0.99	11.03	 1.94	326.55	306.48	318.92	281.85	311.78	0	56.37
2004	2	8	17.659	3325.7358	38.7358	7.7358	 3.84	 0.34	209.47	 0.60	 0.99	 0.99	11.03	 1.86	326.73	306.83	319.70	284.44	311.71	0	56.89
2004	2	8	18.108	3325.7544	38.7545	7.7545	 5.03	 1.00	214.08	 0.53	 1.11	 0.98	11.03	 2.04	326.58	306.25	318.36	281.44	311.60	0	56.29
2004	2	8	19.006	3325.7920	38.7919	7.7919	 4.29	 0.68	208.66	 0.74	 1.08	 1.00	11.02	 1.76	326.64	303.71	317.56	279.28	309.31	0	55.86
2004	2	8	19.456	3325.8105	38.8107	7.8107	 4.20	 0.50	212.84	 0.61	 0.21	 1.00	11.03	 1.99	326.87	302.46	314.43	277.76	307.98	0	55.55
2004	2	8	19.905	3325.8293	38.8294	7.8294	 4.45	 0.86	215.15	 0.82	 0.17	 1.00	11.03	 2.16	326.94	301.67	312.45	278.74	307.74	0	55.75
2004	2	8	20.355	3325.8481	38.8481	7.8481	 4.50	 1.03	212.34	 0.93	 0.40	 1.00	11.03	 1.97	326.95	300.57	311.77	276.93	306.86	0	55.39
2004	2	8	21.255	3325.8855	38.8856	7.8856	 4.67	 6.40	223.01	 5.13	58.22	 1.00	11.03	 2.72	327.13	298.09	307.18	274.05	303.57	0	54.81
2004	2	8	21.704	3325.9043	38.9043	7.9043	 5.69	 3.77	211.52	 1.02	 2.05	 1.00	11.05	 1.99	327.05	297.11	307.24	272.57	302.57	0	54.51
2004	2	8	22.602	3325.9417	38.9417	7.9417	24.93	1896965485.59	212.92	 2.28	 3.16	 1.00	11.03	 2.10	327.07	294.56	303.26	272.26	299.80	0	54.45
2004	2	8	23.501	3325.9792	38.9792	7.9792	 4.57	 0.99	214.22	 0.84	 0.92	 1.00	11.02	 2.10	326.95	292.72	300.04	 0.00	297.69	0	54.00
2004	2	8	23.950	3325.9980	38.9979	7.9979	 5.79	 2.78	215.23	 0.69	 0.81	 1.00	11.03	 2.15	326.57	292.02	300.12	271.85	297.56	0	54.37
2004	2	9	0.400	3326.0166	39.0167	8.0167	41.76	 1.00	217.27	 0.00	 1.35	 0.00	11.03	 2.23	326.36	291.58	299.33	272.16	296.44	0	54.43
2004	2	9	0.850	3326.0354	39.0354	8.0354	17.83	441877.87	214.19	 0.65	 0.20	 1.00	11.03	 2.08	326.35	291.17	298.15	271.79	296.00	0	54.36
2004	2	9	1.299	3326.0542	39.0541	8.0541	 5.24	 1.88	214.55	 0.81	 0.66	 1.00	11.03	 2.08	326.05	290.82	297.42	 0.00	294.69	0	54.00
2004	2	9	1.748	3326.0728	39.0728	8.0728	20.27	5379508.43	214.81	 0.69	 0.87	 1.00	11.05	 2.17	325.98	290.59	297.46	272.06	294.77	0	54.41
2004	2	9	2.197	3326.0916	39.0916	8.0916	26.37	3237810588.54	211.73	 0.92	 0.35	 1.00	11.03	 1.95	325.86	290.38	296.47	272.06	295.40	0	54.41
2004	2	9	2.648	3326.1104	39.1103	8.1103	16.10	109676.59	214.39	 0.91	 1.03	 1.00	11.08	 2.10	325.91	290.24	296.59	 0.00	293.72	0	54.00
2004	2	9	3.098	3326.1292	39.1291	8.1291	19.12	1761994.32	212.56	 0.71	 1.00	 1.00	11.02	 2.02	325.86	290.16	295.83	271.91	295.55	0	54.38
2004	2	9	3.547	3326.1477	39.1478	8.1478	 5.48	 2.43	213.95	 0.82	 0.57	 1.00	11.02	 2.08	325.91	290.14	297.09	271.67	293.97	0	54.33
2004	2	9	3.996	3326.1665	39.1665	8.1665	44.61	 1.00	211.74	 0.00	 0.92	 0.00	11.03	 1.99	325.85	290.12	295.83	271.48	294.28	0	54.30
2004	2	9	4.445	3326.1853	39.1852	8.1852	10.38	273.88	214.57	 0.69	 0.44	 1.00	11.03	 2.14	325.82	289.64	297.70	271.12	294.56	0	54.22
2004	2	26	3.199	3343.1333	56.1333	25.1333	 1.90	 0.07	209.38	 1.03	 1.51	 1.00	11.10	 2.10	329.15	285.60	292.10	265.39	290.37	0	53.08
2004	2	26	3.650	3343.1521	56.1521	25.1521	 1.87	 0.05	205.06	 0.81	 1.94	 0.98	11.07	 2.07	329.05	285.15	290.30	265.40	290.58	0	53.08
2004	2	26	4.100	3343.1709	56.1708	25.1708	 1.75	 0.07	207.09	 1.17	 0.81	 1.00	11.07	 2.07	329.28	284.73	290.30	264.60	289.47	0	52.92
2004	2	26	4.554	3343.1897	56.1897	25.1897	 1.81	 0.06	207.83	 1.04	 0.56	 1.00	11.08	 2.14	329.93	284.31	290.29	264.27	289.64	0	52.85
2004	2	26	5.004	3343.2085	56.2085	25.2085	 1.67	 0.06	206.21	 1.21	 1.42	 1.00	11.10	 2.07	329.79	283.92	289.46	263.75	287.89	0	52.75
2004	2	26	5.455	3343.2273	56.2273	25.2273	 1.68	 0.04	205.67	 0.77	 2.70	 0.94	11.05	 2.07	329.38	283.49	287.95	262.89	287.38	0	52.58
2004	2	26	5.907	3343.2461	56.2461	25.2461	 1.68	 0.05	204.23	 0.94	 3.29	 0.96	11.05	 2.11	327.13	283.01	287.64	 0.00	287.87	0	54.00
2004	2	26	6.357	3343.2649	56.2649	25.2649	 1.56	 0.04	205.54	 1.01	 2.64	 0.98	11.12	 2.09	328.20	282.65	287.77	263.20	287.25	0	52.64
2004	2	26	6.807	3343.2837	56.2836	25.2836	 1.48	 0.05	204.13	 1.34	 2.77	 0.99	11.08	 2.10	327.00	282.28	287.81	262.82	286.91	0	52.56
2004	2	26	7.258	3343.3025	56.3024	25.3024	 1.41	 0.04	206.61	 1.28	 2.84	 0.99	11.08	 2.15	328.69	281.93	288.45	261.90	287.86	0	52.38
2004	2	26	7.709	3343.3213	56.3212	25.3212	 1.32	 0.04	205.84	 1.28	 1.60	 1.00	11.08	 2.11	328.87	281.68	287.44	261.96	285.15	0	52.39
2004	2	26	8.160	3343.3401	56.3400	25.3400	 1.30	 0.04	205.74	 1.23	 1.44	 1.00	11.13	 2.11	329.02	281.50	286.64	262.15	284.93	0	52.43
2004	2	26	8.611	3343.3589	56.3588	25.3588	 1.22	 0.03	203.35	 1.08	 3.50	 0.94	11.07	 2.17	329.03	281.36	285.90	262.93	284.39	0	52.59
2004	2	26	9.062	3343.3777	56.3776	25.3776	 1.13	 0.03	202.85	 1.34	 2.53	 0.98	11.12	 2.11	329.12	281.21	286.62	262.46	285.58	0	52.49
2004	2	26	9.513	3343.3965	56.3964	25.3964	 1.08	 0.03	200.13	 1.54	 1.34	 1.00	11.08	 2.06	329.22	281.17	283.69	262.85	286.21	0	52.57
2004	2	26	9.964	3343.4153	56.4152	25.4152	 1.20	 0.03	204.00	 1.34	 3.67	 0.97	11.07	 2.23	329.21	281.11	286.95	263.15	284.56	0	52.63
2004	2	26	10.415	3343.4338	56.4339	25.4339	 1.20	 0.04	200.96	 1.48	 2.13	 0.99	11.08	 2.18	329.23	281.19	286.42	263.83	284.51	0	52.77
2004	2	26	10.866	3343.4526	56.4528	25.4528	 1.19	 0.03	196.50	 1.20	 2.76	 0.97	11.08	 2.15	329.32	282.35	287.12	274.04	285.37	0	54.81
2004	2	26	11.316	3343.4714	56.4715	25.4715	 1.19	 0.03	190.85	 1.22	 3.04	 0.97	11.12	 2.08	329.42	284.19	288.26	279.74	288.54	0	55.95
2004	2	26	11.767	3343.4902	56.4903	25.4903	 1.14	 0.04	190.54	 1.43	 2.31	 0.99	11.08	 2.09	329.50	286.33	290.09	284.58	290.24	0	56.92
2004	2	26	12.218	3343.5090	56.5091	25.5091	 1.15	 0.03	190.50	 1.24	 3.08	 0.97	11.10	 2.13	329.47	288.62	293.22	285.42	292.82	0	57.08
2004	2	26	12.669	3343.5278	56.5279	25.5279	 1.23	 0.05	195.94	 1.68	 5.95	 0.97	11.10	 2.29	329.43	290.95	297.39	287.44	295.43	0	57.49
2004	2	26	13.120	3343.5466	56.5467	25.5467	 1.08	 0.05	193.94	 2.14	 6.22	 0.98	11.08	 2.14	329.52	293.19	299.39	288.27	298.04	0	57.65
2004	2	26	13.570	3343.5654	56.5654	25.5654	 1.05	 0.04	202.04	 1.98	10.03	 0.92	11.08	 2.21	329.39	295.35	302.88	290.68	301.49	0	58.14
2004	2	26	14.021	3343.5842	56.5842	25.5842	 1.15	 0.06	198.93	 2.40	 2.82	 1.00	11.08	 2.18	330.26	297.44	307.16	293.35	303.55	0	58.67
2004	2	26	14.472	3343.6030	56.6030	25.6030	 1.16	 0.04	197.98	 1.47	 9.39	 0.85	11.08	 2.11	330.43	299.37	309.32	291.68	305.05	0	58.34
2004	2	26	14.923	3343.6218	56.6218	25.6218	 1.18	 0.05	199.31	 1.80	 2.86	 1.00	11.07	 1.94	330.67	300.99	312.19	292.48	306.54	0	58.50
2004	2	26	15.373	3343.6406	56.6406	25.6406	 1.33	 0.04	205.49	 1.37	 3.34	 0.98	11.07	 2.05	330.47	302.39	313.97	 0.00	308.35	0	54.00
2004	2	26	16.274	3343.6782	56.6781	25.6781	 1.25	 0.07	208.85	 2.58	 2.84	 1.00	11.07	 2.20	329.96	304.45	317.00	288.29	310.47	0	57.66
2004	2	26	16.725	3343.6968	56.6969	25.6969	 1.18	 0.05	202.69	 1.82	 6.42	 0.97	11.10	 1.81	327.14	305.11	317.80	287.73	310.83	0	57.55
2004	2	26	17.176	3343.7156	56.7157	25.7157	 1.47	 0.08	207.99	 2.04	10.11	 0.98	11.10	 2.07	325.84	305.47	318.20	287.42	311.70	0	57.48
2004	2	26	17.627	3343.7344	56.7345	25.7345	 1.61	 0.06	210.62	 1.21	10.35	 0.84	11.08	 2.09	327.68	305.93	319.14	286.25	311.44	0	57.25
2004	2	26	18.078	3343.7532	56.7532	25.7532	 1.19	 0.05	211.13	 2.17	 0.95	 1.00	11.07	 1.90	329.24	306.32	319.25	285.80	311.50	0	57.16
2004	2	26	18.979	3343.7908	56.7908	25.7908	 1.48	 0.05	215.76	 1.34	 5.13	 0.97	11.08	 2.15	328.37	306.99	318.66	285.23	312.14	0	57.05
2004	2	26	19.430	3343.8096	56.8096	25.8096	 1.99	 0.11	209.32	 1.47	 4.19	 0.99	11.08	 2.07	326.88	306.97	317.94	285.14	312.73	0	57.03
2004	2	26	20.331	3343.8472	56.8471	25.8471	 1.85	 0.12	208.21	 1.80	 4.54	 1.00	11.08	 1.89	327.69	306.30	318.15	282.86	311.74	0	56.57
2004	2	26	20.782	3343.8660	56.8659	25.8659	 1.69	 0.09	213.94	 1.81	 2.12	 1.00	11.08	 2.13	327.65	305.59	317.75	282.93	311.00	0	56.59
2004	2	26	21.684	3343.9036	56.9035	25.9035	 2.36	 0.15	216.33	 1.31	 2.31	 1.00	11.05	 2.15	327.55	304.68	315.58	 0.00	310.71	0	54.00
2004	2	26	22.135	3343.9224	56.9223	25.9223	 2.50	 0.15	209.79	 1.07	 0.22	 1.00	11.08	 1.97	327.37	303.88	315.26	279.46	308.86	0	55.89
2004	2	26	22.586	3343.9412	56.9411	25.9411	 2.36	 0.12	207.89	 1.02	 3.94	 0.97	11.08	 1.93	327.37	302.78	313.19	277.06	309.64	0	55.41
2004	2	26	23.942	3343.9976	56.9976	25.9976	 2.22	 0.08	210.94	 0.80	 1.94	 0.98	11.08	 2.05	327.37	295.96	306.29	 0.00	 0.00	0	54.00
2004	2	27	0.393	3344.0164	57.0164	26.0164	 1.50	 0.05	209.24	 1.23	 0.74	 1.00	11.08	 2.08	326.57	294.04	303.23	268.93	298.06	0	53.79
2004	2	27	0.844	3344.0352	57.0352	26.0352	 1.45	 0.04	199.50	 1.11	 1.21	 1.00	11.12	 1.84	327.25	292.32	299.51	268.06	297.79	0	53.61
2004	2	27	1.295	3344.0540	57.0540	26.0540	 1.13	 0.05	204.77	 2.09	 1.18	 1.00	11.10	 2.03	327.10	290.87	299.17	267.91	296.36	0	53.58
2004	2	27	1.746	3344.0728	57.0728	26.0728	 1.13	 0.03	202.87	 1.28	 0.68	 1.00	11.10	 2.04	325.91	289.67	297.22	268.43	294.31	0	53.69
2004	2	27	2.198	3344.0916	57.0916	26.0916	 1.09	 0.04	203.26	 1.73	 2.68	 0.99	11.08	 2.06	326.34	288.49	296.05	266.82	293.13	0	53.36
2004	2	27	2.649	3344.1104	57.1104	26.1104	 1.05	 0.03	202.29	 1.51	 2.37	 0.99	11.08	 2.08	327.79	287.51	293.95	266.39	291.97	0	53.28
2004	2	27	3.099	3344.1292	57.1291	26.1291	 1.07	 0.03	202.38	 1.45	 5.68	 0.92	11.05	 2.19	327.69	286.79	293.19	 0.00	290.45	0	54.00
2004	2	27	3.550	3344.1479	57.1479	26.1479	 1.07	 0.03	204.16	 1.24	 1.84	 0.99	11.08	 2.10	327.90	286.21	293.02	266.69	291.49	0	53.34
2004	2	27	4.052	3344.1687	57.1688	26.1688	 1.12	 0.03	208.12	 1.49	 0.62	 1.00	11.13	 2.17	328.24	285.63	292.84	266.50	289.62	0	53.30
2004	2	27	4.503	3344.1875	57.1876	26.1876	 1.25	 0.03	206.30	 0.95	 2.38	 0.95	11.08	 2.18	327.19	285.23	290.90	266.48	289.16	0	53.30
2004	2	27	4.954	3344.2063	57.2064	26.2064	 1.29	 0.03	205.87	 1.16	 0.75	 1.00	11.08	 2.20	327.74	284.94	291.32	266.52	290.06	0	53.30
2004	2	27	5.406	3344.2253	57.2252	26.2252	 1.28	 0.05	204.27	 1.62	 1.92	 1.00	11.08	 2.11	327.99	284.67	290.59	266.21	289.45	0	53.24
2004	2	27	5.856	3344.2439	57.2440	26.2440	 1.24	 0.02	205.36	 0.68	 2.66	 0.79	11.08	 2.15	328.60	284.46	289.56	265.95	289.21	0	53.19
2004	2	27	6.307	3344.2627	57.2628	26.2628	 1.25	 0.03	202.27	 1.10	 1.98	 0.98	11.12	 2.19	328.15	284.21	290.17	 0.00	288.99	0	54.00
2004	2	27	6.758	3344.2815	57.2816	26.2816	 1.22	 0.03	204.27	 1.31	 1.03	 1.00	11.08	 2.17	328.71	284.07	290.35	265.87	289.12	0	53.17
2004	2	27	7.208	3344.3003	57.3003	26.3003	 1.10	 0.03	202.24	 1.19	 2.00	 0.98	11.08	 2.12	328.52	283.96	288.65	265.77	287.44	0	53.15
2004	2	27	7.659	3344.3191	57.3191	26.3191	 1.23	 0.03	202.62	 1.24	 5.25	 0.92	11.08	 2.20	328.53	283.89	290.02	267.76	287.89	0	53.55
2004	2	27	8.112	3344.3379	57.3380	26.3380	 1.20	 0.03	203.74	 1.05	 2.80	 0.95	11.07	 2.19	328.81	283.73	289.98	267.73	288.83	0	53.55
2004	2	27	8.563	3344.3567	57.3568	26.3568	 1.05	 0.03	203.82	 1.41	 0.94	 1.00	11.05	 2.08	328.10	283.57	288.77	267.14	289.01	0	53.43
2004	2	27	9.013	3344.3755	57.3756	26.3756	 1.13	 0.02	203.47	 0.99	 2.00	 0.96	11.08	 2.14	327.78	283.36	289.05	267.55	288.13	0	53.51
2004	2	27	9.464	3344.3943	57.3943	26.3943	 1.16	 0.03	205.27	 1.24	 1.83	 0.99	11.07	 2.10	328.32	283.17	289.27	266.64	288.44	0	53.33
2004	2	27	9.915	3344.4131	57.4131	26.4131	 1.20	 0.03	205.39	 1.34	 0.76	 1.00	11.20	 2.12	328.38	283.05	288.45	267.60	288.29	0	53.52
2004	2	27	10.366	3344.4319	57.4319	26.4319	 1.35	 0.04	204.80	 1.35	 4.93	 0.96	11.08	 2.13	329.30	283.00	288.39	266.23	286.23	0	53.25
2004	2	27	10.817	3344.4507	57.4507	26.4507	 1.47	 0.05	197.87	 1.18	 3.72	 0.97	11.08	 2.01	328.96	283.60	288.18	268.94	287.64	0	53.79
2004	2	27	11.267	3344.4695	57.4695	26.4695	 1.70	 0.06	198.68	 1.00	 5.78	 0.90	11.10	 2.10	328.81	285.36	289.04	281.73	287.91	0	56.35
2004	2	27	11.719	3344.4883	57.4883	26.4883	 1.85	 0.08	202.71	 1.24	 3.24	 0.99	11.08	 2.16	328.93	287.55	292.51	287.32	290.29	0	57.46
2004	2	27	12.169	3344.5071	57.5071	26.5071	 2.01	 0.12	204.15	 1.56	 1.07	 1.00	11.08	 2.25	328.84	289.90	295.49	285.08	294.15	0	57.02
2004	2	27	12.620	3344.5259	57.5258	26.5258	 2.12	 0.13	204.14	 1.48	 6.23	 0.98	11.07	 2.19	328.86	292.27	298.75	284.70	296.88	0	56.94
2004	2	27	13.071	3344.5447	57.5446	26.5446	 2.16	 0.12	202.72	 1.30	 7.46	 0.96	11.08	 2.16	328.57	294.63	300.97	288.53	299.54	0	57.71
2004	2	27	13.522	3344.5635	57.5634	26.5634	 2.31	 0.16	208.85	 1.47	 7.28	 0.98	11.08	 2.19	328.41	296.87	304.35	 0.00	302.20	0	54.00
2004	2	27	13.972	3344.5820	57.5822	26.5822	 2.18	 0.13	211.28	 1.40	 8.71	 0.96	11.07	 2.11	328.40	299.10	308.93	 0.00	302.86	0	54.00
2004	2	27	14.423	3344.6011	57.6010	26.6010	 2.25	 0.20	208.51	 1.97	 2.78	 1.00	11.07	 2.02	329.11	301.19	312.65	296.72	307.43	0	59.34
2004	2	27	15.325	3344.6384	57.6385	26.6385	 2.18	 0.10	211.52	 1.10	 3.07	 0.99	11.08	 1.93	327.03	304.03	317.25	293.65	 0.00	0	58.73
2004	2	27	15.776	3344.6572	57.6573	26.6573	 2.71	 0.16	215.32	 0.94	 1.65	 1.00	11.08	 2.06	325.01	305.02	317.89	293.11	311.04	0	58.62
2004	2	27	16.231	3344.6763	57.6763	26.6763	 2.53	 0.14	218.99	 0.99	 1.44	 1.00	11.30	 2.13	325.09	305.71	318.71	290.02	311.75	0	58.00
2004	2	27	16.692	3344.6956	57.6955	26.6955	 2.62	 0.08	217.63	 0.56	 1.55	 0.96	11.35	 2.02	326.88	306.37	320.20	288.25	312.36	0	57.65
2004	2	27	17.154	3344.7148	57.7148	26.7148	 2.83	 0.17	216.34	 0.88	 3.00	 0.98	11.35	 2.03	328.06	307.00	318.86	288.95	 0.00	0	57.79
2004	2	27	17.618	3344.7341	57.7341	26.7341	 2.77	 0.21	217.64	 1.15	 1.66	 1.00	11.33	 1.92	327.07	307.53	320.61	287.59	313.21	0	57.52
2004	2	27	18.080	3344.7534	57.7533	26.7533	 2.46	 0.16	210.72	 1.25	 2.13	 1.00	11.33	 1.67	327.58	307.93	320.51	286.41	312.27	0	57.28
2004	2	27	18.541	3344.7725	57.7726	26.7726	 2.69	 0.19	223.43	 1.21	 2.25	 1.00	11.35	 2.18	327.77	308.22	321.70	286.24	313.79	0	57.25
2004	2	27	20.390	3344.8496	57.8496	26.8496	 2.74	 0.15	212.40	 0.84	 0.94	 1.00	11.33	 1.79	325.48	308.00	320.47	284.43	313.24	0	56.89
2004	2	27	20.852	3344.8689	57.8688	26.8688	 3.38	 0.34	219.06	 1.00	 1.91	 1.00	11.33	 2.12	325.38	307.64	319.70	284.37	312.93	0	56.87
2004	2	27	21.313	3344.8879	57.8880	26.8880	 2.87	 0.26	211.33	 1.28	 2.84	 1.00	11.35	 1.82	325.26	307.08	318.79	283.85	312.24	0	56.77
2004	2	27	22.236	3344.9265	57.9265	26.9265	 2.99	 0.30	210.99	 1.30	 0.83	 1.00	11.35	 1.81	325.21	305.00	317.35	279.36	310.43	0	55.87
2004	2	27	23.869	3344.9946	57.9945	26.9945	 3.90	 0.64	221.41	 1.11	 0.45	 1.00	10.83	 2.33	326.37	297.21	310.63	271.99	302.54	0	54.40
2004	2	28	0.310	3345.0129	58.0129	27.0129	19.79	5512032.90	220.23	 1.17	 1.23	 1.00	10.83	 2.23	325.88	295.40	309.41	270.94	299.96	0	54.19
2004	2	28	0.752	3345.0312	58.0313	27.0313	 4.61	 1.14	219.17	 0.95	 1.36	 1.00	10.85	 2.29	324.74	293.78	306.19	270.46	298.35	0	54.09
2004	2	28	1.194	3345.0498	58.0498	27.0498	 4.41	 0.74	220.20	 0.76	 0.60	 1.00	10.83	 2.29	323.92	292.35	305.53	270.35	297.66	0	54.07
2004	2	28	1.638	3345.0684	58.0682	27.0682	 3.95	 0.33	217.52	 0.54	 2.68	 0.89	10.93	 2.24	323.99	291.17	302.98	 0.00	296.02	0	54.00
2004	2	28	2.080	3345.0867	58.0867	27.0867	 3.99	 0.51	219.17	 0.80	 1.72	 0.99	10.85	 2.31	325.17	290.22	302.20	269.24	295.38	0	53.85
2004	2	28	2.521	3345.1050	58.1051	27.1051	 5.27	 1.62	219.09	 0.69	 2.63	 0.97	10.85	 2.28	326.49	289.41	301.26	269.06	293.64	0	53.81
2004	2	28	2.963	3345.1235	58.1234	27.1234	 5.03	 0.88	216.94	 0.48	 2.33	 0.88	10.85	 2.23	326.59	288.78	299.23	268.82	293.88	0	53.76
2004	2	28	3.406	3345.1418	58.1419	27.1419	 5.63	 2.76	215.42	 0.81	 0.79	 1.00	10.85	 2.09	326.60	288.26	298.60	269.65	293.38	0	53.93
2004	2	28	3.848	3345.1604	58.1603	27.1603	 4.56	 0.68	217.81	 0.60	 1.96	 0.96	10.85	 2.26	326.84	287.88	298.49	269.31	293.67	0	53.86
2004	2	28	4.289	3345.1787	58.1787	27.1787	 5.85	 3.68	217.37	 0.87	 1.43	 1.00	10.82	 2.27	326.97	287.62	297.54	269.97	293.16	0	53.99
2004	2	28	4.730	3345.1970	58.1971	27.1971	 4.86	 1.24	217.56	 0.80	 2.89	 0.98	10.83	 2.25	327.54	287.36	297.39	269.30	291.77	0	53.86
2004	2	28	5.171	3345.2156	58.2155	27.2155	16.82	160314.11	216.73	 0.65	 3.40	 0.93	10.90	 2.27	327.55	287.17	296.85	269.12	291.51	0	53.82
2004	2	28	5.613	3345.2339	58.2339	27.2339	 5.17	 1.25	217.57	 0.59	 5.42	 0.74	10.88	 2.24	327.93	286.93	297.44	268.82	291.27	0	53.76
2004	2	28	6.054	3345.2522	58.2522	27.2522	 5.20	 1.57	215.65	 0.71	 7.65	 0.75	10.83	 2.25	327.28	286.65	296.78	268.50	291.76	0	53.70
2004	2	28	6.494	3345.2705	58.2706	27.2706	 4.43	 0.89	214.50	 0.88	 4.67	 0.96	10.85	 2.19	328.02	286.35	295.73	268.16	291.72	0	53.63
2004	2	28	6.936	3345.2891	58.2890	27.2890	 4.24	 0.82	214.39	 0.98	 3.21	 0.99	10.85	 2.19	329.00	286.13	295.40	268.43	290.87	0	53.69
2004	2	28	7.379	3345.3074	58.3074	27.3074	 4.25	 0.54	217.91	 0.65	 5.57	 0.79	10.85	 2.29	330.06	286.03	296.14	268.91	290.04	0	53.78
2004	2	28	7.820	3345.3259	58.3258	27.3258	 4.32	 0.73	215.42	 0.80	 8.88	 0.78	10.85	 2.27	330.12	285.97	295.00	268.68	291.07	0	53.74
2004	2	28	8.264	3345.3442	58.3443	27.3443	 4.51	 0.80	215.10	 0.72	 2.77	 0.97	10.85	 2.20	329.92	285.84	295.48	267.27	290.58	0	53.45
2004	2	28	8.705	3345.3628	58.3627	27.3627	 4.12	 0.66	214.64	 0.89	 6.35	 0.92	10.83	 2.18	328.49	285.68	294.04	266.87	289.39	0	53.37
2004	2	28	9.146	3345.3811	58.3811	27.3811	 4.29	 0.60	214.75	 0.68	 5.98	 0.80	10.85	 2.18	327.81	285.46	295.20	266.44	290.18	0	53.29
2004	2	28	9.587	3345.3994	58.3995	27.3995	 4.61	 1.11	214.32	 0.91	 5.49	 0.95	10.85	 2.22	328.22	285.24	294.72	266.22	290.65	0	53.24
2004	2	28	10.033	3345.4180	58.4180	27.4180	 4.33	 0.74	216.79	 0.82	 8.30	 0.82	10.88	 2.34	327.64	284.99	294.62	265.89	 0.00	0	53.18
2004	2	28	10.475	3345.4365	58.4364	27.4364	 6.31	 3.25	213.95	 0.48	12.06	 0.11	10.90	 2.26	326.89	284.82	293.36	267.37	289.10	0	53.47
2004	2	28	10.916	3345.4548	58.4548	27.4548	 4.60	 0.68	212.70	 0.56	 3.89	 0.82	10.87	 2.30	327.15	285.69	294.98	275.55	289.75	0	55.11
2004	2	28	11.358	3345.4731	58.4732	27.4732	 3.30	 0.27	214.17	 0.85	 1.98	 0.99	10.90	 2.24	327.34	287.19	295.38	 0.00	290.03	0	54.00
2004	2	28	11.800	3345.4917	58.4917	27.4917	 3.40	 0.36	214.70	 1.02	 2.90	 0.99	10.85	 2.21	327.41	289.06	297.49	286.03	294.31	0	57.21
2004	2	28	12.243	3345.5100	58.5101	27.5101	 2.94	 0.15	218.12	 0.70	 9.54	 0.56	10.88	 2.32	327.44	291.05	300.56	285.89	293.85	0	57.18
2004	2	28	12.684	3345.5286	58.5285	27.5285	 2.58	 0.13	222.63	 0.90	17.85	 0.46	10.83	 2.31	327.43	293.08	303.58	286.15	298.09	0	57.23
2004	2	28	13.125	3345.5469	58.5469	27.5469	 2.64	 0.10	223.19	 0.66	17.92	 0.12	10.83	 2.31	327.41	295.10	305.45	287.43	301.36	0	57.49
2004	2	28	13.566	3345.5652	58.5652	27.5652	 2.47	 0.09	229.34	 0.71	16.94	 0.20	10.85	 2.42	327.21	296.93	310.02	286.66	302.55	0	57.33
2004	2	28	14.006	3345.5835	58.5836	27.5836	 2.27	 0.08	232.77	 0.88	32.08	 0.10	10.83	 2.61	326.21	298.78	311.08	287.54	304.51	0	57.51
2004	2	28	14.448	3345.6021	58.6020	27.6020	 2.04	 0.06	235.04	 0.86	28.19	 0.10	10.83	 2.29	326.09	300.50	314.55	287.58	307.18	0	57.52
2004	2	28	14.888	3345.6204	58.6203	27.6203	 2.24	 0.06	235.76	 0.67	28.07	 0.01	10.83	 2.49	327.76	301.77	316.33	287.43	307.75	0	57.49
2004	2	28	15.330	3345.6387	58.6388	27.6388	 2.32	 0.09	235.32	 0.94	34.56	 0.12	10.88	 2.34	327.79	302.83	317.85	286.42	308.98	0	57.28
2004	2	28	15.772	3345.6572	58.6572	27.6572	 2.26	 0.08	237.97	 0.86	25.36	 0.17	10.85	 2.51	326.16	303.39	318.43	285.55	309.57	0	57.11
2004	2	28	16.213	3345.6755	58.6755	27.6755	 2.09	 0.07	241.54	 0.97	34.95	 0.12	10.85	 2.43	326.64	304.09	319.70	286.39	310.09	0	57.28
2004	2	28	16.654	3345.6938	58.6939	27.6939	 2.18	 0.07	240.55	 0.88	23.54	 0.22	10.83	 2.41	325.48	304.78	319.56	285.84	310.48	0	57.17
2004	2	28	17.978	3345.7490	58.7491	27.7491	 1.92	 0.10	240.91	 1.60	39.17	 0.57	10.85	 2.14	326.95	306.80	322.30	286.13	312.19	0	57.23
2004	2	28	18.418	3345.7673	58.7674	27.7674	 2.67	 0.16	244.71	 1.12	11.47	 0.86	10.85	 2.67	324.35	306.93	321.87	 0.00	312.74	0	54.00
2004	2	28	19.300	3345.8042	58.8042	27.8042	 2.80	 0.12	234.45	 0.69	11.69	 0.42	10.85	 2.67	323.53	304.75	318.50	281.22	311.10	0	56.24
2004	2	28	19.741	3345.8225	58.8225	27.8225	 2.85	 0.21	230.67	 1.16	 7.41	 0.95	10.83	 2.35	323.48	303.73	318.65	280.92	310.17	0	56.18
2004	2	28	20.182	3345.8408	58.8409	27.8409	 2.78	 0.20	234.60	 1.21	11.81	 0.90	10.83	 2.66	323.56	303.43	318.01	282.12	309.83	0	56.42
2004	2	28	20.623	3345.8594	58.8593	27.8593	 2.99	 0.14	233.92	 0.65	11.27	 0.39	10.85	 2.59	323.58	303.46	318.40	281.21	310.32	0	56.24
2004	2	28	21.064	3345.8777	58.8777	27.8777	 3.52	 0.33	230.39	 0.88	 8.39	 0.85	10.83	 2.64	323.54	303.21	317.06	281.32	309.46	0	56.26
2004	2	28	21.505	3345.8960	58.8961	27.8961	 3.10	 0.19	231.02	 0.80	 4.55	 0.93	10.85	 2.50	323.42	302.31	318.07	280.13	309.20	0	56.03
2004	2	28	23.271	3345.9697	58.9696	27.9696	 5.03	 1.58	222.96	 0.87	 0.29	 1.00	10.87	 2.52	324.91	296.08	310.04	 0.00	302.22	0	54.00
2004	2	28	23.711	3345.9880	58.9880	27.9880	 4.19	 0.72	221.00	 0.94	 0.80	 1.00	10.83	 2.45	325.97	294.52	307.03	271.03	300.23	0	54.21
2004	2	29	0.202	3346.0083	59.0084	28.0084	 3.65	 0.42	210.41	 0.89	 1.55	 1.00	10.85	 2.01	327.11	292.96	302.21	269.90	297.78	0	53.98
2004	2	29	0.644	3346.0269	59.0268	28.0268	 3.31	 1.94	215.47	 6.05	57.29	 1.00	10.83	 2.15	327.15	291.86	299.31	268.98	296.51	0	53.80
2004	2	29	1.086	3346.0452	59.0452	28.0452	 3.48	 0.34	213.78	 0.88	 0.57	 1.00	10.87	 2.13	326.61	290.86	299.61	268.79	298.20	0	53.76
2004	2	29	1.528	3346.0637	59.0637	28.0637	 4.99	 2.12	208.79	 1.15	 1.89	 1.00	10.85	 2.04	326.66	290.00	297.35	268.17	295.35	0	53.63
2004	2	29	1.969	3346.0820	59.0820	28.0820	 3.89	 0.46	211.20	 0.77	 0.63	 1.00	10.82	 2.09	326.06	289.15	296.40	268.49	293.45	0	53.70
2004	2	29	2.412	3346.1006	59.1005	28.1005	 3.72	 0.50	209.52	 0.99	 3.21	 0.99	10.90	 2.03	326.21	288.41	294.98	268.48	293.39	0	53.70
2004	2	29	2.857	3346.1191	59.1190	28.1190	 3.75	 0.44	211.26	 0.86	 0.95	 1.00	10.83	 2.09	327.36	287.76	293.75	268.97	292.58	0	53.79
2004	2	29	3.299	3346.1375	59.1375	28.1375	 3.76	 0.41	212.57	 0.80	 0.78	 1.00	10.87	 2.12	326.65	287.35	293.56	269.11	 0.00	0	53.82
2004	2	29	3.741	3346.1558	59.1559	28.1559	 4.08	 0.69	213.58	 0.97	 0.43	 1.00	10.82	 2.16	326.38	286.99	293.80	268.63	293.91	0	53.73
2004	2	29	4.182	3346.1743	59.1743	28.1743	 4.24	 0.59	211.34	 0.70	 0.33	 1.00	10.85	 2.06	326.26	286.67	292.67	268.34	291.64	0	53.67
2004	2	29	4.624	3346.1926	59.1926	28.1926	 4.43	 0.78	212.97	 0.76	 0.16	 1.00	10.85	 2.18	326.26	286.39	293.22	268.27	290.06	0	53.65
2004	2	29	5.066	3346.2112	59.2111	28.2111	 4.67	 0.94	211.94	 0.72	 0.76	 1.00	10.85	 2.16	326.28	286.10	291.99	268.29	291.15	0	53.66
2004	2	29	5.507	3346.2295	59.2295	28.2295	 3.83	 0.46	212.44	 0.83	 0.20	 1.00	10.85	 2.12	326.59	285.86	291.94	267.96	290.92	0	53.59
2004	2	29	5.949	3346.2478	59.2479	28.2479	 4.44	 0.64	211.23	 0.61	 0.93	 0.99	10.85	 2.09	326.54	285.67	290.94	268.05	289.66	0	53.61
2004	2	29	6.391	3346.2664	59.2663	28.2663	 6.52	 7.36	210.57	 0.86	 1.44	 1.00	10.85	 2.11	327.34	285.49	289.66	267.10	290.51	0	53.42
2004	2	29	6.832	3346.2847	59.2847	28.2847	 4.28	 0.78	214.65	 0.89	 1.05	 1.00	10.88	 2.24	327.43	285.29	292.42	266.42	290.54	0	53.28
2004	2	29	7.274	3346.3030	59.3031	28.3031	 4.35	 0.82	212.26	 0.86	 0.84	 1.00	10.85	 2.15	327.40	285.15	291.16	266.59	288.98	0	53.32
2004	2	29	7.715	3346.3215	59.3215	28.3215	 3.97	 0.49	211.69	 0.75	 0.59	 1.00	10.83	 2.16	327.43	284.97	290.51	 0.00	290.50	0	54.00
2004	2	29	8.156	3346.3398	59.3398	28.3398	 5.45	 2.43	213.32	 0.85	 0.26	 1.00	10.85	 2.18	326.87	284.75	291.15	266.80	289.61	0	53.36
2004	2	29	8.598	3346.3582	59.3582	28.3582	 3.56	 0.30	212.00	 0.72	 1.13	 1.00	10.85	 2.14	327.12	284.69	289.77	267.19	289.49	0	53.44
2004	2	29	9.040	3346.3767	59.3767	28.3767	 3.35	 0.22	210.66	 0.64	 0.67	 1.00	10.85	 2.07	327.31	284.61	289.17	266.59	290.10	0	53.32
2004	2	29	9.480	3346.3950	59.3950	28.3950	 3.27	 0.22	213.34	 0.70	 0.32	 1.00	10.85	 2.14	327.16	284.56	290.05	266.86	289.32	0	53.37
2004	2	29	9.921	3346.4133	59.4134	28.4134	 3.60	 0.46	211.52	 1.03	 0.74	 1.00	10.85	 2.10	327.04	284.45	290.15	267.71	288.18	0	53.54
2004	2	29	10.363	3346.4319	59.4318	28.4318	 3.18	 0.23	211.95	 0.80	 1.26	 1.00	10.85	 2.15	326.79	284.36	289.37	267.62	289.52	0	53.52
2004	2	29	10.804	3346.4502	59.4502	28.4502	 3.47	 0.30	208.56	 0.76	 0.61	 1.00	10.85	 2.18	326.02	285.06	291.06	271.54	288.38	0	54.31
2004	2	29	11.245	3346.4685	59.4686	28.4686	 2.91	 0.23	206.42	 1.05	 0.76	 1.00	10.85	 2.14	326.04	286.38	292.49	276.30	289.54	0	55.26
2004	2	29	11.686	3346.4868	59.4869	28.4869	 3.36	 0.49	205.88	 1.37	 0.19	 1.00	10.85	 2.14	326.09	288.09	295.10	279.31	293.54	0	55.86
2004	2	29	12.127	3346.5054	59.5053	28.5053	 3.19	 0.35	209.12	 1.21	 1.80	 1.00	10.83	 2.21	326.10	289.84	296.15	278.69	297.85	0	55.74
2004	2	29	12.568	3346.5237	59.5237	28.5237	 3.01	 0.32	204.25	 1.31	 2.71	 1.00	10.85	 2.12	325.78	291.52	298.30	280.17	296.66	0	56.03
2004	2	29	13.009	3346.5420	59.5421	28.5421	 2.86	 0.27	207.03	 1.32	 2.03	 1.00	10.85	 2.13	325.74	293.34	302.05	282.32	299.51	0	56.46
2004	2	29	13.451	3346.5605	59.5604	28.5604	 2.78	 0.21	208.44	 1.14	 1.70	 1.00	10.85	 2.20	325.42	295.19	303.83	283.09	300.66	0	56.62
2004	2	29	13.892	3346.5789	59.5788	28.5788	 2.55	 0.24	207.92	 1.62	 2.48	 1.00	10.85	 2.10	325.06	297.00	308.04	284.34	302.68	0	56.87
2004	2	29	14.333	3346.5972	59.5972	28.5972	 2.95	 0.22	211.06	 0.97	 4.74	 0.96	10.85	 2.25	326.95	298.82	309.64	285.58	304.60	0	57.12
2004	2	29	14.774	3346.6155	59.6156	28.6156	 2.82	 0.21	211.08	 1.08	 0.25	 1.00	10.85	 2.08	326.70	300.62	312.24	289.70	307.26	0	57.94
2004	2	29	15.216	3346.6340	59.6340	28.6340	 2.60	 0.13	212.44	 0.86	 1.33	 1.00	10.85	 2.01	326.05	302.20	315.35	288.81	308.15	0	57.76
2004	2	29	15.658	3346.6523	59.6524	28.6524	 3.06	 0.25	216.94	 1.02	 4.96	 0.97	10.85	 2.13	326.91	303.06	314.84	289.66	309.78	0	57.93
2004	2	29	16.099	3346.6707	59.6708	28.6708	 3.17	 0.25	212.37	 0.90	 2.31	 0.99	10.85	 1.91	326.39	303.60	316.47	288.04	309.79	0	57.61
2004	2	29	16.540	3346.6892	59.6892	28.6892	 3.14	 0.21	214.79	 0.80	 0.46	 1.00	10.83	 1.97	326.99	304.40	316.16	288.60	310.46	0	57.72
2004	2	29	17.423	3346.7258	59.7259	28.7259	 2.94	 0.21	218.01	 1.00	 0.28	 1.00	10.85	 1.97	325.13	306.23	319.06	289.37	311.87	0	57.87
2004	2	29	17.864	3346.7444	59.7443	28.7443	 2.75	 0.19	216.94	 1.07	 1.76	 1.00	10.85	 1.99	325.88	307.08	318.57	289.04	311.69	0	57.81
2004	2	29	18.305	3346.7627	59.7627	28.7627	 2.74	 0.24	214.49	 1.35	 1.81	 1.00	10.83	 1.86	327.12	307.52	319.27	288.38	312.94	0	57.68
2004	2	29	19.187	3346.7996	59.7995	28.7995	 2.90	 0.30	220.34	 1.48	 1.91	 1.00	10.85	 2.17	324.16	307.33	319.11	284.62	313.26	0	56.92
2004	2	29	20.070	3346.8362	59.8362	28.8362	 3.18	 0.30	215.05	 1.08	 0.43	 1.00	10.85	 1.91	322.72	305.89	319.79	283.69	312.03	0	56.74
2004	2	29	20.511	3346.8547	59.8546	28.8546	 3.01	 0.25	214.76	 1.06	 1.39	 1.00	10.83	 1.87	322.78	306.13	317.76	 0.00	311.90	0	54.00
2004	2	29	20.952	3346.8730	59.8730	28.8730	 3.15	 0.20	215.61	 0.75	 0.79	 1.00	10.85	 1.93	322.86	306.04	319.78	284.03	311.73	0	56.81
2004	2	29	21.393	3346.8914	59.8914	28.8914	 3.00	 0.25	207.36	 1.03	 0.80	 1.00	10.83	 1.70	322.87	305.72	318.34	283.36	311.18	0	56.67
2004	2	29	22.276	3346.9282	59.9282	28.9282	 2.91	 0.19	210.51	 0.90	 2.11	 0.99	10.85	 1.85	322.78	304.19	316.98	279.16	309.98	0	55.83
2004	2	29	23.603	3346.9834	59.9834	28.9834	 3.72	 2.16	211.81	 4.31	 0.88	 1.00	10.85	 2.06	323.40	297.56	307.86	273.31	 0.00	0	54.66
