2003	2	1	0.161	2953.0066	31.0067	0.0067	 3.91	 0.46	214.14	 0.77	 0.64	 1.00	11.32	 2.11	328.28	295.92	305.42	272.25	301.29	0	54.45
2003	2	1	0.391	2953.0164	31.0163	0.0163	 5.03	 1.17	217.07	 0.63	 0.51	 1.00	11.33	 2.23	328.33	295.45	305.97	272.26	300.81	0	54.45
2003	2	1	0.621	2953.0259	31.0259	0.0259	 5.11	 1.64	214.53	 0.81	 1.09	 1.00	11.32	 2.12	328.30	295.03	305.25	272.47	302.21	0	54.49
2003	2	1	0.852	2953.0354	31.0355	0.0355	 4.20	 0.40	215.24	 0.49	 0.22	 1.00	11.33	 2.21	328.39	294.67	303.19	272.49	300.31	0	54.50
2003	2	1	1.083	2953.0452	31.0451	0.0451	 4.93	 1.60	214.76	 0.94	 1.12	 1.00	11.33	 2.11	328.54	294.35	304.01	272.21	299.71	0	54.44
2003	2	1	1.313	2953.0547	31.0547	0.0547	 3.87	 0.34	214.69	 0.58	 0.52	 1.00	11.33	 2.16	328.81	293.89	303.21	 0.00	299.40	0	54.00
2003	2	1	1.544	2953.0642	31.0643	0.0643	 5.39	 2.01	213.20	 0.74	 0.61	 1.00	11.33	 2.10	328.90	293.35	302.81	270.48	298.81	0	54.10
2003	2	1	1.774	2953.0740	31.0739	0.0739	 5.85	 3.22	213.86	 0.75	 0.44	 1.00	11.33	 2.15	328.76	292.79	302.02	270.00	298.52	0	54.00
2003	2	1	2.007	2953.0835	31.0836	0.0836	 4.38	 0.88	212.54	 0.89	 1.15	 1.00	11.33	 2.01	328.91	292.26	301.26	269.80	297.61	0	53.96
# Unit 3, Chajnantor2, Filter  0,  Slot 1, 350 um (616) & yellow
#				days
#				since		day of	day of
# yr	mo	dy	 time	1/1/1995	year	month	Tau	unc	Tatm	unc	mse	fitgood	Etime	R	Thot	Twarm	Tchop	Tamb	<Tint>	Filter	Toff
# 1	2	3	4	5		6	7	8	9	10	11	12	13	14	15	16	17	18	19	20	21	22
2003	2	1	3.653	2953.1521	31.1522	0.1522	20.35	7005160.06	213.58	 0.82	 1.66	 0.99	11.37	 2.09	326.94	289.42	297.61	269.66	296.20	0	53.93
2003	2	1	3.884	2953.1619	31.1618	0.1618	 4.57	 0.94	214.01	 0.80	 1.30	 1.00	11.33	 2.10	326.92	289.21	297.34	269.54	295.13	0	53.91
2003	2	1	10.967	2953.4570	31.4569	0.4569	 1.46	 0.03	333.03	 1.09	107.79	 0.00	11.33	 1.72	329.70	289.18	341.47	276.26	295.23	0	55.25
2003	2	1	11.198	2953.4666	31.4666	0.4666	 1.46	 0.03	335.49	 1.22	99.00	 0.00	11.38	 1.68	329.74	289.92	343.87	278.37	293.94	0	55.67
2003	2	1	11.429	2953.4761	31.4762	0.4762	 1.55	 0.04	324.71	 1.31	57.43	 0.07	11.35	 1.84	329.78	290.72	339.92	280.25	 0.00	0	56.05
2003	2	1	11.659	2953.4858	31.4858	0.4858	 1.55	 0.04	326.58	 1.31	49.24	 0.11	11.32	 1.80	329.83	291.58	341.29	282.13	295.72	0	56.43
2003	2	1	11.889	2953.4954	31.4954	0.4954	 1.65	 0.03	317.60	 1.03	38.99	 0.06	11.33	 1.96	329.87	292.51	338.77	285.28	296.60	0	57.06
2003	2	1	12.120	2953.5049	31.5050	0.5050	 1.70	 0.03	315.33	 0.89	20.57	 0.20	11.33	 2.07	329.92	293.50	338.95	285.20	298.77	0	57.04
2003	2	1	12.351	2953.5146	31.5146	0.5146	 1.84	 0.04	309.82	 1.00	15.24	 0.55	11.33	 2.20	329.95	294.48	338.16	284.84	300.45	0	56.97
2003	2	1	12.581	2953.5242	31.5242	0.5242	 1.86	 0.05	309.91	 1.04	17.01	 0.54	11.32	 2.22	329.94	295.39	339.15	283.25	300.83	0	56.65
2003	2	1	12.812	2953.5339	31.5338	0.5338	 1.98	 0.06	304.11	 1.15	 6.13	 0.95	11.35	 2.44	329.91	296.28	338.38	282.96	301.83	0	56.59
2003	2	1	13.042	2953.5435	31.5434	0.5434	 2.02	 0.05	302.78	 0.87	 5.11	 0.90	11.33	 2.59	329.95	297.10	338.44	282.52	302.75	0	56.50
2003	2	1	13.273	2953.5530	31.5530	0.5530	 2.06	 0.05	300.47	 0.80	 4.45	 0.90	11.33	 2.61	329.90	297.88	337.45	282.36	303.63	0	56.47
2003	2	1	13.503	2953.5627	31.5626	0.5626	 2.17	 0.06	300.12	 0.91	 3.06	 0.97	11.33	 2.64	329.84	298.67	339.30	282.89	304.43	0	56.58
2003	2	1	22.493	2953.9373	31.9372	0.9372	 1.85	 0.05	303.96	 1.15	 8.99	 0.88	11.33	 2.29	330.53	301.98	342.03	276.73	308.00	0	55.35
2003	2	1	22.955	2953.9565	31.9565	0.9565	 1.75	 0.05	313.40	 1.43	18.98	 0.77	11.33	 2.04	331.04	300.03	346.23	274.77	306.03	0	54.95
2003	2	1	23.186	2953.9661	31.9661	0.9661	 1.68	 0.04	313.65	 1.04	32.80	 0.12	11.33	 1.98	330.91	299.07	343.46	273.80	304.16	0	54.76
2003	2	1	23.417	2953.9756	31.9757	0.9757	 1.68	 0.05	313.52	 1.37	31.77	 0.44	11.35	 2.03	330.90	298.18	341.70	273.31	304.71	0	54.66
2003	2	1	23.879	2953.9949	31.9950	0.9950	 1.61	 0.04	322.23	 1.19	51.08	 0.06	11.37	 1.80	330.88	296.46	345.01	272.11	302.38	0	54.42
2003	2	2	0.110	2954.0046	32.0046	1.0046	 1.53	 0.03	325.40	 1.10	44.24	 0.04	11.33	 1.71	330.58	295.70	344.99	271.51	301.57	0	54.30
2003	2	2	0.342	2954.0142	32.0142	1.0142	 1.54	 0.03	325.07	 1.18	46.97	 0.06	11.33	 1.69	330.25	294.93	342.87	271.28	300.65	0	54.26
2003	2	2	0.572	2954.0239	32.0238	1.0238	 1.52	 0.03	323.26	 1.25	73.03	 0.01	11.33	 1.72	329.36	294.20	341.16	270.86	300.02	0	54.17
2003	2	2	0.803	2954.0334	32.0334	1.0334	 1.49	 0.02	328.02	 1.00	66.76	 0.00	11.33	 1.66	329.40	293.54	341.83	270.42	299.39	0	54.08
2003	2	3	7.524	2955.3135	33.3135	2.3135	16.11	78144.45	214.95	 0.64	 8.26	 0.65	11.33	 2.20	327.04	288.66	299.67	 0.00	295.38	0	54.00
2003	2	3	11.900	2955.4958	33.4958	2.4958	 2.93	 0.12	218.75	 0.58	 1.28	 0.98	11.27	 2.34	327.13	292.41	304.65	278.74	298.77	0	55.75
2003	2	3	12.130	2955.5054	33.5054	2.5054	 2.74	 0.25	218.74	 1.43	 4.99	 0.99	11.33	 2.29	327.26	293.16	305.13	278.93	297.45	0	55.79
2003	2	3	12.360	2955.5149	33.5150	2.5150	 2.73	 0.16	222.32	 0.95	 3.83	 0.97	11.32	 2.47	327.49	293.89	306.27	279.33	299.76	0	55.87
2003	2	3	12.591	2955.5247	33.5246	2.5246	 2.45	 0.17	219.86	 1.41	 4.37	 0.99	11.38	 2.21	327.59	294.63	307.70	279.78	300.60	0	55.96
2003	2	3	12.822	2955.5342	33.5343	2.5343	 2.23	 0.11	224.35	 1.20	 5.40	 0.97	11.35	 2.30	327.66	295.39	309.56	280.39	298.97	0	56.08
2003	2	3	13.053	2955.5439	33.5439	2.5439	 2.29	 0.17	218.97	 1.67	13.54	 0.96	11.35	 2.14	327.65	296.13	307.14	281.15	302.17	0	56.23
2003	2	3	13.284	2955.5535	33.5535	2.5535	 2.16	 0.16	225.10	 1.80	10.65	 0.98	11.33	 2.23	327.84	296.87	310.01	281.38	302.41	0	56.28
2003	2	3	13.514	2955.5630	33.5631	2.5631	 2.36	 0.18	226.05	 1.68	25.92	 0.85	11.33	 2.27	327.92	297.53	311.59	281.06	303.19	0	56.21
2003	2	3	13.745	2955.5728	33.5727	2.5727	 2.18	 0.14	228.79	 1.59	 6.46	 0.99	11.33	 2.41	327.89	298.24	311.90	281.40	303.93	0	56.28
2003	2	3	13.976	2955.5823	33.5823	2.5823	 2.21	 0.15	227.33	 1.66	30.58	 0.77	11.33	 2.21	327.73	298.94	312.68	282.10	304.64	0	56.42
2003	2	3	14.206	2955.5920	33.5919	2.5919	 2.06	 0.16	231.22	 2.10	 9.03	 0.99	11.33	 2.42	327.29	299.62	313.16	282.87	305.35	0	56.57
2003	2	3	14.437	2955.6016	33.6015	2.6015	 2.10	 0.12	234.20	 1.52	16.16	 0.90	11.32	 2.48	326.88	300.25	314.69	283.03	306.05	0	56.61
2003	2	3	14.667	2955.6111	33.6111	2.6111	 2.01	 0.09	235.51	 1.31	27.19	 0.57	11.33	 2.51	326.71	300.90	315.01	283.74	306.68	0	56.75
2003	2	3	14.898	2955.6208	33.6207	2.6207	 2.18	 0.11	235.06	 1.27	34.19	 0.44	11.35	 2.45	326.62	301.53	315.31	285.17	307.37	0	57.03
2003	2	3	15.128	2955.6304	33.6303	2.6303	 2.12	 0.11	237.87	 1.43	24.65	 0.73	11.30	 2.66	327.31	302.15	316.21	284.61	307.99	0	56.92
2003	2	3	15.358	2955.6399	33.6399	2.6399	 1.83	 0.10	238.47	 1.84	33.88	 0.76	11.33	 2.45	328.45	302.77	316.07	284.70	308.63	0	56.94
2003	2	3	15.589	2955.6497	33.6495	2.6495	 1.94	 0.13	239.26	 2.12	29.62	 0.90	11.33	 2.66	328.44	303.35	317.85	284.27	309.26	0	56.85
2003	2	3	15.820	2955.6592	33.6592	2.6592	 1.91	 0.09	241.40	 1.44	33.19	 0.54	11.35	 2.47	328.27	303.92	317.65	285.20	309.87	0	57.04
2003	2	3	16.050	2955.6687	33.6688	2.6688	 1.79	 0.05	243.82	 1.05	19.61	 0.44	11.32	 2.66	328.12	304.47	317.72	285.20	310.01	0	57.04
2003	2	3	16.281	2955.6785	33.6784	2.6784	 1.75	 0.05	246.29	 1.15	21.65	 0.48	11.33	 2.70	328.17	304.98	318.62	285.79	310.73	0	57.16
2003	2	3	16.511	2955.6880	33.6880	2.6880	 1.72	 0.05	245.33	 1.06	35.59	 0.12	11.35	 2.43	328.26	305.50	318.96	285.72	311.09	0	57.14
2003	2	3	16.742	2955.6975	33.6976	2.6976	 1.81	 0.05	245.10	 0.90	33.05	 0.06	11.33	 2.42	328.71	306.01	320.30	286.05	311.82	0	57.21
2003	2	3	16.972	2955.7073	33.7072	2.7072	 1.75	 0.04	249.07	 0.88	38.79	 0.02	11.33	 2.51	328.44	306.53	320.40	286.75	312.26	0	57.35
2003	2	3	17.203	2955.7168	33.7168	2.7168	 1.73	 0.04	249.81	 0.79	33.66	 0.01	11.33	 2.55	328.45	307.07	321.05	288.61	312.80	0	57.72
2003	2	3	17.433	2955.7263	33.7264	2.7264	 1.73	 0.04	248.82	 0.82	35.58	 0.01	11.33	 2.36	328.56	307.58	321.12	288.71	313.27	0	57.74
2003	2	3	17.664	2955.7361	33.7360	2.7360	 1.76	 0.04	249.05	 0.79	48.70	 0.00	11.33	 2.32	328.12	308.07	321.66	288.87	314.22	0	57.77
2003	2	3	17.894	2955.7456	33.7456	2.7456	 1.76	 0.04	248.94	 0.92	45.14	 0.01	11.33	 2.33	328.58	308.66	321.85	290.34	312.70	0	58.07
2003	2	3	18.126	2955.7551	33.7552	2.7552	 1.82	 0.03	248.51	 0.62	35.96	 0.00	11.35	 2.40	328.74	309.19	322.12	292.22	314.23	0	58.44
2003	2	3	18.357	2955.7649	33.7649	2.7649	 1.84	 0.05	248.75	 0.88	40.63	 0.02	11.35	 2.35	329.17	309.74	322.60	293.99	314.45	0	58.80
2003	2	3	18.587	2955.7744	33.7745	2.7745	 2.39	 0.09	243.10	 0.82	40.19	 0.02	11.33	 2.34	328.48	310.12	323.33	294.10	314.96	0	58.82
2003	2	3	18.818	2955.7842	33.7841	2.7841	 2.30	 0.09	243.37	 1.01	42.13	 0.10	11.33	 2.32	328.27	310.42	323.22	292.10	315.70	0	58.42
2003	2	3	19.048	2955.7937	33.7937	2.7937	 3.01	 0.33	237.95	 1.54	37.28	 0.69	11.33	 2.24	328.29	310.28	323.08	290.77	316.11	0	58.15
2003	2	3	19.279	2955.8032	33.8033	2.8033	 2.44	 0.07	242.50	 0.66	39.58	 0.00	11.33	 2.36	328.44	310.44	323.68	290.88	316.04	0	58.18
2003	2	3	19.509	2955.8130	33.8129	2.8129	 2.51	 0.11	244.05	 0.92	34.88	 0.12	11.33	 2.53	328.18	310.68	323.68	291.40	316.32	0	58.28
2003	2	3	19.739	2955.8225	33.8225	2.8225	 2.46	 0.07	239.96	 0.57	27.71	 0.00	11.33	 2.13	328.21	310.77	326.19	290.42	316.42	0	58.08
2003	2	3	19.970	2955.8320	33.8321	2.8321	 2.30	 0.08	238.50	 0.79	31.10	 0.05	11.33	 2.12	328.57	310.77	324.85	290.75	316.38	0	58.15
2003	2	3	20.431	2955.8513	33.8513	2.8513	 2.44	 0.16	235.88	 1.39	25.99	 0.72	11.33	 1.96	329.06	310.86	325.70	289.96	316.55	0	57.99
2003	2	3	20.892	2955.8706	33.8705	2.8705	 2.74	 0.17	239.63	 1.06	21.36	 0.57	11.32	 2.46	328.90	310.60	324.98	287.25	316.41	0	57.45
2003	2	3	21.353	2955.8896	33.8897	2.8897	 2.81	 0.19	237.26	 1.10	21.44	 0.61	11.33	 2.47	328.84	309.60	323.76	287.00	315.41	0	57.40
2003	2	3	21.814	2955.9089	33.9089	2.9089	 3.07	 0.30	225.86	 1.29	20.80	 0.79	11.33	 1.82	328.93	307.87	324.68	282.61	313.76	0	56.52
2003	2	3	22.044	2955.9185	33.9185	2.9185	 4.10	 0.98	230.98	 1.44	 0.72	 1.00	11.33	 2.35	328.98	306.97	322.33	279.81	312.96	0	55.96
2003	2	3	22.275	2955.9282	33.9281	2.9281	 3.16	 0.38	229.99	 1.49	 3.26	 1.00	11.33	 2.31	329.04	305.87	321.66	278.85	310.87	0	55.77
2003	2	3	23.658	2955.9858	33.9858	2.9858	 3.95	 0.54	224.77	 0.89	 0.39	 1.00	11.35	 2.33	328.84	299.54	314.23	273.75	305.40	0	54.75
2003	2	3	23.889	2955.9954	33.9954	2.9954	 4.07	 0.52	226.78	 0.77	 0.42	 1.00	11.33	 2.49	328.23	298.61	313.17	273.30	304.43	0	54.66
2003	2	4	0.119	2956.0049	34.0050	3.0050	 4.15	 0.60	225.13	 0.81	 0.79	 1.00	11.33	 2.49	327.49	297.69	311.80	273.02	303.51	0	54.60
2003	2	4	0.350	2956.0146	34.0146	3.0146	 7.15	10.00	221.51	 0.66	 0.65	 1.00	11.33	 2.33	327.52	296.89	309.88	272.68	302.58	0	54.54
2003	2	4	0.581	2956.0242	34.0242	3.0242	 4.42	 0.79	223.33	 0.81	 1.16	 1.00	11.32	 2.32	328.48	296.15	310.13	272.41	301.84	0	54.48
2003	2	4	0.811	2956.0337	34.0338	3.0338	 4.62	 1.04	220.97	 0.87	 0.45	 1.00	11.33	 2.29	329.04	295.49	308.03	271.78	300.92	0	54.36
2003	2	4	1.042	2956.0435	34.0434	3.0434	 3.69	 0.33	220.87	 0.71	 0.66	 1.00	11.33	 2.25	329.17	294.86	307.45	271.75	300.30	0	54.35
2003	2	4	1.272	2956.0530	34.0530	3.0530	24.53	368103116.90	219.94	 0.68	 0.28	 1.00	11.33	 2.27	328.97	294.28	307.13	271.44	299.79	0	54.29
2003	2	4	1.503	2956.0625	34.0626	3.0626	 5.07	 1.25	219.67	 0.66	 0.77	 1.00	11.33	 2.24	327.96	293.70	306.03	270.98	299.22	0	54.20
2003	2	4	1.733	2956.0723	34.0722	3.0722	 6.21	 3.26	221.28	 0.55	 0.58	 1.00	11.33	 2.41	325.61	293.06	304.66	270.37	297.93	0	54.07
2003	2	4	1.964	2956.0818	34.0818	3.0818	 4.55	 1.00	221.08	 0.89	 0.97	 1.00	11.33	 2.32	327.65	292.53	305.12	270.27	297.22	0	54.05
2003	2	4	2.194	2956.0916	34.0914	3.0914	 6.82	 9.46	219.43	 0.86	 1.95	 0.99	11.33	 2.18	328.23	292.08	303.87	270.47	296.99	0	54.09
2003	2	4	2.425	2956.1011	34.1010	3.1010	 9.21	67.99	221.35	 0.57	 2.77	 0.92	11.33	 2.34	328.25	291.71	303.66	270.58	296.73	0	54.12
2003	2	4	2.656	2956.1106	34.1106	3.1106	 5.67	 2.08	218.74	 0.59	 2.39	 0.95	11.33	 2.15	328.23	291.38	302.14	270.73	296.46	0	54.15
2003	2	4	2.886	2956.1204	34.1203	3.1203	17.45	303780.27	220.85	 0.67	 1.30	 0.99	11.33	 2.33	328.23	291.06	303.13	270.60	296.22	0	54.12
2003	2	4	3.117	2956.1299	34.1299	3.1299	 5.37	 1.53	220.66	 0.60	 1.14	 0.99	11.33	 2.35	327.98	290.75	302.20	270.33	295.93	0	54.07
2003	2	4	3.603	2956.1501	34.1501	3.1501	 4.77	 0.87	218.65	 0.61	 0.57	 1.00	11.33	 2.24	328.66	290.21	299.41	270.61	295.44	0	54.12
2003	2	4	3.833	2956.1597	34.1597	3.1597	16.35	123491.80	214.17	 0.79	 0.92	 1.00	11.35	 2.09	328.77	290.02	297.37	270.45	295.34	0	54.09
2003	2	4	4.064	2956.1694	34.1693	3.1693	17.52	313094.64	216.93	 0.63	 0.39	 1.00	11.33	 2.16	328.91	289.83	298.68	270.08	295.09	0	54.02
2003	2	4	10.766	2956.4485	34.4486	3.4486	44.31	 1.00	197.07	 0.00	 1.26	 0.00	11.33	 1.64	327.21	289.14	294.48	279.63	295.05	0	55.93
2003	2	4	10.997	2956.4583	34.4582	3.4582	28.50	23947317378.91	197.87	 0.75	 3.81	 0.95	11.33	 1.68	327.31	289.94	296.05	283.79	295.55	0	56.76
2003	2	4	11.227	2956.4678	34.4678	3.4678	16.94	310345.34	189.95	 0.98	 3.63	 0.99	11.33	 1.57	327.35	290.82	293.70	286.13	296.89	0	57.23
2003	2	4	11.458	2956.4773	34.4774	3.4774	16.87	276193.44	194.44	 0.96	 4.02	 0.98	11.33	 1.63	327.35	291.78	297.68	288.93	297.16	0	57.79
2003	2	4	11.688	2956.4871	34.4870	3.4870	51.04	 1.00	193.19	 0.00	 1.69	 0.00	11.33	 1.62	327.25	292.85	298.70	291.88	298.27	0	58.38
2003	2	4	11.919	2956.4966	34.4966	3.4966	20.07	5816108.82	190.59	 0.80	 4.40	 0.95	11.33	 1.61	327.05	293.94	298.20	292.38	299.21	0	58.48
2003	2	4	12.380	2956.5159	34.5158	3.5158	72.57	 0.99	185.93	 0.00	 9.62	 0.00	11.33	 1.48	326.59	296.09	302.45	290.30	301.61	0	58.06
2003	2	4	12.646	2956.5269	34.5269	3.5269	 3.55	 0.31	209.52	 0.74	 1.95	 0.99	11.38	 2.17	326.57	297.26	305.88	290.08	303.58	0	58.02
2003	2	4	12.877	2956.5366	34.5365	3.5365	 3.19	 0.23	212.27	 0.78	 0.89	 1.00	11.35	 2.29	326.63	298.25	307.43	290.65	304.02	0	58.13
2003	2	4	23.759	2956.9900	34.9899	3.9899	 2.90	 0.38	253.97	 2.14	33.51	 0.92	11.63	 2.19	327.27	298.68	337.31	272.90	304.26	0	54.58
2003	2	4	23.995	2956.9998	34.9998	3.9998	 3.01	 0.18	254.69	 0.92	12.89	 0.70	11.65	 2.53	327.18	297.54	333.55	272.54	303.16	0	54.51
2003	2	5	0.232	2957.0098	35.0097	4.0097	 3.00	 1.09	256.48	 5.64	47.33	 1.00	11.63	 2.37	327.14	296.52	334.28	271.97	302.14	0	54.39
2003	2	5	0.469	2957.0195	35.0195	4.0195	 2.74	 0.14	254.92	 0.99	30.36	 0.27	11.63	 2.27	327.30	295.57	334.15	271.43	301.16	0	54.29
2003	2	5	0.705	2957.0293	35.0294	4.0294	 2.75	 0.13	253.89	 0.85	35.07	 0.08	11.63	 2.32	326.72	294.70	332.79	271.07	300.28	0	54.21
2003	2	5	0.942	2957.0393	35.0392	4.0392	 2.73	 0.11	251.77	 0.77	39.67	 0.02	11.63	 2.11	326.20	293.87	333.55	270.27	300.15	0	54.05
2003	2	5	1.179	2957.0491	35.0491	4.0491	18.91	1118000.05	250.36	 0.65	49.70	 0.00	11.65	 2.30	326.04	293.06	331.45	270.03	298.12	0	54.01
2003	2	5	1.415	2957.0591	35.0590	4.0590	 2.97	 0.11	253.05	 0.58	30.03	 0.00	11.63	 2.37	326.26	292.28	330.87	269.79	296.83	0	53.96
2003	2	5	1.648	2957.0686	35.0687	4.0687	 3.05	 0.17	253.38	 0.81	24.34	 0.20	11.33	 2.40	326.61	291.60	330.76	269.43	296.91	0	53.89
2003	2	5	17.135	2957.7139	35.7140	4.7140	 1.83	 0.07	214.39	 1.10	 4.31	 0.97	11.68	 2.13	326.02	307.78	320.12	288.77	314.02	0	57.75
2003	2	5	17.372	2957.7239	35.7238	4.7238	 1.59	 0.07	220.60	 1.70	 2.99	 1.00	11.62	 2.08	326.12	308.01	319.76	 0.00	314.12	0	54.00
2003	2	5	17.609	2957.7336	35.7337	4.7337	 1.61	 0.07	211.19	 1.44	 7.38	 0.96	11.65	 1.89	327.09	308.25	321.17	288.89	314.25	0	57.78
2003	2	5	17.846	2957.7437	35.7436	4.7436	 1.32	 0.06	210.56	 1.86	 0.84	 1.00	11.65	 1.80	327.91	308.50	321.36	290.06	314.41	0	58.01
2003	2	5	18.319	2957.7632	35.7633	4.7633	 1.48	 0.07	213.76	 1.93	 5.09	 0.99	11.63	 1.94	327.86	308.83	321.86	287.90	314.47	0	57.58
2003	2	5	19.030	2957.7930	35.7929	4.7929	 1.18	 0.10	204.02	 3.96	 2.96	 1.00	11.63	 1.63	329.42	309.36	321.65	287.42	314.61	0	57.48
2003	2	5	19.266	2957.8027	35.8028	4.8028	 1.79	 0.09	210.22	 1.49	 1.61	 1.00	11.65	 1.92	329.11	309.45	321.99	287.91	315.68	0	57.58
2003	2	5	19.503	2957.8127	35.8126	4.8126	 1.54	 0.12	212.58	 2.84	 1.67	 1.00	11.63	 1.81	328.47	309.50	322.28	287.72	313.43	0	57.54
2003	2	5	19.977	2957.8323	35.8324	4.8324	 1.39	 0.09	209.39	 2.57	 7.68	 1.00	11.65	 1.81	327.95	309.41	321.29	287.00	314.56	0	57.40
2003	2	5	20.451	2957.8521	35.8521	4.8521	 1.72	 0.08	208.82	 1.50	 3.08	 1.00	11.65	 1.82	328.11	309.20	320.15	285.97	314.33	0	57.19
2003	2	5	20.688	2957.8621	35.8620	4.8620	 1.73	 0.13	201.54	 2.33	 4.16	 1.00	11.63	 1.54	328.14	308.97	321.00	284.46	315.02	0	56.89
2003	2	5	21.399	2957.8916	35.8916	4.8916	 3.16	 0.32	214.20	 1.16	 3.14	 0.99	11.65	 1.92	327.94	307.49	319.38	283.81	311.43	0	56.76
2003	2	5	21.872	2957.9114	35.9113	4.9113	 2.85	 0.34	217.26	 1.72	 2.79	 1.00	11.65	 2.04	327.86	306.12	317.49	283.05	311.26	0	56.61
2003	2	5	22.109	2957.9211	35.9212	4.9212	 3.15	 0.48	208.16	 1.73	10.16	 0.99	11.63	 1.76	327.81	305.23	317.05	282.52	310.56	0	56.50
2003	2	5	22.346	2957.9312	35.9311	4.9311	 3.89	 0.81	224.02	 1.45	 8.06	 0.98	11.65	 2.46	327.67	303.91	316.01	276.67	311.30	0	55.33
2003	2	5	22.583	2957.9409	35.9410	4.9410	 4.26	 7.43	228.59	 9.25	14.48	 1.00	11.63	 2.66	327.71	302.63	311.27	275.98	308.10	0	55.20
2003	2	5	23.294	2957.9705	35.9706	4.9706	 4.52	 3.01	211.44	 2.66	 2.23	 1.00	11.63	 2.04	328.44	299.35	308.06	274.51	304.75	0	54.90
2003	2	5	23.530	2957.9805	35.9804	4.9804	 3.98	 1.56	213.40	 2.42	 8.08	 1.00	11.63	 1.96	328.56	298.44	308.64	273.70	303.85	0	54.74
2003	2	5	23.767	2957.9902	35.9903	4.9903	 3.79	 0.55	212.20	 1.02	 0.85	 1.00	11.62	 1.97	328.54	297.57	307.27	273.32	302.96	0	54.66
2003	2	6	0.003	2958.0002	36.0001	5.0001	 3.59	 0.48	211.60	 1.10	 1.54	 1.00	11.63	 2.02	328.81	296.84	306.01	273.10	302.75	0	54.62
2003	2	6	0.240	2958.0100	36.0100	5.0100	 3.30	 0.25	213.68	 0.77	 1.81	 0.99	11.65	 2.11	329.10	296.14	306.11	272.46	301.41	0	54.49
2003	2	6	0.477	2958.0198	36.0199	5.0199	 3.09	 0.26	210.79	 0.99	 0.43	 1.00	11.65	 2.06	329.13	295.49	304.29	272.16	300.66	0	54.43
2003	2	6	0.714	2958.0298	36.0297	5.0297	 3.03	 0.20	208.90	 0.82	 1.18	 1.00	11.63	 1.94	329.26	294.93	303.31	271.76	300.63	0	54.35
2003	2	6	0.950	2958.0396	36.0396	5.0396	 3.15	 0.15	211.22	 0.53	 1.67	 0.95	11.63	 2.09	329.23	294.39	303.10	271.66	299.59	0	54.33
2003	2	6	1.187	2958.0496	36.0495	5.0495	 2.22	 0.08	207.60	 0.75	 1.25	 0.99	11.65	 2.02	329.01	293.83	302.15	271.01	299.10	0	54.20
2003	2	6	1.424	2958.0593	36.0593	5.0593	 1.96	 0.07	209.40	 0.96	 0.60	 1.00	11.63	 2.08	328.50	293.13	301.05	270.05	298.42	0	54.01
2003	2	6	1.661	2958.0693	36.0692	5.0692	 1.86	 0.06	208.37	 0.90	 1.07	 1.00	11.63	 2.03	328.83	292.43	301.19	269.21	297.63	0	53.84
2003	2	6	1.898	2958.0791	36.0791	5.0791	 1.81	 0.05	210.56	 0.82	 1.25	 0.99	11.65	 2.06	329.03	291.75	301.43	268.58	296.92	0	53.72
2003	2	6	21.304	2958.8877	36.8877	5.8877	 3.84	 0.64	216.65	 1.16	 1.89	 1.00	11.72	 1.97	326.95	302.04	314.93	 0.00	310.39	0	54.00
2003	2	6	22.251	2958.9272	36.9271	5.9271	 3.57	 0.65	210.98	 1.52	 2.71	 1.00	11.63	 1.91	327.02	299.00	308.20	274.20	305.00	0	54.84
2003	2	6	22.488	2958.9370	36.9370	5.9370	 4.53	 1.09	210.94	 0.95	 2.37	 0.99	11.63	 1.93	327.08	298.20	309.88	272.89	304.08	0	54.58
2003	2	6	22.962	2958.9568	36.9567	5.9567	 4.50	 0.83	210.37	 0.75	 1.22	 1.00	11.63	 1.97	326.92	296.57	307.18	271.84	302.30	0	54.37
2003	2	6	23.199	2958.9666	36.9666	5.9666	 4.62	 1.18	215.85	 0.96	 1.61	 1.00	11.60	 2.22	326.79	295.88	306.00	271.68	300.22	0	54.34
2003	2	6	23.436	2958.9766	36.9765	5.9765	 4.87	 0.97	213.11	 0.61	 0.57	 1.00	11.60	 2.07	327.22	295.25	305.13	271.63	299.84	0	54.33
2003	2	6	23.672	2958.9863	36.9863	5.9863	 5.60	 2.50	213.08	 0.75	 0.70	 1.00	11.60	 2.06	327.83	294.75	304.11	271.55	299.23	0	54.31
2003	2	6	23.908	2958.9961	36.9962	5.9962	 6.62	 5.97	211.94	 0.64	 2.69	 0.95	11.60	 2.09	327.94	294.36	302.47	271.68	300.05	0	54.34
2003	2	7	0.145	2959.0061	37.0060	6.0060	18.19	634707.02	213.83	 0.64	 0.30	 1.00	11.65	 2.12	327.98	294.04	302.38	271.74	299.39	0	54.35
2003	2	7	0.382	2959.0159	37.0159	6.0159	 5.41	 2.46	211.26	 0.89	 0.45	 1.00	11.60	 2.00	327.98	293.78	301.73	271.83	299.54	0	54.37
2003	2	7	0.619	2959.0259	37.0258	6.0258	 5.33	 1.84	211.97	 0.72	 0.42	 1.00	11.62	 2.07	328.00	293.52	300.75	271.91	298.85	0	54.38
2003	2	7	0.855	2959.0356	37.0356	6.0356	 5.12	 1.62	211.88	 0.78	 0.05	 1.00	11.62	 2.01	328.01	293.26	300.95	271.95	299.32	0	54.39
2003	2	7	1.091	2959.0454	37.0455	6.0455	16.99	131054.38	213.71	 0.44	 0.78	 0.98	11.58	 2.10	327.96	293.03	301.59	 0.00	300.52	0	54.00
2003	2	7	1.327	2959.0554	37.0553	6.0553	 4.23	 0.82	213.88	 0.98	 1.46	 1.00	11.62	 2.15	327.93	292.81	299.90	271.91	300.27	0	54.38
2003	2	7	1.564	2959.0652	37.0652	6.0652	 4.89	 1.43	209.81	 0.87	 0.40	 1.00	11.60	 2.01	327.84	292.62	298.62	271.81	298.29	0	54.36
2003	2	7	1.801	2959.0750	37.0750	6.0750	 5.68	 2.48	212.51	 0.68	 1.28	 0.99	11.62	 2.10	327.74	292.43	300.25	271.65	298.43	0	54.33
2003	2	7	2.038	2959.0850	37.0849	6.0849	 5.61	 2.80	211.81	 0.83	 1.93	 0.99	11.62	 2.08	327.88	292.22	299.26	271.48	297.87	0	54.30
2003	2	7	2.275	2959.0947	37.0948	6.0948	 4.15	 0.58	212.84	 0.74	 0.77	 1.00	11.62	 2.08	327.96	292.07	299.47	271.55	295.90	0	54.31
2003	2	7	2.513	2959.1047	37.1047	6.1047	 6.23	 4.43	214.08	 0.71	 1.83	 0.99	11.65	 2.08	327.93	292.02	299.27	 0.00	297.98	0	54.00
2003	2	7	2.749	2959.1145	37.1145	6.1145	 4.68	 0.97	216.04	 0.74	 0.39	 1.00	11.58	 2.27	327.86	291.93	299.86	271.51	297.57	0	54.30
2003	2	7	2.986	2959.1245	37.1244	6.1244	 3.96	 0.40	212.88	 0.63	 0.92	 0.99	11.63	 2.10	327.60	291.79	299.35	271.52	297.80	0	54.30
2003	2	7	3.222	2959.1343	37.1343	6.1343	16.32	88339.07	208.97	 0.57	 1.45	 0.98	11.60	 1.95	327.40	291.71	297.74	271.52	296.19	0	54.30
2003	2	7	3.459	2959.1440	37.1441	6.1441	 4.81	 1.12	209.01	 0.73	 0.64	 1.00	11.60	 1.95	327.34	291.64	297.63	271.39	296.92	0	54.28
2003	2	7	3.696	2959.1541	37.1540	6.1540	 4.55	 0.93	211.50	 0.80	 1.19	 1.00	11.62	 2.10	327.23	291.54	298.80	271.21	299.11	0	54.24
2003	2	7	3.932	2959.1638	37.1639	6.1639	 5.34	 1.80	210.26	 0.69	 0.58	 1.00	11.62	 1.97	327.14	291.39	299.06	 0.00	295.63	0	54.00
2003	2	7	4.169	2959.1736	37.1737	6.1737	 4.64	 0.90	211.02	 0.71	 1.28	 0.99	11.62	 2.02	327.11	291.25	298.71	271.13	296.62	0	54.23
2003	2	7	4.407	2959.1836	37.1836	6.1836	16.85	209937.97	212.02	 0.81	 0.93	 1.00	11.62	 2.10	327.17	291.07	298.95	270.97	296.48	0	54.19
2003	2	7	4.644	2959.1936	37.1935	6.1935	 4.78	 0.90	211.83	 0.61	 0.45	 1.00	11.62	 2.06	326.87	290.88	298.39	270.98	298.30	0	54.20
2003	2	7	4.881	2959.2034	37.2034	6.2034	 7.25	15.31	211.32	 0.87	 0.96	 1.00	11.63	 2.14	326.00	290.71	298.13	271.01	295.37	0	54.20
2003	2	7	5.117	2959.2131	37.2132	6.2132	 5.20	 1.74	210.77	 0.77	 0.33	 1.00	11.62	 2.07	325.94	290.54	297.97	 0.00	294.64	0	54.00
2003	2	7	5.356	2959.2231	37.2232	6.2232	16.72	191565.59	212.14	 0.84	 0.51	 1.00	11.65	 2.10	326.08	290.38	298.40	270.61	294.45	0	54.12
2003	2	8	19.211	2960.8005	38.8004	7.8004	 2.99	 0.16	210.42	 0.69	 0.65	 1.00	10.88	 1.82	326.68	307.74	319.00	286.14	312.76	0	57.23
2003	2	8	19.431	2960.8096	38.8096	7.8096	 3.26	 0.36	209.68	 1.17	 1.81	 1.00	10.85	 1.81	326.56	307.67	317.99	285.81	312.83	0	57.16
2003	2	8	19.652	2960.8188	38.8188	7.8188	 3.32	 0.30	210.88	 0.91	 4.23	 0.96	10.85	 1.80	327.07	307.34	318.96	283.36	311.28	0	56.67
2003	2	8	19.872	2960.8281	38.8280	7.8280	 4.66	 1.55	215.82	 1.20	 1.07	 1.00	10.85	 1.96	327.26	306.70	319.23	280.75	312.18	0	56.15
2003	2	8	20.314	2960.8464	38.8464	7.8464	 4.14	 0.68	215.32	 0.90	 1.54	 1.00	10.83	 2.01	327.40	305.07	316.69	278.75	310.84	0	55.75
2003	2	8	20.534	2960.8555	38.8556	7.8556	 5.59	 3.03	208.18	 0.90	 1.61	 1.00	10.83	 1.79	327.38	304.24	314.82	277.49	309.74	0	55.50
2003	2	8	20.755	2960.8647	38.8648	7.8648	 7.50	18.18	210.29	 0.80	 1.93	 0.99	10.85	 1.94	327.42	303.21	313.11	276.40	309.12	0	55.28
2003	2	8	20.975	2960.8740	38.8740	7.8740	 4.81	 1.24	214.08	 0.82	 0.94	 1.00	10.85	 2.04	327.37	302.12	312.90	272.14	306.70	0	54.43
2003	2	8	21.637	2960.9016	38.9015	7.9015	 3.55	 0.74	218.50	 1.84	 3.86	 1.00	10.82	 2.32	327.16	299.61	310.07	273.28	304.71	0	54.66
2003	2	8	21.858	2960.9106	38.9107	7.9107	 3.54	 0.74	208.16	 1.74	 1.99	 1.00	10.85	 1.89	327.01	298.89	306.27	273.32	303.01	0	54.66
2003	2	8	22.079	2960.9199	38.9199	7.9199	 6.61	 8.59	211.14	 0.93	 0.48	 1.00	10.85	 2.01	326.80	298.09	307.37	272.96	303.25	0	54.59
2003	2	8	22.299	2960.9292	38.9291	7.9291	 5.49	 2.29	211.47	 0.76	 0.62	 1.00	10.85	 1.97	327.18	297.39	307.11	272.59	302.84	0	54.52
2003	2	8	22.520	2960.9382	38.9383	7.9383	 3.88	 0.58	211.81	 0.98	 0.91	 1.00	10.83	 1.99	327.53	296.77	305.65	272.20	300.95	0	54.44
2003	2	8	22.741	2960.9475	38.9476	7.9476	 6.24	 4.41	213.87	 0.70	 1.88	 0.99	10.83	 2.11	327.61	296.15	305.54	272.05	301.27	0	54.41
2003	2	8	22.962	2960.9568	38.9567	7.9567	 6.09	 3.79	210.43	 0.68	 0.60	 1.00	10.83	 2.02	327.75	295.58	303.30	271.97	300.71	0	54.39
2003	2	8	23.183	2960.9658	38.9659	7.9659	 4.82	 1.02	211.09	 0.67	 0.63	 1.00	10.83	 2.03	327.81	295.04	303.06	271.78	300.13	0	54.36
2003	2	8	23.403	2960.9751	38.9751	7.9751	51.95	 1.00	210.53	 0.00	 1.48	 0.00	10.83	 2.02	327.67	294.55	302.60	271.70	299.70	0	54.34
2003	2	8	23.624	2960.9844	38.9843	7.9843	 5.70	 2.43	212.61	 0.65	 0.98	 1.00	10.83	 2.08	327.62	294.10	302.75	271.62	299.31	0	54.32
2003	2	8	23.844	2960.9934	38.9935	7.9935	 4.52	 0.95	212.89	 0.85	 0.23	 1.00	10.83	 2.16	327.36	293.66	301.68	271.55	299.22	0	54.31
2003	2	9	0.065	2961.0027	39.0027	8.0027	 4.35	 0.68	213.67	 0.72	 1.03	 1.00	10.88	 2.15	327.19	293.29	301.03	271.54	299.20	0	54.31
2003	2	9	0.286	2961.0120	39.0119	8.0119	 5.57	 1.76	211.25	 0.54	 0.37	 1.00	10.85	 2.06	327.23	292.97	300.63	271.60	298.17	0	54.32
2003	2	9	0.507	2961.0212	39.0211	8.0211	 4.05	 0.52	215.12	 0.76	 0.99	 1.00	10.83	 2.18	327.50	292.69	300.79	271.65	297.85	0	54.33
2003	2	9	0.727	2961.0303	39.0303	8.0303	16.82	132311.62	213.97	 0.53	 0.84	 0.99	10.82	 2.16	327.61	292.45	301.28	271.74	297.61	0	54.35
2003	2	9	0.947	2961.0396	39.0395	8.0395	19.54	2141027.50	211.47	 0.56	 1.15	 0.99	10.85	 2.09	327.80	292.24	299.09	271.74	297.42	0	54.35
2003	2	9	1.168	2961.0486	39.0487	8.0487	 5.94	 4.00	209.79	 0.83	 0.78	 1.00	10.85	 1.94	328.07	292.00	299.53	271.72	297.21	0	54.34
2003	2	9	1.388	2961.0579	39.0578	8.0578	21.52	24327448.43	212.06	 0.88	 0.39	 1.00	10.85	 2.08	328.11	291.73	299.71	271.68	297.65	0	54.34
2003	2	9	1.609	2961.0671	39.0670	8.0670	15.69	41143.74	214.08	 0.51	 0.42	 1.00	10.83	 2.17	327.72	291.45	300.20	271.28	296.66	0	54.26
2003	2	9	1.829	2961.0762	39.0762	8.0762	21.73	32115354.28	210.72	 0.94	 1.11	 1.00	10.85	 2.01	327.14	291.17	299.04	271.19	296.40	0	54.24
2003	2	9	2.050	2961.0854	39.0854	8.0854	 5.51	 2.75	209.42	 0.88	 2.51	 0.99	10.85	 2.03	327.73	290.91	297.56	270.91	295.02	0	54.18
2003	2	9	2.270	2961.0945	39.0946	8.0946	 8.58	55.59	210.78	 0.83	 0.34	 1.00	10.83	 2.08	327.71	290.67	297.55	270.90	295.77	0	54.18
2003	2	9	2.491	2961.1038	39.1038	8.1038	 9.03	73.82	214.04	 0.71	 0.51	 1.00	10.83	 2.21	327.40	290.48	297.81	270.92	295.51	0	54.18
2003	2	9	2.712	2961.1130	39.1130	8.1130	 5.33	 1.94	210.73	 0.75	 0.20	 1.00	10.83	 1.99	327.42	290.31	297.02	271.04	295.35	0	54.21
2003	2	9	2.932	2961.1221	39.1222	8.1222	 5.17	 2.15	212.21	 0.99	 1.29	 1.00	10.83	 2.07	327.67	290.19	296.86	271.08	295.19	0	54.22
2003	2	9	3.153	2961.1313	39.1314	8.1314	 4.46	 0.76	213.42	 0.72	 0.48	 1.00	10.85	 2.10	327.77	290.11	296.74	271.14	295.46	0	54.23
2003	2	9	3.374	2961.1406	39.1406	8.1406	19.19	1928545.89	213.45	 0.72	 1.33	 0.99	10.83	 2.14	328.02	290.05	296.54	271.22	294.99	0	54.24
2003	2	9	3.594	2961.1497	39.1497	8.1497	16.82	196851.62	214.68	 0.79	 1.19	 1.00	10.85	 2.15	328.21	289.99	296.86	271.22	294.91	0	54.24
2003	2	9	3.814	2961.1589	39.1589	8.1589	 5.32	 1.80	213.82	 0.72	 1.22	 1.00	10.85	 2.15	328.26	289.95	296.77	271.12	294.86	0	54.22
2003	2	9	4.035	2961.1682	39.1681	8.1681	 4.88	 1.32	212.42	 0.81	 1.67	 0.99	10.83	 2.03	328.30	289.89	296.85	270.95	295.53	0	54.19
2003	2	9	4.256	2961.1772	39.1773	8.1773	16.14	78164.42	213.07	 0.62	 0.83	 1.00	10.85	 2.11	328.27	289.84	296.47	270.83	294.72	0	54.17
2003	2	9	6.449	2961.2688	39.2687	8.2687	 6.33	 4.62	219.75	 0.69	 0.18	 1.00	11.12	 2.27	328.95	289.23	299.93	270.43	295.03	0	54.09
2003	2	9	6.673	2961.2781	39.2780	8.2780	17.30	257773.37	216.30	 0.65	 1.11	 0.99	10.85	 2.20	328.94	289.28	298.55	270.27	294.90	0	54.05
2003	2	9	6.893	2961.2871	39.2872	8.2872	 4.34	 0.65	217.84	 0.71	 0.21	 1.00	10.83	 2.20	328.96	289.37	298.84	270.22	295.63	0	54.04
2003	2	9	7.114	2961.2964	39.2964	8.2964	 4.23	 0.63	218.05	 0.77	 0.45	 1.00	10.85	 2.23	328.99	289.42	299.10	270.35	294.70	0	54.07
2003	2	9	7.334	2961.3057	39.3056	8.3056	 4.74	 0.85	216.46	 0.62	 0.32	 1.00	10.85	 2.18	328.97	289.42	299.15	270.20	293.87	0	54.04
2003	2	9	8.796	2961.3665	39.3665	8.3665	 6.81	 8.64	210.66	 0.76	 0.78	 1.00	11.07	 2.06	328.89	288.30	294.87	 0.00	294.90	0	54.00
2003	2	9	11.277	2961.4700	39.4699	8.4699	 1.33	 0.03	328.96	 1.59	21.26	 0.68	10.85	 1.60	329.05	289.72	337.45	275.74	295.02	0	55.15
2003	2	9	11.741	2961.4893	39.4892	8.4892	48.37	 1.00	205.88	 0.00	 1.66	 0.00	10.83	 2.11	329.00	291.33	299.15	279.39	296.42	0	55.88
2003	2	9	11.963	2961.4985	39.4985	8.4985	18.26	802885.25	203.54	 0.73	 0.56	 1.00	10.85	 2.08	329.03	292.11	299.37	279.84	297.12	0	55.97
2003	2	9	12.184	2961.5076	39.5077	8.5077	16.68	122205.38	205.64	 0.54	 0.87	 0.99	10.85	 2.19	329.06	292.87	300.48	280.24	297.83	0	56.05
2003	2	9	12.404	2961.5168	39.5168	8.5168	16.67	188744.65	205.47	 0.84	 2.24	 0.99	10.85	 2.12	329.08	293.63	301.68	280.59	298.54	0	56.12
2003	2	9	12.625	2961.5261	39.5260	8.5260	50.02	 1.00	205.37	 0.00	 1.49	 0.00	10.83	 2.12	329.08	294.36	303.12	279.55	299.14	0	55.91
2003	2	9	12.845	2961.5352	39.5352	8.5352	 9.81	186.92	202.31	 0.78	 1.10	 1.00	10.83	 2.02	329.13	295.07	303.33	279.82	300.77	0	55.96
2003	2	9	13.066	2961.5444	39.5444	8.5444	26.81	4856524806.29	205.77	 0.86	 0.78	 1.00	10.83	 2.08	329.22	295.81	306.03	279.39	300.58	0	55.88
2003	2	9	13.286	2961.5537	39.5536	8.5536	17.92	534366.28	206.93	 0.69	 0.48	 1.00	10.83	 2.13	329.27	296.50	305.52	277.96	301.31	0	55.59
2003	2	9	13.507	2961.5627	39.5628	8.5628	 4.67	 1.50	210.19	 1.14	 5.81	 0.98	10.83	 2.15	329.22	297.02	306.48	277.37	301.95	0	55.47
2003	2	9	13.727	2961.5720	39.5720	8.5720	 4.34	 0.97	208.12	 1.01	 1.97	 1.00	10.83	 2.12	329.29	297.55	306.70	278.71	302.41	0	55.74
2003	2	9	13.948	2961.5811	39.5812	8.5812	 4.47	 1.34	206.27	 1.22	 3.50	 0.99	10.85	 2.04	329.42	298.19	306.64	279.76	303.04	0	55.95
2003	2	9	14.849	2961.6187	39.6187	8.6187	 1.88	 0.03	294.38	 0.71	 1.37	 0.98	10.85	 2.62	329.43	300.44	337.09	281.61	305.60	0	56.32
2003	2	9	15.069	2961.6279	39.6279	8.6279	 1.92	 0.04	293.33	 0.74	 0.63	 1.00	10.85	 2.67	329.52	301.02	336.34	282.73	306.24	0	56.55
2003	2	9	15.952	2961.6646	39.6647	8.6647	 2.04	 0.04	289.97	 0.65	 1.04	 0.99	10.83	 2.70	329.07	303.41	336.03	288.27	309.21	0	57.65
2003	2	9	16.173	2961.6738	39.6739	8.6739	 1.97	 0.04	291.19	 0.79	 1.16	 0.99	10.83	 2.48	328.91	303.34	336.20	285.76	309.66	0	57.15
2003	2	9	16.393	2961.6831	39.6830	8.6830	 1.97	 0.03	292.92	 0.63	 0.51	 1.00	10.83	 2.47	328.97	303.05	337.74	282.65	309.45	0	56.53
2003	2	9	16.613	2961.6921	39.6922	8.6922	 1.93	 0.04	293.13	 0.74	 0.29	 1.00	10.85	 2.44	329.01	302.85	337.71	281.35	309.99	0	56.27
2003	2	9	16.834	2961.7014	39.7014	8.7014	 1.92	 0.03	294.70	 0.66	 0.73	 0.99	10.85	 2.40	328.97	302.52	338.27	280.34	307.80	0	56.07
2003	2	9	17.275	2961.7197	39.7198	8.7198	 1.97	 0.03	293.24	 0.64	 0.76	 0.99	10.83	 2.50	329.14	302.38	337.43	282.94	308.60	0	56.59
2003	2	9	17.496	2961.7290	39.7290	8.7290	 1.98	 0.04	291.86	 0.70	 0.37	 1.00	10.85	 2.50	329.03	302.17	336.81	282.04	311.04	0	56.41
2003	2	9	17.716	2961.7383	39.7382	8.7382	 1.96	 0.04	295.62	 0.77	 0.59	 1.00	10.85	 2.42	329.03	301.91	337.36	 0.00	306.77	0	54.00
2003	2	9	17.937	2961.7473	39.7474	8.7474	 1.92	 0.03	295.91	 0.68	 0.45	 1.00	10.85	 2.41	329.06	301.75	338.84	281.05	308.06	0	56.21
2003	2	9	19.073	2961.7947	39.7947	8.7947	 3.44	 0.40	217.91	 1.10	 3.09	 0.99	10.88	 2.17	328.18	304.81	314.89	285.81	310.21	0	57.16
2003	2	9	19.294	2961.8040	39.8039	8.8039	 3.52	 0.45	219.56	 1.14	 1.71	 1.00	10.85	 2.20	326.98	305.32	315.48	286.03	310.59	0	57.21
2003	2	9	19.514	2961.8130	39.8131	8.8131	 3.55	 0.47	217.30	 1.15	 1.12	 1.00	10.85	 2.03	326.26	305.49	316.23	285.16	310.94	0	57.03
2003	2	9	19.735	2961.8223	39.8223	8.8223	 3.35	 0.29	215.48	 0.88	 0.42	 1.00	10.85	 1.99	326.32	305.52	316.56	284.62	311.36	0	56.92
2003	2	9	19.955	2961.8315	39.8315	8.8315	 3.87	 0.72	219.33	 1.28	 3.79	 0.99	10.85	 2.11	326.41	305.34	316.99	282.53	310.76	0	56.51
2003	2	9	20.176	2961.8406	39.8407	8.8407	 3.33	 0.32	214.23	 0.96	 1.44	 1.00	10.83	 1.91	326.68	304.99	314.79	280.74	310.41	0	56.15
2003	2	9	20.396	2961.8499	39.8498	8.8498	 3.57	 0.50	217.70	 1.20	 1.10	 1.00	10.85	 2.12	326.86	304.84	314.83	281.93	309.99	0	56.39
2003	2	9	20.617	2961.8591	39.8590	8.8590	 3.95	 0.74	214.66	 1.20	 3.06	 1.00	10.85	 1.96	326.88	304.78	315.78	282.09	310.47	0	56.42
2003	2	9	20.837	2961.8682	39.8682	8.8682	 3.49	 0.54	212.18	 1.38	 2.48	 1.00	10.85	 1.85	327.02	304.71	316.61	281.09	309.83	0	56.22
2003	2	9	21.058	2961.8774	39.8774	8.8774	 3.72	 0.56	210.80	 1.11	 2.71	 1.00	10.85	 1.82	327.15	304.62	314.95	279.85	309.73	0	55.97
2003	2	9	21.279	2961.8867	39.8866	8.8866	 3.40	 0.41	210.52	 1.13	 3.91	 0.99	10.85	 1.83	327.26	304.49	314.33	280.74	310.26	0	56.15
2003	2	9	21.499	2961.8958	39.8958	8.8958	 3.82	 0.58	214.48	 1.07	 1.46	 1.00	10.83	 1.95	327.28	304.09	315.45	280.03	309.52	0	56.01
2003	2	9	21.720	2961.9050	39.9050	8.9050	 3.90	 0.55	213.99	 0.92	 0.65	 1.00	10.83	 1.99	327.33	303.54	312.51	277.51	306.91	0	55.50
2003	2	9	21.940	2961.9141	39.9142	8.9142	 4.53	 0.98	213.03	 0.87	 1.99	 0.99	10.83	 2.01	327.18	302.71	312.32	277.27	307.75	0	55.45
2003	2	9	22.161	2961.9233	39.9234	8.9234	 5.21	 2.80	213.45	 1.24	 0.98	 1.00	10.83	 2.00	327.19	301.77	311.72	277.04	306.91	0	55.41
2003	2	9	22.381	2961.9326	39.9325	8.9325	 3.92	 0.68	214.78	 1.13	 0.88	 1.00	10.85	 2.01	327.38	300.77	310.68	274.99	306.33	0	55.00
2003	2	9	22.601	2961.9417	39.9417	8.9417	 3.08	 0.53	211.12	 2.06	 0.32	 1.00	10.83	 1.88	327.51	299.85	309.53	274.08	305.07	0	54.82
2003	2	9	22.822	2961.9509	39.9509	8.9509	 3.57	 3.65	219.90	 8.87	261.40	 0.99	10.83	 2.22	327.67	299.00	308.71	273.64	304.17	0	54.73
2003	2	9	23.484	2961.9785	39.9785	8.9785	 4.77	 1.28	208.34	 0.86	 0.65	 1.00	10.85	 1.84	328.02	296.88	304.92	273.16	301.95	0	54.63
2003	2	9	23.704	2961.9878	39.9877	8.9877	 4.45	 1.02	211.74	 0.97	 0.57	 1.00	10.85	 2.00	328.11	296.28	304.61	272.68	301.67	0	54.54
2003	2	9	23.925	2961.9968	39.9969	8.9969	 4.26	 0.82	214.52	 0.96	 0.51	 1.00	10.85	 2.04	328.25	295.76	305.33	272.67	300.79	0	54.53
2003	2	10	0.146	2962.0061	40.0061	9.0061	 4.92	 1.40	210.61	 0.82	 0.35	 1.00	10.85	 1.96	328.38	295.26	302.53	272.17	300.25	0	54.43
2003	2	10	0.366	2962.0154	40.0153	9.0153	 4.69	 0.98	211.29	 0.72	 1.07	 1.00	10.85	 1.98	328.50	294.84	301.81	271.82	299.84	0	54.36
2003	2	10	0.587	2962.0244	40.0245	9.0245	 4.25	 0.57	213.07	 0.67	 2.10	 0.97	10.83	 2.10	328.50	294.42	301.86	271.67	299.83	0	54.33
2003	2	10	0.808	2962.0337	40.0336	9.0336	 4.45	 0.66	212.20	 0.63	 0.29	 1.00	10.82	 1.97	328.54	294.03	301.87	271.67	299.13	0	54.33
2003	2	10	1.028	2962.0427	40.0428	9.0428	 5.66	 2.57	213.59	 0.73	 0.40	 1.00	10.85	 2.11	328.57	293.58	301.56	271.58	299.43	0	54.32
2003	2	10	1.248	2962.0520	40.0520	9.0520	 3.99	 0.51	212.07	 0.78	 1.61	 0.99	10.85	 2.04	328.80	293.10	300.83	271.28	298.97	0	54.26
2003	2	10	1.469	2962.0613	40.0612	9.0612	 4.14	 0.58	213.13	 0.75	 0.37	 1.00	10.85	 2.08	328.89	292.64	301.49	271.10	298.52	0	54.22
2003	2	10	1.689	2962.0703	40.0704	9.0704	 3.85	 0.46	210.16	 0.81	 0.46	 1.00	10.82	 1.99	328.93	292.23	298.84	270.97	297.37	0	54.19
2003	2	10	1.909	2962.0796	40.0796	9.0796	 5.36	 1.91	214.76	 0.73	 1.25	 1.00	10.85	 2.18	328.92	291.97	299.47	271.04	297.02	0	54.21
2003	2	10	2.130	2962.0889	40.0887	9.0887	 3.52	 0.33	213.75	 0.82	 0.87	 1.00	10.85	 2.11	328.87	291.65	299.23	270.73	297.18	0	54.15
2003	2	10	2.351	2962.0979	40.0979	9.0980	 3.72	 0.35	211.29	 0.71	 0.43	 1.00	10.83	 2.00	328.91	291.29	298.30	 0.00	 0.00	0	54.00
2003	2	10	2.571	2962.1072	40.1071	9.1071	 3.79	 0.37	213.64	 0.69	 1.31	 0.99	10.85	 2.10	328.99	290.95	298.67	270.17	296.40	0	54.03
2003	2	10	21.064	2962.8777	40.8777	9.8777	 3.17	 0.29	232.04	 1.11	 5.75	 0.97	10.78	 2.44	328.04	306.50	321.02	280.68	312.57	0	56.14
2003	2	10	21.284	2962.8870	40.8869	9.8869	 2.82	 0.17	231.28	 0.96	 2.91	 0.99	10.85	 2.47	327.99	306.13	319.80	279.82	311.32	0	55.96
2003	2	10	21.505	2962.8960	40.8960	9.8960	 3.41	 0.34	228.67	 1.02	 6.83	 0.94	10.83	 2.34	327.94	305.30	319.41	278.62	310.54	0	55.72
2003	2	10	21.725	2962.9053	40.9052	9.9052	 4.51	 1.03	229.98	 0.99	 0.22	 1.00	10.85	 2.54	327.97	304.33	319.02	277.64	309.68	0	55.53
2003	2	10	21.946	2962.9143	40.9144	9.9144	 3.87	 0.62	227.63	 1.15	 5.35	 0.98	10.85	 2.50	328.11	303.48	316.53	278.90	308.74	0	55.78
2003	2	10	22.166	2962.9236	40.9236	9.9236	 3.34	 0.30	223.58	 0.94	 1.47	 1.00	10.85	 2.21	328.10	302.77	316.72	279.16	307.97	0	55.83
2003	2	10	22.608	2962.9419	40.9420	9.9420	 1.51	 0.83	224.97	22.18	208.94	 1.00	10.83	 1.72	327.94	301.14	310.01	275.21	306.36	0	55.04
2003	2	10	23.049	2962.9604	40.9604	9.9604	 3.04	 0.87	216.59	 3.60	18.50	 1.00	10.85	 2.11	327.38	298.98	311.65	 0.00	304.27	0	54.00
2003	2	10	23.271	2962.9697	40.9696	9.9696	 3.86	 0.56	221.18	 1.01	 4.98	 0.97	10.85	 2.22	327.34	298.03	312.00	272.83	303.92	0	54.57
2003	2	10	23.491	2962.9788	40.9788	9.9788	 3.54	 0.37	220.47	 0.94	 0.84	 1.00	10.83	 2.31	327.40	297.12	309.98	272.06	302.71	0	54.41
2003	2	10	23.712	2962.9880	40.9880	9.9880	 3.44	 0.94	220.96	 2.62	12.20	 1.00	10.83	 2.35	327.33	296.25	310.18	271.71	301.53	0	54.34
2003	2	10	23.933	2962.9971	40.9972	9.9972	 3.01	 0.22	219.94	 0.98	 0.92	 1.00	10.83	 2.28	327.61	295.43	308.20	271.12	300.62	0	54.22
2003	2	11	0.153	2963.0063	41.0064	10.0064	 2.77	 0.16	218.29	 0.92	 0.56	 1.00	10.85	 2.19	327.91	294.72	306.27	271.01	 0.00	0	54.20
2003	2	11	0.374	2963.0156	41.0156	10.0156	 3.25	 0.24	220.22	 0.82	 0.35	 1.00	10.83	 2.30	328.13	294.16	305.63	271.05	299.69	0	54.21
2003	2	11	0.595	2963.0247	41.0248	10.0248	 3.18	 0.20	219.11	 0.73	 0.59	 1.00	10.85	 2.22	328.22	293.70	305.97	271.05	298.84	0	54.21
2003	2	11	0.815	2963.0339	41.0340	10.0340	 2.93	 0.14	220.81	 0.67	 1.51	 0.99	10.85	 2.29	328.26	293.28	305.93	270.96	298.43	0	54.19
2003	2	11	1.036	2963.0432	41.0432	10.0432	 2.78	 0.14	219.10	 0.79	 0.93	 1.00	10.85	 2.24	328.29	292.77	305.44	270.58	298.33	0	54.12
2003	2	11	1.256	2963.0522	41.0523	10.0523	 2.81	 0.15	219.45	 0.79	 2.66	 0.97	10.85	 2.30	328.48	292.32	304.06	270.26	298.21	0	54.05
2003	2	11	1.477	2963.0615	41.0615	10.0615	 2.77	 0.12	217.71	 0.65	 0.52	 1.00	10.85	 2.15	328.51	291.91	303.76	270.05	297.09	0	54.01
2003	2	11	1.697	2963.0708	41.0707	10.0707	 3.07	 0.16	219.53	 0.67	 1.00	 0.99	10.85	 2.32	328.44	291.48	303.70	269.52	296.71	0	53.90
2003	2	11	3.411	2963.1421	41.1421	10.1421	 1.72	 0.04	306.73	 1.01	10.34	 0.73	10.83	 2.45	328.85	288.66	334.67	 0.00	295.84	0	54.00
2003	2	11	11.196	2963.4666	41.4665	10.4665	 1.60	 0.05	221.63	 1.11	45.49	 0.05	10.85	 2.63	329.28	289.01	305.97	283.27	295.06	0	56.65
2003	2	11	11.417	2963.4756	41.4757	10.4757	 1.54	 0.05	219.36	 1.15	60.28	 0.01	10.85	 2.51	329.30	289.90	305.42	287.27	295.67	0	57.45
2003	2	11	11.637	2963.4849	41.4849	10.4849	 1.56	 0.04	222.02	 0.89	48.48	 0.00	10.83	 2.64	329.31	290.81	307.86	290.10	296.43	0	58.02
2003	2	11	11.858	2963.4941	41.4941	10.4941	 1.54	 0.04	223.19	 1.00	42.37	 0.02	10.83	 2.69	329.30	291.77	307.79	291.61	297.29	0	58.32
2003	2	11	12.079	2963.5032	41.5033	10.5033	 1.50	 0.04	225.20	 1.18	40.43	 0.10	10.83	 2.61	329.32	292.72	309.56	291.61	298.29	0	58.32
2003	2	11	12.299	2963.5125	41.5125	10.5125	 1.47	 0.05	226.35	 1.47	37.94	 0.33	10.85	 2.56	329.39	293.71	310.54	290.60	299.12	0	58.12
2003	2	11	12.520	2963.5217	41.5217	10.5217	 1.45	 0.03	228.73	 0.95	40.67	 0.01	10.85	 2.53	329.42	294.68	311.82	290.34	300.20	0	58.07
2003	2	11	12.740	2963.5308	41.5308	10.5308	 1.56	 0.03	229.61	 0.69	24.70	 0.01	10.85	 2.71	329.53	295.65	312.34	291.49	299.59	0	58.30
2003	2	11	12.961	2963.5400	41.5400	10.5400	 1.49	 0.03	231.12	 0.88	32.18	 0.02	10.85	 2.65	329.72	296.60	313.87	292.63	302.23	0	58.53
2003	2	11	14.725	2963.6135	41.6135	10.6135	 1.86	 0.06	245.92	 1.14	 1.28	 1.00	10.83	 2.69	329.12	303.14	322.43	291.10	309.33	0	58.22
2003	2	11	14.945	2963.6228	41.6227	10.6227	 2.07	 0.06	245.25	 0.78	 1.72	 0.98	10.83	 2.73	329.14	303.78	323.10	291.41	309.93	0	58.28
2003	2	11	15.386	2963.6411	41.6411	10.6411	 2.18	 0.08	245.77	 0.96	 8.46	 0.83	10.85	 2.66	329.97	304.92	323.67	288.74	312.09	0	57.75
2003	2	11	15.607	2963.6504	41.6503	10.6503	 2.11	 0.05	246.32	 0.71	 5.30	 0.78	10.83	 2.69	330.08	305.37	323.82	289.39	311.58	0	57.88
2003	2	11	18.033	2963.7515	41.7514	10.7514	 2.40	 0.21	246.83	 2.02	10.61	 0.99	10.85	 2.50	329.61	307.85	325.82	285.00	313.62	0	57.00
2003	2	11	20.477	2963.8533	41.8532	10.8532	 2.78	 0.21	240.92	 1.27	 4.23	 0.99	11.07	 2.68	329.65	307.56	325.21	282.83	313.14	0	56.57
2003	2	11	21.828	2963.9094	41.9095	10.9095	 4.78	 1.46	235.26	 1.10	 0.61	 1.00	11.08	 2.60	329.35	304.58	322.86	278.90	309.59	0	55.78
2003	2	11	23.179	2963.9658	41.9658	10.9658	 3.13	 0.88	226.88	 3.53	14.47	 1.00	11.07	 1.94	329.22	299.33	325.69	273.35	305.15	0	54.67
2003	2	11	23.629	2963.9846	41.9846	10.9845	 3.17	 0.22	230.63	 0.86	 0.20	 1.00	11.08	 2.57	329.40	297.15	316.21	271.35	302.38	0	54.27
2003	2	11	23.888	2963.9954	41.9953	10.9953	 2.99	 0.22	211.33	 0.96	 1.39	 1.00	11.10	 2.20	329.43	295.98	305.64	270.79	301.28	0	54.16
2003	2	12	0.113	2964.0046	42.0047	11.0047	 2.33	 0.29	212.07	 2.61	 6.14	 1.00	11.07	 2.04	329.42	295.13	304.89	270.43	300.30	0	54.09
2003	2	12	0.338	2964.0142	42.0141	11.0141	 2.48	 0.18	206.40	 1.32	 2.28	 1.00	11.07	 1.94	329.46	294.34	302.33	270.01	299.58	0	54.00
2003	2	12	0.563	2964.0234	42.0235	11.0235	 2.60	 0.14	208.62	 0.91	 0.53	 1.00	11.08	 1.99	329.53	293.63	301.70	269.76	298.79	0	53.95
2003	2	12	0.789	2964.0330	42.0329	11.0329	 2.47	 0.11	206.94	 0.85	 0.87	 1.00	11.07	 1.93	329.53	292.96	300.84	269.32	298.13	0	53.86
2003	2	12	1.014	2964.0422	42.0422	11.0422	 2.33	 0.08	208.59	 0.67	 1.64	 0.98	11.08	 2.03	329.59	292.34	299.63	269.20	297.47	0	53.84
2003	2	12	1.239	2964.0515	42.0516	11.0516	 2.27	 0.09	211.34	 0.87	 1.11	 1.00	11.08	 2.08	329.68	291.76	300.96	269.18	296.87	0	53.84
2003	2	12	1.464	2964.0610	42.0610	11.0610	 2.23	 0.07	211.60	 0.69	 1.81	 0.97	11.08	 2.15	329.75	291.24	298.84	269.03	295.31	0	53.81
2003	2	12	11.307	2964.4712	42.4711	11.4711	 1.26	 0.03	184.36	 1.03	13.83	 0.38	11.07	 2.14	329.22	289.28	296.92	279.50	295.27	0	55.90
2003	2	12	11.532	2964.4805	42.4805	11.4805	 1.21	 0.04	179.00	 1.50	13.52	 0.76	11.07	 2.05	329.28	290.20	297.31	283.62	295.88	0	56.72
2003	2	12	11.757	2964.4897	42.4899	11.4899	 1.29	 0.03	183.26	 1.03	14.05	 0.40	11.07	 2.11	329.34	291.17	299.36	283.78	296.64	0	56.76
2003	2	12	11.982	2964.4993	42.4993	11.4993	 1.21	 0.03	179.39	 1.12	16.70	 0.33	11.07	 2.02	329.38	292.18	298.55	287.59	297.55	0	57.52
2003	2	12	12.207	2964.5085	42.5086	11.5086	 1.20	 0.03	181.41	 1.02	16.10	 0.23	11.07	 2.00	329.45	293.23	300.47	290.49	298.51	0	58.10
2003	2	12	12.432	2964.5181	42.5180	11.5180	 1.26	 0.05	183.00	 1.64	 7.90	 0.95	11.08	 2.09	329.53	294.30	302.14	291.34	299.55	0	58.27
2003	2	12	12.658	2964.5273	42.5274	11.5274	 1.14	 0.04	181.64	 1.55	10.55	 0.83	11.07	 1.96	329.57	295.38	302.52	290.68	300.72	0	58.14
2003	2	12	12.883	2964.5369	42.5368	11.5368	 1.22	 0.04	181.27	 1.34	18.91	 0.48	11.07	 2.04	329.65	296.48	304.28	297.03	301.89	0	59.41
2003	2	12	13.108	2964.5461	42.5462	11.5462	 1.09	 0.04	185.50	 1.53	 8.51	 0.86	11.07	 1.95	329.72	297.58	305.34	299.11	303.10	0	59.82
2003	2	13	11.355	2965.4731	43.4731	12.4731	 2.12	 0.08	219.37	 0.91	11.78	 0.65	11.07	 2.34	329.04	289.20	304.90	276.85	293.40	0	55.37
2003	2	13	11.580	2965.4824	43.4825	12.4825	 2.19	 0.07	221.34	 0.72	 3.38	 0.91	11.07	 2.41	329.09	290.03	305.92	277.54	297.07	0	55.51
2003	2	13	11.806	2965.4919	43.4919	12.4919	 2.26	 0.07	226.32	 0.70	 2.62	 0.94	11.07	 2.67	329.17	290.88	307.71	278.67	296.69	0	55.73
2003	2	13	12.031	2965.5012	43.5013	12.5013	 2.06	 0.05	223.10	 0.70	 2.94	 0.92	11.08	 2.33	329.18	291.73	308.54	278.95	298.44	0	55.79
2003	2	13	12.256	2965.5107	43.5106	12.5106	 2.08	 0.07	226.79	 0.95	 2.78	 0.98	11.07	 2.45	329.19	292.52	310.03	278.85	298.29	0	55.77
2003	2	13	12.481	2965.5200	43.5200	12.5200	 2.05	 0.08	228.27	 1.08	 4.18	 0.97	11.08	 2.48	329.22	293.35	311.00	279.22	298.94	0	55.84
2003	2	13	12.706	2965.5295	43.5294	12.5294	 1.99	 0.09	228.29	 1.25	 0.80	 1.00	11.08	 2.44	329.25	294.19	311.66	280.65	299.78	0	56.13
2003	2	13	12.931	2965.5388	43.5388	12.5388	 2.00	 0.05	230.74	 0.76	 1.73	 0.98	11.08	 2.53	329.32	295.05	311.86	281.21	300.65	0	56.24
2003	2	13	13.157	2965.5481	43.5482	12.5482	 1.92	 0.06	234.38	 0.92	 2.69	 0.98	11.07	 2.58	329.39	295.95	313.65	281.22	301.54	0	56.24
2003	2	13	13.382	2965.5576	43.5576	12.5576	 1.87	 0.05	234.42	 0.88	 2.10	 0.98	11.08	 2.48	329.43	296.83	313.28	283.32	302.50	0	56.66
2003	2	14	12.740	2966.5308	44.5308	13.5308	 1.06	 0.04	195.76	 1.69	 1.47	 1.00	11.10	 2.06	326.96	294.67	302.88	285.14	299.95	0	57.03
2003	2	14	12.966	2966.5403	44.5402	13.5402	 1.14	 0.05	196.54	 2.06	 5.11	 0.99	11.08	 2.14	326.87	295.55	303.95	286.19	300.90	0	57.24
2003	2	14	13.191	2966.5496	44.5496	13.5496	 1.09	 0.03	199.59	 1.41	 4.44	 0.95	11.08	 2.15	326.86	296.43	305.11	286.11	301.86	0	57.22
2003	2	14	13.416	2966.5591	44.5590	13.5590	 1.02	 0.04	190.60	 1.76	 6.33	 0.94	11.07	 1.93	326.80	297.25	305.87	286.56	301.10	0	57.31
2003	2	14	23.909	2966.9961	44.9962	13.9962	 1.86	 0.03	306.99	 0.64	39.87	 0.00	11.08	 2.42	328.41	296.85	341.17	270.33	302.59	0	54.07
2003	2	15	0.134	2967.0056	45.0056	14.0056	 1.82	 0.04	310.86	 0.96	46.95	 0.02	11.08	 2.23	328.48	295.83	341.33	269.90	301.59	0	53.98
2003	2	15	0.360	2967.0149	45.0150	14.0150	 1.85	 0.07	312.71	 1.58	38.75	 0.54	11.08	 2.21	328.32	294.87	341.74	269.34	300.58	0	53.87
2003	2	15	0.585	2967.0244	45.0244	14.0244	 1.85	 0.03	310.98	 0.79	50.40	 0.00	11.07	 2.32	328.35	293.98	339.76	268.93	300.44	0	53.79
2003	2	15	0.810	2967.0337	45.0337	14.0337	 1.82	 0.04	313.21	 0.89	45.97	 0.01	11.07	 2.20	328.29	293.18	339.92	268.74	299.26	0	53.75
2003	2	15	11.453	2967.4773	45.4772	14.4772	 1.66	 0.05	336.54	 1.59	151.13	 0.00	11.10	 1.51	328.87	290.80	345.38	280.01	296.60	0	56.00
2003	2	15	11.678	2967.4866	45.4866	14.4866	 1.67	 0.05	335.22	 1.65	118.87	 0.03	11.08	 1.56	328.89	291.63	346.71	280.74	297.96	0	56.15
2003	2	15	11.903	2967.4958	45.4960	14.4960	 1.73	 0.04	331.18	 1.09	80.21	 0.00	11.08	 1.61	328.89	292.47	345.69	281.09	298.17	0	56.22
2003	2	15	16.063	2967.6692	45.6693	14.6693	 3.42	 0.36	218.17	 1.01	 1.26	 1.00	11.10	 1.98	327.84	307.57	318.69	290.43	314.08	0	58.09
2003	2	15	16.289	2967.6787	45.6787	14.6787	 3.14	 0.25	216.48	 0.94	 0.76	 1.00	11.08	 1.80	329.39	308.01	321.51	290.31	314.35	0	58.06
2003	2	15	16.514	2967.6880	45.6881	14.6881	 3.34	 0.41	218.37	 1.24	 3.09	 1.00	11.08	 1.97	328.02	308.33	319.40	290.21	314.57	0	58.04
2003	2	15	16.739	2967.6975	45.6975	14.6975	 3.10	 0.26	212.95	 1.00	 2.44	 0.99	11.07	 1.70	324.74	308.54	321.18	289.62	314.19	0	57.92
2003	2	15	16.966	2967.7068	45.7069	14.7069	 3.37	 0.25	220.18	 0.74	 1.29	 0.99	11.07	 2.06	323.56	308.65	319.59	289.43	314.67	0	57.89
2003	2	15	17.191	2967.7163	45.7163	14.7163	 2.88	 0.21	219.49	 1.06	 1.39	 1.00	11.08	 1.88	323.63	308.76	321.68	288.89	314.74	0	57.78
2003	2	15	17.416	2967.7256	45.7257	14.7257	 2.85	 0.21	211.99	 1.06	 2.38	 0.99	11.08	 1.57	324.98	308.88	322.90	288.27	314.84	0	57.65
2003	2	15	17.641	2967.7351	45.7350	14.7350	 3.45	 0.43	215.83	 1.15	 0.18	 1.00	11.07	 1.89	325.63	308.99	319.68	288.49	314.69	0	57.70
2003	2	15	17.866	2967.7444	45.7444	14.7444	 3.44	 0.56	217.68	 1.54	 4.66	 1.00	11.08	 1.99	326.61	309.08	319.61	288.12	314.66	0	57.62
2003	2	15	18.317	2967.7632	45.7632	14.7632	 3.10	 0.38	216.01	 1.48	 2.57	 1.00	11.08	 1.85	325.64	309.21	320.05	287.49	314.36	0	57.50
2003	2	15	18.768	2967.7820	45.7820	14.7820	 3.16	 0.33	218.28	 1.21	 3.32	 0.99	11.07	 1.92	327.06	309.27	320.94	286.22	314.53	0	57.24
2003	2	15	18.993	2967.7913	45.7914	14.7914	 3.03	 0.47	207.39	 1.88	 2.97	 1.00	11.07	 1.53	326.55	309.23	321.74	285.64	314.48	0	57.13
2003	2	15	19.443	2967.8101	45.8101	14.8101	 3.21	 0.35	215.05	 1.20	 1.36	 1.00	11.08	 1.83	325.24	309.12	321.06	285.81	314.78	0	57.16
2003	2	15	19.668	2967.8196	45.8195	14.8195	 3.50	 0.41	221.99	 1.07	 1.04	 1.00	11.07	 2.18	325.22	309.04	319.58	285.99	314.21	0	57.20
2003	2	15	19.894	2967.8289	45.8289	14.8289	 2.95	 0.45	211.29	 2.00	 3.23	 1.00	11.07	 1.79	325.26	308.98	319.40	286.79	314.14	0	57.36
2003	2	15	20.119	2967.8384	45.8383	14.8383	 3.40	 0.68	209.68	 1.89	 2.72	 1.00	11.08	 1.59	325.24	308.87	322.24	286.04	314.03	0	57.21
2003	2	15	20.344	2967.8477	45.8477	14.8477	 3.41	 0.45	223.00	 1.31	 3.07	 1.00	11.07	 2.36	325.24	308.75	318.79	286.51	314.89	0	57.30
2003	2	15	20.569	2967.8569	45.8570	14.8570	 3.28	 0.46	212.74	 1.48	 5.39	 0.99	11.08	 1.76	325.30	308.58	321.49	285.26	313.92	0	57.05
2003	2	15	20.795	2967.8665	45.8664	14.8664	 2.72	 0.36	198.80	 1.98	 6.53	 1.00	11.10	 1.49	325.18	308.32	318.03	283.78	313.66	0	56.76
2003	2	15	21.020	2967.8757	45.8758	14.8758	 2.98	 0.34	205.90	 1.45	 6.09	 0.99	11.07	 1.54	325.16	307.98	321.21	282.46	313.26	0	56.49
2003	2	15	21.246	2967.8853	45.8852	14.8852	 3.51	 0.53	210.24	 1.31	 4.65	 0.99	11.07	 1.73	325.12	307.60	320.41	281.41	312.77	0	56.28
2003	2	15	21.921	2967.9133	45.9134	14.9134	 4.21	 1.19	212.73	 1.46	 7.09	 0.99	11.07	 1.87	325.44	306.21	318.56	281.47	310.07	0	56.29
2003	2	15	22.372	2967.9321	45.9322	14.9322	 3.52	 0.54	210.02	 1.31	 3.38	 1.00	11.07	 1.92	325.94	304.74	313.44	277.85	309.56	0	55.57
2003	2	15	23.048	2967.9602	45.9603	14.9603	 3.36	 1.85	211.21	 5.34	14.70	 1.00	11.08	 1.81	328.22	300.85	310.41	273.25	305.75	0	54.65
2003	2	15	23.273	2967.9697	45.9697	14.9697	29.65	443205790313.64	207.61	 4.61	36.00	 1.00	11.12	 1.86	328.30	299.84	309.72	273.28	305.37	0	54.66
2003	2	15	23.724	2967.9885	45.9885	14.9885	 4.53	 0.78	210.66	 0.68	 1.36	 0.99	11.07	 1.97	328.75	298.22	306.78	273.27	303.29	0	54.65
2003	2	15	23.949	2967.9978	45.9979	14.9979	 3.54	 0.33	210.44	 0.80	 0.51	 1.00	11.07	 1.95	328.82	297.36	306.76	272.67	302.58	0	54.53
2003	2	16	0.174	2968.0073	46.0073	15.0073	 3.97	 0.53	210.92	 0.81	 0.67	 1.00	11.08	 2.04	329.17	296.60	305.78	271.70	301.82	0	54.34
2003	2	16	0.400	2968.0166	46.0167	15.0167	 3.62	 0.35	209.62	 0.76	 0.95	 1.00	11.08	 1.98	329.04	295.80	304.73	271.30	301.04	0	54.26
2003	2	16	0.625	2968.0261	46.0261	15.0261	 3.28	 0.20	211.74	 0.64	 0.40	 1.00	11.10	 2.06	328.55	295.00	304.58	270.58	300.22	0	54.12
2003	2	16	0.851	2968.0354	46.0354	15.0354	 3.08	 0.24	214.06	 0.94	 1.74	 1.00	11.07	 2.15	327.79	294.25	303.57	269.91	300.26	0	53.98
2003	2	16	1.076	2968.0449	46.0448	15.0448	 2.64	 0.15	212.42	 0.94	 1.83	 0.99	11.07	 2.05	327.29	293.50	302.97	269.43	298.59	0	53.89
2003	2	16	1.301	2968.0542	46.0542	15.0542	 2.39	 0.18	212.86	 1.49	 2.25	 1.00	11.08	 2.13	327.47	292.83	301.78	270.15	297.99	0	54.03
2003	2	16	1.526	2968.0635	46.0636	15.0636	 2.32	 0.12	211.14	 1.12	 0.84	 1.00	11.08	 2.05	327.54	292.26	299.61	271.14	297.39	0	54.23
2003	2	16	1.752	2968.0730	46.0730	15.0730	 2.35	 0.08	212.88	 0.68	 3.01	 0.92	11.08	 2.15	327.56	291.75	300.06	270.87	296.95	0	54.17
2003	2	16	1.977	2968.0823	46.0824	15.0824	 2.25	 0.09	212.75	 0.87	 0.83	 1.00	11.08	 2.11	327.19	291.28	298.94	270.64	296.42	0	54.13
2003	2	16	2.203	2968.0918	46.0918	15.0918	 2.49	 0.10	218.11	 0.73	 1.01	 1.00	11.10	 2.27	327.32	290.85	301.08	270.65	296.07	0	54.13
2003	2	16	11.217	2968.4673	46.4674	15.4674	 1.91	 0.05	276.32	 1.00	29.47	 0.19	11.32	 2.26	327.11	289.39	331.37	284.55	296.21	0	56.91
2003	2	16	11.448	2968.4771	46.4770	15.4770	 1.90	 0.05	276.68	 0.93	28.03	 0.15	11.35	 2.28	327.19	290.27	331.94	286.73	294.36	0	57.35
2003	2	16	11.678	2968.4866	46.4866	15.4866	 2.02	 0.06	273.90	 1.08	22.35	 0.46	11.35	 2.48	327.23	291.19	330.65	288.64	295.24	0	57.73
2003	2	16	11.909	2968.4961	46.4962	15.4962	 2.01	 0.04	274.37	 0.75	17.29	 0.19	11.35	 2.57	327.19	292.16	330.30	288.35	298.47	0	57.67
2003	2	16	14.046	2968.5852	46.5852	15.5852	 2.04	 0.05	238.08	 0.76	11.67	 0.43	11.33	 2.34	327.95	300.94	315.19	289.49	306.71	0	57.90
2003	2	16	14.276	2968.5947	46.5948	15.5948	 2.07	 0.05	240.60	 0.70	15.24	 0.20	11.35	 2.48	327.59	301.72	316.20	289.21	307.54	0	57.84
2003	2	16	14.507	2968.6045	46.6044	15.6044	 2.15	 0.07	241.39	 0.93	 8.82	 0.80	11.35	 2.55	326.94	302.47	317.30	289.21	309.02	0	57.84
2003	2	16	14.737	2968.6140	46.6141	15.6141	 2.10	 0.06	242.89	 0.76	17.36	 0.21	11.35	 2.46	327.12	303.13	318.96	289.32	309.12	0	57.86
2003	2	16	14.968	2968.6238	46.6237	15.6237	 2.04	 0.07	243.88	 1.07	21.94	 0.47	11.33	 2.43	327.40	303.77	318.65	289.64	309.88	0	57.93
2003	2	16	15.199	2968.6333	46.6333	15.6333	 2.14	 0.06	244.35	 0.72	16.52	 0.19	11.35	 2.65	328.00	304.39	319.56	289.41	311.42	0	57.88
2003	2	16	15.429	2968.6428	46.6429	15.6429	 2.19	 0.08	244.67	 1.00	15.13	 0.62	11.33	 2.56	328.76	304.97	320.36	288.67	311.02	0	57.73
2003	2	16	15.660	2968.6526	46.6525	15.6525	 2.08	 0.10	243.89	 1.35	14.39	 0.87	11.35	 2.36	328.82	305.46	320.99	288.22	311.56	0	57.64
2003	2	16	15.891	2968.6621	46.6621	15.6621	 2.12	 0.05	246.12	 0.71	22.17	 0.07	11.35	 2.44	328.67	305.90	322.05	288.02	312.03	0	57.60
2003	2	16	16.121	2968.6716	46.6717	15.6717	 2.12	 0.05	245.50	 0.71	17.05	 0.16	11.33	 2.55	328.45	306.24	321.86	287.06	312.42	0	57.41
2003	2	16	16.352	2968.6814	46.6813	15.6813	 2.20	 0.06	247.71	 0.77	21.59	 0.14	11.33	 2.70	328.35	306.53	321.99	286.09	312.66	0	57.22
2003	2	16	16.583	2968.6909	46.6909	15.6909	 2.18	 0.07	247.15	 0.88	21.34	 0.28	11.35	 2.69	328.86	306.79	322.03	286.74	312.87	0	57.35
2003	2	16	16.813	2968.7004	46.7006	15.7006	 2.13	 0.06	247.10	 0.84	28.95	 0.09	11.33	 2.53	329.53	307.09	322.14	286.52	313.17	0	57.30
2003	2	16	17.044	2968.7102	46.7102	15.7102	 2.14	 0.08	247.37	 1.09	20.37	 0.55	11.35	 2.47	329.55	307.33	323.57	285.85	314.16	0	57.17
2003	2	16	17.736	2968.7390	46.7390	15.7390	 2.29	 0.09	246.51	 0.99	15.72	 0.61	11.35	 2.52	328.16	307.84	322.92	285.80	313.48	0	57.16
2003	2	16	17.966	2968.7485	46.7486	15.7486	 2.37	 0.12	248.45	 1.24	18.33	 0.76	11.35	 2.68	328.57	307.96	324.76	286.36	313.57	0	57.27
2003	2	16	18.658	2968.7773	46.7774	15.7774	 2.19	 0.15	243.95	 1.78	18.96	 0.93	11.35	 2.33	329.04	308.31	322.77	284.96	313.83	0	56.99
2003	2	16	19.153	2968.7981	46.7980	15.7980	 2.58	 0.26	211.63	 1.76	 3.43	 1.00	11.37	 1.84	329.18	308.29	320.04	283.82	313.83	0	56.76
2003	2	16	19.383	2968.8076	46.8076	15.8076	 2.64	 0.33	209.47	 2.07	12.50	 0.99	11.33	 1.71	329.16	308.32	321.43	283.64	314.68	0	56.73
2003	2	16	19.614	2968.8171	46.8172	15.8172	 3.09	 0.58	200.28	 2.13	 4.20	 1.00	11.33	 1.55	329.13	308.34	317.57	283.87	313.71	0	56.77
2003	2	16	20.076	2968.8364	46.8365	15.8365	 2.68	 0.27	208.81	 1.61	 1.73	 1.00	11.33	 1.74	329.09	308.29	317.02	284.35	313.46	0	56.87
2003	2	16	20.768	2968.8652	46.8653	15.8653	 2.74	 0.33	209.77	 1.86	 4.90	 1.00	11.33	 1.83	329.10	307.85	317.77	282.98	313.89	0	56.60
2003	2	16	21.229	2968.8845	46.8845	15.8845	 3.82	 0.94	217.31	 1.74	 3.87	 1.00	11.35	 2.05	328.96	307.22	318.43	280.75	312.26	0	56.15
2003	2	16	21.691	2968.9038	46.9038	15.9038	 3.46	 0.65	213.10	 1.73	 2.85	 1.00	11.33	 1.89	328.75	306.29	317.05	280.09	311.84	0	56.02
2003	2	16	21.921	2968.9133	46.9134	15.9134	 3.94	 0.66	209.97	 1.04	 1.22	 1.00	11.35	 1.83	328.55	305.58	316.04	279.15	310.41	0	55.83
2003	2	16	22.152	2968.9231	46.9230	15.9230	 4.80	 1.59	215.87	 1.08	 2.54	 1.00	11.33	 2.09	328.37	304.48	314.76	277.58	309.47	0	55.52
2003	2	16	22.382	2968.9326	46.9326	15.9326	 2.87	 0.51	225.30	 2.66	17.04	 0.99	11.37	 1.73	328.38	303.24	324.41	275.40	308.55	0	55.08
2003	2	16	22.613	2968.9421	46.9422	15.9422	194.33	 1.00	231.04	 0.00	210.68	 0.00	11.33	 1.90	328.51	302.05	323.16	 0.00	307.72	0	54.00
2003	2	16	23.304	2968.9709	46.9710	15.9710	 2.77	 0.49	240.65	 3.06	 1.27	 1.00	11.35	 2.71	328.67	298.84	322.51	272.79	304.31	0	54.56
2003	2	16	23.535	2968.9807	46.9806	15.9806	 3.58	 0.27	241.85	 0.70	 4.37	 0.90	11.33	 2.42	328.61	297.98	326.19	272.45	303.14	0	54.49
2003	2	16	23.766	2968.9902	46.9902	15.9902	 3.76	 0.30	241.26	 0.66	 5.61	 0.80	11.33	 2.42	328.47	297.18	324.73	272.18	301.44	0	54.44
2003	2	16	23.996	2968.9998	46.9998	15.9998	 3.29	 0.21	240.20	 0.76	 3.41	 0.95	11.35	 2.30	328.25	296.51	324.39	271.98	301.72	0	54.40
2003	2	17	0.226	2969.0095	47.0094	16.0094	 3.41	 0.21	241.28	 0.66	 0.67	 1.00	11.32	 2.35	328.11	295.91	323.59	271.68	301.10	0	54.34
2003	2	17	0.457	2969.0190	47.0190	16.0190	 2.81	 0.10	250.65	 0.64	25.75	 0.03	11.35	 2.24	328.04	295.31	328.59	271.45	300.57	0	54.29
2003	2	17	0.688	2969.0286	47.0287	16.0287	 1.88	 0.04	273.08	 0.86	63.99	 0.00	11.33	 2.08	327.94	294.59	334.77	270.28	300.01	0	54.06
2003	2	17	0.918	2969.0383	47.0383	16.0383	 1.94	 0.05	272.76	 0.84	57.84	 0.00	11.30	 2.19	328.08	293.83	333.69	269.79	299.42	0	53.96
2003	2	17	1.148	2969.0479	47.0478	16.0478	 2.08	 0.04	271.38	 0.68	68.91	 0.00	11.35	 2.30	328.52	293.08	332.57	269.64	298.64	0	53.93
2003	2	17	1.379	2969.0574	47.0575	16.0575	 1.96	 0.04	273.11	 0.74	63.57	 0.00	11.35	 2.23	328.38	292.39	333.33	269.34	297.95	0	53.87
2003	2	17	1.610	2969.0671	47.0671	16.0671	 1.94	 0.05	273.59	 0.99	88.34	 0.00	11.35	 2.08	328.07	291.75	334.13	269.23	297.27	0	53.85
2003	2	17	23.584	2969.9827	47.9827	16.9827	 3.35	 1.07	215.90	 3.22	12.94	 1.00	11.37	 2.18	328.85	298.54	308.25	271.54	304.07	0	54.31
2003	2	17	23.816	2969.9924	47.9923	16.9923	 3.66	 0.34	215.02	 0.74	 0.35	 1.00	11.33	 2.20	328.79	297.41	307.42	270.95	302.43	0	54.19
2003	2	18	0.046	2970.0020	48.0019	17.0019	 3.38	 0.38	210.18	 1.07	 0.72	 1.00	11.32	 1.96	328.85	296.48	305.98	270.76	300.87	0	54.15
2003	2	18	0.277	2970.0115	48.0115	17.0115	 3.46	 0.26	210.02	 0.68	 0.57	 1.00	11.33	 1.99	328.94	295.73	304.18	270.74	299.78	0	54.15
2003	2	18	0.506	2970.0210	48.0211	17.0211	 3.67	 0.33	211.91	 0.70	 1.57	 0.99	11.10	 2.04	328.96	295.02	304.39	270.46	300.00	0	54.09
2003	2	18	0.731	2970.0305	48.0305	17.0305	 3.24	 0.20	212.60	 0.65	 0.80	 1.00	11.05	 2.05	328.99	294.42	303.58	 0.00	299.49	0	54.00
2003	2	18	0.956	2970.0398	48.0398	17.0398	 3.26	 0.21	210.69	 0.69	 0.94	 1.00	11.07	 2.05	329.01	293.79	303.11	270.26	297.94	0	54.05
2003	2	18	1.181	2970.0491	48.0492	17.0492	 2.82	 0.18	215.15	 0.94	 0.30	 1.00	11.07	 2.20	328.89	293.08	303.01	269.11	298.95	0	53.82
2003	2	18	1.407	2970.0586	48.0586	17.0586	 2.63	 0.12	214.32	 0.76	 1.25	 0.99	11.23	 2.13	328.95	292.40	302.83	268.69	297.59	0	53.74
2003	2	18	1.636	2970.0681	48.0682	17.0682	 2.37	 0.10	220.74	 0.87	 0.38	 1.00	11.28	 2.34	328.99	291.78	303.77	268.23	297.16	0	53.65
2003	2	18	12.544	2970.5227	48.5227	17.5226	 3.25	 0.31	190.34	 0.92	12.19	 0.74	11.35	 1.88	329.15	296.04	301.49	289.21	301.28	0	57.84
2003	2	18	12.774	2970.5322	48.5323	17.5323	 3.21	 0.30	195.68	 0.95	 9.94	 0.83	11.35	 2.01	329.16	297.01	304.36	289.33	302.37	0	57.87
2003	2	19	13.418	2971.5591	49.5591	18.5591	 2.38	 0.07	262.68	 0.78	 1.58	 0.99	11.33	 2.69	327.63	298.57	332.10	292.81	305.69	0	58.56
2003	2	20	6.036	2972.2515	50.2515	19.2515	 4.46	 0.77	213.21	 0.73	 1.06	 1.00	11.33	 2.15	328.05	288.55	296.87	267.64	293.03	0	53.53
2003	2	20	13.454	2972.5605	50.5606	19.5606	 2.03	 0.08	332.51	 1.58	52.78	 0.40	11.35	 1.49	329.06	298.67	358.06	291.66	304.31	0	58.33
2003	2	20	13.685	2972.5703	50.5702	19.5702	 2.28	 0.07	319.72	 1.04	24.61	 0.41	11.35	 1.79	329.06	299.55	353.27	291.34	305.97	0	58.27
2003	2	21	13.550	2973.5645	51.5646	20.5646	 1.94	 0.07	201.61	 0.95	 3.60	 0.96	11.35	 2.13	329.35	295.06	304.20	286.51	301.33	0	57.30
2003	2	21	13.781	2973.5742	51.5742	20.5742	 1.95	 0.08	203.30	 1.13	 2.51	 0.99	11.33	 2.14	329.41	295.91	305.68	286.77	301.14	0	57.35
2003	2	21	16.505	2973.6877	51.6877	20.6877	 2.16	 0.08	207.93	 0.86	 1.93	 0.99	11.38	 2.03	328.28	303.01	313.56	283.63	308.93	0	56.73
2003	2	21	16.736	2973.6973	51.6973	20.6973	 2.44	 0.18	209.62	 1.44	 1.86	 1.00	11.35	 1.99	327.95	303.36	314.66	283.47	309.23	0	56.69
2003	2	21	17.198	2973.7166	51.7166	20.7166	 2.10	 0.11	204.49	 1.25	 1.69	 1.00	11.35	 1.84	328.58	303.96	313.13	283.21	308.23	0	56.64
2003	2	21	17.429	2973.7261	51.7262	20.7262	 2.34	 0.14	210.08	 1.19	 2.21	 1.00	11.35	 1.95	328.72	304.24	316.20	282.82	309.98	0	56.56
2003	2	21	17.890	2973.7454	51.7454	20.7454	 1.97	 0.10	204.91	 1.28	 2.43	 1.00	11.35	 1.78	328.53	304.77	314.30	282.38	310.21	0	56.48
2003	2	21	18.121	2973.7551	51.7550	20.7550	 3.90	 0.77	201.85	 1.23	 4.27	 0.99	11.33	 1.69	328.23	304.92	316.62	281.68	310.34	0	56.34
2003	2	21	18.352	2973.7646	51.7647	20.7647	 3.13	 0.28	211.66	 1.03	 0.62	 1.00	11.35	 1.98	328.19	304.93	315.66	280.61	310.33	0	56.12
2003	2	21	18.583	2973.7742	51.7743	20.7743	 3.75	 0.52	210.37	 1.00	 0.21	 1.00	11.35	 1.91	328.22	304.72	316.43	279.41	310.22	0	55.88
2003	2	21	18.813	2973.7839	51.7839	20.7839	 2.99	 0.26	210.00	 1.13	 7.41	 0.95	11.35	 1.88	328.04	304.47	315.32	278.61	308.47	0	55.72
2003	2	21	19.044	2973.7935	51.7935	20.7935	 2.99	 0.23	209.38	 0.98	 1.93	 1.00	11.33	 1.87	328.07	304.24	314.82	279.33	309.86	0	55.87
2003	2	21	19.276	2973.8032	51.8031	20.8031	 3.93	 0.60	208.25	 0.95	 2.82	 0.99	11.53	 1.89	328.07	303.75	314.67	277.64	309.42	0	55.53
2003	2	21	19.512	2973.8130	51.8130	20.8130	 2.89	 0.17	209.38	 0.80	 0.79	 1.00	11.67	 1.90	328.26	303.46	314.46	278.87	308.83	0	55.77
2003	2	21	19.749	2973.8230	51.8229	20.8229	 2.97	 0.28	209.20	 1.20	 2.80	 1.00	11.72	 1.86	328.26	303.71	314.75	280.46	308.88	0	56.09
2003	2	21	19.988	2973.8328	51.8328	20.8328	 2.65	 0.16	211.38	 1.00	 0.95	 1.00	11.72	 2.05	328.16	303.90	313.94	279.74	308.99	0	55.95
2003	2	22	13.573	2974.5654	52.5655	21.5655	 1.46	 0.05	216.65	 1.39	43.43	 0.19	11.72	 2.36	330.72	294.68	307.47	283.75	300.05	0	56.75
2003	2	22	13.811	2974.5754	52.5755	21.5755	 1.51	 0.04	221.22	 1.15	16.93	 0.54	11.72	 2.49	330.71	295.54	308.51	283.68	300.83	0	56.74
2003	2	23	14.717	2975.6133	53.6132	22.6132	 0.38	 0.06	92.67	 8.91	33.02	 0.51	11.68	 1.47	329.47	300.54	312.27	288.32	306.37	0	57.66
2003	2	25	11.198	2977.4666	55.4666	24.4666	 1.54	 0.05	278.97	 1.73	102.49	 0.06	10.85	 1.62	330.51	289.66	334.67	279.87	295.52	0	55.97
2003	2	25	11.419	2977.4758	55.4758	24.4758	 1.67	 0.03	277.19	 0.90	72.42	 0.00	10.85	 1.79	330.57	290.49	333.44	282.30	296.78	0	56.46
2003	2	25	11.640	2977.4851	55.4850	24.4850	 1.68	 0.04	278.05	 1.11	50.90	 0.04	10.88	 1.78	330.61	291.36	334.49	283.03	300.08	0	56.61
2003	2	25	11.861	2977.4941	55.4942	24.4942	 1.73	 0.03	279.33	 0.84	41.78	 0.01	10.85	 1.86	330.64	292.28	335.57	282.66	300.90	0	56.53
2003	2	25	12.082	2977.5034	55.5034	24.5034	 1.73	 0.04	278.39	 0.96	29.05	 0.12	10.83	 1.93	330.68	293.25	335.27	286.05	299.19	0	57.21
2003	2	25	12.302	2977.5127	55.5126	24.5126	 1.94	 0.04	274.30	 0.78	15.36	 0.27	10.82	 2.23	330.73	294.27	331.73	286.70	300.42	0	57.34
2003	2	25	12.525	2977.5220	55.5219	24.5219	 1.81	 0.02	312.08	 0.53	18.28	 0.00	10.85	 2.14	330.80	295.23	339.42	287.55	300.57	0	57.51
2003	2	25	12.746	2977.5310	55.5311	24.5311	 1.92	 0.04	304.05	 0.81	 5.93	 0.81	10.85	 2.36	330.83	296.25	336.77	288.28	301.66	0	57.66
2003	2	25	12.966	2977.5403	55.5403	24.5403	 1.97	 0.04	303.95	 0.72	 5.37	 0.77	10.85	 2.40	330.85	297.19	338.16	286.67	302.72	0	57.33
2003	2	25	13.187	2977.5496	55.5495	24.5495	 2.00	 0.03	300.88	 0.49	 4.07	 0.54	10.85	 2.54	330.86	298.10	337.02	286.77	304.50	0	57.35
2003	2	25	13.408	2977.5586	55.5587	24.5587	 2.13	 0.04	300.48	 0.69	 1.80	 0.97	10.85	 2.61	330.90	299.05	338.52	288.54	305.76	0	57.71
2003	2	25	14.087	2977.5869	55.5870	24.5870	 3.06	 0.26	210.93	 1.02	 1.05	 1.00	10.85	 2.03	330.77	301.74	311.66	288.89	307.70	0	57.78
2003	2	25	23.612	2977.9839	55.9839	24.9839	69.46	 1.00	214.96	 0.00	40.80	 0.00	10.83	 2.18	329.58	298.86	312.85	271.63	304.55	0	54.33
2003	2	26	0.055	2978.0022	56.0023	25.0023	 3.80	 0.47	219.41	 0.90	 2.01	 0.99	10.83	 2.22	329.50	296.84	310.86	270.87	 0.00	0	54.17
2003	2	26	0.275	2978.0115	56.0115	25.0115	 3.72	 0.28	222.64	 0.60	 1.81	 0.97	10.83	 2.38	329.52	295.85	310.22	 0.00	301.12	0	54.00
2003	2	26	0.495	2978.0208	56.0206	25.0206	 4.29	 0.50	220.14	 0.58	 1.52	 0.98	10.83	 2.33	329.72	295.14	308.88	270.11	299.41	0	54.02
2003	2	26	0.716	2978.0298	56.0298	25.0298	 4.24	 0.58	217.98	 0.70	 0.21	 1.00	10.83	 2.19	329.83	294.38	308.91	269.50	299.58	0	53.90
2003	2	26	0.936	2978.0391	56.0390	25.0390	 4.05	 0.46	219.82	 0.68	 1.44	 0.99	10.85	 2.33	329.79	293.67	307.05	269.12	298.85	0	53.82
2003	2	26	1.156	2978.0481	56.0482	25.0482	 4.95	 1.41	219.45	 0.84	 0.24	 1.00	10.83	 2.31	329.68	293.01	306.49	268.57	298.14	0	53.71
2003	2	26	1.377	2978.0574	56.0574	25.0574	 4.66	 1.06	217.07	 0.83	 0.64	 1.00	10.85	 2.20	329.57	292.37	305.14	268.31	297.47	0	53.66
2003	2	26	3.676	2978.1531	56.1532	25.1532	 3.66	 0.31	214.10	 0.66	 0.15	 1.00	10.82	 2.08	329.76	289.16	296.29	 0.00	295.19	0	54.00
2003	2	26	3.898	2978.1624	56.1624	25.1624	 4.23	 0.61	216.87	 0.74	 1.34	 0.99	10.88	 2.23	329.75	289.37	296.88	270.60	293.21	0	54.12
2003	2	26	4.119	2978.1716	56.1716	25.1716	 6.61	 6.71	218.27	 0.75	 1.74	 0.99	10.85	 2.22	329.76	289.59	298.36	270.91	295.12	0	54.18
2003	2	26	4.339	2978.1809	56.1808	25.1808	 3.73	 0.35	215.36	 0.72	 0.34	 1.00	10.83	 2.07	329.78	289.78	296.66	271.53	295.20	0	54.31
2003	2	26	4.560	2978.1899	56.1900	25.1900	 5.15	 1.45	215.45	 0.69	 0.85	 1.00	10.83	 2.15	329.73	289.90	297.22	271.42	295.28	0	54.28
2003	2	26	4.780	2978.1992	56.1992	25.1992	 6.28	 3.57	213.99	 0.54	 1.71	 0.96	10.83	 2.07	329.75	290.00	297.07	271.56	295.29	0	54.31
2003	2	26	5.001	2978.2085	56.2084	25.2084	 4.58	 1.16	213.68	 0.98	 0.32	 1.00	10.85	 2.11	329.88	290.03	296.88	271.70	295.31	0	54.34
2003	2	26	5.221	2978.2175	56.2176	25.2176	 4.59	 0.92	214.17	 0.76	 1.38	 0.99	10.83	 2.11	329.78	290.01	297.76	271.75	297.57	0	54.35
2003	2	26	11.099	2978.4624	56.4625	25.4625	18.27	964942.31	209.53	 0.89	 0.27	 1.00	10.78	 2.12	330.84	289.89	297.21	277.95	295.81	0	55.59
2003	2	26	11.320	2978.4717	56.4717	25.4717	27.94	10767763637.19	206.25	 0.61	 1.28	 0.99	10.83	 1.97	330.90	290.65	297.37	282.81	294.79	0	56.56
2003	2	26	11.540	2978.4810	56.4808	25.4808	 5.43	 2.26	207.28	 0.78	 0.77	 1.00	10.88	 2.04	330.93	291.51	298.05	283.22	296.88	0	56.64
2003	2	26	11.761	2978.4900	56.4901	25.4901	17.00	209275.46	205.79	 0.68	 1.59	 0.99	10.85	 1.99	330.98	292.37	298.10	283.15	297.67	0	56.63
2003	2	26	12.029	2978.5012	56.5012	25.5012	21.47	18682528.73	206.64	 0.69	 0.84	 1.00	10.88	 1.98	331.06	293.45	300.02	282.57	297.08	0	56.51
2003	2	26	12.251	2978.5105	56.5104	25.5104	 6.82	 7.15	210.93	 0.62	 0.32	 1.00	10.88	 2.09	331.02	294.31	301.91	281.70	297.70	0	56.34
2003	2	26	12.471	2978.5195	56.5196	25.5196	 5.66	 2.34	208.40	 0.65	 0.45	 1.00	10.85	 1.94	331.05	295.12	302.03	281.13	298.51	0	56.23
2003	2	26	12.693	2978.5288	56.5289	25.5289	20.03	4820842.93	209.91	 0.77	 1.33	 1.00	10.83	 1.97	331.10	295.94	303.60	281.28	301.91	0	56.26
2003	2	26	12.913	2978.5381	56.5380	25.5380	 4.73	 1.01	209.98	 0.71	 0.93	 1.00	10.83	 1.95	331.11	296.75	305.92	281.35	300.47	0	56.27
2003	2	26	13.133	2978.5471	56.5472	25.5472	 4.59	 0.81	209.01	 0.66	 1.03	 0.99	10.85	 1.92	331.10	297.47	305.70	281.46	302.96	0	56.29
2003	2	26	13.354	2978.5564	56.5564	25.5564	 3.99	 0.65	211.11	 0.99	 0.18	 1.00	10.82	 1.99	331.14	298.20	307.22	282.19	303.77	0	56.44
2003	2	26	13.574	2978.5657	56.5656	25.5656	 4.75	 0.86	210.62	 0.60	 4.20	 0.84	10.83	 2.04	331.18	298.95	308.22	282.32	304.55	0	56.46
2003	2	26	13.795	2978.5747	56.5748	25.5748	 3.63	 0.48	212.07	 1.05	 2.08	 1.00	10.85	 2.02	331.23	299.69	309.50	283.70	306.32	0	56.74
2003	2	26	14.015	2978.5840	56.5840	25.5840	 3.53	 0.45	211.26	 1.10	 1.95	 1.00	10.85	 1.96	331.21	300.41	310.17	284.37	306.10	0	56.87
2003	2	26	14.483	2978.6035	56.6034	25.6034	 2.33	 0.05	304.58	 0.67	10.80	 0.37	10.85	 2.31	330.78	301.72	343.05	283.48	307.75	0	56.70
2003	2	27	13.994	2979.5830	57.5831	26.5831	24.41	608999901.54	210.21	 1.22	 0.73	 1.00	10.88	 2.09	330.21	300.75	310.10	283.72	306.43	0	56.74
2003	2	28	5.896	2980.2456	58.2457	27.2457	 5.23	 2.35	205.20	 0.99	 1.20	 1.00	11.80	 1.78	329.91	289.39	294.36	270.58	296.76	0	54.12
2003	2	28	14.284	2980.5952	58.5952	27.5952	 3.15	 0.26	218.64	 0.98	 6.19	 0.94	11.08	 2.16	330.61	302.54	313.48	290.76	306.19	0	58.15
2003	2	28	14.509	2980.6045	58.6045	27.6045	 3.02	 0.17	217.42	 0.73	 4.65	 0.89	11.05	 2.04	330.44	303.31	314.55	290.48	307.37	0	58.10
2003	2	28	14.734	2980.6140	58.6139	27.6139	 3.10	 0.17	219.21	 0.68	 2.88	 0.94	11.07	 2.11	330.31	304.04	315.35	290.25	310.01	0	58.05
2003	2	28	14.991	2980.6248	58.6246	27.6246	 2.18	 0.06	238.09	 0.74	31.70	 0.02	11.03	 2.29	330.31	304.79	318.87	288.97	311.58	0	57.79
2003	2	28	15.217	2980.6340	58.6341	27.6341	 2.24	 0.06	240.34	 0.72	36.30	 0.01	11.13	 2.46	330.21	305.38	319.54	288.77	311.45	0	57.75
2003	2	28	15.443	2980.6436	58.6434	27.6434	 2.13	 0.08	237.98	 0.96	35.80	 0.11	11.07	 2.21	330.17	305.84	320.26	287.51	310.33	0	57.50
2003	2	28	15.668	2980.6528	58.6528	27.6528	 2.14	 0.07	240.40	 0.85	31.32	 0.07	11.07	 2.30	330.20	306.27	321.25	287.51	312.47	0	57.50
2003	2	28	15.893	2980.6621	58.6622	27.6622	 2.10	 0.06	239.56	 0.77	32.51	 0.02	11.07	 2.26	330.12	306.66	320.39	285.82	311.21	0	57.16
2003	2	28	16.343	2980.6809	58.6810	27.6810	 2.28	 0.07	243.24	 0.77	32.15	 0.03	11.07	 2.59	329.88	307.26	321.29	285.46	313.51	0	57.09
2003	2	28	16.568	2980.6904	58.6903	27.6903	 2.31	 0.07	243.05	 0.72	36.45	 0.01	11.07	 2.49	329.93	307.50	322.26	285.41	313.69	0	57.08
2003	2	28	16.794	2980.6997	58.6997	27.6997	 2.18	 0.09	240.70	 1.04	35.80	 0.18	11.08	 2.31	330.02	307.68	321.75	285.13	313.84	0	57.03
2003	2	28	17.019	2980.7092	58.7091	27.7091	 2.21	 0.13	241.70	 1.55	31.83	 0.70	11.08	 2.38	329.90	307.83	322.05	284.89	313.95	0	56.98
2003	2	28	17.244	2980.7185	58.7185	27.7185	 2.24	 0.08	241.41	 0.90	33.31	 0.10	11.08	 2.36	329.78	307.96	322.57	284.93	313.91	0	56.99
2003	2	28	17.469	2980.7278	58.7279	27.7279	 2.20	 0.08	239.32	 0.92	34.81	 0.09	11.07	 2.30	329.75	308.07	321.57	284.56	313.91	0	56.91
2003	2	28	17.694	2980.7373	58.7373	27.7373	 2.26	 0.07	239.11	 0.80	27.02	 0.09	11.07	 2.21	329.76	308.15	322.65	284.17	313.89	0	56.83
2003	2	28	17.920	2980.7466	58.7467	27.7467	 2.54	 0.09	243.07	 0.70	22.52	 0.09	11.07	 2.62	329.77	308.23	322.37	283.49	313.87	0	56.70
2003	2	28	18.145	2980.7561	58.7560	27.7560	14.94	28841.28	237.04	 0.84	62.98	 0.01	11.07	 2.38	329.78	308.28	322.34	283.49	313.85	0	56.70
2003	2	28	18.370	2980.7654	58.7654	27.7654	 2.59	 0.12	241.04	 0.88	19.07	 0.40	11.08	 2.54	329.77	308.32	321.94	283.80	313.84	0	56.76
2003	2	28	18.596	2980.7749	58.7748	27.7748	 2.36	 0.10	239.04	 1.01	29.94	 0.27	11.08	 2.30	329.75	308.36	322.32	283.57	313.82	0	56.71
2003	2	28	18.821	2980.7842	58.7842	27.7842	 2.48	 0.09	240.98	 0.75	24.22	 0.10	11.08	 2.34	329.65	308.43	323.24	283.66	313.80	0	56.73
2003	2	28	19.047	2980.7937	58.7936	27.7936	 2.48	 0.11	241.18	 0.97	19.83	 0.48	11.07	 2.62	329.44	308.46	321.48	283.48	313.81	0	56.70
2003	2	28	19.272	2980.8030	58.8030	27.8030	 2.58	 0.14	239.34	 1.04	20.68	 0.55	11.08	 2.35	329.39	308.44	322.91	283.31	313.69	0	56.66
2003	2	28	19.497	2980.8123	58.8124	27.8124	 2.41	 0.10	238.68	 0.96	19.71	 0.47	11.07	 2.38	329.38	308.38	321.98	283.23	313.58	0	56.65
2003	2	28	19.722	2980.8218	58.8218	27.8218	 2.73	 0.15	237.78	 0.97	17.10	 0.60	11.07	 2.52	329.37	308.30	321.17	282.69	314.03	0	56.54
2003	2	28	19.947	2980.8311	58.8311	27.8311	 2.60	 0.11	237.70	 0.78	18.72	 0.27	11.07	 2.43	329.35	308.16	321.91	282.71	313.19	0	56.54
2003	2	28	20.173	2980.8406	58.8405	27.8405	 2.60	 0.12	235.86	 0.85	24.37	 0.22	11.07	 2.29	329.38	308.03	321.88	282.66	312.96	0	56.53
2003	2	28	20.398	2980.8499	58.8499	27.8499	 2.58	 0.15	236.53	 1.11	17.34	 0.71	11.07	 2.38	329.40	307.86	321.46	282.83	311.38	0	56.57
2003	2	28	20.623	2980.8594	58.8593	27.8593	 2.92	 0.18	234.58	 0.95	11.49	 0.77	11.07	 2.50	329.38	307.69	320.88	282.82	312.76	0	56.56
2003	2	28	20.848	2980.8687	58.8687	27.8687	 2.88	 0.12	235.22	 0.65	17.60	 0.13	11.08	 2.52	329.35	307.56	320.66	283.30	312.57	0	56.66
2003	2	28	21.074	2980.8782	58.8781	27.8781	 2.90	 0.18	230.23	 0.92	10.34	 0.79	11.08	 2.23	329.34	307.33	320.77	281.85	310.90	0	56.37
2003	2	28	21.299	2980.8875	58.8874	27.8874	 2.88	 0.16	230.59	 0.83	 9.24	 0.75	11.05	 2.23	329.36	307.02	320.57	281.47	311.91	0	56.29
2003	2	28	21.523	2980.8967	58.8968	27.8968	 3.16	 0.35	228.55	 1.34	 6.84	 0.98	11.07	 2.23	329.34	306.61	320.37	281.47	311.44	0	56.29
2003	2	28	21.748	2980.9062	58.9062	27.9062	 3.42	 0.37	231.10	 1.11	 6.30	 0.96	11.07	 2.44	329.30	306.19	319.67	280.51	310.92	0	56.10
2003	2	28	21.973	2980.9155	58.9156	27.9156	 3.39	 0.26	228.13	 0.81	 2.04	 0.99	11.05	 2.32	329.26	305.67	318.72	279.55	310.23	0	55.91
2003	2	28	22.198	2980.9250	58.9249	27.9249	 3.38	 0.46	224.61	 1.39	 1.31	 1.00	11.07	 2.20	329.25	304.87	318.58	279.45	308.82	0	55.89
2003	2	28	22.423	2980.9343	58.9343	27.9343	 3.74	 0.48	228.83	 1.03	 2.97	 0.99	11.08	 2.49	329.37	303.77	318.29	275.81	309.15	0	55.16
2003	2	28	22.649	2980.9438	58.9437	27.9437	 4.32	 7.79	221.94	 8.87	119.07	 1.00	11.20	 2.53	329.42	302.77	312.40	275.33	308.11	0	55.07
2003	2	28	23.101	2980.9624	58.9625	27.9625	 3.76	 1.67	218.83	 3.31	25.42	 0.99	11.07	 1.92	329.63	300.35	316.90	272.18	305.21	0	54.44
2003	2	28	23.552	2980.9814	58.9813	27.9813	 4.25	 0.67	220.66	 0.82	 1.07	 1.00	11.07	 2.14	329.78	298.05	314.07	271.60	303.54	0	54.32
2003	2	28	23.777	2980.9907	58.9907	27.9907	 4.74	 0.87	225.55	 0.66	 0.39	 1.00	11.05	 2.57	329.75	297.04	311.48	270.65	301.94	0	54.13
