2000	12	1	2.014	2161.0840	335.0839	0.0839	 2.74	 0.93	223.28	 5.53	35.49	 1.00	11.20	 2.53	336.43	290.78	313.54	265.69	300.31	0	53.14
2000	12	1	2.243	2161.0935	335.0934	0.0934	 2.32	 0.47	216.97	 4.33	30.69	 1.00	11.18	 2.55	336.40	290.35	307.12	265.55	299.74	0	53.11
2000	12	1	2.700	2161.1125	335.1125	0.1125	 2.00	 0.27	210.19	 3.54	15.90	 1.00	11.20	 2.25	336.40	289.52	302.53	264.18	298.88	0	52.84
2000	12	1	2.929	2161.1221	335.1220	0.1220	 2.10	 0.26	214.20	 3.04	 9.17	 1.00	11.18	 2.55	336.42	289.11	303.27	264.05	298.20	0	52.81
2000	12	1	4.073	2161.1697	335.1697	0.1697	 1.33	 0.23	200.17	 6.93	57.19	 0.99	11.18	 1.83	336.32	287.28	302.86	264.28	296.15	0	52.86
2000	12	1	4.531	2161.1887	335.1888	0.1888	 0.91	 0.35	205.22	23.32	121.12	 1.00	11.20	 2.00	336.37	286.69	291.82	265.01	295.05	0	53.00
2000	12	1	4.759	2161.1982	335.1983	0.1983	 1.07	 0.31	197.78	14.48	205.85	 0.99	11.20	 2.06	336.36	286.47	297.05	265.18	294.76	0	53.04
2000	12	1	5.674	2161.2363	335.2365	0.2364	 1.58	 0.37	205.02	 8.18	40.18	 1.00	11.20	 2.32	336.31	285.60	292.16	263.73	293.50	0	52.75
2000	12	1	6.132	2161.2554	335.2555	0.2555	 1.13	 0.10	217.51	 4.66	27.15	 0.99	11.18	 2.41	336.30	285.11	298.00	262.19	292.90	0	52.44
2000	12	1	7.276	2161.3032	335.3032	0.3031	 1.09	 0.15	212.68	 7.15	40.60	 1.00	11.18	 1.91	336.29	283.98	300.39	262.16	291.43	0	52.43
2000	12	1	7.733	2161.3223	335.3222	0.3222	 1.31	 0.12	206.67	 3.87	26.12	 0.98	11.20	 2.21	336.31	283.49	292.95	260.69	290.95	0	52.14
2000	12	1	8.191	2161.3413	335.3413	0.3413	 1.46	 0.32	196.51	 8.14	109.71	 0.99	11.20	 2.11	336.23	283.09	295.17	260.75	290.34	0	52.15
# Unit 0, Chajnantor, Filter  0,  Slot 8, 350 um (563) & yellow
#				days
#				since		day of	day of
# yr	mo	dy	 time	1/1/1995	year	month	Tau	unc	Tatm	unc	mse	fitgood	Etime	R	Thot	Twarm	Tchop	Tamb	<Tint>	Filter	Toff
# 1	2	3	4	5		6	7	8	9	10	11	12	13	14	15	16	17	18	19	20	21	22
2000	12	1	9.574	2161.3989	335.3989	0.3989	 0.79	 0.39	179.48	30.00	301.46	 1.00	11.20	 1.63	336.25	282.52	292.11	261.77	289.27	0	52.35
2000	12	1	9.803	2161.4084	335.4084	0.4085	 1.21	 0.27	198.54	10.02	31.09	 1.00	11.18	 2.43	336.28	282.87	296.67	262.08	289.22	0	52.42
2000	12	1	10.489	2161.4370	335.4370	0.4370	 1.25	 0.36	198.40	12.54	229.51	 0.99	11.18	 2.09	336.41	285.32	302.15	266.63	290.48	0	53.33
2000	12	1	10.947	2161.4561	335.4561	0.4561	 1.60	 0.60	188.85	11.91	98.30	 1.00	11.18	 2.33	336.49	287.50	294.54	269.18	292.12	0	53.84
2000	12	1	19.869	2161.8279	335.8279	0.8279	 1.11	 0.71	249.96	39.80	802.42	 1.00	11.18	 2.03	336.77	308.66	324.56	281.11	315.26	0	56.22
2000	12	2	2.047	2162.0852	336.0853	1.0853	 1.64	 1.19	203.83	23.93	623.78	 1.00	11.20	 1.56	336.41	289.12	315.33	265.09	298.65	0	53.02
2000	12	2	2.734	2162.1140	336.1139	1.1139	 1.68	 0.74	194.45	13.55	377.97	 0.99	11.18	 2.28	336.41	287.95	295.96	264.83	297.11	0	52.97
2000	12	2	5.021	2162.2092	336.2092	1.2092	 0.44	 0.46	192.59	102.88	713.80	 1.00	11.20	 1.40	336.33	284.98	278.96	263.54	293.14	0	52.71
2000	12	2	5.708	2162.2378	336.2378	1.2378	 1.10	 0.15	213.72	 7.46	48.80	 0.99	11.20	 2.56	336.31	284.31	301.99	261.84	292.21	0	52.37
2000	12	2	6.165	2162.2568	336.2569	1.2569	 1.11	 0.12	202.76	 5.37	46.51	 0.98	11.18	 2.26	336.32	283.88	296.45	261.62	291.66	0	52.32
2000	12	2	6.394	2162.2664	336.2664	1.2664	 1.15	 0.06	200.05	 2.38	 9.59	 0.98	11.20	 2.35	336.33	283.67	295.09	261.11	291.31	0	52.22
2000	12	2	6.633	2162.2764	336.2764	1.2764	 0.98	 0.06	200.24	 3.45	 4.75	 1.00	11.27	 2.03	336.30	283.44	295.29	260.61	291.03	0	52.12
2000	12	2	6.862	2162.2859	336.2859	1.2859	 1.18	 0.09	203.80	 3.44	25.34	 0.97	11.18	 2.39	336.21	283.22	296.76	260.50	290.76	0	52.10
2000	12	2	7.091	2162.2954	336.2955	1.2955	 0.90	 0.12	200.44	 8.17	33.49	 1.00	11.20	 2.32	336.28	282.98	293.23	260.32	290.44	0	52.06
2000	12	2	7.320	2162.3049	336.3050	1.3050	 1.13	 0.13	196.35	 5.59	27.13	 0.99	11.18	 2.50	336.21	282.72	294.40	259.65	290.17	0	51.93
2000	12	2	7.548	2162.3145	336.3145	1.3145	 1.07	 0.12	194.03	 5.59	42.31	 0.98	11.20	 2.49	336.23	282.40	292.89	258.94	290.13	0	51.79
2000	12	2	7.777	2162.3240	336.3241	1.3241	 0.96	 0.17	199.98	10.12	16.87	 1.00	11.20	 2.37	336.23	282.08	295.39	258.16	289.49	0	51.63
2000	12	2	8.006	2162.3335	336.3336	1.3336	 0.69	 0.20	181.10	20.03	154.66	 0.99	11.20	 1.94	336.17	281.74	289.37	257.83	289.20	0	51.57
2000	12	2	8.235	2162.3430	336.3431	1.3431	 0.29	 0.11	242.50	57.96	43.90	 1.00	11.20	 1.74	336.21	281.45	282.15	257.50	288.86	0	51.50
2000	12	2	9.608	2162.4004	336.4003	1.4003	 0.62	 0.10	189.14	12.72	35.14	 0.99	11.18	 2.01	336.18	280.40	291.71	258.95	287.19	0	51.79
2000	12	2	10.294	2162.4290	336.4289	1.4289	 0.56	 0.34	202.16	53.15	156.87	 1.00	11.18	 2.40	336.30	282.22	288.35	262.15	287.88	0	52.43
2000	12	2	11.209	2162.4670	336.4670	1.4670	 1.13	 0.41	176.70	15.56	159.50	 1.00	11.18	 2.36	336.45	286.66	297.23	269.51	290.91	0	53.90
2000	12	2	13.728	2162.5720	336.5720	1.5720	 0.87	 0.25	195.88	17.51	55.96	 1.00	11.20	 2.45	336.93	299.10	307.45	283.66	304.71	0	56.73
2000	12	3	1.918	2163.0798	337.0799	2.0799	 1.72	 0.43	216.97	 8.33	48.84	 1.00	11.28	 2.32	336.42	290.22	308.52	265.17	299.89	0	53.03
2000	12	3	2.381	2163.0991	337.0992	2.0992	 1.57	 0.07	213.38	 1.63	 7.48	 0.97	11.28	 2.48	336.40	289.26	305.39	264.08	298.69	0	52.82
2000	12	3	2.613	2163.1089	337.1089	2.1089	 1.49	 0.10	202.61	 2.36	14.75	 0.97	11.27	 2.14	336.41	288.81	304.77	263.52	298.18	0	52.70
2000	12	3	2.845	2163.1184	337.1185	2.1185	 1.33	 0.11	205.46	 3.54	 8.07	 1.00	11.30	 2.16	336.45	288.38	303.91	263.64	297.54	0	52.73
2000	12	3	3.076	2163.1282	337.1282	2.1282	 0.99	 0.07	202.69	 3.72	 8.38	 1.00	11.32	 2.03	336.40	287.98	297.42	263.47	297.10	0	52.69
2000	12	3	3.309	2163.1379	337.1378	2.1379	 1.30	 0.14	205.62	 4.53	48.95	 0.97	11.30	 2.34	336.27	287.59	301.85	263.58	296.55	0	52.72
2000	12	3	3.773	2163.1572	337.1572	2.1572	 0.93	 0.15	196.26	 9.55	51.72	 1.00	11.27	 2.03	336.26	286.93	293.53	263.54	295.55	0	52.71
2000	12	3	4.005	2163.1670	337.1669	2.1669	 0.84	 0.21	178.39	13.82	59.12	 1.00	11.28	 1.66	336.33	286.62	290.37	263.89	295.19	0	52.78
2000	12	3	4.237	2163.1765	337.1765	2.1766	 1.00	 0.22	199.79	12.22	33.23	 1.00	11.28	 2.24	336.32	286.31	303.36	263.91	294.84	0	52.78
2000	12	3	5.178	2163.2158	337.2158	2.2158	 1.10	 0.21	211.69	 9.86	62.38	 1.00	11.32	 2.24	336.35	285.36	304.35	263.67	293.72	0	52.73
2000	12	3	6.339	2163.2642	337.2641	2.2641	 1.34	 0.27	217.71	 8.89	55.80	 1.00	11.28	 2.34	336.30	283.86	303.93	260.75	291.71	0	52.15
2000	12	3	6.571	2163.2737	337.2738	2.2738	 1.09	 0.24	196.00	10.77	25.78	 1.00	11.30	 2.06	336.30	283.60	291.54	260.70	291.35	0	52.14
2000	12	3	7.036	2163.2932	337.2932	2.2931	 0.71	 0.55	182.04	51.53	463.46	 1.00	11.32	 1.63	336.25	283.16	293.76	261.03	290.70	0	52.21
2000	12	3	7.268	2163.3027	337.3029	2.3028	 1.57	 0.87	213.32	20.11	437.50	 1.00	11.33	 2.47	336.29	282.98	309.92	261.46	290.76	0	52.29
2000	12	3	10.071	2163.4197	337.4196	2.4196	 1.21	 0.24	188.13	 8.38	45.32	 1.00	11.37	 2.44	336.35	282.46	291.68	260.58	288.54	0	52.12
2000	12	3	16.901	2163.7041	337.7042	2.7042	 0.34	 0.74	233.45	307.06	849.33	 1.00	11.53	 1.46	336.96	305.56	337.16	280.53	312.19	0	56.11
2000	12	4	1.076	2164.0449	338.0449	3.0448	 2.58	 0.79	205.41	 5.17	109.93	 0.97	12.92	 2.19	336.49	291.59	312.13	265.97	301.52	0	53.19
2000	12	4	1.867	2164.0779	338.0778	3.0778	 1.42	 0.09	208.66	 2.52	11.94	 0.99	12.72	 2.08	336.36	289.67	306.18	264.04	299.35	0	52.81
2000	12	4	2.131	2164.0889	338.0888	3.0888	 1.53	 0.18	205.92	 4.29	25.34	 0.99	12.60	 2.38	336.43	289.08	303.76	263.18	298.60	0	52.64
2000	12	4	2.663	2164.1108	338.1110	3.1110	 1.11	 0.19	208.79	 8.98	 7.10	 1.00	12.90	 2.21	336.34	287.99	299.16	263.32	297.14	0	52.66
2000	12	4	3.733	2164.1555	338.1555	3.1556	 1.29	 0.20	191.65	 6.21	31.41	 1.00	12.87	 2.27	336.35	286.27	292.06	262.44	294.98	0	52.49
2000	12	4	9.896	2164.4124	338.4123	3.4123	 0.31	 0.19	239.68	90.49	32.25	 1.00	14.72	 1.99	336.20	281.73	284.83	 0.00	287.78	0	54.00
2000	12	5	0.944	2165.0393	339.0393	4.0394	 1.36	 0.12	217.03	 3.94	38.01	 0.97	10.28	 2.43	336.34	292.76	303.95	266.16	302.62	0	53.23
2000	12	5	1.575	2165.0657	339.0656	4.0656	 1.29	 0.22	204.82	 7.33	34.34	 1.00	10.28	 2.12	336.44	290.96	308.91	264.57	300.70	0	52.91
2000	12	5	1.996	2165.0833	339.0832	4.0832	 1.23	 0.13	210.25	 5.17	 8.71	 1.00	10.28	 2.20	336.35	289.95	311.81	264.57	299.54	0	52.91
2000	12	5	2.626	2165.1094	339.1094	4.1094	 1.02	 0.20	202.76	10.81	32.48	 1.00	10.28	 2.21	336.41	288.68	298.75	264.44	297.91	0	52.89
2000	12	5	3.468	2165.1445	339.1445	4.1445	 0.96	 0.27	202.02	15.81	39.06	 1.00	10.28	 2.19	336.34	287.30	295.99	264.59	296.11	0	52.92
2000	12	5	3.888	2165.1621	339.1620	4.1620	 1.20	 0.14	199.87	 5.34	 8.24	 1.00	10.27	 2.54	336.29	286.73	298.56	264.20	295.34	0	52.84
2000	12	5	4.519	2165.1882	339.1883	4.1883	 0.98	 0.13	210.20	 7.62	44.78	 0.99	10.28	 2.24	336.28	285.97	300.00	263.65	294.70	0	52.73
2000	12	5	4.729	2165.1970	339.1971	4.1970	 0.93	 0.10	204.04	 6.42	19.06	 1.00	10.28	 2.05	336.32	285.75	297.74	263.48	294.04	0	52.70
2000	12	5	4.939	2165.2058	339.2058	4.2058	 1.17	 0.09	205.64	 3.56	 0.86	 1.00	10.28	 2.45	336.33	285.54	297.74	263.25	293.71	0	52.65
2000	12	5	5.149	2165.2146	339.2145	4.2145	 1.01	 0.10	199.14	 5.37	11.59	 1.00	10.28	 2.23	336.29	285.33	295.87	262.64	293.34	0	52.53
2000	12	5	5.569	2165.2322	339.2321	4.2321	 0.91	 0.11	201.90	 7.20	 8.33	 1.00	10.28	 2.19	336.27	284.84	293.95	262.70	293.09	0	52.54
2000	12	5	5.779	2165.2407	339.2408	4.2408	 0.98	 0.09	202.73	 5.40	14.72	 1.00	10.27	 2.29	336.28	284.64	294.17	262.99	292.48	0	52.60
2000	12	5	5.990	2165.2495	339.2496	4.2496	 1.26	 0.10	201.66	 3.40	12.60	 0.99	10.28	 2.56	336.24	284.48	296.46	264.22	292.20	0	52.84
2000	12	5	6.200	2165.2583	339.2583	4.2583	 1.16	 0.10	188.23	 3.77	12.41	 1.00	10.28	 2.41	336.27	284.40	293.14	265.86	291.99	0	53.17
2000	12	5	6.410	2165.2671	339.2671	4.2671	 0.91	 0.11	199.63	 7.09	23.43	 1.00	10.27	 2.30	336.29	284.34	294.25	266.27	291.79	0	53.25
2000	12	5	6.620	2165.2759	339.2758	4.2758	 1.00	 0.06	198.13	 3.14	 3.71	 1.00	10.28	 2.40	336.33	284.29	294.28	266.04	291.68	0	53.21
2000	12	5	6.830	2165.2847	339.2846	4.2846	 0.97	 0.04	198.32	 2.07	 4.82	 0.98	10.27	 2.37	336.30	284.22	294.58	264.52	291.58	0	52.90
2000	12	5	7.040	2165.2935	339.2933	4.2933	 0.90	 0.05	197.69	 3.04	11.49	 0.97	10.28	 2.28	336.35	284.14	294.43	265.43	292.82	0	53.09
2000	12	5	7.250	2165.3020	339.3021	4.3021	 0.97	 0.04	200.93	 2.58	 1.17	 1.00	10.28	 2.42	336.26	284.02	296.33	265.94	291.24	0	53.19
2000	12	5	7.461	2165.3108	339.3109	4.3109	 0.95	 0.05	198.78	 2.70	 5.29	 0.99	10.27	 2.34	336.26	283.88	294.49	264.76	291.10	0	52.95
2000	12	5	7.671	2165.3196	339.3196	4.3196	 0.96	 0.05	198.04	 2.63	 2.25	 1.00	10.28	 2.35	336.24	283.73	294.09	264.14	290.89	0	52.83
2000	12	5	7.881	2165.3284	339.3284	4.3284	 0.98	 0.06	196.72	 3.13	 5.19	 1.00	10.28	 2.26	336.23	283.59	295.14	263.61	290.68	0	52.72
2000	12	5	8.091	2165.3372	339.3371	4.3371	 0.77	 0.04	201.45	 3.59	 9.01	 0.98	10.27	 2.11	336.26	283.49	293.52	264.06	290.49	0	52.81
2000	12	5	8.301	2165.3459	339.3459	4.3459	 0.96	 0.06	200.41	 3.63	 1.22	 1.00	10.28	 2.32	336.26	283.44	294.97	264.30	290.35	0	52.86
2000	12	5	8.511	2165.3547	339.3546	4.3546	 0.87	 0.05	197.83	 3.49	 6.41	 0.99	10.27	 2.14	336.23	283.40	292.86	264.86	290.27	0	52.97
2000	12	5	8.721	2165.3633	339.3634	4.3634	 0.89	 0.04	200.01	 2.64	12.85	 0.92	10.28	 2.30	336.24	283.36	292.68	265.13	290.19	0	53.03
2000	12	5	8.931	2165.3721	339.3721	4.3721	 0.97	 0.05	200.54	 2.98	 6.19	 0.99	10.28	 2.36	336.25	283.32	292.55	264.62	290.07	0	52.92
2000	12	5	9.141	2165.3809	339.3809	4.3809	 0.94	 0.05	198.67	 3.01	 6.48	 0.99	10.27	 2.30	336.24	283.28	290.04	264.47	289.99	0	52.89
2000	12	5	9.562	2165.3984	339.3984	4.3984	 1.14	 0.08	197.16	 3.53	11.84	 0.99	10.27	 2.50	336.23	283.30	293.39	266.14	289.82	0	53.23
2000	12	5	9.772	2165.4072	339.4072	4.4072	 1.08	 0.12	189.73	 5.34	24.72	 0.99	10.28	 2.44	336.32	283.68	291.13	267.53	289.84	0	53.51
2000	12	5	9.982	2165.4160	339.4159	4.4159	 1.16	 0.10	184.09	 3.74	16.08	 0.99	10.30	 2.29	336.32	284.35	291.75	267.43	290.13	0	53.49
2000	12	5	10.192	2165.4246	339.4247	4.4247	 1.03	 0.07	190.16	 3.32	14.82	 0.98	10.27	 2.37	336.37	285.14	291.99	267.49	290.66	0	53.50
2000	12	5	10.402	2165.4333	339.4334	4.4334	 1.06	 0.06	187.49	 2.86	10.14	 0.98	10.27	 2.25	336.42	286.03	293.16	268.14	292.04	0	53.63
2000	12	5	10.612	2165.4421	339.4422	4.4422	 1.20	 0.05	193.29	 1.90	18.03	 0.82	10.27	 2.45	336.46	286.98	295.58	269.37	291.98	0	53.87
2000	12	5	10.823	2165.4509	339.4509	4.4509	 1.24	 0.07	187.19	 2.36	25.29	 0.86	10.28	 2.36	336.47	288.01	293.78	270.49	292.71	0	54.10
2000	12	5	11.033	2165.4597	339.4597	4.4597	 1.22	 0.05	188.47	 1.77	20.32	 0.73	10.27	 2.34	336.51	289.05	295.08	272.04	293.59	0	54.41
2000	12	5	11.243	2165.4685	339.4684	4.4684	 1.30	 0.04	190.20	 1.39	 4.72	 0.97	10.27	 2.33	336.52	290.12	297.49	273.98	292.42	0	54.80
2000	12	5	11.453	2165.4773	339.4772	4.4772	 1.10	 0.04	188.59	 1.68	 2.08	 1.00	10.28	 2.26	336.55	291.22	295.89	276.67	295.44	0	55.33
2000	12	5	11.663	2165.4858	339.4860	4.4859	 1.24	 0.07	186.70	 2.48	 6.74	 0.99	10.27	 2.32	336.51	292.32	298.39	279.18	296.51	0	55.84
2000	12	5	12.083	2165.5034	339.5034	4.5035	 1.24	 0.20	179.98	 6.37	15.80	 1.00	10.28	 2.10	336.53	294.33	303.79	280.31	298.50	0	56.06
2000	12	5	12.503	2165.5210	339.5210	4.5210	 1.36	 0.33	183.45	 9.01	19.50	 1.00	10.28	 2.36	336.66	296.27	305.87	280.73	300.54	0	56.15
2000	12	5	12.713	2165.5298	339.5297	4.5297	 1.31	 0.24	191.83	 7.45	37.83	 1.00	10.27	 2.31	336.61	297.19	308.19	281.25	301.56	0	56.25
2000	12	5	13.134	2165.5474	339.5472	4.5472	 1.39	 0.19	192.17	 5.25	28.18	 1.00	10.27	 2.32	336.74	299.01	309.17	282.58	303.60	0	56.52
2000	12	5	13.764	2165.5735	339.5735	4.5735	 1.34	 0.21	192.84	 6.25	17.15	 1.00	10.27	 2.47	336.87	301.73	310.54	288.09	306.63	0	57.62
2000	12	5	15.655	2165.6523	339.6523	4.6523	 1.84	 0.75	181.02	10.26	258.22	 0.99	10.28	 1.85	336.95	308.17	308.30	289.23	314.24	0	57.85
2000	12	5	15.866	2165.6611	339.6611	4.6611	 0.99	 0.29	226.98	17.90	179.91	 1.00	10.27	 1.92	336.99	308.70	308.65	287.61	314.97	0	57.52
2000	12	5	19.018	2165.7925	339.7924	4.7924	 2.65	 1.14	227.09	 7.60	40.71	 1.00	10.27	 2.01	336.69	310.37	327.00	283.29	318.23	0	56.66
2000	12	5	20.709	2165.8628	339.8629	4.8629	 3.03	 0.73	231.20	 3.27	17.81	 1.00	10.28	 2.35	336.62	306.49	327.67	277.62	316.06	0	55.52
2000	12	5	23.231	2165.9680	339.9680	4.9680	 2.71	 1.02	217.56	 6.09	26.65	 1.00	10.28	 2.29	336.36	298.41	316.16	272.07	308.69	0	54.41
2000	12	6	0.072	2166.0029	340.0030	5.0030	 3.51	 0.79	209.43	 1.94	 2.72	 1.00	10.27	 2.02	336.35	295.92	310.91	269.32	306.09	0	53.86
2000	12	6	0.282	2166.0117	340.0117	5.0117	 3.61	 0.65	215.21	 1.48	 1.19	 1.00	10.28	 2.19	336.39	295.43	312.18	269.15	305.49	0	53.83
2000	12	6	0.492	2166.0205	340.0205	5.0205	 3.89	 0.35	213.82	 0.60	 0.40	 1.00	10.27	 2.19	336.42	295.04	310.59	269.33	304.94	0	53.87
2000	12	6	0.702	2166.0293	340.0293	5.0293	 3.65	 0.50	214.34	 1.09	 2.36	 1.00	10.28	 2.19	336.40	294.69	309.46	269.44	304.42	0	53.89
2000	12	6	0.912	2166.0381	340.0380	5.0380	 3.77	 0.70	215.08	 1.35	 2.54	 1.00	10.27	 2.22	336.44	294.33	309.35	269.63	303.97	0	53.93
2000	12	6	1.753	2166.0730	340.0731	5.0730	 2.52	 2.24	224.18	17.12	121.91	 1.00	10.28	 2.07	336.54	292.89	312.91	270.62	302.15	0	54.12
2000	12	6	6.378	2166.2656	340.2657	5.2657	81.07	 1.00	215.84	 0.00	24.17	 0.00	10.28	 2.39	336.21	290.36	302.25	269.82	297.82	0	53.96
2000	12	6	6.588	2166.2744	340.2745	5.2745	 6.08	15.27	213.46	 2.83	 4.62	 1.00	10.27	 2.42	336.20	290.16	299.77	269.10	297.62	0	53.82
2000	12	6	6.798	2166.2832	340.2833	5.2833	 4.12	 1.06	212.50	 1.41	11.21	 0.96	10.28	 2.26	336.26	289.96	298.95	268.35	297.37	0	53.67
2000	12	6	7.008	2166.2920	340.2920	5.2920	 3.68	 0.71	213.66	 1.49	 2.90	 1.00	10.27	 2.15	336.26	289.81	300.53	268.22	297.25	0	53.64
2000	12	6	7.218	2166.3008	340.3008	5.3008	 4.30	 0.93	215.79	 1.04	 5.08	 0.97	10.27	 2.26	336.26	289.67	300.17	268.08	297.16	0	53.62
2000	12	6	7.428	2166.3096	340.3095	5.3095	 4.21	 0.60	215.91	 0.73	 0.84	 1.00	10.28	 2.22	336.28	289.57	300.24	268.25	296.97	0	53.65
2000	12	6	7.638	2166.3184	340.3183	5.3183	 3.77	 0.63	212.98	 1.20	 2.23	 1.00	10.27	 2.07	336.28	289.46	299.92	269.16	296.81	0	53.83
2000	12	6	7.849	2166.3269	340.3270	5.3270	 7.90	71.10	214.83	 2.15	 4.30	 1.00	10.28	 2.18	336.23	289.37	300.05	269.69	295.79	0	53.94
2000	12	6	8.689	2166.3621	340.3621	5.3620	 2.65	 1.42	217.76	 9.08	73.20	 1.00	10.28	 2.56	336.31	288.85	292.21	268.62	296.05	0	53.72
2000	12	6	10.370	2166.4321	340.4321	5.4321	20.31	47825222.39	195.12	 5.35	102.23	 0.99	10.28	 2.04	336.38	289.31	292.36	268.59	295.66	0	53.72
2000	12	6	18.577	2166.7742	340.7740	5.7741	 2.56	 1.88	192.81	11.76	125.52	 1.00	10.28	 2.08	336.84	308.57	309.85	281.72	316.31	0	56.34
2000	12	6	21.940	2166.9141	340.9142	5.9142	 3.50	 5.72	223.19	15.12	1271.65	 0.96	10.28	 2.55	336.48	300.00	325.67	271.27	309.77	0	54.25
2000	12	6	23.201	2166.9668	340.9667	5.9667	102.84	 1.00	187.94	 0.00	90.34	 0.00	10.28	 1.44	336.43	296.04	302.72	268.11	305.70	0	53.62
2000	12	6	23.411	2166.9753	340.9755	5.9755	64.15	 0.99	189.25	 0.00	301.17	 0.00	10.28	 1.71	336.37	295.49	307.19	267.96	305.15	0	53.59
2000	12	6	23.831	2166.9929	340.9930	5.9930	 3.40	 1.46	215.67	 4.14	 9.70	 1.00	10.28	 2.25	336.40	294.56	313.00	267.98	304.02	0	53.60
2000	12	7	0.252	2167.0105	341.0105	6.0105	97.37	 1.00	214.43	 0.00	46.79	 0.00	10.28	 2.54	336.43	293.84	306.22	268.15	302.95	0	53.63
2000	12	7	0.462	2167.0193	341.0193	6.0192	 2.35	 0.57	212.00	 4.96	44.03	 1.00	10.28	 2.16	336.48	293.48	306.75	268.06	302.64	0	53.61
2000	12	7	0.882	2167.0369	341.0368	6.0368	 5.08	 1.16	210.37	 0.58	 1.08	 0.99	10.27	 2.24	336.46	292.92	304.10	267.81	301.76	0	53.56
2000	12	7	1.092	2167.0454	341.0455	6.0455	 5.10	 2.36	211.33	 1.16	 0.87	 1.00	10.28	 2.15	336.49	292.75	305.58	267.91	301.47	0	53.58
2000	12	7	1.302	2167.0542	341.0543	6.0543	 4.00	 0.85	211.79	 1.28	 2.84	 1.00	10.27	 2.17	336.44	292.61	304.46	267.94	302.61	0	53.59
2000	12	7	1.512	2167.0630	341.0630	6.0630	 4.71	 1.68	211.77	 1.23	 1.48	 1.00	10.27	 2.19	336.42	292.43	304.48	268.31	300.82	0	53.66
2000	12	7	1.722	2167.0718	341.0718	6.0718	 4.22	 1.28	207.93	 1.51	 1.18	 1.00	10.28	 2.01	336.43	292.14	303.42	267.59	300.51	0	53.52
2000	12	7	1.933	2167.0806	341.0805	6.0805	 8.08	37.07	214.75	 0.93	 1.15	 1.00	10.27	 2.20	336.35	291.86	305.63	267.79	300.14	0	53.56
2000	12	7	2.143	2167.0894	341.0893	6.0893	 4.51	 1.23	212.75	 1.10	 0.77	 1.00	10.28	 2.23	336.30	291.60	303.05	267.84	299.80	0	53.57
2000	12	7	2.983	2167.1243	341.1243	6.1243	41.31	 1.00	217.15	 0.00	20.91	 0.00	10.28	 2.30	336.31	290.43	308.57	267.43	298.50	0	53.49
2000	12	7	3.404	2167.1418	341.1418	6.1418	 4.26	 3.36	218.37	 3.97	 2.22	 1.00	10.28	 2.44	336.25	290.08	304.22	267.50	297.97	0	53.50
2000	12	7	3.824	2167.1594	341.1593	6.1593	 4.49	 1.75	210.78	 1.59	 2.21	 1.00	10.27	 2.16	336.33	289.83	299.96	267.64	297.48	0	53.53
2000	12	7	4.034	2167.1680	341.1681	6.1681	 4.71	 3.08	210.72	 2.24	 4.14	 1.00	10.27	 1.90	336.30	289.80	304.06	267.67	297.31	0	53.53
2000	12	7	4.664	2167.1943	341.1944	6.1944	 3.62	 2.69	223.02	 6.31	70.86	 1.00	10.28	 2.47	336.26	289.77	306.09	268.18	297.04	0	53.64
2000	12	7	4.874	2167.2031	341.2031	6.2031	 3.17	 1.36	210.82	 4.81	17.79	 1.00	10.27	 1.95	336.27	289.66	300.78	267.98	296.91	0	53.60
2000	12	7	5.085	2167.2119	341.2119	6.2119	13.96	30149.46	212.04	 2.09	 7.11	 1.00	10.28	 2.12	336.25	289.54	299.70	267.78	296.75	0	53.56
2000	12	7	5.295	2167.2207	341.2206	6.2206	 5.55	16.75	207.70	 5.15	 7.10	 1.00	10.28	 2.01	336.24	289.44	297.69	267.89	296.60	0	53.58
2000	12	7	6.136	2167.2556	341.2557	6.2557	53.97	 1.00	211.95	 0.00	46.39	 0.00	10.27	 2.12	336.19	289.01	300.28	267.17	296.00	0	53.43
2000	12	7	6.346	2167.2644	341.2644	6.2644	 4.84	 4.08	220.51	 2.71	15.40	 1.00	10.28	 2.38	336.17	288.97	303.79	267.17	296.38	0	53.43
2000	12	7	6.766	2167.2820	341.2819	6.2819	 4.06	 4.20	209.48	 5.89	79.38	 0.99	10.28	 2.10	336.22	288.92	295.10	267.20	295.78	0	53.44
2000	12	7	6.977	2167.2908	341.2907	6.2907	22.28	216211489.54	217.79	 3.74	13.10	 1.00	10.27	 2.07	336.20	288.87	302.89	267.40	295.71	0	53.48
2000	12	7	7.187	2167.2996	341.2994	6.2994	 2.79	 1.22	210.89	 6.51	23.95	 1.00	10.28	 2.08	336.22	288.81	299.81	267.36	295.62	0	53.47
2000	12	7	7.607	2167.3169	341.3170	6.3170	 5.42	 5.44	209.38	 1.91	 6.36	 1.00	10.28	 1.98	336.22	288.77	298.52	267.23	295.41	0	53.45
2000	12	7	7.818	2167.3257	341.3257	6.3257	 5.11	 3.28	214.73	 1.63	 3.16	 1.00	10.28	 2.21	336.20	288.75	298.40	267.06	295.89	0	53.41
2000	12	7	8.028	2167.3345	341.3345	6.3345	 5.14	 2.32	212.68	 1.10	 0.67	 1.00	10.27	 2.14	336.16	288.74	298.06	267.10	295.33	0	53.42
2000	12	7	8.238	2167.3433	341.3432	6.3432	 5.68	 3.88	209.23	 1.05	 2.57	 1.00	10.27	 2.10	336.20	288.74	295.88	267.27	295.28	0	53.45
2000	12	7	8.448	2167.3521	341.3520	6.3520	 4.18	 0.79	213.04	 1.00	 1.39	 1.00	10.28	 2.22	336.15	288.74	296.77	267.52	295.23	0	53.50
2000	12	7	8.658	2167.3608	341.3607	6.3608	13.73	35462.43	206.94	 3.02	34.07	 0.99	10.28	 2.03	336.16	288.72	295.77	267.93	295.19	0	53.59
2000	12	7	8.868	2167.3696	341.3695	6.3695	 4.35	 1.27	213.86	 1.34	 0.80	 1.00	10.27	 2.20	336.19	288.66	298.14	268.15	295.15	0	53.63
2000	12	7	9.078	2167.3782	341.3783	6.3783	 4.25	 1.00	212.95	 1.17	 2.69	 1.00	10.27	 2.24	336.17	288.58	297.29	268.18	295.10	0	53.64
2000	12	7	9.288	2167.3870	341.3870	6.3870	 4.61	 1.72	210.53	 1.38	 2.45	 1.00	10.28	 2.14	336.16	288.45	296.71	267.74	295.02	0	53.55
2000	12	7	9.498	2167.3958	341.3958	6.3958	 3.96	 0.67	211.27	 1.04	 2.20	 1.00	10.27	 2.14	336.16	288.30	296.76	266.93	294.91	0	53.39
2000	12	7	9.709	2167.4045	341.4045	6.4045	 5.99	 6.27	213.03	 1.27	 1.77	 1.00	10.28	 2.15	336.16	288.18	298.15	266.94	294.77	0	53.39
2000	12	7	9.919	2167.4133	341.4133	6.4133	 4.27	 1.23	212.03	 1.40	 1.96	 1.00	10.27	 2.18	336.15	288.28	298.50	267.41	295.17	0	53.48
2000	12	7	10.129	2167.4221	341.4220	6.4220	 3.47	 0.46	211.81	 1.19	 1.55	 1.00	10.28	 2.19	336.25	288.78	298.95	268.29	294.81	0	53.66
2000	12	7	10.339	2167.4309	341.4308	6.4308	19.02	2987617.27	202.80	 1.25	 8.31	 0.97	10.27	 2.06	336.27	289.55	295.77	269.72	295.17	0	53.94
2000	12	7	10.549	2167.4395	341.4395	6.4395	28.30	63314392819.21	213.43	 2.60	20.74	 0.99	10.28	 2.08	336.30	290.52	303.82	271.61	295.80	0	54.32
2000	12	7	10.759	2167.4482	341.4483	6.4483	24.25	1871914688.19	198.75	 4.12	32.27	 1.00	10.28	 2.02	336.30	291.29	294.00	272.75	296.45	0	54.55
2000	12	7	11.179	2167.4658	341.4658	6.4658	 4.34	 6.52	193.17	 6.28	47.67	 1.00	10.27	 1.94	336.28	292.12	294.84	272.07	300.45	0	54.41
2000	12	7	11.390	2167.4746	341.4746	6.4746	 4.22	 4.02	217.04	 4.94	 8.64	 1.00	10.28	 2.58	336.40	292.95	304.08	272.68	297.86	0	54.54
2000	12	7	11.600	2167.4834	341.4833	6.4833	17.47	1653162.78	212.10	 3.42	42.39	 0.99	10.27	 2.45	336.41	293.86	303.28	274.90	298.57	0	54.98
2000	12	7	11.810	2167.4922	341.4921	6.4921	44.78	 1.00	204.80	 0.00	76.16	 0.00	10.28	 2.24	336.47	294.80	298.07	275.37	299.37	0	55.07
2000	12	7	12.020	2167.5007	341.5009	6.5008	25.60	7411445012.28	207.91	 4.44	36.58	 1.00	10.28	 2.31	336.49	295.69	301.03	276.12	300.28	0	55.22
2000	12	7	13.291	2167.5537	341.5538	6.5538	30.89	1933698595846.02	184.73	 5.21	84.27	 0.99	10.28	 1.87	336.75	301.12	303.38	283.45	307.26	0	56.69
2000	12	7	13.501	2167.5625	341.5626	6.5626	 3.25	 2.68	202.29	 8.36	80.23	 1.00	10.28	 2.33	336.84	301.93	311.76	284.24	306.92	0	56.85
2000	12	7	13.712	2167.5713	341.5713	6.5713	35.62	 1.00	219.04	 0.00	40.96	 0.00	10.27	 2.48	336.95	302.75	314.52	 0.00	307.89	0	54.00
2000	12	7	15.603	2167.6501	341.6501	6.6501	 2.08	 1.40	207.51	16.49	677.57	 0.99	10.28	 1.65	336.93	307.80	317.57	285.11	314.44	0	57.02
2000	12	7	16.654	2167.6938	341.6939	6.6939	 2.69	 1.26	231.55	 8.26	 5.11	 1.00	10.27	 2.10	336.80	309.74	327.67	286.69	316.75	0	57.34
2000	12	7	17.916	2167.7466	341.7465	6.7465	 3.07	 1.86	228.35	 7.90	86.33	 1.00	10.28	 2.23	336.74	311.07	328.58	285.94	318.21	0	57.19
2000	12	7	21.279	2167.8867	341.8866	6.8866	38.52	 1.00	181.03	 0.00	468.75	 0.00	10.27	 1.43	336.54	307.45	322.35	279.78	315.27	0	55.96
2000	12	8	1.064	2168.0444	342.0443	7.0443	 4.33	 7.01	203.43	 7.24	20.12	 1.00	10.28	 2.05	336.28	292.50	301.10	267.28	302.38	0	53.46
2000	12	8	1.274	2168.0530	342.0531	7.0531	42.01	 1.00	206.54	 0.00	40.42	 0.00	10.28	 2.25	336.27	292.08	307.54	266.99	301.87	0	53.40
2000	12	8	2.324	2168.0969	342.0969	7.0969	 4.22	 2.24	200.91	 2.56	13.78	 1.00	10.27	 2.01	336.28	290.25	295.24	266.15	299.42	0	53.23
2000	12	8	2.535	2168.1057	342.1056	7.1056	 3.52	 1.06	219.56	 2.70	16.27	 0.99	10.28	 2.36	336.26	289.96	306.45	265.69	298.99	0	53.14
2000	12	8	2.745	2168.1143	342.1144	7.1144	 3.52	 2.05	216.57	 5.14	18.40	 1.00	10.28	 2.44	336.28	289.69	300.90	266.59	298.58	0	53.32
2000	12	8	2.955	2168.1230	342.1231	7.1231	27.83	42723499306.26	208.29	 2.77	26.03	 0.99	10.28	 2.42	336.29	289.46	298.96	267.02	298.17	0	53.40
2000	12	8	3.165	2168.1318	342.1319	7.1319	 3.00	 0.84	214.06	 3.65	23.01	 1.00	10.28	 2.24	336.25	289.21	301.40	266.45	297.85	0	53.29
2000	12	8	3.376	2168.1406	342.1407	7.1406	 4.77	 4.02	210.53	 2.76	14.67	 1.00	10.27	 2.30	336.26	288.95	301.10	266.04	297.46	0	53.21
2000	12	8	3.796	2168.1582	342.1581	7.1581	18.80	6344993.63	206.24	 3.38	 3.56	 1.00	10.27	 1.90	336.25	288.50	298.96	265.88	296.86	0	53.18
2000	12	8	4.426	2168.1843	342.1844	7.1844	 3.86	 1.15	216.28	 2.03	 5.30	 1.00	10.28	 2.49	336.15	287.85	301.43	265.44	295.91	0	53.09
2000	12	8	4.636	2168.1931	342.1932	7.1932	 3.31	 1.34	219.09	 4.28	11.81	 1.00	10.27	 2.51	336.13	287.62	302.40	264.98	295.66	0	53.00
2000	12	8	5.270	2168.2195	342.2196	7.2196	 5.14	 6.03	208.52	 2.81	30.51	 0.98	10.43	 2.17	336.12	286.97	295.95	264.20	294.81	0	52.84
2000	12	8	5.913	2168.2463	342.2464	7.2464	 3.45	 1.05	212.11	 2.77	 3.32	 1.00	10.47	 2.23	336.15	286.52	297.47	265.14	294.12	0	53.03
2000	12	8	6.127	2168.2554	342.2553	7.2553	 3.35	 0.46	209.19	 1.33	 3.10	 1.00	10.52	 2.17	336.17	286.45	295.69	265.27	293.92	0	53.05
2000	12	8	6.342	2168.2642	342.2643	7.2642	 3.92	 0.85	209.60	 1.37	 1.58	 1.00	10.50	 2.19	336.17	286.39	295.07	265.31	293.76	0	53.06
2000	12	8	6.557	2168.2732	342.2732	7.2732	 3.54	 0.49	209.06	 1.16	 2.63	 1.00	10.52	 2.10	336.17	286.31	296.20	265.21	293.58	0	53.04
2000	12	8	6.772	2168.2822	342.2822	7.2822	 3.33	 0.50	211.65	 1.49	 1.40	 1.00	10.52	 2.28	336.13	286.22	295.50	265.49	293.38	0	53.10
2000	12	8	6.987	2168.2910	342.2911	7.2911	 3.54	 0.67	208.41	 1.59	 4.15	 1.00	10.52	 2.11	336.14	286.14	295.08	266.06	293.27	0	53.21
2000	12	8	7.202	2168.3000	342.3001	7.3001	 3.76	 0.72	209.51	 1.36	 4.09	 1.00	10.52	 2.13	336.19	286.07	296.07	265.76	293.15	0	53.15
2000	12	8	7.417	2168.3091	342.3091	7.3090	 3.70	 0.63	215.54	 1.30	 0.89	 1.00	10.52	 2.40	336.21	286.01	296.04	265.37	293.02	0	53.07
2000	12	8	7.632	2168.3181	342.3180	7.3180	 3.15	 0.37	212.32	 1.35	 0.30	 1.00	10.52	 2.21	336.18	285.95	294.91	265.41	292.88	0	53.08
2000	12	8	7.847	2168.3269	342.3270	7.3270	 3.52	 1.29	209.17	 3.14	 1.95	 1.00	10.50	 2.18	336.15	285.87	293.49	265.02	292.79	0	53.00
2000	12	8	8.062	2168.3359	342.3359	7.3359	 3.72	 0.78	215.93	 1.60	 5.80	 0.99	10.52	 2.39	336.14	285.76	297.57	264.77	292.68	0	52.95
2000	12	8	8.277	2168.3450	342.3448	7.3449	 3.22	 0.83	213.66	 2.83	 5.57	 1.00	10.52	 2.22	336.11	285.69	295.21	265.29	292.50	0	53.06
2000	12	8	8.492	2168.3538	342.3538	7.3538	 2.93	 0.61	213.17	 2.84	 5.11	 1.00	10.52	 2.40	336.13	285.65	293.94	265.79	292.37	0	53.16
2000	12	8	8.707	2168.3628	342.3628	7.3628	 3.33	 0.52	208.49	 1.55	 1.89	 1.00	10.52	 2.22	336.05	285.60	292.48	265.31	292.33	0	53.06
2000	12	8	8.922	2168.3718	342.3717	7.3717	 3.11	 0.38	212.33	 1.44	 1.19	 1.00	10.52	 2.30	336.07	285.54	294.62	266.07	292.20	0	53.21
2000	12	8	9.146	2168.3811	342.3811	7.3811	 2.92	 0.37	212.38	 1.71	 0.39	 1.00	10.58	 2.27	336.06	285.48	295.08	266.57	292.02	0	53.31
2000	12	8	9.362	2168.3901	342.3901	7.3901	 3.37	 0.51	211.33	 1.45	 1.72	 1.00	10.52	 2.24	336.11	285.43	294.69	266.31	292.03	0	53.26
2000	12	8	9.577	2168.3989	342.3990	7.3990	 3.04	 0.37	211.13	 1.52	 7.05	 0.99	10.52	 2.26	336.08	285.38	294.22	266.70	291.90	0	53.34
2000	12	8	9.792	2168.4080	342.4080	7.4080	 3.92	 0.88	206.09	 1.39	 6.24	 0.99	10.52	 2.19	336.15	285.55	293.98	266.89	291.87	0	53.38
2000	12	8	10.007	2168.4170	342.4170	7.4170	 3.55	 0.66	203.14	 1.52	 1.22	 1.00	10.52	 2.17	336.16	286.05	293.07	267.16	292.03	0	53.43
2000	12	8	10.222	2168.4260	342.4259	7.4259	 4.05	 1.19	203.90	 1.65	 1.11	 1.00	10.52	 2.13	336.22	286.74	296.59	267.34	292.46	0	53.47
2000	12	8	10.437	2168.4348	342.4349	7.4349	 3.48	 0.44	207.14	 1.11	 1.10	 1.00	10.52	 2.36	336.28	287.59	296.16	268.55	292.99	0	53.71
2000	12	8	10.652	2168.4438	342.4438	7.4438	 3.75	 1.93	207.41	 3.67	16.88	 1.00	10.50	 2.38	336.31	288.51	296.13	269.51	294.52	0	53.90
2000	12	8	10.867	2168.4529	342.4528	7.4528	 3.91	 1.48	205.90	 2.38	16.84	 0.99	10.50	 2.23	336.32	289.42	296.30	270.50	294.31	0	54.10
2000	12	8	11.512	2168.4797	342.4797	7.4797	 3.24	 1.12	201.25	 3.52	 8.17	 1.00	10.52	 2.01	336.43	292.41	298.61	274.67	296.77	0	54.93
2000	12	8	11.727	2168.4885	342.4886	7.4886	 2.71	 0.79	209.70	 4.56	14.50	 1.00	10.50	 2.28	336.49	293.47	301.96	276.17	297.73	0	55.23
2000	12	8	11.942	2168.4976	342.4976	7.4976	 2.59	 0.38	204.31	 2.48	16.63	 0.99	10.52	 2.26	336.45	294.54	301.19	277.91	298.67	0	55.58
2000	12	8	12.157	2168.5066	342.5065	7.5065	 2.56	 0.47	200.77	 3.07	 7.55	 1.00	10.50	 2.04	336.48	295.58	303.53	279.45	299.74	0	55.89
2000	12	8	12.372	2168.5154	342.5155	7.5155	 2.37	 0.33	209.93	 2.80	 6.40	 1.00	10.52	 2.27	336.52	296.67	304.39	280.47	300.87	0	56.09
2000	12	8	13.233	2168.5513	342.5514	7.5514	 2.80	 1.67	210.66	 8.78	177.70	 0.99	10.52	 2.08	336.81	300.70	311.79	285.92	305.27	0	57.18
2000	12	8	13.877	2168.5781	342.5782	7.5782	 2.29	 0.85	210.59	 7.92	71.96	 1.00	10.52	 2.10	336.92	303.28	311.18	287.32	308.33	0	57.46
2000	12	8	15.812	2168.6589	342.6588	7.6589	 1.98	 1.00	222.90	14.25	19.97	 1.00	10.52	 2.19	336.97	308.56	322.05	287.38	315.21	0	57.48
2000	12	8	17.532	2168.7305	342.7305	7.7305	 2.84	 1.29	202.89	 6.24	28.36	 1.00	10.52	 1.51	336.87	311.52	328.47	289.21	318.26	0	57.84
2000	12	8	20.113	2168.8381	342.8380	7.8380	 3.12	 2.86	207.41	10.51	108.10	 1.00	10.52	 1.49	336.66	311.80	326.98	283.06	318.96	0	56.61
2000	12	9	0.413	2169.0171	343.0172	8.0172	50.05	 1.00	216.68	 0.00	57.59	 0.00	10.50	 2.14	336.39	296.71	314.47	270.20	306.71	0	54.04
2000	12	9	0.628	2169.0261	343.0262	8.0262	 3.26	 0.78	203.16	 2.41	 9.83	 1.00	10.52	 1.80	336.43	296.12	310.78	269.66	306.04	0	53.93
2000	12	9	1.058	2169.0442	343.0441	8.0441	 4.51	 1.26	211.73	 1.13	 3.61	 0.99	10.52	 2.09	336.34	295.13	309.94	268.82	304.89	0	53.76
2000	12	9	1.273	2169.0530	343.0530	8.0530	 3.64	 0.34	212.02	 0.73	 1.05	 1.00	10.52	 2.10	336.34	294.66	309.05	268.90	304.35	0	53.78
2000	12	9	1.488	2169.0620	343.0620	8.0620	 3.90	 0.52	213.67	 0.87	 1.26	 1.00	10.52	 2.28	336.37	294.22	307.66	269.11	303.78	0	53.82
2000	12	9	1.703	2169.0710	343.0710	8.0709	 2.85	 0.45	207.69	 2.23	 5.26	 1.00	10.52	 1.94	336.37	293.81	306.77	269.84	303.25	0	53.97
2000	12	9	1.918	2169.0798	343.0799	8.0799	 2.79	 0.50	212.02	 2.68	 1.05	 1.00	10.52	 2.08	336.48	293.45	306.14	269.84	302.87	0	53.97
2000	12	9	2.133	2169.0889	343.0889	8.0889	 4.25	 0.91	211.29	 1.05	 1.16	 1.00	10.52	 2.10	336.43	293.18	306.12	269.41	302.37	0	53.88
2000	12	9	2.348	2169.0979	343.0978	8.0978	 3.81	 0.39	215.83	 0.72	 1.13	 1.00	10.50	 2.22	336.47	292.93	306.35	268.65	301.94	0	53.73
2000	12	9	2.562	2169.1067	343.1068	8.1068	 3.84	 0.50	213.03	 0.89	 0.20	 1.00	10.52	 2.11	336.46	292.63	305.66	268.67	301.57	0	53.73
2000	12	9	2.778	2169.1157	343.1157	8.1157	 3.85	 0.49	214.26	 0.86	 3.60	 0.97	10.52	 2.22	336.48	292.36	305.11	268.67	301.16	0	53.73
2000	12	9	2.993	2169.1248	343.1247	8.1247	 3.49	 0.24	213.83	 0.62	 1.23	 0.99	10.52	 2.22	336.50	292.05	304.52	268.31	300.78	0	53.66
2000	12	9	3.207	2169.1335	343.1336	8.1336	 3.81	 0.66	216.42	 1.22	 2.45	 1.00	10.52	 2.33	336.44	291.72	304.07	269.12	300.32	0	53.82
2000	12	9	3.423	2169.1426	343.1426	8.1426	 3.66	 0.46	214.59	 0.99	 1.62	 1.00	10.52	 2.29	336.38	291.44	303.48	268.86	299.94	0	53.77
2000	12	9	4.068	2169.1694	343.1695	8.1695	 3.66	 1.54	212.51	 3.30	 6.35	 1.00	10.52	 2.12	336.28	290.76	302.91	270.34	299.01	0	54.07
2000	12	9	4.282	2169.1785	343.1784	8.1784	 2.64	 0.22	215.53	 1.44	 3.40	 1.00	10.52	 2.33	336.30	290.55	302.63	269.76	298.78	0	53.95
2000	12	9	4.497	2169.1875	343.1874	8.1874	 2.95	 0.25	213.41	 1.12	 3.43	 0.99	10.50	 2.26	336.32	290.33	302.07	269.57	298.49	0	53.91
2000	12	9	4.712	2169.1963	343.1964	8.1963	 3.15	 0.33	213.74	 1.22	 1.19	 1.00	10.52	 2.22	336.31	290.15	301.96	269.88	298.19	0	53.98
2000	12	9	4.927	2169.2053	343.2053	8.2053	 3.32	 0.43	216.30	 1.32	 1.27	 1.00	10.52	 2.37	336.27	289.97	301.44	269.77	297.97	0	53.95
2000	12	9	5.142	2169.2144	343.2143	8.2143	 2.96	 0.19	214.77	 0.85	 1.40	 1.00	10.52	 2.25	336.24	289.82	301.05	268.86	297.71	0	53.77
2000	12	9	5.357	2169.2231	343.2232	8.2232	 3.61	 0.38	215.86	 0.87	 0.94	 1.00	10.52	 2.37	336.22	289.70	301.01	267.71	297.45	0	53.54
2000	12	9	5.572	2169.2322	343.2322	8.2322	 3.25	 0.35	214.85	 1.17	 0.53	 1.00	10.52	 2.22	336.25	289.59	299.39	267.61	297.31	0	53.52
2000	12	9	5.787	2169.2412	343.2411	8.2411	 3.13	 0.29	213.61	 1.08	 1.72	 1.00	10.52	 2.12	336.31	289.47	300.26	267.39	297.16	0	53.48
2000	12	9	6.012	2169.2505	343.2505	8.2505	 3.68	 0.41	213.39	 0.87	 1.26	 1.00	10.58	 2.17	336.26	289.36	299.63	268.09	296.82	0	53.62
2000	12	9	6.227	2169.2595	343.2595	8.2595	 3.73	 0.52	212.43	 1.03	 1.88	 1.00	10.52	 2.12	336.31	289.29	299.93	269.36	296.73	0	53.87
2000	12	9	6.443	2169.2686	343.2684	8.2684	 3.95	 0.91	214.50	 1.45	 1.30	 1.00	10.50	 2.20	336.33	289.26	299.43	269.90	296.60	0	53.98
2000	12	9	6.657	2169.2773	343.2774	8.2774	 4.14	 0.68	216.00	 0.90	 0.33	 1.00	10.52	 2.34	336.37	289.27	300.35	269.42	296.48	0	53.88
2000	12	9	6.872	2169.2864	343.2863	8.2863	 6.27	11.22	218.05	 1.76	 5.10	 1.00	10.52	 2.41	336.35	289.27	301.17	269.13	296.41	0	53.83
2000	12	9	7.087	2169.2954	343.2953	8.2953	 4.63	 1.80	214.79	 1.44	 0.23	 1.00	10.52	 2.35	336.33	289.28	299.72	269.42	296.31	0	53.88
2000	12	9	7.302	2169.3042	343.3043	8.3043	 4.12	 0.91	213.60	 1.22	 0.82	 1.00	10.52	 2.22	336.31	289.28	299.51	268.91	296.26	0	53.78
2000	12	9	7.517	2169.3132	343.3132	8.3132	 3.93	 1.14	210.71	 1.83	 2.68	 1.00	10.52	 2.13	336.31	289.23	297.83	268.65	296.20	0	53.73
2000	12	9	7.947	2169.3311	343.3311	8.3311	21.34	54178529.25	210.78	 2.32	 1.86	 1.00	10.53	 2.17	336.29	289.12	296.11	268.42	295.98	0	53.68
2000	12	9	8.162	2169.3401	343.3401	8.3401	 3.83	 1.33	214.82	 2.41	10.72	 1.00	10.52	 2.20	336.26	289.07	299.39	268.21	295.94	0	53.64
2000	12	9	8.807	2169.3669	343.3670	8.3670	45.96	 1.00	209.31	 0.00	11.58	 0.00	10.52	 2.30	336.34	288.59	294.96	267.53	295.56	0	53.51
2000	12	9	10.743	2169.4475	343.4476	8.4476	 2.16	 2.34	197.13	23.85	305.48	 1.00	10.52	 1.99	336.40	289.89	292.27	271.86	295.75	0	54.37
2000	12	9	15.473	2169.6448	343.6447	8.6447	19.99	99402788.18	212.82	16.66	654.60	 1.00	10.52	 2.01	337.00	308.11	316.24	288.62	313.71	0	57.72
2000	12	9	15.903	2169.6626	343.6626	8.6626	 1.39	 0.42	222.43	13.20	106.08	 1.00	10.50	 1.63	336.91	308.15	322.79	285.88	314.48	0	57.18
2000	12	9	16.978	2169.7075	343.7074	8.7074	 3.64	 0.62	227.59	 1.46	 2.10	 1.00	10.52	 2.25	336.78	306.61	321.96	285.48	314.35	0	57.10
2000	12	9	18.484	2169.7703	343.7701	8.7702	 3.95	 0.63	209.86	 0.99	 1.53	 1.00	10.50	 1.72	336.71	304.43	315.86	278.07	313.08	0	55.61
2000	12	10	0.719	2170.0300	344.0300	9.0300	17.95	2297203.73	210.00	 2.91	 2.31	 1.00	10.52	 2.17	336.48	296.75	305.48	271.97	305.83	0	54.39
2000	12	10	1.149	2170.0479	344.0479	9.0479	 3.30	 0.30	219.63	 0.98	 4.29	 0.97	10.52	 2.16	336.49	296.15	310.83	271.96	305.00	0	54.39
2000	12	10	1.364	2170.0569	344.0568	9.0568	 4.35	 1.17	213.71	 1.24	 1.22	 1.00	10.52	 2.06	336.49	295.98	309.19	272.10	304.69	0	54.42
2000	12	10	1.579	2170.0657	344.0658	9.0658	 3.96	 0.52	214.68	 0.82	 2.51	 0.98	10.52	 2.06	336.44	295.82	308.54	272.22	304.45	0	54.44
2000	12	10	1.794	2170.0747	344.0747	9.0747	 4.66	 2.86	212.28	 2.19	 1.90	 1.00	10.53	 1.99	336.44	295.66	307.18	272.69	304.17	0	54.54
2000	12	10	2.009	2170.0837	344.0837	9.0837	 5.21	 6.49	211.56	 2.86	 8.12	 1.00	10.52	 2.03	336.42	295.48	305.30	272.77	303.82	0	54.55
2000	12	10	3.740	2170.1558	344.1558	9.1558	 4.54	 4.48	208.89	 3.83	11.98	 1.00	10.52	 1.72	336.48	294.19	308.22	273.24	301.95	0	54.65
2000	12	10	3.955	2170.1648	344.1648	9.1648	 5.50	 6.89	217.73	 2.32	11.94	 1.00	10.52	 2.13	336.46	294.08	306.27	272.64	301.82	0	54.53
2000	12	10	4.600	2170.1917	344.1917	9.1917	 4.50	 1.24	211.39	 1.12	 1.59	 1.00	10.52	 2.00	336.39	293.52	304.02	271.77	301.21	0	54.35
2000	12	10	4.815	2170.2007	344.2006	9.2006	 5.26	 2.12	213.78	 0.90	 1.23	 1.00	10.52	 2.00	336.40	293.30	305.17	270.89	301.03	0	54.18
2000	12	10	5.030	2170.2095	344.2096	9.2096	 4.58	 1.00	213.19	 0.83	 1.20	 1.00	10.50	 2.01	336.39	293.05	303.84	270.65	300.79	0	54.13
2000	12	10	5.245	2170.2185	344.2185	9.2185	17.00	415571.46	215.88	 1.41	 1.42	 1.00	10.52	 2.13	336.38	292.76	305.51	270.35	300.54	0	54.07
2000	12	10	5.460	2170.2275	344.2275	9.2275	 4.79	 1.65	213.34	 1.13	 3.38	 0.99	10.52	 2.02	336.42	292.51	303.92	269.86	300.30	0	53.97
2000	12	10	5.675	2170.2363	344.2365	9.2364	 4.54	 1.14	214.61	 1.00	 0.55	 1.00	10.52	 2.03	336.39	292.29	304.69	269.51	299.99	0	53.90
2000	12	10	5.890	2170.2454	344.2454	9.2454	 3.26	 0.47	216.08	 1.57	 2.68	 1.00	10.52	 2.09	336.43	292.09	305.09	269.89	299.80	0	53.98
2000	12	10	6.105	2170.2544	344.2544	9.2544	 5.48	 3.23	212.66	 1.08	 0.54	 1.00	10.52	 2.02	336.45	291.94	302.82	269.86	299.56	0	53.97
2000	12	10	6.320	2170.2634	344.2633	9.2633	 4.67	 0.99	214.74	 0.76	 1.39	 0.99	10.52	 2.02	336.43	291.88	302.40	269.53	299.36	0	53.91
2000	12	10	6.535	2170.2722	344.2723	9.2723	 4.31	 0.59	213.46	 0.64	 1.00	 0.99	10.52	 2.08	336.36	291.84	300.99	269.36	299.19	0	53.87
2000	12	10	6.750	2170.2812	344.2812	9.2812	 4.96	 3.62	212.94	 2.06	 9.71	 1.00	10.52	 2.13	336.38	291.79	301.86	269.48	299.08	0	53.90
2000	12	10	6.965	2170.2903	344.2902	9.2902	 4.40	 1.27	211.08	 1.27	 1.36	 1.00	10.52	 1.89	336.38	291.73	301.29	269.76	298.93	0	53.95
2000	12	10	7.180	2170.2991	344.2992	9.2992	 5.37	 2.19	214.20	 0.83	 0.92	 1.00	10.52	 2.06	336.36	291.70	302.26	269.63	298.82	0	53.93
2000	12	10	7.395	2170.3081	344.3081	9.3081	 5.05	 1.96	213.87	 1.03	 0.50	 1.00	10.50	 2.05	336.38	291.64	302.03	269.67	298.71	0	53.93
2000	12	10	7.610	2170.3171	344.3171	9.3171	16.10	89089.27	213.23	 0.73	 0.52	 1.00	10.50	 2.02	336.37	291.54	301.26	270.08	298.56	0	54.02
2000	12	10	7.824	2170.3259	344.3260	9.3260	 6.99	17.05	212.00	 1.25	 3.72	 1.00	10.52	 1.98	336.38	291.40	301.67	270.38	298.43	0	54.08
2000	12	10	8.039	2170.3350	344.3350	9.3350	 4.21	 0.93	213.56	 1.14	 1.87	 1.00	10.52	 1.97	336.33	291.23	301.01	270.41	298.26	0	54.08
2000	12	10	8.254	2170.3440	344.3439	9.3439	 4.35	 0.90	214.95	 0.97	 1.31	 1.00	10.52	 2.03	336.42	291.09	301.10	270.15	298.12	0	54.03
2000	12	10	8.470	2170.3528	344.3529	9.3529	 4.68	 0.93	213.35	 0.71	 1.13	 1.00	10.50	 1.96	336.33	290.95	300.81	269.76	297.96	0	53.95
2000	12	10	8.684	2170.3618	344.3618	9.3619	 4.48	 0.94	212.96	 0.87	 3.09	 0.98	10.52	 1.97	336.36	290.80	301.13	269.33	297.84	0	53.87
2000	12	10	8.899	2170.3708	344.3708	9.3708	 4.58	 1.01	215.09	 0.86	 0.64	 1.00	10.52	 2.07	336.39	290.65	300.66	268.93	297.64	0	53.79
2000	12	10	9.114	2170.3799	344.3798	9.3798	 4.16	 0.90	212.63	 1.15	 3.47	 0.99	10.52	 1.96	336.41	290.49	300.14	269.01	297.86	0	53.80
2000	12	10	9.329	2170.3887	344.3887	9.3887	 4.40	 1.21	214.63	 1.22	 3.20	 1.00	10.52	 2.05	336.41	290.34	300.55	269.20	297.29	0	53.84
2000	12	10	9.544	2170.3977	344.3977	9.3977	 4.76	 1.11	215.13	 0.78	 2.98	 0.97	10.52	 2.07	336.35	290.21	300.91	268.94	297.15	0	53.79
2000	12	10	9.759	2170.4067	344.4066	9.4066	 4.44	 0.91	216.06	 0.88	 2.48	 0.99	10.52	 2.07	336.37	290.15	300.82	268.69	297.10	0	53.74
2000	12	10	9.974	2170.4155	344.4156	9.4156	 4.52	 0.88	213.61	 0.78	 1.42	 1.00	10.52	 1.99	336.36	290.12	299.64	268.55	296.94	0	53.71
2000	12	10	10.189	2170.4246	344.4246	9.4246	 5.43	 1.76	211.99	 0.62	 2.51	 0.95	10.52	 1.96	336.43	290.37	300.63	268.70	296.82	0	53.74
2000	12	10	10.404	2170.4336	344.4335	9.4335	28.69	29080398719.97	211.30	 0.80	 1.08	 1.00	10.52	 2.08	336.48	291.12	299.65	270.58	297.60	0	54.12
2000	12	10	10.619	2170.4424	344.4425	9.4425	 6.41	 6.78	207.68	 0.88	 3.06	 0.98	10.52	 1.98	336.50	291.95	299.74	273.34	297.62	0	54.67
2000	12	10	10.834	2170.4514	344.4514	9.4514	12.99	4632.35	212.69	 0.85	 1.37	 1.00	10.52	 2.14	336.52	292.69	301.23	274.36	298.08	0	54.87
2000	12	10	11.049	2170.4604	344.4604	9.4604	16.42	134194.92	210.18	 0.79	 2.80	 0.98	10.50	 2.07	336.57	293.53	301.73	277.26	298.67	0	55.45
2000	12	10	11.264	2170.4692	344.4694	9.4694	15.11	46502.11	207.62	 1.00	 4.35	 0.98	10.53	 2.04	336.63	294.54	301.15	278.75	299.43	0	55.75
2000	12	10	11.694	2170.4873	344.4873	9.4873	17.59	1337912.89	206.27	 2.39	15.32	 0.99	10.52	 1.83	336.66	296.61	302.14	280.35	301.24	0	56.07
2000	12	10	12.124	2170.5051	344.5052	9.5052	 6.30	33.25	216.98	 5.04	26.30	 1.00	10.52	 2.28	336.71	298.45	306.74	283.13	303.03	0	56.63
2000	12	10	12.339	2170.5142	344.5141	9.5141	 2.67	 0.81	215.84	 5.02	44.83	 1.00	10.52	 2.45	336.71	299.25	310.00	283.74	303.95	0	56.75
2000	12	10	13.844	2170.5769	344.5768	9.5769	 3.28	 1.85	211.99	 5.83	21.94	 1.00	10.52	 1.83	336.90	304.98	314.24	289.31	310.49	0	57.86
2000	12	10	14.274	2170.5947	344.5948	9.5948	 3.13	 2.52	217.04	 9.58	249.01	 0.99	10.52	 1.92	336.95	305.96	313.23	289.02	311.78	0	57.80
2000	12	10	16.855	2170.7024	344.7023	9.7023	 2.35	 1.41	226.82	13.20	188.86	 1.00	10.52	 2.04	336.90	311.26	334.02	285.70	318.23	0	57.14
2000	12	11	1.038	2171.0432	345.0433	10.0433	 3.83	 1.71	216.38	 3.13	22.17	 0.99	10.52	 2.32	336.40	295.16	308.48	269.41	304.39	0	53.88
2000	12	11	1.253	2171.0522	345.0522	10.0522	55.47	 1.00	212.44	 0.00	 5.71	 0.00	10.52	 2.14	336.39	294.75	307.42	269.30	304.33	0	53.86
2000	12	11	1.468	2171.0613	345.0612	10.0612	 6.26	 5.31	210.16	 0.81	 1.45	 1.00	10.52	 2.11	336.33	294.39	307.92	268.91	303.86	0	53.78
2000	12	11	1.683	2171.0701	345.0701	10.0701	 4.84	 1.66	214.12	 1.07	 1.36	 1.00	10.52	 2.09	336.33	294.09	309.80	268.77	303.72	0	53.75
2000	12	11	1.898	2171.0791	345.0791	10.0791	21.14	12901344.88	214.81	 0.69	 2.17	 0.98	10.52	 2.17	336.38	293.86	308.29	268.77	302.98	0	53.75
2000	12	11	2.113	2171.0881	345.0880	10.0881	 5.91	 5.78	210.44	 1.26	 1.84	 1.00	10.52	 2.00	336.36	293.63	305.59	269.29	302.60	0	53.86
2000	12	11	2.328	2171.0969	345.0970	10.0970	26.90	6907481197.18	212.31	 1.15	 0.57	 1.00	10.52	 2.16	336.39	293.41	305.49	270.05	302.24	0	54.01
2000	12	11	2.543	2171.1060	345.1060	10.1060	30.03	174912784404.19	214.37	 1.29	 2.48	 1.00	10.53	 2.20	336.40	293.20	306.25	270.48	301.83	0	54.10
2000	12	11	2.759	2171.1150	345.1149	10.1149	 4.71	 1.04	213.79	 0.77	 0.97	 1.00	10.52	 2.17	336.40	293.01	305.45	270.27	301.57	0	54.05
2000	12	11	2.974	2171.1238	345.1239	10.1239	 4.19	 0.63	215.23	 0.80	 0.57	 1.00	10.52	 2.27	336.37	292.82	304.55	270.47	301.29	0	54.09
2000	12	11	3.189	2171.1328	345.1329	10.1329	 5.00	 1.59	214.63	 0.87	 0.74	 1.00	10.52	 2.15	336.43	292.64	304.65	270.72	301.00	0	54.14
2000	12	11	3.404	2171.1418	345.1418	10.1418	 4.15	 0.65	216.04	 0.86	 0.95	 1.00	10.52	 2.24	336.47	292.49	305.44	270.17	300.70	0	54.03
2000	12	11	3.619	2171.1509	345.1508	10.1508	 4.32	 0.64	215.90	 0.71	 0.67	 1.00	10.52	 2.33	336.46	292.32	303.64	269.25	300.42	0	53.85
2000	12	11	3.834	2171.1597	345.1597	10.1597	 4.58	 1.34	214.62	 1.14	 2.29	 1.00	10.52	 2.19	336.45	292.11	304.53	269.13	300.18	0	53.83
2000	12	11	4.049	2171.1687	345.1687	10.1687	 4.40	 0.96	215.32	 0.97	 0.54	 1.00	10.52	 2.18	336.39	291.92	303.33	269.25	299.92	0	53.85
2000	12	11	4.264	2171.1777	345.1776	10.1777	 4.72	 1.74	211.22	 1.25	 3.77	 0.99	10.52	 2.02	336.39	291.77	301.77	269.25	299.65	0	53.85
2000	12	11	4.479	2171.1865	345.1866	10.1866	 4.40	 0.97	213.49	 0.98	 1.72	 1.00	10.52	 2.16	336.42	291.60	302.18	269.33	299.45	0	53.87
2000	12	11	4.694	2171.1956	345.1956	10.1956	 4.63	 0.77	214.79	 0.62	 6.01	 0.73	10.52	 2.17	336.38	291.42	302.98	269.22	299.62	0	53.84
2000	12	11	4.909	2171.2046	345.2045	10.2045	15.59	78718.83	211.87	 1.07	 2.58	 1.00	10.52	 2.13	336.42	291.28	301.77	269.29	298.98	0	53.86
2000	12	11	5.124	2171.2134	345.2135	10.2135	 5.98	 5.36	212.53	 1.10	 1.70	 1.00	10.52	 2.14	336.43	291.14	301.57	269.49	298.76	0	53.90
2000	12	11	5.339	2171.2224	345.2224	10.2224	 7.75	26.11	211.92	 0.90	 0.58	 1.00	10.52	 2.19	336.37	291.02	300.38	269.23	298.55	0	53.85
2000	12	11	5.554	2171.2314	345.2314	10.2314	 4.37	 0.58	214.88	 0.61	 1.31	 0.99	10.52	 2.30	336.40	290.88	301.44	268.97	298.39	0	53.79
2000	12	11	5.984	2171.2493	345.2493	10.2493	 4.87	 4.37	213.22	 2.73	 5.92	 1.00	10.52	 2.14	336.37	290.52	302.77	269.04	298.00	0	53.81
2000	12	11	6.199	2171.2583	345.2583	10.2583	 5.13	 2.92	210.46	 1.38	 1.18	 1.00	10.52	 2.05	336.37	290.34	300.06	268.60	297.79	0	53.72
2000	12	11	6.414	2171.2673	345.2672	10.2672	 4.24	 1.10	212.36	 1.30	 0.64	 1.00	10.52	 2.08	336.34	290.17	300.73	268.14	297.56	0	53.63
2000	12	11	6.844	2171.2852	345.2852	10.2852	 2.78	 1.00	212.54	 5.44	29.15	 1.00	10.52	 2.00	336.34	289.86	302.77	269.27	297.25	0	53.85
2000	12	11	7.059	2171.2942	345.2941	10.2941	 4.28	 1.05	213.09	 1.19	 3.27	 0.99	10.52	 2.11	336.36	289.71	300.26	268.83	297.13	0	53.77
2000	12	11	7.274	2171.3030	345.3031	10.3031	 4.61	 2.30	217.19	 1.91	 6.19	 1.00	10.52	 2.32	336.35	289.56	301.12	268.43	297.33	0	53.69
2000	12	11	7.489	2171.3120	345.3120	10.3120	 3.47	 1.18	215.76	 3.12	10.82	 1.00	10.52	 2.19	336.35	289.43	301.98	268.45	296.73	0	53.69
2000	12	11	8.134	2171.3389	345.3389	10.3389	 3.90	 0.94	214.22	 1.57	 6.07	 0.99	10.52	 2.23	336.30	289.22	297.71	268.25	296.30	0	53.65
2000	12	11	8.349	2171.3479	345.3479	10.3479	 7.93	53.46	213.03	 1.56	 3.42	 1.00	10.52	 2.24	336.28	289.13	299.60	267.93	296.21	0	53.59
2000	12	11	8.564	2171.3569	345.3568	10.3568	 4.49	 1.74	212.97	 1.60	 4.39	 1.00	10.52	 2.20	336.29	289.02	297.56	267.80	296.06	0	53.56
2000	12	11	8.994	2171.3748	345.3748	10.3747	 3.46	 0.88	214.98	 2.33	 4.69	 1.00	10.52	 2.06	336.28	288.77	301.01	267.96	296.24	0	53.59
2000	12	11	9.209	2171.3838	345.3837	10.3837	 4.07	 0.98	215.34	 1.39	 2.78	 1.00	10.52	 2.13	336.24	288.63	300.15	267.59	296.07	0	53.52
2000	12	11	9.424	2171.3926	345.3927	10.3927	 3.82	 1.11	216.04	 2.06	 4.59	 1.00	10.60	 2.27	336.27	288.48	300.38	267.44	295.46	0	53.49
2000	12	11	9.643	2171.4019	345.4018	10.4018	17.12	374469.55	214.88	 1.12	 2.18	 1.00	10.75	 2.15	336.29	288.41	298.50	267.34	295.28	0	53.47
2000	12	11	9.863	2171.4109	345.4109	10.4109	 5.40	 6.26	216.21	 2.33	 2.59	 1.00	10.78	 2.19	336.31	288.42	299.76	267.64	295.18	0	53.53
2000	12	11	10.083	2171.4202	345.4201	10.4201	82.97	 1.00	213.05	 0.00	31.79	 0.00	10.78	 2.07	336.39	288.70	295.98	268.05	295.16	0	53.61
2000	12	11	10.524	2171.4385	345.4385	10.4385	 5.60	 4.27	214.20	 1.28	 8.48	 0.97	10.78	 2.18	336.40	289.83	299.60	270.53	295.81	0	54.11
2000	12	11	10.744	2171.4478	345.4477	10.4477	21.65	27958368.27	207.30	 0.87	 2.00	 0.99	10.77	 2.04	336.38	290.47	297.40	272.61	296.10	0	54.52
2000	12	11	10.964	2171.4568	345.4568	10.4568	22.62	79293074.73	212.60	 0.96	 0.48	 1.00	10.78	 2.21	336.37	291.16	299.47	273.27	296.73	0	54.65
2000	12	11	11.185	2171.4661	345.4660	10.4660	21.89	52795808.41	208.51	 1.30	 1.55	 1.00	10.78	 2.09	336.46	292.05	300.00	274.45	298.13	0	54.89
2000	12	11	11.405	2171.4751	345.4752	10.4752	18.07	3287961.33	214.68	 3.77	19.14	 1.00	10.80	 2.36	336.49	293.06	303.09	275.83	298.06	0	55.17
2000	12	11	11.626	2171.4844	345.4844	10.4844	 5.25	 5.16	214.99	 2.21	 4.86	 1.00	10.78	 2.45	336.42	293.96	301.38	277.64	298.88	0	55.53
2000	12	11	14.050	2171.5854	345.5854	10.5854	89.87	 1.00	222.51	 0.00	25.83	 0.00	10.77	 2.31	336.83	304.19	316.54	293.47	309.22	0	58.69
2000	12	11	18.679	2171.7783	345.7783	10.7783	 4.32	 4.08	237.23	 4.97	12.63	 1.00	10.77	 2.21	336.82	312.25	334.51	285.05	319.15	0	57.01
2000	12	11	22.656	2171.9441	345.9440	10.9440	35.05	 1.00	221.31	 0.00	374.23	 0.00	10.78	 2.43	336.41	304.81	317.35	273.72	313.01	0	54.74
2000	12	12	1.300	2172.0542	346.0542	11.0542	33.20	 1.00	209.96	 0.00	41.13	 0.00	10.78	 2.53	336.38	295.08	306.18	269.51	304.40	0	53.90
2000	12	12	1.741	2172.0725	346.0725	11.0725	 3.21	 1.38	214.67	 4.78	38.42	 1.00	10.78	 2.21	336.36	293.93	313.71	268.34	303.26	0	53.67
2000	12	12	2.622	2172.1094	346.1093	11.1093	 3.97	 1.01	214.91	 1.59	14.48	 0.96	10.78	 2.31	336.42	292.16	305.36	266.86	301.17	0	53.37
2000	12	12	2.843	2172.1184	346.1185	11.1185	 6.93	19.85	214.39	 1.57	 5.45	 1.00	10.78	 2.34	336.44	291.86	305.01	266.87	300.76	0	53.37
2000	12	12	3.064	2172.1277	346.1277	11.1277	16.52	208570.72	215.71	 1.14	 1.05	 1.00	10.78	 2.29	336.43	291.70	305.12	267.80	300.35	0	53.56
2000	12	12	3.284	2172.1367	346.1368	11.1368	20.78	8245752.98	215.37	 0.64	 0.67	 1.00	10.78	 2.39	336.39	291.63	304.10	268.65	300.02	0	53.73
2000	12	12	3.504	2172.1460	346.1460	11.1460	 6.70	 9.11	213.45	 0.91	 1.43	 1.00	10.77	 2.34	336.43	291.51	302.51	269.08	299.76	0	53.82
2000	12	12	3.725	2172.1553	346.1552	11.1552	 3.98	 0.70	212.41	 1.08	 0.25	 1.00	10.78	 2.23	336.42	291.36	301.16	269.31	299.47	0	53.86
2000	12	12	3.945	2172.1643	346.1644	11.1644	 5.17	 2.65	211.94	 1.22	 4.83	 0.99	10.78	 2.31	336.38	291.21	301.43	269.09	299.25	0	53.82
2000	12	12	4.166	2172.1736	346.1736	11.1736	 4.60	 2.59	215.40	 2.14	 2.12	 1.00	10.77	 2.43	336.37	291.02	300.17	269.66	298.96	0	53.93
2000	12	12	4.386	2172.1829	346.1828	11.1828	 5.29	 3.68	214.75	 1.51	 3.76	 1.00	10.78	 2.39	336.37	290.85	301.83	268.80	298.68	0	53.76
2000	12	12	4.607	2172.1919	346.1920	11.1919	17.43	919940.04	215.41	 2.01	 4.83	 1.00	10.80	 2.35	336.38	290.70	301.64	268.94	298.44	0	53.79
2000	12	12	4.827	2172.2012	346.2011	11.2011	 4.90	 1.81	216.53	 1.11	 3.62	 0.99	10.78	 2.43	336.38	290.57	302.45	268.77	298.27	0	53.75
2000	12	12	5.047	2172.2102	346.2103	11.2103	 3.33	 1.08	216.81	 3.33	 7.97	 1.00	10.78	 2.37	336.39	290.43	302.59	268.94	298.03	0	53.79
2000	12	12	5.267	2172.2195	346.2195	11.2195	16.86	516538.14	216.37	 2.01	 8.83	 1.00	10.78	 2.45	336.42	290.31	302.00	269.41	297.81	0	53.88
2000	12	12	5.708	2172.2378	346.2379	11.2378	26.00	5299374668.15	214.05	 2.20	 8.95	 1.00	10.78	 2.46	336.39	290.09	300.18	269.08	297.47	0	53.82
2000	12	12	5.929	2172.2471	346.2470	11.2470	 3.13	 0.54	210.77	 2.01	 2.89	 1.00	10.78	 2.28	336.36	289.99	299.32	268.51	297.39	0	53.70
2000	12	12	6.149	2172.2561	346.2562	11.2562	 4.10	 0.90	213.62	 1.22	 2.05	 1.00	10.77	 2.32	336.40	289.89	299.39	268.27	297.23	0	53.65
2000	12	12	6.369	2172.2654	346.2654	11.2654	 4.14	 1.72	212.96	 2.26	 2.49	 1.00	10.78	 2.23	336.37	289.78	300.29	268.20	297.11	0	53.64
2000	12	12	6.590	2172.2747	346.2746	11.2746	 4.40	 1.43	210.07	 1.41	 2.08	 1.00	10.80	 2.22	336.32	289.64	298.57	267.73	296.92	0	53.55
2000	12	12	6.810	2172.2837	346.2838	11.2838	 4.79	 1.93	213.01	 1.30	 3.22	 1.00	10.78	 2.33	336.27	289.49	299.52	267.45	296.71	0	53.49
2000	12	12	7.031	2172.2930	346.2929	11.2929	 5.58	 4.13	210.63	 1.25	 1.17	 1.00	10.78	 2.31	336.25	289.33	298.62	267.20	296.54	0	53.44
2000	12	12	7.251	2172.3022	346.3021	11.3021	 4.14	 0.78	213.18	 1.02	 5.19	 0.97	10.78	 2.34	336.25	289.15	299.42	266.59	296.32	0	53.32
2000	12	12	7.471	2172.3113	346.3113	11.3113	18.22	2622629.37	206.89	 2.52	13.90	 1.00	10.78	 2.12	336.25	288.98	295.10	266.64	296.09	0	53.33
2000	12	12	7.692	2172.3206	346.3205	11.3205	 4.56	 1.21	213.51	 1.03	 1.39	 1.00	10.78	 2.36	336.29	288.84	299.18	267.06	296.36	0	53.41
2000	12	12	7.912	2172.3296	346.3297	11.3297	12.72	3471.79	213.46	 0.84	 0.33	 1.00	10.80	 2.33	336.29	288.68	298.24	266.13	295.79	0	53.23
2000	12	12	8.132	2172.3389	346.3389	11.3389	25.84	2068519091.12	209.77	 0.98	 3.14	 0.99	10.77	 2.31	336.21	288.52	296.58	265.86	295.57	0	53.17
2000	12	12	8.353	2172.3481	346.3481	11.3480	 3.94	 1.79	215.15	 2.89	 6.88	 1.00	10.78	 2.38	336.29	288.36	298.21	266.28	295.83	0	53.26
2000	12	12	8.573	2172.3572	346.3572	11.3572	28.30	32660105837.95	212.88	 1.35	 3.36	 1.00	10.78	 2.35	336.34	288.19	298.31	266.49	295.25	0	53.30
2000	12	12	8.794	2172.3665	346.3664	11.3664	 5.35	 3.35	210.97	 1.27	 1.47	 1.00	10.78	 2.17	336.29	288.01	298.41	266.19	295.07	0	53.24
2000	12	12	9.014	2172.3755	346.3756	11.3756	 4.89	 2.52	210.02	 1.51	 1.36	 1.00	10.78	 2.16	336.25	287.87	297.17	266.13	294.82	0	53.23
2000	12	12	9.234	2172.3848	346.3848	11.3848	 4.99	 2.76	212.78	 1.52	 3.13	 1.00	10.77	 2.25	336.22	287.72	296.55	266.49	294.71	0	53.30
2000	12	12	9.455	2172.3940	346.3940	11.3939	 4.88	 2.34	212.19	 1.44	 4.28	 1.00	10.78	 2.29	336.22	287.62	296.39	266.59	294.56	0	53.32
2000	12	12	9.675	2172.4031	346.4031	11.4031	16.46	216564.71	215.77	 1.25	 2.62	 1.00	10.77	 2.40	336.18	287.48	299.34	266.01	294.45	0	53.20
2000	12	12	9.896	2172.4124	346.4123	11.4123	45.15	 1.00	201.31	 0.00	10.58	 0.00	10.82	 2.00	336.28	287.48	289.66	266.23	294.26	0	53.25
2000	12	12	10.116	2172.4214	346.4215	11.4215	18.56	1617804.08	208.24	 1.11	 8.89	 0.94	10.78	 2.29	336.34	287.91	298.18	266.47	294.25	0	53.29
2000	12	12	10.336	2172.4307	346.4307	11.4307	30.16	156842769817.24	207.22	 0.98	 4.91	 0.97	10.78	 2.34	336.39	288.63	297.47	267.79	294.57	0	53.56
2000	12	12	10.557	2172.4399	346.4399	11.4399	48.86	 1.00	206.69	 0.00	 5.63	 0.00	10.77	 2.30	336.44	289.48	297.49	269.79	295.10	0	53.96
2000	12	12	10.777	2172.4490	346.4491	11.4491	61.81	 1.00	204.97	 0.00	 4.70	 0.00	10.78	 2.24	336.46	290.44	298.52	271.80	295.73	0	54.36
2000	12	12	10.998	2172.4583	346.4583	11.4582	16.63	248085.84	203.99	 1.14	 3.31	 0.99	10.78	 2.25	336.50	291.46	298.64	274.19	296.44	0	54.84
2000	12	12	11.218	2172.4675	346.4674	11.4674	25.47	1171051143.83	198.60	 0.76	 3.74	 0.96	10.78	 2.04	336.54	292.54	297.20	275.86	297.21	0	55.17
2000	12	12	11.439	2172.4766	346.4766	11.4766	41.65	 1.00	204.14	 0.00	 4.28	 0.00	10.78	 2.29	336.51	293.61	300.05	277.95	298.20	0	55.59
2000	12	12	11.659	2172.4858	346.4858	11.4858	17.86	1577808.18	200.38	 2.10	13.73	 0.99	10.78	 2.05	336.52	294.64	302.77	279.39	299.06	0	55.88
2000	12	12	14.525	2172.6052	346.6052	11.6052	 4.78	 8.77	228.68	 6.42	132.27	 0.99	10.78	 2.38	336.74	304.35	315.52	285.74	310.36	0	57.15
2000	12	12	14.965	2172.6235	346.6236	11.6236	 2.54	 2.97	197.22	19.49	224.58	 1.00	10.78	 1.64	337.06	305.82	308.06	287.12	311.65	0	57.42
2000	12	12	15.186	2172.6328	346.6327	11.6327	 2.84	 1.99	223.95	10.66	119.18	 1.00	10.78	 2.29	336.87	306.24	319.95	286.14	312.28	0	57.23
2000	12	12	16.512	2172.6880	346.6880	11.6880	 2.55	 2.38	197.31	15.46	98.54	 1.00	10.78	 1.71	336.91	309.35	311.95	286.06	317.05	0	57.21
2000	12	12	18.506	2172.7710	346.7711	11.7711	 1.62	 0.46	259.61	11.99	433.44	 0.97	10.77	 2.09	336.66	311.43	336.94	284.75	318.59	0	56.95
2000	12	12	23.576	2172.9824	346.9823	11.9823	 1.30	 1.16	270.30	50.38	255.45	 1.00	10.78	 1.58	336.34	297.35	353.34	269.95	307.54	0	53.99
2000	12	13	2.441	2173.1018	347.1017	12.1017	 3.42	 6.16	191.41	15.16	70.29	 1.00	10.78	 1.50	336.42	290.67	300.40	266.42	299.82	0	53.28
2000	12	13	3.322	2173.1384	347.1384	12.1384	 4.17	 3.44	213.73	 4.39	47.86	 0.99	10.78	 2.52	336.34	289.33	299.54	265.28	298.04	0	53.06
2000	12	13	3.764	2173.1567	347.1568	12.1568	21.44	150496220.99	209.96	 5.83	101.61	 0.99	10.78	 2.19	336.34	288.96	298.31	265.74	297.30	0	53.15
2000	12	13	4.204	2173.1753	347.1752	12.1752	 4.66	 6.10	208.23	 4.62	29.54	 1.00	10.80	 2.24	336.33	288.76	299.72	266.30	296.82	0	53.26
2000	12	13	4.425	2173.1843	347.1844	12.1844	 4.08	 2.09	213.43	 2.93	 2.72	 1.00	10.80	 2.39	336.30	288.58	301.31	265.66	296.56	0	53.13
2000	12	13	5.527	2173.2302	347.2303	12.2303	 5.04	13.40	202.36	 6.70	73.43	 1.00	10.77	 2.18	336.23	287.80	291.74	266.19	295.32	0	53.24
2000	12	13	5.967	2173.2485	347.2487	12.2486	 2.23	 1.01	220.88	10.62	53.14	 1.00	10.77	 2.20	336.20	287.67	300.31	266.79	295.01	0	53.36
2000	12	13	6.188	2173.2578	347.2578	12.2578	16.88	914403.35	213.50	 3.46	15.02	 1.00	10.77	 2.34	336.20	287.68	300.22	266.86	294.85	0	53.37
2000	12	13	6.408	2173.2671	347.2670	12.2670	 3.38	 1.59	220.17	 4.70	 4.08	 1.00	10.78	 2.52	336.20	287.67	299.63	266.76	294.76	0	53.35
2000	12	13	6.629	2173.2761	347.2762	12.2762	26.43	18199340867.06	184.51	 4.23	59.38	 0.99	10.77	 1.74	336.17	287.58	278.84	266.54	294.67	0	53.31
2000	12	13	6.849	2173.2854	347.2854	12.2854	 2.88	 0.75	211.68	 3.66	31.89	 0.99	10.78	 2.18	336.12	287.52	297.53	266.39	294.57	0	53.28
2000	12	13	7.511	2173.3130	347.3129	12.3129	 3.05	 1.29	211.24	 5.20	16.88	 1.00	10.78	 2.24	336.22	287.89	294.51	267.92	294.39	0	53.58
2000	12	13	8.613	2173.3589	347.3589	12.3589	 2.74	 0.83	209.51	 4.61	30.64	 1.00	10.78	 2.05	336.14	288.15	297.36	267.95	294.57	0	53.59
2000	12	13	9.714	2173.4048	347.4048	12.4048	55.58	 1.00	204.58	 0.00	46.83	 0.00	10.78	 2.21	336.22	287.51	291.68	267.18	294.40	0	53.44
2000	12	13	10.376	2173.4324	347.4323	12.4323	 2.42	 0.56	217.16	 4.60	 9.79	 1.00	10.78	 2.60	336.30	288.18	304.13	267.46	294.22	0	53.49
2000	12	13	10.596	2173.4414	347.4415	12.4415	 4.00	 1.52	207.77	 2.24	 4.20	 1.00	10.77	 2.39	336.37	288.92	298.90	268.34	294.59	0	53.67
2000	12	14	0.417	2174.0173	348.0174	13.0174	 1.39	 0.74	198.74	20.69	50.02	 1.00	10.27	 2.19	336.40	294.38	305.64	267.66	304.27	0	53.53
2000	12	14	1.889	2174.0786	348.0787	13.0787	 2.32	 0.47	211.42	 4.27	21.13	 1.00	10.28	 2.32	336.39	290.34	307.69	265.13	299.88	0	53.03
2000	12	14	2.309	2174.0962	348.0962	13.0962	 1.74	 0.18	206.68	 3.20	 2.80	 1.00	10.27	 2.09	336.35	289.48	302.93	263.99	299.04	0	52.80
2000	12	14	2.519	2174.1050	348.1050	13.1050	 1.83	 0.07	208.97	 1.15	 1.84	 1.00	10.28	 2.28	336.38	289.13	303.29	263.78	298.27	0	52.76
2000	12	14	2.729	2174.1138	348.1137	13.1137	 1.94	 0.08	209.43	 1.09	 3.56	 0.98	10.27	 2.36	336.37	288.82	301.47	263.54	297.78	0	52.71
2000	12	14	2.939	2174.1226	348.1225	13.1225	 1.76	 0.09	207.80	 1.55	 1.07	 1.00	10.28	 2.30	336.39	288.50	302.19	263.77	297.25	0	52.75
2000	12	14	3.150	2174.1313	348.1313	13.1313	 1.69	 0.09	210.80	 1.68	 0.97	 1.00	10.27	 2.47	336.32	288.17	302.45	263.94	296.94	0	52.79
2000	12	14	3.359	2174.1399	348.1400	13.1400	 1.18	 0.15	192.31	 5.56	10.10	 1.00	10.27	 1.96	336.28	287.86	290.29	263.95	296.46	0	52.79
2000	12	14	3.570	2174.1487	348.1487	13.1488	 1.38	 0.23	208.70	 7.03	10.80	 1.00	10.28	 2.24	336.25	287.56	300.82	264.33	296.07	0	52.87
2000	12	14	3.780	2174.1575	348.1575	13.1575	 1.33	 0.10	205.78	 3.30	 9.19	 1.00	10.28	 2.12	336.30	287.30	298.53	264.18	295.67	0	52.84
2000	12	14	3.990	2174.1663	348.1663	13.1663	 1.47	 0.20	203.44	 5.19	 5.87	 1.00	10.27	 2.26	336.26	286.99	295.91	263.36	295.37	0	52.67
2000	12	14	4.200	2174.1750	348.1750	13.1750	 1.40	 0.14	209.28	 4.01	 3.73	 1.00	10.28	 2.16	336.24	286.68	299.66	262.73	294.98	0	52.55
2000	12	14	4.411	2174.1838	348.1838	13.1838	 1.63	 0.11	213.97	 2.41	 9.66	 0.99	10.27	 2.46	336.23	286.37	299.00	262.23	294.64	0	52.45
2000	12	14	4.620	2174.1926	348.1925	13.1925	 1.54	 0.09	211.26	 2.24	 3.91	 1.00	10.30	 2.39	336.28	286.06	298.90	261.50	294.27	0	52.30
2000	12	14	5.041	2174.2100	348.2101	13.2100	 0.60	 0.23	224.30	36.91	118.21	 1.00	10.27	 1.79	336.19	285.49	290.16	262.56	293.48	0	52.51
2000	12	14	5.671	2174.2363	348.2363	13.2363	 1.05	 0.18	214.63	 9.57	42.68	 1.00	10.27	 2.22	336.19	284.65	294.14	261.17	292.51	0	52.23
2000	12	14	6.092	2174.2539	348.2538	13.2538	 1.43	 0.26	190.06	 6.59	31.56	 1.00	10.27	 2.31	336.29	284.24	284.38	262.04	291.86	0	52.41
2000	12	14	6.512	2174.2712	348.2713	13.2713	 1.24	 0.16	201.80	 5.79	 2.83	 1.00	10.28	 2.26	336.28	283.89	292.79	262.22	291.36	0	52.44
2000	12	14	6.932	2174.2888	348.2888	13.2888	 1.29	 0.19	201.85	 6.27	24.67	 1.00	10.27	 2.40	336.30	283.57	292.55	262.02	291.20	0	52.40
2000	12	14	7.773	2174.3240	348.3239	13.3239	 1.49	 0.15	208.04	 3.80	10.03	 1.00	10.28	 2.31	336.20	283.24	293.74	263.12	290.08	0	52.62
2000	12	14	7.984	2174.3328	348.3326	13.3327	 1.45	 0.10	205.79	 2.57	 9.15	 0.99	10.30	 2.46	336.20	283.18	291.43	 0.00	290.02	0	54.00
2000	12	14	8.194	2174.3413	348.3414	13.3414	 1.34	 0.10	204.46	 3.09	 4.95	 1.00	10.28	 2.28	336.19	283.10	291.12	262.81	289.85	0	52.56
2000	12	14	8.404	2174.3501	348.3502	13.3502	 1.45	 0.11	208.93	 2.93	 2.89	 1.00	10.23	 2.43	336.21	283.02	292.36	262.70	289.71	0	52.54
2000	12	14	8.613	2174.3589	348.3589	13.3589	 1.52	 0.16	207.51	 3.76	10.37	 1.00	10.27	 2.44	336.22	282.96	293.21	262.86	289.94	0	52.57
2000	12	14	8.824	2174.3677	348.3677	13.3677	 1.37	 0.07	207.51	 2.22	 7.42	 0.99	10.32	 2.34	336.16	282.92	291.27	262.95	289.80	0	52.59
2000	12	14	9.035	2174.3765	348.3764	13.3764	 1.39	 0.11	206.26	 3.26	13.51	 0.99	10.30	 2.45	336.19	282.88	292.04	263.11	289.37	0	52.62
2000	12	14	9.245	2174.3853	348.3852	13.3852	 1.26	 0.21	198.59	 7.13	22.66	 1.00	10.28	 2.12	336.17	282.85	286.07	263.22	289.64	0	52.64
# Unit 0, Tucson Lab, Filter  0,  Slot 0, 350 um (563) & yellow
#				days
#				since		day of	day of
# yr	mo	dy	 time	1/1/1995	year	month	Tau	unc	Tatm	unc	mse	fitgood	Etime	R	Thot	Twarm	Tchop	Tamb	<Tint>	Filter	Toff
# 1	2	3	4	5		6	7	8	9	10	11	12	13	14	15	16	17	18	19	20	21	22
