2008	5	1	0.414	4869.0171	121.0172	0.0172	 2.31	 0.59	204.26	 5.17	16.68	 1.00	10.33	 1.43	335.19	279.23	277.82	262.18	279.16	0	52.44
# Unit 0, Chajnantor CBI, Filter  0,  Slot 0, 350 um (563) & yellow
#				days
#				since		day of	day of
# yr	mo	dy	 time	1/1/1995	year	month	Tau	unc	Tatm	unc	mse	fitgood	Etime	R	Thot	Twarm	Tchop	Tamb	<Tint>	Filter	Toff
# 1	2	3	4	5		6	7	8	9	10	11	12	13	14	15	16	17	18	19	20	21	22
2008	5	1	1.068	4869.0444	121.0445	0.0445	 3.74	 2.83	195.80	 5.12	24.15	 1.00	10.33	 1.17	335.16	278.87	279.87	262.71	278.70	0	52.54
2008	5	1	1.281	4869.0532	121.0534	0.0534	 3.57	 1.92	205.84	 4.34	62.67	 0.99	10.32	 1.44	335.17	278.77	278.46	262.62	278.63	0	52.52
2008	5	1	1.493	4869.0620	121.0622	0.0622	15.45	286458.10	207.95	 4.37	33.19	 1.00	10.32	 1.50	335.17	278.64	283.00	262.44	278.55	0	52.49
2008	5	1	2.131	4869.0889	121.0888	0.0888	 3.53	 1.67	199.71	 3.83	34.36	 0.99	10.32	 1.60	335.08	278.23	276.56	262.18	278.88	0	52.44
2008	5	1	2.344	4869.0977	121.0976	0.0977	324.33	 1.00	201.30	 0.00	90.00	 0.00	10.32	 1.48	335.19	278.12	285.93	262.20	277.99	0	52.44
2008	5	1	2.557	4869.1064	121.1065	0.1065	 2.86	 0.97	199.12	 4.53	32.62	 1.00	10.33	 1.40	335.09	278.01	273.66	262.08	277.92	0	52.42
2008	5	1	2.768	4869.1152	121.1153	0.1153	17.40	1999871.77	206.80	 4.34	68.28	 0.99	10.32	 1.61	335.18	277.93	281.55	261.92	277.81	0	52.38
2008	5	1	2.980	4869.1240	121.1242	0.1242	 2.99	 1.26	213.67	 5.47	10.61	 1.00	10.32	 1.58	335.16	277.81	284.82	261.68	277.77	0	52.34
2008	5	21	17.685	4889.7368	141.7369	20.7369	 0.74	 0.04	194.93	 3.75	38.60	 0.63	10.32	 1.56	335.48	297.89	293.92	285.60	295.29	0	57.12
2008	5	21	17.897	4889.7456	141.7457	20.7457	 0.55	 0.06	211.80	10.57	 4.15	 1.00	10.33	 1.48	335.47	298.25	295.00	286.11	295.80	0	57.22
2008	5	21	18.108	4889.7544	141.7545	20.7545	 0.81	 0.05	202.64	 4.18	 4.60	 1.00	10.33	 1.74	335.58	298.53	300.55	285.78	296.14	0	57.16
2008	5	21	18.321	4889.7632	141.7634	20.7634	 0.70	 0.06	195.30	 6.34	 1.81	 1.00	10.32	 1.55	335.65	298.74	295.30	285.08	296.46	0	57.02
2008	5	21	18.532	4889.7720	141.7722	20.7722	 0.57	 0.07	199.12	11.01	23.12	 0.99	10.32	 1.41	335.65	298.86	295.60	285.32	296.68	0	57.06
2008	5	21	18.744	4889.7808	141.7810	20.7810	 0.27	 0.07	260.83	43.94	37.82	 0.98	10.33	 1.25	335.62	298.90	291.71	284.75	296.80	0	56.95
2008	5	21	18.956	4889.7900	141.7898	20.7898	 0.82	 0.05	198.39	 3.99	12.60	 0.98	10.32	 1.76	335.61	298.89	300.65	283.87	296.96	0	56.77
2008	5	21	19.405	4889.8086	141.8085	20.8085	 0.57	 0.07	200.61	11.11	16.56	 1.00	10.37	 1.49	335.59	298.59	297.78	283.46	296.80	0	56.69
2008	5	21	19.617	4889.8174	141.8174	20.8174	 0.95	 0.09	201.65	 5.17	16.32	 0.99	10.33	 1.87	335.62	298.33	303.55	283.36	296.72	0	56.67
2008	5	21	20.040	4889.8350	141.8350	20.8350	 0.44	 0.05	212.43	12.93	 7.61	 1.00	10.32	 1.33	335.61	297.66	298.52	282.51	296.29	0	56.50
2008	5	21	20.251	4889.8437	141.8438	20.8438	 0.72	 0.05	199.24	 5.36	16.42	 0.98	10.32	 1.61	335.58	297.27	301.83	282.38	296.00	0	56.48
2008	5	21	20.463	4889.8525	141.8526	20.8526	 0.77	 0.08	195.12	 6.98	12.09	 1.00	10.33	 1.63	335.57	296.81	301.95	282.33	295.72	0	56.47
2008	5	21	20.674	4889.8613	141.8614	20.8614	 1.03	 0.07	197.01	 3.48	14.10	 0.98	10.32	 1.93	335.55	296.31	301.17	282.57	295.42	0	56.51
2008	5	21	20.886	4889.8701	141.8703	20.8703	 0.83	 0.07	198.45	 5.53	15.90	 0.99	10.35	 1.74	335.52	295.77	301.38	282.26	295.06	0	56.45
2008	5	21	21.098	4889.8789	141.8791	20.8791	 0.78	 0.05	200.65	 4.16	 3.94	 1.00	10.32	 1.71	335.51	295.17	299.63	281.78	294.66	0	56.36
2008	5	21	21.309	4889.8877	141.8879	20.8879	 0.72	 0.06	200.47	 6.17	 8.46	 1.00	10.33	 1.68	335.50	294.52	299.75	281.15	294.15	0	56.23
2008	5	21	21.522	4889.8970	141.8968	20.8968	 0.73	 0.06	199.17	 6.38	 3.31	 1.00	10.32	 1.63	335.47	293.79	298.57	280.03	293.66	0	56.01
2008	5	21	21.774	4889.9072	141.9072	20.9072	 0.97	 0.55	182.37	29.04	362.87	 1.00	10.35	 1.60	335.41	292.83	298.64	277.43	293.60	0	55.49
2008	5	21	21.987	4889.9160	141.9161	20.9161	 1.25	 0.46	187.27	15.21	205.14	 1.00	10.32	 1.97	335.45	291.83	303.07	272.97	292.26	0	54.59
2008	5	21	22.625	4889.9429	141.9427	20.9427	 1.00	 0.13	208.81	 7.58	26.43	 1.00	10.32	 1.94	335.35	288.74	297.68	269.06	289.31	0	53.81
2008	5	21	22.836	4889.9517	141.9515	20.9515	 0.78	 0.09	206.19	 8.00	28.98	 0.99	10.32	 1.69	335.36	287.86	295.03	268.65	288.46	0	53.73
2008	5	21	23.261	4889.9692	141.9692	20.9692	 0.75	 0.07	201.33	 6.97	20.76	 0.99	10.32	 1.59	335.31	286.33	294.02	268.55	286.98	0	53.71
2008	5	21	23.474	4889.9780	141.9781	20.9781	 0.89	 0.05	202.10	 3.36	 4.53	 1.00	10.33	 1.75	335.25	285.65	293.66	268.46	286.33	0	53.69
2008	5	21	23.687	4889.9868	141.9870	20.9870	 0.89	 0.06	195.33	 3.79	 3.82	 1.00	10.33	 1.69	335.26	285.05	290.45	268.17	285.69	0	53.63
2008	5	21	23.900	4889.9956	141.9958	20.9958	 0.73	 0.03	200.11	 3.30	 2.61	 1.00	10.30	 1.60	335.25	284.49	289.09	268.02	285.09	0	53.60
2008	5	22	0.193	4890.0078	142.0080	21.0080	 0.84	 0.15	190.35	10.88	17.49	 1.00	10.37	 1.55	335.30	283.74	286.90	268.01	284.31	0	53.60
2008	5	22	0.406	4890.0171	142.0169	21.0169	 0.79	 0.04	199.45	 3.30	 1.70	 1.00	10.33	 1.63	335.20	283.26	288.82	267.86	283.79	0	53.57
2008	5	22	0.619	4890.0259	142.0258	21.0258	 0.81	 0.04	197.57	 2.89	 4.21	 0.99	10.32	 1.62	335.22	282.84	287.98	267.66	283.38	0	53.53
2008	5	22	0.831	4890.0347	142.0346	21.0346	 0.85	 0.05	198.19	 3.45	 3.22	 1.00	10.33	 1.65	335.22	282.44	288.52	267.49	282.98	0	53.50
2008	5	22	1.042	4890.0435	142.0434	21.0434	 0.82	 0.03	203.53	 2.49	 7.44	 0.95	10.32	 1.69	335.23	282.06	288.84	267.50	282.57	0	53.50
2008	5	22	1.255	4890.0522	142.0523	21.0523	 0.77	 0.04	200.63	 3.46	 6.63	 0.99	10.32	 1.61	335.21	281.75	285.84	267.86	282.23	0	53.57
2008	5	22	1.468	4890.0610	142.0612	21.0612	 0.77	 0.03	197.42	 2.78	 2.90	 0.99	10.32	 1.55	335.19	281.48	285.37	267.96	282.02	0	53.59
2008	5	22	1.682	4890.0703	142.0701	21.0701	 0.73	 0.03	200.15	 2.78	 2.28	 1.00	10.33	 1.58	335.19	281.22	285.02	267.64	281.78	0	53.53
2008	5	22	1.895	4890.0791	142.0789	21.0789	 0.70	 0.05	198.70	 4.93	12.94	 0.98	10.32	 1.54	335.20	280.96	283.52	267.25	282.29	0	53.45
2008	5	22	2.106	4890.0879	142.0878	21.0878	 0.79	 0.03	201.73	 2.60	 3.31	 0.99	10.33	 1.64	335.21	280.70	286.66	267.30	281.27	0	53.46
2008	5	22	2.318	4890.0967	142.0966	21.0966	 0.65	 0.03	202.52	 4.13	 3.19	 1.00	10.33	 1.51	335.18	280.50	283.13	267.56	281.76	0	53.51
2008	5	22	2.561	4890.1069	142.1067	21.1067	 0.82	 0.03	193.95	 2.16	 5.91	 0.94	10.35	 1.61	335.12	280.30	284.58	267.34	280.70	0	53.47
2008	5	22	2.774	4890.1157	142.1156	21.1156	 0.78	 0.03	193.20	 2.91	 2.07	 1.00	10.32	 1.57	335.17	280.15	284.54	267.29	280.62	0	53.46
2008	5	22	2.987	4890.1245	142.1245	21.1245	 0.79	 0.03	191.27	 2.45	 3.44	 0.99	10.32	 1.56	335.15	279.99	283.69	267.11	280.81	0	53.42
2008	5	22	3.199	4890.1333	142.1333	21.1333	 0.78	 0.04	190.65	 3.14	 1.62	 1.00	10.32	 1.57	335.19	279.82	282.85	266.88	280.32	0	53.38
2008	5	22	3.412	4890.1421	142.1422	21.1422	 0.78	 0.04	196.35	 3.21	 2.74	 1.00	10.32	 1.62	335.21	279.64	284.96	266.85	280.11	0	53.37
2008	5	22	3.625	4890.1509	142.1510	21.1510	 0.77	 0.04	191.72	 3.24	 5.00	 0.99	10.33	 1.56	335.22	279.51	283.24	266.97	279.93	0	53.39
2008	5	22	3.837	4890.1597	142.1599	21.1599	 0.85	 0.03	190.14	 2.10	 3.81	 0.98	10.32	 1.62	335.22	279.38	283.94	267.06	279.82	0	53.41
2008	5	22	4.048	4890.1685	142.1687	21.1687	 0.78	 0.03	189.91	 2.51	 3.21	 0.99	10.33	 1.58	335.21	279.27	282.81	267.21	279.69	0	53.44
2008	5	22	4.261	4890.1777	142.1776	21.1775	 0.70	 0.03	193.65	 3.34	 3.12	 1.00	10.33	 1.50	335.20	279.18	281.78	267.25	279.62	0	53.45
2008	5	22	4.474	4890.1865	142.1864	21.1864	 0.80	 0.03	187.32	 2.55	 2.37	 1.00	10.33	 1.53	335.20	279.08	282.59	267.09	279.50	0	53.42
2008	5	22	4.687	4890.1953	142.1953	21.1953	 0.79	 0.04	190.40	 2.92	 4.30	 0.99	10.32	 1.58	335.20	279.00	281.95	267.01	279.41	0	53.40
2008	5	22	5.920	4890.2466	142.2467	21.2467	 0.77	 0.03	198.42	 2.41	 1.28	 1.00	10.33	 1.58	335.12	278.43	282.51	266.36	278.63	0	53.27
2008	5	22	6.132	4890.2554	142.2555	21.2555	 0.71	 0.03	197.95	 3.22	 1.56	 1.00	10.33	 1.50	335.06	278.34	281.68	266.36	278.63	0	53.27
2008	5	22	6.343	4890.2642	142.2643	21.2643	 0.68	 0.03	200.44	 3.18	 1.88	 1.00	10.33	 1.52	335.06	278.26	281.41	266.16	278.59	0	53.23
2008	5	22	6.554	4890.2729	142.2731	21.2731	 0.78	 0.03	198.43	 2.18	 4.28	 0.96	10.32	 1.59	335.09	278.20	283.02	266.12	278.53	0	53.22
2008	5	22	6.766	4890.2817	142.2819	21.2819	 0.72	 0.03	194.84	 2.88	 0.64	 1.00	10.33	 1.51	335.05	278.11	279.59	265.50	278.46	0	53.10
2008	5	22	6.979	4890.2910	142.2908	21.2908	 0.73	 0.03	196.64	 2.72	 4.43	 0.98	10.33	 1.53	335.05	277.99	281.06	264.57	278.32	0	52.91
2008	5	22	7.192	4890.2998	142.2997	21.2997	 0.78	 0.03	198.36	 2.98	 2.63	 1.00	10.33	 1.60	335.09	277.85	282.02	264.65	278.13	0	52.93
2008	5	22	7.406	4890.3086	142.3086	21.3086	 0.77	 0.02	198.24	 1.97	 6.34	 0.87	10.32	 1.59	335.13	277.77	282.51	265.39	278.01	0	53.08
2008	5	22	7.619	4890.3174	142.3175	21.3175	 0.77	 0.03	195.72	 2.72	 2.04	 1.00	10.33	 1.55	335.08	277.69	280.65	265.60	277.97	0	53.12
2008	5	22	7.831	4890.3262	142.3263	21.3263	 0.78	 0.03	197.46	 2.22	 4.91	 0.95	10.33	 1.59	335.07	277.63	281.77	265.32	277.91	0	53.06
2008	5	22	8.042	4890.3350	142.3351	21.3351	 0.65	 0.03	197.88	 4.09	 4.99	 0.99	10.37	 1.47	335.05	277.57	278.70	265.06	277.83	0	53.01
2008	5	22	8.418	4890.3506	142.3508	21.3508	 0.75	 0.02	194.13	 2.04	 3.94	 0.95	10.40	 1.55	335.11	277.44	280.05	265.07	277.59	0	53.01
2008	5	22	8.633	4890.3599	142.3597	21.3597	 0.69	 0.03	198.83	 3.62	 2.84	 1.00	10.40	 1.50	335.03	277.37	280.21	265.09	277.58	0	53.02
2008	5	22	8.845	4890.3687	142.3685	21.3685	 0.68	 0.03	197.84	 3.46	 1.99	 1.00	10.32	 1.49	335.03	277.29	280.21	265.14	277.54	0	53.03
2008	5	22	9.056	4890.3774	142.3773	21.3773	 0.70	 0.02	200.39	 2.55	 1.78	 1.00	10.33	 1.56	335.02	277.23	279.43	265.24	277.47	0	53.05
2008	5	22	9.269	4890.3862	142.3862	21.3862	 0.68	 0.03	201.10	 3.68	 1.20	 1.00	10.33	 1.51	335.04	277.19	280.64	265.34	277.41	0	53.07
2008	5	22	9.483	4890.3950	142.3951	21.3951	 0.74	 0.03	199.45	 2.75	 1.41	 1.00	10.32	 1.58	335.05	277.13	281.15	265.40	277.37	0	53.08
2008	5	22	9.696	4890.4038	142.4040	21.4040	 0.76	 0.02	195.42	 1.81	 5.31	 0.86	10.32	 1.58	335.04	277.08	280.71	265.46	277.32	0	53.09
2008	5	22	9.909	4890.4131	142.4129	21.4129	 0.70	 0.03	194.36	 3.25	 7.66	 0.96	10.33	 1.51	335.04	277.04	279.15	265.62	277.28	0	53.12
2008	5	22	10.122	4890.4219	142.4217	21.4217	 0.62	 0.03	200.59	 3.39	 3.95	 0.98	10.33	 1.45	335.03	277.00	279.83	265.60	277.22	0	53.12
2008	5	22	10.333	4890.4307	142.4306	21.4306	 0.78	 0.03	198.24	 2.63	 1.50	 1.00	10.32	 1.61	335.06	276.97	282.31	265.45	277.17	0	53.09
2008	5	22	10.547	4890.4395	142.4394	21.4394	 0.76	 0.03	194.62	 2.44	 0.95	 1.00	10.35	 1.53	335.05	276.93	280.31	264.77	277.12	0	52.95
2008	5	22	10.814	4890.4507	142.4506	21.4506	 0.76	 0.03	196.22	 2.31	 1.31	 1.00	10.35	 1.54	335.08	276.93	279.90	264.26	276.92	0	52.85
2008	5	22	11.028	4890.4595	142.4595	21.4595	 0.74	 0.03	197.56	 2.35	 0.85	 1.00	10.30	 1.57	335.06	276.98	279.74	264.52	277.83	0	52.90
2008	5	22	11.239	4890.4683	142.4683	21.4683	 0.72	 0.03	198.62	 3.26	 7.65	 0.96	10.33	 1.58	335.09	277.02	279.45	264.89	277.14	0	52.98
2008	5	22	11.452	4890.4771	142.4772	21.4772	 0.67	 0.02	199.63	 2.65	 5.28	 0.94	10.30	 1.55	335.09	277.31	279.08	265.57	277.24	0	53.11
2008	5	22	11.665	4890.4858	142.4860	21.4860	 0.65	 0.03	195.71	 3.89	 7.06	 0.97	10.33	 1.50	335.08	277.84	277.66	266.43	277.63	0	53.29
2008	5	22	11.878	4890.4951	142.4949	21.4949	 0.60	 0.03	199.89	 3.72	 0.46	 1.00	10.32	 1.49	335.09	278.49	277.75	267.30	278.14	0	53.46
2008	5	22	12.090	4890.5039	142.5037	21.5037	 0.67	 0.03	196.30	 3.68	 3.37	 0.99	10.32	 1.55	335.10	279.26	278.97	268.27	278.78	0	53.65
2008	5	22	12.302	4890.5127	142.5126	21.5126	 0.69	 0.03	197.67	 2.90	 0.68	 1.00	10.33	 1.59	335.10	280.10	279.55	268.98	280.40	0	53.80
2008	5	22	12.515	4890.5215	142.5215	21.5215	 0.69	 0.04	196.04	 3.99	 1.69	 1.00	10.35	 1.60	335.13	281.01	281.09	269.74	280.89	0	53.95
2008	5	22	12.729	4890.5303	142.5304	21.5304	 0.61	 0.03	201.68	 4.12	 6.42	 0.98	10.32	 1.54	335.16	281.97	279.32	270.51	281.04	0	54.10
2008	5	22	12.942	4890.5391	142.5392	21.5392	 0.63	 0.03	199.21	 4.17	 5.59	 0.99	10.32	 1.54	335.16	282.95	278.62	271.23	281.89	0	54.25
2008	5	22	13.178	4890.5493	142.5491	21.5491	 0.68	 0.03	196.69	 3.61	 1.87	 1.00	10.35	 1.56	335.13	284.08	279.92	272.07	282.72	0	54.41
2008	5	22	13.392	4890.5581	142.5580	21.5580	 0.73	 0.03	197.45	 2.43	 1.41	 1.00	10.33	 1.66	335.16	285.11	282.37	272.77	283.69	0	54.55
2008	5	22	13.604	4890.5669	142.5668	21.5668	 0.64	 0.03	197.89	 3.85	 0.75	 1.00	10.32	 1.55	335.17	286.08	280.07	273.27	284.57	0	54.65
2008	5	22	13.815	4890.5757	142.5756	21.5756	 0.56	 0.03	199.74	 4.47	 6.04	 0.98	10.33	 1.48	335.19	287.10	281.10	273.69	286.56	0	54.74
2008	5	22	14.028	4890.5845	142.5845	21.5845	 0.62	 0.02	199.69	 3.07	 5.59	 0.94	10.32	 1.54	335.21	288.15	282.94	274.14	286.39	0	54.83
2008	5	22	14.242	4890.5933	142.5934	21.5934	 0.65	 0.03	199.14	 4.04	 1.08	 1.00	10.33	 1.57	335.24	289.20	284.75	274.75	287.33	0	54.95
2008	5	22	14.455	4890.6021	142.6023	21.6023	 0.67	 0.02	203.03	 2.89	 2.24	 0.99	10.30	 1.64	335.32	290.26	286.65	275.44	288.23	0	55.09
2008	5	22	14.668	4890.6113	142.6112	21.6112	 0.62	 0.03	204.14	 3.88	 4.71	 0.99	10.33	 1.60	335.24	291.28	284.81	276.00	289.23	0	55.20
2008	5	22	14.881	4890.6201	142.6200	21.6200	 0.63	 0.03	200.52	 4.03	 8.19	 0.96	10.33	 1.57	335.24	292.21	285.77	276.47	290.07	0	55.29
2008	5	22	15.092	4890.6289	142.6289	21.6289	 0.63	 0.03	206.01	 3.57	 5.01	 0.98	10.32	 1.59	335.26	293.13	287.96	277.12	290.94	0	55.42
2008	5	22	15.304	4890.6377	142.6377	21.6377	 0.63	 0.03	204.27	 4.49	 6.06	 0.99	10.32	 1.59	335.31	294.00	288.80	278.35	291.77	0	55.67
2008	5	22	15.538	4890.6475	142.6474	21.6474	 0.64	 0.04	204.09	 4.73	 2.12	 1.00	10.37	 1.59	335.37	294.91	289.08	279.27	293.64	0	55.85
2008	5	22	15.751	4890.6562	142.6563	21.6563	 0.60	 0.05	203.31	 6.59	19.42	 0.96	10.32	 1.53	335.40	295.63	288.60	279.45	293.21	0	55.89
2008	5	22	15.964	4890.6650	142.6652	21.6652	 0.41	 0.04	221.28	12.87	 9.13	 1.00	10.33	 1.35	335.39	296.29	285.57	280.28	293.96	0	56.06
2008	5	22	16.177	4890.6738	142.6741	21.6741	 0.71	 0.05	203.13	 5.38	 2.03	 1.00	10.30	 1.68	335.38	296.87	293.55	281.01	294.48	0	56.20
2008	5	22	16.391	4890.6831	142.6829	21.6829	 0.58	 0.05	206.75	 8.24	 4.74	 1.00	10.33	 1.51	335.36	297.40	292.76	281.88	294.90	0	56.38
2008	5	22	16.813	4890.7007	142.7006	21.7006	 0.73	 0.04	207.79	 4.45	 3.76	 1.00	10.33	 1.71	335.48	298.29	295.02	282.64	295.79	0	56.53
2008	5	22	17.025	4890.7095	142.7094	21.7094	 0.75	 0.06	204.15	 5.36	 4.04	 1.00	10.33	 1.71	335.53	298.62	296.59	283.43	296.10	0	56.69
2008	5	22	17.237	4890.7183	142.7182	21.7182	 0.83	 0.06	199.78	 4.65	16.55	 0.98	10.32	 1.69	335.55	298.89	297.96	283.29	296.33	0	56.66
2008	5	22	17.449	4890.7271	142.7271	21.7271	 0.93	 0.04	199.04	 2.66	 4.09	 1.00	10.33	 1.85	335.52	299.13	296.38	283.17	296.60	0	56.63
2008	5	22	17.663	4890.7358	142.7359	21.7359	 0.73	 0.06	202.49	 6.20	17.35	 0.99	10.33	 1.60	335.53	299.28	297.68	283.42	296.76	0	56.68
2008	5	22	20.468	4890.8530	142.8528	21.8528	 0.83	 0.07	203.78	 5.51	11.23	 1.00	10.32	 1.74	335.52	295.70	300.51	279.57	294.85	0	55.91
2008	5	22	20.681	4890.8618	142.8617	21.8617	 0.66	 0.07	206.99	 8.07	 5.47	 1.00	10.32	 1.63	335.49	295.22	295.77	279.27	294.36	0	55.85
2008	5	22	20.894	4890.8706	142.8706	21.8706	 0.66	 0.06	210.39	 7.56	10.28	 1.00	10.33	 1.60	335.49	294.65	297.14	278.62	293.89	0	55.72
2008	5	22	21.106	4890.8794	142.8794	21.8794	 0.88	 0.08	203.48	 5.64	 7.75	 1.00	10.32	 1.80	335.50	294.03	299.53	277.91	293.42	0	55.58
2008	5	22	21.530	4890.8970	142.8971	21.8971	 0.93	 0.30	198.79	19.06	318.37	 0.99	10.32	 1.80	335.48	292.63	305.63	276.16	292.23	0	55.23
2008	5	22	21.956	4890.9150	142.9149	21.9149	 0.79	 0.86	195.49	72.13	336.10	 1.00	10.32	 1.50	335.37	290.74	291.33	270.56	290.77	0	54.11
2008	5	22	22.614	4890.9424	142.9423	21.9423	 0.87	 0.13	197.10	 9.11	34.03	 1.00	10.35	 1.68	335.24	287.47	292.78	266.99	287.71	0	53.40
2008	5	22	23.040	4890.9600	142.9600	21.9600	 0.66	 0.12	208.68	15.50	22.62	 1.00	10.32	 1.53	335.21	285.74	290.89	266.23	286.17	0	53.25
2008	5	22	23.251	4890.9687	142.9688	21.9688	 0.79	 0.07	194.90	 5.77	 9.96	 1.00	10.33	 1.57	335.20	285.01	287.77	265.94	285.43	0	53.19
2008	5	22	23.464	4890.9775	142.9777	21.9777	 0.86	 0.04	199.24	 3.09	 5.02	 0.99	10.32	 1.65	335.20	284.32	289.67	265.67	284.73	0	53.13
2008	5	22	23.677	4890.9863	142.9866	21.9866	 0.78	 0.10	201.25	 8.44	19.02	 1.00	10.32	 1.60	335.15	283.68	286.16	265.42	284.06	0	53.08
2008	5	22	23.891	4890.9956	142.9954	21.9954	 0.88	 0.06	204.18	 4.29	 8.54	 1.00	10.33	 1.69	335.13	283.11	288.52	265.16	283.45	0	53.03
2008	5	23	0.102	4891.0044	143.0042	22.0042	 0.87	 0.05	198.97	 3.31	 3.81	 1.00	10.32	 1.56	335.16	282.61	287.87	265.71	282.96	0	53.14
2008	5	23	0.313	4891.0132	143.0131	22.0131	 0.89	 0.04	196.76	 2.73	 9.87	 0.96	10.33	 1.61	335.13	282.15	285.98	265.49	283.26	0	53.10
2008	5	23	0.525	4891.0220	143.0219	22.0219	 0.91	 0.05	200.83	 3.08	 0.17	 1.00	10.32	 1.64	335.10	281.70	287.77	265.16	282.06	0	53.03
2008	5	23	0.738	4891.0308	143.0308	22.0308	 0.97	 0.09	197.23	 4.99	 2.80	 1.00	10.33	 1.64	335.12	281.27	287.05	264.85	281.67	0	52.97
2008	5	23	1.014	4891.0425	143.0423	22.0423	 0.84	 0.06	202.67	 4.69	 2.50	 1.00	10.35	 1.59	335.14	280.74	284.43	264.69	281.05	0	52.94
2008	5	23	1.228	4891.0513	143.0512	22.0512	 0.86	 0.03	200.66	 2.35	 3.81	 0.99	10.33	 1.57	335.08	280.40	284.05	264.88	280.70	0	52.98
2008	5	23	1.441	4891.0601	143.0600	22.0600	 0.85	 0.04	203.85	 2.76	 3.10	 1.00	10.32	 1.58	335.10	280.13	283.18	264.86	280.45	0	52.97
2008	5	23	1.654	4891.0688	143.0689	22.0689	 0.84	 0.06	204.04	 4.45	 6.06	 1.00	10.33	 1.56	335.08	279.85	284.84	264.78	280.14	0	52.96
2008	5	23	1.866	4891.0776	143.0777	22.0777	 0.91	 0.04	201.49	 2.61	 2.98	 1.00	10.32	 1.55	335.05	279.58	284.42	264.57	279.85	0	52.91
2008	5	23	2.077	4891.0864	143.0865	22.0866	 0.86	 0.04	203.98	 2.62	 6.20	 0.98	10.33	 1.51	335.01	279.35	281.91	264.52	279.60	0	52.90
2008	5	23	2.289	4891.0952	143.0954	22.0954	 0.90	 0.03	204.38	 2.02	 5.18	 0.96	10.32	 1.53	335.01	279.13	280.03	264.56	279.36	0	52.91
2008	5	23	2.500	4891.1040	143.1042	22.1042	 0.84	 0.04	206.18	 2.79	 3.59	 0.99	10.33	 1.44	335.04	278.95	280.99	264.65	279.15	0	52.93
2008	5	23	2.713	4891.1133	143.1131	22.1131	 0.91	 0.04	205.04	 2.54	 3.55	 1.00	10.33	 1.56	335.03	278.79	282.29	264.78	278.97	0	52.96
2008	5	23	2.925	4891.1221	143.1219	22.1219	 0.88	 0.04	206.27	 3.13	 2.13	 1.00	10.33	 1.59	335.04	278.64	282.95	264.94	278.79	0	52.99
2008	5	23	3.138	4891.1309	143.1308	22.1308	 0.79	 0.03	203.06	 2.40	 2.11	 1.00	10.33	 1.50	335.05	278.51	279.65	264.80	278.66	0	52.96
2008	5	23	3.371	4891.1406	143.1404	22.1404	 0.91	 0.05	197.66	 3.10	 6.90	 0.99	10.35	 1.58	334.97	278.34	283.32	264.45	278.45	0	52.89
2008	5	23	3.582	4891.1494	143.1493	22.1493	 0.86	 0.03	198.14	 2.08	 5.49	 0.96	10.33	 1.56	335.03	278.18	281.89	264.29	278.40	0	52.86
2008	5	23	3.796	4891.1582	143.1581	22.1581	 0.91	 0.05	197.32	 3.14	 9.09	 0.98	10.33	 1.60	335.01	278.03	282.49	264.24	278.23	0	52.85
2008	5	23	4.009	4891.1670	143.1670	22.1670	 0.90	 0.04	197.42	 2.52	 6.31	 0.98	10.32	 1.58	335.01	277.91	282.70	264.21	278.80	0	52.84
2008	5	23	4.222	4891.1758	143.1759	22.1759	 0.85	 0.03	196.33	 2.38	 5.38	 0.98	10.33	 1.58	335.01	277.78	281.68	264.10	277.94	0	52.82
2008	5	23	4.435	4891.1846	143.1848	22.1848	 0.78	 0.03	194.95	 2.52	 3.55	 0.99	10.32	 1.51	335.02	277.64	280.43	263.99	277.84	0	52.80
2008	5	23	4.648	4891.1938	143.1937	22.1937	 0.81	 0.04	194.11	 2.88	 5.59	 0.98	10.33	 1.56	335.06	277.48	280.69	263.93	277.67	0	52.79
2008	5	23	4.860	4891.2026	143.2025	22.2025	 0.77	 0.03	195.81	 2.98	 6.53	 0.98	10.32	 1.52	335.05	277.30	280.57	263.15	277.50	0	52.63
2008	5	23	5.071	4891.2114	143.2113	22.2113	 0.84	 0.03	196.32	 1.91	 4.58	 0.95	10.33	 1.59	335.06	277.13	281.94	264.95	277.29	0	52.99
2008	5	23	5.282	4891.2202	143.2201	22.2201	 0.83	 0.03	194.87	 2.54	 1.76	 1.00	10.30	 1.56	335.05	277.00	281.11	263.00	277.13	0	52.60
2008	5	23	5.496	4891.2290	143.2290	22.2290	 0.80	 0.03	196.47	 2.28	 5.88	 0.95	10.33	 1.53	335.05	276.88	279.67	262.82	276.97	0	52.56
2008	5	23	5.732	4891.2388	143.2388	22.2388	 0.75	 0.04	195.76	 3.45	 2.58	 1.00	10.45	 1.44	335.04	276.75	278.33	262.78	276.99	0	52.56
2008	5	23	5.946	4891.2476	143.2478	22.2478	 0.80	 0.03	197.87	 2.76	 3.36	 0.99	10.32	 1.49	335.08	276.64	279.99	262.73	276.68	0	52.55
2008	5	23	6.159	4891.2568	143.2566	22.2566	 0.83	 0.04	194.93	 2.92	 7.41	 0.98	10.33	 1.48	335.09	276.56	279.31	263.22	276.62	0	52.64
2008	5	23	6.371	4891.2656	143.2655	22.2655	 0.81	 0.05	200.40	 4.30	20.01	 0.96	10.32	 1.53	335.06	276.49	282.11	263.55	276.55	0	52.71
2008	5	23	6.583	4891.2744	143.2743	22.2743	 0.80	 0.06	194.15	 5.11	 5.75	 1.00	10.32	 1.52	335.04	276.43	278.56	263.89	276.84	0	52.78
2008	5	23	6.796	4891.2832	143.2832	22.2832	 0.81	 0.04	196.72	 2.93	 4.74	 0.99	10.32	 1.54	335.01	276.39	277.33	263.67	276.47	0	52.73
2008	5	23	7.007	4891.2920	143.2920	22.2920	 0.80	 0.03	196.94	 2.61	 6.64	 0.96	10.32	 1.49	334.98	276.37	279.15	263.61	276.46	0	52.72
2008	5	23	7.220	4891.3008	143.3008	22.3008	 0.85	 0.05	198.60	 3.62	 1.92	 1.00	10.33	 1.57	335.01	276.36	280.26	263.96	276.45	0	52.79
2008	5	23	7.433	4891.3096	143.3097	22.3097	 0.87	 0.07	195.57	 4.58	10.61	 0.99	10.32	 1.54	334.99	276.36	279.19	264.23	276.47	0	52.85
2008	5	23	7.647	4891.3188	143.3186	22.3186	 0.74	 0.03	197.16	 2.97	 3.56	 0.99	10.40	 1.50	335.02	276.39	277.35	264.32	276.84	0	52.86
2008	5	23	7.859	4891.3276	143.3275	22.3275	 0.85	 0.04	191.84	 3.15	17.30	 0.91	10.33	 1.58	335.02	276.43	278.61	264.50	276.55	0	52.90
2008	5	23	8.174	4891.3403	143.3406	22.3406	 0.87	 0.06	192.59	 4.42	12.22	 0.99	10.35	 1.58	335.05	276.51	279.78	264.54	276.58	0	52.91
2008	5	23	8.387	4891.3496	143.3495	22.3495	 0.78	 0.05	200.48	 4.24	 6.60	 1.00	10.33	 1.56	335.05	276.54	281.60	264.52	276.65	0	52.90
2008	5	23	8.599	4891.3584	143.3583	22.3583	 0.80	 0.04	196.67	 2.95	 4.81	 0.99	10.32	 1.56	335.05	276.57	280.08	264.59	276.68	0	52.92
2008	5	23	8.812	4891.3672	143.3672	22.3672	 0.79	 0.05	194.05	 3.78	 4.17	 1.00	10.35	 1.51	335.03	276.61	278.86	264.68	276.72	0	52.94
2008	5	23	9.025	4891.3760	143.3761	22.3761	 0.76	 0.03	194.49	 2.33	 1.48	 1.00	10.30	 1.48	335.03	276.64	278.60	264.64	276.75	0	52.93
2008	5	23	9.238	4891.3848	143.3849	22.3849	 0.77	 0.03	196.78	 2.77	 2.86	 0.99	10.33	 1.52	335.04	276.66	279.24	264.80	279.06	0	52.96
2008	5	23	9.451	4891.3940	143.3938	22.3938	 0.82	 0.03	188.78	 2.48	 2.29	 1.00	10.32	 1.50	335.03	276.71	278.17	264.88	276.79	0	52.98
2008	5	23	9.664	4891.4028	143.4027	22.4027	 0.80	 0.04	192.45	 3.12	 1.85	 1.00	10.32	 1.49	335.05	276.73	278.92	264.65	277.22	0	52.93
2008	5	23	9.877	4891.4116	143.4116	22.4116	 0.73	 0.02	194.16	 2.10	 3.12	 0.97	10.32	 1.48	335.03	276.75	277.14	264.73	276.88	0	52.95
2008	5	23	10.089	4891.4204	143.4204	22.4204	 0.79	 0.03	193.99	 2.50	 2.19	 1.00	10.33	 1.51	335.04	276.77	278.90	264.67	276.89	0	52.93
2008	5	23	10.301	4891.4292	143.4292	22.4292	 0.86	 0.03	195.54	 1.83	 4.03	 0.96	10.30	 1.61	335.04	276.76	280.51	264.46	276.90	0	52.89
2008	5	23	10.579	4891.4409	143.4408	22.4408	 0.81	 0.04	196.99	 2.90	 2.74	 1.00	10.37	 1.52	335.08	276.75	279.01	264.33	276.76	0	52.87
2008	5	23	10.790	4891.4497	143.4496	22.4496	 0.75	 0.03	205.93	 2.56	 2.53	 0.99	10.30	 1.54	335.00	276.72	280.09	264.27	276.83	0	52.85
2008	5	23	11.003	4891.4585	143.4585	22.4585	 0.79	 0.02	200.87	 1.68	 6.52	 0.79	10.35	 1.52	335.02	276.70	279.76	264.23	276.82	0	52.85
2008	5	23	11.217	4891.4673	143.4674	22.4674	 0.82	 0.03	199.49	 2.13	 1.31	 1.00	10.33	 1.54	335.02	276.71	278.12	264.20	276.80	0	52.84
2008	5	23	11.430	4891.4761	143.4762	22.4762	 0.82	 0.03	199.16	 2.41	 1.74	 1.00	10.30	 1.50	335.02	276.95	278.69	264.44	277.18	0	52.89
2008	5	23	11.642	4891.4849	143.4851	22.4851	 0.73	 0.03	201.51	 3.19	 1.66	 1.00	10.32	 1.46	335.04	277.38	275.66	264.84	277.19	0	52.97
2008	5	23	11.855	4891.4941	143.4939	22.4939	 0.87	 0.04	198.69	 2.53	 0.68	 1.00	10.32	 1.61	335.05	277.96	277.11	265.39	278.47	0	53.08
2008	5	23	12.067	4891.5029	143.5028	22.5028	 0.80	 0.03	199.98	 2.24	 3.53	 0.98	10.35	 1.52	335.05	278.62	278.39	266.07	278.10	0	53.21
2008	5	23	12.280	4891.5117	143.5117	22.5117	 0.70	 0.03	200.80	 3.18	 1.22	 1.00	10.30	 1.46	335.07	279.35	275.95	266.76	278.68	0	53.35
2008	5	23	12.493	4891.5205	143.5205	22.5205	 0.81	 0.03	197.36	 2.34	 2.42	 0.99	10.33	 1.51	335.08	280.12	278.60	267.62	279.25	0	53.52
2008	5	23	12.706	4891.5293	143.5294	22.5294	 0.76	 0.04	199.89	 3.29	 3.82	 1.00	10.32	 1.55	335.08	280.96	279.11	268.51	279.91	0	53.70
2008	5	23	12.940	4891.5391	143.5392	22.5392	 0.82	 0.04	195.61	 3.21	 9.63	 0.97	10.37	 1.58	335.09	281.96	281.05	269.55	280.69	0	53.91
2008	5	23	13.154	4891.5479	143.5481	22.5481	 0.66	 0.04	203.74	 4.22	 6.94	 0.98	10.32	 1.47	335.11	282.92	279.84	270.34	281.54	0	54.07
2008	5	23	13.365	4891.5571	143.5569	22.5569	 0.95	 0.02	193.79	 1.44	 3.09	 0.96	10.32	 1.71	335.15	283.88	282.67	270.70	282.42	0	54.14
2008	5	23	13.577	4891.5659	143.5657	22.5657	 0.90	 0.06	189.19	 3.66	10.58	 0.99	10.33	 1.61	335.16	284.85	281.69	271.25	283.14	0	54.25
2008	5	23	13.790	4891.5747	143.5746	22.5746	 0.88	 0.06	190.14	 4.23	 2.12	 1.00	10.32	 1.61	335.12	285.78	281.93	272.12	283.98	0	54.42
2008	5	23	14.003	4891.5835	143.5835	22.5835	 0.86	 0.06	194.56	 3.97	 2.51	 1.00	10.32	 1.64	335.14	286.70	281.72	272.69	284.78	0	54.54
2008	5	23	14.217	4891.5923	143.5924	22.5924	 0.86	 0.04	195.84	 2.85	 3.63	 1.00	10.35	 1.66	335.20	287.65	284.14	273.06	285.58	0	54.61
2008	5	23	14.430	4891.6011	143.6013	22.6012	 0.77	 0.06	195.83	 5.23	 4.72	 1.00	10.33	 1.62	335.21	288.55	282.53	273.38	286.34	0	54.68
2008	5	23	14.643	4891.6104	143.6101	22.6101	 0.73	 0.04	197.70	 4.27	12.52	 0.97	10.32	 1.60	335.23	289.45	285.47	273.74	287.18	0	54.75
2008	5	23	14.855	4891.6191	143.6189	22.6189	 0.59	 0.05	196.42	 7.05	15.30	 0.98	10.32	 1.44	335.22	290.29	283.43	274.06	287.93	0	54.81
2008	5	23	15.066	4891.6279	143.6278	22.6278	 0.60	 0.05	196.41	 6.96	12.74	 0.99	10.37	 1.52	335.22	291.14	282.09	274.67	288.64	0	54.93
2008	5	23	15.298	4891.6372	143.6374	22.6374	 0.77	 0.04	205.11	 3.83	12.59	 0.97	10.33	 1.73	335.16	292.02	290.26	275.41	289.43	0	55.08
2008	5	23	15.512	4891.6465	143.6463	22.6463	 0.63	 0.06	201.80	 7.68	14.09	 0.99	10.32	 1.48	335.24	292.71	287.41	275.82	290.11	0	55.16
2008	5	23	15.938	4891.6641	143.6641	22.6641	 0.69	 0.09	198.27	 9.11	 5.31	 1.00	10.33	 1.64	335.28	293.95	289.28	277.46	291.12	0	55.49
2008	5	23	16.151	4891.6729	143.6730	22.6730	 0.66	 0.07	207.88	 8.54	12.17	 1.00	10.33	 1.69	335.28	294.54	289.51	278.24	292.83	0	55.65
2008	5	23	16.362	4891.6816	143.6818	22.6818	 0.58	 0.07	211.04	10.44	23.01	 0.99	10.32	 1.54	335.30	295.06	289.29	279.19	292.20	0	55.84
2008	5	23	16.574	4891.6904	143.6906	22.6906	 0.51	 0.08	215.53	15.08	25.46	 1.00	10.33	 1.48	335.36	295.54	288.35	280.03	292.66	0	56.01
2008	5	23	16.787	4891.6997	143.6995	22.6995	 0.54	 0.09	212.46	16.49	51.24	 0.99	10.33	 1.51	335.35	295.98	289.23	280.55	293.08	0	56.11
2008	5	23	17.214	4891.7173	143.7173	22.7173	 0.53	 0.08	213.68	15.59	 9.80	 1.00	10.40	 1.47	335.41	296.59	291.72	280.47	293.65	0	56.09
2008	5	23	17.426	4891.7261	143.7261	22.7261	 0.63	 0.08	208.82	10.17	57.36	 0.95	10.30	 1.56	335.41	296.81	293.92	281.55	294.54	0	56.31
2008	5	23	17.702	4891.7378	143.7376	22.7376	 0.83	 0.10	200.07	 7.49	19.97	 1.00	10.35	 1.71	335.38	297.04	293.52	281.17	294.09	0	56.23
2008	5	23	17.916	4891.7466	143.7465	22.7465	 0.36	 0.09	249.40	37.56	37.90	 1.00	10.35	 1.40	335.39	297.14	292.55	280.97	294.28	0	56.19
2008	5	23	18.554	4891.7729	143.7731	22.7731	 0.76	 0.13	204.97	12.37	52.85	 1.00	10.32	 1.67	335.37	297.17	296.73	280.60	294.46	0	56.12
2008	5	23	19.407	4891.8086	143.8086	22.8086	 0.88	 0.07	211.54	 5.45	 9.16	 1.00	10.32	 2.03	335.37	296.42	298.15	279.91	294.04	0	55.98
2008	5	23	19.618	4891.8174	143.8174	22.8174	 0.80	 0.14	198.16	11.39	27.48	 1.00	10.32	 1.71	335.38	296.10	299.83	279.65	293.84	0	55.93
2008	5	23	19.829	4891.8262	143.8262	22.8262	 0.84	 0.13	202.07	10.21	27.30	 1.00	10.33	 1.67	335.36	295.74	299.10	279.32	293.56	0	55.86
2008	5	23	20.286	4891.8452	143.8452	22.8452	 0.56	 0.12	214.77	20.20	18.96	 1.00	10.32	 1.35	335.33	294.80	301.66	278.72	292.93	0	55.74
2008	5	23	20.497	4891.8540	143.8540	22.8541	 0.57	 0.11	209.52	17.78	10.45	 1.00	10.33	 1.48	335.31	294.32	293.18	278.26	292.56	0	55.65
2008	5	23	20.709	4891.8628	143.8629	22.8629	 0.69	 0.13	198.90	14.17	11.55	 1.00	10.32	 1.56	335.32	293.79	293.51	277.73	292.23	0	55.55
2008	5	23	20.920	4891.8716	143.8717	22.8717	 0.76	 0.08	204.62	 7.63	14.91	 1.00	10.32	 1.72	335.32	293.21	295.05	277.19	291.77	0	55.44
2008	5	23	21.344	4891.8892	143.8893	22.8893	 0.81	 0.12	198.05	 9.51	 5.52	 1.00	10.32	 1.63	335.29	291.93	294.08	276.16	290.88	0	55.23
2008	5	23	21.978	4891.9155	143.9158	22.9158	 0.77	 0.07	205.75	 6.75	 9.98	 1.00	10.30	 1.72	335.25	289.30	295.12	269.04	289.04	0	53.81
2008	5	23	22.497	4891.9375	143.9374	22.9374	 0.67	 0.08	200.89	 9.20	36.05	 0.98	10.37	 1.55	335.16	286.68	287.88	265.61	286.76	0	53.12
2008	5	23	22.709	4891.9463	143.9462	22.9462	 0.67	 0.10	214.05	11.82	34.77	 1.00	10.32	 1.60	335.16	285.75	293.90	265.37	285.93	0	53.07
2008	5	23	22.920	4891.9551	143.9550	22.9550	 0.77	 0.09	198.07	 7.82	27.73	 0.99	10.33	 1.64	335.14	284.95	289.14	265.60	285.13	0	53.12
2008	5	23	23.132	4891.9639	143.9638	22.9638	 0.89	 0.05	196.41	 3.42	15.22	 0.96	10.32	 1.73	335.16	284.23	290.56	265.64	284.41	0	53.13
2008	5	23	23.343	4891.9727	143.9726	22.9726	 0.79	 0.06	207.34	 4.96	 3.65	 1.00	10.32	 1.75	335.11	283.55	289.66	265.16	284.03	0	53.03
2008	5	23	23.555	4891.9814	143.9814	22.9814	 0.59	 0.06	202.40	 9.03	 9.82	 1.00	10.35	 1.35	335.10	282.94	283.47	264.85	283.19	0	52.97
2008	5	23	23.766	4891.9902	143.9903	22.9903	 0.70	 0.07	190.14	 6.85	17.11	 0.99	10.32	 1.55	335.09	282.35	285.71	264.71	282.61	0	52.94
2008	5	23	23.978	4891.9990	143.9991	22.9991	 0.78	 0.07	199.52	 6.50	 5.75	 1.00	10.32	 1.59	335.10	281.81	288.19	264.51	282.07	0	52.90
2008	5	24	0.189	4892.0078	144.0079	23.0079	 0.80	 0.05	194.46	 4.03	 4.42	 1.00	10.33	 1.61	335.08	281.34	286.52	264.80	281.63	0	52.96
2008	5	24	0.402	4892.0166	144.0167	23.0167	 0.70	 0.08	199.36	 8.72	23.96	 0.99	10.33	 1.53	335.05	280.85	285.45	264.54	281.20	0	52.91
2008	5	24	0.946	4892.0396	144.0394	23.0394	 0.83	 0.06	198.15	 4.52	15.22	 0.98	10.33	 1.73	335.05	279.85	287.13	264.69	280.07	0	52.94
2008	5	24	1.158	4892.0483	144.0482	23.0482	 0.63	 0.04	200.86	 5.53	 3.47	 1.00	10.33	 1.52	335.05	279.51	283.06	264.74	279.78	0	52.95
2008	5	24	1.369	4892.0571	144.0571	23.0571	 0.66	 0.04	195.01	 4.97	 4.38	 1.00	10.32	 1.49	335.03	279.18	279.31	263.76	279.45	0	52.75
2008	5	24	1.581	4892.0659	144.0659	23.0659	 0.75	 0.03	198.89	 3.20	10.77	 0.94	10.33	 1.57	335.02	278.89	281.89	263.77	279.12	0	52.75
2008	5	24	1.793	4892.0747	144.0747	23.0747	 0.84	 0.03	198.18	 2.43	 6.18	 0.97	10.30	 1.64	335.03	278.66	283.68	263.80	278.83	0	52.76
2008	5	24	2.004	4892.0835	144.0835	23.0835	 0.72	 0.03	201.85	 3.04	 2.45	 1.00	10.35	 1.50	335.02	278.49	281.19	263.89	278.65	0	52.78
2008	5	24	2.216	4892.0923	144.0923	23.0923	 0.84	 0.02	199.99	 1.84	 5.04	 0.93	10.32	 1.63	335.04	278.32	282.01	263.96	278.49	0	52.79
2008	5	24	2.427	4892.1011	144.1011	23.1011	 0.72	 0.04	200.36	 3.66	 1.47	 1.00	10.33	 1.55	335.02	278.23	281.08	264.00	278.37	0	52.80
2008	5	24	2.639	4892.1099	144.1100	23.1100	 0.73	 0.03	199.01	 2.51	 2.95	 0.99	10.32	 1.55	335.03	278.19	280.56	264.26	278.32	0	52.85
2008	5	24	2.850	4892.1187	144.1188	23.1188	 0.77	 0.03	200.30	 2.99	18.31	 0.81	10.32	 1.58	335.02	278.16	280.19	264.45	278.31	0	52.89
2008	5	24	3.062	4892.1274	144.1276	23.1276	 0.72	 0.03	203.49	 3.02	 2.17	 1.00	10.33	 1.53	335.03	278.13	279.88	264.56	278.30	0	52.91
2008	5	24	3.298	4892.1372	144.1374	23.1374	 0.78	 0.03	199.87	 2.50	 3.98	 0.98	10.33	 1.58	334.98	278.10	282.23	264.62	278.18	0	52.92
2008	5	24	3.510	4892.1465	144.1463	23.1462	 0.73	 0.03	200.38	 2.44	 1.10	 1.00	10.33	 1.58	335.04	278.09	281.20	264.73	278.24	0	52.95
2008	5	24	3.722	4892.1553	144.1551	23.1551	 0.73	 0.02	196.83	 2.36	 5.33	 0.94	10.32	 1.56	335.05	278.12	281.14	265.03	278.30	0	53.01
2008	5	24	3.933	4892.1641	144.1639	23.1639	 0.76	 0.03	193.36	 2.55	 6.28	 0.95	10.33	 1.56	335.03	278.14	282.21	265.10	278.37	0	53.02
2008	5	24	4.145	4892.1729	144.1727	23.1727	 0.68	 0.03	197.91	 3.38	 4.60	 0.99	10.32	 1.56	335.01	278.09	280.92	264.54	278.35	0	52.91
2008	5	24	4.356	4892.1816	144.1815	23.1815	 0.67	 0.03	198.30	 3.69	 8.99	 0.96	10.32	 1.54	335.02	278.01	280.86	264.52	278.24	0	52.90
2008	5	24	4.568	4892.1904	144.1903	23.1903	 0.72	 0.03	196.55	 2.84	 2.28	 1.00	10.30	 1.55	335.01	277.93	281.18	264.23	278.18	0	52.85
2008	5	24	4.779	4892.1992	144.1991	23.1991	 0.76	 0.04	198.31	 3.20	 6.60	 0.98	10.33	 1.65	335.02	277.80	283.51	263.72	278.08	0	52.74
2008	5	24	4.991	4892.2080	144.2079	23.2080	 0.80	 0.04	193.38	 3.49	 6.20	 0.99	10.32	 1.65	335.01	277.68	282.75	263.78	277.92	0	52.76
2008	5	24	5.202	4892.2168	144.2168	23.2168	 0.67	 0.03	195.41	 2.85	 1.41	 1.00	10.33	 1.54	335.00	277.59	281.13	263.83	277.86	0	52.77
2008	5	24	5.414	4892.2256	144.2256	23.2256	 0.72	 0.03	197.95	 3.20	 2.93	 1.00	10.33	 1.55	335.02	277.49	281.97	263.70	277.74	0	52.74
2008	5	24	5.662	4892.2358	144.2359	23.2359	 0.72	 0.05	186.01	 4.48	 1.89	 1.00	10.35	 1.50	334.97	277.39	278.53	263.61	277.81	0	52.72
2008	5	24	5.874	4892.2446	144.2448	23.2448	 0.75	 0.04	188.57	 3.23	 5.45	 0.99	10.32	 1.59	335.01	277.33	280.99	263.75	277.54	0	52.75
2008	5	24	6.086	4892.2534	144.2536	23.2536	 0.78	 0.03	187.64	 2.41	 3.18	 0.99	10.35	 1.60	335.01	277.30	281.46	263.91	277.52	0	52.78
2008	5	24	6.298	4892.2622	144.2624	23.2624	 0.79	 0.02	187.70	 1.71	 5.33	 0.86	10.32	 1.62	335.03	277.28	281.32	263.97	277.50	0	52.79
2008	5	24	6.509	4892.2710	144.2712	23.2712	 0.69	 0.03	189.47	 3.26	 2.63	 1.00	10.33	 1.53	335.00	277.26	280.76	264.06	277.50	0	52.81
2008	5	24	6.720	4892.2798	144.2800	23.2800	 0.75	 0.02	184.85	 1.78	 1.02	 1.00	10.30	 1.53	335.03	277.25	280.28	264.28	277.48	0	52.86
2008	5	24	6.932	4892.2891	144.2888	23.2888	 0.69	 0.03	185.29	 2.57	 3.87	 0.97	10.33	 1.53	335.03	277.25	278.86	264.52	277.48	0	52.90
2008	5	24	7.143	4892.2979	144.2976	23.2976	 0.73	 0.04	185.75	 3.18	 6.43	 0.98	10.33	 1.57	335.02	277.21	281.63	264.47	277.48	0	52.89
2008	5	24	7.355	4892.3066	144.3065	23.3065	 0.74	 0.04	184.98	 3.20	 2.21	 1.00	10.32	 1.58	335.01	277.17	279.87	264.28	277.42	0	52.86
2008	5	24	7.568	4892.3154	144.3153	23.3153	 0.77	 0.03	186.93	 2.18	 9.00	 0.83	10.30	 1.58	335.00	277.11	282.15	263.99	277.34	0	52.80
2008	5	24	7.781	4892.3242	144.3242	23.3242	 0.77	 0.04	188.04	 3.16	 6.71	 0.98	10.33	 1.60	335.01	277.04	280.06	263.67	277.26	0	52.73
2008	5	24	8.050	4892.3354	144.3354	23.3354	 0.74	 0.03	193.41	 2.48	 2.65	 0.99	10.37	 1.51	335.02	276.94	280.47	263.44	277.00	0	52.69
2008	5	24	8.263	4892.3442	144.3443	23.3443	 0.78	 0.04	191.67	 2.99	 3.25	 1.00	10.33	 1.52	335.01	276.87	279.66	264.23	277.00	0	52.85
2008	5	24	8.475	4892.3530	144.3531	23.3531	 0.80	 0.03	193.37	 2.23	 3.09	 0.99	10.33	 1.53	335.01	276.81	280.46	264.57	276.97	0	52.91
2008	5	24	8.687	4892.3618	144.3619	23.3619	 0.82	 0.03	193.88	 2.37	 4.01	 0.98	10.33	 1.56	335.00	276.75	280.68	264.64	276.89	0	52.93
2008	5	24	8.900	4892.3706	144.3708	23.3708	 0.86	 0.03	194.52	 2.36	12.81	 0.85	10.33	 1.59	335.01	276.71	281.07	264.42	276.81	0	52.88
2008	5	24	9.112	4892.3799	144.3797	23.3797	 0.82	 0.03	194.03	 2.31	 3.45	 0.99	10.33	 1.54	335.00	276.62	279.75	264.06	276.78	0	52.81
2008	5	24	9.324	4892.3887	144.3885	23.3885	 0.87	 0.03	192.05	 2.04	 7.46	 0.91	10.32	 1.55	335.02	276.55	281.62	263.48	277.01	0	52.70
2008	5	24	9.538	4892.3975	144.3974	23.3974	 0.81	 0.03	195.67	 2.31	10.30	 0.86	10.32	 1.58	335.02	276.51	280.06	263.38	276.61	0	52.68
2008	5	24	9.751	4892.4062	144.4063	23.4063	 0.81	 0.03	193.15	 2.21	 1.59	 1.00	10.32	 1.55	335.02	276.46	279.78	263.44	276.54	0	52.69
2008	5	24	9.964	4892.4150	144.4152	23.4152	 0.79	 0.03	193.27	 2.42	 2.94	 0.99	10.33	 1.51	335.02	276.46	279.73	263.60	276.51	0	52.72
2008	5	24	10.177	4892.4238	144.4240	23.4240	 0.80	 0.03	192.98	 2.19	 9.65	 0.84	10.32	 1.51	335.01	276.51	278.94	263.54	276.51	0	52.71
2008	5	24	10.426	4892.4346	144.4344	23.4344	 0.77	 0.03	199.11	 2.79	 0.87	 1.00	10.37	 1.50	334.98	276.48	279.76	263.33	276.40	0	52.67
2008	5	24	10.638	4892.4434	144.4433	23.4433	 0.82	 0.04	198.40	 2.81	 8.35	 0.96	10.32	 1.53	335.03	276.49	280.16	263.42	276.53	0	52.68
2008	5	24	10.849	4892.4521	144.4521	23.4521	 0.79	 0.03	200.37	 2.70	 4.49	 0.99	10.33	 1.52	335.02	276.52	278.71	263.73	276.56	0	52.75
2008	5	24	11.062	4892.4609	144.4609	23.4609	 0.89	 0.03	201.12	 2.24	 4.19	 0.99	10.33	 1.59	335.02	276.55	279.07	263.83	276.59	0	52.77
2008	5	24	11.276	4892.4697	144.4698	23.4698	 0.84	 0.03	203.19	 2.00	 6.96	 0.91	10.32	 1.52	334.99	276.63	278.87	263.91	276.61	0	52.78
2008	5	24	11.487	4892.4785	144.4786	23.4786	 0.87	 0.03	203.81	 2.02	 2.30	 0.99	10.33	 1.54	335.04	276.94	279.19	264.36	276.77	0	52.87
2008	5	24	11.699	4892.4873	144.4874	23.4874	 0.92	 0.04	203.18	 2.33	 3.25	 0.99	10.32	 1.58	335.03	277.47	278.69	265.30	277.16	0	53.06
2008	5	24	11.912	4892.4961	144.4963	23.4963	 0.87	 0.03	204.34	 1.96	 1.56	 1.00	10.33	 1.54	335.01	278.16	278.81	266.24	277.68	0	53.25
2008	5	24	12.123	4892.5054	144.5051	23.5051	 0.89	 0.02	203.64	 1.66	 4.81	 0.93	10.33	 1.58	335.03	278.98	278.68	267.37	278.32	0	53.47
2008	5	24	12.337	4892.5142	144.5140	23.5140	 0.91	 0.03	202.84	 2.25	 3.14	 0.99	10.33	 1.60	335.04	279.90	279.78	268.86	279.10	0	53.77
2008	5	24	12.549	4892.5229	144.5229	23.5229	 0.93	 0.03	202.41	 2.02	 4.28	 0.98	10.33	 1.62	335.06	280.81	280.66	269.39	279.91	0	53.88
2008	5	24	12.786	4892.5327	144.5328	23.5328	 0.88	 0.04	202.84	 2.67	 1.98	 1.00	10.33	 1.59	335.04	281.87	280.73	270.73	280.72	0	54.15
2008	5	24	12.999	4892.5415	144.5416	23.5416	 0.89	 0.03	202.51	 1.86	 2.44	 0.99	10.32	 1.64	335.11	282.87	280.36	272.00	281.71	0	54.40
2008	5	24	13.213	4892.5503	144.5505	23.5505	 0.87	 0.02	201.30	 1.25	 2.30	 0.94	10.32	 1.61	335.10	283.93	280.79	273.11	282.64	0	54.62
2008	5	24	13.426	4892.5596	144.5594	23.5594	 0.75	 0.03	204.20	 2.94	 2.59	 1.00	10.33	 1.50	335.12	284.99	280.43	274.12	283.53	0	54.82
2008	5	24	13.637	4892.5684	144.5682	23.5682	 0.84	 0.03	201.52	 2.14	 3.35	 0.99	10.32	 1.60	335.16	286.07	282.08	275.00	284.55	0	55.00
2008	5	24	13.849	4892.5771	144.5770	23.5770	 0.80	 0.05	203.80	 4.24	 3.87	 1.00	10.33	 1.65	335.16	287.22	282.16	275.39	285.63	0	55.08
2008	5	24	14.062	4892.5859	144.5859	23.5859	 0.95	 0.04	201.19	 2.27	 6.82	 0.97	10.32	 1.75	335.13	288.29	286.52	275.72	286.61	0	55.14
2008	5	24	14.276	4892.5947	144.5948	23.5948	 0.83	 0.05	205.23	 4.12	 6.44	 1.00	10.33	 1.66	335.14	289.29	285.04	275.95	287.65	0	55.19
2008	5	24	14.487	4892.6035	144.6036	23.6036	 0.77	 0.06	207.90	 5.76	 8.77	 1.00	10.33	 1.54	335.15	290.22	286.47	276.06	288.25	0	55.21
2008	5	24	14.700	4892.6123	144.6125	23.6125	 0.59	 0.08	212.57	12.19	25.49	 1.00	10.30	 1.38	335.19	291.10	289.13	276.42	289.31	0	55.28
2008	5	24	14.913	4892.6216	144.6214	23.6214	 0.65	 0.07	212.69	 9.37	12.18	 1.00	10.33	 1.44	335.19	291.98	287.65	276.56	290.14	0	55.31
2008	5	24	15.576	4892.6489	144.6490	23.6490	 0.68	 0.05	212.28	 5.56	13.94	 0.98	10.32	 1.45	335.24	294.42	288.64	278.48	292.56	0	55.70
2008	5	24	15.789	4892.6577	144.6579	23.6579	 0.89	 0.06	206.55	 4.02	 4.99	 1.00	10.32	 1.69	335.32	295.16	290.93	280.46	293.23	0	56.09
2008	5	24	16.428	4892.6846	144.6845	23.6845	 0.24	 0.11	302.38	96.45	79.68	 0.99	10.33	 1.13	335.39	297.12	280.95	284.26	295.11	0	56.85
2008	5	24	16.640	4892.6934	144.6933	23.6933	 0.87	 0.10	209.98	 7.13	 7.11	 1.00	10.32	 1.71	335.37	297.66	296.40	285.62	295.67	0	57.12
2008	5	24	16.851	4892.7021	144.7021	23.7021	 0.95	 0.11	204.38	 7.09	 4.69	 1.00	10.33	 1.67	335.36	298.12	294.69	286.91	296.12	0	57.38
2008	5	24	17.743	4892.7393	144.7393	23.7393	 0.79	 0.08	210.88	 7.52	12.90	 1.00	10.33	 1.68	335.45	299.40	301.91	288.07	297.61	0	57.61
2008	5	24	17.956	4892.7480	144.7482	23.7482	 0.77	 0.08	194.24	 6.75	23.30	 0.99	10.30	 1.65	335.47	299.55	293.29	287.85	297.87	0	57.57
2008	5	24	18.169	4892.7568	144.7571	23.7571	 1.05	 0.08	204.46	 4.14	 5.58	 1.00	10.33	 1.89	335.50	299.64	301.60	288.43	298.04	0	57.69
2008	5	24	18.381	4892.7661	144.7659	23.7659	 0.94	 0.15	197.79	 9.31	12.54	 1.00	10.33	 1.68	335.53	299.68	300.66	288.12	298.25	0	57.62
2008	5	24	18.594	4892.7749	144.7748	23.7748	 0.59	 0.10	210.01	14.19	33.89	 1.00	10.35	 1.38	335.54	299.64	299.12	287.22	298.27	0	57.44
2008	5	24	18.808	4892.7837	144.7836	23.7836	 0.84	 0.13	198.31	 9.79	15.55	 1.00	10.32	 1.51	335.52	299.56	299.62	286.52	298.21	0	57.30
2008	5	24	19.021	4892.7925	144.7925	23.7925	 0.83	 0.11	207.80	 9.17	10.89	 1.00	10.33	 1.66	335.51	299.44	300.73	285.99	298.19	0	57.20
2008	5	24	20.398	4892.8501	144.8499	23.8499	 0.71	 0.13	222.07	15.15	15.53	 1.00	10.32	 1.62	335.44	297.01	304.55	282.16	296.43	0	56.43
2008	5	24	20.823	4892.8677	144.8676	23.8676	 0.90	 0.15	209.80	10.32	44.32	 1.00	10.32	 1.87	335.39	295.73	297.44	281.05	295.41	0	56.21
2008	5	24	21.036	4892.8765	144.8765	23.8765	 0.56	 0.34	241.25	64.17	222.41	 1.00	10.33	 1.56	335.37	295.05	300.00	279.95	294.91	0	55.99
2008	5	24	22.592	4892.9414	144.9413	23.9413	 1.14	 0.17	206.38	 7.58	50.97	 0.99	10.30	 1.59	335.24	288.04	293.23	266.61	288.53	0	53.32
2008	5	24	23.017	4892.9590	144.9590	23.9590	 1.11	 0.07	206.37	 2.97	 3.65	 1.00	10.33	 1.69	335.26	286.20	290.23	264.87	286.68	0	52.97
2008	5	24	23.230	4892.9678	144.9679	23.9679	 1.25	 0.21	200.64	 7.43	24.03	 1.00	10.32	 1.55	335.23	285.36	290.00	264.69	285.83	0	52.94
2008	5	24	23.443	4892.9766	144.9768	23.9768	 1.10	 0.06	208.35	 3.04	 0.34	 1.00	10.32	 1.60	335.21	284.61	290.37	264.47	285.03	0	52.89
2008	5	24	23.654	4892.9854	144.9856	23.9856	 1.11	 0.07	207.58	 3.25	 4.28	 1.00	10.32	 1.58	335.22	283.93	288.13	264.57	285.08	0	52.91
2008	5	24	23.866	4892.9946	144.9944	23.9944	 1.13	 0.04	204.31	 1.79	 1.83	 1.00	10.33	 1.59	335.19	283.28	287.34	264.42	283.66	0	52.88
2008	5	25	0.077	4893.0034	145.0032	24.0032	 1.29	 0.03	208.32	 1.02	 4.59	 0.88	10.33	 1.72	335.20	282.70	290.65	264.15	283.04	0	52.83
2008	5	25	0.289	4893.0122	145.0120	24.0120	 1.12	 0.04	206.56	 1.62	 2.76	 0.99	10.32	 1.60	335.16	282.17	285.88	264.13	282.43	0	52.83
2008	5	25	0.502	4893.0210	145.0209	24.0209	 1.19	 0.05	208.55	 1.88	 1.79	 1.00	10.32	 1.65	335.15	281.69	286.39	264.10	281.98	0	52.82
2008	5	25	0.784	4893.0327	145.0327	24.0326	 1.23	 0.07	203.07	 2.52	 9.52	 0.99	10.35	 1.56	335.11	281.08	284.56	263.96	281.39	0	52.79
2008	5	25	0.997	4893.0415	145.0415	24.0415	 1.31	 0.04	205.59	 1.36	 5.57	 0.95	10.35	 1.60	334.97	280.65	285.35	263.65	280.94	0	52.73
2008	5	25	1.210	4893.0503	145.0504	24.0504	 1.26	 0.05	205.63	 1.78	 2.57	 1.00	10.30	 1.52	334.96	280.27	283.92	263.49	280.54	0	52.70
2008	5	25	1.423	4893.0591	145.0593	24.0593	 1.34	 0.09	207.96	 3.02	 7.84	 1.00	10.33	 1.58	334.95	279.94	284.76	263.43	280.17	0	52.69
2008	5	25	1.635	4893.0684	145.0681	24.0681	 1.22	 0.07	209.39	 2.53	11.95	 0.98	10.33	 1.53	335.00	279.59	283.51	263.25	279.81	0	52.65
2008	5	25	1.848	4893.0771	145.0770	24.0770	 1.28	 0.07	207.46	 2.28	 3.02	 1.00	10.33	 1.62	335.04	279.28	282.89	263.02	279.48	0	52.60
2008	5	25	2.061	4893.0859	145.0859	24.0859	 1.34	 0.12	206.05	 3.80	 5.39	 1.00	10.32	 1.52	335.10	278.99	281.06	263.41	279.16	0	52.68
2008	5	25	2.274	4893.0947	145.0948	24.0948	 1.25	 0.04	206.98	 1.48	 7.23	 0.93	10.32	 1.51	335.14	278.77	279.80	264.38	279.18	0	52.88
2008	5	25	2.488	4893.1035	145.1037	24.1037	 1.37	 0.06	207.41	 1.86	 4.19	 0.99	10.33	 1.52	335.12	278.60	281.72	264.41	278.73	0	52.88
2008	5	25	2.701	4893.1123	145.1125	24.1125	 1.38	 0.05	209.32	 1.38	 2.95	 0.99	10.33	 1.56	335.11	278.42	283.19	264.36	278.55	0	52.87
2008	5	25	2.914	4893.1216	145.1214	24.1214	 1.42	 0.05	208.11	 1.39	 6.78	 0.94	10.33	 1.58	335.15	278.26	281.13	264.65	278.42	0	52.93
2008	5	25	3.147	4893.1313	145.1311	24.1311	 1.55	 0.24	200.74	 5.44	15.58	 1.00	10.35	 1.52	335.12	278.14	280.53	264.44	278.19	0	52.89
2008	5	25	3.358	4893.1401	145.1399	24.1399	 1.38	 0.04	208.51	 1.33	 3.73	 0.98	10.33	 1.52	335.21	278.03	281.97	264.04	278.16	0	52.81
2008	5	25	3.570	4893.1489	145.1487	24.1487	 1.45	 0.05	207.31	 1.27	 1.55	 1.00	10.32	 1.56	335.21	277.93	281.12	264.27	278.06	0	52.85
2008	5	25	3.783	4893.1577	145.1576	24.1576	 1.54	 0.04	206.28	 0.94	 3.25	 0.95	10.32	 1.57	335.22	277.83	281.01	264.57	277.95	0	52.91
2008	5	25	3.996	4893.1665	145.1665	24.1665	 1.52	 0.06	206.09	 1.51	 0.48	 1.00	10.33	 1.52	335.22	277.73	280.05	264.29	277.84	0	52.86
2008	5	25	4.207	4893.1753	145.1753	24.1753	 1.49	 0.05	206.98	 1.32	 3.81	 0.98	10.32	 1.53	335.23	277.63	280.55	263.76	277.72	0	52.75
2008	5	25	4.421	4893.1841	145.1842	24.1842	 1.47	 0.04	208.54	 1.14	 3.08	 0.98	10.32	 1.54	335.21	277.52	281.85	263.28	277.63	0	52.66
2008	5	25	4.632	4893.1929	145.1930	24.1930	 1.43	 0.05	208.57	 1.31	 6.25	 0.94	10.33	 1.55	335.20	277.42	281.04	263.09	277.81	0	52.62
2008	5	25	4.844	4893.2017	145.2018	24.2018	 1.47	 0.04	206.77	 1.12	 4.36	 0.95	10.33	 1.56	335.22	277.34	279.90	263.13	277.41	0	52.63
2008	5	25	5.055	4893.2104	145.2106	24.2106	 1.45	 0.06	208.32	 1.68	 2.21	 1.00	10.32	 1.52	335.20	277.27	280.64	264.18	277.33	0	52.84
2008	5	25	5.268	4893.2197	145.2195	24.2195	 1.56	 0.07	206.27	 1.72	 4.02	 0.99	10.33	 1.52	335.18	277.21	279.64	263.75	277.27	0	52.75
2008	5	25	5.593	4893.2329	145.2330	24.2330	 1.52	 0.07	209.25	 1.72	 1.90	 1.00	10.37	 1.53	335.20	277.14	280.19	263.79	277.16	0	52.76
2008	5	25	5.806	4893.2417	145.2419	24.2419	 1.61	 0.07	210.07	 1.48	 1.80	 1.00	10.32	 1.59	335.19	277.12	281.40	264.21	277.15	0	52.84
2008	5	25	6.018	4893.2510	145.2507	24.2507	 1.53	 0.06	205.94	 1.47	 0.21	 1.00	10.33	 1.48	335.19	277.13	278.40	264.44	277.18	0	52.89
2008	5	25	6.231	4893.2598	145.2596	24.2596	 1.56	 0.06	208.40	 1.31	 1.62	 1.00	10.30	 1.54	335.17	277.10	279.98	264.07	277.52	0	52.81
2008	5	25	6.444	4893.2686	145.2685	24.2685	 1.50	 0.04	209.96	 1.04	 4.13	 0.94	10.33	 1.51	335.17	277.05	280.48	263.65	277.08	0	52.73
2008	5	25	6.656	4893.2773	145.2773	24.2773	 1.41	 0.04	209.40	 1.10	 0.77	 1.00	10.32	 1.50	335.16	277.00	278.98	263.58	277.02	0	52.72
2008	5	25	6.867	4893.2861	145.2861	24.2861	 1.45	 0.05	208.12	 1.45	 1.75	 1.00	10.33	 1.49	335.18	276.95	278.64	263.80	276.96	0	52.76
2008	5	25	7.079	4893.2949	145.2950	24.2950	 1.59	 0.07	208.95	 1.57	 0.83	 1.00	10.32	 1.54	335.21	276.91	280.00	263.88	276.92	0	52.78
2008	5	25	7.293	4893.3037	145.3038	24.3039	 1.52	 0.05	207.79	 1.30	 1.55	 1.00	10.35	 1.52	335.23	276.86	279.44	263.50	276.86	0	52.70
2008	5	25	7.506	4893.3125	145.3127	24.3127	 1.52	 0.04	210.24	 0.94	 2.13	 0.98	10.30	 1.54	335.18	276.78	281.10	262.98	276.78	0	52.60
2008	5	25	7.719	4893.3218	145.3216	24.3216	 1.46	 0.06	206.73	 1.54	 2.39	 1.00	10.35	 1.48	335.17	276.69	278.55	262.57	276.68	0	52.51
2008	5	25	8.041	4893.3350	145.3351	24.3351	 1.47	 0.04	209.84	 1.16	 1.63	 1.00	10.35	 1.56	335.15	276.56	279.91	262.89	276.52	0	52.58
2008	5	25	8.255	4893.3437	145.3439	24.3439	 1.47	 0.06	205.93	 1.48	 2.24	 1.00	10.32	 1.45	335.18	276.51	277.59	263.61	276.48	0	52.72
2008	5	25	8.468	4893.3530	145.3528	24.3528	 1.50	 0.05	207.90	 1.26	 2.64	 0.99	10.32	 1.54	335.15	276.47	279.45	263.32	276.45	0	52.66
2008	5	25	8.681	4893.3618	145.3617	24.3617	 1.35	 0.05	209.05	 1.51	 1.72	 1.00	10.33	 1.51	335.14	276.41	278.98	262.56	276.40	0	52.51
2008	5	25	8.892	4893.3706	145.3705	24.3705	 1.43	 0.05	207.93	 1.29	 2.79	 0.99	10.32	 1.55	335.15	276.37	279.57	262.31	276.34	0	52.46
2008	5	25	9.104	4893.3794	145.3793	24.3793	 1.23	 0.05	206.51	 1.82	 1.24	 1.00	10.32	 1.39	335.13	276.30	277.14	262.21	276.29	0	52.44
2008	5	25	9.318	4893.3882	145.3882	24.3882	 1.34	 0.04	208.39	 1.41	 1.41	 1.00	10.33	 1.50	335.09	276.25	278.36	262.07	276.20	0	52.41
2008	5	25	9.532	4893.3970	145.3972	24.3972	 1.38	 0.05	207.61	 1.42	 3.64	 0.99	10.32	 1.50	335.06	276.19	280.19	261.97	276.14	0	52.39
2008	5	25	9.745	4893.4062	145.4060	24.4060	 1.36	 0.05	209.25	 1.40	 0.56	 1.00	10.33	 1.54	335.05	276.14	279.75	261.99	276.08	0	52.40
2008	5	25	9.958	4893.4150	145.4149	24.4149	 1.32	 0.04	209.29	 1.28	 3.85	 0.97	10.32	 1.52	335.02	276.08	279.84	261.99	276.05	0	52.40
2008	5	25	10.171	4893.4238	145.4238	24.4238	 1.26	 0.06	204.71	 2.07	 3.85	 1.00	10.32	 1.47	335.01	275.99	278.01	261.96	275.96	0	52.39
2008	5	25	10.402	4893.4336	145.4334	24.4334	 1.33	 0.06	203.95	 1.93	 3.80	 1.00	10.37	 1.53	334.90	275.87	279.39	261.47	277.74	0	52.29
2008	5	25	10.614	4893.4424	145.4422	24.4422	 1.29	 0.05	206.36	 1.72	 7.44	 0.96	10.32	 1.52	334.95	275.76	279.82	261.00	275.72	0	52.20
2008	5	25	10.827	4893.4512	145.4511	24.4511	 1.39	 0.05	204.66	 1.50	 1.07	 1.00	10.32	 1.50	334.97	275.66	278.85	260.90	275.61	0	52.18
2008	5	25	11.040	4893.4600	145.4600	24.4600	 1.27	 0.05	205.81	 1.76	 0.61	 1.00	10.33	 1.52	335.03	275.60	278.42	261.99	275.51	0	52.40
2008	5	25	11.253	4893.4687	145.4689	24.4689	 1.17	 0.04	206.96	 1.56	 3.85	 0.98	10.32	 1.47	335.01	275.64	278.90	262.12	275.49	0	52.42
2008	5	25	11.467	4893.4780	145.4778	24.4778	 1.21	 0.03	205.35	 1.33	 2.20	 0.99	10.32	 1.51	335.04	275.94	276.90	262.41	275.62	0	52.48
2008	5	25	11.678	4893.4868	145.4866	24.4866	 1.25	 0.05	204.71	 1.96	 2.23	 1.00	10.33	 1.55	335.06	276.43	276.83	263.04	276.01	0	52.61
2008	5	25	11.890	4893.4956	145.4954	24.4954	 1.25	 0.05	204.79	 1.94	 7.38	 0.98	10.32	 1.50	335.06	277.03	277.45	263.78	276.48	0	52.76
2008	5	25	12.102	4893.5044	145.5042	24.5042	 1.30	 0.06	204.08	 1.91	 7.05	 0.98	10.32	 1.57	335.04	277.70	277.20	264.79	276.99	0	52.96
2008	5	25	12.315	4893.5132	145.5131	24.5131	 1.19	 0.05	205.43	 1.83	 2.19	 1.00	10.33	 1.51	335.04	278.45	278.00	265.92	277.61	0	53.18
2008	5	25	12.528	4893.5220	145.5220	24.5220	 1.25	 0.04	204.02	 1.54	 4.72	 0.98	10.32	 1.51	335.04	279.31	277.43	266.41	278.29	0	53.28
2008	5	25	12.762	4893.5317	145.5318	24.5318	 1.21	 0.04	204.91	 1.59	 7.17	 0.94	10.35	 1.55	335.02	280.36	277.68	268.25	279.11	0	53.65
2008	5	25	12.976	4893.5405	145.5406	24.5406	 1.27	 0.04	205.39	 1.52	 1.44	 1.00	10.32	 1.58	335.08	281.37	280.69	269.20	280.08	0	53.84
2008	5	25	13.189	4893.5493	145.5495	24.5495	 1.23	 0.04	204.66	 1.68	 2.02	 1.00	10.32	 1.57	335.11	282.41	280.66	269.88	281.00	0	53.98
2008	5	25	13.400	4893.5581	145.5583	24.5583	 1.11	 0.05	203.89	 2.21	 2.58	 1.00	10.32	 1.51	335.13	283.38	279.02	270.20	281.89	0	54.04
2008	5	25	13.612	4893.5674	145.5672	24.5672	 1.17	 0.06	202.93	 2.37	 2.17	 1.00	10.35	 1.52	335.14	284.29	280.37	270.60	282.65	0	54.12
2008	5	25	13.825	4893.5762	145.5760	24.5761	 1.24	 0.09	207.36	 3.23	 0.31	 1.00	10.32	 1.56	335.19	285.17	282.79	270.84	283.28	0	54.17
2008	5	25	14.038	4893.5850	145.5849	24.5849	 1.29	 0.10	201.36	 3.23	 8.44	 1.00	10.33	 1.54	335.19	286.03	281.16	271.09	284.03	0	54.22
2008	5	25	14.252	4893.5937	145.5938	24.5938	 1.15	 0.08	198.91	 3.33	 3.29	 1.00	10.32	 1.42	335.21	286.91	278.84	271.44	284.73	0	54.29
2008	5	25	14.464	4893.6025	145.6027	24.6027	 1.27	 0.06	202.54	 2.18	 4.46	 1.00	10.33	 1.55	335.21	287.80	282.74	271.98	285.46	0	54.40
2008	5	25	14.888	4893.6201	145.6203	24.6203	 1.13	 0.06	204.72	 2.42	 2.54	 1.00	10.32	 1.52	335.22	289.52	284.66	272.87	287.01	0	54.57
2008	5	25	15.198	4893.6333	145.6333	24.6333	 1.27	 0.06	208.49	 2.22	 4.13	 1.00	10.35	 1.66	335.25	290.74	287.72	273.39	288.10	0	54.68
2008	5	25	15.410	4893.6421	145.6421	24.6421	 1.21	 0.06	204.83	 2.16	12.01	 0.95	10.32	 1.61	335.28	291.50	283.53	274.23	288.80	0	54.85
2008	5	25	15.621	4893.6509	145.6509	24.6509	 1.11	 0.09	207.44	 3.96	 6.77	 1.00	10.33	 1.59	335.26	292.24	284.98	275.58	289.49	0	55.12
2008	5	25	16.261	4893.6777	145.6775	24.6775	 1.18	 0.09	204.08	 3.52	 9.86	 1.00	10.32	 1.64	335.34	294.08	288.25	278.00	291.18	0	55.60
2008	5	25	16.474	4893.6865	145.6864	24.6864	 1.26	 0.08	203.39	 2.78	 1.74	 1.00	10.32	 1.64	335.33	294.61	290.06	279.25	291.67	0	55.85
2008	5	25	16.687	4893.6953	145.6953	24.6953	 1.08	 0.09	204.60	 4.21	10.20	 1.00	10.33	 1.63	335.33	295.05	290.93	280.17	292.12	0	56.03
2008	5	25	16.898	4893.7041	145.7041	24.7041	 0.92	 0.07	199.74	 4.28	26.94	 0.96	10.33	 1.44	335.33	295.44	287.32	280.37	292.52	0	56.07
2008	5	25	17.323	4893.7217	145.7218	24.7218	 1.24	 0.13	203.83	 4.90	20.67	 1.00	10.35	 1.65	335.36	296.05	293.62	280.64	293.08	0	56.13
2008	5	25	17.779	4893.7407	145.7408	24.7408	 1.03	 0.19	199.43	 9.54	17.61	 1.00	10.32	 1.37	335.37	296.44	293.06	280.43	293.52	0	56.09
2008	5	25	17.992	4893.7495	145.7497	24.7497	 1.06	 0.19	197.57	 9.03	87.33	 0.99	10.32	 1.45	335.34	296.54	289.79	281.79	293.66	0	56.36
2008	5	25	18.417	4893.7676	145.7674	24.7674	 1.45	 0.42	209.00	11.44	54.23	 1.00	10.32	 1.68	335.36	296.69	299.91	283.31	294.10	0	56.66
2008	5	25	18.628	4893.7764	145.7762	24.7762	 1.34	 0.17	207.36	 5.53	39.09	 0.99	10.32	 1.73	335.38	296.69	295.89	282.50	294.31	0	56.50
2008	5	25	18.841	4893.7852	145.7850	24.7850	 1.35	 0.26	191.47	 7.50	18.14	 1.00	10.32	 1.56	335.41	296.61	286.66	281.91	294.25	0	56.38
2008	5	25	19.054	4893.7939	145.7939	24.7939	 1.25	 0.14	199.30	 4.87	28.85	 0.99	10.33	 1.54	335.37	296.52	294.82	282.36	294.30	0	56.47
2008	5	25	19.692	4893.8203	145.8205	24.8205	 1.16	 0.17	197.57	 6.82	 4.27	 1.00	10.32	 1.45	335.39	295.86	294.28	281.97	294.15	0	56.39
2008	5	25	19.984	4893.8325	145.8327	24.8327	 1.40	 0.19	209.89	 5.45	25.22	 1.00	10.37	 1.87	335.39	295.40	297.12	281.16	293.91	0	56.23
2008	5	25	20.198	4893.8418	145.8416	24.8416	 1.36	 0.17	208.74	 5.24	14.92	 1.00	10.33	 1.76	335.36	295.00	298.82	280.78	293.66	0	56.16
2008	5	25	20.623	4893.8594	145.8593	24.8593	 1.55	 0.18	215.28	 4.24	15.65	 1.00	10.32	 2.05	335.33	294.06	302.61	279.65	293.04	0	55.93
2008	5	25	21.049	4893.8770	145.8770	24.8770	 1.41	 0.17	212.62	 5.01	10.16	 1.00	10.33	 1.81	335.29	292.90	299.10	278.29	292.24	0	55.66
2008	5	25	21.473	4893.8945	145.8947	24.8947	 1.47	 0.15	217.94	 4.11	 5.07	 1.00	10.32	 1.95	335.30	291.49	303.55	273.78	291.10	0	54.76
2008	5	25	22.108	4893.9214	145.9212	24.9212	 1.09	 0.14	209.79	 6.90	37.33	 1.00	10.33	 1.57	335.23	288.44	295.04	265.76	288.78	0	53.15
2008	5	25	22.364	4893.9316	145.9318	24.9318	 1.32	 0.11	211.25	 3.50	 7.92	 1.00	10.37	 1.93	335.18	287.10	294.14	264.48	287.03	0	52.90
2008	5	25	22.577	4893.9409	145.9407	24.9407	 0.99	 0.15	204.43	 8.35	41.28	 1.00	10.33	 1.52	335.16	286.05	290.46	263.73	286.16	0	52.75
2008	5	25	22.791	4893.9497	145.9496	24.9496	 1.17	 0.10	208.02	 4.26	 1.10	 1.00	10.33	 1.68	335.17	285.11	292.66	263.53	285.26	0	52.71
2008	5	25	23.215	4893.9673	145.9673	24.9673	 1.09	 0.06	196.10	 2.56	 2.80	 1.00	10.32	 1.51	335.13	283.44	285.08	262.84	283.61	0	52.57
2008	5	25	23.427	4893.9761	145.9761	24.9761	 1.06	 0.10	203.82	 4.83	13.75	 1.00	10.32	 1.57	335.13	282.72	289.48	262.70	282.86	0	52.54
2008	5	25	23.638	4893.9849	145.9849	24.9849	 0.98	 0.07	201.60	 3.94	 3.87	 1.00	10.32	 1.51	335.11	282.03	285.10	262.78	282.13	0	52.56
2008	5	25	23.851	4893.9937	145.9938	24.9938	 0.97	 0.06	205.51	 3.57	22.87	 0.95	10.33	 1.54	335.07	281.41	287.70	262.88	281.57	0	52.58
2008	5	26	0.064	4894.0024	146.0027	25.0027	 1.15	 0.08	207.69	 3.52	19.91	 0.98	10.32	 1.72	335.06	280.83	289.00	262.89	281.00	0	52.58
2008	5	26	0.276	4894.0117	146.0115	25.0115	 0.95	 0.11	202.60	 7.01	15.75	 1.00	10.33	 1.59	335.05	280.29	283.29	262.73	280.43	0	52.55
2008	5	26	0.488	4894.0205	146.0203	25.0203	 0.79	 0.07	203.71	 5.77	 9.40	 1.00	10.32	 1.41	335.03	279.79	283.55	262.30	279.93	0	52.46
2008	5	26	0.717	4894.0298	146.0299	25.0299	 0.99	 0.05	191.73	 2.88	18.85	 0.92	10.37	 1.55	334.97	279.24	282.44	262.10	279.29	0	52.42
2008	5	26	0.929	4894.0386	146.0387	25.0387	 0.85	 0.14	196.08	10.40	10.70	 1.00	10.32	 1.48	335.01	278.80	281.41	262.57	278.94	0	52.51
2008	5	26	1.141	4894.0474	146.0475	25.0475	 0.88	 0.07	201.73	 4.72	11.33	 0.99	10.33	 1.57	334.99	278.41	283.16	262.85	278.57	0	52.57
2008	5	26	1.354	4894.0566	146.0564	25.0564	 0.85	 0.06	196.91	 4.44	 3.14	 1.00	10.30	 1.46	334.97	278.07	281.62	262.53	278.19	0	52.51
2008	5	26	1.780	4894.0742	146.0742	25.0742	 0.83	 0.07	194.21	 5.07	24.56	 0.97	10.33	 1.47	334.98	277.44	279.41	262.09	277.57	0	52.42
2008	5	26	1.993	4894.0830	146.0831	25.0831	 0.86	 0.07	195.65	 4.95	 7.39	 1.00	10.32	 1.44	334.97	277.16	279.71	262.12	277.26	0	52.42
2008	5	26	2.205	4894.0918	146.0919	25.0919	 1.00	 0.06	196.92	 3.03	 2.91	 1.00	10.33	 1.55	335.00	276.96	282.21	262.52	277.02	0	52.50
2008	5	26	2.416	4894.1006	146.1007	25.1007	 0.97	 0.05	201.05	 2.64	 3.53	 1.00	10.32	 1.60	335.03	276.76	280.94	262.60	277.12	0	52.52
2008	5	26	2.628	4894.1094	146.1095	25.1095	 0.93	 0.05	194.84	 3.14	 6.07	 0.99	10.32	 1.50	335.01	276.57	280.33	262.45	276.65	0	52.49
2008	5	26	2.841	4894.1182	146.1184	25.1184	 0.95	 0.04	196.03	 2.09	 8.08	 0.94	10.32	 1.50	335.04	276.42	280.58	262.55	276.49	0	52.51
2008	5	26	4.075	4894.1699	146.1698	25.1698	 1.07	 0.05	203.24	 2.30	 2.52	 1.00	10.33	 1.54	335.07	275.66	278.69	261.22	275.46	0	52.24
2008	5	26	4.288	4894.1787	146.1787	25.1787	 1.02	 0.06	202.35	 2.91	 1.12	 1.00	10.33	 1.47	335.02	275.54	277.67	261.19	275.37	0	52.24
2008	5	26	4.501	4894.1875	146.1876	25.1876	 0.94	 0.04	201.43	 2.21	10.01	 0.92	10.32	 1.40	335.01	275.40	276.67	260.91	275.31	0	52.18
2008	5	26	4.713	4894.1963	146.1964	25.1964	 0.97	 0.04	205.11	 2.37	 2.99	 1.00	10.32	 1.49	335.06	275.24	279.77	260.75	275.20	0	52.15
2008	5	26	4.924	4894.2051	146.2052	25.2052	 0.97	 0.04	200.65	 2.44	 1.40	 1.00	10.33	 1.47	335.08	275.09	277.78	260.56	274.95	0	52.11
2008	5	26	5.136	4894.2139	146.2140	25.2140	 0.96	 0.04	196.77	 2.28	 1.20	 1.00	10.32	 1.42	335.10	274.92	277.54	260.25	274.81	0	52.05
2008	5	26	5.349	4894.2227	146.2229	25.2229	 0.85	 0.03	203.67	 1.99	 2.82	 0.99	10.32	 1.48	335.09	274.78	277.58	260.10	274.65	0	52.02
2008	5	26	5.562	4894.2319	146.2318	25.2318	 0.90	 0.04	199.90	 2.77	 1.87	 1.00	10.33	 1.50	335.07	274.67	277.46	260.61	274.78	0	52.12
2008	5	26	5.774	4894.2407	146.2406	25.2406	 0.88	 0.04	199.44	 2.54	 1.12	 1.00	10.32	 1.47	335.06	274.60	275.86	261.25	274.43	0	52.25
2008	5	26	5.985	4894.2495	146.2494	25.2494	 0.96	 0.04	202.35	 2.47	 3.33	 1.00	10.33	 1.53	335.09	274.55	277.79	261.25	274.40	0	52.25
2008	5	26	6.198	4894.2583	146.2583	25.2583	 0.95	 0.04	203.47	 2.15	 1.08	 1.00	10.32	 1.50	335.08	274.51	277.55	261.16	274.37	0	52.23
2008	5	26	6.430	4894.2681	146.2679	25.2679	 0.92	 0.03	197.88	 2.16	 2.23	 1.00	10.35	 1.42	335.03	274.45	277.61	260.79	274.25	0	52.16
2008	5	26	6.642	4894.2769	146.2768	25.2768	 0.98	 0.04	199.71	 2.49	 5.43	 0.99	10.32	 1.51	335.07	274.38	277.14	260.69	274.26	0	52.14
2008	5	26	6.855	4894.2856	146.2856	25.2856	 0.92	 0.03	197.97	 2.12	 9.48	 0.91	10.30	 1.45	335.08	274.33	276.44	260.80	274.21	0	52.16
2008	5	26	7.068	4894.2944	146.2945	25.2945	 0.90	 0.04	198.21	 2.30	 4.81	 0.98	10.33	 1.43	335.09	274.28	276.13	260.95	274.15	0	52.19
2008	5	26	7.282	4894.3032	146.3034	25.3034	 0.98	 0.04	194.24	 2.37	 2.25	 1.00	10.32	 1.45	335.05	274.22	275.97	260.77	274.09	0	52.15
2008	5	26	7.495	4894.3125	146.3123	25.3123	 1.00	 0.05	198.64	 2.55	 4.16	 1.00	10.33	 1.51	335.07	274.17	277.87	260.56	274.03	0	52.11
2008	5	26	7.708	4894.3213	146.3212	25.3212	 1.01	 0.05	199.51	 2.53	 6.70	 0.99	10.32	 1.49	335.11	274.14	278.63	260.83	273.99	0	52.17
2008	5	26	7.919	4894.3301	146.3300	25.3300	 0.94	 0.04	194.10	 2.24	 2.68	 1.00	10.32	 1.46	335.10	274.07	276.36	260.29	273.94	0	52.06
2008	5	26	8.131	4894.3389	146.3388	25.3388	 0.92	 0.03	194.71	 1.74	 8.83	 0.83	10.33	 1.47	335.10	273.99	278.34	259.98	273.85	0	52.00
2008	5	26	8.344	4894.3477	146.3477	25.3477	 0.82	 0.04	193.84	 3.25	 4.09	 1.00	10.32	 1.41	335.11	273.94	276.33	259.94	273.79	0	51.99
2008	5	26	8.557	4894.3564	146.3566	25.3566	 0.85	 0.03	192.07	 2.08	 4.44	 0.97	10.33	 1.47	335.08	273.89	275.83	260.16	273.73	0	52.03
2008	5	26	8.792	4894.3662	146.3663	25.3663	 0.80	 0.03	198.62	 2.10	 5.83	 0.93	10.37	 1.44	335.02	273.86	276.15	261.00	273.59	0	52.20
2008	5	26	9.004	4894.3750	146.3752	25.3752	 0.83	 0.03	198.13	 2.21	 3.55	 0.98	10.32	 1.47	335.00	273.83	275.71	261.05	273.65	0	52.21
2008	5	26	9.217	4894.3838	146.3840	25.3840	 0.81	 0.03	198.37	 2.66	 4.53	 0.99	10.33	 1.43	335.01	273.80	275.74	260.84	273.61	0	52.17
2008	5	26	9.428	4894.3931	146.3929	25.3928	 0.88	 0.03	199.09	 1.89	 3.56	 0.98	10.32	 1.50	334.99	273.76	279.50	260.67	273.61	0	52.13
2008	5	26	9.640	4894.4019	146.4017	25.4017	 0.82	 0.03	197.10	 2.16	 4.98	 0.96	10.33	 1.46	334.99	273.72	276.44	260.53	273.57	0	52.11
2008	5	26	9.853	4894.4106	146.4105	25.4105	 0.82	 0.04	195.92	 3.37	 3.25	 1.00	10.32	 1.47	334.98	273.69	276.76	260.28	273.82	0	52.06
2008	5	26	10.066	4894.4194	146.4194	25.4194	 0.73	 0.03	199.54	 3.12	 6.03	 0.98	10.32	 1.43	334.98	273.64	276.42	260.08	273.47	0	52.02
2008	5	26	10.279	4894.4282	146.4283	25.4283	 0.80	 0.03	191.78	 2.67	 1.02	 1.00	10.32	 1.47	334.99	273.61	276.84	260.51	273.43	0	52.10
2008	5	26	10.492	4894.4370	146.4372	25.4372	 0.72	 0.03	194.61	 2.85	 3.00	 0.99	10.32	 1.45	334.97	273.59	276.09	261.03	273.41	0	52.21
2008	5	26	10.705	4894.4463	146.4461	25.4461	 0.74	 0.03	194.94	 3.11	 7.25	 0.97	10.32	 1.49	334.98	273.58	275.64	261.25	273.41	0	52.25
2008	5	26	10.917	4894.4551	146.4549	25.4549	 0.75	 0.03	196.19	 2.85	 1.32	 1.00	10.32	 1.48	334.98	273.58	277.83	261.22	273.38	0	52.24
2008	5	26	11.156	4894.4648	146.4648	25.4648	 0.74	 0.03	190.46	 2.87	 2.89	 0.99	10.35	 1.41	334.94	273.56	276.32	260.75	273.30	0	52.15
2008	5	26	11.369	4894.4736	146.4737	25.4737	 0.80	 0.03	193.43	 2.16	 4.60	 0.96	10.32	 1.49	334.98	273.74	276.59	260.75	274.10	0	52.15
2008	5	26	11.582	4894.4824	146.4826	25.4826	 0.69	 0.03	191.51	 2.86	 3.65	 0.98	10.32	 1.40	334.99	274.23	272.04	261.52	273.74	0	52.30
2008	5	26	11.794	4894.4912	146.4914	25.4914	 0.67	 0.03	200.13	 3.51	 4.01	 0.99	10.32	 1.41	334.98	274.86	273.65	262.69	274.23	0	52.54
2008	5	26	12.005	4894.5000	146.5002	25.5002	 0.72	 0.02	195.25	 2.36	 3.37	 0.98	10.37	 1.40	334.98	275.60	273.01	263.81	274.79	0	52.76
2008	5	26	12.219	4894.5093	146.5091	25.5091	 0.76	 0.03	196.28	 2.91	 3.31	 0.99	10.33	 1.43	334.99	276.43	273.33	264.41	275.46	0	52.88
2008	5	26	12.431	4894.5181	146.5179	25.5179	 0.88	 0.03	197.95	 1.81	 2.90	 0.98	10.33	 1.53	335.06	277.32	275.11	264.60	276.21	0	52.92
2008	5	26	12.644	4894.5269	146.5268	25.5268	 0.88	 0.04	199.21	 3.06	 2.38	 1.00	10.32	 1.48	335.07	278.27	274.17	266.24	277.03	0	53.25
2008	5	26	12.856	4894.5356	146.5357	25.5357	 0.97	 0.04	197.89	 2.05	 5.29	 0.98	10.30	 1.52	335.05	279.26	276.93	267.53	277.88	0	53.51
2008	5	26	13.069	4894.5444	146.5446	25.5446	 0.97	 0.04	197.56	 2.36	 5.72	 0.98	10.33	 1.51	335.11	280.35	277.09	268.65	278.86	0	53.73
2008	5	26	13.283	4894.5532	146.5535	25.5534	 0.94	 0.03	199.22	 2.07	 5.76	 0.97	10.32	 1.52	335.15	281.47	277.89	269.57	279.85	0	53.91
2008	5	26	13.514	4894.5630	146.5631	25.5631	 0.93	 0.04	203.15	 2.73	 0.74	 1.00	10.35	 1.53	335.16	282.69	278.39	270.34	280.90	0	54.07
2008	5	26	13.727	4894.5718	146.5720	25.5720	 0.91	 0.04	204.08	 2.47	 4.27	 0.99	10.33	 1.52	335.18	283.79	278.82	270.83	282.01	0	54.17
2008	5	26	13.939	4894.5806	146.5808	25.5808	 0.92	 0.03	204.12	 1.93	 4.59	 0.97	10.32	 1.49	335.18	284.90	279.99	271.25	282.99	0	54.25
2008	5	26	14.150	4894.5894	146.5896	25.5896	 0.92	 0.04	199.57	 2.35	 6.32	 0.97	10.33	 1.51	335.13	285.92	279.16	271.69	283.87	0	54.34
2008	5	26	14.363	4894.5986	146.5985	25.5985	 0.93	 0.03	203.08	 2.15	 4.34	 0.98	10.32	 1.58	335.14	286.90	282.50	272.09	284.76	0	54.42
2008	5	26	14.577	4894.6074	146.6074	25.6074	 0.85	 0.04	203.02	 2.85	 4.99	 0.99	10.33	 1.50	335.15	287.85	282.40	272.51	285.54	0	54.50
2008	5	26	14.788	4894.6162	146.6162	25.6162	 0.83	 0.03	198.53	 1.95	 3.04	 0.98	10.32	 1.45	335.20	288.79	280.37	273.10	286.40	0	54.62
2008	5	26	15.001	4894.6250	146.6250	25.6250	 1.04	 0.04	202.26	 1.86	 4.00	 0.99	10.32	 1.61	335.22	289.79	284.56	274.26	287.27	0	54.85
2008	5	26	15.214	4894.6338	146.6339	25.6339	 1.05	 0.05	201.50	 2.50	 7.48	 0.98	10.33	 1.55	335.26	290.74	285.33	275.54	288.17	0	55.11
2008	5	26	15.426	4894.6426	146.6427	25.6427	 1.14	 0.06	200.73	 2.50	 5.30	 1.00	10.33	 1.55	335.37	291.62	287.06	276.52	289.08	0	55.30
2008	5	26	15.637	4894.6514	146.6516	25.6516	 1.20	 0.06	203.18	 2.29	 6.26	 0.99	10.33	 1.64	335.45	292.43	287.41	277.41	289.89	0	55.48
2008	5	26	15.938	4894.6641	146.6641	25.6641	 1.24	 0.11	202.88	 4.10	 8.61	 1.00	10.35	 1.56	335.55	293.49	288.36	278.96	290.92	0	55.79
2008	5	26	16.149	4894.6729	146.6729	25.6729	 1.45	 0.10	204.05	 2.58	10.88	 0.99	10.32	 1.72	335.55	294.12	291.66	279.29	291.62	0	55.86
2008	5	26	16.361	4894.6816	146.6817	25.6817	 1.18	 0.09	199.33	 3.63	 1.73	 1.00	10.35	 1.40	335.51	294.66	289.45	279.06	292.05	0	55.81
2008	5	26	16.573	4894.6904	146.6905	25.6905	 1.48	 0.07	211.58	 1.93	 5.46	 0.99	10.32	 1.95	335.50	295.06	294.80	278.33	292.48	0	55.67
2008	5	26	16.996	4894.7080	146.7081	25.7081	 0.97	 0.04	202.27	 2.42	 8.45	 0.97	10.33	 1.52	335.45	295.68	291.98	282.23	292.96	0	56.45
2008	5	26	17.207	4894.7168	146.7170	25.7170	 1.12	 0.10	204.68	 4.42	40.99	 0.96	10.32	 1.65	335.42	296.06	293.09	284.24	293.35	0	56.85
2008	5	26	17.419	4894.7256	146.7258	25.7258	 0.87	 0.10	199.35	 6.90	 4.44	 1.00	10.32	 1.41	335.40	296.34	290.91	284.19	293.76	0	56.84
2008	5	26	18.282	4894.7617	146.7617	25.7617	 1.11	 0.12	206.13	 5.28	26.56	 0.99	10.37	 1.58	335.33	296.96	294.85	284.45	294.56	0	56.89
2008	5	26	18.917	4894.7881	146.7882	25.7882	 1.16	 0.20	197.50	 8.04	48.48	 1.00	10.33	 1.43	335.35	296.88	293.75	282.71	295.00	0	56.54
2008	5	26	19.551	4894.8145	146.8146	25.8146	 1.49	 0.27	189.79	 6.24	55.50	 0.99	10.32	 1.51	335.34	296.13	293.45	280.38	294.48	0	56.08
2008	5	26	19.763	4894.8232	146.8235	25.8234	 1.27	 0.23	212.86	 8.37	27.68	 1.00	10.33	 1.76	335.34	295.81	301.39	281.24	294.22	0	56.25
2008	5	26	20.187	4894.8413	146.8411	25.8411	 1.03	 0.13	211.68	 7.35	93.86	 0.96	10.33	 1.69	335.30	294.95	297.44	280.41	293.74	0	56.08
2008	5	26	20.398	4894.8501	146.8499	25.8499	 1.05	 0.55	156.57	21.01	204.41	 1.00	10.32	 1.12	335.25	294.38	277.60	278.84	293.38	0	55.77
2008	5	26	20.885	4894.8701	146.8702	25.8702	 1.57	 0.17	214.45	 3.93	 5.23	 1.00	10.32	 1.73	335.22	292.48	301.18	272.67	292.02	0	54.53
2008	5	26	21.519	4894.8965	146.8966	25.8966	 1.90	 0.34	205.88	 4.93	25.32	 1.00	10.33	 1.71	335.19	289.87	295.48	272.21	289.71	0	54.44
2008	5	26	22.366	4894.9321	146.9319	25.9319	 1.84	 0.33	208.23	 5.17	36.60	 1.00	10.33	 1.90	335.11	286.38	292.98	264.77	286.69	0	52.95
2008	5	26	22.577	4894.9409	146.9407	25.9407	 1.52	 0.51	211.64	12.45	86.81	 1.00	10.32	 1.58	335.14	285.48	296.88	264.06	285.78	0	52.81
2008	5	26	22.788	4894.9497	146.9495	25.9495	 1.40	 0.15	204.87	 4.23	32.96	 0.99	10.32	 1.48	335.11	284.68	285.57	263.62	284.95	0	52.72
2008	5	26	23.022	4894.9595	146.9593	25.9593	 1.56	 0.11	205.73	 2.60	12.49	 0.99	10.35	 1.60	335.04	283.86	287.77	263.34	284.02	0	52.67
2008	5	26	23.234	4894.9683	146.9681	25.9681	 1.95	 0.19	208.15	 2.65	14.23	 0.99	10.33	 1.78	335.06	283.23	289.46	263.20	283.44	0	52.64
2008	5	26	23.446	4894.9771	146.9769	25.9769	 1.64	 0.21	197.96	 4.20	 5.82	 1.00	10.33	 1.60	335.06	282.66	286.01	263.15	282.84	0	52.63
2008	5	26	23.657	4894.9858	146.9857	25.9857	 1.38	 0.07	200.41	 2.12	 0.93	 1.00	10.32	 1.51	335.06	282.05	285.56	262.89	282.26	0	52.58
2008	5	27	0.081	4895.0034	147.0034	26.0034	 1.26	 0.11	197.19	 3.64	10.81	 1.00	10.32	 1.29	335.07	280.84	284.80	262.43	281.12	0	52.49
2008	5	27	0.292	4895.0122	147.0122	26.0122	 1.50	 0.14	199.91	 3.31	 5.32	 1.00	10.33	 1.49	335.07	280.28	283.72	261.98	280.46	0	52.40
2008	5	27	0.504	4895.0210	147.0210	26.0210	 1.38	 0.15	208.38	 4.59	27.83	 0.99	10.32	 1.49	335.08	279.81	286.74	261.56	279.98	0	52.31
2008	5	27	0.715	4895.0298	147.0298	26.0298	 1.38	 0.13	204.24	 3.67	 6.03	 1.00	10.33	 1.48	335.04	279.38	281.67	261.58	279.49	0	52.32
2008	5	27	0.927	4895.0386	147.0386	26.0386	 1.58	 0.13	204.32	 2.94	13.92	 0.99	10.33	 1.44	335.03	278.99	282.53	261.63	279.08	0	52.33
2008	5	27	1.138	4895.0474	147.0474	26.0474	 1.74	 0.12	205.77	 2.10	11.26	 0.98	10.32	 1.57	335.01	278.68	283.32	261.51	278.75	0	52.30
2008	5	27	1.379	4895.0576	147.0575	26.0575	 1.53	 0.14	205.23	 3.41	11.84	 1.00	10.35	 1.56	334.96	278.33	283.41	261.33	278.31	0	52.27
2008	5	27	1.591	4895.0664	147.0663	26.0663	 1.41	 0.12	200.69	 3.42	 0.38	 1.00	10.33	 1.42	335.02	278.04	280.13	261.06	278.12	0	52.21
2008	5	27	1.803	4895.0752	147.0751	26.0751	 1.33	 0.12	209.04	 3.72	 2.78	 1.00	10.33	 1.48	335.11	277.72	282.44	261.22	278.55	0	52.24
2008	5	27	2.014	4895.0840	147.0839	26.0839	 1.60	 0.11	207.75	 2.35	 3.28	 1.00	10.32	 1.62	335.17	277.41	285.13	261.70	277.45	0	52.34
2008	5	27	2.226	4895.0928	147.0928	26.0928	 1.42	 0.12	207.34	 3.22	14.71	 0.99	10.33	 1.53	335.14	277.13	280.51	261.28	277.16	0	52.26
2008	5	27	2.437	4895.1016	147.1016	26.1016	 1.49	 0.12	207.09	 3.08	21.47	 0.98	10.32	 1.63	335.18	276.86	282.79	261.16	276.84	0	52.23
2008	5	27	2.649	4895.1104	147.1104	26.1104	 1.25	 0.10	207.19	 3.63	 5.05	 1.00	10.35	 1.40	335.16	276.60	279.26	261.46	276.60	0	52.29
2008	5	27	2.861	4895.1191	147.1192	26.1192	 1.52	 0.11	205.60	 2.62	 4.04	 1.00	10.32	 1.38	335.13	276.37	279.82	261.51	276.36	0	52.30
2008	5	27	3.284	4895.1367	147.1368	26.1368	 1.59	 0.18	210.85	 4.07	15.84	 1.00	10.32	 1.60	335.10	275.97	279.89	261.63	275.93	0	52.33
2008	5	27	3.496	4895.1455	147.1456	26.1456	 1.50	 0.15	205.36	 3.63	 6.68	 1.00	10.33	 1.44	335.09	275.80	279.48	261.52	275.79	0	52.30
2008	5	27	3.743	4895.1558	147.1559	26.1559	 1.16	 0.09	193.44	 3.65	14.57	 0.99	10.35	 1.22	334.99	275.62	269.37	261.58	275.79	0	52.32
2008	5	27	3.954	4895.1646	147.1648	26.1648	 1.48	 0.08	207.21	 2.16	 3.15	 1.00	10.33	 1.53	335.04	275.48	279.09	261.70	275.47	0	52.34
2008	5	27	4.166	4895.1733	147.1736	26.1736	 1.60	 0.08	202.98	 1.60	10.54	 0.94	10.32	 1.47	335.10	275.37	277.89	261.76	275.36	0	52.35
2008	5	27	4.377	4895.1826	147.1824	26.1824	 1.53	 0.10	200.92	 2.38	 2.77	 1.00	10.33	 1.44	335.13	275.26	276.22	261.85	275.29	0	52.37
2008	5	27	4.589	4895.1914	147.1912	26.1912	 1.54	 0.07	205.45	 1.51	 7.83	 0.96	10.32	 1.47	335.15	275.18	280.94	261.95	275.20	0	52.39
2008	5	27	4.801	4895.2002	147.2000	26.2000	 1.59	 0.09	200.65	 1.87	 5.24	 0.99	10.35	 1.48	335.14	275.09	276.94	261.90	275.12	0	52.38
2008	5	27	5.012	4895.2090	147.2088	26.2088	 1.34	 0.13	203.45	 4.07	12.91	 1.00	10.32	 1.47	335.18	275.00	274.99	261.70	275.04	0	52.34
2008	5	27	5.224	4895.2178	147.2177	26.2177	 1.45	 0.09	203.61	 2.45	10.14	 0.99	10.33	 1.49	335.17	274.91	277.29	261.49	274.97	0	52.30
2008	5	27	5.435	4895.2266	147.2265	26.2265	 1.62	 0.20	204.65	 4.28	18.66	 1.00	10.33	 1.47	335.15	274.83	278.81	261.14	275.16	0	52.23
2008	5	27	5.647	4895.2354	147.2353	26.2353	 1.41	 0.08	202.29	 2.32	 7.51	 0.99	10.33	 1.45	335.13	274.78	277.59	260.91	274.80	0	52.18
2008	5	27	5.858	4895.2441	147.2441	26.2441	 1.50	 0.10	203.55	 2.33	 7.31	 0.99	10.32	 1.49	335.10	274.72	278.06	260.83	274.75	0	52.17
2008	5	27	6.142	4895.2559	147.2559	26.2559	 1.51	 0.06	205.87	 1.52	 3.90	 0.99	10.35	 1.49	335.09	274.63	279.21	260.33	274.48	0	52.07
2008	5	27	6.354	4895.2646	147.2647	26.2647	 1.41	 0.05	203.71	 1.52	 1.90	 1.00	10.32	 1.45	335.04	274.53	277.56	259.96	274.50	0	51.99
2008	5	27	6.566	4895.2734	147.2736	26.2736	 1.33	 0.08	199.79	 2.40	 5.52	 1.00	10.33	 1.38	335.19	274.42	275.50	259.88	274.35	0	51.98
2008	5	27	6.777	4895.2822	147.2824	26.2824	 1.31	 0.05	199.01	 1.62	 4.03	 0.99	10.33	 1.43	335.19	274.33	275.04	259.79	274.25	0	51.96
2008	5	27	6.989	4895.2910	147.2912	26.2912	 1.42	 0.06	202.97	 1.73	 4.42	 0.99	10.32	 1.47	335.15	274.23	277.38	259.56	274.14	0	51.91
2008	5	27	7.200	4895.2998	147.3000	26.3000	 1.32	 0.05	200.95	 1.58	 2.54	 1.00	10.33	 1.42	335.13	274.15	275.75	259.22	274.04	0	51.84
2008	5	27	7.412	4895.3086	147.3088	26.3088	 1.29	 0.05	205.90	 1.71	 2.58	 1.00	10.32	 1.46	335.14	274.06	277.97	259.00	273.92	0	51.80
2008	5	27	7.623	4895.3179	147.3176	26.3176	 1.41	 0.06	202.87	 1.75	 1.26	 1.00	10.33	 1.45	335.14	273.98	276.55	258.84	273.83	0	51.77
2008	5	27	7.835	4895.3267	147.3265	26.3265	 1.39	 0.04	203.43	 1.01	 4.13	 0.92	10.33	 1.43	335.15	273.90	274.44	258.82	273.73	0	51.76
2008	5	27	8.046	4895.3354	147.3353	26.3353	 1.54	 0.07	206.38	 1.60	 2.15	 1.00	10.32	 1.54	335.18	273.82	277.78	258.53	273.65	0	51.71
# Unit 0, Chajnantor CBI, Filter  0,  Slot 0, 350 um (563) & yellow
#				days
#				since		day of	day of
# yr	mo	dy	 time	1/1/1995	year	month	Tau	unc	Tatm	unc	mse	fitgood	Etime	R	Thot	Twarm	Tchop	Tamb	<Tint>	Filter	Toff
# 1	2	3	4	5		6	7	8	9	10	11	12	13	14	15	16	17	18	19	20	21	22
