2005	1	1	0.362	3653.0151	0.0151	0.0151	 4.89	 2.33	214.20	 1.43	 0.40	 1.00	10.33	 1.84	335.93	291.13	301.86	270.52	295.57	0	54.10
2005	1	1	0.788	3653.0330	0.0328	0.0328	 5.08	 1.88	212.80	 0.95	 0.33	 1.00	10.33	 1.77	335.84	290.11	299.91	270.14	294.65	0	54.03
2005	1	1	1.000	3653.0417	0.0417	0.0417	 8.74	94.17	214.33	 1.22	 0.74	 1.00	10.33	 1.97	335.85	289.67	298.47	270.03	294.77	0	54.01
2005	1	1	1.212	3653.0505	0.0505	0.0505	 6.27	 6.89	210.33	 1.04	 2.02	 1.00	10.33	 1.70	335.80	289.25	297.60	269.79	293.69	0	53.96
2005	1	1	1.424	3653.0593	0.0594	0.0594	 4.17	 0.61	213.40	 0.77	 1.27	 1.00	10.33	 1.77	335.70	288.87	297.90	269.55	293.26	0	53.91
2005	1	1	1.638	3653.0684	0.0682	0.0682	 6.10	 4.52	210.83	 0.81	 1.16	 1.00	10.33	 1.72	335.62	288.55	296.59	269.36	292.89	0	53.87
2005	1	1	1.849	3653.0771	0.0771	0.0771	 4.82	 1.26	214.95	 0.83	 1.57	 1.00	10.33	 1.73	335.69	288.26	298.21	269.16	292.60	0	53.83
2005	1	1	2.061	3653.0859	0.0859	0.0859	 5.26	 1.98	215.24	 0.84	 0.76	 1.00	10.33	 1.79	335.74	287.98	297.51	269.32	292.43	0	53.86
2005	1	1	2.273	3653.0947	0.0947	0.0947	16.26	125830.41	214.57	 0.88	 0.32	 1.00	10.32	 1.76	335.74	287.73	296.48	269.64	292.11	0	53.93
2005	1	1	2.486	3653.1035	0.1036	0.1036	 4.82	 1.39	217.34	 0.93	 0.72	 1.00	10.33	 1.80	335.72	287.51	297.40	269.39	291.89	0	53.88
2005	1	1	2.699	3653.1125	0.1125	0.1125	 4.12	 0.56	214.32	 0.75	 2.18	 0.98	10.32	 1.72	335.70	287.32	295.73	269.21	291.67	0	53.84
2005	1	1	2.911	3653.1213	0.1213	0.1213	 5.16	 1.75	214.02	 0.81	 0.97	 1.00	10.33	 1.74	335.68	287.16	294.97	269.38	291.43	0	53.88
2005	1	1	3.124	3653.1301	0.1302	0.1302	 4.43	 0.60	215.95	 0.59	 0.45	 1.00	10.32	 1.80	335.69	287.01	295.45	269.33	291.33	0	53.87
2005	1	1	3.336	3653.1389	0.1390	0.1390	 4.13	 0.72	215.53	 0.97	 2.44	 0.99	10.33	 1.78	335.71	286.88	295.61	269.66	291.17	0	53.93
2005	1	1	3.549	3653.1479	0.1479	0.1479	 4.18	 0.80	214.11	 1.00	 1.34	 1.00	10.33	 1.73	335.69	286.77	295.24	269.86	291.02	0	53.97
2005	1	1	3.762	3653.1567	0.1568	0.1568	 4.98	 1.36	216.75	 0.77	 2.58	 0.98	10.33	 1.80	335.66	286.68	296.21	269.57	290.93	0	53.91
2005	1	1	3.974	3653.1655	0.1656	0.1656	16.15	74616.91	213.37	 0.58	 1.38	 0.98	10.33	 1.73	335.66	286.58	294.40	269.56	290.82	0	53.91
2005	1	1	4.187	3653.1746	0.1744	0.1744	 4.25	 0.64	216.38	 0.76	 0.87	 1.00	10.33	 1.81	335.65	286.48	295.03	269.08	290.71	0	53.82
2005	1	1	4.398	3653.1833	0.1833	0.1833	 4.69	 1.02	215.88	 0.77	 1.00	 1.00	10.33	 1.78	335.67	286.37	295.47	268.82	290.60	0	53.76
2005	1	1	4.825	3653.2009	0.2010	0.2010	 4.45	 1.04	215.63	 1.01	 1.25	 1.00	10.33	 1.76	335.64	286.18	293.85	268.75	290.36	0	53.75
2005	1	1	5.038	3653.2100	0.2099	0.2099	 4.66	 1.13	212.80	 0.87	 0.56	 1.00	10.33	 1.69	335.65	286.10	293.70	269.23	290.23	0	53.85
2005	1	1	5.250	3653.2187	0.2187	0.2187	 5.43	 2.29	212.01	 0.81	 1.12	 1.00	10.33	 1.76	335.65	286.04	292.86	269.94	290.71	0	53.99
2005	1	1	5.462	3653.2275	0.2276	0.2276	 4.86	 1.13	215.44	 0.72	 1.18	 1.00	10.33	 1.79	335.68	285.98	294.87	269.95	290.09	0	53.99
2005	1	1	5.675	3653.2366	0.2365	0.2365	 6.49	 6.82	212.68	 0.83	 0.99	 1.00	10.33	 1.76	335.64	285.90	292.79	269.62	290.01	0	53.92
2005	1	1	5.888	3653.2454	0.2453	0.2453	 4.64	 1.09	214.04	 0.86	 1.33	 1.00	10.33	 1.75	335.65	285.84	293.86	269.39	289.87	0	53.88
2005	1	1	6.099	3653.2542	0.2541	0.2541	 4.06	 0.64	215.50	 0.92	 2.07	 0.99	10.33	 1.77	335.67	285.79	293.56	268.70	289.90	0	53.74
2005	1	1	6.311	3653.2629	0.2630	0.2630	 4.57	 0.88	213.57	 0.75	 1.84	 0.99	10.33	 1.68	335.69	285.72	293.46	268.44	289.82	0	53.69
2005	1	1	6.523	3653.2717	0.2718	0.2718	 4.93	 2.00	212.17	 1.17	 0.77	 1.00	10.33	 1.67	335.69	285.64	292.47	268.33	289.71	0	53.67
2005	1	1	6.736	3653.2808	0.2806	0.2806	 4.82	 1.76	214.90	 1.16	 0.94	 1.00	10.33	 1.78	335.71	285.61	293.47	268.75	289.55	0	53.75
2005	1	1	6.947	3653.2896	0.2895	0.2895	 5.64	 2.98	214.15	 0.86	 1.17	 1.00	10.33	 1.74	335.71	285.64	292.95	268.99	289.63	0	53.80
2005	1	1	7.161	3653.2983	0.2984	0.2984	 5.68	 3.01	214.82	 0.83	 0.56	 1.00	10.33	 1.76	335.66	285.61	292.95	268.70	289.61	0	53.74
2005	1	1	7.372	3653.3071	0.3072	0.3072	 4.58	 1.02	214.70	 0.86	 0.07	 1.00	10.33	 1.72	335.67	285.55	292.94	268.37	289.55	0	53.67
2005	1	1	7.584	3653.3159	0.3160	0.3160	 4.97	 1.27	215.40	 0.73	 0.64	 1.00	10.32	 1.80	335.70	285.46	293.35	268.18	289.48	0	53.64
2005	1	1	7.797	3653.3250	0.3249	0.3249	 6.60	 9.38	215.68	 1.04	 2.13	 1.00	10.33	 1.78	335.67	285.38	294.29	268.38	289.35	0	53.68
2005	1	1	8.011	3653.3337	0.3338	0.3338	 5.57	 3.09	212.09	 0.95	 1.90	 1.00	10.33	 1.67	335.65	285.31	291.93	268.69	289.25	0	53.74
2005	1	1	8.224	3653.3428	0.3427	0.3427	 4.49	 0.98	214.11	 0.91	 0.88	 1.00	10.32	 1.73	335.64	285.25	292.90	268.34	289.20	0	53.67
2005	1	1	8.438	3653.3516	0.3516	0.3516	26.91	4946542112.64	215.76	 0.83	 0.96	 1.00	10.33	 1.78	335.64	285.17	294.33	268.28	289.04	0	53.66
# Unit 0, Chajnantor, Filter  0,  Slot 0, 350 um (563) & yellow
#				days
#				since		day of	day of
# yr	mo	dy	 time	1/1/1995	year	month	Tau	unc	Tatm	unc	mse	fitgood	Etime	R	Thot	Twarm	Tchop	Tamb	<Tint>	Filter	Toff
# 1	2	3	4	5		6	7	8	9	10	11	12	13	14	15	16	17	18	19	20	21	22
2005	1	2	16.346	3654.6812	1.6811	1.6811	 2.27	 0.06	312.76	 0.84	 9.25	 0.71	10.33	 1.97	335.55	294.95	330.42	295.73	295.80	0	59.15
2005	1	2	16.557	3654.6899	1.6899	1.6899	 2.39	 0.10	316.16	 1.27	13.12	 0.88	10.33	 1.71	335.57	296.54	332.36	295.11	298.16	0	59.02
2005	1	2	16.769	3654.6987	1.6987	1.6987	 2.20	 0.13	316.49	 2.05	 8.89	 0.99	10.32	 1.74	335.61	297.94	334.11	291.20	300.25	0	58.24
2005	1	2	16.983	3654.7075	1.7076	1.7076	 2.18	 0.10	317.81	 1.66	 9.51	 0.98	10.32	 1.75	335.66	299.17	337.55	291.44	301.98	0	58.29
2005	1	2	17.198	3654.7166	1.7166	1.7166	 2.37	 0.14	306.59	 1.78	 5.81	 1.00	10.33	 1.97	335.73	300.16	335.16	288.45	303.49	0	57.69
2005	1	2	17.410	3654.7253	1.7254	1.7254	 2.12	 0.13	313.52	 2.24	14.81	 0.98	10.33	 1.86	335.79	301.04	337.73	288.17	304.72	0	57.63
2005	1	2	17.624	3654.7344	1.7343	1.7343	 2.37	 0.11	303.65	 1.34	 2.90	 1.00	10.38	 2.31	335.78	301.79	338.90	288.86	305.77	0	57.77
2005	1	2	17.838	3654.7432	1.7433	1.7433	 2.29	 0.13	303.86	 1.76	15.49	 0.95	10.35	 2.03	335.77	302.44	337.66	289.32	306.69	0	57.86
2005	1	2	18.053	3654.7522	1.7522	1.7522	 2.43	 0.10	297.47	 1.14	 6.54	 0.95	10.38	 2.45	335.79	303.06	336.83	289.74	305.80	0	57.95
2005	1	2	18.268	3654.7612	1.7612	1.7612	 2.45	 0.16	303.94	 1.79	11.62	 0.98	10.38	 2.28	335.82	303.56	340.15	291.21	308.29	0	58.24
2005	1	2	18.697	3654.7791	1.7790	1.7790	 2.37	 0.21	299.25	 2.57	12.92	 0.99	10.45	 2.23	335.78	304.07	341.42	291.95	309.44	0	58.39
2005	1	2	18.911	3654.7878	1.7880	1.7880	 2.28	 0.16	297.52	 2.09	19.70	 0.96	10.30	 2.50	335.81	304.20	339.13	291.25	309.76	0	58.25
2005	1	2	19.124	3654.7969	1.7969	1.7969	 2.35	 0.17	303.54	 2.19	16.82	 0.98	10.33	 2.24	335.82	304.20	344.17	289.50	308.47	0	57.90
2005	1	2	19.339	3654.8059	1.8058	1.8058	 2.24	 0.22	306.36	 3.23	13.08	 1.00	10.32	 2.06	335.79	304.15	345.10	288.43	311.10	0	57.69
2005	1	2	19.553	3654.8147	1.8147	1.8147	 1.97	 0.12	306.97	 2.47	18.11	 0.98	10.32	 1.89	335.80	304.00	346.93	288.14	310.06	0	57.63
2005	1	2	19.767	3654.8237	1.8236	1.8236	 2.13	 0.19	300.91	 3.06	11.55	 1.00	10.33	 2.32	335.77	303.78	342.94	289.17	309.90	0	57.83
2005	1	2	20.830	3654.8679	1.8679	1.8679	 1.94	 0.16	311.52	 3.26	19.99	 0.99	10.33	 1.78	335.68	301.95	345.73	283.93	308.09	0	56.79
2005	1	2	21.042	3654.8767	1.8767	1.8767	 1.93	 0.17	315.30	 3.70	11.65	 1.00	10.32	 1.64	335.67	301.51	346.77	284.15	307.79	0	56.83
2005	1	2	22.101	3654.9209	1.9209	1.9209	 2.32	 1.32	317.82	17.78	135.53	 1.00	10.33	 1.52	335.59	299.19	348.34	282.75	305.32	0	56.55
2005	1	2	22.313	3654.9297	1.9297	1.9297	 1.76	 0.13	314.28	 3.43	44.66	 0.96	10.33	 1.83	335.58	298.68	344.24	282.15	304.80	0	56.43
2005	1	2	22.524	3654.9385	1.9385	1.9385	 1.75	 0.20	324.73	 5.50	10.33	 1.00	10.32	 1.46	335.57	298.11	348.98	281.23	304.20	0	56.25
2005	1	3	8.788	3655.3662	2.3661	2.3661	 2.49	 0.13	213.48	 0.96	 3.80	 0.97	10.37	 1.76	335.47	283.74	291.84	267.81	288.13	0	53.56
2005	1	3	9.001	3655.3750	2.3750	2.3750	 2.55	 0.18	212.44	 1.26	 2.87	 1.00	10.33	 1.65	335.49	283.76	292.15	268.03	288.16	0	53.61
2005	1	3	9.212	3655.3838	2.3838	2.3838	 2.49	 0.18	214.78	 1.38	 2.31	 1.00	10.33	 1.73	335.52	283.77	292.92	268.19	288.11	0	53.64
2005	1	3	9.424	3655.3926	2.3927	2.3927	 2.37	 0.13	214.58	 1.08	 4.49	 0.97	10.33	 1.79	335.49	283.77	291.95	268.18	288.05	0	53.64
2005	1	4	8.360	3656.3484	3.3483	3.3483	 2.45	 0.10	214.71	 0.76	 2.63	 0.96	10.37	 1.76	335.62	284.31	293.59	269.06	289.07	0	53.81
2005	1	4	8.571	3656.3572	3.3571	3.3571	 2.46	 0.16	214.78	 1.25	 0.57	 1.00	10.32	 1.76	335.62	284.39	293.02	269.01	289.05	0	53.80
2005	1	4	8.784	3656.3660	3.3660	3.3660	 2.43	 0.13	215.25	 1.03	 0.66	 1.00	10.33	 1.80	335.60	284.45	293.11	268.84	289.00	0	53.77
2005	1	4	8.998	3656.3750	3.3749	3.3749	 2.27	 0.09	213.44	 0.91	 1.24	 1.00	10.33	 1.70	335.59	284.51	293.01	268.60	288.97	0	53.72
2005	1	4	9.209	3656.3838	3.3837	3.3837	 2.42	 0.13	213.20	 1.09	 3.19	 0.99	10.33	 1.77	335.57	284.51	291.92	268.22	288.93	0	53.64
2005	1	4	9.421	3656.3926	3.3925	3.3925	 2.20	 0.08	214.68	 0.87	 1.33	 1.00	10.33	 1.76	335.59	284.46	292.82	267.77	288.81	0	53.55
2005	1	4	9.633	3656.4014	3.4014	3.4014	 2.05	 0.08	215.22	 0.99	 3.39	 0.98	10.33	 1.84	335.57	284.43	293.46	267.68	288.69	0	53.54
2005	1	4	9.846	3656.4102	3.4103	3.4103	 1.71	 0.04	215.06	 0.86	 2.35	 0.97	10.33	 1.78	335.53	284.44	293.14	267.92	288.58	0	53.58
2005	1	5	8.996	3657.3748	4.3748	4.3748	 4.11	 0.71	217.33	 0.98	 0.67	 1.00	10.33	 1.79	330.82	277.12	284.70	268.62	281.99	0	53.72
2005	1	5	9.209	3657.3838	4.3837	4.3837	 3.88	 0.53	216.93	 0.92	 1.78	 1.00	10.33	 1.75	334.60	277.97	285.43	268.84	282.46	0	53.77
2005	1	5	9.421	3657.3926	4.3925	4.3925	 4.45	 1.22	217.22	 1.19	 0.49	 1.00	10.33	 1.77	335.37	278.70	285.92	268.91	283.23	0	53.78
2005	1	5	9.632	3657.4014	4.4013	4.4013	 4.91	 1.35	217.46	 0.83	 2.17	 0.99	10.32	 1.78	335.36	279.41	286.70	269.16	283.76	0	53.83
2005	1	5	9.845	3657.4102	4.4102	4.4102	 4.64	 1.26	218.49	 1.01	 2.89	 0.99	10.33	 1.81	335.37	280.10	287.67	269.65	284.30	0	53.93
2005	1	5	10.058	3657.4192	4.4191	4.4191	 4.86	 1.10	215.16	 0.70	 1.11	 1.00	10.33	 1.82	335.36	280.85	285.85	270.46	284.89	0	54.09
2005	1	5	10.270	3657.4280	4.4279	4.4279	 5.80	 4.36	212.19	 1.06	 2.02	 1.00	10.33	 1.73	335.36	281.64	285.41	271.35	285.61	0	54.27
2005	1	5	10.482	3657.4368	4.4367	4.4367	 4.48	 1.10	212.96	 1.02	 2.97	 0.99	10.33	 1.75	335.37	282.48	285.39	272.23	286.39	0	54.45
2005	1	6	7.534	3658.3140	5.3139	5.3139	 4.19	 0.80	215.78	 1.01	 0.25	 1.00	10.37	 1.72	335.52	285.83	295.07	270.21	290.73	0	54.04
2005	1	6	7.747	3658.3228	5.3228	5.3228	 4.96	 1.74	214.12	 0.99	 1.46	 1.00	10.33	 1.68	335.55	285.95	294.47	270.26	290.68	0	54.05
2005	1	6	7.961	3658.3318	5.3317	5.3317	 3.95	 0.58	215.57	 0.93	 1.87	 1.00	10.33	 1.73	335.51	286.10	294.29	270.39	290.70	0	54.08
2005	1	6	8.172	3658.3406	5.3405	5.3405	 4.25	 0.64	212.11	 0.74	 1.89	 0.99	10.33	 1.63	335.52	286.21	292.94	270.67	290.78	0	54.13
2005	1	6	8.386	3658.3494	5.3494	5.3494	 3.72	 0.36	213.64	 0.73	 0.73	 1.00	10.33	 1.69	335.52	286.26	293.58	270.61	290.77	0	54.12
2005	1	6	8.599	3658.3584	5.3583	5.3583	 3.97	 0.54	217.10	 0.86	 2.00	 0.99	10.33	 1.81	335.51	286.31	295.31	270.80	290.74	0	54.16
2005	1	6	8.812	3658.3672	5.3672	5.3672	 3.72	 0.42	215.31	 0.85	 1.77	 0.99	10.33	 1.82	335.52	286.34	293.41	270.44	290.75	0	54.09
2005	1	6	9.026	3658.3760	5.3761	5.3761	 4.05	 0.43	214.25	 0.62	 1.43	 0.98	10.33	 1.75	335.51	286.35	293.40	270.07	290.70	0	54.01
2005	1	6	9.239	3658.3850	5.3850	5.3850	 3.80	 0.59	215.73	 1.12	 0.70	 1.00	10.33	 1.76	335.50	286.32	294.23	269.78	290.65	0	53.96
2005	1	6	9.452	3658.3938	5.3938	5.3938	 4.38	 0.71	215.52	 0.74	 2.66	 0.97	10.33	 1.72	335.51	286.29	294.76	269.85	290.53	0	53.97
2005	1	8	6.704	3660.2793	7.2794	7.2794	33.54	 1.00	216.06	 0.00	 0.81	 0.00	10.35	 1.74	335.40	287.02	296.92	271.09	291.80	0	54.22
2005	1	8	6.916	3660.2881	7.2882	7.2882	 4.43	 0.69	215.20	 0.68	 0.59	 1.00	10.32	 1.73	335.49	286.97	295.93	271.37	292.27	0	54.27
2005	1	10	18.396	3662.7666	9.7665	9.7665	 2.67	 0.24	230.42	 1.60	16.57	 0.93	10.32	 1.86	333.76	288.18	294.50	278.60	289.69	0	55.72
2005	1	10	18.609	3662.7754	9.7754	9.7754	 3.02	 0.36	227.72	 1.60	25.34	 0.86	10.32	 1.68	335.67	288.83	294.79	278.66	290.30	0	55.73
2005	1	10	18.822	3662.7842	9.7843	9.7843	 2.92	 0.24	228.93	 1.20	10.25	 0.92	10.32	 1.83	335.81	289.41	296.08	278.52	291.43	0	55.70
2005	1	10	19.036	3662.7932	9.7931	9.7931	 2.76	 0.30	229.81	 1.80	15.13	 0.97	10.33	 1.81	335.85	290.02	297.80	278.87	292.33	0	55.77
2005	1	10	19.247	3662.8020	9.8020	9.8020	 3.10	 0.41	230.21	 1.69	13.84	 0.97	10.32	 2.02	335.75	290.66	301.06	279.29	293.63	0	55.86
2005	1	10	19.460	3662.8108	9.8108	9.8108	 2.75	 0.29	228.64	 1.75	14.38	 0.97	10.33	 1.79	335.69	291.19	299.94	279.49	294.06	0	55.90
2005	1	10	19.672	3662.8196	9.8197	9.8197	 2.99	 0.32	232.22	 1.53	16.25	 0.93	10.32	 1.94	335.86	291.75	303.41	279.73	295.63	0	55.95
2005	1	10	19.883	3662.8284	9.8285	9.8285	 3.09	 0.41	230.67	 1.74	 5.99	 1.00	10.32	 1.98	335.89	292.20	302.86	278.49	295.52	0	55.70
2005	1	10	20.096	3662.8374	9.8373	9.8373	 3.11	 0.51	228.76	 2.10	14.93	 0.99	10.32	 1.91	335.89	292.47	303.59	277.79	296.13	0	55.56
2005	1	10	20.309	3662.8462	9.8462	9.8462	 3.17	 0.59	223.92	 2.20	 3.15	 1.00	10.32	 1.87	335.88	292.62	301.62	276.34	296.11	0	55.27
2005	1	10	20.522	3662.8552	9.8551	9.8551	 2.97	 0.54	228.54	 2.57	 6.57	 1.00	10.32	 1.93	335.89	292.60	304.31	274.26	296.13	0	54.85
2005	1	25	14.428	3677.6011	24.6012	24.6012	 1.17	 0.06	217.76	 2.42	35.51	 0.73	10.33	 1.67	335.70	287.60	285.27	282.99	292.17	0	56.60
2005	1	25	14.640	3677.6101	24.6100	24.6100	 1.31	 0.07	207.35	 2.19	 7.29	 0.99	10.33	 1.60	335.55	289.45	283.99	283.63	294.13	0	56.73
2005	1	25	14.852	3677.6189	24.6188	24.6188	 1.18	 0.05	213.61	 2.09	 8.49	 0.97	10.32	 1.75	335.61	291.22	289.17	284.39	295.97	0	56.88
2005	1	25	15.066	3677.6277	24.6277	24.6277	 1.60	 0.08	209.73	 1.78	 1.11	 1.00	10.33	 1.75	335.67	292.88	290.50	284.98	297.53	0	57.00
2005	1	25	15.280	3677.6367	24.6367	24.6367	 1.52	 0.07	207.35	 1.66	12.09	 0.93	10.30	 1.68	335.74	294.38	292.86	285.10	302.66	0	57.02
2005	1	25	15.492	3677.6455	24.6455	24.6455	 1.53	 0.08	207.30	 1.86	43.62	 0.56	10.35	 1.61	335.78	295.76	295.12	285.50	300.49	0	57.10
2005	1	25	15.704	3677.6543	24.6544	24.6544	 1.44	 0.09	205.16	 2.35	 9.00	 0.99	10.33	 1.64	335.82	296.97	294.18	286.63	301.82	0	57.33
2005	1	25	15.919	3677.6633	24.6633	24.6633	 1.73	 0.13	203.39	 2.28	 7.18	 1.00	10.38	 1.59	335.81	298.28	297.03	286.76	302.99	0	57.35
2005	1	25	16.134	3677.6724	24.6723	24.6723	 1.56	 0.10	204.08	 2.28	 0.65	 1.00	10.40	 1.61	335.85	299.35	299.07	287.08	304.22	0	57.42
2005	1	25	16.351	3677.6814	24.6813	24.6813	 1.61	 0.14	202.16	 3.00	 1.06	 1.00	10.40	 1.48	335.86	300.19	299.42	286.72	305.22	0	57.34
2005	1	25	16.568	3677.6904	24.6903	24.6903	 1.69	 0.20	203.53	 3.66	 7.33	 1.00	10.37	 1.56	335.95	300.94	303.68	286.71	307.26	0	57.34
2005	1	25	16.786	3677.6995	24.6994	24.6994	 1.48	 0.15	218.04	 3.97	19.75	 1.00	10.55	 1.89	336.00	301.78	307.06	287.17	304.35	0	57.43
2005	1	25	17.003	3677.7085	24.7084	24.7084	 1.38	 0.16	200.50	 4.52	10.80	 1.00	10.50	 1.41	336.06	302.37	302.62	287.16	306.47	0	57.43
2005	1	25	20.245	3677.8435	24.8435	24.8435	 2.17	 0.44	221.70	 4.98	18.31	 1.00	10.47	 1.98	335.85	302.04	316.21	281.91	307.55	0	56.38
2005	1	25	20.680	3677.8616	24.8617	24.8617	 2.65	 4.34	200.81	25.55	100.63	 1.00	10.43	 1.49	335.88	300.75	308.55	281.18	305.66	0	56.24
2005	1	25	22.175	3677.9241	24.9240	24.9240	101.74	 1.00	217.02	 0.00	29.11	 0.00	10.32	 1.93	335.67	296.70	311.36	278.55	302.27	0	55.71
2005	1	25	22.812	3677.9504	24.9505	24.9505	 2.82	 1.28	214.10	 6.75	19.93	 1.00	10.32	 1.60	335.71	294.79	308.67	274.70	300.20	0	54.94
2005	1	25	23.025	3677.9595	24.9594	24.9594	 2.63	 0.77	208.33	 4.80	108.83	 0.96	10.37	 1.47	335.67	294.06	307.29	272.64	299.31	0	54.53
2005	1	25	23.664	3677.9861	24.9860	24.9860	 2.26	 0.45	207.81	 4.30	28.57	 1.00	10.33	 1.78	335.68	291.70	296.16	268.98	296.47	0	53.80
2005	1	26	0.726	3678.0303	25.0303	25.0303	 2.33	 0.52	210.79	 4.61	35.26	 1.00	10.33	 1.75	335.58	288.35	296.54	267.16	292.67	0	53.43
2005	1	26	0.939	3678.0391	25.0391	25.0391	 2.05	 0.17	208.30	 2.05	14.73	 0.97	10.33	 1.74	335.58	287.79	297.49	266.72	292.89	0	53.34
2005	1	26	1.366	3678.0569	25.0569	25.0569	 1.63	 0.05	208.95	 1.13	 1.55	 1.00	10.33	 1.80	335.54	286.75	295.66	266.26	291.06	0	53.25
2005	1	26	1.577	3678.0657	25.0657	25.0657	 1.19	 0.04	203.50	 1.54	 6.03	 0.95	10.33	 1.71	335.56	286.27	293.64	265.86	290.58	0	53.17
2005	1	26	1.791	3678.0747	25.0746	25.0746	 1.12	 0.14	197.91	 6.13	34.41	 0.99	10.33	 1.70	335.52	285.80	293.33	265.57	289.96	0	53.11
2005	1	26	2.003	3678.0835	25.0835	25.0835	 1.05	 0.25	201.32	12.28	24.49	 1.00	10.33	 1.76	335.47	285.36	289.09	265.60	289.62	0	53.12
2005	1	26	2.217	3678.0923	25.0924	25.0924	 0.98	 0.04	204.52	 2.27	 7.92	 0.96	10.32	 1.76	335.43	284.97	291.99	265.89	289.21	0	53.18
2005	1	26	2.430	3678.1013	25.1012	25.1012	 0.93	 0.05	200.98	 3.16	 9.27	 0.98	10.33	 1.67	335.44	284.66	289.88	266.22	289.37	0	53.24
2005	1	26	2.642	3678.1101	25.1101	25.1101	 1.08	 0.04	206.64	 1.89	 6.53	 0.96	10.32	 1.84	335.42	284.39	292.89	266.56	288.58	0	53.31
2005	1	26	2.855	3678.1189	25.1190	25.1190	 0.93	 0.04	205.20	 2.63	 2.72	 1.00	10.33	 1.70	335.41	284.14	291.18	266.64	288.30	0	53.33
2005	1	26	3.067	3678.1277	25.1278	25.1278	 1.01	 0.03	204.62	 1.74	 5.38	 0.96	10.32	 1.77	335.43	283.87	289.96	265.86	287.89	0	53.17
2005	1	26	3.492	3678.1455	25.1455	25.1455	 0.97	 0.03	209.33	 1.68	 6.05	 0.92	10.33	 1.74	335.42	283.41	290.55	265.51	287.53	0	53.10
2005	1	26	3.704	3678.1543	25.1543	25.1543	 1.00	 0.03	205.80	 1.70	 2.96	 0.99	10.33	 1.76	335.47	283.21	289.86	265.47	287.32	0	53.09
2005	1	26	3.917	3678.1631	25.1632	25.1632	 1.03	 0.05	199.38	 2.38	 8.55	 0.97	10.33	 1.68	335.49	282.99	288.86	265.10	287.07	0	53.02
2005	1	26	4.128	3678.1721	25.1720	25.1720	 0.90	 0.04	200.97	 2.36	12.76	 0.88	10.33	 1.76	335.47	282.76	289.11	264.67	286.69	0	52.93
2005	1	26	4.342	3678.1809	25.1809	25.1809	 0.96	 0.03	202.26	 1.82	 6.11	 0.94	10.33	 1.79	335.44	282.52	289.61	264.51	286.52	0	52.90
2005	1	26	4.553	3678.1897	25.1897	25.1897	 0.91	 0.04	198.16	 2.54	 4.23	 0.99	10.33	 1.73	335.50	282.31	289.39	264.33	286.13	0	52.87
2005	1	26	4.766	3678.1985	25.1986	25.1986	 0.77	 0.03	195.23	 2.52	13.62	 0.78	10.33	 1.69	335.51	282.12	287.97	264.62	285.71	0	52.92
2005	1	26	4.978	3678.2075	25.2074	25.2074	 0.72	 0.04	197.68	 3.72	16.75	 0.90	10.33	 1.72	335.54	281.94	288.54	264.66	285.87	0	52.93
2005	1	26	5.189	3678.2163	25.2162	25.2162	 0.76	 0.03	203.22	 2.70	 4.83	 0.98	10.33	 1.76	335.58	281.75	288.33	263.97	285.69	0	52.79
2005	1	26	5.403	3678.2251	25.2251	25.2251	 0.72	 0.04	197.74	 4.22	 7.90	 0.99	10.33	 1.65	335.60	281.57	287.83	263.62	285.43	0	52.72
2005	1	26	5.616	3678.2339	25.2340	25.2340	 0.73	 0.04	194.39	 3.83	14.05	 0.94	10.33	 1.78	335.60	281.39	288.35	263.47	285.25	0	52.69
2005	1	26	5.829	3678.2429	25.2429	25.2429	 0.57	 0.02	207.95	 3.78	20.98	 0.56	10.32	 1.70	335.60	281.17	286.17	262.91	285.03	0	52.58
2005	1	26	6.042	3678.2517	25.2517	25.2517	 0.65	 0.04	201.09	 5.30	17.84	 0.95	10.32	 1.71	335.58	281.01	287.31	262.77	284.60	0	52.55
2005	1	26	6.253	3678.2605	25.2606	25.2606	 0.68	 0.04	199.71	 4.01	21.08	 0.84	10.33	 1.67	335.60	280.88	286.89	262.87	284.61	0	52.57
2005	1	26	6.467	3678.2695	25.2694	25.2694	 0.82	 0.04	196.74	 2.83	14.85	 0.88	10.33	 1.77	335.57	280.78	287.87	262.73	284.48	0	52.55
2005	1	26	6.679	3678.2783	25.2783	25.2783	 0.71	 0.04	198.37	 3.69	14.05	 0.92	10.33	 1.69	335.62	280.63	286.07	262.42	284.31	0	52.48
2005	1	26	6.893	3678.2871	25.2872	25.2872	 0.72	 0.03	201.25	 3.11	 5.15	 0.98	10.33	 1.71	335.63	280.49	286.68	262.57	284.15	0	52.51
2005	1	26	7.106	3678.2961	25.2961	25.2961	 0.75	 0.03	197.16	 3.15	 8.36	 0.96	10.32	 1.79	335.68	280.37	287.40	262.94	283.98	0	52.59
2005	1	26	7.318	3678.3049	25.3049	25.3049	 0.59	 0.03	198.91	 4.10	11.02	 0.91	10.33	 1.67	335.68	280.23	286.51	262.76	283.74	0	52.55
2005	1	26	7.531	3678.3137	25.3138	25.3138	 0.66	 0.04	198.81	 4.86	11.97	 0.97	10.32	 1.74	335.59	280.06	286.65	262.20	283.68	0	52.44
2005	1	26	7.744	3678.3228	25.3227	25.3227	 0.67	 0.04	194.88	 4.26	10.66	 0.96	10.32	 1.74	335.58	279.88	285.78	261.74	283.46	0	52.35
2005	1	26	7.957	3678.3315	25.3316	25.3316	 0.58	 0.04	199.66	 6.34	13.88	 0.97	10.32	 1.67	335.61	279.73	285.34	261.39	283.28	0	52.28
2005	1	26	8.171	3678.3403	25.3404	25.3404	 0.68	 0.03	191.11	 3.65	21.23	 0.77	10.33	 1.77	335.62	279.65	286.43	261.58	283.19	0	52.32
2005	1	26	8.382	3678.3494	25.3492	25.3492	 0.60	 0.03	203.20	 4.14	 7.41	 0.96	10.32	 1.75	335.62	279.61	285.80	262.20	283.14	0	52.44
2005	1	26	8.595	3678.3582	25.3581	25.3581	 0.64	 0.02	202.10	 2.68	13.82	 0.61	10.32	 1.76	335.62	279.64	286.64	262.96	283.11	0	52.59
2005	1	26	8.807	3678.3669	25.3669	25.3669	 0.64	 0.03	200.64	 3.48	10.77	 0.90	10.33	 1.79	335.61	279.66	286.95	263.19	283.18	0	52.64
2005	1	26	9.020	3678.3757	25.3758	25.3758	 0.61	 0.03	201.10	 3.91	 9.26	 0.94	10.32	 1.69	335.61	279.68	285.05	263.44	283.21	0	52.69
2005	1	26	9.232	3678.3848	25.3847	25.3847	 0.67	 0.02	198.17	 2.81	10.37	 0.83	10.33	 1.73	335.62	279.73	286.06	263.83	283.30	0	52.77
2005	1	26	9.444	3678.3936	25.3935	25.3935	 0.72	 0.03	193.38	 3.28	10.18	 0.94	10.33	 1.75	335.62	279.77	285.42	263.86	283.33	0	52.77
2005	1	26	9.658	3678.4023	25.4024	25.4024	 0.64	 0.04	202.68	 5.00	 9.21	 0.98	10.32	 1.68	335.62	279.80	284.30	263.62	283.38	0	52.72
2005	1	26	9.870	3678.4111	25.4112	25.4112	 0.69	 0.03	199.69	 3.37	 5.10	 0.98	10.32	 1.75	335.62	279.77	285.35	263.13	283.40	0	52.63
2005	1	26	10.081	3678.4202	25.4200	25.4200	 0.59	 0.03	208.31	 4.55	 6.64	 0.98	10.33	 1.70	335.63	279.78	284.88	263.31	283.37	0	52.66
2005	1	26	10.294	3678.4290	25.4289	25.4289	 0.77	 0.04	191.86	 3.03	28.62	 0.62	10.32	 1.80	335.62	279.98	285.05	264.26	283.42	0	52.85
2005	1	26	10.506	3678.4377	25.4378	25.4378	 0.68	 0.04	192.06	 4.01	15.38	 0.91	10.33	 1.67	335.61	280.34	283.50	265.34	283.76	0	53.07
2005	1	26	10.719	3678.4465	25.4466	25.4466	 0.81	 0.03	200.69	 2.59	 7.97	 0.95	10.33	 1.84	335.61	280.80	285.13	266.46	284.23	0	53.29
2005	1	26	10.932	3678.4556	25.4555	25.4555	 0.81	 0.03	198.90	 2.50	15.58	 0.78	10.33	 1.86	335.60	281.29	285.99	267.46	284.79	0	53.49
2005	1	26	11.144	3678.4644	25.4643	25.4643	 0.70	 0.04	197.48	 3.94	14.70	 0.93	10.33	 1.75	335.60	281.84	284.15	267.91	286.04	0	53.58
2005	1	26	11.356	3678.4731	25.4732	25.4732	 0.53	 0.02	205.70	 3.84	14.42	 0.68	10.33	 1.62	335.59	282.45	281.44	269.53	286.68	0	53.91
2005	1	26	11.569	3678.4819	25.4820	25.4820	 0.76	 0.04	200.25	 3.24	 3.69	 1.00	10.33	 1.80	335.58	283.15	284.64	270.83	286.77	0	54.17
2005	1	26	11.782	3678.4910	25.4909	25.4909	 0.80	 0.05	198.48	 3.72	 4.96	 1.00	10.33	 1.70	335.59	283.91	283.58	272.16	287.60	0	54.43
2005	1	26	11.995	3678.4998	25.4998	25.4998	 0.80	 0.03	201.10	 2.45	 5.45	 0.97	10.33	 1.72	335.59	284.69	282.94	273.29	288.43	0	54.66
2005	1	26	12.207	3678.5085	25.5086	25.5086	 0.85	 0.04	206.41	 2.99	10.37	 0.96	10.33	 1.84	335.62	285.54	287.10	274.20	289.34	0	54.84
2005	1	26	12.420	3678.5176	25.5175	25.5175	 0.80	 0.03	209.33	 2.42	 6.54	 0.95	10.33	 1.78	335.63	286.43	286.45	275.32	291.04	0	55.06
2005	1	26	12.632	3678.5264	25.5263	25.5263	 1.02	 0.04	199.96	 2.18	 5.21	 0.99	10.33	 1.73	335.64	287.32	286.80	276.24	291.26	0	55.25
2005	1	26	12.845	3678.5352	25.5352	25.5352	 0.91	 0.03	208.44	 2.34	 3.06	 0.99	10.33	 1.74	335.63	288.23	288.01	277.11	292.28	0	55.42
2005	1	26	13.058	3678.5442	25.5441	25.5441	 0.91	 0.03	208.91	 2.34	 3.86	 0.99	10.33	 1.76	335.61	289.22	287.56	278.60	293.31	0	55.72
2005	1	26	13.291	3678.5537	25.5538	25.5538	 1.12	 0.05	207.18	 2.22	 3.34	 1.00	10.37	 1.74	335.58	290.35	290.29	279.47	294.38	0	55.89
2005	1	26	13.503	3678.5627	25.5626	25.5626	 0.55	 0.04	201.77	 6.16	23.85	 0.87	10.33	 1.72	335.65	291.43	290.04	280.54	295.65	0	56.11
2005	1	26	13.717	3678.5715	25.5715	25.5715	 0.47	 0.03	212.20	 6.54	23.14	 0.77	10.33	 1.74	335.70	292.51	291.93	280.79	296.78	0	56.16
2005	1	26	13.928	3678.5803	25.5803	25.5803	 0.58	 0.03	208.82	 4.78	 5.08	 0.99	10.33	 1.82	335.71	293.54	293.78	280.85	297.95	0	56.17
2005	1	26	14.142	3678.5894	25.5892	25.5892	 0.43	 0.06	236.09	15.73	12.82	 1.00	10.33	 1.67	335.73	294.53	294.73	281.13	299.01	0	56.23
2005	1	26	14.353	3678.5981	25.5981	25.5981	 0.46	 0.05	230.96	12.77	137.79	 0.49	10.33	 1.63	335.77	295.46	295.17	281.45	299.98	0	56.29
2005	1	26	14.565	3678.6069	25.6069	25.6069	 0.79	 0.08	199.67	 6.40	27.41	 0.98	10.33	 1.71	335.78	296.34	297.76	281.47	301.34	0	56.29
2005	1	26	14.778	3678.6157	25.6157	25.6157	 0.70	 0.06	203.84	 6.49	31.06	 0.96	10.33	 1.68	335.78	297.16	297.55	281.86	301.72	0	56.37
2005	1	26	14.992	3678.6248	25.6247	25.6247	 0.55	 0.05	223.63	 8.55	17.40	 0.98	10.35	 1.59	335.78	297.99	297.67	282.61	302.54	0	56.52
2005	1	26	15.206	3678.6335	25.6336	25.6336	 0.61	 0.07	215.40	10.32	38.52	 0.98	10.32	 1.58	335.74	298.76	299.58	283.27	303.30	0	56.65
2005	1	26	15.419	3678.6423	25.6425	25.6425	 0.64	 0.08	218.88	10.68	11.75	 1.00	10.33	 1.66	335.77	299.51	301.02	283.82	304.06	0	56.76
2005	1	26	15.631	3678.6514	25.6513	25.6513	 0.76	 0.06	218.71	 6.09	34.13	 0.96	10.33	 1.75	335.76	300.24	303.64	284.58	304.80	0	56.92
2005	1	26	15.845	3678.6602	25.6602	25.6602	 0.83	 0.07	207.26	 5.97	15.84	 0.99	10.38	 1.64	335.84	300.93	300.66	284.68	305.48	0	56.94
2005	1	26	16.059	3678.6692	25.6691	25.6691	 0.83	 0.06	210.94	 5.28	192.56	 0.26	10.35	 1.64	335.85	301.51	303.46	283.98	306.06	0	56.80
2005	1	26	16.273	3678.6780	25.6780	25.6780	 0.72	 0.09	211.51	 9.60	182.89	 0.75	10.33	 1.60	335.91	302.08	305.69	284.51	306.56	0	56.90
2005	1	26	16.488	3678.6870	25.6870	25.6870	 1.01	 0.11	203.29	 5.76	 5.15	 1.00	10.48	 1.69	336.01	302.55	305.37	285.09	307.08	0	57.02
2005	1	26	17.565	3678.7319	25.7319	25.7319	 0.73	 0.08	223.25	 8.62	70.20	 0.94	10.33	 1.59	336.20	304.12	309.30	287.52	306.86	0	57.50
2005	1	26	20.391	3678.8496	25.8496	25.8496	 2.81	 0.53	217.36	 2.88	 3.19	 1.00	10.37	 1.99	335.98	302.39	316.40	283.79	308.18	0	56.76
2005	1	26	20.605	3678.8586	25.8586	25.8586	 2.04	 0.23	223.92	 3.06	15.66	 1.00	10.52	 2.25	335.94	301.53	311.29	283.33	 0.00	0	56.67
2005	1	26	22.110	3678.9211	25.9212	25.9212	 2.00	 0.81	214.50	10.82	266.50	 0.99	10.37	 1.78	335.82	297.63	314.81	277.52	303.35	0	55.50
2005	1	26	22.749	3678.9480	25.9479	25.9479	 2.51	 0.66	228.16	 5.23	38.91	 1.00	10.32	 2.13	335.82	295.57	313.77	275.84	301.02	0	55.17
2005	1	26	22.961	3678.9568	25.9567	25.9567	 4.71	 5.56	213.25	 4.09	 8.75	 1.00	10.33	 1.95	335.79	294.94	304.56	274.95	300.31	0	54.99
2005	1	26	23.174	3678.9656	25.9656	25.9656	 2.64	 0.59	214.71	 3.78	 4.32	 1.00	10.33	 1.78	335.77	294.25	307.49	273.40	299.59	0	54.68
2005	1	26	23.600	3678.9834	25.9833	25.9833	 2.29	 0.47	201.24	 4.18	 8.77	 1.00	10.33	 1.57	335.75	292.85	299.80	270.97	298.02	0	54.19
2005	1	26	23.813	3678.9922	25.9922	25.9922	 2.01	 0.57	214.25	 7.56	102.28	 0.99	10.33	 1.95	335.75	292.11	302.67	270.06	297.14	0	54.01
2005	1	27	1.089	3679.0454	26.0454	26.0454	 1.65	 0.13	211.79	 2.77	 4.14	 1.00	10.33	 1.82	335.65	288.51	298.57	267.66	293.61	0	53.53
2005	1	27	1.302	3679.0542	26.0543	26.0543	 1.66	 0.10	209.55	 2.04	13.92	 0.97	10.33	 1.92	335.63	288.01	297.32	267.53	292.58	0	53.51
2005	1	27	1.726	3679.0718	26.0719	26.0719	 1.06	 0.04	207.23	 2.19	 3.20	 1.00	10.33	 1.80	335.59	287.07	295.75	266.65	291.54	0	53.33
2005	1	27	2.151	3679.0896	26.0896	26.0896	 0.89	 0.04	204.99	 2.45	 1.40	 1.00	10.33	 1.66	335.58	286.20	294.29	266.96	290.61	0	53.39
2005	1	27	2.364	3679.0984	26.0985	26.0985	 0.88	 0.04	206.99	 2.87	 3.82	 1.00	10.32	 1.70	335.58	285.84	293.20	267.44	290.20	0	53.49
2005	1	27	2.575	3679.1074	26.1073	26.1073	 0.88	 0.03	205.45	 1.98	 3.36	 0.98	10.32	 1.76	335.57	285.56	292.69	268.12	289.86	0	53.62
2005	1	27	2.787	3679.1162	26.1161	26.1161	 0.84	 0.04	204.78	 2.72	 5.34	 0.99	10.33	 1.75	335.56	285.33	293.01	268.39	289.63	0	53.68
2005	1	27	3.000	3679.1250	26.1250	26.1250	 0.88	 0.04	208.88	 3.15	 8.87	 0.98	10.32	 1.81	335.56	285.06	293.21	267.78	289.39	0	53.56
2005	1	27	3.213	3679.1338	26.1339	26.1339	 0.95	 0.04	206.07	 2.18	 6.99	 0.96	10.33	 1.89	335.54	284.82	293.27	267.46	289.11	0	53.49
2005	1	27	3.426	3679.1428	26.1428	26.1428	 0.93	 0.05	205.12	 3.21	 6.14	 0.99	10.33	 1.83	335.55	284.58	293.39	267.21	288.97	0	53.44
2005	1	27	3.638	3679.1516	26.1516	26.1516	 0.85	 0.04	200.42	 3.12	 4.80	 0.99	10.33	 1.69	335.53	284.31	290.57	266.96	288.56	0	53.39
2005	1	27	3.849	3679.1604	26.1604	26.1604	 1.03	 0.03	206.98	 1.76	11.78	 0.82	10.33	 1.92	335.52	284.09	295.04	267.03	288.22	0	53.41
2005	1	27	4.063	3679.1692	26.1693	26.1693	 0.95	 0.04	203.01	 2.31	 7.54	 0.97	10.33	 1.76	335.51	283.92	290.17	267.76	288.06	0	53.55
2005	1	27	4.274	3679.1782	26.1781	26.1781	 0.98	 0.03	206.97	 1.95	 8.25	 0.92	10.33	 1.86	335.49	283.81	290.41	267.88	287.95	0	53.58
2005	1	27	4.486	3679.1870	26.1869	26.1869	 0.89	 0.03	204.47	 2.03	 6.90	 0.93	10.33	 1.74	335.50	283.70	289.04	267.34	287.88	0	53.47
2005	1	27	4.699	3679.1958	26.1958	26.1958	 0.96	 0.03	203.78	 2.01	 6.21	 0.96	10.33	 1.71	335.49	283.56	290.74	266.63	287.73	0	53.33
2005	1	27	4.911	3679.2046	26.2046	26.2046	 0.92	 0.03	203.61	 2.11	13.24	 0.83	10.32	 1.76	335.46	283.36	290.42	266.04	287.52	0	53.21
2005	1	27	5.122	3679.2134	26.2134	26.2134	 0.95	 0.04	204.71	 2.70	 5.59	 0.99	10.32	 1.76	335.45	283.19	290.84	266.02	287.30	0	53.20
2005	1	27	5.336	3679.2224	26.2223	26.2223	 0.96	 0.04	203.13	 2.36	 2.37	 1.00	10.33	 1.77	335.45	283.01	290.04	266.05	287.12	0	53.21
2005	1	27	5.549	3679.2312	26.2312	26.2312	 0.92	 0.04	202.97	 2.70	 2.45	 1.00	10.33	 1.77	335.43	282.82	290.09	265.70	286.89	0	53.14
2005	1	27	5.761	3679.2400	26.2400	26.2400	 0.90	 0.03	201.60	 2.15	10.68	 0.88	10.33	 1.72	335.44	282.64	289.39	265.66	286.68	0	53.13
2005	1	27	5.974	3679.2490	26.2489	26.2489	 0.91	 0.03	205.16	 2.04	 3.14	 0.99	10.33	 1.78	335.43	282.47	290.33	265.71	286.50	0	53.14
2005	1	27	6.187	3679.2578	26.2578	26.2578	 0.94	 0.04	201.21	 2.40	 6.47	 0.98	10.33	 1.71	335.43	282.32	288.55	265.39	286.32	0	53.08
2005	1	27	6.400	3679.2666	26.2667	26.2667	 1.01	 0.03	201.17	 1.75	14.20	 0.73	10.33	 1.77	335.41	282.15	289.09	264.95	286.14	0	52.99
2005	1	27	6.613	3679.2756	26.2756	26.2756	 0.93	 0.04	202.35	 2.48	14.56	 0.89	10.33	 1.72	335.38	281.97	287.80	264.69	285.89	0	52.94
2005	1	27	6.825	3679.2844	26.2844	26.2844	 0.86	 0.03	203.75	 2.58	 3.49	 0.99	10.33	 1.71	335.40	281.80	286.63	264.61	285.70	0	52.92
2005	1	27	7.038	3679.2932	26.2932	26.2932	 1.05	 0.04	205.45	 1.89	 5.35	 0.97	10.33	 1.82	335.46	281.64	289.34	264.73	285.51	0	52.95
2005	1	27	7.249	3679.3020	26.3021	26.3021	 1.02	 0.04	205.49	 2.04	 5.73	 0.98	10.33	 1.79	335.46	281.52	288.43	264.75	285.36	0	52.95
2005	1	27	7.463	3679.3110	26.3109	26.3109	 0.97	 0.03	201.46	 1.87	 5.77	 0.96	10.32	 1.69	335.47	281.39	286.29	264.55	285.07	0	52.91
2005	1	27	7.676	3679.3198	26.3198	26.3198	 0.98	 0.03	203.60	 1.43	 5.37	 0.89	10.32	 1.70	335.46	281.28	286.31	264.49	285.06	0	52.90
2005	1	27	7.887	3679.3286	26.3286	26.3286	 1.03	 0.04	200.24	 2.23	 9.82	 0.95	10.32	 1.76	335.42	281.14	288.28	264.23	284.95	0	52.85
2005	1	27	8.101	3679.3374	26.3375	26.3375	 0.89	 0.03	204.29	 1.99	 7.95	 0.90	10.33	 1.74	335.41	281.04	287.64	264.42	284.81	0	52.88
2005	1	27	8.314	3679.3464	26.3464	26.3464	 0.92	 0.03	202.45	 1.78	11.80	 0.74	10.33	 1.77	335.41	280.94	288.39	264.40	284.70	0	52.88
2005	1	27	8.527	3679.3552	26.3553	26.3553	 0.91	 0.03	201.50	 2.21	 3.34	 0.99	10.33	 1.73	335.47	280.81	288.10	263.66	284.56	0	52.73
2005	1	27	8.740	3679.3643	26.3642	26.3642	 0.90	 0.03	203.17	 2.34	 7.51	 0.96	10.33	 1.77	335.45	280.65	286.96	263.02	284.19	0	52.60
2005	1	27	8.952	3679.3730	26.3730	26.3730	 0.86	 0.04	204.32	 3.10	13.60	 0.94	10.33	 1.76	335.42	280.49	287.25	263.29	284.16	0	52.66
2005	1	27	9.165	3679.3818	26.3819	26.3819	 0.85	 0.04	206.18	 2.68	 2.09	 1.00	10.33	 1.77	335.41	280.37	286.51	263.68	284.01	0	52.74
2005	1	27	9.377	3679.3906	26.3907	26.3907	 0.84	 0.03	206.82	 2.37	16.91	 0.75	10.33	 1.75	335.40	280.28	286.97	263.70	283.92	0	52.74
2005	1	27	9.590	3679.3997	26.3996	26.3996	 0.83	 0.03	204.25	 2.36	 9.07	 0.91	10.32	 1.74	335.39	280.17	287.51	263.16	283.67	0	52.63
2005	1	27	9.801	3679.4084	26.4084	26.4084	 0.88	 0.04	196.29	 2.78	11.33	 0.95	10.32	 1.72	335.44	280.04	287.63	263.07	283.64	0	52.61
2005	1	27	10.014	3679.4172	26.4173	26.4173	 0.74	 0.04	192.52	 4.12	10.70	 0.98	10.33	 1.77	335.42	279.97	285.42	263.86	283.54	0	52.77
2005	1	27	10.227	3679.4260	26.4261	26.4261	 0.63	 0.04	194.76	 4.78	16.65	 0.92	10.32	 1.76	335.44	280.01	285.65	264.09	283.50	0	52.82
2005	1	27	10.439	3679.4351	26.4350	26.4350	 0.61	 0.04	189.51	 4.80	13.84	 0.94	10.32	 1.72	335.43	280.20	284.37	264.06	283.64	0	52.81
2005	1	27	10.652	3679.4438	26.4438	26.4438	 0.58	 0.03	193.54	 3.90	10.42	 0.89	10.32	 1.76	335.42	280.53	283.12	266.00	284.50	0	53.20
2005	1	27	10.864	3679.4526	26.4527	26.4527	 0.61	 0.03	196.54	 3.87	11.58	 0.89	10.33	 1.79	335.44	281.02	283.44	266.94	284.52	0	53.39
2005	1	27	11.077	3679.4614	26.4615	26.4615	 0.70	 0.02	195.53	 2.46	18.22	 0.50	10.32	 1.86	335.43	281.61	285.18	268.99	285.12	0	53.80
2005	1	27	11.290	3679.4705	26.4704	26.4704	 0.57	 0.03	201.03	 4.12	14.32	 0.81	10.33	 1.74	335.43	282.29	283.13	270.33	285.83	0	54.07
2005	1	27	11.503	3679.4792	26.4793	26.4793	 0.59	 0.02	198.61	 3.33	 6.41	 0.92	10.33	 1.76	335.47	283.05	282.52	271.76	286.65	0	54.35
2005	1	27	11.717	3679.4883	26.4882	26.4882	 0.63	 0.03	193.49	 3.95	 7.77	 0.97	10.33	 1.76	335.51	283.88	283.45	273.01	287.60	0	54.60
2005	1	27	11.928	3679.4971	26.4970	26.4970	 0.49	 0.04	200.14	 8.43	 8.92	 0.99	10.32	 1.69	335.51	284.70	282.06	274.01	288.51	0	54.80
2005	1	27	12.141	3679.5059	26.5059	26.5059	 0.52	 0.03	198.96	 4.83	10.34	 0.91	10.33	 1.77	335.54	285.61	286.02	275.05	289.52	0	55.01
2005	1	27	12.354	3679.5146	26.5148	26.5148	 0.53	 0.03	198.21	 5.37	 5.88	 0.98	10.33	 1.78	335.59	286.56	287.20	276.25	290.57	0	55.25
2005	1	27	12.566	3679.5237	26.5236	26.5236	 0.49	 0.03	206.29	 6.24	11.10	 0.95	10.33	 1.79	335.57	287.55	288.25	277.09	292.58	0	55.42
2005	1	27	12.778	3679.5325	26.5324	26.5324	 0.48	 0.03	210.03	 5.45	 4.79	 0.98	10.32	 1.75	335.60	288.55	289.15	277.43	292.78	0	55.49
2005	1	27	13.009	3679.5420	26.5421	26.5421	 0.44	 0.03	215.82	 6.36	 5.92	 0.97	10.35	 1.69	335.60	289.65	288.58	277.68	293.85	0	55.54
2005	1	27	13.223	3679.5510	26.5510	26.5510	 0.57	 0.03	200.07	 4.53	11.48	 0.92	10.33	 1.78	335.64	290.73	290.43	279.20	295.11	0	55.84
2005	1	27	13.437	3679.5598	26.5599	26.5599	 0.72	 0.03	186.72	 3.27	11.52	 0.92	10.33	 1.77	335.67	291.83	291.72	279.94	296.36	0	55.99
2005	1	27	13.649	3679.5688	26.5687	26.5687	 0.58	 0.03	197.61	 3.69	47.46	 0.13	10.33	 1.74	335.74	292.91	292.12	280.35	297.50	0	56.07
2005	1	27	13.861	3679.5776	26.5775	26.5775	 0.63	 0.03	199.86	 3.69	27.94	 0.55	10.33	 1.83	335.82	294.00	294.94	280.74	298.65	0	56.15
2005	1	27	14.074	3679.5864	26.5864	26.5864	 0.55	 0.03	199.89	 4.91	20.06	 0.79	10.33	 1.65	335.79	295.09	293.77	281.32	300.26	0	56.26
2005	1	27	14.288	3679.5955	26.5953	26.5953	 0.74	 0.02	201.00	 2.27	33.23	 0.15	10.33	 1.68	335.75	296.20	294.76	282.93	300.88	0	56.59
2005	1	27	14.502	3679.6042	26.6042	26.6042	 0.84	 0.03	205.38	 2.46	10.14	 0.91	10.33	 1.64	335.77	297.27	295.18	284.13	302.01	0	56.83
2005	1	27	14.715	3679.6130	26.6131	26.6131	 1.24	 0.06	194.18	 1.98	 8.61	 0.97	10.37	 1.58	335.82	298.23	296.85	283.28	303.02	0	56.66
2005	1	27	14.929	3679.6221	26.6220	26.6220	 1.88	 0.15	195.79	 2.15	39.65	 0.82	10.35	 1.78	335.88	299.10	303.05	281.95	303.89	0	56.39
2005	1	27	15.142	3679.6309	26.6309	26.6309	 1.07	 0.06	200.16	 2.70	24.94	 0.87	10.32	 1.66	335.90	299.89	301.70	282.17	304.62	0	56.43
2005	1	27	15.356	3679.6399	26.6398	26.6398	 1.39	 0.07	201.22	 1.85	20.97	 0.83	10.33	 1.72	335.85	300.69	302.95	283.27	305.36	0	56.65
2005	1	27	15.568	3679.6487	26.6486	26.6486	 1.03	 0.07	198.62	 3.76	28.08	 0.95	10.32	 1.55	335.88	301.47	304.67	284.60	306.11	0	56.92
2005	1	27	15.779	3679.6575	26.6575	26.6575	 1.11	 0.05	200.73	 2.39	14.97	 0.93	10.33	 1.69	335.94	302.25	304.81	286.53	306.81	0	57.31
2005	1	27	15.993	3679.6663	26.6664	26.6664	 1.14	 0.07	204.77	 3.02	14.26	 0.98	10.37	 1.63	335.97	303.04	307.63	287.97	307.62	0	57.59
2005	1	27	16.206	3679.6753	26.6753	26.6753	 1.25	 0.07	212.35	 2.52	21.50	 0.93	10.33	 1.78	335.98	303.73	307.78	288.59	308.41	0	57.72
2005	1	27	16.420	3679.6841	26.6842	26.6842	 1.16	 0.07	211.77	 3.00	61.73	 0.67	10.37	 1.64	335.99	304.33	308.29	288.75	309.16	0	57.75
2005	1	27	16.633	3679.6931	26.6931	26.6931	 1.18	 0.09	204.45	 3.54	16.18	 0.99	10.42	 1.53	335.99	304.80	307.50	289.39	309.66	0	57.88
2005	1	27	16.846	3679.7019	26.7019	26.7019	 1.26	 0.10	206.67	 3.43	15.64	 0.99	10.37	 1.69	336.03	305.23	307.94	289.98	310.14	0	58.00
2005	1	27	17.274	3679.7197	26.7197	26.7197	 1.64	 0.14	203.48	 2.77	 6.24	 1.00	10.32	 1.62	335.98	305.94	313.51	289.34	311.01	0	57.87
2005	1	27	17.701	3679.7375	26.7376	26.7376	 1.48	 0.15	203.49	 3.81	28.81	 0.99	10.30	 1.65	336.02	306.44	309.85	289.52	310.10	0	57.90
2005	1	27	17.916	3679.7466	26.7465	26.7465	 1.47	 0.21	199.20	 5.31	 5.84	 1.00	10.33	 1.44	335.99	306.62	312.74	289.67	311.78	0	57.93
2005	1	27	18.342	3679.7642	26.7643	26.7643	 1.46	 0.09	211.17	 2.51	 6.59	 1.00	10.38	 1.68	336.03	306.79	314.64	290.95	313.23	0	58.19
2005	1	27	18.772	3679.7822	26.7822	26.7822	 1.42	 0.20	203.20	 5.53	16.25	 1.00	10.48	 1.65	336.02	306.76	313.66	288.69	312.25	0	57.74
2005	1	27	18.991	3679.7913	26.7913	26.7913	 1.30	 0.10	203.42	 3.19	 7.00	 1.00	10.37	 1.55	336.07	306.60	314.99	289.30	310.88	0	57.86
2005	1	27	19.206	3679.8003	26.8003	26.8003	 1.27	 0.13	208.81	 4.49	22.31	 0.99	10.45	 1.63	336.08	306.22	313.99	289.54	312.05	0	57.91
2005	1	27	19.639	3679.8184	26.8183	26.8183	 1.33	 0.12	211.68	 4.00	10.23	 1.00	10.32	 1.77	335.97	305.67	314.30	289.41	311.64	0	57.88
2005	1	27	19.853	3679.8271	26.8272	26.8272	 1.28	 0.09	211.73	 3.09	 6.68	 1.00	10.35	 1.72	336.02	305.38	314.45	289.30	311.41	0	57.86
2005	1	27	20.494	3679.8540	26.8539	26.8539	 1.30	 0.10	210.27	 3.36	29.84	 0.96	10.32	 1.80	335.97	304.10	313.55	287.24	311.16	0	57.45
2005	1	27	20.926	3679.8718	26.8719	26.8719	 1.76	 0.13	227.05	 2.52	12.82	 0.99	10.33	 2.29	335.91	302.93	319.80	286.00	309.21	0	57.20
2005	1	27	22.425	3679.9343	26.9344	26.9344	 2.43	 0.34	219.73	 2.80	 6.83	 1.00	10.32	 2.12	335.77	298.06	312.96	 0.00	304.06	0	54.00
2005	1	27	22.636	3679.9431	26.9432	26.9432	 2.53	 0.58	203.68	 4.02	 6.37	 1.00	10.35	 1.75	335.77	297.38	311.44	279.13	303.30	0	55.83
2005	1	27	22.848	3679.9519	26.9520	26.9520	 1.94	 0.30	208.53	 4.16	 6.98	 1.00	10.33	 1.74	335.76	296.68	308.41	277.59	303.14	0	55.52
2005	1	27	23.060	3679.9609	26.9608	26.9608	 1.69	 0.19	217.72	 3.83	12.03	 1.00	10.33	 1.92	335.73	295.96	311.50	276.69	301.77	0	55.34
2005	1	27	23.274	3679.9697	26.9697	26.9697	 2.20	 0.23	216.35	 2.38	18.95	 0.98	10.37	 2.01	335.73	295.20	309.80	274.37	300.92	0	54.87
2005	1	28	0.124	3680.0051	27.0052	27.0052	 1.69	 0.16	214.34	 3.11	13.17	 1.00	10.33	 1.86	335.71	292.12	304.60	270.23	297.35	0	54.05
2005	1	28	0.337	3680.0139	27.0140	27.0140	 1.74	 0.18	210.99	 3.26	12.23	 1.00	10.33	 1.93	335.70	291.40	303.47	269.71	296.31	0	53.94
2005	1	28	0.548	3680.0229	27.0228	27.0228	 1.59	 0.16	203.64	 3.37	10.75	 1.00	10.33	 1.71	335.68	290.73	299.39	269.20	295.71	0	53.84
2005	1	28	0.973	3680.0405	27.0406	27.0406	 1.32	 0.03	206.01	 0.96	 1.23	 0.99	10.33	 1.89	335.64	289.44	298.64	268.07	294.32	0	53.61
2005	1	28	1.398	3680.0583	27.0583	27.0583	 1.09	 0.06	200.01	 2.74	 4.81	 1.00	10.33	 1.73	335.58	288.27	296.11	267.76	292.93	0	53.55
2005	1	28	1.610	3680.0671	27.0671	27.0671	 1.04	 0.04	205.08	 2.26	11.21	 0.94	10.33	 1.85	335.59	287.76	297.63	268.08	292.41	0	53.62
2005	1	28	1.823	3680.0759	27.0760	27.0760	 1.01	 0.09	198.13	 4.97	12.37	 1.00	10.32	 1.80	335.58	287.28	295.63	267.61	291.92	0	53.52
2005	1	28	2.036	3680.0850	27.0849	27.0849	 0.90	 0.03	190.87	 1.85	 4.48	 0.96	10.32	 1.75	335.55	286.84	295.84	267.63	291.38	0	53.53
2005	1	28	2.250	3680.0937	27.0937	27.0937	 0.87	 0.04	183.99	 2.79	24.07	 0.77	10.32	 1.79	335.56	286.44	295.07	267.88	290.94	0	53.58
2005	1	28	2.463	3680.1025	27.1026	27.1026	 0.66	 0.04	180.05	 4.37	 7.02	 0.99	10.32	 1.77	335.53	286.01	294.20	267.63	290.51	0	53.53
2005	1	28	2.677	3680.1116	27.1115	27.1115	 0.57	 0.08	186.60	11.75	37.21	 0.98	10.33	 1.66	335.55	285.57	293.78	266.26	290.06	0	53.25
2005	1	28	2.888	3680.1204	27.1203	27.1203	 0.62	 0.03	183.85	 3.88	21.37	 0.70	10.33	 1.77	335.52	285.13	294.80	265.33	289.56	0	53.07
2005	1	28	3.101	3680.1292	27.1292	27.1292	 0.74	 0.03	177.57	 2.49	 5.95	 0.94	10.33	 1.88	335.49	284.79	295.96	266.24	289.11	0	53.25
2005	1	28	3.313	3680.1379	27.1380	27.1380	 0.46	 0.03	188.57	 6.13	11.49	 0.90	10.33	 1.69	335.49	284.51	290.93	266.89	288.79	0	53.38
2005	1	28	3.524	3680.1470	27.1469	27.1469	 0.51	 0.04	187.30	 6.55	 8.95	 0.98	10.33	 1.75	335.50	284.29	291.04	267.42	288.52	0	53.48
2005	1	28	3.738	3680.1558	27.1557	27.1557	 0.59	 0.04	189.66	 5.44	10.02	 0.98	10.33	 1.84	335.46	284.08	291.21	267.34	288.31	0	53.47
2005	1	28	3.949	3680.1646	27.1646	27.1646	 0.77	 0.06	184.85	 5.04	13.56	 0.99	10.33	 1.88	335.45	283.81	293.49	266.30	288.14	0	53.26
2005	1	28	4.162	3680.1733	27.1734	27.1734	 0.56	 0.04	199.28	 6.04	11.97	 0.97	10.32	 1.77	335.51	283.58	291.39	265.97	287.78	0	53.19
2005	1	28	4.374	3680.1824	27.1823	27.1823	 0.71	 0.04	190.87	 4.18	11.56	 0.97	10.32	 1.80	335.54	283.35	290.58	265.99	287.56	0	53.20
2005	1	28	4.587	3680.1912	27.1911	27.1911	 0.60	 0.03	185.92	 4.14	10.92	 0.92	10.33	 1.67	335.51	283.11	289.42	265.60	287.28	0	53.12
2005	1	28	4.801	3680.2000	27.2000	27.2000	 0.57	 0.04	193.57	 5.21	16.77	 0.90	10.33	 1.71	335.46	282.89	290.91	265.61	286.86	0	53.12
2005	1	28	5.012	3680.2087	27.2088	27.2088	 0.65	 0.04	185.93	 4.02	10.85	 0.95	10.33	 1.76	335.46	282.69	289.46	265.46	286.80	0	53.09
2005	1	28	5.224	3680.2178	27.2177	27.2177	 0.62	 0.03	190.94	 4.19	 7.14	 0.98	10.33	 1.77	335.46	282.49	289.61	265.25	286.58	0	53.05
2005	1	28	5.437	3680.2266	27.2265	27.2265	 0.63	 0.03	185.32	 3.29	14.77	 0.75	10.32	 1.73	335.43	282.33	288.59	265.24	286.36	0	53.05
2005	1	28	5.650	3680.2354	27.2354	27.2354	 0.60	 0.03	192.04	 4.48	 9.11	 0.96	10.32	 1.74	335.41	282.17	290.11	265.04	286.18	0	53.01
2005	1	28	5.862	3680.2441	27.2442	27.2442	 0.66	 0.03	183.59	 3.75	11.91	 0.92	10.32	 1.74	335.44	282.01	289.66	264.96	286.01	0	52.99
2005	1	28	6.073	3680.2532	27.2531	27.2531	 0.59	 0.04	185.15	 4.83	15.26	 0.90	10.33	 1.74	335.41	281.86	289.05	265.15	285.86	0	53.03
2005	1	28	6.287	3680.2620	27.2619	27.2619	 0.52	 0.03	190.06	 4.78	15.75	 0.78	10.33	 1.70	335.41	281.75	288.25	265.36	285.69	0	53.07
2005	1	28	6.500	3680.2708	27.2708	27.2708	 0.56	 0.03	186.24	 3.75	 9.40	 0.87	10.33	 1.72	335.43	281.63	288.35	265.42	285.57	0	53.08
2005	1	28	6.712	3680.2795	27.2797	27.2797	 0.55	 0.04	188.57	 5.47	 6.27	 0.99	10.33	 1.72	335.45	281.52	286.85	265.37	285.45	0	53.07
2005	1	28	6.923	3680.2886	27.2885	27.2885	 0.66	 0.04	190.67	 4.03	 6.13	 0.99	10.32	 1.81	335.49	281.40	289.48	264.91	285.30	0	52.98
2005	1	28	7.135	3680.2974	27.2973	27.2973	 0.60	 0.03	189.55	 3.73	 9.32	 0.91	10.33	 1.75	335.48	281.26	287.32	264.77	285.16	0	52.95
2005	1	28	7.346	3680.3062	27.3061	27.3061	 0.60	 0.04	183.39	 5.25	 8.18	 0.99	10.33	 1.72	335.46	281.13	286.21	264.57	284.99	0	52.91
2005	1	28	7.558	3680.3149	27.3149	27.3149	 0.65	 0.04	184.07	 4.10	11.34	 0.94	10.33	 1.80	335.46	281.02	287.27	264.57	284.85	0	52.91
2005	1	28	7.771	3680.3237	27.3238	27.3238	 0.53	 0.04	190.86	 6.02	 5.59	 0.99	10.32	 1.68	335.45	280.92	287.07	264.30	284.72	0	52.86
2005	1	28	7.983	3680.3325	27.3326	27.3326	 0.65	 0.04	182.00	 4.57	 6.13	 0.99	10.32	 1.77	335.46	280.85	288.13	263.94	285.11	0	52.79
2005	1	28	8.196	3680.3416	27.3415	27.3415	 0.61	 0.04	184.09	 5.08	 7.24	 0.99	10.33	 1.75	335.47	280.78	287.33	264.39	284.51	0	52.88
2005	1	28	8.409	3680.3503	27.3504	27.3504	 0.66	 0.04	174.11	 4.49	20.58	 0.88	10.33	 1.75	335.40	280.69	286.98	263.95	284.43	0	52.79
2005	1	28	8.622	3680.3594	27.3593	27.3593	 0.60	 0.05	176.76	 5.54	23.76	 0.89	10.33	 1.75	335.37	280.59	288.70	263.41	284.31	0	52.68
2005	1	28	8.835	3680.3682	27.3681	27.3681	 0.54	 0.04	179.01	 5.34	16.01	 0.89	10.33	 1.72	335.39	280.47	287.26	263.06	284.17	0	52.61
2005	1	28	9.048	3680.3770	27.3770	27.3770	 0.60	 0.05	176.81	 5.63	19.15	 0.93	10.33	 1.79	335.40	280.38	287.44	263.07	283.91	0	52.61
2005	1	28	9.261	3680.3860	27.3859	27.3859	 0.62	 0.03	178.24	 3.24	11.96	 0.80	10.32	 1.82	335.39	280.34	288.42	263.46	283.85	0	52.69
2005	1	28	9.473	3680.3948	27.3947	27.3947	 0.51	 0.04	186.24	 6.93	25.17	 0.85	10.33	 1.74	335.39	280.35	286.37	264.05	284.00	0	52.81
2005	1	28	9.686	3680.4036	27.4036	27.4036	 0.57	 0.04	175.14	 5.46	21.75	 0.87	10.33	 1.74	335.37	280.42	286.12	264.71	284.02	0	52.94
2005	1	28	9.898	3680.4124	27.4124	27.4124	 0.59	 0.06	181.79	 7.40	 7.98	 1.00	10.33	 1.84	335.37	280.49	286.80	265.13	284.15	0	53.03
2005	1	28	10.111	3680.4214	27.4213	27.4213	 0.55	 0.03	178.00	 4.84	11.05	 0.92	10.33	 1.77	335.38	280.54	286.07	264.80	284.20	0	52.96
2005	1	28	10.324	3680.4302	27.4302	27.4302	 0.53	 0.03	176.59	 5.34	13.83	 0.90	10.33	 1.74	335.39	280.66	285.37	264.78	284.21	0	52.96
2005	1	28	10.537	3680.4390	27.4391	27.4391	 0.47	 0.04	186.57	 7.22	12.73	 0.95	10.33	 1.73	335.38	280.95	284.80	265.69	284.43	0	53.14
2005	1	28	10.751	3680.4480	27.4479	27.4479	 0.55	 0.03	182.27	 4.70	14.43	 0.85	10.33	 1.80	335.39	281.36	286.67	266.63	284.90	0	53.33
2005	1	28	10.962	3680.4568	27.4568	27.4568	 0.51	 0.03	180.75	 5.45	 4.83	 0.99	10.33	 1.73	335.43	281.89	285.18	267.67	285.49	0	53.53
2005	1	28	11.175	3680.4656	27.4656	27.4656	 0.48	 0.03	188.70	 5.54	 3.48	 0.99	10.33	 1.75	335.43	282.51	285.70	269.10	286.14	0	53.82
2005	1	28	11.388	3680.4746	27.4745	27.4745	 0.43	 0.03	198.20	 7.98	 4.35	 0.99	10.33	 1.72	335.43	283.19	284.23	270.83	286.85	0	54.17
2005	1	28	11.602	3680.4834	27.4834	27.4834	 0.49	 0.04	189.16	 7.50	 2.00	 1.00	10.33	 1.74	335.43	283.95	285.49	272.65	288.42	0	54.53
2005	1	28	11.814	3680.4922	27.4923	27.4923	 0.51	 0.02	189.67	 4.28	 2.33	 0.99	10.33	 1.76	335.45	284.76	286.81	274.17	288.58	0	54.83
2005	1	28	12.026	3680.5010	27.5011	27.5011	 0.52	 0.04	187.13	 6.22	 1.79	 1.00	10.33	 1.82	335.51	285.61	285.80	275.35	289.53	0	55.07
2005	1	28	12.239	3680.5100	27.5100	27.5100	 0.51	 0.03	192.67	 4.64	 7.60	 0.93	10.33	 1.77	335.55	286.52	286.33	276.30	290.49	0	55.26
2005	1	28	12.452	3680.5188	27.5188	27.5188	 0.52	 0.02	197.60	 4.37	 2.31	 0.99	10.33	 1.80	335.57	287.41	288.01	276.95	291.46	0	55.39
2005	1	28	12.690	3680.5288	27.5287	27.5287	 0.47	 0.03	212.27	 6.21	 8.50	 0.96	10.35	 1.81	335.58	288.39	289.06	277.49	292.44	0	55.50
2005	1	28	12.902	3680.5376	27.5376	27.5376	 0.53	 0.03	204.04	 5.16	 7.50	 0.97	10.33	 1.78	335.60	289.28	289.53	278.06	293.37	0	55.61
2005	1	28	13.115	3680.5464	27.5465	27.5465	 0.48	 0.04	213.59	 7.74	25.60	 0.86	10.33	 1.75	335.60	290.18	289.98	279.07	294.33	0	55.81
2005	1	28	13.326	3680.5552	27.5553	27.5553	 0.55	 0.02	203.03	 4.01	 9.13	 0.89	10.32	 1.81	335.60	291.11	290.49	279.51	295.32	0	55.90
2005	1	28	13.539	3680.5642	27.5641	27.5641	 0.55	 0.04	207.31	 6.21	15.42	 0.95	10.33	 1.78	335.63	292.08	292.01	280.45	296.31	0	56.09
2005	1	28	13.751	3680.5730	27.5730	27.5730	 0.47	 0.04	224.13	 8.60	33.71	 0.81	10.32	 1.72	335.68	293.10	291.73	281.85	297.31	0	56.37
2005	1	28	13.963	3680.5818	27.5818	27.5818	 0.49	 0.02	226.08	 4.18	11.48	 0.74	10.32	 1.72	335.74	294.18	293.81	283.70	298.48	0	56.74
2005	1	28	14.176	3680.5906	27.5906	27.5906	 0.64	 0.03	211.18	 3.42	17.33	 0.74	10.33	 1.66	335.72	295.35	295.55	285.36	299.75	0	57.07
2005	1	28	14.387	3680.5994	27.5995	27.5995	 0.80	 0.04	202.27	 3.08	73.48	 0.16	10.33	 1.68	335.74	296.57	295.59	287.33	300.99	0	57.47
2005	1	28	14.601	3680.6084	27.6084	27.6084	 0.54	 0.04	207.92	 7.34	15.35	 0.97	10.33	 1.65	335.80	297.79	297.75	286.87	302.44	0	57.37
2005	1	28	14.812	3680.6172	27.6172	27.6172	 0.56	 0.02	212.06	 3.54	93.50	 0.00	10.33	 1.61	335.86	298.90	298.95	286.57	303.59	0	57.31
2005	1	28	15.025	3680.6260	27.6261	27.6261	 0.45	 0.03	247.50	 7.52	31.89	 0.68	10.32	 1.67	335.93	299.96	301.81	286.92	304.72	0	57.38
2005	1	28	15.238	3680.6350	27.6349	27.6349	 0.65	 0.04	215.22	 4.58	62.95	 0.37	10.32	 1.57	335.97	300.99	300.37	285.87	305.87	0	57.17
2005	1	28	15.452	3680.6438	27.6438	27.6438	 0.66	 0.03	218.63	 4.18	182.53	 0.00	10.33	 1.65	335.98	301.96	304.06	286.02	306.72	0	57.20
2005	1	28	15.664	3680.6526	27.6527	27.6527	 0.75	 0.04	212.20	 3.99	21.08	 0.90	10.35	 1.63	335.97	302.88	304.75	286.85	307.68	0	57.37
2005	1	28	15.876	3680.6614	27.6615	27.6615	 0.68	 0.02	222.65	 2.78	48.80	 0.08	10.33	 1.77	335.95	303.70	305.96	288.13	308.62	0	57.63
2005	1	28	16.089	3680.6704	27.6704	27.6704	 0.74	 0.04	225.13	 4.30	16.91	 0.95	10.33	 1.80	335.97	304.41	308.22	287.40	309.78	0	57.48
2005	1	28	16.301	3680.6792	27.6792	27.6792	 1.05	 0.06	212.55	 3.03	16.44	 0.96	10.33	 1.71	335.99	305.00	309.92	285.76	309.89	0	57.15
2005	1	28	16.942	3680.7058	27.7059	27.7059	 1.10	 0.08	210.84	 3.72	14.02	 0.99	10.33	 1.76	336.05	306.40	311.01	286.02	311.31	0	57.20
2005	1	28	17.369	3680.7236	27.7237	27.7237	 1.71	 0.17	204.09	 3.22	 6.51	 1.00	10.33	 1.61	336.08	306.96	311.22	289.73	311.68	0	57.95
2005	1	28	17.584	3680.7327	27.7327	27.7327	 1.91	 0.22	203.90	 3.14	 8.70	 1.00	10.32	 1.58	336.08	307.23	312.48	291.55	311.33	0	58.31
2005	1	28	17.799	3680.7417	27.7416	27.7416	 1.95	 0.24	214.25	 3.33	11.83	 1.00	10.37	 1.77	336.15	307.47	313.68	291.46	312.45	0	58.29
2005	1	28	18.230	3680.7595	27.7596	27.7596	 1.93	 0.18	208.15	 2.61	 8.15	 1.00	10.38	 1.65	336.15	307.68	314.76	291.53	312.83	0	58.31
2005	1	28	18.660	3680.7776	27.7775	27.7775	 1.78	 0.15	210.10	 2.51	14.17	 0.99	10.35	 1.67	336.16	307.67	316.92	290.27	315.76	0	58.05
2005	1	28	18.874	3680.7864	27.7864	27.7864	 1.80	 0.16	216.16	 2.72	 7.93	 1.00	10.42	 1.73	336.18	307.54	317.50	289.18	314.07	0	57.84
2005	1	28	19.091	3680.7954	27.7955	27.7955	 1.55	 0.16	200.36	 3.48	22.47	 0.99	10.40	 1.52	336.24	307.31	312.12	290.20	312.95	0	58.04
2005	1	28	19.308	3680.8044	27.8045	27.8045	 1.62	 0.18	208.36	 3.81	12.91	 1.00	10.45	 1.61	336.20	307.16	314.92	290.84	312.85	0	58.17
2005	1	28	20.593	3680.8582	27.8581	27.8581	 1.75	 0.22	212.87	 4.02	23.15	 1.00	10.33	 1.80	336.12	304.79	316.29	288.78	310.92	0	57.76
2005	1	28	22.505	3680.9377	27.9377	27.9377	 1.71	 0.24	213.28	 4.66	72.97	 0.97	10.33	 1.95	335.86	298.51	309.85	278.75	304.61	0	55.75
2005	1	28	22.718	3680.9465	27.9466	27.9466	 1.59	 0.21	194.20	 4.24	 6.07	 1.00	10.33	 1.44	335.83	297.70	304.48	278.06	303.68	0	55.61
2005	1	28	23.144	3680.9644	27.9644	27.9644	 1.61	 0.34	209.04	 7.30	12.23	 1.00	10.33	 1.64	335.81	296.20	306.98	275.47	302.04	0	55.09
2005	1	28	23.571	3680.9822	27.9821	27.9821	 2.36	 0.29	226.63	 2.66	12.28	 1.00	10.33	 2.52	335.76	294.61	308.66	272.91	300.24	0	54.58
2005	1	28	23.784	3680.9910	27.9910	27.9910	 2.11	 0.38	220.12	 4.59	48.50	 0.99	10.33	 2.09	335.76	293.85	307.19	272.11	299.38	0	54.42
2005	1	28	23.996	3680.9998	27.9998	27.9998	 2.00	 0.34	206.60	 4.44	27.11	 1.00	10.33	 1.59	335.75	293.10	304.57	271.33	298.52	0	54.27
2005	1	29	0.209	3681.0088	28.0087	28.0087	 2.28	 0.23	204.91	 2.09	 5.64	 1.00	10.32	 1.61	335.72	292.40	302.25	270.65	298.21	0	54.13
2005	1	29	0.422	3681.0176	28.0176	28.0176	 2.06	 0.25	206.77	 2.99	 5.19	 1.00	10.32	 1.63	335.69	291.70	300.28	269.97	297.39	0	53.99
2005	1	29	0.634	3681.0264	28.0264	28.0264	 2.07	 0.08	213.31	 0.98	 1.59	 1.00	10.33	 1.82	335.68	291.07	302.20	269.34	296.12	0	53.87
2005	1	29	1.060	3681.0442	28.0442	28.0442	 2.15	 0.15	212.47	 1.64	 1.26	 1.00	10.33	 1.82	335.66	289.86	300.39	268.49	294.80	0	53.70
2005	1	29	1.272	3681.0530	28.0530	28.0530	 1.94	 0.06	213.66	 0.86	 1.94	 0.99	10.33	 1.88	335.66	289.31	298.80	267.93	294.12	0	53.59
2005	1	29	1.485	3681.0618	28.0619	28.0619	 1.86	 0.07	211.87	 1.08	 0.46	 1.00	10.33	 1.78	335.60	288.80	298.41	267.97	293.49	0	53.59
2005	1	29	1.698	3681.0708	28.0708	28.0708	 1.71	 0.05	212.48	 1.05	 0.42	 1.00	10.32	 1.77	335.61	288.32	297.50	267.71	293.41	0	53.54
2005	1	29	1.911	3681.0796	28.0796	28.0796	 1.71	 0.06	210.44	 1.11	 0.42	 1.00	10.32	 1.76	335.59	287.84	296.80	266.99	292.43	0	53.40
2005	1	29	2.123	3681.0884	28.0884	28.0884	 1.58	 0.09	211.77	 1.99	 4.84	 1.00	10.33	 1.82	335.60	287.38	295.68	266.54	291.95	0	53.31
2005	1	29	2.336	3681.0974	28.0973	28.0973	 1.43	 0.04	214.26	 1.08	 0.18	 1.00	10.33	 1.85	335.60	287.04	295.51	266.54	291.47	0	53.31
2005	1	29	2.549	3681.1062	28.1062	28.1062	 1.47	 0.06	213.28	 1.49	 0.70	 1.00	10.33	 1.87	335.58	286.68	294.26	266.51	291.05	0	53.30
2005	1	29	2.763	3681.1152	28.1151	28.1151	 1.48	 0.07	210.85	 1.79	 5.89	 0.99	10.33	 1.82	335.55	286.38	293.83	266.76	290.69	0	53.35
2005	1	29	2.974	3681.1240	28.1239	28.1239	 1.45	 0.05	209.05	 1.40	 0.38	 1.00	10.33	 1.69	335.56	286.10	292.81	266.84	290.27	0	53.37
2005	1	29	3.187	3681.1328	28.1328	28.1328	 1.60	 0.05	212.69	 1.01	 0.75	 1.00	10.33	 1.85	335.56	285.85	294.91	267.51	290.09	0	53.50
2005	1	29	3.399	3681.1416	28.1416	28.1416	 1.49	 0.05	212.33	 1.38	 1.13	 1.00	10.33	 1.77	335.54	285.64	292.56	268.07	289.85	0	53.61
2005	1	29	3.612	3681.1504	28.1505	28.1505	 1.58	 0.05	210.64	 1.15	 3.11	 0.98	10.33	 1.79	335.52	285.43	291.92	267.96	289.62	0	53.59
2005	1	29	3.826	3681.1594	28.1594	28.1594	 1.53	 0.05	209.02	 1.14	 3.63	 0.97	10.32	 1.73	335.54	285.22	291.06	267.52	289.40	0	53.50
2005	1	29	4.037	3681.1682	28.1682	28.1682	 1.51	 0.04	211.80	 0.96	 4.11	 0.92	10.32	 1.82	335.54	285.03	292.23	267.26	289.20	0	53.45
2005	1	29	4.251	3681.1770	28.1771	28.1771	 1.59	 0.06	213.23	 1.28	 0.53	 1.00	10.33	 1.84	335.51	284.87	293.21	267.35	289.00	0	53.47
2005	1	29	4.463	3681.1860	28.1860	28.1860	 1.51	 0.06	207.93	 1.39	 7.72	 0.94	10.33	 1.78	335.47	284.72	291.48	267.34	288.78	0	53.47
2005	1	29	4.677	3681.1948	28.1949	28.1949	 1.51	 0.05	211.94	 1.33	 4.83	 0.97	10.33	 1.85	335.47	284.56	292.28	267.00	288.58	0	53.40
2005	1	29	4.890	3681.2039	28.2038	28.2038	 1.49	 0.05	212.38	 1.17	 4.69	 0.95	10.33	 1.81	335.50	284.39	291.85	267.41	288.37	0	53.48
2005	1	29	5.102	3681.2126	28.2126	28.2126	 1.61	 0.06	209.24	 1.30	 3.54	 0.99	10.33	 1.80	335.51	284.25	291.32	268.26	288.24	0	53.65
2005	1	29	5.315	3681.2214	28.2215	28.2215	 1.64	 0.05	212.16	 1.00	 4.64	 0.93	10.32	 1.84	335.49	284.11	291.32	268.25	288.14	0	53.65
2005	1	29	5.528	3681.2305	28.2303	28.2303	 1.70	 0.07	210.71	 1.38	 2.02	 1.00	10.33	 1.82	335.50	284.01	291.66	268.46	288.06	0	53.69
2005	1	29	5.742	3681.2393	28.2392	28.2392	 1.63	 0.05	210.82	 1.04	 2.21	 0.99	10.33	 1.77	335.48	283.93	290.46	268.14	288.03	0	53.63
2005	1	29	5.955	3681.2480	28.2481	28.2481	 1.71	 0.08	209.24	 1.43	 0.87	 1.00	10.33	 1.72	335.47	283.85	289.90	267.41	287.87	0	53.48
2005	1	29	6.168	3681.2571	28.2570	28.2570	 1.74	 0.06	213.19	 1.20	 1.00	 1.00	10.33	 1.84	335.47	283.77	290.54	267.78	287.77	0	53.56
2005	1	29	6.381	3681.2659	28.2659	28.2659	 1.69	 0.07	210.28	 1.36	 2.85	 0.99	10.33	 1.73	335.50	283.72	288.95	268.54	287.69	0	53.71
2005	1	29	6.594	3681.2747	28.2748	28.2748	 1.78	 0.09	212.85	 1.52	 3.52	 1.00	10.33	 1.79	335.47	283.69	290.31	268.74	287.66	0	53.75
2005	1	29	6.808	3681.2837	28.2837	28.2837	 1.98	 0.15	209.92	 2.05	 3.21	 1.00	10.33	 1.77	335.48	283.65	289.46	268.72	288.15	0	53.74
2005	1	29	7.019	3681.2925	28.2925	28.2925	 1.86	 0.12	210.05	 1.91	 1.39	 1.00	10.33	 1.74	335.49	283.64	289.37	268.70	287.63	0	53.74
2005	1	29	7.231	3681.3013	28.3013	28.3013	 1.76	 0.10	207.07	 1.68	 1.12	 1.00	10.33	 1.63	335.49	283.60	287.86	268.36	287.63	0	53.67
2005	1	29	7.444	3681.3103	28.3102	28.3102	 1.82	 0.12	209.71	 1.90	 7.83	 0.99	10.32	 1.71	335.47	283.57	288.51	268.37	287.56	0	53.67
2005	1	29	7.658	3681.3191	28.3191	28.3191	 1.97	 0.09	213.00	 1.18	 4.21	 0.98	10.33	 1.84	335.48	283.54	290.50	268.54	287.54	0	53.71
2005	1	29	7.871	3681.3279	28.3280	28.3280	 1.88	 0.11	211.30	 1.65	 1.32	 1.00	10.33	 1.74	335.47	283.53	289.94	268.39	287.54	0	53.68
2005	1	29	8.084	3681.3369	28.3369	28.3369	 1.81	 0.09	213.21	 1.51	 2.72	 1.00	10.33	 1.80	335.47	283.49	290.63	268.26	287.47	0	53.65
2005	1	29	8.296	3681.3457	28.3457	28.3457	 1.79	 0.07	208.37	 1.18	 0.65	 1.00	10.33	 1.77	335.52	283.48	288.77	268.45	287.45	0	53.69
2005	1	29	8.509	3681.3545	28.3546	28.3546	 1.83	 0.07	210.77	 1.09	 1.72	 1.00	10.33	 1.78	335.51	283.48	289.23	268.70	287.44	0	53.74
2005	1	29	8.722	3681.3635	28.3634	28.3634	 1.82	 0.08	211.48	 1.39	 5.15	 0.98	10.33	 1.73	335.48	283.51	291.00	268.96	287.44	0	53.79
2005	1	29	8.936	3681.3723	28.3723	28.3723	 1.78	 0.07	211.03	 1.20	 2.32	 0.99	10.33	 1.78	335.47	283.53	288.93	268.99	287.50	0	53.80
2005	1	29	9.149	3681.3811	28.3812	28.3812	 1.77	 0.07	213.10	 1.20	 3.47	 0.99	10.32	 1.83	335.45	283.55	289.80	269.28	287.50	0	53.86
2005	1	29	9.360	3681.3899	28.3900	28.3900	 1.77	 0.07	210.96	 1.25	 1.69	 1.00	10.33	 1.77	335.47	283.57	290.87	268.79	287.57	0	53.76
2005	1	29	9.573	3681.3989	28.3989	28.3989	 1.66	 0.05	210.40	 1.01	 1.37	 1.00	10.32	 1.71	335.47	283.55	288.75	267.69	287.54	0	53.54
2005	1	29	9.785	3681.4077	28.4077	28.4077	 2.10	 0.10	211.53	 1.22	 4.47	 0.98	10.33	 1.83	335.47	283.54	289.76	267.17	287.50	0	53.43
2005	1	29	9.997	3681.4165	28.4165	28.4165	 2.17	 0.12	211.04	 1.30	 1.94	 1.00	10.33	 1.70	335.48	283.53	288.89	267.02	287.48	0	53.40
2005	1	29	10.210	3681.4255	28.4254	28.4254	 2.12	 0.08	211.50	 0.97	 2.29	 0.99	10.33	 1.79	335.45	283.60	288.37	267.66	287.46	0	53.53
2005	1	29	10.421	3681.4343	28.4342	28.4342	 2.49	 0.12	213.85	 0.91	 1.63	 0.99	10.32	 1.84	335.46	283.81	289.29	268.16	287.60	0	53.63
2005	1	29	10.634	3681.4431	28.4431	28.4431	 2.56	 0.18	209.01	 1.22	 2.88	 1.00	10.33	 1.73	335.47	284.17	286.26	269.29	287.92	0	53.86
2005	1	29	10.846	3681.4519	28.4519	28.4519	 2.55	 0.15	211.37	 1.07	 0.89	 1.00	10.33	 1.81	335.47	284.65	288.04	270.63	288.36	0	54.13
2005	1	29	11.058	3681.4607	28.4607	28.4607	 2.49	 0.12	211.46	 0.91	 5.21	 0.93	10.33	 1.80	335.47	285.17	287.62	271.77	288.96	0	54.35
2005	1	29	11.271	3681.4697	28.4696	28.4696	 2.71	 0.19	212.41	 1.08	 0.83	 1.00	10.33	 1.87	335.49	285.78	289.04	272.96	289.57	0	54.59
2005	1	29	11.484	3681.4785	28.4785	28.4785	 2.36	 0.11	212.25	 0.93	 0.87	 1.00	10.33	 1.79	335.50	286.47	288.28	273.50	290.31	0	54.70
2005	1	29	11.697	3681.4873	28.4874	28.4874	 2.21	 0.10	211.08	 1.05	 3.70	 0.98	10.32	 1.82	335.53	287.22	289.69	275.73	291.14	0	55.15
2005	1	29	11.909	3681.4961	28.4962	28.4962	 2.19	 0.10	209.68	 0.99	 2.40	 0.99	10.33	 1.79	335.54	288.02	289.08	276.99	292.03	0	55.40
2005	1	29	12.122	3681.5051	28.5051	28.5051	 2.24	 0.11	211.73	 1.06	 2.44	 0.99	10.33	 1.84	335.55	288.87	290.37	278.24	292.90	0	55.65
2005	1	29	12.414	3681.5173	28.5173	28.5173	 1.88	 0.08	207.44	 1.21	 1.95	 1.00	10.35	 1.68	335.63	290.12	288.48	279.38	294.27	0	55.88
2005	1	29	12.628	3681.5261	28.5262	28.5262	 1.87	 0.08	211.46	 1.30	 1.99	 1.00	10.33	 1.78	335.59	291.07	291.89	280.43	295.36	0	56.09
2005	1	29	12.839	3681.5349	28.5350	28.5350	 1.91	 0.07	211.44	 0.97	 1.02	 1.00	10.33	 1.83	335.65	292.02	293.42	281.74	296.30	0	56.35
2005	1	29	13.051	3681.5437	28.5438	28.5438	 1.91	 0.09	210.65	 1.31	 2.82	 0.99	10.33	 1.83	335.69	292.95	294.25	282.47	297.39	0	56.49
2005	1	29	13.263	3681.5527	28.5526	28.5526	 1.72	 0.06	209.99	 1.16	 0.92	 1.00	10.33	 1.76	335.74	293.89	294.48	283.22	298.38	0	56.64
2005	1	29	13.476	3681.5615	28.5615	28.5615	 1.68	 0.07	209.92	 1.40	 1.94	 1.00	10.33	 1.72	335.79	294.88	296.63	284.10	299.45	0	56.82
2005	1	29	13.689	3681.5703	28.5704	28.5704	 1.73	 0.09	209.60	 1.65	 1.90	 1.00	10.33	 1.74	335.75	295.91	296.83	285.33	300.52	0	57.07
2005	1	29	13.902	3681.5793	28.5793	28.5793	 1.71	 0.07	215.16	 1.40	 1.04	 1.00	10.33	 1.86	335.82	297.05	299.22	287.08	301.64	0	57.42
2005	1	29	14.116	3681.5881	28.5881	28.5881	 2.00	 0.07	212.19	 0.99	 2.47	 0.99	10.33	 1.75	335.86	298.23	299.40	287.49	303.06	0	57.50
2005	1	29	14.328	3681.5969	28.5970	28.5970	 1.99	 0.08	214.81	 1.03	 0.22	 1.00	10.33	 1.80	335.87	299.28	301.55	287.76	304.15	0	57.55
2005	1	29	14.542	3681.6060	28.6059	28.6059	 1.84	 0.08	211.53	 1.35	 5.04	 0.98	10.32	 1.62	335.88	300.33	301.93	288.41	305.32	0	57.68
2005	1	29	14.753	3681.6147	28.6147	28.6147	 2.41	 0.19	214.71	 1.59	 3.81	 1.00	10.33	 1.85	335.93	301.29	304.35	288.01	306.38	0	57.60
2005	1	29	14.967	3681.6235	28.6236	28.6236	 1.97	 0.19	215.84	 2.58	 7.00	 1.00	10.32	 1.73	335.95	302.14	306.16	287.67	307.21	0	57.53
2005	1	29	15.180	3681.6326	28.6325	28.6325	 2.03	 0.21	218.10	 2.79	 5.57	 1.00	10.32	 1.76	335.98	302.89	308.70	286.57	307.98	0	57.31
2005	1	29	15.393	3681.6414	28.6414	28.6414	 2.00	 0.18	211.53	 2.40	10.26	 0.99	10.32	 1.62	336.00	303.64	308.05	287.65	308.70	0	57.53
2005	1	29	15.604	3681.6501	28.6502	28.6502	 1.80	 0.11	205.32	 1.75	13.36	 0.95	10.33	 1.54	335.99	304.36	304.43	289.43	309.44	0	57.89
2005	1	29	16.244	3681.6768	28.6768	28.6768	 1.53	 0.11	206.23	 2.57	21.11	 0.96	10.32	 1.47	336.14	306.24	309.38	289.87	311.34	0	57.97
2005	1	29	16.457	3681.6858	28.6857	28.6857	 1.59	 0.13	210.29	 2.82	 9.79	 1.00	10.33	 1.55	336.15	306.72	310.50	290.66	311.81	0	58.13
2005	1	29	16.884	3681.7034	28.7035	28.7035	 1.76	 0.25	208.40	 4.33	12.93	 1.00	10.37	 1.63	336.19	307.39	311.46	289.92	312.55	0	57.98
2005	1	29	17.097	3681.7124	28.7124	28.7124	 1.64	 0.15	215.47	 3.22	 6.47	 1.00	10.32	 1.66	336.21	307.65	314.97	289.69	312.83	0	57.94
2005	1	29	18.812	3681.7839	28.7838	28.7838	 1.94	 0.47	206.49	 6.47	61.80	 1.00	10.38	 1.55	336.22	307.83	318.41	288.57	313.22	0	57.71
2005	1	29	19.241	3681.8018	28.8017	28.8017	 2.88	 0.77	230.95	 4.08	10.25	 1.00	10.35	 2.46	336.27	307.22	319.32	 0.00	312.38	0	54.00
2005	1	29	20.313	3681.8464	28.8464	28.8464	 2.79	 0.67	217.71	 3.67	19.41	 1.00	10.40	 2.23	336.11	304.97	319.19	285.65	310.80	0	57.13
2005	1	29	22.866	3681.9526	28.9528	28.9528	 2.99	 0.61	218.83	 2.71	 6.71	 1.00	10.33	 1.97	335.87	296.39	310.01	274.11	301.18	0	54.82
2005	1	29	23.078	3681.9617	28.9616	28.9616	27.06	20907730097.05	197.47	 2.77	58.12	 0.94	10.33	 1.45	335.86	295.55	301.95	274.26	300.30	0	54.85
2005	1	29	23.291	3681.9705	28.9704	28.9704	 3.16	 0.52	204.74	 1.81	 1.91	 1.00	10.33	 1.71	335.84	294.65	300.62	271.77	299.35	0	54.35
2005	1	29	23.502	3681.9792	28.9793	28.9793	 3.92	 3.56	205.50	 5.63	22.74	 1.00	10.33	 1.72	335.81	293.77	304.78	271.11	298.42	0	54.22
2005	1	29	23.716	3681.9880	28.9881	28.9881	 4.24	 2.25	213.05	 2.65	 5.61	 1.00	10.33	 1.85	335.81	292.95	303.24	270.38	297.55	0	54.08
2005	1	29	23.929	3681.9971	28.9970	28.9970	 2.95	 0.59	209.91	 2.65	 2.60	 1.00	10.32	 1.74	335.79	292.20	301.14	270.08	296.69	0	54.02
2005	1	30	0.140	3682.0059	29.0058	29.0058	 2.92	 0.44	211.36	 2.04	 6.05	 1.00	10.32	 1.81	335.76	291.50	300.53	 0.00	295.97	0	54.00
2005	1	30	0.352	3682.0146	29.0147	29.0147	 2.70	 0.49	213.24	 2.90	14.48	 1.00	10.33	 1.79	335.77	290.84	300.96	269.47	295.36	0	53.89
2005	1	30	0.565	3682.0234	29.0235	29.0235	 3.05	 0.28	211.44	 1.14	 2.74	 1.00	10.32	 1.89	335.71	290.21	298.96	269.04	294.64	0	53.81
2005	1	30	0.777	3682.0325	29.0324	29.0324	 2.65	 0.21	214.81	 1.34	 2.46	 1.00	10.33	 1.98	335.70	289.60	300.39	268.44	294.04	0	53.69
2005	1	30	0.990	3682.0413	29.0412	29.0412	 1.89	 0.11	208.18	 1.63	 4.42	 0.99	10.32	 1.78	335.71	289.03	298.08	268.14	293.38	0	53.63
2005	1	30	1.203	3682.0500	29.0501	29.0501	 1.65	 0.06	209.56	 1.31	 2.70	 0.99	10.33	 1.76	335.69	288.49	297.11	267.71	292.89	0	53.54
2005	1	30	1.414	3682.0588	29.0589	29.0589	 1.56	 0.05	207.00	 1.21	 0.75	 1.00	10.33	 1.70	335.66	287.96	295.45	267.06	292.39	0	53.41
2005	1	30	1.628	3682.0679	29.0678	29.0678	 1.45	 0.08	208.58	 2.26	 7.52	 0.99	10.33	 1.72	335.64	287.46	296.17	266.85	291.86	0	53.37
2005	1	30	1.841	3682.0767	29.0767	29.0767	 1.45	 0.06	209.17	 1.65	12.39	 0.91	10.32	 1.81	335.65	287.04	296.89	267.10	291.37	0	53.42
2005	1	30	2.054	3682.0857	29.0856	29.0856	 1.37	 0.04	206.61	 1.14	 5.56	 0.91	10.33	 1.78	335.66	286.64	293.76	267.36	290.96	0	53.47
2005	1	30	2.267	3682.0945	29.0945	29.0945	 1.23	 0.03	206.43	 1.15	 4.01	 0.94	10.33	 1.71	335.62	286.29	293.06	267.30	290.59	0	53.46
2005	1	30	2.479	3682.1033	29.1033	29.1033	 1.30	 0.04	206.35	 1.47	 3.70	 0.98	10.32	 1.77	335.65	285.97	292.99	267.19	290.27	0	53.44
2005	1	30	2.690	3682.1121	29.1121	29.1121	 1.28	 0.04	208.77	 1.42	 1.66	 1.00	10.32	 1.74	335.60	285.69	293.90	267.54	289.95	0	53.51
2005	1	30	2.903	3682.1211	29.1210	29.1210	 1.28	 0.04	209.49	 1.44	 1.35	 1.00	10.32	 1.75	335.58	285.43	293.41	267.25	289.65	0	53.45
2005	1	30	3.115	3682.1299	29.1298	29.1298	 1.30	 0.04	209.05	 1.34	 1.23	 1.00	10.32	 1.81	335.56	285.14	293.00	266.69	289.41	0	53.34
2005	1	30	3.327	3682.1387	29.1386	29.1386	 1.33	 0.05	206.51	 1.56	 5.85	 0.97	10.33	 1.75	335.57	284.87	291.75	266.29	289.09	0	53.26
2005	1	30	3.539	3682.1475	29.1475	29.1475	 1.37	 0.05	209.32	 1.53	 4.63	 0.98	10.33	 1.83	335.57	284.64	292.92	266.44	288.76	0	53.29
2005	1	30	3.753	3682.1562	29.1564	29.1564	 1.30	 0.04	207.28	 1.48	 5.90	 0.96	10.33	 1.72	335.56	284.41	292.35	266.34	288.48	0	53.27
2005	1	30	3.966	3682.1653	29.1652	29.1652	 1.28	 0.05	207.76	 1.65	 7.00	 0.96	10.32	 1.78	335.55	284.17	292.18	265.96	288.33	0	53.19
2005	1	30	4.179	3682.1741	29.1741	29.1741	 1.30	 0.04	205.55	 1.28	 7.08	 0.89	10.33	 1.77	335.53	283.88	291.22	265.34	288.02	0	53.07
2005	1	30	4.392	3682.1831	29.1830	29.1830	 1.30	 0.05	205.46	 1.59	12.01	 0.87	10.33	 1.79	335.51	283.64	291.55	265.41	287.68	0	53.08
2005	1	30	4.605	3682.1919	29.1919	29.1919	 1.29	 0.04	204.81	 1.18	 6.11	 0.89	10.33	 1.79	335.53	283.46	290.75	265.99	287.47	0	53.20
2005	1	30	4.817	3682.2007	29.2007	29.2007	 1.30	 0.05	205.32	 1.74	 2.88	 1.00	10.33	 1.71	335.55	283.31	289.89	266.14	287.30	0	53.23
2005	1	30	5.030	3682.2095	29.2096	29.2096	 1.32	 0.05	207.61	 1.68	 1.01	 1.00	10.33	 1.71	335.56	283.19	290.03	266.23	287.15	0	53.25
2005	1	30	5.242	3682.2185	29.2184	29.2184	 1.56	 0.06	207.26	 1.34	 7.39	 0.94	10.33	 1.74	335.54	283.10	290.87	266.32	287.04	0	53.26
2005	1	30	5.454	3682.2273	29.2273	29.2273	 1.42	 0.04	206.34	 1.16	 1.73	 0.99	10.33	 1.71	335.55	283.02	289.40	266.54	286.94	0	53.31
2005	1	30	5.668	3682.2361	29.2362	29.2362	 1.44	 0.05	209.03	 1.48	 5.90	 0.97	10.33	 1.76	335.56	282.96	290.91	266.64	286.80	0	53.33
2005	1	30	5.879	3682.2449	29.2450	29.2450	 1.32	 0.05	205.14	 1.51	 9.80	 0.90	10.33	 1.73	335.52	282.89	289.32	266.56	286.79	0	53.31
2005	1	30	6.091	3682.2539	29.2538	29.2538	 1.24	 0.04	205.39	 1.44	 3.47	 0.98	10.33	 1.80	335.52	282.79	290.25	266.29	286.72	0	53.26
2005	1	30	6.304	3682.2627	29.2627	29.2627	 1.09	 0.04	204.30	 1.87	 6.03	 0.97	10.33	 1.70	335.50	282.69	289.30	266.10	286.60	0	53.22
2005	1	30	6.517	3682.2715	29.2716	29.2716	 0.99	 0.04	205.91	 2.11	 6.51	 0.97	10.33	 1.73	335.49	282.57	289.83	266.06	286.51	0	53.21
2005	1	30	6.730	3682.2805	29.2804	29.2804	 1.05	 0.03	202.21	 1.76	 9.15	 0.89	10.33	 1.74	335.49	282.47	288.96	266.10	286.39	0	53.22
2005	1	30	6.943	3682.2893	29.2893	29.2893	 1.01	 0.04	203.21	 2.22	 9.37	 0.95	10.33	 1.75	335.47	282.40	289.34	266.19	286.29	0	53.24
2005	1	30	7.155	3682.2981	29.2981	29.2981	 1.01	 0.04	201.34	 2.26	 8.28	 0.96	10.32	 1.72	335.49	282.32	288.94	266.18	286.21	0	53.24
2005	1	30	7.368	3682.3069	29.3070	29.3070	 1.02	 0.05	199.69	 2.49	13.43	 0.94	10.32	 1.72	335.46	282.25	288.99	266.31	286.11	0	53.26
2005	1	30	7.581	3682.3159	29.3159	29.3159	 0.99	 0.03	201.47	 1.80	 6.00	 0.95	10.33	 1.76	335.47	282.16	288.31	266.33	286.02	0	53.27
2005	1	30	7.793	3682.3247	29.3247	29.3247	 0.99	 0.04	203.63	 2.40	 5.93	 0.99	10.32	 1.80	335.52	282.07	289.34	265.86	285.94	0	53.17
2005	1	30	8.006	3682.3335	29.3336	29.3336	 0.96	 0.04	204.22	 2.22	 7.52	 0.96	10.33	 1.78	335.52	281.99	289.88	265.73	285.84	0	53.15
2005	1	30	8.219	3682.3425	29.3425	29.3425	 0.98	 0.04	206.03	 2.42	 7.93	 0.97	10.33	 1.80	335.50	281.91	290.22	265.37	285.73	0	53.07
2005	1	30	8.432	3682.3513	29.3513	29.3513	 1.00	 0.03	205.24	 1.84	 7.36	 0.93	10.33	 1.83	335.50	281.84	290.91	265.67	285.64	0	53.13
2005	1	30	8.645	3682.3601	29.3602	29.3602	 0.92	 0.03	203.61	 2.15	 9.81	 0.90	10.33	 1.76	335.51	281.79	288.49	265.99	285.57	0	53.20
2005	1	30	8.857	3682.3691	29.3690	29.3690	 0.89	 0.03	204.31	 2.31	 5.94	 0.97	10.33	 1.74	335.50	281.72	288.75	266.19	286.03	0	53.24
2005	1	30	9.070	3682.3779	29.3779	29.3779	 0.95	 0.03	201.82	 1.94	 4.40	 0.98	10.32	 1.75	335.51	281.64	288.44	265.83	285.41	0	53.17
2005	1	30	9.282	3682.3867	29.3867	29.3867	 0.91	 0.03	202.52	 2.23	 8.49	 0.94	10.33	 1.72	335.48	281.57	288.66	265.10	285.35	0	53.02
2005	1	30	9.495	3682.3955	29.3956	29.3956	 0.95	 0.03	203.82	 1.98	12.68	 0.82	10.33	 1.76	335.45	281.51	289.21	264.13	285.25	0	52.83
2005	1	30	9.707	3682.4045	29.4044	29.4044	 0.92	 0.05	202.49	 3.04	 9.93	 0.98	10.33	 1.73	335.47	281.44	286.84	263.54	285.89	0	52.71
2005	1	30	9.918	3682.4133	29.4133	29.4133	 0.99	 0.04	202.60	 2.35	12.54	 0.92	10.32	 1.78	335.49	281.39	288.44	263.47	285.08	0	52.69
2005	1	30	10.130	3682.4221	29.4221	29.4221	 0.94	 0.04	205.18	 2.71	 6.18	 0.99	10.32	 1.79	335.46	281.37	288.35	263.49	285.02	0	52.70
2005	1	30	10.343	3682.4309	29.4309	29.4309	 0.99	 0.03	201.66	 1.61	 9.65	 0.80	10.32	 1.76	335.45	281.50	287.30	264.11	284.90	0	52.82
2005	1	30	10.554	3682.4397	29.4398	29.4398	 0.96	 0.05	199.92	 2.85	16.10	 0.93	10.32	 1.74	335.47	281.85	285.70	265.96	285.26	0	53.19
2005	1	30	10.766	3682.4485	29.4486	29.4486	 0.90	 0.03	200.80	 2.12	10.13	 0.89	10.33	 1.74	335.47	282.37	284.76	267.97	285.75	0	53.59
2005	1	30	10.979	3682.4575	29.4575	29.4575	 0.95	 0.02	201.52	 1.45	 5.96	 0.86	10.32	 1.84	335.51	282.94	285.85	269.66	286.43	0	53.93
2005	1	30	11.191	3682.4663	29.4663	29.4663	 0.89	 0.04	201.76	 2.43	 4.21	 0.99	10.33	 1.79	335.52	283.57	285.74	271.30	287.11	0	54.26
2005	1	30	11.404	3682.4751	29.4752	29.4752	 0.87	 0.03	203.91	 2.23	 7.28	 0.94	10.32	 1.75	335.57	284.37	285.77	273.03	287.96	0	54.61
2005	1	30	11.616	3682.4839	29.4840	29.4840	 0.98	 0.03	201.74	 1.66	 9.63	 0.82	10.33	 1.81	335.58	285.21	285.82	274.45	288.93	0	54.89
2005	1	30	11.829	3682.4929	29.4929	29.4929	 0.92	 0.02	201.30	 1.37	 6.84	 0.76	10.33	 1.73	335.60	286.00	287.50	275.07	289.88	0	55.01
2005	1	30	12.119	3682.5049	29.5049	29.5049	 0.93	 0.03	207.56	 1.79	 7.06	 0.90	10.35	 1.86	335.67	287.12	290.15	275.50	291.08	0	55.10
2005	1	30	12.331	3682.5137	29.5138	29.5138	 0.89	 0.04	205.68	 2.53	 2.40	 1.00	10.33	 1.80	335.65	288.05	288.39	276.65	292.05	0	55.33
2005	1	30	12.542	3682.5227	29.5226	29.5226	 0.86	 0.03	203.53	 2.47	 5.99	 0.97	10.33	 1.74	335.62	288.98	289.51	277.47	293.06	0	55.49
2005	1	30	12.756	3682.5315	29.5315	29.5315	 0.84	 0.03	207.19	 2.20	 2.53	 0.99	10.33	 1.84	335.67	289.94	291.48	277.99	294.12	0	55.60
2005	1	30	12.967	3682.5403	29.5403	29.5403	 0.81	 0.03	205.08	 2.44	 3.68	 0.99	10.32	 1.72	335.70	290.85	292.21	278.14	295.19	0	55.63
2005	1	30	13.178	3682.5491	29.5491	29.5491	 0.75	 0.03	207.04	 2.60	 2.35	 0.99	10.33	 1.68	335.71	291.85	289.59	278.60	296.12	0	55.72
2005	1	30	13.392	3682.5581	29.5580	29.5580	 0.74	 0.03	209.19	 2.92	13.62	 0.85	10.33	 1.67	335.72	292.93	290.84	279.80	297.24	0	55.96
2005	1	30	13.605	3682.5669	29.5669	29.5669	 0.82	 0.03	211.60	 2.56	 3.06	 0.99	10.33	 1.78	335.78	294.04	295.01	280.50	298.47	0	56.10
2005	1	30	13.818	3682.5757	29.5758	29.5758	 0.88	 0.03	207.78	 2.16	 3.21	 0.99	10.33	 1.78	335.81	295.02	296.67	280.30	299.54	0	56.06
2005	1	30	14.030	3682.5845	29.5846	29.5846	 0.69	 0.04	211.22	 4.27	21.14	 0.88	10.33	 1.59	335.85	295.96	295.76	280.55	300.41	0	56.11
2005	1	30	14.243	3682.5935	29.5935	29.5935	 0.75	 0.03	212.28	 2.79	 2.68	 1.00	10.33	 1.73	335.83	296.95	296.49	281.35	301.44	0	56.27
2005	1	30	14.457	3682.6023	29.6024	29.6024	 0.75	 0.03	209.92	 2.60	19.10	 0.64	10.33	 1.62	335.84	297.91	297.72	281.81	302.47	0	56.36
2005	1	30	14.668	3682.6111	29.6112	29.6112	 0.90	 0.04	208.32	 2.48	 8.96	 0.95	10.33	 1.80	335.84	298.81	299.76	282.97	303.36	0	56.59
2005	1	30	14.882	3682.6201	29.6201	29.6201	 0.89	 0.05	210.30	 3.78	11.09	 0.99	10.33	 1.79	335.86	299.73	300.70	284.37	304.26	0	56.87
2005	1	30	15.093	3682.6289	29.6289	29.6289	 0.92	 0.05	210.98	 3.15	 5.56	 0.99	10.32	 1.78	335.89	300.66	302.77	284.77	305.24	0	56.95
2005	1	30	15.306	3682.6377	29.6378	29.6378	 0.93	 0.04	210.24	 2.85	10.98	 0.97	10.33	 1.72	335.93	301.50	303.66	283.95	306.13	0	56.79
2005	1	30	15.519	3682.6467	29.6466	29.6466	 1.01	 0.05	210.07	 2.92	18.76	 0.93	10.33	 1.76	335.98	302.28	305.28	284.12	306.84	0	56.82
2005	1	30	15.732	3682.6555	29.6555	29.6555	 0.88	 0.06	208.29	 4.27	26.98	 0.94	10.33	 1.59	336.03	302.92	304.84	284.42	307.48	0	56.88
2005	1	30	16.157	3682.6731	29.6732	29.6732	 0.88	 0.09	213.68	 6.52	70.64	 0.93	10.28	 1.63	336.05	304.06	306.32	283.95	308.86	0	56.79
2005	1	30	16.583	3682.6909	29.6910	29.6910	 1.21	 0.10	217.43	 4.05	11.73	 1.00	10.32	 1.81	336.08	304.86	310.63	284.16	309.20	0	56.83
2005	1	30	17.226	3682.7178	29.7178	29.7178	 1.65	 0.18	218.13	 3.75	31.93	 0.99	10.33	 1.97	336.08	305.65	312.29	 0.00	309.82	0	54.00
2005	1	30	17.441	3682.7268	29.7267	29.7267	 1.56	 0.10	214.88	 2.31	 9.10	 0.99	10.33	 1.79	336.13	305.85	313.39	286.41	 0.00	0	57.28
2005	1	30	17.872	3682.7446	29.7447	29.7447	 1.79	 0.22	195.85	 3.45	55.01	 0.94	10.43	 1.47	336.08	306.19	310.51	290.13	309.23	0	58.03
2005	1	30	19.184	3682.7993	29.7993	29.7993	 1.88	 0.23	220.14	 3.74	13.40	 1.00	10.33	 2.06	336.22	305.76	318.06	286.61	311.13	0	57.32
2005	1	30	19.833	3682.8264	29.8264	29.8264	 1.39	 0.15	223.61	 4.60	45.20	 0.98	10.38	 1.98	336.08	304.53	318.59	287.77	308.41	0	57.55
2005	1	30	20.705	3682.8628	29.8627	29.8627	 1.34	 0.47	224.07	16.16	157.16	 1.00	10.65	 1.58	336.10	302.70	315.24	 0.00	308.83	0	54.00
2005	1	30	21.136	3682.8806	29.8806	29.8806	 1.79	 1.11	212.09	18.99	378.17	 1.00	10.33	 1.86	335.95	301.65	308.26	283.95	307.35	0	56.79
2005	1	30	21.349	3682.8896	29.8895	29.8895	 3.29	 6.79	198.47	19.89	48.42	 1.00	10.32	 1.57	335.93	301.03	311.96	282.51	306.87	0	56.50
2005	1	30	21.989	3682.9163	29.9162	29.9162	 1.91	 0.69	197.83	 9.39	65.99	 1.00	10.33	 1.53	335.94	298.95	306.03	277.61	304.70	0	55.52
2005	1	30	22.414	3682.9338	29.9339	29.9339	 2.01	 0.46	208.83	 5.91	19.91	 1.00	10.33	 1.58	335.87	297.61	305.56	276.59	303.82	0	55.32
2005	1	30	22.628	3682.9429	29.9428	29.9428	 3.09	 1.31	216.03	 5.19	30.61	 1.00	10.33	 2.15	335.84	296.86	309.25	275.06	302.89	0	55.01
2005	1	30	23.052	3682.9604	29.9605	29.9605	 2.12	 0.24	217.05	 2.87	22.61	 0.99	10.33	 1.99	335.86	295.13	308.37	271.29	300.20	0	54.26
2005	1	30	23.264	3682.9692	29.9693	29.9693	 2.73	 0.65	217.46	 3.76	 7.90	 1.00	10.33	 2.05	335.85	294.25	306.81	270.95	299.12	0	54.19
2005	1	30	23.689	3682.9871	29.9870	29.9870	 2.62	 0.41	216.21	 2.71	 8.17	 1.00	10.32	 2.03	335.79	292.55	306.07	269.80	297.15	0	53.96
2005	1	30	23.902	3682.9958	29.9959	29.9959	 2.33	 0.33	211.66	 2.96	20.60	 0.99	10.32	 1.78	335.79	291.74	302.33	269.36	296.27	0	53.87
2005	1	31	0.114	3683.0046	30.0047	30.0047	 2.61	 0.39	208.34	 2.51	10.32	 1.00	10.32	 1.84	335.79	291.00	300.22	269.01	295.49	0	53.80
2005	1	31	0.327	3683.0137	30.0136	30.0136	 2.21	 0.16	208.12	 1.62	 4.84	 0.99	10.33	 1.66	335.87	290.29	299.85	268.64	294.74	0	53.73
2005	1	31	0.539	3683.0225	30.0225	30.0225	 2.20	 0.15	209.44	 1.58	 2.93	 1.00	10.33	 1.79	335.72	289.65	298.17	268.28	294.14	0	53.66
2005	1	31	0.752	3683.0312	30.0313	30.0313	 2.00	 0.15	209.21	 1.92	 1.45	 1.00	10.33	 1.75	335.68	289.04	299.43	267.87	293.48	0	53.57
2005	1	31	0.965	3683.0403	30.0402	30.0402	 1.88	 0.08	207.38	 1.13	 1.69	 1.00	10.33	 1.67	335.67	288.45	297.82	267.20	292.90	0	53.44
2005	1	31	1.177	3683.0491	30.0490	30.0490	 1.62	 0.17	207.19	 3.48	11.30	 1.00	10.33	 1.74	335.66	287.87	296.78	266.70	292.35	0	53.34
2005	1	31	1.390	3683.0579	30.0579	30.0579	 1.76	 0.07	206.65	 1.27	 0.91	 1.00	10.32	 1.73	335.69	287.39	295.52	267.02	291.77	0	53.40
2005	1	31	1.815	3683.0757	30.0756	30.0756	 1.93	 0.06	210.16	 0.92	 1.81	 0.99	10.33	 1.78	335.69	286.59	294.67	267.92	290.89	0	53.58
2005	1	31	2.028	3683.0845	30.0845	30.0845	 1.86	 0.06	208.49	 0.99	 3.01	 0.98	10.33	 1.79	335.69	286.27	293.63	267.69	290.55	0	53.54
2005	1	31	2.240	3683.0933	30.0933	30.0933	 2.04	 0.10	210.38	 1.21	 6.09	 0.96	10.33	 1.89	335.70	285.94	294.36	267.25	290.23	0	53.45
2005	1	31	2.452	3683.1021	30.1022	30.1022	 1.91	 0.08	210.64	 1.16	 1.07	 1.00	10.33	 1.75	335.66	285.62	293.84	266.86	289.89	0	53.37
2005	1	31	2.664	3683.1111	30.1110	30.1110	 1.86	 0.07	206.63	 1.12	 0.69	 1.00	10.33	 1.67	335.67	285.31	291.90	266.59	290.08	0	53.32
2005	1	31	2.878	3683.1199	30.1199	30.1199	 1.98	 0.08	212.04	 1.05	 6.12	 0.93	10.33	 1.87	335.67	285.02	292.95	266.50	289.24	0	53.30
2005	1	31	3.089	3683.1287	30.1287	30.1287	 1.84	 0.07	208.75	 1.12	 2.04	 0.99	10.33	 1.68	335.65	284.83	291.72	266.65	289.01	0	53.33
2005	1	31	3.303	3683.1377	30.1376	30.1376	 1.96	 0.09	208.18	 1.28	 2.26	 1.00	10.32	 1.76	335.63	284.64	291.90	266.71	288.77	0	53.34
2005	1	31	3.516	3683.1465	30.1465	30.1465	 1.94	 0.08	212.00	 1.10	 1.26	 1.00	10.32	 1.77	335.65	284.46	292.38	266.82	288.53	0	53.36
2005	1	31	3.942	3683.1643	30.1643	30.1643	 2.10	 0.08	211.10	 0.98	 3.55	 0.97	10.33	 1.82	335.64	284.14	291.50	266.41	288.26	0	53.28
2005	1	31	4.156	3683.1731	30.1731	30.1731	 2.07	 0.09	211.51	 1.12	 2.14	 1.00	10.33	 1.78	335.63	283.98	291.72	266.34	288.05	0	53.27
2005	1	31	4.368	3683.1821	30.1820	30.1820	 1.92	 0.07	209.78	 1.05	 1.40	 1.00	10.33	 1.72	335.59	283.83	290.59	266.15	287.87	0	53.23
2005	1	31	4.580	3683.1909	30.1908	30.1908	 2.01	 0.09	208.49	 1.11	 3.15	 0.99	10.33	 1.70	335.61	283.69	290.62	266.34	287.71	0	53.27
2005	1	31	4.793	3683.1997	30.1997	30.1997	 2.00	 0.08	210.04	 1.01	 2.68	 0.99	10.33	 1.80	335.56	283.57	291.61	266.01	287.55	0	53.20
2005	1	31	5.006	3683.2085	30.2086	30.2086	 1.90	 0.07	210.20	 1.09	 6.64	 0.92	10.32	 1.72	335.54	283.44	291.49	265.73	287.40	0	53.15
2005	1	31	5.218	3683.2175	30.2174	30.2174	 1.77	 0.08	205.26	 1.40	 1.95	 1.00	10.32	 1.73	335.53	283.31	288.86	265.86	287.25	0	53.17
2005	1	31	5.431	3683.2263	30.2263	30.2263	 1.58	 0.05	207.00	 1.07	 0.81	 1.00	10.32	 1.75	335.52	283.17	289.88	265.48	287.09	0	53.10
2005	1	31	5.643	3683.2351	30.2351	30.2351	 1.49	 0.06	204.29	 1.47	 7.98	 0.95	10.33	 1.72	335.53	283.04	289.88	264.94	286.94	0	52.99
2005	1	31	5.856	3683.2439	30.2440	30.2440	 1.35	 0.04	207.63	 1.29	13.98	 0.69	10.33	 1.78	335.51	282.93	290.20	264.89	286.78	0	52.98
2005	1	31	6.068	3683.2529	30.2528	30.2528	 1.40	 0.06	204.19	 1.73	 5.27	 0.99	10.33	 1.75	335.51	282.86	287.88	265.01	286.73	0	53.00
2005	1	31	6.279	3683.2617	30.2616	30.2616	 1.40	 0.06	203.81	 1.80	 4.10	 0.99	10.33	 1.68	335.51	282.77	289.14	264.83	286.67	0	52.97
2005	1	31	6.492	3683.2705	30.2705	30.2705	 1.38	 0.04	205.48	 1.23	11.29	 0.75	10.33	 1.76	335.51	282.66	289.24	264.54	286.53	0	52.91
2005	1	31	6.704	3683.2793	30.2793	30.2793	 1.30	 0.05	203.78	 1.54	 5.65	 0.97	10.32	 1.72	335.51	282.59	289.30	264.63	286.42	0	52.93
2005	1	31	6.916	3683.2881	30.2881	30.2881	 1.24	 0.05	204.58	 1.93	 5.85	 0.99	10.32	 1.80	335.50	282.52	289.21	264.86	286.38	0	52.97
2005	1	31	7.129	3683.2971	30.2970	30.2970	 1.25	 0.03	203.62	 1.09	10.13	 0.63	10.33	 1.82	335.50	282.47	290.49	265.34	286.27	0	53.07
2005	1	31	7.340	3683.3059	30.3058	30.3058	 1.32	 0.05	199.76	 1.50	18.28	 0.69	10.32	 1.75	335.49	282.44	288.30	266.85	286.26	0	53.37
2005	1	31	7.553	3683.3147	30.3147	30.3147	 1.36	 0.04	201.57	 1.27	23.07	 0.39	10.33	 1.81	335.49	282.42	288.96	267.72	286.29	0	53.54
2005	1	31	7.765	3683.3235	30.3235	30.3235	 1.25	 0.04	201.55	 1.46	14.92	 0.72	10.33	 1.73	335.48	282.46	287.80	267.61	286.32	0	53.52
2005	1	31	7.978	3683.3325	30.3324	30.3324	 1.34	 0.04	208.15	 1.30	 0.79	 1.00	10.33	 1.82	335.47	282.50	289.63	268.01	286.38	0	53.60
2005	1	31	8.191	3683.3413	30.3413	30.3413	 1.32	 0.04	207.81	 1.37	 1.21	 1.00	10.33	 1.75	335.47	282.55	288.83	268.70	286.45	0	53.74
2005	1	31	8.404	3683.3501	30.3502	30.3502	 1.36	 0.06	208.10	 1.72	 1.99	 1.00	10.33	 1.85	335.45	282.60	289.44	269.12	286.53	0	53.82
2005	1	31	8.616	3683.3589	30.3590	30.3590	 1.35	 0.04	204.44	 1.26	 3.73	 0.97	10.33	 1.88	335.48	282.64	289.64	269.25	286.59	0	53.85
2005	1	31	8.829	3683.3679	30.3679	30.3679	 1.15	 0.04	203.28	 1.63	13.15	 0.80	10.33	 1.78	335.48	282.68	289.88	268.90	286.67	0	53.78
2005	1	31	9.042	3683.3767	30.3768	30.3768	 1.06	 0.04	199.73	 1.88	12.25	 0.86	10.33	 1.75	335.45	282.65	289.53	267.86	286.67	0	53.57
2005	1	31	9.254	3683.3855	30.3856	30.3856	 1.32	 0.06	200.11	 1.75	 9.40	 0.95	10.32	 1.84	335.49	282.59	290.56	266.86	286.62	0	53.37
2005	1	31	9.466	3683.3943	30.3944	30.3944	 1.35	 0.06	205.00	 1.86	 2.99	 1.00	10.33	 1.78	335.54	282.57	289.13	266.99	286.55	0	53.40
2005	1	31	9.679	3683.4033	30.4033	30.4033	 1.45	 0.06	202.03	 1.60	 3.18	 0.99	10.33	 1.74	335.45	282.60	286.83	267.27	286.54	0	53.45
2005	1	31	9.892	3683.4121	30.4122	30.4122	 1.30	 0.04	206.05	 1.49	 1.49	 1.00	10.32	 1.80	335.47	282.65	289.47	266.94	286.58	0	53.39
2005	1	31	10.105	3683.4211	30.4210	30.4210	 1.41	 0.05	203.35	 1.41	 2.51	 0.99	10.32	 1.79	335.50	282.71	289.27	267.14	286.63	0	53.43
2005	1	31	10.317	3683.4299	30.4299	30.4299	 1.40	 0.05	202.61	 1.40	 6.23	 0.95	10.32	 1.78	335.48	282.85	288.36	267.39	286.73	0	53.48
2005	1	31	10.530	3683.4387	30.4387	30.4387	 1.32	 0.05	202.53	 1.69	14.06	 0.87	10.32	 1.82	335.46	283.08	287.96	267.64	286.89	0	53.53
2005	1	31	10.743	3683.4475	30.4476	30.4476	 1.23	 0.04	203.43	 1.67	 4.55	 0.98	10.32	 1.80	335.46	283.42	288.20	268.68	287.19	0	53.74
2005	1	31	10.956	3683.4565	30.4565	30.4565	 1.19	 0.04	197.13	 1.54	 4.99	 0.97	10.32	 1.75	335.47	283.87	287.19	270.03	287.68	0	54.01
2005	1	31	11.169	3683.4653	30.4654	30.4654	 1.12	 0.03	200.17	 1.48	 8.42	 0.86	10.33	 1.78	335.49	284.42	288.01	271.23	288.23	0	54.25
2005	1	31	11.383	3683.4744	30.4743	30.4743	 1.15	 0.05	199.74	 2.11	 1.85	 1.00	10.33	 1.75	335.50	284.99	287.05	272.51	288.89	0	54.50
2005	1	31	11.596	3683.4832	30.4832	30.4832	 1.13	 0.03	199.48	 1.26	 7.10	 0.83	10.33	 1.80	335.50	285.66	286.33	273.56	289.59	0	54.71
2005	1	31	11.887	3683.4954	30.4953	30.4953	 0.99	 0.04	202.57	 2.03	 3.13	 0.99	10.37	 1.68	335.59	286.60	287.27	274.85	290.58	0	54.97
2005	1	31	12.099	3683.5042	30.5041	30.5041	 1.13	 0.03	204.42	 1.25	 2.25	 0.98	10.33	 1.85	335.59	287.32	290.25	275.37	291.37	0	55.07
2005	1	31	12.311	3683.5129	30.5130	30.5130	 1.05	 0.04	204.66	 2.04	 3.51	 0.99	10.32	 1.78	335.57	288.10	290.38	276.81	292.16	0	55.36
2005	1	31	12.523	3683.5217	30.5218	30.5218	 1.05	 0.03	201.18	 1.73	 0.53	 1.00	10.33	 1.72	335.60	288.91	289.97	277.78	293.04	0	55.56
2005	1	31	12.736	3683.5308	30.5307	30.5307	 1.05	 0.03	205.15	 1.48	 3.67	 0.97	10.33	 1.75	335.63	289.78	290.98	278.76	293.88	0	55.75
2005	1	31	12.949	3683.5396	30.5395	30.5395	 1.02	 0.04	205.74	 1.95	 1.50	 1.00	10.33	 1.82	335.67	290.68	290.43	279.27	294.86	0	55.85
2005	1	31	13.161	3683.5483	30.5484	30.5484	 1.08	 0.06	206.61	 2.71	 5.17	 1.00	10.32	 1.84	335.70	291.59	292.55	280.23	295.83	0	56.05
2005	1	31	13.374	3683.5571	30.5572	30.5572	 1.21	 0.05	203.71	 1.73	 1.67	 1.00	10.33	 1.79	335.76	292.52	291.91	281.01	297.11	0	56.20
2005	1	31	13.586	3683.5662	30.5661	30.5661	 1.30	 0.06	204.67	 1.92	 0.53	 1.00	10.33	 1.73	335.81	293.47	293.96	281.98	297.82	0	56.40
2005	1	31	13.798	3683.5750	30.5749	30.5749	 1.34	 0.06	207.98	 2.06	 2.50	 1.00	10.33	 1.83	335.84	294.46	297.01	282.84	298.85	0	56.57
2005	1	31	14.012	3683.5837	30.5838	30.5838	 1.60	 0.07	211.64	 1.49	 2.46	 1.00	10.33	 1.90	335.85	295.48	297.30	283.89	299.87	0	56.78
2005	1	31	14.223	3683.5925	30.5926	30.5926	 1.57	 0.06	212.45	 1.40	 0.64	 1.00	10.33	 1.83	335.87	296.53	298.33	285.31	300.95	0	57.06
2005	1	31	14.437	3683.6016	30.6015	30.6015	 1.63	 0.07	208.85	 1.46	 1.41	 1.00	10.32	 1.63	335.86	297.59	298.50	286.70	302.03	0	57.34
2005	1	31	14.650	3683.6104	30.6104	30.6104	 1.94	 0.10	210.45	 1.42	 2.47	 1.00	10.32	 1.69	335.89	298.66	299.12	288.00	303.19	0	57.60
2005	1	31	15.074	3683.6282	30.6281	30.6281	 2.08	 0.13	214.25	 1.56	 3.30	 1.00	10.32	 1.78	335.99	300.77	302.67	290.99	305.45	0	58.20
2005	1	31	15.286	3683.6370	30.6369	30.6369	 1.89	 0.09	212.29	 1.41	 1.05	 1.00	10.35	 1.66	336.01	301.76	302.01	291.95	306.42	0	58.39
2005	1	31	15.500	3683.6458	30.6458	30.6458	 1.97	 0.11	209.26	 1.48	 3.93	 0.99	10.38	 1.60	335.99	302.71	303.39	293.08	307.49	0	58.62
2005	1	31	15.713	3683.6548	30.6547	30.6547	 1.91	 0.10	212.87	 1.42	 0.15	 1.00	10.33	 1.69	335.99	303.67	305.12	294.45	308.46	0	58.89
2005	1	31	15.927	3683.6636	30.6636	30.6636	 2.01	 0.10	213.68	 1.29	 2.30	 1.00	10.37	 1.69	335.99	304.63	308.07	295.22	309.51	0	59.04
2005	1	31	16.139	3683.6724	30.6725	30.6725	 1.93	 0.07	209.21	 0.99	 0.52	 1.00	10.32	 1.62	336.11	305.56	306.51	294.00	310.67	0	58.80
2005	1	31	16.352	3683.6814	30.6813	30.6813	 2.30	 0.32	202.21	 2.82	 5.00	 1.00	10.35	 1.49	336.02	306.34	309.70	290.69	311.67	0	58.14
2005	1	31	16.567	3683.6902	30.6903	30.6903	 1.99	 0.32	208.76	 4.17	12.15	 1.00	10.38	 1.50	336.06	306.94	311.63	288.07	312.19	0	57.61
2005	1	31	16.782	3683.6992	30.6992	30.6992	 1.92	 0.23	208.24	 3.35	 2.63	 1.00	10.37	 1.47	336.07	307.37	311.58	288.02	312.61	0	57.60
2005	1	31	16.995	3683.7083	30.7081	30.7081	 2.18	 0.41	207.38	 4.24	31.16	 1.00	10.30	 1.54	336.10	307.77	312.26	287.81	313.40	0	57.56
2005	1	31	17.208	3683.7170	30.7170	30.7170	 3.00	 0.43	221.05	 1.92	 9.44	 0.99	10.40	 1.94	336.10	308.03	316.53	287.48	313.56	0	57.50
2005	1	31	18.067	3683.7527	30.7528	30.7528	 2.89	 0.28	221.25	 1.40	 3.46	 1.00	10.33	 1.96	336.08	308.86	320.59	291.63	313.09	0	58.33
2005	1	31	18.498	3683.7708	30.7708	30.7708	 2.70	 0.37	216.89	 2.25	13.71	 0.99	10.30	 1.79	336.13	308.99	321.72	293.46	314.80	0	58.69
2005	1	31	19.786	3683.8245	30.8244	30.8244	 2.88	 0.41	211.76	 1.97	13.41	 0.98	10.37	 1.70	336.06	307.97	323.91	291.07	314.03	0	58.21
2005	1	31	20.001	3683.8335	30.8334	30.8334	 3.34	 0.59	215.76	 1.77	 4.52	 1.00	10.40	 1.70	336.11	307.48	321.57	288.80	316.15	0	57.76
2005	1	31	20.216	3683.8423	30.8423	30.8423	 3.08	 0.60	214.52	 2.38	 5.33	 1.00	10.42	 1.77	336.08	307.04	318.54	288.41	313.31	0	57.68
2005	1	31	20.431	3683.8513	30.8513	30.8513	 3.89	 1.21	212.19	 2.05	20.00	 0.97	10.35	 1.75	336.03	306.47	316.98	287.02	311.80	0	57.40
2005	1	31	20.860	3683.8691	30.8692	30.8692	 2.86	 0.42	208.12	 2.04	 3.76	 1.00	10.32	 1.61	335.96	305.42	315.44	286.66	 0.00	0	57.33
2005	1	31	22.780	3683.9492	30.9492	30.9492	 3.86	 0.97	213.31	 1.69	 3.68	 1.00	10.35	 1.77	335.85	298.92	310.61	277.29	305.44	0	55.46
2005	1	31	22.993	3683.9580	30.9581	30.9581	36.54	 1.00	208.92	 0.00	 7.18	 0.00	10.33	 1.71	335.78	298.16	309.52	277.12	304.00	0	55.42
2005	1	31	23.420	3683.9758	30.9758	30.9758	 9.58	341.06	217.54	 1.95	11.30	 0.99	10.32	 1.94	335.77	296.64	308.54	274.55	302.32	0	54.91
2005	1	31	23.634	3683.9846	30.9847	30.9847	 3.27	 0.43	215.48	 1.39	 8.35	 0.98	10.32	 1.77	335.72	295.89	308.09	273.64	301.48	0	54.73
