2010	11	1	0.106	5783.0044	304.0044	0.0044	 1.79	 0.11	212.09	 1.88	 3.68	 1.00	10.35	 1.50	335.12	284.70	291.43	266.31	284.88	0	53.26
2010	11	1	0.324	5783.0137	304.0135	0.0135	 1.45	 0.06	209.05	 1.71	 1.48	 1.00	10.35	 1.47	335.10	284.07	289.09	265.69	284.24	0	53.14
2010	11	1	0.536	5783.0225	304.0223	0.0223	 1.69	 0.11	201.91	 2.01	 0.97	 1.00	10.33	 1.45	335.11	283.48	285.96	265.14	283.64	0	53.03
2010	11	1	0.748	5783.0312	304.0312	0.0312	 1.41	 0.06	202.43	 1.78	 7.48	 0.98	10.33	 1.46	335.12	282.94	284.93	264.96	283.04	0	52.99
2010	11	1	0.959	5783.0400	304.0400	0.0400	 1.40	 0.08	206.73	 2.24	 3.69	 1.00	10.33	 1.52	335.10	282.42	286.00	264.78	282.79	0	52.96
2010	11	1	1.171	5783.0488	304.0488	0.0488	 1.32	 0.06	205.23	 1.86	 5.21	 0.99	10.33	 1.53	335.08	281.91	285.42	264.49	281.91	0	52.90
2010	11	1	1.389	5783.0581	304.0579	0.0579	 0.99	 0.04	203.00	 2.52	 4.71	 0.99	10.35	 1.43	335.18	281.41	282.17	264.05	281.43	0	52.81
2010	11	1	1.601	5783.0669	304.0667	0.0667	 1.04	 0.08	202.90	 4.08	 6.42	 1.00	10.33	 1.48	335.20	280.95	283.88	263.60	280.93	0	52.72
2010	11	1	1.812	5783.0757	304.0755	0.0755	 0.94	 0.04	197.74	 2.45	 6.58	 0.98	10.35	 1.48	335.19	280.50	283.98	263.19	280.44	0	52.64
2010	11	1	2.024	5783.0845	304.0844	0.0844	 0.81	 0.06	201.34	 4.65	 6.26	 1.00	10.32	 1.49	335.20	280.10	283.56	262.97	280.00	0	52.59
2010	11	1	2.236	5783.0933	304.0932	0.0932	 0.94	 0.09	188.33	 5.24	 4.25	 1.00	10.32	 1.49	335.19	279.69	283.22	264.79	279.59	0	52.96
2010	11	1	2.454	5783.1021	304.1023	0.1023	 0.81	 0.05	198.65	 4.11	 3.73	 1.00	10.40	 1.59	335.19	279.32	285.30	263.05	279.14	0	52.61
2010	11	1	2.668	5783.1113	304.1111	0.1111	 0.70	 0.03	205.08	 3.48	 4.11	 0.99	10.37	 1.52	335.19	279.01	282.64	263.56	278.84	0	52.71
2010	11	1	2.880	5783.1201	304.1200	0.1200	 0.67	 0.05	202.83	 6.21	 5.53	 1.00	10.35	 1.49	335.15	278.74	280.25	264.02	278.55	0	52.80
2010	11	1	3.092	5783.1289	304.1288	0.1288	 0.73	 0.04	204.02	 3.66	 4.31	 0.99	10.38	 1.50	335.13	278.48	282.22	263.83	278.34	0	52.77
2010	11	1	3.522	5783.1470	304.1468	0.1467	 0.74	 0.03	199.57	 2.91	 1.75	 1.00	10.38	 1.48	335.04	278.00	280.34	263.44	277.82	0	52.69
# Unit 0, Chajnantor CBI, Filter  0,  Slot 0, 350 um (563) & yellow
#				days
#				since		day of	day of
# yr	mo	dy	 time	1/1/1995	year	month	Tau	unc	Tatm	unc	mse	fitgood	Etime	R	Thot	Twarm	Tchop	Tamb	<Tint>	Filter	Toff
# 1	2	3	4	5		6	7	8	9	10	11	12	13	14	15	16	17	18	19	20	21	22
2010	11	1	3.753	5783.1562	304.1564	0.1564	 0.64	 0.03	203.80	 3.45	 5.59	 0.97	10.35	 1.43	334.97	277.78	278.81	264.00	277.54	0	52.80
2010	11	1	3.965	5783.1650	304.1652	0.1652	 0.76	 0.10	198.03	 8.98	39.16	 0.99	10.33	 1.54	335.01	277.60	280.53	264.22	277.45	0	52.84
2010	11	1	4.177	5783.1738	304.1740	0.1740	 0.70	 0.04	204.36	 4.06	 4.28	 1.00	10.35	 1.52	334.98	277.43	279.74	264.07	277.30	0	52.81
2010	11	1	4.601	5783.1919	304.1917	0.1917	 0.64	 0.04	206.08	 5.59	 6.52	 1.00	10.35	 1.47	334.94	277.08	279.16	263.78	276.97	0	52.76
2010	11	1	4.819	5783.2007	304.2008	0.2008	 0.70	 0.05	201.16	 4.78	 6.16	 1.00	10.35	 1.50	334.96	276.92	280.83	263.66	276.81	0	52.73
2010	11	1	5.031	5783.2095	304.2096	0.2096	 0.66	 0.05	193.28	 5.34	 0.23	 1.00	10.38	 1.38	334.95	276.80	277.74	263.70	277.43	0	52.74
2010	11	1	5.243	5783.2183	304.2185	0.2185	 0.64	 0.04	199.56	 4.49	 5.57	 0.99	10.35	 1.48	334.91	276.67	277.43	263.87	276.56	0	52.77
2010	11	1	5.455	5783.2271	304.2273	0.2273	 0.69	 0.04	192.32	 3.84	 2.73	 1.00	10.33	 1.49	334.98	276.55	277.48	263.92	276.77	0	52.78
2010	11	1	5.666	5783.2363	304.2361	0.2361	 0.70	 0.03	198.80	 3.03	 1.03	 1.00	10.33	 1.52	335.01	276.44	280.76	263.70	276.35	0	52.74
2010	11	1	5.884	5783.2451	304.2452	0.2452	 0.76	 0.04	190.98	 3.50	 4.69	 0.99	10.38	 1.52	335.00	276.33	279.23	263.21	276.19	0	52.64
2010	11	1	6.097	5783.2539	304.2540	0.2540	 0.70	 0.04	187.26	 4.35	 3.71	 1.00	10.33	 1.47	335.10	276.20	276.65	263.02	276.11	0	52.60
2010	11	1	6.308	5783.2627	304.2628	0.2628	 0.68	 0.04	192.01	 4.10	 3.57	 1.00	10.33	 1.50	335.17	276.05	279.57	262.57	275.98	0	52.51
2010	11	1	6.520	5783.2715	304.2717	0.2717	 0.63	 0.04	188.26	 5.02	 6.64	 0.99	10.35	 1.44	335.21	275.88	278.47	261.88	275.80	0	52.38
2010	11	1	6.732	5783.2803	304.2805	0.2805	 0.54	 0.04	191.14	 6.42	 5.26	 1.00	10.33	 1.40	335.24	275.72	276.11	261.66	276.31	0	52.33
2010	11	1	6.950	5783.2896	304.2896	0.2896	 0.58	 0.04	202.89	 6.27	 5.74	 1.00	10.37	 1.47	335.27	275.57	279.53	261.77	275.40	0	52.35
2010	11	1	7.162	5783.2983	304.2984	0.2984	 0.65	 0.04	191.18	 4.68	10.21	 0.98	10.35	 1.52	335.29	275.44	277.77	261.99	275.31	0	52.40
2010	11	1	7.374	5783.3071	304.3073	0.3072	 0.44	 0.04	198.93	 8.92	12.48	 0.97	10.33	 1.38	335.27	275.32	274.94	261.75	275.18	0	52.35
2010	11	1	7.586	5783.3159	304.3161	0.3161	 0.46	 0.04	198.99	 9.30	 3.47	 1.00	10.33	 1.42	335.27	275.20	276.30	261.44	275.05	0	52.29
2010	11	1	7.797	5783.3247	304.3249	0.3249	 0.55	 0.04	188.50	 6.25	 3.28	 1.00	10.32	 1.51	335.33	275.08	276.82	261.43	274.90	0	52.29
2010	11	1	8.015	5783.3340	304.3340	0.3340	 0.42	 0.04	200.36	 8.88	 4.85	 0.99	10.37	 1.39	335.30	274.96	277.97	261.45	274.76	0	52.29
2010	11	1	8.227	5783.3428	304.3428	0.3428	 0.62	 0.03	177.20	 3.93	 4.85	 0.99	10.32	 1.55	335.26	274.84	277.91	261.64	274.68	0	52.33
2010	11	1	8.439	5783.3516	304.3516	0.3516	 0.42	 0.03	189.89	 7.15	 6.89	 0.97	10.33	 1.39	335.21	274.75	273.52	261.72	274.86	0	52.34
2010	11	1	8.651	5783.3604	304.3604	0.3605	 0.37	 0.05	204.32	16.46	14.73	 0.99	10.35	 1.36	335.20	274.65	275.65	261.87	274.48	0	52.37
2010	11	1	8.863	5783.3691	304.3693	0.3693	 0.64	 0.05	179.62	 5.11	 1.36	 1.00	10.33	 1.60	335.23	274.59	278.46	262.14	274.41	0	52.43
2010	11	1	9.081	5783.3784	304.3784	0.3784	 0.46	 0.06	185.65	12.56	11.50	 1.00	10.35	 1.43	335.24	274.55	272.26	262.13	274.37	0	52.43
2010	11	1	9.293	5783.3872	304.3872	0.3872	 0.49	 0.04	188.96	 7.64	 4.85	 1.00	10.33	 1.47	335.24	274.49	276.72	262.07	274.37	0	52.41
2010	11	1	9.504	5783.3960	304.3960	0.3960	 0.48	 0.04	189.71	 8.03	 3.76	 1.00	10.33	 1.48	335.23	274.44	275.68	261.90	274.62	0	52.38
2010	11	1	9.716	5783.4048	304.4048	0.4048	 0.49	 0.03	186.87	 4.91	10.14	 0.88	10.33	 1.42	335.24	274.41	276.37	261.68	274.26	0	52.34
2010	11	1	9.928	5783.4136	304.4137	0.4137	 0.45	 0.03	198.28	 7.86	 2.60	 1.00	10.33	 1.45	335.19	274.45	275.55	262.04	274.21	0	52.41
2010	11	1	10.146	5783.4229	304.4228	0.4228	 0.52	 0.03	183.31	 4.18	10.36	 0.85	10.37	 1.45	335.14	274.67	273.46	262.84	274.34	0	52.57
2010	11	1	10.358	5783.4316	304.4316	0.4316	 0.48	 0.03	193.76	 6.24	 7.05	 0.97	10.32	 1.45	335.09	275.00	273.83	263.95	274.65	0	52.79
2010	11	1	10.570	5783.4404	304.4404	0.4404	 0.48	 0.04	188.48	 7.10	 4.15	 1.00	10.33	 1.44	335.09	275.43	271.84	264.97	275.07	0	52.99
2010	11	1	10.782	5783.4492	304.4492	0.4492	 0.41	 0.03	209.71	 8.11	 5.21	 0.99	10.33	 1.40	335.07	275.91	271.80	265.55	275.54	0	53.11
2010	11	1	10.993	5783.4580	304.4581	0.4581	 0.51	 0.03	195.13	 5.48	 1.49	 1.00	10.35	 1.46	335.07	276.46	272.07	266.39	276.09	0	53.28
2010	11	1	11.212	5783.4673	304.4672	0.4672	 0.50	 0.04	204.25	 8.51	10.71	 0.99	10.35	 1.43	335.07	277.11	272.71	267.54	276.70	0	53.51
2010	11	1	11.423	5783.4761	304.4760	0.4760	 0.59	 0.04	199.79	 6.21	11.39	 0.98	10.33	 1.49	335.07	277.79	273.32	268.34	277.43	0	53.67
2010	11	1	11.635	5783.4849	304.4848	0.4848	 0.60	 0.03	202.70	 4.50	 4.23	 0.99	10.33	 1.49	335.06	278.50	274.55	269.03	278.09	0	53.81
2010	11	1	11.847	5783.4937	304.4936	0.4936	 0.66	 0.04	197.69	 5.11	 3.90	 1.00	10.35	 1.46	335.08	279.26	274.25	269.68	278.82	0	53.94
2010	11	1	12.059	5783.5024	304.5025	0.5025	 0.67	 0.04	200.79	 4.07	17.14	 0.89	10.37	 1.47	335.11	280.04	272.73	270.35	279.55	0	54.07
2010	11	1	12.278	5783.5117	304.5116	0.5116	 0.63	 0.04	209.02	 4.98	 7.46	 0.99	10.35	 1.46	335.15	280.90	273.72	271.23	280.32	0	54.25
2010	11	1	12.489	5783.5205	304.5204	0.5204	 0.71	 0.04	202.23	 4.49	10.99	 0.98	10.32	 1.40	335.14	281.78	272.08	272.05	281.14	0	54.41
2010	11	1	12.701	5783.5293	304.5292	0.5292	 0.79	 0.05	202.73	 4.10	26.79	 0.89	10.37	 1.54	335.11	282.67	275.92	272.72	281.96	0	54.54
2010	11	1	13.125	5783.5469	304.5469	0.5469	 0.96	 0.05	199.80	 3.06	 9.58	 0.98	10.33	 1.48	335.03	284.49	275.69	273.78	283.55	0	54.76
2010	11	1	13.343	5783.5562	304.5559	0.5559	 1.01	 0.04	212.29	 2.46	 9.51	 0.97	10.33	 1.62	335.05	285.47	279.07	274.67	284.39	0	54.93
2010	11	1	13.555	5783.5649	304.5648	0.5648	 1.09	 0.05	204.21	 2.42	 7.99	 0.98	10.33	 1.51	335.01	286.44	275.63	275.51	285.30	0	55.10
2010	11	1	13.766	5783.5737	304.5736	0.5736	 1.26	 0.06	204.39	 2.20	 7.71	 0.99	10.32	 1.51	335.01	287.42	278.60	276.45	286.18	0	55.29
2010	11	1	13.978	5783.5825	304.5824	0.5824	 1.26	 0.06	207.42	 1.98	 2.35	 1.00	10.33	 1.50	335.01	288.42	278.96	277.55	287.13	0	55.51
2010	11	1	14.190	5783.5913	304.5912	0.5913	 1.32	 0.06	209.26	 1.87	 1.72	 1.00	10.35	 1.58	335.07	289.42	280.84	278.69	288.01	0	55.74
2010	11	1	14.408	5783.6006	304.6003	0.6003	 1.22	 0.04	208.47	 1.42	 3.17	 0.98	10.40	 1.56	335.02	290.47	279.32	279.93	289.01	0	55.99
2010	11	1	14.621	5783.6094	304.6092	0.6092	 1.14	 0.04	208.97	 1.92	37.96	 0.42	10.33	 1.51	335.04	291.56	279.81	281.60	289.96	0	56.32
2010	11	1	14.832	5783.6182	304.6180	0.6180	 0.59	 0.04	227.56	 6.33	42.36	 0.78	10.33	 1.44	335.07	292.67	278.71	282.35	291.10	0	56.47
2010	11	1	15.044	5783.6270	304.6268	0.6268	 0.67	 0.04	222.19	 5.05	16.18	 0.96	10.33	 1.52	335.19	293.65	282.91	281.95	292.14	0	56.39
2010	11	1	15.256	5783.6357	304.6357	0.6356	 0.71	 0.07	218.58	 8.50	21.00	 1.00	10.33	 1.46	335.35	294.54	279.58	282.12	292.96	0	56.42
2010	11	1	15.474	5783.6445	304.6447	0.6447	 0.82	 0.06	216.44	 5.12	95.87	 0.62	10.37	 1.46	335.36	295.41	283.61	283.08	293.79	0	56.62
2010	11	1	15.686	5783.6538	304.6536	0.6536	 0.88	 0.06	212.81	 4.10	13.01	 0.99	10.33	 1.52	335.37	296.21	285.19	283.04	294.59	0	56.61
2010	11	1	15.897	5783.6626	304.6624	0.6624	 0.97	 0.04	219.06	 2.55	119.37	 0.03	10.33	 1.66	335.24	296.95	288.24	283.69	295.19	0	56.74
2010	11	1	16.539	5783.6890	304.6891	0.6891	 0.83	 0.07	211.08	 5.74	205.00	 0.33	10.37	 1.47	335.30	298.84	288.52	287.32	297.10	0	57.46
2010	11	1	16.751	5783.6978	304.6980	0.6980	 0.91	 0.08	207.18	 5.57	97.38	 0.80	10.33	 1.39	335.25	299.31	287.79	287.50	297.66	0	57.50
2010	11	1	17.175	5783.7158	304.7156	0.7156	 0.66	 0.10	201.35	11.91	128.23	 0.91	10.33	 1.35	335.28	300.07	280.41	287.48	298.45	0	57.50
2010	11	1	17.817	5783.7422	304.7424	0.7424	 1.08	 0.10	208.37	 4.74	30.80	 0.98	10.35	 1.67	335.32	300.68	297.35	287.97	299.21	0	57.59
2010	11	1	18.882	5783.7866	304.7868	0.7868	 0.96	 0.24	206.11	14.28	61.96	 1.00	10.32	 1.67	335.38	300.54	294.63	287.73	299.58	0	57.55
2010	11	1	19.736	5783.8223	304.8223	0.8223	 0.85	 0.26	215.36	20.76	231.57	 0.99	10.38	 1.69	335.36	299.27	285.74	286.08	298.76	0	57.22
2010	11	1	20.160	5783.8398	304.8400	0.8400	 1.17	 0.31	194.94	11.97	170.08	 0.99	10.35	 1.48	335.32	298.24	296.77	285.03	297.95	0	57.01
2010	11	1	20.802	5783.8667	304.8667	0.8667	 1.47	 0.39	206.77	10.03	45.76	 1.00	10.35	 1.78	335.28	296.54	298.80	282.51	296.47	0	56.50
2010	11	1	21.014	5783.8755	304.8756	0.8756	 0.84	 0.33	223.11	27.64	175.42	 1.00	10.35	 1.42	335.31	295.94	292.64	282.61	296.00	0	56.52
2010	11	1	22.504	5783.9375	304.9377	0.9377	 0.90	 0.47	203.52	31.92	213.73	 1.00	10.37	 1.29	335.22	291.16	294.27	274.93	291.92	0	54.99
2010	11	1	23.147	5783.9644	304.9644	0.9644	 1.57	 0.35	210.24	 8.05	38.45	 1.00	10.33	 1.77	335.19	288.74	292.59	270.10	289.40	0	54.02
2010	11	2	0.212	5784.0088	305.0088	1.0088	 1.28	 0.19	207.97	 6.70	22.60	 1.00	10.33	 1.50	335.09	285.25	288.46	266.86	285.60	0	53.37
2010	11	2	0.424	5784.0176	305.0177	1.0177	 1.21	 0.05	205.85	 1.97	 5.55	 0.99	10.33	 1.53	335.16	284.65	288.68	266.56	284.89	0	53.31
2010	11	2	0.636	5784.0264	305.0265	1.0265	 1.22	 0.07	205.69	 2.50	 3.64	 1.00	10.35	 1.58	335.05	284.03	289.16	265.54	284.28	0	53.11
2010	11	2	0.847	5784.0352	305.0353	1.0353	 1.02	 0.04	204.90	 2.20	 1.90	 1.00	10.32	 1.46	335.08	283.43	287.15	265.45	283.59	0	53.09
2010	11	2	1.065	5784.0444	305.0444	1.0444	 0.95	 0.08	203.06	 4.66	 1.60	 1.00	10.37	 1.52	335.08	282.87	286.97	265.24	282.93	0	53.05
2010	11	2	1.277	5784.0532	305.0532	1.0532	 0.84	 0.04	206.67	 2.95	 0.64	 1.00	10.33	 1.55	335.12	282.34	286.55	264.94	282.37	0	52.99
2010	11	2	1.489	5784.0620	305.0620	1.0620	 0.83	 0.03	204.29	 2.67	 6.72	 0.97	10.33	 1.53	335.18	281.87	285.87	264.73	281.92	0	52.95
2010	11	2	1.701	5784.0708	305.0709	1.0709	 0.90	 0.05	200.88	 3.07	 6.83	 0.99	10.33	 1.54	335.21	281.47	286.14	264.66	281.53	0	52.93
2010	11	2	1.912	5784.0796	305.0797	1.0797	 0.67	 0.04	204.18	 4.11	16.26	 0.91	10.32	 1.39	335.16	281.08	282.74	264.62	281.13	0	52.92
2010	11	2	2.130	5784.0889	305.0887	1.0887	 0.66	 0.03	210.69	 4.29	10.49	 0.96	10.37	 1.50	335.14	280.73	283.89	264.74	280.71	0	52.95
2010	11	2	2.342	5784.0977	305.0976	1.0976	 0.66	 0.03	205.06	 3.37	 2.24	 1.00	10.35	 1.51	335.13	280.43	282.44	264.94	280.44	0	52.99
2010	11	2	2.554	5784.1064	305.1064	1.1064	 0.85	 0.04	198.21	 3.26	 2.87	 1.00	10.32	 1.61	335.11	280.20	286.68	264.97	280.20	0	52.99
2010	11	2	2.765	5784.1152	305.1152	1.1152	 0.65	 0.02	206.12	 3.06	 4.48	 0.97	10.35	 1.57	335.09	279.95	285.06	264.85	279.94	0	52.97
2010	11	2	2.977	5784.1240	305.1241	1.1241	 0.52	 0.03	209.02	 5.50	 4.00	 0.99	10.33	 1.42	335.10	279.71	281.79	264.72	279.68	0	52.94
2010	11	2	3.196	5784.1333	305.1331	1.1331	 0.69	 0.03	190.07	 3.07	 3.65	 0.99	10.38	 1.54	335.09	279.48	281.63	264.66	279.45	0	52.93
2010	11	2	3.638	5784.1514	305.1516	1.1516	 0.51	 0.03	212.50	 5.22	 4.45	 0.99	10.32	 1.48	335.12	279.12	281.65	264.45	279.10	0	52.89
2010	11	2	3.850	5784.1606	305.1604	1.1604	 0.55	 0.02	208.48	 4.12	 5.24	 0.97	10.37	 1.52	335.13	278.94	282.10	264.33	278.95	0	52.87
2010	11	2	4.062	5784.1694	305.1693	1.1692	 0.55	 0.03	201.06	 5.17	 4.92	 0.99	10.33	 1.44	335.09	278.71	280.43	264.09	278.68	0	52.82
2010	11	2	4.273	5784.1782	305.1781	1.1781	 0.58	 0.05	203.74	 6.76	 9.21	 0.99	10.33	 1.52	335.10	278.47	279.98	263.91	279.22	0	52.78
2010	11	2	4.491	5784.1870	305.1871	1.1871	 0.54	 0.02	199.11	 3.71	 7.65	 0.89	10.37	 1.49	335.11	278.28	277.65	263.93	278.20	0	52.79
2010	11	2	4.704	5784.1958	305.1960	1.1960	 0.64	 0.03	194.42	 3.43	 2.07	 1.00	10.35	 1.55	335.11	278.16	281.16	263.79	278.05	0	52.76
2010	11	2	4.915	5784.2046	305.2048	1.2048	 0.65	 0.03	193.61	 3.19	 2.27	 1.00	10.32	 1.51	335.10	278.04	280.16	263.57	277.93	0	52.71
2010	11	2	5.127	5784.2139	305.2136	1.2136	 0.67	 0.03	193.96	 3.55	 2.62	 1.00	10.33	 1.52	335.08	277.90	280.61	263.47	277.80	0	52.69
2010	11	2	5.339	5784.2227	305.2224	1.2225	 0.66	 0.02	192.61	 2.58	 3.54	 0.97	10.32	 1.52	335.08	277.74	279.09	263.47	277.61	0	52.69
2010	11	2	5.557	5784.2314	305.2315	1.2315	 0.61	 0.02	194.14	 3.13	 4.07	 0.97	10.37	 1.47	335.10	277.57	277.51	263.57	277.42	0	52.71
2010	11	2	5.769	5784.2402	305.2404	1.2404	 0.65	 0.04	191.28	 4.21	 2.96	 1.00	10.32	 1.47	335.11	277.44	278.55	263.46	277.30	0	52.69
2010	11	2	5.980	5784.2490	305.2492	1.2492	 0.61	 0.03	197.34	 4.39	 1.55	 1.00	10.35	 1.49	335.13	277.34	279.11	263.26	277.22	0	52.65
2010	11	2	6.192	5784.2578	305.2580	1.2580	 0.65	 0.03	191.31	 2.98	 1.96	 1.00	10.33	 1.48	335.10	277.27	279.05	263.36	275.99	0	52.67
2010	11	2	6.404	5784.2666	305.2668	1.2668	 0.57	 0.04	195.73	 5.20	 2.66	 1.00	10.32	 1.43	335.09	277.21	277.18	263.59	277.04	0	52.72
2010	11	2	6.622	5784.2759	305.2759	1.2759	 0.63	 0.03	203.14	 3.55	 4.53	 0.98	10.38	 1.47	335.11	277.18	278.78	263.70	276.97	0	52.74
2010	11	2	6.834	5784.2847	305.2848	1.2848	 0.53	 0.03	205.67	 4.48	 9.48	 0.91	10.35	 1.38	335.13	277.14	276.70	263.81	276.99	0	52.76
2010	11	2	7.046	5784.2935	305.2936	1.2936	 0.61	 0.03	201.34	 3.52	 7.60	 0.93	10.32	 1.46	335.10	277.10	276.99	263.65	276.95	0	52.73
2010	11	2	7.258	5784.3022	305.3024	1.3024	 0.73	 0.03	200.12	 3.34	 1.68	 1.00	10.35	 1.54	335.09	277.05	279.63	263.58	276.91	0	52.72
2010	11	2	7.469	5784.3110	305.3112	1.3112	 0.63	 0.03	202.65	 3.72	 5.05	 0.98	10.33	 1.44	335.10	277.02	277.43	263.68	276.87	0	52.74
2010	11	2	7.687	5784.3203	305.3203	1.3203	 0.57	 0.03	201.80	 4.11	 7.50	 0.94	10.37	 1.40	335.10	277.00	275.83	263.70	276.86	0	52.74
2010	11	2	7.899	5784.3291	305.3291	1.3291	 0.67	 0.03	199.79	 3.77	 4.27	 0.99	10.33	 1.46	335.09	276.98	279.74	263.49	276.85	0	52.70
2010	11	2	8.112	5784.3379	305.3380	1.3380	 0.69	 0.03	198.29	 3.64	 4.16	 0.99	10.33	 1.45	335.09	276.96	277.55	263.23	276.79	0	52.65
2010	11	2	8.324	5784.3467	305.3468	1.3468	 0.71	 0.03	196.75	 3.39	 3.47	 0.99	10.37	 1.45	335.10	276.94	279.02	263.26	276.76	0	52.65
2010	11	2	8.535	5784.3555	305.3556	1.3556	 0.70	 0.03	196.19	 2.81	 3.39	 0.99	10.32	 1.43	335.09	276.93	278.95	263.37	276.73	0	52.67
2010	11	2	8.753	5784.3647	305.3647	1.3647	 0.66	 0.03	199.76	 3.91	 4.04	 0.99	10.37	 1.42	335.09	276.90	277.61	263.45	276.69	0	52.69
2010	11	2	8.965	5784.3735	305.3735	1.3735	 0.66	 0.03	198.06	 3.58	 2.94	 1.00	10.33	 1.41	335.08	276.89	278.10	263.39	276.71	0	52.68
2010	11	2	9.177	5784.3823	305.3824	1.3824	 0.74	 0.03	190.90	 2.53	 1.77	 1.00	10.35	 1.43	335.08	276.85	276.89	263.00	276.70	0	52.60
2010	11	2	9.389	5784.3911	305.3912	1.3912	 0.68	 0.03	198.76	 3.31	 9.83	 0.92	10.33	 1.46	335.09	276.82	276.35	262.78	276.63	0	52.56
2010	11	2	9.601	5784.3999	305.4000	1.4000	 0.72	 0.02	200.75	 2.54	 4.48	 0.97	10.32	 1.49	335.10	276.77	277.88	262.69	276.58	0	52.54
2010	11	2	9.819	5784.4092	305.4091	1.4091	 0.69	 0.03	208.98	 3.70	 2.74	 1.00	10.37	 1.47	335.10	276.76	277.92	262.73	276.81	0	52.55
2010	11	2	10.031	5784.4180	305.4179	1.4180	 0.79	 0.03	203.55	 2.30	 6.89	 0.93	10.35	 1.51	335.09	276.90	276.11	263.65	276.51	0	52.73
2010	11	2	10.243	5784.4268	305.4268	1.4268	 0.70	 0.02	205.21	 2.18	 4.78	 0.92	10.35	 1.43	335.06	277.20	275.62	265.16	276.79	0	53.03
2010	11	2	10.454	5784.4355	305.4356	1.4356	 0.73	 0.03	204.39	 2.54	 2.76	 0.99	10.35	 1.50	335.01	277.62	276.02	266.64	277.20	0	53.33
2010	11	2	10.666	5784.4443	305.4444	1.4444	 0.70	 0.03	201.20	 3.56	 2.15	 1.00	10.33	 1.45	335.01	278.08	275.11	267.68	277.72	0	53.54
2010	11	2	10.884	5784.4536	305.4535	1.4535	 0.65	 0.03	205.16	 3.30	 4.59	 0.98	10.37	 1.45	335.02	278.59	274.45	268.44	278.26	0	53.69
2010	11	2	11.096	5784.4624	305.4623	1.4623	 0.71	 0.02	201.04	 2.61	10.76	 0.82	10.33	 1.49	334.99	279.18	275.48	269.36	278.88	0	53.87
2010	11	2	11.308	5784.4712	305.4712	1.4712	 0.57	 0.03	206.26	 3.99	 6.96	 0.95	10.38	 1.39	334.97	279.83	273.47	270.25	279.54	0	54.05
2010	11	2	11.521	5784.4800	305.4800	1.4800	 0.72	 0.03	204.04	 3.18	 1.44	 1.00	10.33	 1.58	335.00	280.53	277.54	271.06	280.01	0	54.21
2010	11	2	11.732	5784.4888	305.4888	1.4888	 0.59	 0.03	208.59	 4.94	 4.20	 1.00	10.32	 1.44	335.01	281.28	274.92	271.85	281.02	0	54.37
2010	11	2	11.950	5784.4980	305.4979	1.4979	 0.63	 0.03	207.18	 3.93	 4.80	 0.99	10.35	 1.48	335.02	282.15	276.56	272.61	281.82	0	54.52
2010	11	2	12.162	5784.5068	305.5067	1.5068	 0.66	 0.03	205.08	 3.39	 5.54	 0.97	10.35	 1.49	335.03	283.04	276.56	273.20	282.75	0	54.64
2010	11	2	12.374	5784.5156	305.5156	1.5156	 0.61	 0.02	211.86	 2.65	 8.13	 0.79	10.33	 1.47	335.04	283.98	276.33	273.78	283.56	0	54.76
2010	11	2	12.586	5784.5244	305.5244	1.5244	 0.67	 0.03	207.93	 3.03	 3.60	 0.99	10.33	 1.50	335.05	284.92	277.96	274.36	284.47	0	54.87
2010	11	2	12.798	5784.5332	305.5333	1.5333	 0.73	 0.03	203.90	 2.95	 2.07	 1.00	10.35	 1.56	335.06	285.85	279.47	274.70	285.39	0	54.94
2010	11	2	13.016	5784.5425	305.5423	1.5423	 0.70	 0.02	207.80	 2.44	 3.49	 0.97	10.35	 1.54	335.07	286.85	279.27	275.26	286.32	0	55.05
2010	11	2	13.228	5784.5513	305.5511	1.5512	 0.64	 0.03	211.38	 3.82	 7.61	 0.97	10.33	 1.45	335.09	287.81	277.72	275.81	287.17	0	55.16
2010	11	2	13.439	5784.5601	305.5600	1.5600	 0.77	 0.04	207.95	 3.70	 4.95	 1.00	10.33	 1.52	335.08	288.77	280.16	276.07	288.06	0	55.21
2010	11	2	13.652	5784.5688	305.5688	1.5688	 0.82	 0.04	202.64	 2.91	 5.96	 0.98	10.33	 1.47	335.02	289.74	279.20	276.42	288.92	0	55.28
2010	11	2	13.863	5784.5776	305.5776	1.5776	 0.80	 0.03	212.15	 2.29	 6.01	 0.95	10.32	 1.54	335.05	290.71	282.55	276.89	289.81	0	55.38
2010	11	2	14.081	5784.5869	305.5867	1.5867	 0.89	 0.03	209.51	 2.16	 7.27	 0.94	10.35	 1.55	335.13	291.70	283.86	277.97	290.69	0	55.59
2010	11	2	14.293	5784.5957	305.5956	1.5955	 0.83	 0.04	210.55	 2.87	 6.81	 0.98	10.35	 1.52	335.19	292.66	282.72	279.94	291.57	0	55.99
2010	11	2	14.505	5784.6045	305.6044	1.6044	 0.87	 0.03	205.52	 2.48	12.79	 0.89	10.33	 1.49	335.19	293.61	281.23	280.38	292.44	0	56.08
2010	11	2	14.717	5784.6133	305.6132	1.6132	 0.69	 0.04	215.06	 4.39	18.76	 0.92	10.33	 1.38	335.22	294.52	280.74	281.27	293.22	0	56.25
2010	11	2	14.929	5784.6221	305.6220	1.6220	 0.91	 0.03	212.68	 1.88	 4.01	 0.97	10.33	 1.56	335.22	295.41	287.38	282.91	294.06	0	56.58
2010	11	2	15.147	5784.6313	305.6311	1.6311	 0.96	 0.04	212.38	 2.77	 5.06	 0.99	10.35	 1.53	335.28	296.29	287.31	284.00	295.73	0	56.80
2010	11	2	15.359	5784.6401	305.6400	1.6399	 1.08	 0.06	211.28	 2.86	 3.70	 1.00	10.35	 1.58	335.28	297.10	287.53	283.93	296.78	0	56.79
2010	11	2	15.571	5784.6489	305.6488	1.6488	 1.13	 0.09	206.44	 3.86	 4.74	 1.00	10.35	 1.46	335.30	297.82	285.42	283.70	296.22	0	56.74
2010	11	2	15.783	5784.6577	305.6576	1.6576	 1.21	 0.06	213.63	 2.21	 7.14	 0.99	10.35	 1.52	335.32	298.47	290.72	283.60	296.75	0	56.72
2010	11	2	15.994	5784.6665	305.6664	1.6664	 1.15	 0.07	201.37	 2.78	 2.97	 1.00	10.33	 1.41	335.31	299.08	284.02	285.14	297.35	0	57.03
2010	11	2	16.637	5784.6934	305.6932	1.6932	 1.35	 0.09	211.25	 2.83	18.77	 0.97	10.32	 1.62	335.39	300.42	295.32	284.36	298.55	0	56.87
2010	11	2	17.703	5784.7378	305.7376	1.7376	 1.07	 0.16	213.67	 8.20	48.80	 1.00	10.33	 1.50	335.42	301.69	296.33	289.17	300.00	0	57.83
2010	11	2	18.127	5784.7554	305.7553	1.7553	 0.92	 0.17	214.77	11.86	103.59	 0.99	10.33	 1.34	335.42	301.87	295.78	289.93	300.37	0	57.99
2010	11	2	19.413	5784.8091	305.8089	1.8089	 1.37	 0.16	212.68	 5.07	11.11	 1.00	10.37	 1.98	335.45	300.87	299.46	287.70	300.03	0	57.54
2010	11	2	19.625	5784.8179	305.8177	1.8177	 1.33	 0.23	205.25	 7.27	12.07	 1.00	10.33	 1.84	335.45	300.50	300.26	287.71	299.82	0	57.54
2010	11	2	22.180	5784.9243	305.9242	1.9242	 1.28	 0.38	215.69	13.56	31.25	 1.00	10.37	 1.81	335.32	292.94	293.86	276.17	293.51	0	55.23
2010	11	2	22.392	5784.9331	305.9330	1.9330	 1.73	 0.44	208.88	 8.16	52.73	 1.00	10.33	 1.71	335.35	292.17	297.13	274.41	292.69	0	54.88
2010	11	2	22.610	5784.9419	305.9421	1.9421	 0.91	 0.34	196.84	22.12	16.46	 1.00	10.37	 1.15	335.33	291.27	289.45	272.11	292.51	0	54.42
2010	11	2	23.676	5784.9863	305.9865	1.9865	 1.23	 0.13	202.03	 4.71	 2.74	 1.00	10.37	 1.43	335.21	286.90	289.20	267.46	287.06	0	53.49
2010	11	2	23.888	5784.9951	305.9953	1.9953	 1.34	 0.09	206.84	 2.83	 6.47	 1.00	10.33	 1.63	335.23	286.11	290.03	266.78	286.14	0	53.36
2010	11	3	0.099	5785.0039	306.0042	2.0041	 1.28	 0.06	208.20	 2.11	 4.44	 1.00	10.33	 1.64	335.20	285.36	292.55	266.21	285.37	0	53.24
2010	11	3	0.311	5785.0132	306.0130	2.0130	 1.07	 0.05	202.65	 2.29	 1.19	 1.00	10.32	 1.45	335.15	284.68	288.90	265.75	284.68	0	53.15
2010	11	3	0.523	5785.0220	306.0218	2.0218	 1.14	 0.06	205.17	 2.66	 2.41	 1.00	10.35	 1.57	335.23	284.00	288.60	265.53	283.99	0	53.11
2010	11	3	0.741	5785.0308	306.0309	2.0309	 1.01	 0.06	203.23	 3.39	 2.02	 1.00	10.38	 1.47	335.18	283.33	286.84	265.16	283.29	0	53.03
2010	11	3	0.953	5785.0396	306.0397	2.0397	 1.03	 0.03	206.10	 1.52	 1.79	 0.99	10.32	 1.47	335.18	282.75	286.70	264.65	282.73	0	52.93
2010	11	3	1.164	5785.0483	306.0485	2.0485	 1.12	 0.05	205.78	 2.22	 5.74	 0.99	10.33	 1.58	335.31	282.19	285.57	264.22	282.11	0	52.84
2010	11	3	1.376	5785.0571	306.0573	2.0573	 1.02	 0.10	204.64	 5.41	 3.74	 1.00	10.32	 1.51	335.32	281.65	284.09	263.68	281.65	0	52.74
2010	11	3	1.588	5785.0664	306.0662	2.0662	 1.02	 0.04	203.62	 2.26	 7.05	 0.98	10.35	 1.43	335.23	281.14	283.46	263.44	281.07	0	52.69
2010	11	3	1.806	5785.0752	306.0753	2.0753	 1.09	 0.06	201.72	 2.61	 4.50	 1.00	10.37	 1.52	335.20	280.64	282.98	263.38	280.55	0	52.68
2010	11	3	2.018	5785.0840	306.0841	2.0841	 1.02	 0.05	203.19	 2.74	 6.40	 0.99	10.32	 1.47	335.12	280.22	282.44	263.39	280.28	0	52.68
2010	11	3	2.229	5785.0928	306.0929	2.0929	 0.90	 0.09	205.92	 6.15	 8.20	 1.00	10.33	 1.41	335.06	279.84	280.36	263.42	279.73	0	52.68
2010	11	3	2.441	5785.1016	306.1017	2.1017	 1.01	 0.04	204.28	 2.33	 3.11	 1.00	10.33	 1.46	335.03	279.47	281.05	263.34	279.35	0	52.67
2010	11	3	2.653	5785.1104	306.1106	2.1106	 1.12	 0.04	205.27	 1.77	 1.63	 1.00	10.33	 1.57	335.06	279.14	282.66	263.31	278.95	0	52.66
2010	11	3	2.871	5785.1196	306.1196	2.1196	 1.02	 0.04	202.10	 1.99	 2.31	 1.00	10.37	 1.43	335.10	278.80	278.71	263.02	278.59	0	52.60
2010	11	3	3.316	5785.1382	306.1382	2.1382	 1.01	 0.04	206.33	 2.44	 0.84	 1.00	10.33	 1.41	335.13	278.25	278.68	263.25	278.04	0	52.65
2010	11	3	3.529	5785.1470	306.1470	2.1470	 1.10	 0.03	207.13	 1.49	 0.53	 1.00	10.37	 1.53	335.13	278.06	279.32	263.37	277.82	0	52.67
2010	11	3	3.741	5785.1558	306.1559	2.1559	 1.14	 0.09	205.52	 4.07	 7.57	 1.00	10.33	 1.50	335.10	277.86	279.83	263.49	277.64	0	52.70
2010	11	3	3.952	5785.1646	306.1646	2.1647	 1.12	 0.06	210.40	 2.79	 1.93	 1.00	10.33	 1.52	335.05	277.65	280.33	262.60	277.72	0	52.52
2010	11	3	4.170	5785.1738	306.1737	2.1737	 1.17	 0.05	206.35	 1.87	 2.61	 1.00	10.38	 1.49	335.04	277.43	280.22	262.36	277.17	0	52.47
2010	11	3	4.383	5785.1826	306.1826	2.1826	 1.14	 0.03	202.25	 1.41	 0.98	 1.00	10.37	 1.39	334.99	277.22	277.18	262.00	276.99	0	52.40
2010	11	3	4.594	5785.1914	306.1914	2.1914	 1.12	 0.05	203.58	 2.13	 4.22	 0.99	10.33	 1.41	334.93	277.03	277.05	261.87	276.79	0	52.37
2010	11	3	4.806	5785.2002	306.2003	2.2002	 1.17	 0.03	207.06	 1.38	 2.86	 0.98	10.32	 1.49	335.04	276.87	280.84	262.22	276.59	0	52.44
2010	11	3	5.017	5785.2090	306.2090	2.2091	 1.09	 0.04	205.27	 1.83	 1.21	 1.00	10.33	 1.45	335.07	276.70	279.09	262.44	276.40	0	52.49
2010	11	3	5.236	5785.2183	306.2182	2.2182	 1.11	 0.04	208.31	 1.69	 2.39	 0.99	10.37	 1.47	335.05	276.55	278.02	262.45	276.23	0	52.49
2010	11	3	5.447	5785.2271	306.2270	2.2270	 1.18	 0.04	207.31	 1.62	 2.22	 1.00	10.33	 1.46	335.05	276.41	279.80	262.49	276.12	0	52.50
2010	11	3	5.659	5785.2358	306.2358	2.2358	 1.14	 0.04	206.08	 1.84	 2.80	 1.00	10.37	 1.46	335.06	276.32	277.32	262.75	276.02	0	52.55
2010	11	3	5.871	5785.2446	306.2446	2.2446	 1.19	 0.05	208.21	 1.88	 1.56	 1.00	10.33	 1.55	335.06	276.21	279.34	262.77	275.90	0	52.55
2010	11	3	6.083	5785.2534	306.2534	2.2534	 1.14	 0.05	205.34	 2.11	 1.88	 1.00	10.33	 1.43	335.11	276.10	277.03	262.45	275.81	0	52.49
2010	11	3	6.301	5785.2627	306.2625	2.2625	 1.12	 0.05	204.99	 2.30	 3.97	 1.00	10.37	 1.50	335.13	276.01	277.24	262.56	275.70	0	52.51
2010	11	3	6.513	5785.2715	306.2714	2.2714	 1.07	 0.04	202.39	 2.02	 0.48	 1.00	10.32	 1.40	335.15	275.91	277.66	262.30	275.64	0	52.46
2010	11	3	6.725	5785.2803	306.2802	2.2802	 1.04	 0.05	203.10	 2.35	 2.80	 1.00	10.33	 1.44	335.16	275.82	276.83	262.16	275.55	0	52.43
2010	11	3	6.937	5785.2891	306.2890	2.2890	 1.08	 0.05	199.52	 2.27	 2.22	 1.00	10.37	 1.43	335.18	275.73	277.06	262.09	275.44	0	52.42
2010	11	3	7.149	5785.2979	306.2979	2.2979	 1.01	 0.03	199.03	 1.71	 4.30	 0.97	10.30	 1.44	335.21	275.63	277.09	262.02	275.35	0	52.40
2010	11	3	7.367	5785.3071	306.3069	2.3070	 0.91	 0.03	205.40	 1.89	 6.04	 0.94	10.37	 1.44	335.25	275.55	277.35	262.07	275.23	0	52.41
2010	11	3	7.579	5785.3159	306.3158	2.3158	 0.94	 0.03	205.89	 2.00	 1.43	 1.00	10.32	 1.42	335.24	275.46	277.29	262.11	275.18	0	52.42
2010	11	3	7.791	5785.3247	306.3246	2.3246	 0.97	 0.04	209.00	 2.31	 1.82	 1.00	10.33	 1.50	335.26	275.40	277.77	262.10	275.13	0	52.42
2010	11	3	8.002	5785.3335	306.3334	2.3334	 1.08	 0.04	203.35	 1.67	 2.72	 0.99	10.33	 1.44	335.25	275.34	276.44	262.05	275.03	0	52.41
2010	11	3	8.214	5785.3423	306.3423	2.3422	 1.05	 0.04	204.54	 2.15	 1.03	 1.00	10.33	 1.43	335.22	275.27	275.79	261.66	274.96	0	52.33
2010	11	3	8.432	5785.3516	306.3513	2.3513	 1.03	 0.03	206.26	 1.85	 2.18	 1.00	10.35	 1.47	335.21	275.19	276.50	261.36	274.84	0	52.27
2010	11	3	8.644	5785.3604	306.3602	2.3602	 1.05	 0.04	205.76	 2.15	 1.99	 1.00	10.33	 1.50	335.19	275.14	277.26	261.35	274.79	0	52.27
2010	11	3	8.856	5785.3691	306.3690	2.3690	 1.07	 0.04	206.09	 1.85	 5.75	 0.97	10.35	 1.49	335.19	275.08	277.44	261.46	274.71	0	52.29
2010	11	3	9.068	5785.3779	306.3778	2.3778	 1.04	 0.04	204.50	 2.16	 2.61	 1.00	10.32	 1.45	335.21	275.05	274.03	261.80	274.66	0	52.36
2010	11	3	9.279	5785.3867	306.3867	2.3866	 1.04	 0.04	206.58	 2.09	 2.19	 1.00	10.35	 1.46	335.19	275.02	276.20	261.91	274.62	0	52.38
2010	11	3	9.498	5785.3955	306.3958	2.3957	 1.02	 0.04	203.73	 2.03	 3.24	 0.99	10.38	 1.44	335.19	274.98	276.08	261.84	274.56	0	52.37
2010	11	3	9.709	5785.4048	306.4046	2.4046	 1.03	 0.04	203.37	 1.86	 1.93	 1.00	10.33	 1.42	335.20	274.97	276.24	262.00	274.56	0	52.40
2010	11	3	9.921	5785.4136	306.4134	2.4134	 1.03	 0.03	201.51	 1.52	 1.13	 1.00	10.35	 1.40	335.18	275.05	274.64	262.47	274.55	0	52.49
2010	11	3	10.133	5785.4224	306.4222	2.4222	 0.96	 0.04	202.74	 2.41	 2.43	 1.00	10.33	 1.42	335.15	275.28	272.57	263.18	274.72	0	52.64
2010	11	3	10.345	5785.4312	306.4310	2.4310	 1.09	 0.03	202.81	 1.27	 3.94	 0.94	10.35	 1.51	335.14	275.62	276.00	263.95	275.06	0	52.79
2010	11	3	10.563	5785.4399	306.4401	2.4401	 1.02	 0.04	203.70	 2.16	 2.08	 1.00	10.38	 1.49	335.08	276.06	274.42	264.92	275.47	0	52.98
2010	11	3	10.776	5785.4492	306.4490	2.4490	 0.90	 0.03	209.37	 1.91	 4.39	 0.97	10.33	 1.48	335.06	276.57	273.91	265.97	276.02	0	53.19
2010	11	3	10.987	5785.4580	306.4578	2.4578	 0.89	 0.03	207.77	 1.99	 4.58	 0.97	10.33	 1.46	335.04	277.21	273.66	267.41	276.64	0	53.48
2010	11	3	11.199	5785.4668	306.4666	2.4666	 0.85	 0.03	206.31	 2.17	 4.99	 0.97	10.33	 1.43	335.06	277.91	271.73	268.53	277.39	0	53.71
2010	11	3	11.411	5785.4756	306.4754	2.4754	 0.87	 0.04	203.97	 2.94	 4.40	 0.99	10.33	 1.41	335.06	278.64	271.94	269.20	278.15	0	53.84
2010	11	3	11.629	5785.4844	306.4845	2.4845	 0.96	 0.03	203.81	 1.90	 1.52	 1.00	10.35	 1.53	335.09	279.48	273.89	270.06	278.98	0	54.01
2010	11	3	11.841	5785.4932	306.4933	2.4934	 0.78	 0.03	208.75	 2.45	 5.01	 0.97	10.33	 1.42	335.08	280.34	271.88	271.29	279.87	0	54.26
2010	11	3	12.052	5785.5020	306.5022	2.5022	 0.87	 0.04	202.72	 2.55	 3.50	 0.99	10.33	 1.49	335.06	281.25	273.47	272.31	280.76	0	54.46
2010	11	3	12.264	5785.5112	306.5110	2.5110	 0.86	 0.03	205.21	 2.07	 1.59	 1.00	10.33	 1.51	335.07	282.21	275.32	272.99	281.74	0	54.60
2010	11	3	12.476	5785.5200	306.5198	2.5198	 0.84	 0.02	205.47	 1.87	 1.51	 1.00	10.32	 1.50	335.03	283.21	275.28	273.67	282.69	0	54.73
2010	11	3	12.694	5785.5288	306.5289	2.5289	 0.91	 0.03	207.81	 1.85	 1.92	 0.99	10.37	 1.58	335.00	284.27	277.70	274.39	283.68	0	54.88
2010	11	3	12.906	5785.5376	306.5378	2.5377	 0.90	 0.04	205.70	 2.56	 6.24	 0.98	10.32	 1.48	335.01	285.28	275.75	274.65	284.70	0	54.93
2010	11	3	13.117	5785.5464	306.5465	2.5466	 0.98	 0.05	202.26	 2.96	 3.00	 1.00	10.33	 1.56	334.99	286.35	277.59	274.90	285.69	0	54.98
2010	11	3	13.329	5785.5552	306.5554	2.5554	 0.84	 0.03	205.62	 2.39	 6.63	 0.96	10.33	 1.42	334.97	287.37	276.70	275.28	286.62	0	55.06
2010	11	3	13.541	5785.5640	306.5642	2.5642	 0.91	 0.03	209.84	 2.15	 4.39	 0.98	10.32	 1.58	335.06	288.36	280.49	275.57	287.54	0	55.11
2010	11	3	13.759	5785.5732	306.5733	2.5733	 0.72	 0.05	209.38	 4.73	13.02	 0.98	10.37	 1.40	335.02	289.35	276.33	275.79	288.41	0	55.16
2010	11	3	13.971	5785.5820	306.5821	2.5821	 0.92	 0.03	208.38	 2.25	 3.74	 0.99	10.33	 1.54	335.02	290.31	280.85	276.33	289.26	0	55.27
2010	11	3	14.183	5785.5908	306.5909	2.5909	 1.01	 0.08	208.34	 4.24	 7.72	 1.00	10.33	 1.54	335.02	291.24	283.89	277.20	290.09	0	55.44
2010	11	3	14.394	5785.5996	306.5998	2.5998	 0.97	 0.08	202.60	 4.47	 8.30	 1.00	10.33	 1.49	335.04	292.15	281.16	277.79	290.89	0	55.56
2010	11	3	14.606	5785.6084	306.6086	2.6086	 1.07	 0.06	203.37	 2.74	 9.21	 0.98	10.37	 1.53	335.07	292.99	281.98	278.17	291.65	0	55.63
2010	11	3	14.825	5785.6177	306.6177	2.6177	 1.12	 0.09	206.74	 4.13	 3.87	 1.00	10.37	 1.52	335.10	293.84	285.36	278.76	292.34	0	55.75
2010	11	3	15.037	5785.6265	306.6265	2.6265	 1.09	 0.08	202.93	 3.73	14.91	 0.99	10.32	 1.48	335.17	294.58	284.77	279.28	292.93	0	55.86
2010	11	3	15.248	5785.6353	306.6353	2.6353	 0.95	 0.14	191.27	 7.99	42.26	 0.99	10.35	 1.28	335.19	295.28	277.30	279.77	293.51	0	55.95
2010	11	3	15.460	5785.6440	306.6442	2.6442	 1.03	 0.08	205.15	 4.30	15.38	 0.99	10.33	 1.26	335.21	295.92	287.53	280.45	294.12	0	56.09
2010	11	3	15.672	5785.6528	306.6530	2.6530	 1.07	 0.11	201.37	 5.44	24.44	 0.99	10.35	 1.29	335.22	296.52	281.36	281.06	294.54	0	56.21
2010	11	3	15.890	5785.6621	306.6621	2.6621	 1.24	 0.15	205.33	 5.68	 4.07	 1.00	10.37	 1.56	335.26	297.13	286.32	282.12	295.92	0	56.42
2010	11	3	16.102	5785.6709	306.6709	2.6709	 1.17	 0.10	206.41	 4.19	 6.19	 1.00	10.32	 1.54	335.29	297.67	288.27	282.78	295.72	0	56.56
2010	11	3	16.314	5785.6797	306.6797	2.6797	 1.12	 0.14	208.95	 6.21	26.97	 1.00	10.33	 1.59	335.30	298.17	289.20	283.76	296.09	0	56.75
2010	11	3	16.526	5785.6885	306.6886	2.6886	 0.86	 0.11	206.15	 8.48	21.25	 1.00	10.35	 1.33	335.35	298.59	281.74	284.44	296.44	0	56.89
2010	11	3	16.738	5785.6973	306.6974	2.6974	 0.88	 0.20	189.45	13.32	72.67	 1.00	10.35	 1.15	335.37	298.93	277.07	283.98	296.78	0	56.80
2010	11	3	16.956	5785.7065	306.7065	2.7065	 0.90	 0.17	205.39	11.73	68.14	 1.00	10.37	 1.29	335.35	299.25	285.45	285.72	297.07	0	57.14
2010	11	3	17.592	5785.7329	306.7330	2.7330	 1.17	 0.13	216.24	 5.46	25.47	 1.00	10.35	 1.75	335.39	299.91	294.84	287.41	297.98	0	57.48
2010	11	3	18.446	5785.7686	306.7686	2.7686	 1.42	 0.29	205.57	 8.06	20.42	 1.00	10.42	 1.70	335.38	300.11	296.14	287.18	298.67	0	57.44
2010	11	3	18.659	5785.7773	306.7775	2.7775	 1.18	 0.30	204.99	11.94	45.08	 1.00	10.35	 1.38	335.39	299.96	297.67	285.37	298.70	0	57.07
2010	11	3	18.871	5785.7861	306.7863	2.7863	 1.24	 0.50	188.24	16.68	35.01	 1.00	10.33	 1.22	335.38	299.72	289.78	285.76	298.43	0	57.15
2010	11	3	19.514	5785.8130	306.8131	2.8131	 1.69	 0.36	213.73	 7.19	11.97	 1.00	10.37	 1.91	335.38	298.78	303.07	284.33	298.73	0	56.87
2010	11	3	21.857	5785.9106	306.9107	2.9107	 1.40	 0.95	208.69	27.55	559.28	 1.00	10.33	 1.72	335.31	292.54	299.54	277.92	292.92	0	55.58
2010	11	3	23.989	5785.9995	306.9996	2.9996	 1.23	 0.19	198.32	 6.67	 9.25	 1.00	10.33	 1.70	335.09	284.25	286.70	265.29	284.49	0	53.06
2010	11	4	0.201	5786.0083	307.0084	3.0084	 0.92	 0.12	201.57	 7.88	 8.05	 1.00	10.37	 1.47	335.10	283.57	287.27	264.81	283.77	0	52.96
2010	11	4	0.420	5786.0176	307.0175	3.0175	 1.07	 0.07	203.72	 3.46	15.10	 0.98	10.37	 1.58	335.13	282.93	289.08	264.34	283.05	0	52.87
2010	11	4	0.631	5786.0264	307.0263	3.0263	 0.86	 0.11	209.97	 8.16	11.99	 1.00	10.32	 1.48	335.16	282.32	289.56	263.98	282.39	0	52.80
2010	11	4	0.843	5786.0352	307.0351	3.0351	 0.93	 0.13	207.65	 8.41	 6.68	 1.00	10.33	 1.59	335.16	281.75	286.21	263.72	281.83	0	52.74
2010	11	4	1.054	5786.0439	307.0439	3.0439	 0.96	 0.04	203.38	 2.49	 3.26	 1.00	10.32	 1.59	335.21	281.19	283.32	263.25	281.28	0	52.65
2010	11	4	1.266	5786.0527	307.0528	3.0528	 0.92	 0.07	199.35	 4.35	 4.25	 1.00	10.33	 1.44	335.15	280.66	282.61	262.71	280.70	0	52.54
2010	11	4	1.484	5786.0620	307.0618	3.0618	 0.84	 0.10	205.62	 8.16	23.93	 1.00	10.37	 1.51	335.16	280.15	283.01	262.26	280.15	0	52.45
2010	11	4	1.696	5786.0708	307.0707	3.0707	 0.78	 0.07	202.46	 6.03	16.18	 0.99	10.33	 1.42	335.19	279.66	279.40	261.94	279.62	0	52.39
2010	11	4	1.908	5786.0796	307.0795	3.0795	 0.95	 0.06	205.91	 3.68	14.93	 0.98	10.33	 1.50	335.22	279.18	281.65	261.86	279.11	0	52.37
2010	11	4	2.119	5786.0884	307.0883	3.0883	 0.91	 0.05	204.74	 3.60	 3.30	 1.00	10.33	 1.45	335.21	278.73	280.28	261.77	278.61	0	52.35
2010	11	4	2.331	5786.0972	307.0971	3.0971	 1.08	 0.07	208.39	 3.17	 4.45	 1.00	10.33	 1.54	335.23	278.32	283.60	261.46	278.19	0	52.29
2010	11	4	2.549	5786.1064	307.1062	3.1062	 1.08	 0.15	193.97	 6.67	17.62	 1.00	10.37	 1.45	335.21	277.90	279.39	261.24	278.38	0	52.25
2010	11	4	2.783	5786.1157	307.1160	3.1160	 0.93	 0.07	195.96	 4.21	 6.51	 1.00	10.38	 1.39	335.20	277.46	276.35	261.35	277.16	0	52.27
2010	11	4	3.207	5786.1338	307.1336	3.1336	 0.91	 0.13	201.06	 8.61	46.15	 0.99	10.35	 1.31	335.18	276.79	279.99	261.77	276.50	0	52.35
2010	11	4	3.419	5786.1426	307.1425	3.1425	 1.11	 0.14	201.66	 6.04	11.76	 1.00	10.33	 1.47	335.17	276.51	277.45	261.92	276.20	0	52.38
2010	11	4	3.631	5786.1514	307.1513	3.1513	 1.03	 0.07	205.39	 3.92	 6.31	 1.00	10.33	 1.51	335.26	276.26	276.29	261.81	276.00	0	52.36
2010	11	4	3.849	5786.1602	307.1604	3.1604	 0.92	 0.08	204.52	 5.30	23.01	 0.99	10.35	 1.41	335.20	276.02	275.99	261.51	276.39	0	52.30
2010	11	4	4.061	5786.1694	307.1692	3.1692	 1.03	 0.07	212.64	 3.69	10.47	 0.99	10.33	 1.56	335.21	275.80	281.86	261.31	275.53	0	52.26
2010	11	4	4.272	5786.1782	307.1780	3.1780	 1.11	 0.07	206.50	 3.04	 5.38	 1.00	10.32	 1.51	335.26	275.63	279.80	261.27	275.38	0	52.25
2010	11	4	4.484	5786.1870	307.1868	3.1868	 0.99	 0.11	207.81	 6.24	 4.60	 1.00	10.32	 1.45	335.20	275.48	277.82	261.72	275.95	0	52.34
2010	11	4	4.695	5786.1958	307.1956	3.1956	 1.02	 0.07	204.79	 4.01	 5.95	 1.00	10.35	 1.56	335.18	275.32	274.93	261.64	275.02	0	52.33
2010	11	4	4.914	5786.2046	307.2047	3.2047	 0.94	 0.05	206.57	 2.88	 4.51	 1.00	10.37	 1.46	335.29	275.18	275.86	261.19	275.26	0	52.24
2010	11	4	5.126	5786.2134	307.2136	3.2136	 0.91	 0.05	204.37	 3.07	 1.17	 1.00	10.33	 1.44	335.25	275.07	276.75	260.80	275.56	0	52.16
2010	11	4	5.337	5786.2222	307.2224	3.2224	 0.89	 0.09	201.98	 5.85	14.14	 1.00	10.33	 1.33	335.20	274.95	273.14	260.78	275.40	0	52.16
2010	11	4	5.549	5786.2314	307.2312	3.2312	 1.02	 0.06	204.15	 3.07	 3.10	 1.00	10.35	 1.45	335.27	274.85	275.52	260.79	274.58	0	52.16
2010	11	4	5.761	5786.2402	307.2400	3.2400	 0.91	 0.07	201.95	 4.84	16.21	 0.99	10.33	 1.54	335.25	274.76	274.63	260.81	274.47	0	52.16
2010	11	4	5.979	5786.2490	307.2491	3.2491	 0.82	 0.05	201.92	 3.69	 1.68	 1.00	10.37	 1.43	335.28	274.66	277.31	260.62	274.32	0	52.12
2010	11	4	6.191	5786.2578	307.2580	3.2580	 0.75	 0.05	205.75	 4.45	 3.82	 1.00	10.33	 1.46	335.26	274.54	276.49	260.18	274.28	0	52.04
2010	11	4	6.403	5786.2666	307.2668	3.2668	 0.65	 0.04	199.56	 4.55	 8.66	 0.98	10.33	 1.38	335.25	274.43	272.20	260.02	274.80	0	52.00
2010	11	4	6.614	5786.2754	307.2756	3.2756	 0.65	 0.04	203.31	 5.40	 4.07	 1.00	10.32	 1.40	335.25	274.31	276.18	259.83	273.99	0	51.97
2010	11	4	6.826	5786.2842	307.2844	3.2844	 0.61	 0.04	199.47	 5.65	11.00	 0.98	10.33	 1.36	335.22	274.19	272.10	259.83	273.87	0	51.97
2010	11	4	7.044	5786.2935	307.2935	3.2935	 0.70	 0.04	190.95	 4.56	 9.02	 0.99	10.37	 1.39	335.19	274.09	276.04	259.91	273.73	0	51.98
2010	11	4	7.256	5786.3022	307.3023	3.3023	 0.76	 0.04	187.68	 3.22	 5.21	 0.99	10.32	 1.48	335.21	273.99	275.42	259.98	273.64	0	52.00
2010	11	4	7.468	5786.3110	307.3112	3.3112	 0.60	 0.06	196.96	 8.13	 4.48	 1.00	10.35	 1.36	335.21	273.88	274.40	260.21	273.55	0	52.04
2010	11	4	7.679	5786.3198	307.3200	3.3200	 0.69	 0.05	188.74	 5.55	 4.78	 1.00	10.33	 1.39	335.16	273.76	273.96	260.26	273.42	0	52.05
2010	11	4	7.891	5786.3286	307.3288	3.3288	 0.82	 0.09	183.28	 6.49	 3.71	 1.00	10.35	 1.44	335.15	273.63	276.06	259.94	273.28	0	51.99
2010	11	4	8.110	5786.3379	307.3379	3.3379	 0.72	 0.06	204.01	 5.68	 7.31	 1.00	10.37	 1.50	335.05	273.48	276.75	259.81	273.11	0	51.96
2010	11	4	8.533	5786.3555	307.3556	3.3556	 0.82	 0.06	199.36	 4.53	 8.64	 1.00	10.33	 1.45	335.10	273.23	274.39	259.89	272.85	0	51.98
2010	11	4	8.745	5786.3643	307.3644	3.3644	 0.72	 0.05	198.90	 4.78	 4.29	 1.00	10.33	 1.39	335.12	273.13	274.08	259.60	272.79	0	51.92
2010	11	4	8.957	5786.3730	307.3732	3.3732	 0.78	 0.04	197.88	 3.35	 4.04	 1.00	10.35	 1.45	335.18	273.06	275.07	259.14	272.71	0	51.83
2010	11	4	9.175	5786.3823	307.3823	3.3823	 0.73	 0.06	197.39	 5.89	 3.72	 1.00	10.35	 1.43	335.17	272.94	272.82	259.05	272.62	0	51.81
2010	11	4	9.387	5786.3911	307.3911	3.3911	 0.85	 0.08	199.07	 5.63	 9.82	 1.00	10.33	 1.43	335.12	272.83	275.11	259.17	272.56	0	51.83
2010	11	4	9.598	5786.3999	307.3999	3.3999	 0.73	 0.04	201.98	 4.41	11.73	 0.98	10.33	 1.36	335.08	272.73	271.47	259.08	272.41	0	51.82
2010	11	4	9.810	5786.4087	307.4088	3.4087	 0.78	 0.04	204.87	 3.27	 2.57	 1.00	10.32	 1.46	335.10	272.69	273.67	259.13	272.34	0	51.83
2010	11	4	10.021	5786.4175	307.4175	3.4175	 0.75	 0.05	191.27	 4.64	 1.78	 1.00	10.33	 1.30	335.07	272.77	268.31	259.60	272.30	0	51.92
2010	11	4	10.240	5786.4268	307.4267	3.4267	 0.81	 0.05	186.26	 3.98	24.78	 0.91	10.37	 1.37	335.05	272.98	268.41	260.25	272.45	0	52.05
2010	11	4	10.452	5786.4355	307.4355	3.4355	 0.72	 0.05	190.24	 4.95	 8.17	 0.99	10.33	 1.35	335.02	273.24	269.01	260.82	272.67	0	52.16
2010	11	4	10.663	5786.4443	307.4443	3.4443	 0.78	 0.06	193.72	 5.34	16.43	 0.99	10.33	 1.42	334.99	273.56	272.79	261.52	272.98	0	52.30
2010	11	4	10.875	5786.4531	307.4531	3.4531	 0.77	 0.06	192.36	 5.38	 9.21	 1.00	10.33	 1.30	334.98	273.99	269.03	262.54	273.36	0	52.51
2010	11	4	11.087	5786.4619	307.4619	3.4620	 0.82	 0.05	196.53	 3.78	 9.93	 0.98	10.35	 1.44	335.00	274.51	271.30	263.68	273.90	0	52.74
2010	11	4	11.305	5786.4712	307.4710	3.4710	 0.80	 0.08	189.52	 6.08	 9.11	 1.00	10.35	 1.40	334.96	275.14	271.69	264.58	274.90	0	52.92
2010	11	4	11.729	5786.4888	307.4887	3.4887	 0.82	 0.13	181.19	 9.61	38.81	 1.00	10.35	 1.41	334.97	276.47	265.15	265.87	275.65	0	53.17
2010	11	4	11.941	5786.4976	307.4975	3.4975	 1.07	 0.13	194.84	 6.21	34.97	 0.99	10.35	 1.66	334.99	277.21	278.38	266.19	276.30	0	53.24
2010	11	4	12.153	5786.5063	307.5063	3.5064	 0.66	 0.15	183.16	16.32	28.32	 1.00	10.32	 1.27	335.05	277.95	269.28	267.31	277.00	0	53.46
2010	11	4	12.370	5786.5156	307.5154	3.5154	 0.77	 0.18	191.90	15.22	22.67	 1.00	10.37	 1.48	335.03	278.75	271.79	267.89	277.68	0	53.58
2010	11	4	12.583	5786.5244	307.5243	3.5243	 0.79	 0.14	173.43	10.54	60.75	 0.99	10.35	 1.34	335.12	279.54	269.61	268.23	278.24	0	53.65
2010	11	4	12.794	5786.5332	307.5331	3.5331	 0.95	 0.13	190.06	 7.58	24.91	 1.00	10.35	 1.57	335.09	280.34	279.85	268.46	279.15	0	53.69
2010	11	4	13.006	5786.5420	307.5419	3.5419	 0.52	 0.13	211.61	23.43	47.98	 1.00	10.33	 1.32	335.03	281.16	277.91	269.41	279.95	0	53.88
2010	11	4	13.436	5786.5601	307.5598	3.5598	 0.69	 0.10	206.87	11.22	34.43	 1.00	10.35	 1.76	335.07	282.87	281.24	270.67	281.47	0	54.13
2010	11	4	13.648	5786.5688	307.5687	3.5687	 0.15	 0.12	365.83	229.36	59.60	 1.00	10.33	 1.14	335.05	283.71	264.09	271.39	282.90	0	54.28
2010	11	4	13.860	5786.5776	307.5775	3.5775	 0.51	 0.10	202.47	17.96	21.79	 1.00	10.35	 1.37	334.95	284.58	271.54	271.62	283.06	0	54.32
2010	11	4	14.502	5786.6040	307.6042	3.6042	 0.63	 0.10	202.15	13.08	13.97	 1.00	10.37	 1.41	334.91	287.11	275.63	273.70	285.35	0	54.74
2010	11	4	14.714	5786.6133	307.6131	3.6131	 0.87	 0.13	199.67	 9.12	24.24	 1.00	10.33	 1.74	335.02	287.97	279.88	274.81	286.20	0	54.96
2010	11	4	15.138	5786.6309	307.6308	3.6308	 0.97	 0.07	201.62	 4.11	29.38	 0.95	10.42	 1.70	334.95	289.78	285.00	277.34	287.98	0	55.47
2010	11	4	15.351	5786.6396	307.6396	3.6396	 0.90	 0.18	197.44	11.71	31.25	 1.00	10.35	 1.56	334.95	290.59	279.91	277.79	288.77	0	55.56
2010	11	4	15.994	5786.6665	307.6664	3.6664	 1.20	 0.18	206.62	 6.90	30.45	 1.00	10.38	 1.90	335.06	292.85	286.56	280.01	290.96	0	56.00
2010	11	4	16.419	5786.6841	307.6841	3.6841	 1.00	 0.14	220.40	 8.26	54.41	 0.99	10.33	 1.90	335.05	294.03	292.20	280.84	292.08	0	56.17
2010	11	4	16.849	5786.7021	307.7021	3.7021	 0.98	 0.20	201.19	11.23	57.73	 1.00	10.35	 1.48	335.16	294.98	288.41	282.10	293.05	0	56.42
2010	11	4	17.061	5786.7109	307.7109	3.7109	 1.19	 0.21	208.27	 8.67	62.43	 1.00	10.30	 1.73	335.14	295.39	289.53	282.08	293.49	0	56.42
2010	11	4	17.273	5786.7197	307.7197	3.7197	 1.09	 0.26	208.49	12.53	46.19	 1.00	10.33	 1.66	335.13	295.74	291.59	281.39	293.84	0	56.28
2010	11	4	17.703	5786.7378	307.7376	3.7376	 1.01	 0.30	183.26	14.58	263.25	 0.98	10.35	 1.26	335.18	296.25	276.86	282.45	294.41	0	56.49
2010	11	4	17.915	5786.7466	307.7465	3.7465	 1.13	 0.32	203.03	13.91	74.65	 1.00	10.33	 1.74	335.21	296.41	289.39	282.12	294.59	0	56.42
2010	11	4	18.338	5786.7642	307.7641	3.7641	 1.32	 0.33	221.46	11.38	110.97	 1.00	10.32	 2.03	335.24	296.59	299.66	283.31	294.95	0	56.66
2010	11	4	18.550	5786.7729	307.7729	3.7729	 0.94	 0.26	191.02	15.33	89.20	 1.00	10.33	 1.26	335.30	296.60	286.44	282.57	295.10	0	56.51
2010	11	4	20.052	5786.8354	307.8355	3.8355	 1.05	 0.39	221.36	21.12	190.81	 1.00	10.33	 1.53	335.28	294.87	297.92	280.13	294.04	0	56.03
2010	11	4	21.541	5786.8975	307.8975	3.8975	 1.07	 0.70	174.69	29.21	793.28	 0.99	10.35	 1.36	335.24	291.10	269.51	276.03	291.55	0	55.21
2010	11	4	21.971	5786.9155	307.9155	3.9155	 0.57	 0.43	222.07	72.44	1018.10	 0.99	10.38	 1.34	335.22	289.69	295.99	274.53	289.90	0	54.91
2010	11	4	23.462	5786.9775	307.9776	3.9776	 1.14	 0.30	188.16	11.96	27.53	 1.00	10.37	 1.30	335.10	284.10	277.99	264.81	284.33	0	52.96
2010	11	4	23.886	5786.9951	307.9952	3.9952	 1.19	 0.19	204.93	 7.73	34.57	 1.00	10.32	 1.44	335.12	282.69	285.60	264.03	282.80	0	52.81
2010	11	5	0.104	5787.0044	308.0044	4.0044	 1.35	 0.25	209.36	 7.73	38.43	 1.00	10.40	 1.59	335.15	281.99	290.22	263.56	282.05	0	52.71
2010	11	5	0.317	5787.0132	308.0132	4.0132	 1.30	 0.20	204.36	 6.63	33.75	 1.00	10.35	 1.68	335.10	281.35	283.10	263.20	281.49	0	52.64
2010	11	5	0.528	5787.0220	308.0220	4.0220	 1.37	 0.15	203.33	 4.51	 7.02	 1.00	10.33	 1.52	335.02	280.72	286.39	262.90	280.80	0	52.58
2010	11	5	0.740	5787.0308	308.0308	4.0308	 0.99	 0.20	215.79	12.12	24.48	 1.00	10.33	 1.48	335.03	280.15	282.79	262.47	280.19	0	52.49
2010	11	5	0.952	5787.0396	308.0396	4.0397	 1.12	 0.11	205.52	 4.83	22.30	 0.99	10.32	 1.43	335.07	279.61	281.99	262.11	279.89	0	52.42
2010	11	5	1.170	5787.0488	308.0487	4.0487	 1.33	 0.27	202.60	 8.48	11.97	 1.00	10.37	 1.63	335.04	279.08	282.43	261.75	279.04	0	52.35
2010	11	5	1.382	5787.0576	308.0576	4.0576	 1.34	 0.12	213.07	 3.87	10.56	 1.00	10.35	 1.65	335.01	278.62	286.22	261.35	278.57	0	52.27
2010	11	5	1.593	5787.0664	308.0664	4.0664	 1.19	 0.14	203.73	 5.56	23.36	 1.00	10.33	 1.46	335.06	278.22	281.11	261.04	278.15	0	52.21
2010	11	5	1.805	5787.0752	308.0752	4.0752	 1.15	 0.08	199.17	 3.41	 5.99	 1.00	10.33	 1.34	335.15	277.85	278.22	260.79	277.67	0	52.16
2010	11	5	2.017	5787.0840	308.0840	4.0840	 1.11	 0.20	204.72	 9.18	34.54	 1.00	10.33	 1.49	335.14	277.48	280.00	260.67	277.30	0	52.13
2010	11	5	2.467	5787.1030	308.1028	4.1028	 0.99	 0.18	209.27	10.21	25.21	 1.00	10.37	 1.46	335.12	276.78	280.34	260.14	276.48	0	52.03
2010	11	5	2.680	5787.1118	308.1117	4.1117	 1.03	 0.09	199.84	 4.60	13.65	 1.00	10.37	 1.37	335.18	276.49	277.72	259.96	276.20	0	51.99
2010	11	5	2.892	5787.1206	308.1205	4.1205	 1.06	 0.06	202.50	 2.91	 7.77	 0.99	10.32	 1.49	335.22	276.25	282.66	260.58	275.93	0	52.12
2010	11	5	3.104	5787.1294	308.1293	4.1293	 0.97	 0.07	194.08	 3.82	 2.80	 1.00	10.37	 1.37	335.19	276.02	275.50	260.57	275.65	0	52.11
2010	11	5	3.534	5787.1475	308.1472	4.1472	 1.01	 0.05	193.09	 2.39	 1.89	 1.00	10.37	 1.40	335.20	275.62	277.32	260.56	275.23	0	52.11
2010	11	5	3.746	5787.1562	308.1561	4.1561	 0.90	 0.06	197.08	 3.95	12.61	 0.99	10.33	 1.32	335.21	275.44	277.43	260.63	275.04	0	52.13
2010	11	5	3.957	5787.1650	308.1649	4.1649	 0.88	 0.07	195.33	 5.07	16.62	 0.99	10.32	 1.35	335.24	275.27	276.31	260.36	274.88	0	52.07
2010	11	5	4.169	5787.1738	308.1737	4.1737	 0.91	 0.08	197.26	 5.19	14.43	 1.00	10.33	 1.37	335.18	275.07	276.76	259.40	274.71	0	51.88
2010	11	5	4.381	5787.1826	308.1825	4.1825	 0.95	 0.04	196.69	 2.09	 1.52	 1.00	10.37	 1.45	335.15	274.86	277.17	259.05	274.47	0	51.81
2010	11	5	4.599	5787.1914	308.1916	4.1916	 0.76	 0.06	208.01	 5.78	 8.21	 1.00	10.35	 1.28	335.14	274.62	274.95	259.09	274.21	0	51.82
2010	11	5	4.811	5787.2007	308.2005	4.2005	 0.81	 0.09	192.30	 6.97	11.74	 1.00	10.37	 1.25	335.06	274.38	273.70	260.03	273.92	0	52.01
2010	11	5	5.023	5787.2095	308.2093	4.2093	 0.94	 0.10	199.16	 5.84	10.80	 1.00	10.33	 1.41	335.02	274.16	279.55	260.06	273.68	0	52.01
2010	11	5	5.235	5787.2183	308.2181	4.2181	 0.97	 0.03	199.18	 1.74	 8.30	 0.88	10.35	 1.45	335.24	274.00	275.64	259.50	273.51	0	51.90
2010	11	5	5.447	5787.2271	308.2270	4.2269	 0.89	 0.03	200.30	 2.30	 6.13	 0.97	10.35	 1.37	335.22	273.85	275.10	258.97	273.44	0	51.79
2010	11	5	5.665	5787.2358	308.2360	4.2360	 0.75	 0.05	196.95	 4.48	 1.74	 1.00	10.37	 1.25	335.24	273.73	269.68	259.31	273.28	0	51.86
2010	11	5	5.877	5787.2446	308.2449	4.2449	 0.88	 0.03	198.74	 1.91	 5.18	 0.95	10.37	 1.38	335.22	273.63	274.74	259.53	273.18	0	51.91
2010	11	5	6.089	5787.2539	308.2537	4.2537	 0.86	 0.05	199.99	 3.85	 1.70	 1.00	10.33	 1.37	335.25	273.50	274.89	259.27	273.08	0	51.85
2010	11	5	6.301	5787.2627	308.2625	4.2625	 0.82	 0.06	203.82	 5.07	 5.12	 1.00	10.35	 1.37	335.27	273.37	275.77	259.30	272.86	0	51.86
2010	11	5	6.513	5787.2715	308.2714	4.2714	 0.78	 0.09	196.58	 8.04	31.75	 0.99	10.33	 1.30	335.24	273.26	273.04	259.88	272.75	0	51.98
2010	11	5	6.732	5787.2803	308.2805	4.2805	 0.85	 0.08	200.39	 5.63	 2.41	 1.00	10.35	 1.37	335.26	273.14	275.96	259.94	272.56	0	51.99
2010	11	5	6.943	5787.2891	308.2893	4.2893	 0.99	 0.07	195.49	 3.88	 6.76	 1.00	10.33	 1.44	335.23	273.06	277.46	259.86	272.54	0	51.97
2010	11	5	7.155	5787.2983	308.2981	4.2981	 0.79	 0.06	192.05	 4.96	 5.60	 1.00	10.33	 1.32	335.24	273.00	272.40	259.86	272.59	0	51.97
2010	11	5	7.367	5787.3071	308.3069	4.3069	 1.01	 0.08	192.51	 4.13	 4.37	 1.00	10.33	 1.49	335.24	272.94	276.70	260.02	272.53	0	52.00
2010	11	5	7.579	5787.3159	308.3158	4.3158	 0.71	 0.08	195.42	 7.90	10.00	 1.00	10.35	 1.25	335.25	272.90	272.36	260.19	272.50	0	52.04
2010	11	5	7.797	5787.3247	308.3249	4.3249	 0.78	 0.04	203.03	 3.96	 1.83	 1.00	10.37	 1.43	335.26	272.89	274.31	260.39	272.46	0	52.08
2010	11	5	8.009	5787.3335	308.3337	4.3337	 0.76	 0.04	201.33	 3.91	 1.95	 1.00	10.33	 1.35	335.26	272.90	274.29	260.77	272.52	0	52.15
2010	11	5	8.222	5787.3428	308.3426	4.3426	 0.76	 0.04	198.45	 3.64	 1.96	 1.00	10.40	 1.38	335.27	272.96	272.70	 0.00	272.52	0	54.00
2010	11	5	8.435	5787.3516	308.3514	4.3514	 0.71	 0.03	202.90	 3.43	 9.48	 0.95	10.37	 1.32	335.28	273.01	272.79	260.81	272.58	0	52.16
2010	11	5	8.647	5787.3604	308.3603	4.3603	 0.77	 0.03	204.74	 2.34	 1.67	 1.00	10.40	 1.40	335.28	273.04	275.26	260.59	272.61	0	52.12
2010	11	5	8.866	5787.3696	308.3694	4.3694	 0.78	 0.03	195.97	 2.91	 1.02	 1.00	10.35	 1.37	335.27	273.06	272.38	260.47	272.59	0	52.09
2010	11	5	9.077	5787.3784	308.3782	4.3782	 0.85	 0.04	197.79	 3.24	 2.71	 1.00	10.33	 1.42	335.27	273.09	275.29	260.50	272.62	0	52.10
2010	11	5	9.289	5787.3872	308.3871	4.3870	 0.82	 0.03	199.80	 2.43	 2.33	 1.00	10.35	 1.38	335.28	273.11	276.00	260.67	272.63	0	52.13
2010	11	5	9.501	5787.3960	308.3959	4.3959	 0.79	 0.04	197.08	 3.57	 6.54	 0.99	10.33	 1.37	335.25	273.15	273.88	260.57	274.85	0	52.11
2010	11	5	9.713	5787.4048	308.4047	4.4047	 0.80	 0.03	196.23	 2.19	 5.63	 0.95	10.33	 1.36	335.28	273.17	273.22	260.44	272.69	0	52.09
2010	11	5	9.931	5787.4136	308.4138	4.4138	 0.77	 0.04	200.54	 3.73	 2.77	 1.00	10.35	 1.38	335.27	273.36	271.76	261.38	272.75	0	52.28
2010	11	5	10.142	5787.4224	308.4226	4.4226	 0.74	 0.03	206.59	 2.75	 5.32	 0.97	10.35	 1.38	335.23	273.69	271.70	262.47	273.44	0	52.49
2010	11	5	10.354	5787.4316	308.4314	4.4314	 0.67	 0.03	203.77	 3.20	 1.91	 1.00	10.33	 1.34	335.19	274.10	270.12	263.33	273.48	0	52.67
2010	11	5	10.566	5787.4404	308.4402	4.4403	 0.73	 0.03	204.02	 2.63	 1.71	 1.00	10.32	 1.41	335.16	274.59	272.59	264.42	273.98	0	52.88
2010	11	5	10.778	5787.4492	308.4491	4.4491	 0.74	 0.03	199.85	 2.62	 3.51	 0.99	10.33	 1.41	335.16	275.18	270.76	265.24	274.58	0	53.05
2010	11	5	10.996	5787.4580	308.4582	4.4582	 0.70	 0.04	191.25	 3.68	 4.99	 0.99	10.38	 1.41	335.19	275.85	271.54	265.97	275.23	0	53.19
2010	11	5	11.208	5787.4668	308.4670	4.4670	 0.59	 0.03	191.25	 4.66	 1.93	 1.00	10.33	 1.32	335.17	276.56	268.53	267.28	275.98	0	53.46
2010	11	5	11.419	5787.4756	308.4758	4.4758	 0.57	 0.05	202.57	 8.14	 6.81	 1.00	10.33	 1.38	335.21	277.37	272.46	269.31	276.72	0	53.86
2010	11	5	11.632	5787.4849	308.4846	4.4847	 0.66	 0.06	198.34	 6.37	 8.70	 1.00	10.35	 1.48	335.24	278.27	273.75	270.77	277.67	0	54.15
2010	11	5	11.843	5787.4937	308.4935	4.4935	 0.53	 0.07	200.96	12.47	16.21	 1.00	10.32	 1.34	335.21	279.21	269.67	271.34	278.60	0	54.27
2010	11	5	12.061	5787.5024	308.5025	4.5025	 0.60	 0.05	202.22	 7.02	17.34	 0.98	10.35	 1.38	335.14	280.19	269.92	271.87	279.49	0	54.37
2010	11	5	12.274	5787.5112	308.5114	4.5114	 0.51	 0.03	221.93	 6.19	 8.49	 0.98	10.38	 1.38	335.19	281.16	274.51	272.33	280.47	0	54.47
2010	11	5	12.487	5787.5205	308.5203	4.5203	 0.69	 0.04	200.53	 4.67	10.53	 0.98	10.37	 1.47	335.19	282.11	274.64	272.56	281.35	0	54.51
2010	11	5	12.699	5787.5293	308.5291	4.5291	 0.49	 0.04	205.59	 7.65	29.21	 0.84	10.35	 1.32	335.16	283.08	266.44	273.04	282.29	0	54.61
2010	11	5	12.911	5787.5381	308.5380	4.5380	 0.63	 0.07	203.81	 8.83	32.18	 0.98	10.33	 1.43	335.05	284.05	274.78	273.47	283.13	0	54.69
2010	11	5	13.129	5787.5469	308.5471	4.5470	 0.57	 0.04	209.47	 5.90	26.52	 0.84	10.37	 1.43	335.02	285.05	273.84	273.82	284.07	0	54.76
2010	11	5	13.341	5787.5557	308.5559	4.5559	 0.66	 0.03	203.69	 3.16	 7.44	 0.94	10.32	 1.49	334.99	285.99	277.49	274.82	284.99	0	54.96
2010	11	5	13.553	5787.5649	308.5647	4.5647	 0.80	 0.06	196.46	 4.74	 7.28	 1.00	10.33	 1.58	334.99	287.03	279.54	275.75	285.97	0	55.15
2010	11	5	13.764	5787.5737	308.5735	4.5735	 0.50	 0.04	215.82	 7.90	11.04	 0.98	10.32	 1.41	334.95	287.99	275.95	276.15	286.86	0	55.23
2010	11	5	14.194	5787.5913	308.5914	4.5914	 0.61	 0.07	208.66	 9.78	24.87	 0.99	10.37	 1.49	334.95	289.84	280.30	277.49	288.48	0	55.50
2010	11	5	14.618	5787.6089	308.6091	4.6091	 0.70	 0.08	207.12	 8.67	12.64	 1.00	10.33	 1.56	335.02	291.72	282.25	278.93	290.15	0	55.79
2010	11	5	15.472	5787.6445	308.6447	4.6447	 0.63	 0.07	217.64	10.05	 9.47	 1.00	10.33	 1.46	335.14	295.22	284.47	281.07	293.41	0	56.21
2010	11	5	15.683	5787.6533	308.6535	4.6535	 0.71	 0.08	206.00	 9.00	44.66	 0.98	10.35	 1.47	335.15	295.96	282.83	281.69	294.08	0	56.34
2010	11	5	15.896	5787.6621	308.6623	4.6623	 0.59	 0.06	215.19	 8.62	26.25	 0.97	10.37	 1.32	335.20	296.62	283.43	282.41	294.65	0	56.48
2010	11	5	16.326	5787.6802	308.6803	4.6803	 0.88	 0.09	210.18	 6.34	17.17	 1.00	10.38	 1.70	335.21	297.85	290.40	283.38	295.81	0	56.68
2010	11	5	16.962	5787.7065	308.7067	4.7067	 0.80	 0.09	196.88	 7.30	58.71	 0.95	10.33	 1.36	335.26	299.25	283.75	284.23	297.17	0	56.85
2010	11	5	17.173	5787.7153	308.7155	4.7156	 0.75	 0.09	204.10	 8.97	12.65	 1.00	10.33	 1.39	335.21	299.53	284.45	284.34	297.48	0	56.87
2010	11	5	17.391	5787.7246	308.7246	4.7246	 0.61	 0.09	203.29	13.05	90.64	 0.95	10.37	 1.22	335.21	299.78	286.29	284.32	297.75	0	56.86
2010	11	5	17.603	5787.7334	308.7335	4.7335	 0.81	 0.10	215.13	 8.51	 7.35	 1.00	10.33	 1.65	335.24	299.99	292.20	284.39	297.96	0	56.88
2010	11	5	18.028	5787.7510	308.7512	4.7512	 0.89	 0.08	214.59	 6.23	21.02	 0.99	10.38	 1.58	335.28	300.33	291.58	284.93	298.29	0	56.99
2010	11	5	18.240	5787.7598	308.7600	4.7600	 0.77	 0.13	212.02	12.75	25.71	 1.00	10.35	 1.41	335.30	300.27	294.39	285.59	298.41	0	57.12
2010	11	5	18.670	5787.7778	308.7779	4.7779	 0.85	 0.08	211.42	 6.29	23.94	 0.99	10.32	 1.48	335.27	300.21	293.02	285.98	298.57	0	57.20
2010	11	5	19.094	5787.7954	308.7956	4.7956	 1.03	 0.12	210.30	 6.59	16.53	 1.00	10.33	 1.59	335.23	299.98	296.52	286.61	298.65	0	57.32
2010	11	5	19.948	5787.8311	308.8312	4.8312	 0.85	 0.15	190.79	10.40	37.84	 1.00	10.37	 1.26	335.18	298.93	288.52	287.30	298.36	0	57.46
2010	11	5	20.826	5787.8677	308.8677	4.8677	 0.88	 0.13	210.30	 9.34	12.77	 1.00	10.32	 1.56	335.13	296.97	301.22	285.77	297.07	0	57.15
2010	11	5	22.541	5787.9395	308.9392	4.9392	 1.40	 0.56	222.48	17.51	114.65	 1.00	10.35	 1.96	335.06	291.72	309.61	276.69	292.61	0	55.34
2010	11	5	23.396	5787.9746	308.9748	4.9748	 0.92	 0.14	217.05	 9.89	22.47	 1.00	10.35	 1.56	335.06	288.42	298.00	269.60	289.15	0	53.92
2010	11	5	23.608	5787.9839	308.9837	4.9837	 0.89	 0.21	201.90	14.58	81.41	 1.00	10.37	 1.41	335.09	287.68	287.27	269.10	288.35	0	53.82
2010	11	5	23.826	5787.9927	308.9928	4.9928	 1.11	 0.14	202.67	 6.45	27.15	 1.00	10.35	 1.59	335.14	286.97	291.43	268.55	287.55	0	53.71
2010	11	6	0.038	5788.0015	309.0016	5.0016	 1.14	 0.08	209.18	 3.74	 2.14	 1.00	10.33	 1.56	335.12	286.28	290.63	267.81	286.86	0	53.56
2010	11	6	0.250	5788.0103	309.0104	5.0104	 1.35	 0.08	209.98	 2.54	12.94	 0.98	10.33	 1.70	335.12	285.61	290.94	267.43	286.08	0	53.49
2010	11	6	0.462	5788.0190	309.0192	5.0192	 1.19	 0.13	211.47	 5.39	15.90	 1.00	10.35	 1.55	335.12	285.02	288.90	266.95	285.42	0	53.39
2010	11	6	0.674	5788.0278	309.0281	5.0281	 1.16	 0.07	212.96	 3.09	 2.81	 1.00	10.35	 1.62	335.09	284.44	290.47	266.53	284.74	0	53.31
2010	11	6	0.892	5788.0371	309.0372	5.0372	 1.21	 0.05	210.32	 1.82	 2.43	 1.00	10.35	 1.60	335.08	283.85	289.40	265.96	284.08	0	53.19
2010	11	6	1.104	5788.0459	309.0460	5.0460	 1.16	 0.06	204.21	 2.55	 6.49	 0.99	10.32	 1.46	335.10	283.31	284.88	265.91	283.54	0	53.18
2010	11	6	1.316	5788.0547	309.0548	5.0548	 1.08	 0.04	207.67	 2.06	 6.28	 0.98	10.33	 1.51	335.14	282.82	286.53	265.74	283.75	0	53.15
2010	11	6	1.527	5788.0635	309.0636	5.0636	 1.03	 0.07	211.29	 3.74	18.98	 0.98	10.33	 1.52	335.21	282.31	286.55	265.09	282.41	0	53.02
2010	11	6	1.739	5788.0723	309.0724	5.0725	 1.18	 0.05	212.97	 2.28	 1.54	 1.00	10.35	 1.62	335.14	281.86	289.85	265.00	281.93	0	53.00
2010	11	6	1.957	5788.0815	309.0815	5.0815	 0.98	 0.05	209.72	 2.76	 4.78	 1.00	10.37	 1.49	335.06	281.45	284.69	265.37	281.50	0	53.07
2010	11	6	2.192	5788.0913	309.0913	5.0913	 0.98	 0.04	205.36	 2.23	 4.17	 0.99	10.40	 1.47	335.08	281.09	282.58	265.72	281.04	0	53.14
2010	11	6	2.405	5788.1001	309.1002	5.1002	 1.09	 0.04	207.15	 1.96	 0.75	 1.00	10.37	 1.55	335.12	280.82	284.48	265.76	280.84	0	53.15
2010	11	6	2.617	5788.1089	309.1090	5.1090	 1.02	 0.04	203.66	 2.15	 3.34	 0.99	10.32	 1.46	335.11	280.53	283.82	265.97	280.56	0	53.19
2010	11	6	2.828	5788.1177	309.1179	5.1178	 1.06	 0.10	201.67	 4.65	 5.18	 1.00	10.33	 1.47	335.11	280.30	283.90	265.88	280.31	0	53.18
2010	11	6	3.040	5788.1265	309.1267	5.1267	 1.02	 0.04	202.07	 2.05	 0.66	 1.00	10.33	 1.47	335.11	280.10	281.67	266.05	280.05	0	53.21
2010	11	6	3.259	5788.1357	309.1358	5.1358	 0.97	 0.03	207.33	 1.96	 2.63	 0.99	10.43	 1.51	335.12	279.91	282.87	266.24	279.85	0	53.25
2010	11	6	3.471	5788.1445	309.1446	5.1446	 1.05	 0.03	205.29	 1.54	 3.28	 0.98	10.33	 1.58	335.15	279.69	283.11	265.79	279.65	0	53.16
2010	11	6	3.683	5788.1533	309.1535	5.1535	 0.91	 0.04	205.34	 2.41	 1.40	 1.00	10.35	 1.50	335.15	279.50	280.64	265.87	279.45	0	53.17
2010	11	6	3.895	5788.1621	309.1623	5.1623	 0.87	 0.04	204.51	 2.63	 2.11	 1.00	10.33	 1.44	335.18	279.33	279.11	265.89	279.28	0	53.18
2010	11	6	4.107	5788.1709	309.1711	5.1711	 0.90	 0.04	206.10	 2.74	 2.56	 1.00	10.33	 1.49	335.14	279.17	281.28	265.87	279.12	0	53.17
2010	11	6	4.325	5788.1802	309.1802	5.1802	 0.91	 0.03	207.30	 2.19	 4.13	 0.99	10.37	 1.58	335.15	279.03	281.16	266.06	278.94	0	53.21
2010	11	6	4.537	5788.1890	309.1890	5.1890	 0.88	 0.02	209.10	 1.53	 2.13	 0.98	10.32	 1.52	335.17	278.92	282.66	266.24	278.83	0	53.25
2010	11	6	4.748	5788.1978	309.1978	5.1978	 0.84	 0.03	208.00	 2.34	 2.74	 0.99	10.33	 1.51	335.17	278.81	280.22	265.91	278.76	0	53.18
2010	11	6	4.960	5788.2065	309.2067	5.2067	 0.80	 0.02	206.30	 1.81	 4.91	 0.91	10.35	 1.43	335.14	278.67	280.61	265.46	278.64	0	53.09
2010	11	6	5.172	5788.2153	309.2155	5.2155	 0.83	 0.04	206.18	 3.02	 3.26	 1.00	10.33	 1.44	335.15	278.53	280.77	265.16	279.23	0	53.03
2010	11	6	5.390	5788.2246	309.2246	5.2246	 0.86	 0.03	199.00	 2.02	 1.73	 1.00	10.37	 1.44	335.15	278.38	279.99	264.81	278.31	0	52.96
2010	11	6	5.602	5788.2334	309.2334	5.2334	 0.88	 0.02	199.97	 1.45	 3.04	 0.95	10.33	 1.51	335.14	278.26	279.83	264.71	278.96	0	52.94
2010	11	6	5.814	5788.2422	309.2422	5.2422	 0.90	 0.03	201.93	 2.28	 2.84	 0.99	10.33	 1.53	335.13	278.15	281.29	265.13	278.09	0	53.03
2010	11	6	6.026	5788.2510	309.2511	5.2511	 0.89	 0.03	198.26	 2.01	 4.52	 0.97	10.33	 1.49	335.12	278.04	279.42	264.96	277.95	0	52.99
2010	11	6	6.237	5788.2598	309.2599	5.2599	 0.93	 0.03	200.81	 2.00	 4.19	 0.98	10.33	 1.58	335.11	277.93	282.14	264.89	277.85	0	52.98
2010	11	6	6.455	5788.2690	309.2690	5.2690	 0.79	 0.02	206.01	 2.06	 1.15	 1.00	10.38	 1.47	335.08	277.82	279.44	264.85	277.68	0	52.97
2010	11	6	6.670	5788.2778	309.2779	5.2779	 0.79	 0.03	207.13	 2.60	 3.08	 0.99	10.38	 1.47	335.06	277.71	280.29	264.99	277.59	0	53.00
2010	11	6	6.883	5788.2866	309.2868	5.2868	 0.82	 0.03	202.70	 2.26	 2.83	 0.99	10.37	 1.47	335.07	277.60	279.41	264.91	277.49	0	52.98
2010	11	6	7.095	5788.2954	309.2956	5.2956	 0.79	 0.03	206.90	 2.36	 4.96	 0.97	10.35	 1.49	335.07	277.51	280.75	264.96	277.41	0	52.99
2010	11	6	7.307	5788.3047	309.3044	5.3044	 0.76	 0.04	207.30	 3.57	 2.55	 1.00	10.33	 1.47	335.05	277.44	280.62	264.83	277.34	0	52.97
2010	11	6	7.525	5788.3135	309.3135	5.3135	 0.78	 0.05	200.15	 3.97	 3.73	 1.00	10.37	 1.45	335.01	277.35	279.73	264.29	277.25	0	52.86
2010	11	6	7.737	5788.3223	309.3224	5.3224	 0.80	 0.03	198.21	 2.65	 4.47	 0.99	10.33	 1.46	335.01	277.25	280.33	263.98	277.18	0	52.80
2010	11	6	7.949	5788.3311	309.3312	5.3312	 0.86	 0.03	195.53	 2.04	 7.66	 0.91	10.35	 1.51	335.05	277.16	279.97	263.93	277.04	0	52.79
2010	11	6	8.161	5788.3398	309.3401	5.3401	 0.76	 0.04	197.19	 3.31	 3.68	 1.00	10.38	 1.43	335.05	277.08	277.86	264.05	276.97	0	52.81
2010	11	6	8.374	5788.3491	309.3489	5.3489	 0.72	 0.03	202.60	 3.20	 4.55	 0.99	10.33	 1.47	335.06	277.00	279.11	263.94	276.87	0	52.79
2010	11	6	8.592	5788.3579	309.3580	5.3580	 0.70	 0.03	205.83	 3.32	 3.62	 0.99	10.37	 1.42	335.04	276.95	277.81	264.20	277.09	0	52.84
2010	11	6	8.804	5788.3667	309.3668	5.3668	 0.74	 0.03	206.32	 3.31	 1.72	 1.00	10.33	 1.47	335.04	276.90	278.29	263.87	276.74	0	52.77
2010	11	6	9.016	5788.3755	309.3757	5.3757	 0.73	 0.03	205.63	 3.23	 4.61	 0.99	10.35	 1.45	335.07	276.82	278.46	263.73	276.66	0	52.75
2010	11	6	9.228	5788.3843	309.3845	5.3845	 0.74	 0.03	204.14	 2.76	 2.67	 0.99	10.33	 1.47	335.14	276.75	278.33	263.65	276.60	0	52.73
2010	11	6	9.439	5788.3931	309.3933	5.3933	 0.74	 0.02	204.19	 2.44	 7.11	 0.91	10.32	 1.48	335.15	276.67	278.75	263.47	276.49	0	52.69
2010	11	6	9.658	5788.4023	309.4024	5.4024	 0.75	 0.03	202.64	 2.79	 4.40	 0.98	10.38	 1.52	335.19	276.60	278.35	263.41	276.37	0	52.68
2010	11	6	9.870	5788.4111	309.4112	5.4112	 0.66	 0.02	207.84	 3.04	 4.85	 0.97	10.35	 1.42	335.20	276.62	275.92	263.78	276.33	0	52.76
2010	11	6	10.082	5788.4199	309.4201	5.4201	 0.73	 0.03	205.36	 3.00	 4.90	 0.98	10.35	 1.45	335.18	276.83	276.85	264.15	276.44	0	52.83
2010	11	6	10.293	5788.4287	309.4289	5.4289	 0.76	 0.03	206.11	 2.98	 2.79	 1.00	10.33	 1.50	335.17	277.13	275.64	265.64	276.77	0	53.13
2010	11	6	10.505	5788.4375	309.4377	5.4377	 0.78	 0.03	206.31	 2.85	 1.52	 1.00	10.35	 1.49	335.14	277.52	276.03	266.69	277.17	0	53.34
2010	11	6	10.724	5788.4468	309.4468	5.4468	 0.71	 0.03	205.99	 2.92	 3.50	 0.99	10.40	 1.42	335.11	278.03	273.14	267.80	277.66	0	53.56
2010	11	6	10.936	5788.4556	309.4557	5.4557	 0.83	 0.04	204.78	 2.98	 0.20	 1.00	10.37	 1.54	335.09	278.60	274.78	268.86	278.28	0	53.77
2010	11	6	11.149	5788.4644	309.4645	5.4645	 0.84	 0.03	209.96	 2.49	 5.70	 0.98	10.37	 1.55	335.06	279.28	277.50	270.09	278.93	0	54.02
2010	11	6	11.361	5788.4736	309.4734	5.4734	 0.86	 0.04	205.12	 2.65	 2.44	 1.00	10.35	 1.47	335.04	280.03	274.67	271.45	279.70	0	54.29
2010	11	6	11.574	5788.4824	309.4822	5.4822	 0.89	 0.03	208.75	 1.84	 1.86	 0.99	10.37	 1.53	335.03	280.87	277.06	272.56	280.56	0	54.51
2010	11	6	11.792	5788.4912	309.4913	5.4913	 0.83	 0.04	211.30	 2.90	 5.64	 0.99	10.37	 1.47	335.09	281.76	275.21	273.17	281.43	0	54.63
2010	11	6	12.004	5788.5000	309.5002	5.5002	 0.89	 0.04	207.99	 2.51	 3.99	 0.99	10.33	 1.43	335.10	282.67	274.18	273.81	282.35	0	54.76
2010	11	6	12.216	5788.5088	309.5090	5.5090	 0.98	 0.03	208.59	 1.79	 0.86	 1.00	10.33	 1.47	335.13	283.62	275.24	274.43	283.22	0	54.89
2010	11	6	12.428	5788.5181	309.5178	5.5178	 1.03	 0.04	206.25	 2.32	10.62	 0.95	10.33	 1.41	335.12	284.60	274.94	274.90	284.18	0	54.98
2010	11	6	12.639	5788.5269	309.5266	5.5266	 1.06	 0.03	207.04	 1.68	 1.44	 1.00	10.33	 1.43	335.06	285.58	276.25	275.52	285.09	0	55.10
2010	11	6	12.858	5788.5356	309.5357	5.5357	 1.18	 0.05	207.24	 1.85	 1.00	 1.00	10.35	 1.51	335.03	286.58	279.65	276.12	286.04	0	55.22
2010	11	6	13.069	5788.5444	309.5446	5.5446	 1.13	 0.04	207.74	 1.99	 2.68	 1.00	10.32	 1.42	335.03	287.54	279.24	276.38	286.94	0	55.28
2010	11	6	13.281	5788.5532	309.5534	5.5534	 1.24	 0.04	211.75	 1.65	 1.25	 1.00	10.33	 1.58	335.04	288.49	281.47	276.62	287.80	0	55.32
2010	11	6	13.493	5788.5620	309.5622	5.5622	 1.29	 0.07	210.87	 2.37	 2.60	 1.00	10.35	 1.53	335.02	289.44	280.80	277.20	289.78	0	55.44
2010	11	6	13.705	5788.5708	309.5710	5.5710	 1.15	 0.09	203.05	 3.95	 4.29	 1.00	10.32	 1.34	335.03	290.39	276.13	277.87	289.53	0	55.57
2010	11	6	13.922	5788.5801	309.5801	5.5801	 1.30	 0.08	210.44	 2.70	 5.17	 1.00	10.35	 1.57	335.07	291.34	283.40	278.09	290.38	0	55.62
2010	11	6	14.134	5788.5889	309.5889	5.5889	 1.24	 0.08	210.30	 2.96	 3.89	 1.00	10.35	 1.54	335.10	292.24	283.58	278.60	291.20	0	55.72
2010	11	6	14.347	5788.5977	309.5978	5.5978	 1.16	 0.06	212.44	 2.69	 3.21	 1.00	10.33	 1.54	335.15	293.07	284.11	279.43	291.95	0	55.89
2010	11	6	14.558	5788.6064	309.6066	5.6066	 1.08	 0.06	213.96	 2.95	14.35	 0.97	10.33	 1.52	335.22	293.91	284.67	279.99	292.63	0	56.00
2010	11	6	14.769	5788.6152	309.6154	5.6154	 1.14	 0.10	208.35	 4.29	 6.71	 1.00	10.33	 1.57	335.24	294.75	282.97	280.60	293.36	0	56.12
2010	11	6	14.988	5788.6245	309.6245	5.6245	 0.94	 0.10	208.52	 6.31	17.97	 1.00	10.38	 1.39	335.23	295.52	280.72	281.19	294.07	0	56.24
2010	11	6	15.200	5788.6333	309.6333	5.6333	 1.05	 0.10	208.39	 5.37	11.68	 1.00	10.32	 1.46	335.29	296.22	283.97	281.47	294.60	0	56.29
2010	11	6	15.412	5788.6421	309.6422	5.6422	 1.28	 0.10	212.21	 3.47	 7.28	 1.00	10.37	 1.64	335.34	296.88	289.68	282.01	295.12	0	56.40
2010	11	6	15.624	5788.6509	309.6510	5.6510	 1.08	 0.16	209.90	 8.16	12.03	 1.00	10.33	 1.44	335.31	297.48	288.18	282.33	295.67	0	56.47
2010	11	6	16.054	5788.6689	309.6689	5.6689	 0.95	 0.17	196.61	10.18	11.46	 1.00	10.35	 1.24	335.28	298.61	273.94	283.19	296.50	0	56.64
2010	11	6	16.266	5788.6777	309.6777	5.6777	 1.33	 0.10	214.08	 3.35	15.56	 0.99	10.33	 1.77	335.29	299.09	291.83	283.31	297.02	0	56.66
2010	11	6	17.966	5788.7485	309.7486	5.7486	 1.36	 0.20	218.57	 6.29	76.25	 0.98	10.33	 1.97	335.34	301.12	302.99	288.04	299.24	0	57.61
2010	11	6	18.184	5788.7578	309.7577	5.7577	 0.99	 0.22	213.71	13.02	145.08	 0.99	10.37	 1.63	335.36	301.16	295.94	288.16	299.44	0	57.63
2010	11	6	19.888	5788.8286	309.8286	5.8286	 2.22	 0.83	199.83	 7.95	144.70	 0.99	10.35	 1.72	335.34	299.67	299.43	285.46	299.15	0	57.09
2010	11	6	20.099	5788.8374	309.8375	5.8375	 1.30	 0.29	215.95	10.28	103.45	 1.00	10.33	 1.68	335.32	299.28	298.23	284.92	298.88	0	56.98
2010	11	6	22.872	5788.9531	309.9530	5.9530	 1.88	 0.73	215.13	11.44	49.05	 1.00	10.33	 1.70	335.23	290.68	299.83	271.17	290.80	0	54.23
2010	11	6	23.514	5788.9800	309.9797	5.9797	 1.63	 0.39	210.97	 8.28	62.19	 1.00	10.35	 1.38	335.18	288.18	295.79	269.24	288.10	0	53.85
2010	11	6	23.726	5788.9888	309.9886	5.9886	 1.81	 0.27	214.76	 4.53	39.61	 0.99	10.32	 1.73	335.17	287.45	291.62	268.72	287.61	0	53.74
2010	11	6	23.937	5788.9976	309.9974	5.9974	 1.63	 0.25	205.82	 5.23	54.37	 0.99	10.37	 1.46	335.17	286.74	286.08	268.29	286.57	0	53.66
2010	11	7	0.149	5789.0063	310.0062	6.0062	 1.93	 0.19	210.87	 2.72	11.37	 1.00	10.33	 1.58	335.12	286.06	291.63	268.01	285.92	0	53.60
2010	11	7	0.361	5789.0151	310.0150	6.0150	 1.66	 0.12	210.24	 2.42	 2.18	 1.00	10.32	 1.41	335.13	285.44	290.73	267.66	285.29	0	53.53
2010	11	7	0.579	5789.0239	310.0241	6.0241	 1.65	 0.11	211.89	 2.16	 2.83	 1.00	10.35	 1.50	335.16	284.85	287.81	267.14	284.66	0	53.43
2010	11	7	0.791	5789.0332	310.0330	6.0330	 1.68	 0.07	210.68	 1.30	 1.74	 1.00	10.35	 1.49	335.14	284.27	289.36	266.90	284.94	0	53.38
2010	11	7	1.003	5789.0420	310.0418	6.0418	 1.94	 0.10	210.16	 1.39	 2.12	 1.00	10.35	 1.49	335.11	283.68	287.67	265.78	283.63	0	53.16
2010	11	7	1.215	5789.0508	310.0506	6.0506	 1.65	 0.16	211.74	 3.27	 9.88	 1.00	10.33	 1.48	335.11	283.15	286.27	265.51	283.09	0	53.10
2010	11	7	1.426	5789.0596	310.0594	6.0594	 1.69	 0.08	208.42	 1.50	 0.87	 1.00	10.32	 1.45	335.16	282.68	286.11	265.45	283.27	0	53.09
2010	11	7	1.644	5789.0684	310.0685	6.0685	 1.64	 0.07	209.22	 1.51	 2.52	 1.00	10.38	 1.52	335.20	282.20	284.55	265.15	282.10	0	53.03
2010	11	7	1.876	5789.0781	310.0782	6.0782	 1.59	 0.09	210.64	 1.97	 1.24	 1.00	10.38	 1.47	335.24	281.72	284.79	264.90	281.60	0	52.98
2010	11	7	2.088	5789.0869	310.0870	6.0870	 1.57	 0.06	208.90	 1.31	 5.19	 0.97	10.32	 1.44	335.31	281.33	283.70	264.84	281.27	0	52.97
2010	11	7	2.299	5789.0957	310.0958	6.0958	 1.57	 0.08	208.63	 1.79	 1.89	 1.00	10.33	 1.40	335.25	281.00	282.48	264.69	280.89	0	52.94
2010	11	7	2.511	5789.1045	310.1046	6.1046	 1.49	 0.07	210.62	 1.77	 2.28	 1.00	10.35	 1.44	335.22	280.59	283.85	264.41	280.52	0	52.88
2010	11	7	2.723	5789.1133	310.1135	6.1135	 1.42	 0.06	212.21	 1.57	 1.75	 1.00	10.35	 1.47	335.17	280.27	284.25	264.44	280.18	0	52.89
2010	11	7	2.941	5789.1226	310.1226	6.1226	 1.40	 0.06	208.85	 1.82	 6.16	 0.99	10.37	 1.43	335.13	280.00	281.80	265.03	279.82	0	53.01
2010	11	7	3.153	5789.1313	310.1314	6.1314	 1.49	 0.05	211.07	 1.33	 2.54	 0.99	10.33	 1.48	335.11	279.76	282.83	265.29	279.62	0	53.06
2010	11	7	3.366	5789.1401	310.1402	6.1402	 1.47	 0.07	210.65	 1.75	 0.63	 1.00	10.33	 1.47	335.12	279.54	281.62	265.01	279.41	0	53.00
2010	11	7	3.577	5789.1489	310.1490	6.1491	 1.44	 0.05	211.32	 1.44	 1.29	 1.00	10.33	 1.53	335.11	279.32	282.08	264.74	279.21	0	52.95
2010	11	7	3.789	5789.1577	310.1579	6.1579	 1.45	 0.06	210.24	 1.65	 3.76	 0.99	10.33	 1.43	335.09	279.12	281.58	264.51	278.99	0	52.90
2010	11	7	4.007	5789.1670	310.1670	6.1670	 1.42	 0.06	210.29	 1.59	 2.14	 1.00	10.40	 1.46	335.08	278.90	280.90	264.58	278.74	0	52.92
2010	11	7	4.219	5789.1758	310.1758	6.1758	 1.48	 0.08	209.40	 2.18	 7.34	 0.99	10.32	 1.48	335.07	278.72	282.11	264.87	278.59	0	52.97
2010	11	7	4.431	5789.1846	310.1846	6.1846	 1.18	 0.05	211.28	 2.10	 0.92	 1.00	10.33	 1.42	335.08	278.54	278.95	264.81	278.44	0	52.96
2010	11	7	4.643	5789.1934	310.1935	6.1935	 1.19	 0.07	210.11	 2.84	 3.56	 1.00	10.37	 1.46	335.04	278.35	280.39	264.55	278.29	0	52.91
2010	11	7	4.855	5789.2021	310.2023	6.2023	 1.32	 0.07	213.27	 2.27	 2.70	 1.00	10.32	 1.50	335.04	278.18	281.40	264.26	278.08	0	52.85
2010	11	7	5.073	5789.2114	310.2114	6.2114	 1.36	 0.05	209.00	 1.61	 0.79	 1.00	10.37	 1.49	335.03	278.05	278.69	264.57	278.25	0	52.91
2010	11	7	5.285	5789.2202	310.2202	6.2202	 1.29	 0.06	209.29	 1.99	 1.27	 1.00	10.33	 1.42	335.03	277.93	279.75	264.43	277.80	0	52.89
2010	11	7	5.497	5789.2290	310.2290	6.2290	 1.29	 0.04	208.94	 1.32	 2.57	 0.99	10.33	 1.46	335.01	277.78	279.92	264.13	277.69	0	52.83
2010	11	7	5.708	5789.2378	310.2378	6.2378	 1.18	 0.05	207.48	 2.05	 2.46	 1.00	10.32	 1.39	335.00	277.65	278.50	264.00	277.53	0	52.80
2010	11	7	5.920	5789.2466	310.2467	6.2467	 1.25	 0.04	210.47	 1.57	 0.67	 1.00	10.35	 1.48	335.00	277.54	281.45	263.94	278.17	0	52.79
2010	11	7	6.138	5789.2559	310.2557	6.2558	 1.17	 0.04	209.18	 1.81	 1.73	 1.00	10.37	 1.45	335.01	277.42	278.93	263.92	277.29	0	52.78
2010	11	7	6.350	5789.2646	310.2646	6.2646	 1.17	 0.05	208.60	 2.30	 2.07	 1.00	10.33	 1.41	335.02	277.31	278.98	263.93	277.19	0	52.79
2010	11	7	6.562	5789.2734	310.2734	6.2734	 1.24	 0.05	209.22	 1.85	 2.34	 1.00	10.33	 1.45	334.99	277.19	280.26	263.97	277.08	0	52.79
2010	11	7	6.773	5789.2822	310.2822	6.2822	 1.20	 0.04	209.66	 1.60	 0.64	 1.00	10.33	 1.48	334.98	277.08	279.15	263.92	276.97	0	52.78
2010	11	7	6.986	5789.2910	310.2911	6.2911	 1.15	 0.04	214.15	 1.74	 2.61	 1.00	10.33	 1.53	334.98	277.00	281.13	263.63	276.85	0	52.73
2010	11	7	7.203	5789.3003	310.3001	6.3001	 1.16	 0.05	203.18	 2.19	 2.19	 1.00	10.35	 1.38	334.97	276.89	276.42	263.39	276.73	0	52.68
2010	11	7	7.415	5789.3091	310.3090	6.3090	 1.15	 0.06	206.20	 2.38	 2.30	 1.00	10.35	 1.40	335.00	276.79	277.85	263.39	276.65	0	52.68
2010	11	7	7.627	5789.3179	310.3178	6.3178	 1.13	 0.04	206.00	 1.76	 1.20	 1.00	10.33	 1.42	335.01	276.70	278.07	263.54	276.56	0	52.71
2010	11	7	7.839	5789.3267	310.3266	6.3266	 1.09	 0.06	206.88	 2.69	 2.46	 1.00	10.33	 1.35	335.04	276.64	278.14	263.69	276.47	0	52.74
2010	11	7	8.051	5789.3354	310.3354	6.3354	 1.25	 0.04	208.17	 1.48	 5.33	 0.96	10.33	 1.49	335.05	276.59	278.46	263.80	276.42	0	52.76
2010	11	7	8.269	5789.3447	310.3446	6.3446	 1.24	 0.04	208.25	 1.62	 2.54	 1.00	10.42	 1.42	335.08	276.55	277.18	263.61	276.67	0	52.72
2010	11	7	8.483	5789.3535	310.3534	6.3534	 1.27	 0.05	209.90	 1.87	 4.80	 0.99	10.37	 1.45	335.12	276.47	278.63	263.08	276.34	0	52.62
2010	11	7	8.695	5789.3623	310.3623	6.3623	 1.31	 0.05	209.53	 1.54	 1.56	 1.00	10.35	 1.44	335.16	276.39	277.80	262.67	276.22	0	52.53
2010	11	7	8.907	5789.3711	310.3711	6.3711	 1.40	 0.05	209.47	 1.42	 1.57	 1.00	10.33	 1.51	335.19	276.33	279.14	262.17	276.12	0	52.43
2010	11	7	9.118	5789.3799	310.3799	6.3799	 1.35	 0.05	207.45	 1.65	 0.85	 1.00	10.32	 1.42	335.20	276.25	277.83	261.94	276.01	0	52.39
2010	11	7	9.336	5789.3892	310.3890	6.3890	 1.32	 0.06	208.50	 1.88	 2.53	 1.00	10.38	 1.42	335.20	276.17	276.53	262.18	275.92	0	52.44
2010	11	7	9.548	5789.3979	310.3979	6.3978	 1.38	 0.05	211.50	 1.50	 2.76	 0.99	10.33	 1.49	335.22	276.07	278.98	261.55	275.81	0	52.31
2010	11	7	9.760	5789.4067	310.4067	6.4067	 1.39	 0.05	205.83	 1.34	 1.05	 1.00	10.35	 1.45	335.21	276.01	275.47	261.66	276.01	0	52.33
2010	11	7	9.972	5789.4155	310.4155	6.4155	 1.34	 0.05	207.11	 1.48	 1.89	 1.00	10.30	 1.44	335.19	276.12	274.77	262.39	275.64	0	52.48
2010	11	7	10.183	5789.4243	310.4243	6.4243	 1.26	 0.04	208.72	 1.50	 4.59	 0.98	10.35	 1.42	335.18	276.34	274.16	263.26	275.85	0	52.65
2010	11	7	10.402	5789.4336	310.4334	6.4334	 1.34	 0.05	206.88	 1.52	 0.62	 1.00	10.37	 1.47	335.14	276.66	275.37	264.32	276.14	0	52.86
2010	11	7	10.614	5789.4424	310.4422	6.4422	 1.32	 0.04	206.23	 1.23	 7.65	 0.86	10.32	 1.44	335.09	277.08	273.20	265.50	276.59	0	53.10
2010	11	7	10.825	5789.4512	310.4510	6.4510	 1.37	 0.03	207.60	 0.99	 3.08	 0.95	10.33	 1.48	335.06	277.57	274.67	266.44	277.08	0	53.29
2010	11	7	11.037	5789.4600	310.4599	6.4599	 1.33	 0.05	205.37	 1.59	 1.35	 1.00	10.33	 1.44	335.06	278.11	272.28	267.55	277.62	0	53.51
2010	11	7	11.249	5789.4687	310.4687	6.4687	 1.30	 0.05	205.33	 1.68	 1.09	 1.00	10.33	 1.44	335.06	278.77	272.78	269.00	278.27	0	53.80
2010	11	7	11.467	5789.4775	310.4778	6.4778	 1.31	 0.05	207.60	 1.53	 1.13	 1.00	10.33	 1.46	335.06	279.57	272.67	270.41	279.02	0	54.08
2010	11	7	11.678	5789.4868	310.4866	6.4866	 1.36	 0.04	207.70	 1.18	 4.12	 0.96	10.33	 1.48	335.05	280.40	274.30	271.47	279.90	0	54.29
2010	11	7	11.891	5789.4956	310.4955	6.4954	 1.31	 0.04	209.46	 1.47	 2.81	 0.99	10.33	 1.48	335.04	281.25	274.85	271.94	280.78	0	54.39
2010	11	7	12.102	5789.5044	310.5043	6.5043	 1.54	 0.06	209.47	 1.54	 0.81	 1.00	10.33	 1.55	335.05	282.15	278.26	272.75	281.66	0	54.55
2010	11	7	12.314	5789.5132	310.5131	6.5131	 1.52	 0.06	208.83	 1.50	 0.70	 1.00	10.32	 1.54	335.10	283.05	277.07	272.91	282.57	0	54.58
2010	11	7	12.532	5789.5220	310.5222	6.5222	 1.48	 0.06	209.52	 1.46	 0.47	 1.00	10.37	 1.53	335.08	284.02	277.19	273.17	283.42	0	54.63
2010	11	7	12.744	5789.5308	310.5310	6.5310	 1.47	 0.07	210.62	 1.75	 3.29	 1.00	10.33	 1.51	335.02	284.94	278.75	273.49	284.30	0	54.70
2010	11	7	12.956	5789.5400	310.5398	6.5398	 1.43	 0.06	209.03	 1.58	 1.31	 1.00	10.33	 1.53	334.96	285.89	278.85	273.87	285.22	0	54.77
2010	11	7	13.167	5789.5488	310.5486	6.5486	 1.40	 0.07	210.21	 2.13	 2.52	 1.00	10.32	 1.52	334.99	286.87	279.06	274.75	286.11	0	54.95
2010	11	7	13.379	5789.5576	310.5575	6.5575	 1.44	 0.09	207.19	 2.52	 1.28	 1.00	10.33	 1.47	335.02	287.80	278.06	275.38	286.97	0	55.08
2010	11	7	13.597	5789.5664	310.5665	6.5665	 1.36	 0.09	206.23	 2.67	 2.48	 1.00	10.37	 1.40	335.05	288.76	277.33	275.82	287.86	0	55.16
2010	11	7	13.809	5789.5752	310.5754	6.5754	 1.30	 0.10	208.98	 3.27	 1.14	 1.00	10.33	 1.38	335.03	289.67	278.52	276.08	289.47	0	55.22
2010	11	7	14.021	5789.5840	310.5842	6.5842	 1.39	 0.09	205.90	 2.69	 8.33	 1.00	10.35	 1.44	335.03	290.59	277.82	276.68	289.46	0	55.34
2010	11	7	14.233	5789.5933	310.5930	6.5930	 1.42	 0.10	208.84	 2.85	 4.71	 1.00	10.35	 1.48	335.06	291.46	279.93	277.16	291.34	0	55.43
2010	11	7	14.444	5789.6021	310.6018	6.6019	 1.65	 0.14	211.67	 2.95	12.35	 1.00	10.33	 1.62	335.07	292.29	284.88	277.63	290.94	0	55.53
2010	11	7	14.662	5789.6108	310.6109	6.6109	 1.51	 0.11	215.08	 2.87	10.78	 0.99	10.35	 1.64	335.15	293.09	286.26	278.21	291.62	0	55.64
2010	11	7	14.874	5789.6196	310.6198	6.6198	 1.48	 0.12	204.02	 2.98	 6.36	 1.00	10.35	 1.41	335.15	293.84	280.05	278.71	292.28	0	55.74
2010	11	7	15.086	5789.6284	310.6286	6.6286	 1.64	 0.15	208.60	 2.99	 8.55	 1.00	10.33	 1.44	335.21	294.56	285.70	279.03	292.88	0	55.81
2010	11	7	15.298	5789.6372	310.6374	6.6374	 1.54	 0.17	203.07	 3.98	 9.42	 1.00	10.38	 1.42	335.23	295.21	283.29	279.31	293.42	0	55.86
2010	11	7	15.511	5789.6465	310.6463	6.6463	 1.31	 0.20	197.11	 6.25	11.25	 1.00	10.33	 1.24	335.24	295.81	279.19	280.03	293.92	0	56.01
2010	11	7	15.728	5789.6553	310.6553	6.6553	 1.85	 0.42	208.08	 6.62	14.25	 1.00	10.33	 1.44	335.22	296.38	287.60	281.42	294.33	0	56.28
2010	11	7	16.576	5789.6904	310.6906	6.6906	 1.57	 0.21	215.80	 5.01	15.29	 1.00	10.35	 1.82	335.24	298.39	293.77	284.73	296.25	0	56.95
2010	11	7	16.794	5789.6997	310.6997	6.6997	 1.13	 0.36	210.08	15.97	72.26	 1.00	10.37	 1.42	335.27	298.78	286.34	285.34	296.67	0	57.07
2010	11	7	17.429	5789.7261	310.7262	6.7262	 1.88	 0.47	226.02	 7.78	31.24	 1.00	10.33	 1.96	335.30	299.50	299.15	286.10	297.71	0	57.22
# Unit 0, Chajnantor CBI, Filter  0,  Slot 0, 350 um (563) & yellow
#				days
#				since		day of	day of
# yr	mo	dy	 time	1/1/1995	year	month	Tau	unc	Tatm	unc	mse	fitgood	Etime	R	Thot	Twarm	Tchop	Tamb	<Tint>	Filter	Toff
# 1	2	3	4	5		6	7	8	9	10	11	12	13	14	15	16	17	18	19	20	21	22
