2002	7	1	0.209	2738.0088	181.0087	0.0087	 5.35	 1.92	208.12	 0.72	 1.92	 0.99	11.67	 2.24	332.24	285.51	293.36	263.76	288.99	0	52.75
# Unit 3, Chajnantor2, Filter  0,  Slot 1, 350 um (616) & yellow
#				days
#				since		day of	day of
# yr	mo	dy	 time	1/1/1995	year	month	Tau	unc	Tatm	unc	mse	fitgood	Etime	R	Thot	Twarm	Tchop	Tamb	<Tint>	Filter	Toff
# 1	2	3	4	5		6	7	8	9	10	11	12	13	14	15	16	17	18	19	20	21	22
2002	7	1	0.968	2738.0403	181.0403	0.0403	 4.64	 1.11	204.53	 0.84	 0.66	 1.00	11.80	 2.09	332.28	285.06	290.44	263.75	289.01	0	52.75
2002	7	1	1.690	2738.0703	181.0704	0.0704	 4.18	 0.73	204.72	 0.89	 0.28	 1.00	11.70	 2.11	332.23	284.77	288.83	264.11	 0.00	0	52.82
2002	7	1	2.415	2738.1006	181.1006	0.1006	16.15	151856.73	205.41	 1.15	 0.87	 1.00	11.73	 2.05	332.23	284.55	290.52	264.82	287.28	0	52.96
2002	7	1	3.140	2738.1309	181.1308	0.1308	 4.51	 1.39	203.93	 1.20	 0.87	 1.00	11.77	 2.05	332.23	284.50	288.35	 0.00	290.17	0	54.00
2002	7	1	3.868	2738.1611	181.1611	0.1611	 4.52	 1.22	208.87	 1.07	 1.46	 1.00	11.85	 2.24	332.20	284.32	290.58	264.79	287.69	0	52.96
2002	7	1	4.594	2738.1914	181.1914	0.1914	 4.83	 1.55	206.63	 0.97	 1.82	 1.00	11.77	 2.07	332.21	284.39	290.05	265.07	288.57	0	53.01
2002	7	1	5.318	2738.2217	181.2216	0.2216	 4.26	 1.02	206.87	 1.15	 0.74	 1.00	11.78	 2.06	332.21	284.45	289.10	265.37	287.44	0	53.07
2002	7	1	6.045	2738.2520	181.2519	0.2519	 6.87	14.33	207.43	 1.16	 0.77	 1.00	11.85	 2.15	332.20	284.53	289.53	265.41	287.79	0	53.08
2002	7	1	6.774	2738.2822	181.2822	0.2822	 3.95	 0.60	203.63	 0.91	 0.73	 1.00	11.82	 1.96	332.20	284.54	287.75	265.22	288.33	0	53.04
2002	7	1	7.503	2738.3125	181.3126	0.3126	 6.64	10.53	206.82	 1.08	 1.24	 1.00	11.82	 2.16	332.21	284.49	290.10	265.15	 0.00	0	53.03
2002	7	7	4.416	2744.1841	187.1840	6.1840	 0.44	 0.03	177.62	 6.71	 1.80	 1.00	11.12	 2.07	331.19	271.91	276.75	 0.00	276.25	0	54.00
2002	7	7	5.094	2744.2122	187.2122	6.2122	 0.49	 0.03	178.84	 4.68	 2.86	 0.99	11.08	 2.07	331.13	272.00	277.67	251.73	275.82	0	50.35
2002	7	7	5.774	2744.2405	187.2406	6.2406	 0.49	 0.03	175.39	 4.83	 6.06	 0.95	11.10	 2.05	331.10	272.16	275.91	252.50	275.31	0	50.50
2002	7	7	6.454	2744.2688	187.2689	6.2689	 0.58	 0.03	174.28	 4.14	 4.07	 0.99	11.08	 2.18	331.11	272.20	277.41	251.96	275.83	0	50.39
2002	7	7	7.134	2744.2974	187.2972	6.2972	 0.36	 0.03	190.27	 9.74	 5.03	 0.99	11.07	 1.97	331.00	272.14	275.44	251.77	 0.00	0	50.35
2002	7	7	7.812	2744.3254	187.3255	6.3255	 0.45	 0.02	177.57	 4.77	 3.13	 0.98	11.07	 2.08	331.12	272.21	275.74	253.23	277.46	0	50.65
2002	7	7	8.496	2744.3540	187.3540	6.3540	 0.49	 0.03	169.45	 4.89	 1.48	 1.00	11.20	 2.14	331.13	272.58	277.56	 0.00	 0.00	0	54.00
2002	7	7	9.176	2744.3823	187.3823	6.3823	 0.48	 0.03	169.29	 4.64	 1.87	 1.00	11.10	 2.07	331.12	272.97	276.28	254.83	275.97	0	50.97
2002	7	7	9.854	2744.4106	187.4106	6.4106	 0.44	 0.03	175.82	 7.19	 2.63	 1.00	11.05	 2.07	331.12	273.16	277.38	 0.00	276.79	0	54.00
2002	7	7	10.532	2744.4387	187.4388	6.4388	 0.50	 0.02	173.35	 3.84	 2.63	 0.98	11.15	 2.08	331.16	273.10	276.68	252.91	276.70	0	50.58
2002	7	7	11.210	2744.4670	187.4671	6.4671	 0.55	 0.03	170.52	 4.26	 1.32	 1.00	11.10	 2.16	331.14	272.89	277.99	252.28	278.06	0	50.46
2002	7	7	11.893	2744.4956	187.4956	6.4956	 0.47	 0.03	168.94	 6.15	 4.44	 0.99	11.13	 2.07	331.31	274.46	279.87	260.10	276.63	0	52.02
2002	7	7	12.573	2744.5239	187.5239	6.5239	 0.52	 0.03	164.30	 3.65	 5.26	 0.93	11.08	 2.15	331.42	276.79	282.62	264.32	280.54	0	52.86
2002	7	7	13.253	2744.5522	187.5522	6.5522	 0.40	 0.03	175.17	 6.78	 4.26	 0.98	11.12	 2.05	331.57	279.40	284.13	 0.00	284.00	0	54.00
2002	7	7	13.929	2744.5803	187.5804	6.5804	 0.40	 0.03	170.82	 6.38	 8.75	 0.88	11.03	 2.05	331.66	282.32	286.60	270.35	284.83	0	54.07
2002	7	7	14.605	2744.6086	187.6085	6.6085	 0.49	 0.02	174.88	 3.63	 1.76	 0.99	11.08	 2.20	331.78	284.91	294.03	270.30	293.03	0	54.06
2002	7	7	15.280	2744.6367	187.6367	6.6367	 0.48	 0.03	174.54	 4.84	10.83	 0.84	11.03	 2.13	331.90	287.08	295.02	269.15	292.07	0	53.83
2002	7	7	15.956	2744.6648	187.6648	6.6648	 0.47	 0.03	183.44	 6.03	12.48	 0.89	11.07	 2.10	331.51	288.72	297.71	269.14	294.04	0	53.83
2002	7	7	16.632	2744.6929	187.6930	6.6930	 0.53	 0.04	182.70	 5.74	25.84	 0.77	11.07	 2.11	331.74	289.85	300.56	269.08	295.36	0	53.82
2002	7	7	17.307	2744.7212	187.7211	6.7211	 0.57	 0.04	190.24	 5.22	 8.13	 0.98	11.07	 2.20	332.02	291.03	300.73	268.93	296.54	0	53.79
2002	7	7	17.983	2744.7493	187.7493	6.7493	 0.70	 0.03	170.53	 2.89	10.31	 0.87	11.07	 2.14	331.98	292.04	302.22	268.84	298.60	0	53.77
2002	7	7	18.659	2744.7773	187.7774	6.7774	 0.65	 0.03	187.78	 2.85	 5.55	 0.95	11.08	 2.18	331.80	292.78	302.89	268.11	298.20	0	53.62
2002	7	7	19.334	2744.8057	187.8056	6.8056	 0.59	 0.04	183.31	 5.22	11.17	 0.97	11.05	 2.04	331.54	293.23	302.29	267.51	298.49	0	53.50
2002	7	7	20.010	2744.8337	187.8338	6.8337	 0.68	 0.02	185.80	 2.54	 3.43	 0.97	11.08	 2.07	331.69	293.37	302.90	266.48	298.41	0	53.30
2002	7	7	20.686	2744.8618	187.8619	6.8619	 0.84	 0.04	183.22	 2.44	 2.78	 0.99	11.07	 2.06	331.55	291.81	299.95	265.32	297.02	0	53.06
2002	7	7	21.391	2744.8914	187.8913	6.8913	 1.45	 0.04	213.30	 0.98	73.43	 0.00	11.02	 2.47	331.55	290.03	306.39	263.91	295.14	0	52.78
2002	7	7	22.068	2744.9194	187.9195	6.9195	 1.13	 0.45	198.78	19.27	251.32	 1.00	11.10	 1.91	331.39	287.98	294.75	260.89	293.62	0	52.18
2002	7	7	22.745	2744.9478	187.9477	6.9477	 1.72	 0.14	212.27	 2.60	18.71	 0.98	11.08	 2.42	331.34	285.81	299.59	259.23	290.41	0	51.85
2002	7	7	23.425	2744.9761	187.9761	6.9761	 1.93	 0.06	204.51	 0.88	52.39	 0.00	11.10	 2.34	331.27	283.85	296.54	 0.00	288.28	0	54.00
2002	7	8	0.101	2745.0042	188.0042	7.0042	 1.88	 0.07	201.59	 1.05	54.43	 0.03	11.10	 2.24	331.25	282.18	293.21	 0.00	285.90	0	54.00
2002	7	8	0.782	2745.0325	188.0326	7.0326	 1.61	 0.04	203.76	 0.91	80.37	 0.00	11.13	 2.26	331.06	280.70	291.88	255.86	284.18	0	51.17
2002	7	8	1.461	2745.0608	188.0609	7.0609	 1.51	 0.04	197.61	 0.97	117.88	 0.00	11.07	 2.24	331.11	279.36	289.94	 0.00	282.72	0	54.00
2002	7	8	2.138	2745.0891	188.0891	7.0891	 1.41	 0.06	202.03	 1.79	131.70	 0.01	11.07	 2.26	330.96	278.07	287.88	254.04	 0.00	0	50.81
2002	7	8	2.820	2745.1174	188.1175	7.1175	 1.40	 0.04	203.05	 1.18	113.21	 0.00	11.10	 2.26	330.89	277.12	287.93	254.39	281.54	0	50.88
2002	7	8	3.501	2745.1458	188.1459	7.1459	 1.51	 0.04	202.53	 1.02	120.36	 0.00	11.15	 2.28	331.07	276.43	286.03	254.50	280.85	0	50.90
2002	7	8	4.186	2745.1743	188.1744	7.1744	 1.59	 0.06	203.69	 1.24	107.38	 0.00	11.07	 2.22	330.93	275.94	286.44	254.39	278.68	0	50.88
2002	7	8	4.870	2745.2029	188.2029	7.2029	 1.69	 0.07	199.65	 1.25	101.10	 0.00	11.20	 2.07	330.85	275.51	282.56	254.02	 0.00	0	50.80
2002	7	8	5.560	2745.2317	188.2317	7.2317	 1.68	 0.07	203.13	 1.30	76.19	 0.03	11.27	 2.19	330.96	275.22	285.04	254.25	279.13	0	50.85
2002	7	8	6.239	2745.2600	188.2600	7.2600	 1.58	 0.05	201.44	 1.03	119.77	 0.00	11.10	 2.22	330.94	275.19	285.59	255.65	279.09	0	51.13
2002	7	8	6.919	2745.2883	188.2883	7.2883	 1.34	 0.05	200.68	 1.44	166.44	 0.00	11.13	 2.18	330.95	275.01	285.05	254.90	280.56	0	50.98
2002	7	8	7.602	2745.3167	188.3168	7.3168	 1.34	 0.03	200.85	 0.96	139.60	 0.00	11.07	 2.16	330.98	274.86	286.04	254.80	277.52	0	50.96
2002	7	8	8.282	2745.3450	188.3451	7.3451	 1.19	 0.04	196.61	 1.70	204.45	 0.00	11.05	 2.20	330.97	274.67	285.12	 0.00	 0.00	0	54.00
2002	7	8	8.960	2745.3733	188.3733	7.3733	 1.22	 0.02	198.55	 0.91	177.89	 0.00	11.05	 2.23	331.01	274.43	286.31	 0.00	277.41	0	54.00
2002	7	8	9.641	2745.4016	188.4017	7.4017	 1.20	 0.03	197.00	 0.99	212.01	 0.00	11.22	 2.22	331.14	274.23	283.63	 0.00	279.53	0	54.00
2002	7	8	10.321	2745.4299	188.4301	7.4300	 1.29	 0.03	201.26	 0.98	134.47	 0.00	11.08	 2.25	331.14	274.13	284.64	254.25	278.19	0	50.85
2002	7	8	10.999	2745.4583	188.4583	7.4583	 1.30	 0.04	200.58	 1.37	154.12	 0.00	11.12	 2.11	331.10	274.05	282.80	254.56	276.89	0	50.91
2002	7	8	11.676	2745.4866	188.4865	7.4865	 1.41	 0.04	195.03	 1.15	116.07	 0.00	11.07	 2.17	331.22	275.02	284.59	259.82	277.21	0	51.96
2002	7	8	12.353	2745.5146	188.5147	7.5147	 1.44	 0.04	197.14	 1.04	84.31	 0.00	11.03	 2.22	331.34	277.04	287.01	265.36	280.67	0	53.07
2002	7	8	13.029	2745.5430	188.5429	7.5429	 1.62	 0.06	199.16	 1.19	54.95	 0.04	11.10	 2.29	331.45	279.26	289.57	267.52	283.76	0	53.50
2002	7	8	13.704	2745.5710	188.5710	7.5710	 1.62	 0.05	200.39	 1.08	49.87	 0.03	11.08	 2.17	331.54	281.88	293.34	269.08	285.90	0	53.82
2002	7	8	14.409	2745.6003	188.6004	7.6004	 1.27	 0.03	187.05	 0.91	 3.93	 0.86	11.08	 2.10	331.58	284.26	292.63	269.17	288.74	0	53.83
2002	7	8	15.085	2745.6287	188.6286	7.6286	 1.30	 0.05	189.88	 1.70	 5.15	 0.98	11.12	 2.17	331.56	286.30	295.24	268.93	291.15	0	53.79
2002	7	8	15.761	2745.6567	188.6567	7.6567	 1.08	 0.05	186.71	 2.26	 7.33	 0.98	11.07	 2.12	331.57	288.03	296.70	268.85	293.20	0	53.77
2002	7	8	16.439	2745.6851	188.6850	7.6850	 1.04	 0.04	194.53	 2.19	 8.25	 0.96	11.07	 2.12	331.46	289.26	297.68	269.03	292.99	0	53.81
2002	7	8	17.116	2745.7131	188.7132	7.7131	 0.97	 0.04	196.74	 2.45	 6.24	 0.98	11.07	 2.05	331.52	290.47	299.21	268.84	295.61	0	53.77
2002	7	8	17.791	2745.7412	188.7413	7.7413	 1.39	 0.05	200.95	 1.31	 1.58	 1.00	11.07	 2.16	331.55	291.46	300.68	268.82	296.41	0	53.76
2002	7	8	18.467	2745.7695	188.7694	7.7694	 1.24	 0.07	198.33	 2.43	 2.90	 1.00	11.08	 2.04	331.49	292.26	300.39	268.54	297.01	0	53.71
2002	7	8	19.142	2745.7976	188.7976	7.7976	 1.70	 0.07	197.45	 1.20	 1.41	 1.00	11.07	 2.04	331.54	292.75	300.34	268.06	297.85	0	53.61
2002	7	8	19.818	2745.8257	188.8258	7.8258	 1.87	 0.10	198.22	 1.45	 1.41	 1.00	11.08	 2.06	331.73	293.10	301.19	267.24	297.83	0	53.45
2002	7	8	20.494	2745.8540	188.8539	7.8539	 2.15	 0.10	202.37	 1.08	 1.34	 1.00	11.08	 2.18	331.63	292.26	300.96	266.23	297.23	0	53.25
2002	7	8	21.170	2745.8821	188.8821	7.8821	 2.22	 0.08	202.09	 0.73	 0.29	 1.00	11.08	 2.11	331.50	290.43	299.32	264.83	295.52	0	52.97
2002	7	8	21.846	2745.9102	188.9102	7.9103	 2.17	 0.11	199.21	 1.07	 0.48	 1.00	11.07	 1.97	331.39	288.91	296.82	262.94	294.08	0	52.59
2002	7	8	23.199	2745.9666	188.9666	7.9666	 2.32	 0.29	198.10	 2.46	 6.95	 1.00	11.07	 2.07	331.26	284.64	292.78	258.31	289.71	0	51.66
2002	7	8	23.876	2745.9949	188.9948	7.9948	 2.14	 0.10	200.01	 1.02	 2.44	 0.99	11.05	 2.10	331.18	282.87	289.51	256.84	286.58	0	51.37
2002	7	9	0.553	2746.0229	189.0231	8.0231	 2.17	 0.12	202.52	 1.25	 3.62	 0.99	11.02	 2.18	331.06	281.34	288.84	255.31	287.18	0	51.06
2002	7	9	1.229	2746.0513	189.0512	8.0512	 1.93	 0.08	199.29	 1.09	 2.75	 0.99	11.12	 2.01	331.01	279.90	285.01	254.75	285.65	0	50.95
2002	7	9	1.906	2746.0793	189.0794	8.0794	 1.95	 0.09	203.08	 1.16	 2.98	 0.99	11.13	 2.23	331.00	278.67	284.66	254.34	282.48	0	50.87
2002	7	9	2.582	2746.1077	189.1076	8.1076	 1.74	 0.06	201.71	 1.03	 0.50	 1.00	11.08	 2.11	330.97	277.57	284.01	253.36	283.12	0	50.67
2002	7	9	3.259	2746.1357	189.1358	8.1358	 1.61	 0.05	200.09	 1.10	 3.76	 0.97	11.10	 2.07	330.92	276.68	281.40	253.56	282.28	0	50.71
2002	7	9	3.936	2746.1641	189.1640	8.1640	 1.59	 0.06	196.29	 1.22	 2.92	 0.99	11.10	 2.07	330.92	276.00	280.05	 0.00	280.02	0	54.00
2002	7	9	4.615	2746.1924	189.1923	8.1923	 1.54	 0.05	198.62	 1.21	 2.62	 0.99	11.05	 2.16	330.96	275.53	279.85	253.33	279.05	0	50.67
2002	7	9	5.294	2746.2207	189.2206	8.2206	 1.28	 0.04	197.08	 1.45	 2.13	 1.00	11.08	 2.14	330.99	275.02	280.86	253.39	278.81	0	50.68
2002	7	9	5.977	2746.2490	189.2491	8.2491	 1.24	 0.04	194.23	 1.37	 0.75	 1.00	11.05	 2.13	331.00	274.63	279.55	 0.00	277.24	0	54.00
2002	7	9	6.656	2746.2773	189.2773	8.2773	 1.06	 0.03	195.22	 1.64	 2.48	 0.99	11.17	 2.08	331.09	274.31	279.56	253.11	 0.00	0	50.62
2002	7	9	7.366	2746.3069	189.3069	8.3069	 0.97	 0.03	192.57	 1.76	 1.25	 1.00	11.10	 2.08	331.18	273.99	278.07	253.32	276.93	0	50.66
2002	7	9	8.048	2746.3354	189.3353	8.3353	 0.83	 0.03	191.66	 1.98	 5.17	 0.94	11.05	 2.05	331.00	273.76	277.75	 0.00	 0.00	0	54.00
2002	7	9	8.728	2746.3638	189.3637	8.3637	 0.92	 0.03	195.92	 1.96	 1.53	 1.00	11.08	 2.12	331.15	273.47	278.56	252.30	276.44	0	50.46
2002	7	9	9.404	2746.3918	189.3918	8.3918	 0.91	 0.02	193.69	 1.24	 1.94	 0.97	11.03	 2.06	331.11	273.21	278.05	252.08	275.75	0	50.42
2002	7	9	10.083	2746.4202	189.4201	8.4201	 0.90	 0.03	189.08	 2.12	 1.86	 1.00	11.18	 2.08	331.06	272.86	276.66	251.43	276.95	0	50.29
2002	7	9	10.761	2746.4485	189.4484	8.4484	 0.87	 0.03	179.06	 1.98	 2.67	 0.99	11.05	 2.09	331.01	272.63	276.92	 0.00	276.22	0	54.00
2002	7	9	11.438	2746.4766	189.4766	8.4766	 0.89	 0.03	179.21	 2.13	 6.81	 0.94	11.08	 2.08	331.21	272.70	276.29	250.60	277.37	0	50.12
2002	7	9	12.116	2746.5049	189.5048	8.5048	 0.83	 0.04	173.06	 2.38	 2.81	 0.99	11.12	 2.03	331.32	274.59	277.47	262.00	280.02	0	52.40
2002	7	9	12.795	2746.5332	189.5331	8.5331	 0.76	 0.03	171.90	 2.71	 0.91	 1.00	11.05	 2.08	331.47	277.23	280.06	268.76	279.42	0	53.75
2002	7	9	13.472	2746.5613	189.5613	8.5613	 0.67	 0.03	168.96	 3.01	 1.34	 1.00	11.05	 2.07	331.63	280.21	285.77	270.76	282.82	0	54.15
2002	7	9	14.150	2746.5896	189.5896	8.5896	 0.68	 0.03	173.21	 2.79	 3.21	 0.99	11.07	 2.23	331.74	283.24	291.45	272.00	286.01	0	54.40
2002	7	9	14.826	2746.6177	189.6178	8.6178	 0.57	 0.04	173.33	 5.07	 3.98	 1.00	11.07	 2.14	331.86	285.98	294.92	272.26	290.95	0	54.45
2002	7	9	15.502	2746.6460	189.6459	8.6459	 0.62	 0.03	174.23	 3.38	 2.79	 0.99	11.05	 2.17	331.98	288.27	298.05	271.27	293.64	0	54.25
2002	7	9	16.179	2746.6741	189.6741	8.6741	 0.57	 0.02	191.29	 3.53	 7.42	 0.90	11.08	 2.07	331.99	289.99	299.14	270.45	295.79	0	54.09
2002	7	9	16.855	2746.7024	189.7023	8.7023	 0.57	 0.03	181.47	 3.76	 5.75	 0.96	11.07	 2.00	331.94	291.29	299.76	270.63	296.81	0	54.13
2002	7	9	17.530	2746.7305	189.7304	8.7304	 0.63	 0.03	190.62	 3.57	11.50	 0.88	11.08	 2.11	331.92	292.39	302.74	 0.00	296.09	0	54.00
2002	7	9	18.206	2746.7585	189.7586	8.7586	 0.58	 0.03	191.71	 4.24	 4.70	 0.99	11.08	 2.09	331.88	293.25	301.33	270.02	299.40	0	54.00
2002	7	9	18.882	2746.7866	189.7867	8.7867	 0.82	 0.05	183.24	 3.31	12.15	 0.96	11.08	 2.14	331.89	293.83	302.57	 0.00	299.33	0	54.00
2002	7	9	19.557	2746.8149	189.8149	8.8149	 1.02	 0.05	186.73	 2.26	 6.75	 0.98	11.07	 2.16	331.82	294.14	303.94	268.82	298.91	0	53.76
2002	7	9	20.233	2746.8430	189.8430	8.8430	 0.95	 0.04	187.68	 2.13	 3.36	 0.99	11.08	 2.02	331.81	293.90	302.66	267.24	298.79	0	53.45
2002	7	9	20.908	2746.8711	189.8712	8.8712	 0.92	 0.03	200.32	 2.00	 3.50	 0.99	11.07	 2.19	331.60	291.84	301.60	265.53	295.83	0	53.11
2002	7	9	21.584	2746.8994	189.8993	8.8993	 1.23	 0.04	196.26	 1.42	 2.45	 0.99	11.08	 2.18	331.52	290.26	298.26	264.18	296.09	0	52.84
2002	7	9	22.941	2746.9558	189.9559	8.9559	 1.29	 0.07	194.98	 2.08	 1.80	 1.00	11.12	 1.93	331.36	285.71	291.45	259.94	289.76	0	51.99
2002	7	9	23.630	2746.9846	189.9846	8.9846	 1.58	 0.04	200.40	 0.79	 1.24	 0.99	11.32	 2.14	331.34	283.92	290.63	259.27	287.38	0	51.85
2002	7	10	0.353	2747.0146	190.0147	9.0147	 1.69	 0.07	202.08	 1.27	 0.93	 1.00	11.35	 2.20	331.36	282.39	289.20	258.20	286.96	0	51.64
2002	7	10	1.045	2747.0435	190.0435	9.0435	 1.42	 0.05	195.80	 1.40	 2.19	 1.00	11.33	 2.12	331.28	281.03	286.78	 0.00	285.18	0	54.00
2002	7	10	1.738	2747.0725	190.0724	9.0724	 1.35	 0.04	198.85	 1.11	 2.20	 0.99	11.32	 2.23	331.39	279.66	287.19	 0.00	283.91	0	54.00
2002	7	10	2.430	2747.1013	190.1013	9.1013	 1.44	 0.05	199.67	 1.26	 2.48	 0.99	11.38	 2.17	331.44	278.59	285.03	254.93	282.44	0	50.99
2002	7	10	3.124	2747.1301	190.1302	9.1302	 1.20	 0.04	198.12	 1.56	 1.59	 1.00	11.32	 2.08	331.47	277.69	283.03	254.99	281.46	0	51.00
2002	7	10	3.818	2747.1592	190.1591	9.1591	 1.04	 0.03	191.01	 1.45	 2.56	 0.98	11.32	 2.09	331.41	276.98	282.19	 0.00	280.15	0	54.00
2002	7	10	4.510	2747.1880	190.1879	9.1879	 0.94	 0.03	188.12	 1.87	 2.33	 0.99	11.43	 2.18	331.42	276.40	281.90	254.86	 0.00	0	50.97
2002	7	10	5.204	2747.2168	190.2169	9.2169	 0.88	 0.03	189.13	 1.75	 1.12	 1.00	11.32	 2.08	331.36	276.17	280.90	255.71	280.52	0	51.14
2002	7	10	5.896	2747.2456	190.2457	9.2457	 0.96	 0.03	188.71	 1.75	 4.19	 0.97	11.33	 2.18	331.35	276.19	280.75	 0.00	280.62	0	54.00
2002	7	10	6.588	2747.2744	190.2745	9.2745	 0.86	 0.02	182.21	 1.56	 0.87	 1.00	11.33	 2.10	331.36	275.87	279.02	 0.00	279.67	0	54.00
2002	7	10	7.282	2747.3035	190.3034	9.3034	 0.92	 0.03	190.68	 1.87	 2.18	 0.99	11.32	 2.14	331.28	275.77	280.41	255.86	279.47	0	51.17
2002	7	10	7.977	2747.3323	190.3324	9.3324	 0.77	 0.04	189.15	 3.03	 1.72	 1.00	11.32	 2.14	331.24	275.56	281.95	254.78	279.32	0	50.96
2002	7	10	8.670	2747.3613	190.3612	9.3612	 0.76	 0.02	186.78	 1.95	 1.16	 1.00	11.37	 2.14	331.24	275.24	281.51	254.50	278.41	0	50.90
2002	7	10	9.366	2747.3901	190.3902	9.3902	 0.75	 0.03	186.50	 2.56	 3.21	 0.99	11.32	 2.08	331.22	274.90	280.19	254.11	277.27	0	50.82
2002	7	10	10.058	2747.4192	190.4191	9.4191	 0.76	 0.03	189.60	 2.86	 1.21	 1.00	11.35	 2.10	331.25	274.55	279.19	253.40	 0.00	0	50.68
2002	7	10	10.754	2747.4480	190.4481	9.4481	 0.87	 0.03	188.45	 1.73	 1.53	 0.99	11.35	 2.10	331.26	274.27	278.40	253.48	278.03	0	50.70
2002	7	10	11.447	2747.4771	190.4770	9.4770	 0.77	 0.03	185.52	 2.75	 1.23	 1.00	11.33	 2.07	331.37	274.52	279.92	253.74	276.70	0	50.75
2002	7	10	12.139	2747.5059	190.5058	9.5058	 0.83	 0.02	176.99	 1.59	 1.82	 0.98	11.33	 2.15	331.46	276.30	280.54	264.48	278.13	0	52.90
2002	7	10	12.833	2747.5347	190.5347	9.5347	 0.70	 0.03	178.82	 3.09	 4.83	 0.98	11.32	 2.05	331.61	278.74	282.90	267.75	285.51	0	53.55
2002	7	10	13.523	2747.5635	190.5635	9.5635	 0.72	 0.02	176.19	 2.18	 0.78	 1.00	11.32	 2.15	331.76	281.65	287.90	272.06	286.39	0	54.41
2002	7	10	14.216	2747.5923	190.5923	9.5923	 0.79	 0.03	181.79	 2.05	 0.97	 1.00	11.33	 2.25	331.96	284.63	292.63	272.51	290.05	0	54.50
2002	7	10	14.906	2747.6211	190.6211	9.6211	 0.75	 0.03	184.98	 2.19	 2.86	 0.98	11.35	 2.14	332.03	287.17	295.91	272.02	290.56	0	54.40
2002	7	10	15.598	2747.6499	190.6499	9.6499	 0.71	 0.03	184.20	 2.51	 6.76	 0.91	11.32	 2.05	332.08	289.24	297.32	271.28	294.68	0	54.26
2002	7	10	16.289	2747.6787	190.6787	9.6787	 0.79	 0.02	192.76	 1.72	 3.20	 0.95	11.33	 2.19	332.15	290.62	300.03	271.10	297.48	0	54.22
2002	7	10	16.981	2747.7075	190.7076	9.7075	 0.95	 0.04	189.44	 2.19	 4.56	 0.99	11.33	 2.17	332.12	291.87	301.98	 0.00	297.32	0	54.00
2002	7	10	17.701	2747.7375	190.7375	9.7375	 0.90	 0.03	194.77	 1.77	 5.13	 0.94	11.37	 2.25	332.21	292.89	302.80	270.51	298.11	0	54.10
2002	7	10	18.392	2747.7664	190.7663	9.7663	 1.06	 0.04	200.77	 1.82	 2.15	 1.00	11.33	 2.19	332.09	293.67	303.92	270.32	298.70	0	54.06
2002	7	10	19.083	2747.7952	190.7951	9.7951	 1.45	 0.05	194.85	 1.33	 0.95	 1.00	11.32	 2.09	332.11	294.19	301.81	269.45	299.56	0	53.89
2002	7	10	19.774	2747.8240	190.8239	9.8239	 1.84	 0.07	202.00	 1.13	 0.97	 1.00	11.32	 2.18	332.18	294.48	302.95	269.01	299.09	0	53.80
2002	7	10	20.465	2747.8528	190.8527	9.8527	 2.07	 0.08	200.07	 0.90	 1.07	 1.00	11.33	 2.05	332.12	293.61	301.20	267.32	298.63	0	53.46
2002	7	10	21.156	2747.8816	190.8815	9.8815	 2.34	 0.11	200.38	 0.96	 1.19	 1.00	11.30	 2.04	331.90	291.53	300.26	266.02	296.83	0	53.20
2002	7	10	23.236	2747.9683	190.9682	9.9682	 3.46	 0.31	202.89	 0.76	 1.54	 0.99	11.33	 2.14	331.82	286.47	293.32	262.63	291.23	0	52.53
2002	7	10	23.929	2747.9971	190.9970	9.9970	 3.10	 0.26	200.76	 0.95	 1.17	 1.00	11.32	 2.12	331.78	285.63	291.58	 0.00	290.01	0	54.00
2002	7	11	0.621	2748.0259	191.0259	10.0259	 2.63	 0.17	200.64	 1.02	 0.41	 1.00	11.32	 2.14	331.73	284.71	291.23	 0.00	289.07	0	54.00
2002	7	11	1.311	2748.0547	191.0546	10.0546	 2.85	 0.19	199.06	 0.89	 0.43	 1.00	11.32	 2.14	331.74	284.00	288.70	 0.00	288.89	0	54.00
2002	7	11	2.004	2748.0835	191.0835	10.0835	 2.65	 0.17	202.63	 0.99	 2.67	 0.99	11.30	 2.11	331.71	283.36	289.08	261.10	286.21	0	52.22
2002	7	11	2.696	2748.1123	191.1124	10.1123	 3.31	 0.37	203.02	 1.10	 0.32	 1.00	11.30	 2.16	331.70	283.00	287.81	261.20	289.09	0	52.24
2002	7	11	3.391	2748.1414	191.1413	10.1413	 2.76	 0.19	202.16	 1.01	 0.95	 1.00	11.30	 2.12	331.72	282.50	288.09	 0.00	286.60	0	54.00
2002	7	11	4.086	2748.1702	191.1703	10.1703	 2.72	 0.19	205.13	 1.05	 1.72	 1.00	11.33	 2.18	331.69	282.05	288.37	259.86	288.00	0	51.97
2002	7	11	4.777	2748.1990	191.1991	10.1991	 3.19	 0.23	198.80	 0.74	 1.25	 0.99	11.33	 2.07	331.67	281.87	284.85	 0.00	285.09	0	54.00
2002	7	11	5.470	2748.2278	191.2279	10.2279	 5.00	 1.67	201.47	 0.86	 0.67	 1.00	11.37	 2.12	331.68	281.88	285.83	260.63	284.71	0	52.13
2002	7	11	6.162	2748.2568	191.2567	10.2567	 3.50	 0.38	201.90	 0.91	 0.75	 1.00	11.30	 2.10	331.68	281.89	287.88	 0.00	284.78	0	54.00
2002	7	11	6.855	2748.2856	191.2856	10.2856	 3.29	 0.31	200.24	 0.92	 1.72	 1.00	11.35	 2.05	331.69	281.96	284.99	260.99	287.89	0	52.20
2002	7	11	7.548	2748.3145	191.3145	10.3145	 4.23	 0.89	201.67	 1.00	 0.92	 1.00	11.33	 2.06	331.68	282.01	285.68	261.14	286.54	0	52.23
2002	7	11	8.240	2748.3433	191.3433	10.3433	 2.89	 0.15	206.65	 0.70	 3.79	 0.91	11.37	 2.14	331.68	281.96	287.19	260.44	285.80	0	52.09
2002	7	11	8.932	2748.3721	191.3722	10.3722	 4.47	 0.92	204.00	 0.82	 1.29	 1.00	11.30	 2.13	331.68	281.96	286.54	261.08	284.43	0	52.22
2002	7	11	9.623	2748.4009	191.4010	10.4010	 2.66	 0.16	204.81	 0.95	 3.10	 0.98	11.38	 2.06	331.70	281.97	286.27	 0.00	285.11	0	54.00
2002	7	11	10.318	2748.4299	191.4299	10.4299	 2.61	 0.16	206.83	 1.03	 1.04	 1.00	11.33	 2.09	331.70	281.96	285.64	260.71	286.07	0	52.14
2002	7	11	11.039	2748.4600	191.4600	10.4600	 3.24	 0.27	209.36	 0.88	 1.42	 1.00	11.25	 2.29	331.72	281.77	291.93	259.98	285.61	0	52.00
2002	7	11	11.729	2748.4888	191.4887	10.4887	 2.63	 0.13	209.32	 0.84	 0.77	 1.00	11.32	 2.19	331.72	281.66	291.26	260.96	285.57	0	52.19
2002	7	11	12.419	2748.5176	191.5175	10.5175	 2.66	 0.19	205.60	 1.17	 1.24	 1.00	11.32	 2.28	331.79	282.28	292.32	265.32	285.79	0	53.06
2002	7	11	13.112	2748.5464	191.5463	10.5463	 5.82	 5.79	204.68	 1.33	 2.70	 1.00	11.33	 2.31	331.90	283.87	292.72	269.47	287.36	0	53.89
2002	7	11	13.804	2748.5752	191.5752	10.5752	 3.19	 0.36	206.66	 1.21	 2.37	 1.00	11.33	 2.36	332.02	285.99	296.15	272.01	290.70	0	54.40
2002	7	11	14.497	2748.6040	191.6040	10.6041	 2.43	 0.13	206.15	 1.02	 8.33	 0.88	11.33	 2.29	332.07	287.94	300.46	271.83	 0.00	0	54.37
2002	7	11	15.189	2748.6328	191.6329	10.6329	 2.18	 0.10	209.96	 1.03	 3.59	 0.98	11.35	 2.35	332.20	289.33	302.67	269.89	294.95	0	53.98
2002	7	11	15.881	2748.6616	191.6617	10.6617	 2.34	 0.09	215.26	 0.84	 1.82	 0.99	11.30	 2.48	332.18	290.37	304.19	269.35	295.08	0	53.87
2002	7	11	16.573	2748.6904	191.6905	10.6905	 2.35	 0.10	214.57	 0.87	 2.62	 0.98	11.30	 2.45	332.20	291.11	304.99	 0.00	296.01	0	54.00
2002	7	11	17.263	2748.7192	191.7193	10.7193	 2.19	 0.10	215.94	 1.04	 4.81	 0.96	11.33	 2.45	332.24	292.19	306.18	270.27	297.05	0	54.05
2002	7	11	17.954	2748.7480	191.7481	10.7481	 2.38	 0.10	217.56	 0.85	 2.17	 0.99	11.30	 2.46	332.19	292.90	307.95	268.65	 0.00	0	53.73
2002	7	11	18.644	2748.7769	191.7768	10.7768	 2.27	 0.08	214.67	 0.78	 2.90	 0.96	11.32	 2.39	332.29	293.57	306.24	270.99	298.37	0	54.20
2002	7	11	19.336	2748.8057	191.8057	10.8057	 2.94	 0.18	216.30	 0.86	 2.05	 0.99	11.35	 2.44	332.20	293.48	306.75	267.99	298.15	0	53.60
2002	7	11	20.028	2748.8345	191.8345	10.8345	 2.79	 0.13	211.90	 0.68	 1.71	 0.98	11.28	 2.33	331.97	292.45	304.76	 0.00	295.43	0	54.00
2002	7	11	20.721	2748.8633	191.8634	10.8634	 3.22	 0.20	215.19	 0.70	 1.26	 0.99	11.35	 2.44	331.93	291.19	303.69	265.31	294.63	0	53.06
2002	7	11	21.413	2748.8921	191.8922	10.8922	 3.11	 0.24	212.48	 0.92	 3.53	 0.98	11.37	 2.28	331.83	289.37	302.51	262.97	293.94	0	52.59
2002	7	11	22.795	2748.9497	191.9498	10.9498	 3.11	 0.48	207.91	 1.79	 2.47	 1.00	11.32	 2.25	331.72	285.23	296.09	258.87	288.59	0	51.77
2002	7	11	23.485	2748.9785	191.9785	10.9785	 3.24	 0.26	210.45	 0.85	 5.48	 0.92	11.30	 2.37	331.70	283.59	295.72	257.71	287.72	0	51.54
2002	7	12	0.175	2749.0073	192.0073	11.0073	 2.97	 0.18	205.77	 0.76	14.69	 0.41	11.32	 2.23	331.68	282.15	292.37	257.74	286.14	0	51.55
2002	7	12	0.869	2749.0361	192.0362	11.0362	 2.35	 0.10	202.54	 0.85	25.88	 0.16	11.33	 2.26	331.62	280.64	291.70	 0.00	284.45	0	54.00
2002	7	12	1.560	2749.0649	192.0650	11.0650	 2.13	 0.10	199.39	 1.09	33.91	 0.24	11.33	 2.10	331.65	279.33	288.91	 0.00	282.43	0	54.00
2002	7	12	2.254	2749.0940	192.0939	11.0939	 2.54	 0.12	205.68	 0.81	28.97	 0.10	11.32	 2.24	331.60	278.52	288.42	255.22	282.35	0	51.04
2002	7	12	20.248	2749.8437	192.8437	11.8437	 1.29	 0.03	199.02	 0.90	 1.50	 0.98	10.85	 2.17	331.97	294.51	303.07	267.80	299.40	0	53.56
2002	7	12	20.910	2749.8713	192.8712	11.8712	 1.24	 0.04	199.26	 1.38	 4.40	 0.96	10.85	 2.15	331.71	292.62	303.04	266.64	298.13	0	53.33
2002	7	12	21.572	2749.8989	192.8988	11.8988	 1.17	 0.04	198.78	 1.52	 0.89	 1.00	10.83	 2.03	331.66	291.24	300.07	264.34	298.79	0	52.87
2002	7	12	22.237	2749.9265	192.9265	11.9265	 1.85	 0.58	199.01	 8.74	62.32	 1.00	10.85	 2.58	331.55	288.96	299.07	262.00	293.34	0	52.40
2002	7	12	22.712	2749.9463	192.9463	11.9463	 1.56	 0.16	201.42	 3.43	 8.90	 1.00	10.90	 2.43	331.61	287.27	296.42	 0.00	292.69	0	54.00
2002	7	12	23.376	2749.9739	192.9740	11.9740	 1.30	 0.04	195.02	 1.37	 1.62	 1.00	10.83	 2.11	331.51	285.06	291.79	 0.00	289.49	0	54.00
2002	7	13	0.039	2750.0017	193.0016	12.0016	 1.20	 0.03	198.97	 1.17	 2.49	 0.98	10.82	 2.09	331.48	283.33	289.40	258.51	286.95	0	51.70
2002	7	13	0.703	2750.0293	193.0293	12.0293	 1.23	 0.04	199.44	 1.54	 0.86	 1.00	10.80	 2.10	331.48	282.04	287.02	257.77	 0.00	0	51.55
2002	7	13	1.369	2750.0571	193.0571	12.0571	 1.25	 0.03	199.36	 1.05	 4.41	 0.89	10.87	 2.19	331.45	281.10	288.10	258.74	285.81	0	51.75
2002	7	13	2.034	2750.0847	193.0848	12.0848	 0.94	 0.03	197.40	 2.06	 2.40	 1.00	10.83	 2.16	331.43	280.42	286.60	260.01	283.51	0	52.00
2002	7	13	2.700	2750.1125	193.1125	12.1125	 0.82	 0.02	190.45	 1.33	 1.11	 0.99	10.83	 2.12	331.44	279.82	285.84	260.27	285.89	0	52.05
2002	7	13	3.366	2750.1401	193.1402	12.1402	 0.76	 0.03	193.42	 2.90	 2.80	 1.00	10.85	 2.12	331.41	279.36	284.90	260.04	283.77	0	52.01
2002	7	13	4.032	2750.1680	193.1680	12.1680	 0.76	 0.03	191.68	 2.38	 3.07	 0.99	10.83	 2.08	331.39	278.98	283.99	258.00	281.71	0	51.60
2002	7	13	4.697	2750.1958	193.1957	12.1957	 0.71	 0.03	192.38	 2.68	 0.86	 1.00	11.12	 2.08	331.54	278.62	283.69	258.28	283.38	0	51.66
2002	7	13	5.366	2750.2236	193.2236	12.2236	 0.76	 0.02	187.31	 2.05	 3.29	 0.97	10.88	 2.17	331.33	278.31	284.29	257.42	281.76	0	51.48
2002	7	13	6.031	2750.2512	193.2513	12.2513	 0.67	 0.03	191.47	 3.28	 3.32	 0.99	10.88	 2.10	331.51	278.02	283.25	257.33	283.89	0	51.47
2002	7	13	6.697	2750.2791	193.2790	12.2790	 0.67	 0.03	185.75	 3.41	 1.98	 1.00	10.90	 2.11	331.32	277.68	284.17	 0.00	280.19	0	54.00
2002	7	13	7.364	2750.3069	193.3068	12.3068	 0.70	 0.02	180.01	 2.24	 3.81	 0.95	10.97	 2.25	331.32	277.26	283.68	 0.00	280.49	0	54.00
2002	7	13	8.034	2750.3347	193.3347	12.3347	 0.57	 0.03	180.53	 3.57	 5.20	 0.95	10.87	 2.15	331.29	277.01	281.63	 0.00	280.17	0	54.00
2002	7	13	8.699	2750.3625	193.3624	12.3624	 0.61	 0.02	183.02	 2.93	 0.87	 1.00	10.83	 2.18	331.28	276.89	282.29	257.39	279.66	0	51.48
2002	7	13	9.363	2750.3901	193.3901	12.3901	 0.65	 0.02	179.45	 2.58	 2.77	 0.98	10.85	 2.19	331.29	276.76	282.75	256.97	280.49	0	51.39
2002	7	13	10.033	2750.4180	193.4180	12.4180	 0.50	 0.02	182.81	 4.21	 6.50	 0.92	11.05	 2.04	331.30	276.47	280.62	256.30	282.11	0	51.26
2002	7	13	10.697	2750.4458	193.4457	12.4457	 0.56	 0.02	179.13	 2.87	 8.01	 0.75	10.85	 2.11	331.27	276.19	280.19	255.86	280.15	0	51.17
2002	7	13	11.361	2750.4734	193.4734	12.4734	 0.50	 0.03	175.11	 4.83	 2.81	 0.99	10.92	 2.12	331.54	276.30	281.78	 0.00	281.66	0	54.00
2002	7	13	12.026	2750.5010	193.5011	12.5011	 0.51	 0.02	168.45	 3.69	 2.39	 0.98	10.85	 2.15	331.50	278.39	283.66	 0.00	282.24	0	54.00
2002	7	13	12.691	2750.5288	193.5288	12.5288	 0.55	 0.03	163.57	 4.56	 1.11	 1.00	10.92	 2.23	331.63	280.91	288.60	273.79	287.86	0	54.76
2002	7	13	13.354	2750.5564	193.5564	12.5564	 0.47	 0.03	169.37	 6.10	 5.09	 0.99	10.83	 2.21	331.75	283.38	290.15	275.98	288.73	0	55.20
2002	7	13	14.015	2750.5840	193.5840	12.5840	 0.45	 0.03	173.30	 4.83	 2.60	 0.99	10.85	 2.19	331.88	286.29	294.55	278.10	291.16	0	55.62
2002	7	13	14.677	2750.6116	193.6115	12.6115	 0.40	 0.03	172.11	 7.84	 5.00	 0.98	10.83	 2.05	331.97	288.91	297.00	277.23	294.32	0	55.45
2002	7	13	15.368	2750.6404	193.6404	12.6403	 0.50	 0.03	180.94	 4.75	 6.36	 0.95	10.88	 2.19	332.21	291.22	301.50	276.12	298.13	0	55.22
2002	7	13	16.031	2750.6680	193.6679	12.6679	 0.38	 0.03	195.12	 7.27	 5.75	 0.96	10.87	 2.03	332.24	292.93	302.33	274.63	298.97	0	54.93
2002	7	13	16.692	2750.6956	193.6955	12.6955	 0.70	 0.02	184.84	 1.76	 3.49	 0.89	10.85	 2.20	332.45	294.10	304.24	274.27	298.44	0	54.85
2002	7	13	17.354	2750.7231	193.7231	12.7231	 0.54	 0.02	202.49	 3.24	 6.81	 0.84	10.83	 2.11	332.20	295.29	305.93	273.93	301.63	0	54.79
2002	7	13	18.015	2750.7507	193.7506	12.7506	 0.65	 0.03	186.96	 3.95	10.25	 0.95	10.83	 2.02	332.23	296.09	306.67	273.51	302.20	0	54.70
2002	7	13	18.677	2750.7783	193.7782	12.7782	 0.78	 0.02	192.57	 1.88	 5.25	 0.90	10.85	 2.13	332.53	296.73	305.85	273.04	302.08	0	54.61
2002	7	13	19.339	2750.8059	193.8058	12.8058	 0.86	 0.02	189.28	 1.68	 3.67	 0.95	10.85	 2.05	332.23	297.03	306.72	272.09	302.19	0	54.42
2002	7	13	20.001	2750.8333	193.8334	12.8334	 0.78	 0.02	194.76	 1.90	 2.39	 0.98	10.83	 1.98	332.28	296.99	305.75	270.71	302.99	0	54.14
2002	7	13	20.663	2750.8608	193.8609	12.8609	 0.96	 0.03	197.02	 1.60	 4.17	 0.95	10.85	 2.09	332.11	295.41	305.18	269.11	300.92	0	53.82
2002	7	13	21.324	2750.8884	193.8885	12.8885	 1.25	 0.04	195.33	 1.39	 2.01	 0.99	10.83	 2.02	331.98	293.52	302.75	267.25	301.75	0	53.45
2002	7	13	22.652	2750.9438	193.9438	12.9438	 1.07	 0.09	196.47	 4.12	 9.30	 1.00	10.93	 1.91	331.84	289.08	297.17	262.62	295.79	0	52.52
2002	7	13	23.317	2750.9717	193.9716	12.9716	 1.22	 0.04	198.32	 1.28	 3.26	 0.97	10.83	 2.09	331.69	286.83	294.70	260.57	290.53	0	52.11
2002	7	13	23.981	2750.9993	193.9992	12.9992	 1.43	 0.06	198.59	 1.49	 0.60	 1.00	10.83	 2.06	331.78	284.95	291.82	 0.00	 0.00	0	54.00
2002	7	14	0.648	2751.0271	194.0270	13.0270	 1.87	 0.06	205.39	 0.96	 2.26	 0.99	10.85	 2.20	331.76	283.48	290.42	260.06	287.98	0	52.01
2002	7	14	1.315	2751.0547	194.0548	13.0548	 1.99	 0.11	202.85	 1.34	 1.77	 1.00	10.85	 2.14	331.71	282.36	286.92	259.47	 0.00	0	51.89
2002	7	14	1.983	2751.0825	194.0826	13.0826	 2.01	 0.07	204.45	 0.83	 2.77	 0.96	10.82	 2.26	331.70	281.56	288.77	 0.00	285.94	0	54.00
2002	7	14	2.650	2751.1104	194.1104	13.1104	 2.15	 0.11	204.44	 1.19	 2.44	 1.00	10.85	 2.18	331.67	280.89	286.93	259.57	286.90	0	51.91
2002	7	14	3.314	2751.1382	194.1381	13.1381	 2.18	 0.10	204.21	 1.03	 0.28	 1.00	10.85	 2.06	331.67	280.17	285.19	258.10	284.18	0	51.62
2002	7	14	3.980	2751.1658	194.1658	13.1658	 2.17	 0.10	202.62	 0.98	 2.95	 0.98	10.83	 2.05	331.66	279.66	284.21	 0.00	283.90	0	54.00
2002	7	14	4.645	2751.1936	194.1935	13.1935	 2.76	 0.21	202.90	 1.11	 0.12	 1.00	10.83	 2.10	331.65	279.30	283.68	 0.00	281.89	0	54.00
2002	7	14	5.311	2751.2212	194.2213	13.2213	 3.02	 0.23	204.15	 0.91	 1.04	 1.00	10.90	 2.04	331.67	279.12	282.93	259.39	282.04	0	51.88
2002	7	14	5.978	2751.2490	194.2491	13.2491	 3.25	 0.37	204.44	 1.16	 0.58	 1.00	10.83	 2.06	331.65	278.98	282.75	258.90	284.89	0	51.78
2002	7	14	6.641	2751.2766	194.2767	13.2767	 3.45	 0.40	204.66	 1.02	 0.65	 1.00	10.85	 2.11	331.62	278.82	283.21	258.90	283.02	0	51.78
2002	7	14	7.304	2751.3042	194.3043	13.3043	 3.21	 0.28	207.99	 0.94	 1.16	 1.00	10.85	 2.17	331.62	278.74	283.86	258.93	282.07	0	51.79
2002	7	14	7.998	2751.3333	194.3332	13.3332	 3.31	 0.36	205.69	 1.07	 0.50	 1.00	10.93	 2.07	331.66	278.72	283.57	259.19	 0.00	0	51.84
2002	7	14	8.663	2751.3608	194.3609	13.3609	 3.86	 0.49	204.22	 0.81	 0.79	 1.00	10.88	 2.14	331.64	279.19	283.83	 0.00	283.25	0	54.00
2002	7	14	9.328	2751.3887	194.3887	13.3887	 3.40	 0.25	203.87	 0.67	 0.69	 1.00	10.85	 2.13	331.68	279.62	284.02	 0.00	282.68	0	54.00
2002	7	14	9.993	2751.4165	194.4164	13.4164	 3.43	 0.27	207.91	 0.73	 1.51	 0.99	10.87	 2.19	331.70	280.26	284.69	261.16	284.32	0	52.23
2002	7	14	10.659	2751.4441	194.4441	13.4441	 3.51	 0.40	204.60	 0.96	 1.61	 1.00	10.83	 2.06	331.57	280.88	283.92	261.85	285.35	0	52.37
2002	7	14	11.323	2751.4717	194.4718	13.4718	 4.38	 0.78	203.42	 0.77	 1.10	 1.00	10.88	 2.15	331.71	281.46	285.42	 0.00	284.23	0	54.00
2002	7	14	11.988	2751.4995	194.4995	13.4995	 4.23	 0.67	199.52	 0.75	 1.62	 0.99	10.83	 2.09	331.81	282.50	287.06	267.46	286.49	0	53.49
2002	7	14	12.649	2751.5271	194.5271	13.5271	 3.15	 0.29	203.64	 1.00	 1.20	 1.00	10.85	 2.14	331.90	284.28	290.71	270.22	 0.00	0	54.04
2002	7	14	13.311	2751.5547	194.5546	13.5546	 4.15	 1.01	195.72	 1.21	 2.37	 1.00	10.83	 2.10	332.02	286.09	291.73	 0.00	290.23	0	54.00
2002	7	14	13.972	2751.5823	194.5822	13.5822	 5.16	 2.33	197.25	 1.01	 2.11	 1.00	10.83	 2.12	332.05	287.71	294.01	275.53	292.84	0	55.11
2002	7	14	14.634	2751.6096	194.6097	13.6097	 5.01	 1.95	200.09	 1.00	 1.20	 1.00	10.82	 2.27	332.26	290.15	298.44	275.74	294.44	0	55.15
2002	7	14	15.296	2751.6375	194.6373	13.6373	 3.50	 0.48	200.57	 1.13	 2.10	 1.00	10.85	 2.12	332.27	291.83	300.38	274.43	296.34	0	54.89
2002	7	14	15.958	2751.6648	194.6649	13.6649	 3.71	 0.37	204.19	 0.72	 0.50	 1.00	10.80	 2.18	332.19	292.65	301.31	273.17	300.68	0	54.63
2002	7	14	16.619	2751.6924	194.6925	13.6925	 2.96	 0.20	198.47	 0.83	 0.58	 1.00	10.83	 2.02	332.32	293.67	301.19	274.32	297.24	0	54.86
2002	7	14	17.281	2751.7200	194.7200	13.7200	 3.18	 0.31	197.88	 1.03	 0.38	 1.00	10.87	 2.02	332.41	294.73	302.40	274.58	299.62	0	54.92
2002	7	15	0.615	2752.0256	195.0256	14.0256	 2.69	 0.15	204.98	 0.85	 0.52	 1.00	10.88	 2.15	331.96	285.32	292.70	262.69	290.34	0	52.54
2002	7	15	1.277	2752.0532	195.0532	14.0532	 2.96	 0.13	203.60	 0.55	 2.45	 0.90	10.85	 2.18	331.95	284.59	291.19	 0.00	288.63	0	54.00
2002	7	15	1.941	2752.0808	195.0809	14.0809	 2.74	 0.17	203.02	 0.94	 0.59	 1.00	10.85	 2.12	332.23	283.94	289.68	260.79	288.32	0	52.16
2002	7	15	2.604	2752.1084	195.1085	14.1085	 2.38	 0.13	206.01	 1.08	 0.62	 1.00	10.83	 2.12	332.19	282.79	289.96	258.31	288.89	0	51.66
2002	7	15	3.266	2752.1360	195.1361	14.1361	 2.59	 0.17	205.60	 1.11	 0.66	 1.00	10.85	 2.14	332.21	282.26	288.20	259.67	286.18	0	51.93
2002	7	15	3.928	2752.1636	195.1637	14.1637	 2.09	 0.09	200.15	 0.99	 1.96	 0.99	10.85	 2.11	332.09	281.49	287.42	 0.00	286.16	0	54.00
2002	7	15	4.590	2752.1912	195.1912	14.1912	 1.88	 0.08	201.86	 1.15	 2.80	 0.99	10.83	 2.07	331.81	280.59	285.48	257.06	286.25	0	51.41
2002	7	15	5.254	2752.2190	195.2189	14.2189	 1.41	 0.04	199.54	 1.16	 2.56	 0.98	10.87	 2.04	331.76	279.72	285.35	256.59	283.55	0	51.32
2002	7	15	5.916	2752.2466	195.2465	14.2465	 1.11	 0.04	191.41	 1.65	 2.46	 0.99	10.85	 2.11	331.76	278.85	283.89	256.34	281.65	0	51.27
2002	7	15	6.582	2752.2742	195.2742	14.2742	 0.82	 0.04	179.19	 2.59	 1.90	 1.00	10.80	 2.12	331.76	278.10	283.60	 0.00	281.78	0	54.00
2002	7	15	7.243	2752.3018	195.3018	14.3018	 0.46	 0.02	184.67	 4.86	 6.28	 0.93	10.83	 2.04	332.06	277.21	281.20	 0.00	280.79	0	54.00
2002	7	15	7.906	2752.3293	195.3294	14.3294	 0.49	 0.02	180.65	 4.28	 7.30	 0.90	10.87	 2.06	332.08	276.65	281.42	254.92	280.24	0	50.98
2002	7	15	8.569	2752.3569	195.3570	14.3570	 0.59	 0.03	181.77	 3.45	 3.96	 0.98	10.85	 2.14	332.10	275.94	281.84	253.65	279.43	0	50.73
2002	7	15	9.232	2752.3848	195.3847	14.3847	 0.62	 0.02	176.65	 2.40	 2.37	 0.97	10.87	 2.14	332.03	275.32	280.25	253.59	277.51	0	50.72
2002	7	15	9.892	2752.4121	195.4122	14.4122	 0.57	 0.03	183.67	 4.24	 2.34	 1.00	10.88	 2.07	332.02	274.88	281.08	253.48	278.30	0	50.70
2002	7	15	10.557	2752.4399	195.4399	14.4399	 0.50	 0.02	192.23	 3.38	 4.03	 0.93	10.85	 2.05	331.97	274.50	278.64	 0.00	276.61	0	54.00
2002	7	15	11.219	2752.4675	195.4675	14.4675	 0.61	 0.02	192.05	 2.48	 1.38	 0.99	10.85	 2.08	331.95	274.31	277.58	253.93	277.66	0	50.79
2002	7	15	11.882	2752.4951	195.4951	14.4951	 0.56	 0.03	185.75	 4.12	 0.79	 1.00	10.85	 2.00	332.10	275.93	279.94	 0.00	277.69	0	54.00
2002	7	15	12.546	2752.5227	195.5228	14.5228	 0.68	 0.04	181.79	 3.95	 6.04	 0.99	10.83	 2.16	331.79	278.61	282.59	271.56	284.84	0	54.31
2002	7	15	13.211	2752.5505	195.5504	14.5504	 0.66	 0.03	185.78	 3.32	 3.69	 0.99	10.93	 2.11	331.92	281.46	287.52	273.09	 0.00	0	54.62
2002	7	15	13.886	2752.5786	195.5786	14.5786	 0.71	 0.02	182.78	 1.92	 1.94	 0.98	11.07	 2.18	332.07	284.60	292.22	275.18	289.66	0	55.04
2002	7	15	14.562	2752.6067	195.6068	14.6067	 0.67	 0.02	185.60	 2.56	 3.63	 0.97	11.08	 2.13	332.21	287.39	295.60	275.15	292.26	0	55.03
2002	7	15	15.237	2752.6348	195.6349	14.6349	 0.72	 0.02	185.81	 2.25	 3.85	 0.96	11.08	 2.15	332.30	289.71	298.16	273.93	295.67	0	54.79
2002	7	15	15.913	2752.6631	195.6630	14.6630	 0.71	 0.03	191.48	 2.86	 5.66	 0.97	11.07	 2.11	332.35	291.57	301.43	 0.00	297.09	0	54.00
2002	7	15	16.589	2752.6912	195.6912	14.6912	 0.71	 0.03	196.33	 2.76	 6.18	 0.95	11.08	 2.16	332.36	292.80	303.48	272.85	298.58	0	54.57
2002	7	15	17.294	2752.7207	195.7206	14.7206	 0.84	 0.02	193.07	 1.78	 1.04	 1.00	11.12	 2.20	332.37	294.06	304.68	272.63	299.43	0	54.53
2002	7	16	10.352	2753.4314	196.4313	15.4313	 0.91	 0.03	194.81	 1.66	 2.70	 0.98	11.08	 2.06	331.69	278.67	282.09	 0.00	282.36	0	54.00
2002	7	16	11.034	2753.4597	196.4598	15.4598	 0.97	 0.03	196.12	 1.75	 1.72	 1.00	11.08	 2.14	331.63	278.68	282.76	259.80	281.75	0	51.96
2002	7	16	11.715	2753.4880	196.4881	15.4881	 1.00	 0.03	188.57	 1.65	 5.68	 0.94	11.10	 2.14	331.74	279.84	285.14	271.16	 0.00	0	54.23
2002	7	16	12.391	2753.5164	196.5163	15.5163	 1.00	 0.03	185.85	 1.49	 5.63	 0.91	11.10	 2.22	331.90	282.51	287.38	278.24	286.07	0	55.65
2002	7	16	13.070	2753.5447	196.5446	15.5446	 1.02	 0.04	186.58	 1.85	 2.19	 1.00	11.08	 2.18	332.06	285.27	292.65	276.90	289.69	0	55.38
2002	7	16	13.746	2753.5728	196.5728	15.5728	 0.87	 0.02	184.98	 1.61	 1.14	 1.00	11.07	 2.08	332.17	287.78	294.50	273.45	292.74	0	54.69
2002	7	16	14.421	2753.6008	196.6009	15.6009	 0.93	 0.03	187.67	 1.61	 1.00	 1.00	11.08	 2.11	332.26	290.05	299.93	272.22	295.38	0	54.44
2002	7	16	15.097	2753.6292	196.6290	15.6290	 0.87	 0.03	188.56	 2.02	 1.85	 1.00	11.10	 2.06	332.34	291.95	299.87	271.95	297.61	0	54.39
2002	7	16	15.773	2753.6572	196.6572	15.6572	 1.00	 0.02	192.70	 1.29	 1.22	 0.99	11.07	 2.12	332.35	293.59	303.61	272.28	299.42	0	54.46
2002	7	16	16.450	2753.6853	196.6854	15.6854	 1.00	 0.02	198.91	 1.34	 1.08	 1.00	11.08	 2.16	332.57	294.82	304.74	273.47	302.18	0	54.69
2002	7	17	3.374	2754.1406	197.1406	16.1406	 1.44	 0.05	201.45	 1.44	 1.10	 1.00	11.17	 2.10	332.37	280.70	285.25	 0.00	287.13	0	54.00
2002	7	17	4.051	2754.1687	197.1688	16.1688	 1.56	 0.05	203.51	 1.02	 0.65	 1.00	11.05	 2.10	332.05	280.71	286.38	261.23	285.35	0	52.25
2002	7	17	4.730	2754.1970	197.1971	16.1971	 1.43	 0.04	202.88	 1.09	 1.46	 0.99	11.08	 2.15	332.13	280.78	285.77	262.42	284.03	0	52.48
2002	7	17	5.408	2754.2253	197.2253	16.2253	 1.16	 0.04	203.98	 1.73	 2.09	 1.00	11.12	 2.20	332.11	280.66	286.62	260.41	285.19	0	52.08
2002	7	17	6.086	2754.2537	197.2536	16.2536	 0.99	 0.02	198.49	 1.21	 1.23	 0.99	11.15	 2.07	332.07	280.43	285.72	260.41	285.30	0	52.08
2002	7	17	6.765	2754.2820	197.2819	16.2819	 0.92	 0.02	197.29	 1.19	 1.75	 0.97	11.07	 2.09	332.11	280.12	284.87	 0.00	 0.00	0	54.00
2002	7	17	7.441	2754.3101	197.3100	16.3100	 0.95	 0.03	200.30	 2.08	 2.60	 0.99	11.07	 2.25	332.18	279.85	286.10	259.71	285.70	0	51.94
2002	7	17	8.121	2754.3384	197.3384	16.3384	 1.25	 0.05	200.41	 1.80	 1.02	 1.00	11.07	 2.10	332.19	279.68	284.26	259.55	282.28	0	51.91
2002	7	17	8.797	2754.3665	197.3665	16.3666	 1.91	 0.08	202.59	 1.16	 0.39	 1.00	11.05	 2.17	332.23	279.67	284.36	 0.00	282.91	0	54.00
2002	7	17	9.476	2754.3948	197.3948	16.3948	 1.93	 0.10	203.71	 1.32	 2.19	 1.00	11.08	 2.06	332.21	279.63	283.76	259.67	282.18	0	51.93
2002	7	17	12.873	2754.5364	197.5364	16.5364	95.89	 0.99	174.29	 0.00	17.01	 0.00	11.17	 1.51	332.40	282.11	281.98	270.87	285.89	0	54.17
2002	7	17	13.552	2754.5647	197.5647	16.5647	96.27	 1.00	173.14	 0.00	13.35	 0.00	11.08	 1.54	332.50	284.31	285.08	271.37	291.08	0	54.27
2002	7	17	14.230	2754.5930	197.5929	16.5929	88.17	 1.00	173.00	 0.00	10.70	 0.00	11.08	 1.58	332.66	286.62	289.99	273.83	290.68	0	54.77
2002	7	17	14.906	2754.6211	197.6211	16.6211	23.66	440063759.80	171.80	 1.52	 7.87	 0.99	11.05	 1.49	332.71	289.00	293.97	273.66	294.53	0	54.73
2002	7	17	15.813	2754.6589	197.6589	16.6589	 2.65	 0.13	214.55	 0.80	 1.11	 1.00	11.00	 2.33	332.86	291.61	305.31	273.48	297.59	0	54.70
2002	7	17	17.847	2754.7437	197.7436	16.7436	 3.03	 0.32	198.13	 1.22	 0.27	 1.00	11.68	 2.01	332.88	294.59	303.30	273.02	300.18	0	54.60
2002	7	17	18.527	2754.7720	197.7720	16.7720	 3.20	 0.36	197.84	 1.16	 4.77	 0.98	11.08	 1.96	332.87	295.39	303.83	271.84	300.86	0	54.37
2002	7	17	19.204	2754.8003	197.8002	16.8002	16.23	142861.91	197.95	 0.95	 0.76	 1.00	11.10	 1.93	332.66	294.86	303.64	 0.00	299.25	0	54.00
2002	7	17	19.882	2754.8284	197.8284	16.8284	 4.68	 1.44	199.68	 1.02	 0.35	 1.00	11.08	 2.00	332.61	293.82	301.07	269.34	298.89	0	53.87
2002	7	17	20.558	2754.8567	197.8566	16.8566	 6.25	 6.12	199.81	 0.89	 0.51	 1.00	11.05	 1.96	332.54	292.52	299.54	266.80	296.36	0	53.36
2002	7	17	21.236	2754.8848	197.8848	16.8848	 4.84	 1.69	201.34	 1.03	 0.95	 1.00	11.05	 1.96	332.49	291.02	299.26	266.37	294.48	0	53.27
2002	7	17	22.591	2754.9414	197.9413	16.9413	 3.48	 0.42	203.42	 1.03	 0.88	 1.00	11.07	 2.07	332.43	288.27	295.49	264.15	293.48	0	52.83
2002	7	17	23.272	2754.9697	197.9697	16.9697	 4.00	 0.51	200.00	 0.73	 2.30	 0.98	11.08	 1.97	332.40	287.24	293.48	263.55	291.97	0	52.71
2002	7	17	23.947	2754.9978	197.9978	16.9978	 3.68	 0.54	196.03	 1.04	 1.79	 1.00	11.07	 1.90	332.37	286.31	292.32	 0.00	290.69	0	54.00
2002	7	18	0.625	2755.0261	198.0260	17.0260	 4.02	 0.64	200.13	 0.89	 1.35	 1.00	11.08	 1.98	332.36	285.32	291.00	261.76	289.55	0	52.35
2002	7	18	1.301	2755.0542	198.0542	17.0542	 3.92	 0.72	200.82	 1.11	 4.17	 0.99	11.07	 2.03	332.31	284.54	290.53	261.77	289.49	0	52.35
2002	7	18	1.977	2755.0823	198.0824	17.0824	 3.06	 0.23	200.75	 0.86	 3.75	 0.96	11.07	 2.06	332.30	283.72	289.53	261.50	287.38	0	52.30
2002	7	18	2.654	2755.1106	198.1106	17.1106	 3.07	 0.25	200.00	 0.94	 1.81	 1.00	11.08	 2.02	332.33	282.93	287.86	260.85	287.77	0	52.17
2002	7	18	3.335	2755.1389	198.1390	17.1390	 2.98	 0.24	198.16	 0.99	 4.29	 0.97	11.22	 1.96	332.31	282.19	286.54	260.53	285.03	0	52.11
2002	7	18	4.014	2755.1672	198.1673	17.1673	 3.30	 0.35	199.69	 1.02	 4.66	 0.97	11.08	 2.04	332.25	281.54	286.39	260.23	285.64	0	52.05
2002	7	18	4.692	2755.1956	198.1955	17.1955	 2.88	 0.29	194.40	 1.30	 4.25	 0.99	11.15	 1.89	332.25	280.98	283.53	259.88	284.44	0	51.98
2002	7	18	5.368	2755.2236	198.2237	17.2237	 2.81	 0.21	198.58	 1.05	 2.05	 1.00	11.08	 2.05	332.22	280.53	284.75	259.84	283.91	0	51.97
2002	7	18	6.046	2755.2520	198.2519	17.2519	 3.06	 0.27	193.62	 0.99	 4.35	 0.97	11.05	 1.91	332.19	280.16	281.88	259.64	284.06	0	51.93
2002	7	18	6.723	2755.2800	198.2801	17.2801	 3.10	 0.32	198.88	 1.14	 4.75	 0.98	11.10	 2.03	332.18	279.80	283.97	259.16	283.69	0	51.83
2002	7	18	7.399	2755.3083	198.3083	17.3083	 3.38	 0.42	195.76	 1.10	 4.97	 0.98	11.08	 1.96	332.20	279.35	282.26	257.93	283.44	0	51.59
2002	7	18	8.075	2755.3364	198.3365	17.3365	 2.78	 0.14	197.29	 0.72	10.17	 0.55	11.12	 1.98	332.16	278.96	282.90	258.51	284.47	0	51.70
2002	7	18	8.782	2755.3660	198.3659	17.3659	 2.45	 0.11	202.32	 0.79	 1.91	 0.98	11.08	 2.18	332.19	278.67	283.69	 0.00	282.41	0	54.00
2002	7	18	9.459	2755.3940	198.3941	17.3941	 2.27	 0.10	200.84	 0.91	 1.18	 1.00	11.05	 2.07	332.11	278.45	281.76	258.02	281.60	0	51.60
2002	7	18	10.237	2755.4265	198.4265	17.4265	 1.62	 0.05	279.72	 1.51	204.84	 0.00	11.07	 1.56	332.17	278.12	333.58	258.14	281.25	0	51.63
2002	7	18	10.915	2755.4548	198.4548	17.4548	 1.73	 0.06	276.15	 1.47	150.94	 0.00	11.12	 1.78	332.18	277.83	330.95	257.37	283.49	0	51.47
2002	7	18	11.591	2755.4829	198.4829	17.4829	 1.65	 0.03	276.03	 0.87	133.45	 0.00	11.13	 1.89	332.29	278.17	332.30	258.64	280.54	0	51.73
2002	7	18	12.267	2755.5112	198.5111	17.5111	 1.72	 0.06	274.56	 1.41	99.97	 0.02	11.08	 2.11	332.41	279.82	332.26	267.44	283.95	0	53.49
2002	7	18	12.944	2755.5393	198.5393	17.5393	 1.76	 0.03	273.16	 0.80	58.15	 0.00	11.05	 2.48	332.53	282.14	331.80	273.26	284.71	0	54.65
2002	7	19	2.160	2756.0901	199.0900	18.0900	 3.10	 0.21	208.63	 0.78	20.07	 0.27	11.07	 2.24	332.24	282.27	298.71	 0.00	285.57	0	54.00
2002	7	19	2.838	2756.1182	199.1182	18.1182	 2.66	 0.14	218.47	 0.90	18.11	 0.47	11.03	 2.34	332.24	281.58	304.47	258.00	285.06	0	51.60
2002	7	19	3.546	2756.1477	199.1477	18.1477	 1.72	 0.06	204.12	 1.16	 1.52	 1.00	11.10	 2.11	332.23	280.66	286.13	257.68	286.81	0	51.54
2002	7	19	4.223	2756.1760	199.1760	18.1760	 2.01	 0.08	201.32	 1.02	 2.19	 0.99	11.05	 2.13	332.16	279.94	285.01	 0.00	284.56	0	54.00
2002	7	19	4.900	2756.2041	199.2042	18.2042	 2.04	 0.10	204.25	 1.27	 1.57	 1.00	11.08	 2.13	332.18	279.38	284.16	258.40	281.97	0	51.68
2002	7	19	12.509	2756.5212	199.5212	18.5212	 2.62	 0.14	209.36	 0.89	 3.04	 0.98	11.07	 2.26	332.10	280.57	298.95	267.40	284.34	0	53.48
2002	7	19	13.195	2756.5498	199.5498	18.5498	 2.80	 0.16	213.17	 0.84	 5.67	 0.90	11.38	 2.28	332.24	283.00	302.88	271.95	 0.00	0	54.39
2002	7	19	13.890	2756.5789	199.5787	18.5787	 2.79	 0.15	216.33	 0.83	 2.71	 0.98	11.37	 2.39	332.36	285.61	306.06	272.34	293.45	0	54.47
2002	7	19	14.585	2756.6077	199.6077	18.6077	 2.70	 0.17	220.31	 1.07	 1.19	 1.00	11.37	 2.45	332.41	287.90	309.55	271.98	296.16	0	54.40
2002	7	19	15.278	2756.6365	199.6366	18.6366	 2.77	 0.13	224.17	 0.74	 2.25	 0.98	11.35	 2.65	332.47	289.87	311.87	271.90	295.71	0	54.38
2002	7	19	15.971	2756.6655	199.6655	18.6655	 2.42	 0.07	227.89	 0.64	 2.77	 0.92	11.37	 2.65	332.54	291.41	315.15	271.46	297.48	0	54.29
2002	7	19	16.663	2756.6943	199.6943	18.6943	 2.54	 0.11	228.92	 0.82	 3.21	 0.96	11.15	 2.72	332.49	292.37	315.78	 0.00	298.86	0	54.00
2002	7	19	20.125	2756.8386	199.8385	18.8386	 1.76	 0.04	316.24	 1.01	41.17	 0.05	11.37	 2.61	332.66	294.33	342.65	267.95	299.34	0	53.59
2002	7	19	20.819	2756.8674	199.8674	18.8675	 1.65	 0.03	324.17	 0.99	84.87	 0.00	11.33	 2.22	332.51	292.30	344.30	266.75	297.87	0	53.35
2002	7	19	21.545	2756.8977	199.8977	18.8977	 2.81	 0.24	205.09	 1.20	 1.14	 1.00	11.38	 2.14	332.27	290.28	300.45	265.15	 0.00	0	53.03
2002	7	19	22.933	2756.9556	199.9555	18.9555	 3.61	 1.19	201.56	 2.54	16.65	 0.99	11.37	 2.14	332.14	287.38	293.69	263.61	292.36	0	52.72
2002	7	20	14.977	2757.6240	200.6240	19.6240	 2.64	 0.24	190.36	 1.34	 0.91	 1.00	11.38	 2.02	332.32	286.70	291.58	268.12	290.09	0	53.62
2002	7	20	15.669	2757.6528	200.6529	19.6529	 3.12	 0.38	198.27	 1.35	 4.38	 0.99	11.32	 2.16	332.40	288.28	297.41	267.93	291.96	0	53.59
2002	7	20	16.361	2757.6816	200.6817	19.6817	 2.80	 0.23	192.89	 1.10	 0.52	 1.00	11.35	 2.02	332.41	289.34	295.05	269.16	293.41	0	53.83
2002	7	20	17.052	2757.7104	200.7105	19.7105	 3.14	 0.30	197.51	 1.02	 2.11	 1.00	11.32	 2.12	332.42	290.15	297.35	269.23	295.01	0	53.85
2002	7	20	17.744	2757.7393	200.7393	19.7393	 3.11	 0.32	199.76	 1.16	 3.86	 0.99	11.35	 2.17	332.34	290.70	297.86	268.64	296.05	0	53.73
2002	7	20	18.435	2757.7681	200.7681	19.7681	 3.33	 0.37	197.75	 1.03	 2.38	 0.99	11.32	 2.06	332.33	290.62	297.46	266.57	295.03	0	53.31
2002	7	20	19.126	2757.7969	200.7969	19.7969	 3.22	 0.38	202.03	 1.21	 0.66	 1.00	11.35	 2.18	332.23	289.81	298.16	264.91	294.17	0	52.98
2002	7	20	19.818	2757.8257	200.8257	19.8257	 2.87	 0.32	203.46	 1.51	 2.58	 1.00	11.33	 2.08	332.19	288.78	296.90	263.97	293.07	0	52.79
2002	7	20	20.509	2757.8545	200.8546	19.8545	 2.51	 0.20	201.74	 1.40	 3.31	 1.00	11.37	 2.11	332.12	287.70	293.52	263.00	291.97	0	52.60
2002	7	20	21.201	2757.8833	200.8834	19.8834	 3.17	 0.39	201.17	 1.31	 1.45	 1.00	11.28	 2.09	332.11	286.46	292.93	262.16	292.89	0	52.43
2002	7	20	21.893	2757.9121	200.9122	19.9122	 3.81	 0.84	202.68	 1.47	 4.50	 1.00	11.43	 2.12	332.09	285.19	290.96	261.37	289.54	0	52.27
2002	7	20	22.586	2757.9412	200.9411	19.9411	 3.73	 0.68	204.35	 1.30	 2.75	 1.00	11.33	 2.28	332.04	284.11	290.40	260.86	287.48	0	52.17
2002	7	20	23.279	2757.9700	200.9700	19.9700	 3.50	 0.48	201.12	 1.14	 1.16	 1.00	11.35	 2.09	332.02	283.25	289.22	260.79	288.16	0	52.16
2002	7	20	23.972	2757.9988	200.9988	19.9988	 3.14	 0.43	199.31	 1.49	 1.44	 1.00	11.32	 2.04	332.02	282.66	286.78	260.84	 0.00	0	52.17
2002	7	21	0.667	2758.0278	201.0278	20.0278	 3.43	 0.49	197.64	 1.23	 1.26	 1.00	11.37	 2.05	332.00	282.28	286.57	 0.00	286.78	0	54.00
2002	7	21	1.360	2758.0566	201.0567	20.0567	 3.31	 0.44	198.35	 1.27	 2.18	 1.00	11.30	 2.16	331.96	281.92	286.82	 0.00	285.43	0	54.00
2002	7	21	2.052	2758.0854	201.0855	20.0855	 3.60	 0.51	200.58	 1.09	 1.18	 1.00	11.37	 2.13	332.12	281.58	286.43	260.06	284.98	0	52.01
2002	7	21	2.746	2758.1145	201.1144	20.1144	 3.29	 0.27	198.81	 0.78	 0.73	 1.00	11.32	 2.05	331.94	281.36	285.11	260.05	283.93	0	52.01
2002	7	21	3.439	2758.1433	201.1433	20.1433	 3.50	 0.39	203.45	 0.95	 2.37	 0.99	11.33	 2.16	331.93	281.09	287.27	259.91	285.02	0	51.98
2002	7	21	4.134	2758.1724	201.1723	20.1723	 3.52	 0.60	200.26	 1.40	 5.80	 0.99	11.32	 2.16	331.94	280.88	284.93	259.71	284.19	0	51.94
2002	7	21	4.829	2758.2012	201.2012	20.2012	 2.92	 0.23	202.58	 1.01	 1.54	 1.00	11.37	 2.10	331.91	280.65	285.73	259.44	283.56	0	51.89
2002	7	21	5.526	2758.2302	201.2303	20.2303	 3.59	 0.56	200.49	 1.21	 3.58	 0.99	11.30	 2.13	331.90	280.42	285.42	259.15	283.31	0	51.83
2002	7	21	6.221	2758.2593	201.2592	20.2592	 2.64	 0.19	197.72	 1.09	 1.55	 1.00	11.33	 2.12	331.90	280.15	284.07	 0.00	282.67	0	54.00
2002	7	21	6.920	2758.2883	201.2883	20.2883	 2.72	 0.33	202.24	 1.83	 4.83	 1.00	11.42	 2.18	331.90	279.90	284.92	258.83	283.98	0	51.77
2002	7	21	7.614	2758.3171	201.3172	20.3172	 2.77	 0.31	200.54	 1.58	 4.12	 1.00	11.35	 2.20	331.89	279.66	284.52	258.49	284.09	0	51.70
2002	7	21	8.337	2758.3474	201.3474	20.3474	 3.10	 0.38	200.22	 1.37	 6.59	 0.98	11.38	 2.29	332.13	279.34	286.67	 0.00	284.97	0	54.00
2002	7	21	9.031	2758.3762	201.3763	20.3763	 2.39	 0.23	195.50	 1.79	 2.68	 1.00	11.30	 2.05	331.89	279.08	282.92	257.89	281.91	0	51.58
2002	7	21	9.725	2758.4053	201.4052	20.4052	 2.82	 0.29	192.17	 1.36	 3.48	 1.00	11.38	 2.06	331.87	278.90	281.52	 0.00	283.24	0	54.00
2002	7	21	10.419	2758.4341	201.4341	20.4341	 2.48	 0.27	189.07	 1.82	 0.45	 1.00	11.42	 1.85	331.85	278.79	280.66	258.23	281.21	0	51.65
2002	7	21	11.114	2758.4631	201.4631	20.4631	 2.02	 0.25	191.52	 2.93	 4.18	 1.00	11.30	 1.98	331.88	278.71	282.69	 0.00	282.69	0	54.00
2002	7	21	11.808	2758.4919	201.4920	20.4920	 2.33	 0.21	197.80	 1.74	 5.26	 1.00	11.37	 2.19	331.88	278.75	284.86	 0.00	281.06	0	54.00
2002	7	21	12.502	2758.5210	201.5209	20.5209	 2.47	 0.21	197.91	 1.48	 1.12	 1.00	11.35	 2.10	331.94	279.08	283.30	259.14	 0.00	0	51.83
2002	7	21	13.198	2758.5498	201.5499	20.5499	 2.48	 0.27	197.86	 1.89	 7.42	 0.99	11.43	 2.16	331.95	279.70	285.29	259.82	282.08	0	51.96
2002	7	21	13.892	2758.5789	201.5788	20.5788	 1.18	 0.11	194.37	 4.13	 5.03	 1.00	11.33	 2.06	331.98	280.65	285.43	260.20	 0.00	0	52.04
2002	7	21	14.587	2758.6079	201.6078	20.6078	 1.48	 0.17	186.56	 3.82	31.69	 0.98	11.32	 2.06	332.14	281.94	287.62	261.59	285.68	0	52.32
2002	7	21	15.281	2758.6367	201.6367	20.6367	 2.36	 0.21	189.71	 1.66	 9.15	 0.98	11.33	 2.09	332.19	283.65	288.44	 0.00	285.86	0	54.00
2002	7	21	15.975	2758.6655	201.6656	20.6656	 1.43	 0.06	193.35	 1.65	 2.33	 1.00	11.28	 2.10	332.19	284.45	289.23	261.54	287.15	0	52.31
2002	7	21	16.667	2758.6943	201.6945	20.6945	 2.21	 0.18	193.32	 1.72	10.15	 0.98	11.35	 2.23	332.32	285.27	293.57	 0.00	289.25	0	54.00
2002	7	21	17.358	2758.7231	201.7232	20.7232	 1.98	 0.06	199.27	 0.76	 4.44	 0.86	11.32	 2.14	332.37	286.37	293.93	263.20	290.53	0	52.64
2002	7	21	18.049	2758.7520	201.7520	20.7520	 2.01	 0.10	198.02	 1.25	 0.81	 1.00	11.37	 2.08	332.39	287.26	294.02	264.10	292.48	0	52.82
2002	7	21	18.740	2758.7808	201.7808	20.7808	 2.03	 0.09	198.65	 1.11	 1.28	 1.00	11.32	 2.08	332.34	287.95	296.06	263.96	292.22	0	52.79
2002	7	21	19.432	2758.8096	201.8097	20.8097	 2.32	 0.12	200.19	 0.98	 2.30	 0.99	11.38	 2.21	332.32	288.41	295.90	265.18	295.82	0	53.04
2002	7	21	20.123	2758.8384	201.8385	20.8385	 2.10	 0.08	202.01	 0.94	 1.32	 1.00	11.32	 2.13	332.27	288.39	297.07	262.73	293.50	0	52.55
2002	7	21	20.818	2758.8674	201.8674	20.8674	 2.10	 0.15	201.26	 1.64	 0.96	 1.00	11.48	 2.13	332.17	286.91	294.10	261.65	291.40	0	52.33
2002	7	21	21.514	2758.8965	201.8964	20.8964	 2.29	 0.15	199.90	 1.30	 2.65	 1.00	11.32	 2.11	332.13	285.87	292.58	261.17	289.44	0	52.23
2002	7	21	22.208	2758.9253	201.9253	20.9253	 2.13	 0.24	193.80	 2.52	 4.87	 1.00	11.38	 1.98	332.04	284.26	288.82	259.18	 0.00	0	51.84
2002	7	21	22.903	2758.9543	201.9543	20.9543	 2.27	 0.32	197.03	 2.82	 3.82	 1.00	11.37	 2.08	331.97	282.67	288.00	258.31	287.50	0	51.66
2002	7	21	23.597	2758.9832	201.9832	20.9832	 2.18	 0.10	199.73	 1.05	 2.81	 0.99	11.32	 2.22	331.93	281.24	287.93	 0.00	287.20	0	54.00
2002	7	22	0.296	2759.0125	202.0123	21.0123	 2.28	 0.11	199.99	 0.99	 0.25	 1.00	11.33	 2.13	331.92	280.01	285.50	256.31	284.71	0	51.26
2002	7	22	0.988	2759.0413	202.0412	21.0412	 2.19	 0.13	197.54	 1.26	 2.05	 1.00	11.38	 2.05	331.87	278.89	284.06	255.40	283.10	0	51.08
2002	7	22	1.712	2759.0713	202.0714	21.0713	 2.04	 0.08	198.34	 0.93	 1.72	 0.99	11.45	 2.06	331.87	277.92	282.76	254.91	282.45	0	50.98
2002	7	22	2.406	2759.1003	202.1003	21.1002	 2.12	 0.08	203.59	 0.90	 0.92	 1.00	11.32	 2.19	331.79	277.23	283.00	254.83	282.84	0	50.97
2002	7	22	3.102	2759.1292	202.1293	21.1293	 2.35	 0.12	202.30	 0.97	 2.01	 0.99	11.42	 2.09	331.76	276.84	282.08	255.84	 0.00	0	51.17
2002	7	22	3.798	2759.1582	202.1583	21.1583	 2.09	 0.10	200.59	 1.06	 1.13	 1.00	11.32	 2.07	331.74	276.46	280.89	256.06	280.90	0	51.21
2002	7	22	4.492	2759.1873	202.1872	21.1872	 2.23	 0.09	201.99	 0.90	 1.82	 0.99	11.35	 2.16	331.86	276.21	280.73	255.39	278.57	0	51.08
2002	7	22	5.186	2759.2161	202.2161	21.2161	 2.27	 0.14	199.09	 1.23	 0.35	 1.00	11.30	 2.11	331.76	275.99	280.89	 0.00	278.32	0	54.00
2002	7	22	5.879	2759.2449	202.2450	21.2450	 2.18	 0.09	199.49	 0.90	 0.61	 1.00	11.35	 2.13	331.64	275.87	280.32	 0.00	281.28	0	54.00
2002	7	22	6.574	2759.2739	202.2739	21.2739	 2.26	 0.11	199.05	 0.98	 2.16	 0.99	11.38	 2.10	331.63	275.77	281.25	 0.00	278.12	0	54.00
2002	7	22	7.268	2759.3027	202.3028	21.3028	 2.17	 0.08	198.19	 0.84	 2.12	 0.98	11.35	 2.03	331.59	275.55	279.29	 0.00	277.82	0	54.00
2002	7	22	7.962	2759.3318	202.3317	21.3317	 2.24	 0.09	204.45	 0.82	 0.59	 1.00	11.32	 2.16	331.51	275.47	280.99	255.78	280.87	0	51.16
2002	7	22	8.653	2759.3606	202.3605	21.3605	 2.31	 0.12	201.09	 1.00	 1.69	 1.00	11.38	 2.14	331.59	275.48	279.60	255.83	 0.00	0	51.17
2002	7	22	9.347	2759.3894	202.3895	21.3894	 2.27	 0.11	196.63	 0.99	 0.41	 1.00	11.32	 2.09	331.59	275.50	278.89	 0.00	279.64	0	54.00
2002	7	22	10.042	2759.4185	202.4184	21.4184	 2.24	 0.13	202.03	 1.21	 1.71	 1.00	11.42	 2.07	331.57	275.55	280.03	256.12	278.48	0	51.22
2002	7	23	11.393	2760.4746	203.4747	22.4747	 2.12	 0.11	197.28	 1.12	 1.17	 1.00	10.83	 2.21	331.73	277.48	283.06	 0.00	281.70	0	54.00
2002	7	23	12.057	2760.5024	203.5024	22.5024	 2.17	 0.09	193.99	 0.93	 2.88	 0.98	10.95	 2.16	331.79	279.24	284.64	266.25	281.08	0	53.25
2002	7	23	12.722	2760.5300	203.5301	22.5301	 2.27	 0.13	192.98	 1.14	 3.85	 0.98	10.83	 2.21	331.94	281.46	286.59	 0.00	288.16	0	54.00
2002	7	23	13.384	2760.5576	203.5577	22.5577	 2.18	 0.09	192.76	 0.91	 1.11	 1.00	10.87	 2.11	332.03	283.74	289.64	270.58	287.92	0	54.12
2002	7	23	14.046	2760.5852	203.5852	22.5852	 2.02	 0.08	192.53	 0.88	 1.38	 0.99	10.85	 2.11	332.12	286.05	291.78	271.76	290.61	0	54.35
2002	7	23	14.708	2760.6128	203.6128	22.6128	 1.94	 0.07	198.03	 0.99	 1.89	 0.99	10.82	 2.17	332.22	288.05	296.99	272.60	293.72	0	54.52
2002	7	23	15.369	2760.6404	203.6404	22.6404	 1.74	 0.08	201.10	 1.47	 3.05	 1.00	10.85	 2.15	332.30	289.77	300.20	272.00	295.11	0	54.40
2002	7	23	16.030	2760.6680	203.6679	22.6679	 1.78	 0.10	197.43	 1.62	 1.72	 1.00	10.85	 2.11	332.36	291.19	299.61	271.97	296.85	0	54.39
2002	7	23	16.692	2760.6956	203.6955	22.6955	 1.85	 0.09	203.24	 1.42	 3.78	 0.99	10.85	 2.27	332.35	292.02	300.52	271.90	295.59	0	54.38
2002	7	23	17.354	2760.7231	203.7231	22.7231	 1.87	 0.10	202.17	 1.45	 3.89	 0.99	10.83	 2.20	332.37	292.95	301.80	271.86	299.05	0	54.37
2002	7	24	4.470	2761.1863	204.1862	23.1862	 1.42	 0.03	317.24	 1.48	74.28	 0.04	10.88	 2.19	331.88	281.25	336.90	259.91	285.55	0	51.98
2002	7	24	5.133	2761.2139	204.2139	23.2139	 1.43	 0.04	316.46	 1.56	74.11	 0.07	10.93	 2.26	331.87	280.75	336.70	260.21	287.65	0	52.04
2002	7	24	5.803	2761.2417	204.2418	23.2418	 1.50	 0.04	316.56	 1.34	65.18	 0.04	10.90	 2.30	331.85	280.23	337.13	259.87	 0.00	0	51.97
2002	7	24	6.469	2761.2695	204.2696	23.2696	 1.51	 0.03	314.41	 1.04	55.70	 0.01	10.92	 2.41	331.86	279.82	335.82	260.36	283.51	0	52.07
2002	7	24	7.182	2761.2993	204.2993	23.2993	 2.42	 0.14	207.72	 1.09	21.20	 0.57	10.82	 2.27	331.75	279.72	292.54	 0.00	284.79	0	54.00
2002	7	24	7.867	2761.3279	204.3278	23.3278	 2.02	 0.13	211.56	 1.64	42.10	 0.58	13.30	 2.13	331.77	279.58	289.01	260.64	282.90	0	52.13
2002	7	24	8.551	2761.3562	204.3563	23.3563	 1.61	 0.05	202.38	 1.02	 0.53	 1.00	10.93	 2.05	331.75	279.42	284.52	260.60	 0.00	0	52.12
2002	7	24	9.244	2761.3853	204.3852	23.3852	 1.59	 0.05	200.36	 1.09	 3.56	 0.97	10.88	 2.08	331.78	279.23	284.61	260.06	282.14	0	52.01
2002	7	24	11.393	2761.4746	204.4747	23.4747	 1.60	 0.04	328.09	 1.30	38.23	 0.24	10.90	 2.59	331.90	279.06	337.49	262.31	284.61	0	52.46
2002	7	24	12.058	2761.5024	204.5024	23.5024	 1.62	 0.03	323.39	 1.00	38.35	 0.04	10.88	 2.73	332.04	280.76	338.15	 0.00	285.36	0	54.00
2002	7	24	13.431	2761.5596	204.5596	23.5596	 2.24	 0.06	251.69	 0.75	 8.39	 0.65	10.87	 2.72	332.18	285.31	331.01	271.66	293.14	0	54.33
2002	7	25	7.457	2762.3108	205.3107	24.3107	 2.06	 0.08	209.03	 0.92	20.80	 0.32	10.83	 2.26	331.85	280.60	292.43	260.21	285.82	0	52.04
2002	7	25	8.121	2762.3384	205.3384	24.3384	 2.11	 0.07	212.20	 0.77	17.87	 0.22	10.85	 2.37	331.78	280.42	293.43	260.47	285.35	0	52.09
2002	7	25	10.504	2762.4377	205.4377	24.4377	 1.54	 0.04	358.55	 1.65	178.52	 0.00	10.82	 1.80	331.95	279.69	347.63	259.22	283.96	0	51.84
2002	7	25	23.032	2762.9597	205.9597	24.9597	 2.31	 0.14	211.00	 1.31	 0.54	 1.00	10.92	 2.20	331.89	289.29	299.24	263.96	294.46	0	52.79
2002	7	25	23.700	2762.9875	205.9875	24.9875	 2.06	 0.05	213.46	 0.62	 0.75	 0.99	10.83	 2.36	331.81	287.68	299.04	262.58	291.50	0	52.52
2002	7	26	4.026	2763.1677	206.1677	25.1677	 2.74	 0.11	215.45	 0.66	 6.91	 0.66	10.83	 2.30	331.77	282.84	300.34	 0.00	290.30	0	54.00
2002	7	26	4.690	2763.1953	206.1954	25.1954	 2.92	 0.20	216.96	 0.94	 4.91	 0.95	10.88	 2.32	331.76	282.86	300.51	263.20	288.13	0	52.64
2002	7	26	5.352	2763.2229	206.2230	25.2230	 3.02	 0.21	214.95	 0.90	 4.55	 0.95	10.82	 2.26	331.78	282.76	299.23	263.25	287.27	0	52.65
2002	7	26	6.017	2763.2507	206.2507	25.2507	 2.93	 0.19	214.03	 0.87	 6.86	 0.87	10.82	 2.24	331.76	282.68	298.59	 0.00	 0.00	0	54.00
2002	7	26	6.681	2763.2783	206.2784	25.2784	 2.92	 0.17	215.44	 0.83	 6.14	 0.88	10.85	 2.18	331.74	282.55	299.37	262.61	285.85	0	52.52
2002	7	26	15.253	2763.6355	206.6356	25.6356	 2.33	 0.14	207.14	 1.19	 2.37	 1.00	10.82	 2.22	332.25	289.27	300.40	270.80	294.03	0	54.16
2002	7	26	15.915	2763.6631	206.6631	25.6631	 2.13	 0.10	213.03	 1.12	 2.42	 0.99	10.85	 2.37	332.30	290.48	302.60	270.71	295.65	0	54.14
2002	7	26	16.577	2763.6907	206.6907	25.6907	 1.93	 0.08	215.00	 1.20	 2.35	 1.00	10.85	 2.37	332.26	291.30	304.46	270.54	300.12	0	54.11
2002	7	26	21.943	2763.9143	206.9143	25.9143	 1.62	 0.05	217.15	 1.11	47.17	 0.05	11.13	 2.62	332.03	289.82	307.94	264.72	295.21	0	52.94
2002	7	27	18.221	2764.7593	207.7592	26.7592	 0.75	 0.03	145.79	 1.87	14.03	 0.43	11.05	 1.95	332.39	297.35	308.56	 0.00	303.12	0	54.00
2002	7	27	18.896	2764.7874	207.7873	26.7873	 0.89	 0.03	137.27	 1.58	13.12	 0.53	11.07	 1.88	332.38	297.88	308.65	271.93	303.36	0	54.39
2002	7	27	19.603	2764.8169	207.8168	26.8168	 0.71	 0.02	193.17	 2.00	 1.88	 0.99	11.12	 2.01	332.31	298.23	308.49	271.97	303.42	0	54.39
2002	7	27	20.279	2764.8450	207.8450	26.8450	 0.72	 0.02	194.91	 1.56	 2.02	 0.95	11.10	 2.02	332.21	297.70	308.55	271.20	301.60	0	54.24
2002	7	30	6.069	2767.2529	210.2529	29.2529	 4.27	 1.12	203.46	 1.22	 0.53	 1.00	10.88	 2.20	331.92	282.85	287.07	262.32	286.75	0	52.46
2002	7	30	6.732	2767.2805	210.2805	29.2805	 4.05	 0.79	201.95	 1.08	 0.39	 1.00	10.88	 2.09	331.84	282.34	286.12	262.22	285.13	0	52.44
2002	7	30	7.396	2767.3081	210.3082	29.3082	 3.64	 0.51	203.28	 1.06	 1.60	 1.00	10.83	 2.13	331.84	281.94	286.89	 0.00	286.03	0	54.00
2002	7	30	8.059	2767.3357	210.3358	29.3358	 4.48	 0.88	204.17	 0.78	 1.22	 1.00	10.93	 2.22	331.81	281.64	288.11	 0.00	285.72	0	54.00
2002	7	30	15.987	2767.6660	210.6661	29.6661	 1.46	 0.04	321.35	 1.67	 8.79	 0.96	10.85	 2.24	332.35	288.22	339.59	269.95	293.05	0	53.99
2002	7	30	16.649	2767.6938	210.6937	29.6937	 1.62	 0.04	313.55	 1.17	 1.28	 1.00	10.85	 2.49	332.46	289.32	338.26	270.64	295.34	0	54.13
2002	7	30	17.311	2767.7212	210.7213	29.7213	 1.44	 0.03	322.06	 1.07	 0.28	 1.00	10.82	 2.03	332.31	290.33	339.71	270.80	296.63	0	54.16
2002	7	30	17.974	2767.7490	210.7489	29.7489	 1.42	 0.03	322.31	 1.33	 2.82	 0.99	10.83	 2.08	332.27	290.44	339.40	269.02	296.28	0	53.80
2002	7	30	18.574	2767.7739	210.7739	29.7739	 2.88	 0.30	202.53	 1.39	 1.29	 1.00	10.85	 2.11	332.26	290.66	297.34	270.78	294.48	0	54.16
2002	7	30	19.236	2767.8015	210.8015	29.8015	 2.60	 0.19	202.14	 1.18	 2.49	 1.00	10.87	 2.11	332.23	291.10	298.81	270.16	295.94	0	54.03
2002	7	30	19.899	2767.8291	210.8291	29.8291	 4.82	 1.78	199.61	 1.09	 1.23	 1.00	10.85	 2.04	332.17	290.99	298.82	269.57	295.78	0	53.91
2002	7	30	20.560	2767.8567	210.8567	29.8567	 2.90	 0.26	203.48	 1.20	 2.24	 1.00	10.83	 2.17	332.10	290.42	296.79	267.51	295.13	0	53.50
2002	7	30	21.229	2767.8845	210.8846	29.8846	 2.88	 0.27	201.86	 1.26	 0.73	 1.00	10.88	 2.07	332.04	289.36	295.85	266.40	 0.00	0	53.28
2002	7	30	21.896	2767.9124	210.9123	29.9123	 3.78	 0.59	205.21	 1.07	 1.33	 1.00	10.85	 2.19	331.99	288.16	296.44	 0.00	293.00	0	54.00
2002	7	30	22.560	2767.9399	210.9400	29.9400	 3.05	 0.35	205.76	 1.37	 0.67	 1.00	10.92	 2.17	331.94	287.08	295.13	263.67	290.37	0	52.73
2002	7	30	23.390	2767.9746	210.9746	29.9746	 4.12	 0.50	221.80	 0.69	 0.74	 1.00	10.95	 2.32	331.95	285.78	306.92	 0.00	290.93	0	54.00
2002	7	31	0.721	2768.0300	211.0300	30.0300	 3.41	 0.25	233.63	 0.74	 4.98	 0.89	10.88	 1.96	331.97	284.57	320.20	262.20	289.08	0	52.44
2002	7	31	1.387	2768.0579	211.0578	30.0578	 3.03	 0.22	233.79	 1.02	 4.36	 0.98	10.85	 1.85	331.96	283.95	319.67	262.05	287.13	0	52.41
2002	7	31	19.414	2768.8088	211.8089	30.8089	 2.81	 0.24	205.73	 1.19	 1.53	 1.00	10.88	 2.24	332.33	289.94	299.10	268.52	293.84	0	53.70
2002	7	31	20.078	2768.8367	211.8366	30.8366	 3.19	 0.33	204.20	 1.11	 1.43	 1.00	10.85	 2.21	332.22	289.67	298.35	267.73	293.65	0	53.55
# Unit 3, Chajnantor2, Filter  0,  Slot 1, 350 um (616) & yellow
#				days
#				since		day of	day of
# yr	mo	dy	 time	1/1/1995	year	month	Tau	unc	Tatm	unc	mse	fitgood	Etime	R	Thot	Twarm	Tchop	Tamb	<Tint>	Filter	Toff
# 1	2	3	4	5		6	7	8	9	10	11	12	13	14	15	16	17	18	19	20	21	22
