# Unit 0, Chajnantor, Filter  0,  Slot 0, 350 um (563) & yellow
#				days
#				since		day of	day of
# yr	mo	dy	 time	1/1/1995	year	month	Tau	unc	Tatm	unc	mse	fitgood	Etime	R	Thot	Twarm	Tchop	Tamb	<Tint>	Filter	Toff
# 1	2	3	4	5		6	7	8	9	10	11	12	13	14	15	16	17	18	19	20	21	22
2005	4	21	15.488	3763.6453	110.6453	20.6453	 0.77	 0.10	200.16	 8.69	13.95	 1.00	10.40	 1.18	335.88	297.18	287.28	 0.00	300.19	0	54.00
2005	4	21	15.703	3763.6543	110.6543	20.6543	 1.13	 0.08	196.61	 3.22	 4.59	 1.00	10.38	 1.39	335.87	298.11	294.62	289.05	304.81	0	57.81
2005	4	21	16.350	3763.6812	110.6813	20.6813	 1.56	 0.12	202.02	 2.74	12.83	 0.99	10.50	 1.46	335.85	300.56	299.02	289.07	307.38	0	57.81
2005	4	21	16.947	3763.7061	110.7061	20.7061	 1.10	 0.10	201.95	 4.45	 3.43	 1.00	10.45	 1.29	336.10	302.36	294.74	287.71	303.13	0	57.54
2005	4	21	17.165	3763.7153	110.7152	20.7152	 1.26	 0.11	196.35	 3.80	16.61	 0.99	10.50	 1.24	336.02	302.90	296.72	 0.00	 0.00	0	54.00
2005	4	21	17.384	3763.7244	110.7243	20.7243	 1.61	 0.16	199.16	 3.29	 3.31	 1.00	10.67	 1.40	335.99	303.34	298.18	 0.00	 0.00	0	54.00
2005	4	21	18.081	3763.7534	110.7534	20.7534	 1.41	 0.09	207.24	 2.57	17.53	 0.97	10.55	 1.50	336.11	303.91	303.91	 0.00	308.05	0	54.00
2005	4	21	18.301	3763.7625	110.7625	20.7625	 1.49	 0.16	194.07	 3.73	11.38	 1.00	10.42	 1.34	336.08	304.21	303.36	 0.00	 0.00	0	54.00
2005	4	21	19.170	3763.7988	110.7987	20.7987	 1.39	 0.18	205.64	 5.23	23.81	 1.00	10.32	 1.42	336.16	304.86	300.72	282.32	 0.00	0	56.46
2005	4	21	19.386	3763.8076	110.8077	20.8077	 1.75	 0.23	210.26	 4.12	 1.67	 1.00	10.67	 1.61	336.13	304.84	305.54	281.14	308.48	0	56.23
2005	4	21	19.815	3763.8257	110.8256	20.8256	 1.85	 0.26	204.63	 4.00	18.60	 1.00	10.38	 1.54	335.99	304.51	308.88	279.95	307.32	0	55.99
2005	4	21	21.503	3763.8960	110.8960	20.8960	 2.09	 0.45	194.89	 4.92	10.49	 1.00	10.33	 1.46	335.97	297.85	299.70	273.32	298.32	0	54.66
2005	4	21	21.715	3763.9048	110.9048	20.9048	 2.42	 0.33	211.48	 2.61	10.17	 1.00	10.35	 1.84	335.92	297.07	303.31	271.98	297.95	0	54.40
2005	4	21	21.927	3763.9136	110.9136	20.9136	 2.61	 0.54	202.77	 3.38	13.61	 1.00	10.35	 1.65	335.89	296.25	299.77	271.36	297.37	0	54.27
2005	4	21	22.774	3763.9490	110.9489	20.9489	 2.49	 0.16	208.17	 1.16	 1.51	 1.00	10.33	 1.73	335.85	293.15	299.90	267.76	294.54	0	53.55
2005	4	21	22.986	3763.9578	110.9577	20.9577	 2.35	 0.35	202.54	 2.96	 7.67	 1.00	10.33	 1.64	335.81	292.46	296.01	267.31	293.85	0	53.46
2005	4	21	23.409	3763.9753	110.9754	20.9754	 2.16	 0.23	202.14	 2.40	19.51	 0.98	10.35	 1.52	335.75	291.14	296.42	266.76	292.54	0	53.35
2005	4	21	23.621	3763.9841	110.9842	20.9842	 2.53	 0.27	207.63	 1.85	 4.57	 1.00	10.33	 1.72	335.76	290.56	297.81	266.64	291.99	0	53.33
2005	4	21	23.833	3763.9929	110.9930	20.9930	 2.47	 0.71	207.40	 5.27	49.36	 1.00	10.33	 1.63	335.78	290.02	293.48	266.24	291.40	0	53.25
2005	4	22	0.256	3764.0107	111.0107	21.0107	 2.48	 0.39	202.97	 2.81	 9.14	 1.00	10.32	 1.74	335.74	289.05	293.25	265.97	290.47	0	53.19
2005	4	22	0.516	3764.0215	111.0215	21.0215	 2.02	 0.21	206.78	 2.69	 8.43	 1.00	10.37	 1.68	335.73	288.49	292.02	265.64	289.78	0	53.13
2005	4	22	0.728	3764.0303	111.0303	21.0303	 2.18	 0.54	202.00	 5.50	 6.13	 1.00	10.33	 1.52	335.72	288.05	291.98	265.21	289.45	0	53.04
2005	4	22	1.152	3764.0481	111.0480	21.0480	 2.14	 0.44	206.71	 4.76	32.32	 1.00	10.33	 1.63	335.68	287.29	291.49	264.31	288.59	0	52.86
2005	4	22	1.575	3764.0657	111.0656	21.0656	 2.11	 0.25	202.27	 2.73	21.64	 0.98	10.33	 1.56	335.66	286.56	290.18	263.64	287.81	0	52.73
2005	4	22	1.787	3764.0745	111.0745	21.0745	 2.09	 0.14	207.99	 1.65	 6.48	 0.99	10.35	 1.72	335.67	286.23	290.98	263.22	287.43	0	52.64
2005	4	22	1.999	3764.0833	111.0833	21.0833	 1.85	 0.07	205.17	 1.05	 3.66	 0.97	10.32	 1.59	335.66	285.99	289.31	262.91	287.06	0	52.58
2005	4	22	2.211	3764.0920	111.0921	21.0921	 2.12	 0.11	204.54	 1.18	 6.13	 0.96	10.33	 1.61	335.63	285.67	289.48	263.02	286.75	0	52.60
2005	4	22	2.422	3764.1008	111.1009	21.1009	 2.11	 0.15	203.82	 1.69	 4.00	 1.00	10.33	 1.62	335.62	285.42	288.25	263.20	286.49	0	52.64
2005	4	22	2.634	3764.1099	111.1097	21.1097	 2.09	 0.11	206.57	 1.28	 6.07	 0.97	10.33	 1.63	335.64	285.21	290.57	263.44	286.28	0	52.69
2005	4	22	2.846	3764.1187	111.1186	21.1186	 2.04	 0.06	204.24	 0.78	 4.72	 0.87	10.35	 1.61	335.62	285.00	287.80	263.52	286.11	0	52.70
2005	4	22	3.057	3764.1274	111.1274	21.1274	 2.10	 0.09	207.19	 1.00	 3.99	 0.97	10.32	 1.72	335.61	284.84	288.11	263.45	285.95	0	52.69
2005	4	22	3.269	3764.1362	111.1362	21.1362	 2.13	 0.10	204.78	 1.04	 5.85	 0.94	10.35	 1.63	335.60	284.70	287.85	263.15	285.74	0	52.63
2005	4	22	3.481	3764.1450	111.1451	21.1450	 2.12	 0.09	209.31	 1.01	 1.30	 1.00	10.32	 1.74	335.56	284.54	288.79	262.87	285.55	0	52.57
2005	4	22	3.693	3764.1538	111.1539	21.1539	 2.13	 0.14	203.38	 1.51	 3.96	 1.00	10.33	 1.60	335.56	284.36	287.07	262.65	285.43	0	52.53
2005	4	22	3.905	3764.1626	111.1627	21.1627	 2.41	 0.12	203.82	 0.95	 6.95	 0.89	10.35	 1.67	335.52	284.25	286.61	262.71	285.31	0	52.54
2005	4	22	4.161	3764.1733	111.1734	21.1734	 1.98	 0.12	204.64	 1.58	 3.53	 1.00	10.37	 1.53	335.54	284.08	286.16	263.03	285.05	0	52.61
2005	4	22	4.374	3764.1821	111.1822	21.1822	 2.26	 0.13	202.97	 1.18	 6.37	 0.96	10.33	 1.56	335.58	283.94	286.18	263.09	284.99	0	52.62
2005	4	22	4.585	3764.1912	111.1911	21.1911	 2.41	 0.14	206.25	 1.07	 1.97	 1.00	10.32	 1.65	335.56	283.85	287.74	263.00	284.87	0	52.60
2005	4	22	4.797	3764.2000	111.1999	21.1999	 2.36	 0.13	202.68	 1.09	 2.46	 0.99	10.33	 1.58	335.53	283.77	284.99	263.18	284.74	0	52.64
2005	4	22	5.009	3764.2087	111.2087	21.2087	 2.56	 0.19	204.46	 1.27	 3.89	 0.99	10.33	 1.59	335.55	283.71	286.22	263.07	284.69	0	52.61
2005	4	22	5.221	3764.2175	111.2175	21.2175	 2.38	 0.13	206.11	 1.08	 1.22	 1.00	10.37	 1.59	335.55	283.63	286.39	263.01	284.60	0	52.60
2005	4	22	5.433	3764.2263	111.2264	21.2264	 2.56	 0.17	204.06	 1.13	 3.65	 0.99	10.33	 1.62	335.58	283.57	285.78	262.95	284.54	0	52.59
2005	4	22	5.644	3764.2351	111.2352	21.2352	 2.47	 0.12	206.47	 0.87	 5.63	 0.90	10.33	 1.64	335.54	283.48	287.08	262.73	284.42	0	52.55
2005	4	22	5.856	3764.2439	111.2440	21.2440	 2.56	 0.14	208.16	 0.97	 0.61	 1.00	10.33	 1.63	335.55	283.40	287.28	262.69	284.33	0	52.54
2005	4	22	6.068	3764.2529	111.2528	21.2528	 2.77	 0.24	204.62	 1.28	 4.22	 0.99	10.35	 1.62	335.51	283.34	284.91	262.88	284.27	0	52.58
2005	4	22	6.279	3764.2617	111.2616	21.2616	 2.68	 0.18	208.20	 1.08	 0.91	 1.00	10.32	 1.68	335.48	283.29	286.46	262.85	284.85	0	52.57
2005	4	22	6.491	3764.2705	111.2705	21.2705	 2.67	 0.21	204.55	 1.23	 1.75	 1.00	10.33	 1.52	335.49	283.25	285.06	262.88	284.16	0	52.58
2005	4	22	6.703	3764.2793	111.2793	21.2793	 2.84	 0.22	205.68	 1.09	 0.87	 1.00	10.33	 1.58	335.49	283.24	284.83	263.09	284.16	0	52.62
2005	4	22	6.914	3764.2881	111.2881	21.2881	 2.79	 0.18	205.24	 0.93	 1.64	 1.00	10.33	 1.59	335.48	283.24	284.86	263.11	284.12	0	52.62
2005	4	22	7.127	3764.2969	111.2969	21.2969	 2.90	 0.22	203.39	 0.99	 0.62	 1.00	10.33	 1.49	335.48	283.25	284.23	263.10	284.15	0	52.62
2005	4	22	7.338	3764.3057	111.3058	21.3058	 2.80	 0.16	208.04	 0.86	 0.51	 1.00	10.32	 1.64	335.49	283.25	286.49	262.93	284.78	0	52.59
2005	4	22	7.550	3764.3147	111.3146	21.3146	 2.88	 0.18	207.04	 0.85	 1.58	 0.99	10.35	 1.64	335.50	283.25	285.92	262.97	284.20	0	52.59
2005	4	22	7.809	3764.3254	111.3254	21.3254	 2.57	 0.15	208.18	 1.02	 1.05	 1.00	10.37	 1.56	335.48	283.20	286.99	263.07	284.07	0	52.61
2005	4	22	8.021	3764.3342	111.3342	21.3342	 3.07	 0.30	207.62	 1.17	 0.98	 1.00	10.33	 1.63	335.49	283.18	286.40	262.94	284.15	0	52.59
2005	4	22	8.233	3764.3430	111.3430	21.3430	 2.98	 0.23	204.62	 0.98	 1.43	 1.00	10.32	 1.57	335.49	283.20	284.78	262.80	284.11	0	52.56
2005	4	22	8.444	3764.3518	111.3518	21.3518	 3.05	 0.25	207.05	 0.98	 1.11	 1.00	10.35	 1.59	335.49	283.21	286.24	262.61	284.11	0	52.52
2005	4	22	8.656	3764.3606	111.3607	21.3607	 3.26	 0.27	206.57	 0.84	 3.10	 0.97	10.33	 1.60	335.48	283.22	285.10	262.65	284.10	0	52.53
2005	4	22	8.868	3764.3694	111.3695	21.3695	 2.96	 0.23	208.39	 1.01	 2.41	 0.99	10.33	 1.60	335.43	283.23	285.47	262.83	284.10	0	52.57
2005	4	22	9.079	3764.3784	111.3783	21.3783	 3.02	 0.21	202.19	 0.83	 0.90	 1.00	10.33	 1.50	335.45	283.25	283.38	262.99	284.08	0	52.60
2005	4	22	9.291	3764.3872	111.3871	21.3871	 2.75	 0.14	205.53	 0.76	 1.39	 0.99	10.35	 1.57	335.47	283.25	284.80	262.99	284.08	0	52.60
2005	4	22	9.503	3764.3960	111.3960	21.3960	 2.93	 0.21	208.80	 0.95	 2.59	 0.99	10.33	 1.69	335.45	283.25	286.36	262.87	284.09	0	52.57
2005	4	22	9.715	3764.4048	111.4048	21.4048	 2.77	 0.16	206.71	 0.83	 0.38	 1.00	10.32	 1.59	335.45	283.25	284.73	262.84	284.07	0	52.57
2005	4	22	9.927	3764.4136	111.4136	21.4136	 3.10	 0.24	203.70	 0.88	 2.80	 0.98	10.33	 1.52	335.50	283.26	284.66	263.16	284.07	0	52.63
2005	4	22	10.138	3764.4224	111.4224	21.4224	 2.97	 0.22	206.54	 0.94	 1.90	 0.99	10.33	 1.58	335.46	283.26	285.55	263.36	284.08	0	52.67
2005	4	22	10.350	3764.4312	111.4313	21.4312	 3.06	 0.25	205.73	 0.96	 1.83	 1.00	10.33	 1.61	335.45	283.26	284.99	263.33	284.67	0	52.67
2005	4	22	10.562	3764.4402	111.4401	21.4401	 2.80	 0.15	207.26	 0.76	 1.64	 0.99	10.35	 1.59	335.49	283.25	286.03	263.37	284.09	0	52.67
2005	4	22	10.774	3764.4490	111.4489	21.4489	 3.03	 0.36	205.61	 1.43	 4.62	 0.99	10.33	 1.58	335.47	283.27	284.82	263.42	284.07	0	52.68
2005	4	22	10.986	3764.4578	111.4577	21.4577	 3.05	 0.24	208.07	 0.96	 2.76	 0.99	10.33	 1.67	335.46	283.29	285.51	263.46	284.07	0	52.69
2005	4	22	11.197	3764.4666	111.4666	21.4666	 2.85	 0.25	207.82	 1.22	 0.82	 1.00	10.33	 1.65	335.45	283.39	285.94	266.25	284.09	0	53.25
2005	4	22	11.456	3764.4773	111.4773	21.4773	 2.81	 0.23	204.66	 1.18	 1.82	 1.00	10.37	 1.54	335.44	283.65	285.07	271.18	284.36	0	54.24
2005	4	22	11.668	3764.4861	111.4862	21.4862	 2.73	 0.21	204.19	 1.15	 1.45	 1.00	10.33	 1.61	335.42	283.99	284.30	274.45	284.94	0	54.89
2005	4	22	11.880	3764.4951	111.4950	21.4950	 2.94	 0.25	202.23	 1.08	 2.20	 1.00	10.33	 1.62	335.40	284.48	284.05	280.87	285.46	0	56.17
2005	4	22	12.091	3764.5039	111.5038	21.5038	 2.80	 0.16	203.52	 0.83	 3.63	 0.96	10.32	 1.67	335.38	285.00	284.40	283.91	286.22	0	56.78
2005	4	22	12.303	3764.5127	111.5126	21.5126	 2.74	 0.26	201.44	 1.37	 3.38	 1.00	10.33	 1.64	335.41	285.70	284.60	284.29	287.08	0	56.86
2005	4	22	12.515	3764.5215	111.5215	21.5215	 3.00	 0.34	201.08	 1.36	 2.69	 1.00	10.35	 1.58	335.50	286.41	284.74	284.69	287.99	0	56.94
2005	4	22	12.727	3764.5303	111.5303	21.5303	 2.71	 0.21	202.61	 1.17	 0.70	 1.00	10.35	 1.66	335.47	287.14	286.57	284.53	288.94	0	56.91
2005	4	22	12.939	3764.5391	111.5391	21.5391	 2.45	 0.14	199.86	 1.04	 1.10	 1.00	10.33	 1.58	335.52	287.93	285.28	284.26	289.92	0	56.85
2005	4	22	13.150	3764.5479	111.5479	21.5479	 2.56	 0.25	202.57	 1.65	 1.67	 1.00	10.35	 1.60	335.52	288.78	287.22	285.12	291.69	0	57.02
2005	4	22	13.362	3764.5566	111.5568	21.5568	 2.41	 0.21	200.59	 1.60	 1.40	 1.00	10.35	 1.60	335.53	289.65	287.20	285.90	291.82	0	57.18
2005	4	22	13.574	3764.5657	111.5656	21.5656	 2.39	 0.25	202.61	 2.01	16.79	 0.97	10.32	 1.60	335.55	290.52	289.29	285.40	292.87	0	57.08
2005	4	22	13.786	3764.5745	111.5744	21.5744	 2.45	 0.35	195.00	 2.47	 7.06	 1.00	10.35	 1.57	335.59	291.41	286.18	284.90	294.74	0	56.98
2005	4	22	13.998	3764.5833	111.5832	21.5832	 2.52	 0.33	199.70	 2.27	 8.65	 1.00	10.35	 1.60	335.65	292.30	287.73	285.29	294.81	0	57.06
2005	4	22	14.209	3764.5920	111.5921	21.5921	 2.69	 0.45	202.61	 2.55	 2.31	 1.00	10.35	 1.64	335.67	293.18	292.25	285.89	295.75	0	57.18
2005	4	22	14.422	3764.6008	111.6009	21.6009	 2.14	 0.25	208.50	 2.75	 2.00	 1.00	10.33	 1.74	335.71	294.06	294.80	286.20	297.74	0	57.24
2005	4	22	14.633	3764.6096	111.6097	21.6097	 2.07	 0.33	190.60	 3.57	18.87	 1.00	10.35	 1.41	335.76	294.92	287.32	286.61	297.45	0	57.32
2005	4	22	14.845	3764.6187	111.6186	21.6186	 2.68	 0.51	200.71	 2.89	11.09	 1.00	10.32	 1.64	335.79	295.75	293.06	286.43	298.39	0	57.29
2005	4	22	15.069	3764.6279	111.6279	21.6279	 2.51	 0.50	201.08	 3.43	25.74	 0.99	10.37	 1.59	335.84	296.62	295.03	286.19	299.24	0	57.24
2005	4	22	15.493	3764.6455	111.6455	21.6455	 2.72	 0.71	206.10	 4.01	13.07	 1.00	10.35	 1.92	335.85	298.04	294.74	285.01	300.72	0	57.00
2005	4	22	15.706	3764.6543	111.6544	21.6544	 2.50	 0.36	217.61	 2.74	24.60	 0.98	10.35	 2.02	335.79	298.80	301.90	285.70	301.49	0	57.14
2005	4	22	15.919	3764.6633	111.6633	21.6633	 2.13	 0.42	215.76	 4.78	14.62	 1.00	10.35	 1.89	335.90	299.46	300.81	285.42	302.25	0	57.08
2005	4	22	16.131	3764.6721	111.6721	21.6721	 2.16	 0.67	181.96	 6.26	49.11	 1.00	10.32	 1.29	335.88	300.10	287.84	285.46	300.43	0	57.09
2005	4	22	16.988	3764.7078	111.7078	21.7078	30.96	1990581145048.89	214.47	 5.80	19.73	 1.00	10.30	 1.86	335.93	302.05	307.76	284.31	305.28	0	56.86
2005	4	22	17.416	3764.7256	111.7256	21.7256	91.96	 1.00	184.08	 0.00	109.61	 0.00	10.40	 1.36	335.97	302.85	296.17	283.87	305.52	0	56.77
2005	4	22	20.233	3764.8430	111.8431	21.8431	 3.40	 2.28	219.50	 6.61	34.89	 1.00	10.33	 1.77	336.08	301.77	310.72	276.37	304.49	0	55.27
2005	4	22	21.085	3764.8787	111.8786	21.8786	21.26	126474543.16	197.96	 5.51	14.94	 1.00	10.30	 1.63	336.01	300.26	302.84	274.60	303.31	0	54.92
2005	4	22	23.040	3764.9600	111.9600	21.9600	 2.21	 0.32	212.80	 3.25	11.45	 1.00	10.37	 1.65	335.79	293.25	300.64	267.41	295.26	0	53.48
2005	4	22	23.464	3764.9778	111.9777	21.9777	28.69	172273986199.24	206.05	 4.66	73.10	 0.99	10.32	 1.55	335.79	291.81	297.80	266.80	293.55	0	53.36
2005	4	22	23.888	3764.9954	111.9953	21.9953	 3.47	 2.20	213.00	 5.72	168.01	 0.97	10.33	 1.83	335.73	290.56	299.67	266.18	292.18	0	53.24
2005	4	23	0.311	3765.0129	112.0130	22.0130	 4.26	 2.80	201.43	 3.08	 9.98	 1.00	10.33	 1.48	335.77	289.56	295.22	265.61	290.96	0	53.12
2005	4	23	0.523	3765.0217	112.0218	22.0218	 2.84	 0.48	201.63	 2.32	 7.77	 1.00	10.33	 1.39	335.77	289.11	291.08	265.29	290.55	0	53.06
2005	4	23	0.735	3765.0305	112.0306	22.0306	36.44	 1.00	202.15	 0.00	84.86	 0.00	10.33	 1.64	335.75	288.72	294.20	264.93	290.03	0	52.99
2005	4	23	0.947	3765.0396	112.0394	22.0394	 3.29	 0.39	202.42	 1.15	 1.50	 1.00	10.35	 1.52	335.73	288.32	290.10	264.57	289.59	0	52.91
2005	4	23	1.158	3765.0483	112.0483	22.0483	 3.07	 0.34	205.36	 1.30	 5.17	 0.99	10.33	 1.51	335.71	287.95	292.63	264.29	289.16	0	52.86
2005	4	23	1.370	3765.0571	112.0571	22.0571	 3.78	 0.57	205.14	 1.04	 0.98	 1.00	10.35	 1.54	335.68	287.62	291.45	264.04	288.77	0	52.81
2005	4	23	1.582	3765.0659	112.0659	22.0659	 3.80	 1.09	203.50	 1.92	 3.41	 1.00	10.33	 1.56	335.69	287.28	290.09	263.60	288.41	0	52.72
2005	4	23	1.794	3765.0747	112.0747	22.0747	 3.21	 0.31	206.71	 1.04	 0.82	 1.00	10.33	 1.56	335.67	286.99	291.03	263.54	288.14	0	52.71
2005	4	23	2.053	3765.0854	112.0855	22.0855	 3.24	 0.44	204.40	 1.39	 2.01	 1.00	10.37	 1.52	335.62	286.53	289.61	263.41	287.64	0	52.68
2005	4	23	2.264	3765.0942	112.0944	22.0944	 3.61	 0.32	203.89	 0.69	 1.07	 0.99	10.33	 1.51	335.64	286.23	289.81	263.10	287.41	0	52.62
2005	4	23	2.476	3765.1033	112.1032	22.1032	 3.52	 0.47	206.76	 1.12	 2.78	 0.99	10.35	 1.55	335.62	286.04	290.08	262.81	287.10	0	52.56
2005	4	23	2.688	3765.1121	112.1120	22.1120	 3.68	 0.57	205.97	 1.16	 4.12	 0.99	10.33	 1.54	335.59	285.79	288.35	262.69	286.83	0	52.54
2005	4	23	2.900	3765.1208	112.1208	22.1208	 3.49	 0.71	206.70	 1.76	 8.09	 0.99	10.33	 1.54	335.56	285.56	288.80	262.63	286.56	0	52.53
2005	4	23	3.112	3765.1296	112.1297	22.1297	 3.84	 0.42	206.04	 0.73	 2.41	 0.97	10.35	 1.53	335.55	285.32	287.96	262.38	286.32	0	52.48
2005	4	23	3.324	3765.1384	112.1385	22.1385	 3.10	 0.26	207.35	 0.96	 0.98	 1.00	10.32	 1.57	335.56	285.05	288.62	262.15	286.02	0	52.43
2005	4	23	3.535	3765.1472	112.1473	22.1473	 3.21	 0.31	205.53	 1.02	 2.58	 0.99	10.35	 1.49	335.61	284.82	287.68	262.29	285.76	0	52.46
2005	4	23	3.747	3765.1562	112.1561	22.1561	 3.10	 0.32	205.82	 1.17	 2.37	 1.00	10.35	 1.51	335.61	284.67	287.65	262.66	286.23	0	52.53
2005	4	23	3.959	3765.1650	112.1650	22.1650	 3.16	 0.30	207.04	 1.05	 1.82	 1.00	10.35	 1.58	335.59	284.53	287.47	262.86	285.42	0	52.57
2005	4	23	4.171	3765.1738	112.1738	22.1738	 3.13	 0.36	209.35	 1.32	 1.45	 1.00	10.33	 1.61	335.59	284.40	288.30	263.33	285.32	0	52.67
2005	4	23	4.383	3765.1826	112.1826	22.1826	 3.12	 0.39	202.14	 1.42	 4.08	 1.00	10.35	 1.46	335.57	284.31	284.36	263.32	285.17	0	52.66
2005	4	23	4.595	3765.1914	112.1914	22.1914	 3.33	 0.44	206.78	 1.30	 2.02	 1.00	10.35	 1.58	335.54	284.23	285.59	263.24	285.05	0	52.65
2005	4	23	4.806	3765.2002	112.2003	22.2003	 3.64	 0.59	209.32	 1.27	 3.64	 0.99	10.32	 1.65	335.53	284.14	288.40	263.32	284.94	0	52.66
2005	4	23	5.018	3765.2090	112.2091	22.2091	 3.44	 0.49	205.33	 1.27	 0.38	 1.00	10.33	 1.55	335.52	284.05	285.79	263.45	284.86	0	52.69
2005	4	23	5.230	3765.2180	112.2179	22.2179	 3.85	 0.66	203.71	 1.11	 1.86	 1.00	10.35	 1.58	335.56	283.97	284.92	263.55	285.42	0	52.71
2005	4	23	5.442	3765.2268	112.2267	22.2267	 3.18	 0.35	208.00	 1.21	 4.88	 0.99	10.33	 1.60	335.55	283.90	287.54	263.54	284.74	0	52.71
2005	4	23	5.700	3765.2375	112.2375	22.2375	 2.84	 0.20	206.10	 1.00	 2.79	 0.99	10.37	 1.53	335.54	283.75	285.99	263.39	284.59	0	52.68
2005	4	23	5.912	3765.2463	112.2463	22.2463	 3.53	 0.58	204.22	 1.36	 7.43	 0.98	10.33	 1.52	335.57	283.65	285.46	262.97	284.60	0	52.59
2005	4	23	6.336	3765.2639	112.2640	22.2640	 3.13	 0.34	204.83	 1.20	 1.33	 1.00	10.33	 1.56	335.50	283.44	285.63	 0.00	284.33	0	54.00
2005	4	23	6.548	3765.2727	112.2728	22.2728	 2.92	 0.16	209.16	 0.75	 2.08	 0.98	10.35	 1.58	335.51	283.33	286.39	261.99	284.20	0	52.40
2005	4	23	6.759	3765.2817	112.2816	22.2816	 3.09	 0.39	205.17	 1.45	 0.71	 1.00	10.33	 1.51	335.52	283.25	285.08	262.16	284.07	0	52.43
2005	4	23	6.972	3765.2905	112.2905	22.2905	 3.66	 0.52	209.14	 1.10	 0.81	 1.00	10.33	 1.63	335.47	283.18	287.31	262.36	283.95	0	52.47
2005	4	23	7.395	3765.3081	112.3081	22.3081	 3.31	 0.40	203.40	 1.17	 6.98	 0.97	10.33	 1.47	335.50	283.09	284.23	262.72	283.88	0	52.54
2005	4	23	7.607	3765.3169	112.3169	22.3169	 3.33	 0.46	203.36	 1.31	 0.97	 1.00	10.33	 1.48	335.47	283.03	283.79	262.54	284.42	0	52.51
2005	4	23	7.819	3765.3257	112.3258	22.3258	 3.22	 0.46	207.60	 1.52	 2.67	 1.00	10.33	 1.58	335.49	283.00	285.56	262.76	283.75	0	52.55
2005	4	23	8.242	3765.3435	112.3434	22.3434	 3.88	 0.83	205.07	 1.37	 3.26	 1.00	10.33	 1.52	335.48	282.95	284.99	262.89	283.69	0	52.58
2005	4	23	8.454	3765.3523	112.3522	22.3522	 3.16	 0.31	203.83	 1.05	 2.98	 0.99	10.33	 1.53	335.54	282.91	283.97	262.63	283.67	0	52.53
2005	4	23	8.666	3765.3611	112.3611	22.3611	 3.08	 0.26	205.88	 0.99	 1.35	 1.00	10.35	 1.55	335.49	282.87	285.76	262.25	283.65	0	52.45
2005	4	23	8.878	3765.3699	112.3699	22.3699	 3.54	 0.56	206.16	 1.32	 0.77	 1.00	10.33	 1.53	335.50	282.85	285.84	262.14	283.59	0	52.43
2005	4	23	9.089	3765.3787	112.3787	22.3787	 3.23	 0.39	207.02	 1.27	 2.63	 1.00	10.33	 1.59	335.47	282.84	285.07	262.15	283.57	0	52.43
2005	4	23	9.348	3765.3894	112.3895	22.3895	 2.83	 0.20	201.12	 0.97	 1.32	 1.00	10.40	 1.40	335.49	282.80	283.63	262.09	283.51	0	52.42
2005	4	23	9.560	3765.3984	112.3983	22.3983	 3.13	 0.25	206.33	 0.89	 0.83	 1.00	10.32	 1.55	335.50	282.78	285.67	261.97	283.60	0	52.39
2005	4	23	9.772	3765.4072	112.4072	22.4072	 2.93	 0.20	202.94	 0.88	 2.67	 0.98	10.33	 1.50	335.50	282.79	284.45	261.88	283.57	0	52.38
2005	4	23	9.984	3765.4160	112.4160	22.4160	 3.25	 0.32	208.86	 1.01	 2.48	 0.99	10.35	 1.64	335.48	282.79	286.68	262.00	283.53	0	52.40
2005	4	23	10.196	3765.4248	112.4248	22.4248	 3.04	 0.23	206.26	 0.91	 2.71	 0.99	10.33	 1.54	335.47	282.77	284.65	261.95	283.49	0	52.39
2005	4	23	10.407	3765.4336	112.4336	22.4336	 2.83	 0.22	208.06	 1.11	 0.79	 1.00	10.33	 1.54	335.47	282.74	286.20	261.82	283.43	0	52.36
2005	4	23	10.619	3765.4424	112.4425	22.4425	 2.90	 0.24	206.75	 1.12	 3.50	 0.99	10.35	 1.58	335.45	282.71	285.08	261.78	283.40	0	52.36
2005	4	23	10.831	3765.4514	112.4513	22.4513	 3.06	 0.29	205.95	 1.14	 1.24	 1.00	10.33	 1.59	335.46	282.70	284.64	261.86	283.37	0	52.37
2005	4	23	11.043	3765.4602	112.4601	22.4601	 3.06	 0.23	204.33	 0.90	 1.81	 0.99	10.32	 1.51	335.44	282.71	283.67	262.44	283.94	0	52.49
2005	4	23	11.254	3765.4690	112.4689	22.4689	 3.19	 0.28	203.63	 0.93	 2.14	 0.99	10.33	 1.48	335.46	282.77	283.56	263.63	283.36	0	52.73
2005	4	23	11.466	3765.4778	112.4778	22.4778	 3.13	 0.28	206.37	 1.01	 7.18	 0.93	10.35	 1.59	335.41	282.91	284.44	265.34	283.47	0	53.07
2005	4	23	11.679	3765.4866	112.4866	22.4866	 2.99	 0.21	205.33	 0.86	 1.30	 1.00	10.35	 1.53	335.42	283.13	284.16	265.89	284.27	0	53.18
2005	4	23	11.891	3765.4954	112.4954	22.4954	 2.98	 0.22	204.14	 0.93	 4.74	 0.96	10.35	 1.52	335.45	283.44	283.78	268.46	284.03	0	53.69
2005	4	23	12.102	3765.5042	112.5043	22.5043	 3.05	 0.28	202.85	 1.10	 2.85	 0.99	10.32	 1.55	335.43	283.84	282.77	269.55	284.47	0	53.91
2005	4	23	12.314	3765.5132	112.5131	22.5131	 3.22	 0.32	204.90	 1.04	 6.08	 0.96	10.33	 1.62	335.43	284.31	283.55	273.86	285.02	0	54.77
2005	4	23	12.527	3765.5220	112.5220	22.5220	 3.03	 0.35	203.92	 1.38	 3.92	 1.00	10.35	 1.58	335.44	284.84	284.08	274.08	285.72	0	54.82
2005	4	23	12.741	3765.5308	112.5309	22.5309	 2.87	 0.23	200.65	 1.09	 1.95	 1.00	10.33	 1.50	335.47	285.48	281.46	278.59	286.34	0	55.72
2005	4	23	12.999	3765.5417	112.5416	22.5416	 2.53	 0.15	206.85	 1.05	 6.14	 0.95	10.37	 1.60	335.52	286.43	284.79	279.52	287.51	0	55.90
2005	4	23	13.213	3765.5505	112.5505	22.5505	 3.06	 0.33	206.09	 1.27	 0.64	 1.00	10.33	 1.60	335.56	287.26	286.71	279.58	288.56	0	55.92
2005	4	23	13.424	3765.5593	112.5593	22.5594	 3.22	 0.36	202.61	 1.15	 4.63	 0.98	10.33	 1.52	335.56	288.04	286.84	279.02	289.53	0	55.80
2005	4	23	13.637	3765.5681	112.5682	22.5682	 3.17	 0.34	203.34	 1.16	 1.95	 1.00	10.33	 1.56	335.55	288.80	286.39	279.06	290.31	0	55.81
2005	4	23	13.848	3765.5769	112.5770	22.5770	 2.59	 0.22	204.89	 1.42	 5.23	 0.99	10.33	 1.57	335.55	289.59	287.23	279.43	292.19	0	55.89
2005	4	23	14.060	3765.5859	112.5858	22.5858	 2.62	 0.33	197.82	 1.99	 2.56	 1.00	10.35	 1.45	335.63	290.35	284.67	280.65	292.09	0	56.13
2005	4	23	14.273	3765.5947	112.5947	22.5947	 2.93	 0.30	204.51	 1.31	 3.56	 0.99	10.33	 1.67	335.60	291.13	288.77	280.95	292.91	0	56.19
2005	4	23	14.911	3765.6213	112.6213	22.6213	 2.46	 0.25	201.27	 1.83	 2.96	 1.00	10.35	 1.64	335.73	293.49	288.82	282.08	295.49	0	56.42
2005	4	23	15.125	3765.6301	112.6302	22.6302	 2.28	 0.24	205.33	 2.21	 3.76	 1.00	10.33	 1.61	335.77	294.18	292.86	282.09	296.25	0	56.42
2005	4	23	15.337	3765.6389	112.6390	22.6390	 3.35	 0.95	209.65	 2.75	 5.18	 1.00	10.32	 1.70	335.80	294.89	297.50	282.16	296.83	0	56.43
2005	4	23	15.762	3765.6567	112.6567	22.6567	 3.43	 1.46	189.32	 3.55	15.26	 1.00	10.38	 1.29	335.84	296.21	289.38	282.11	298.32	0	56.42
2005	4	23	15.974	3765.6655	112.6656	22.6656	 2.77	 0.61	205.43	 3.26	 6.38	 1.00	10.32	 1.56	335.88	296.87	293.33	282.22	298.81	0	56.44
2005	4	23	16.399	3765.6833	112.6833	22.6833	 3.82	 2.73	198.02	 4.60	45.73	 1.00	10.47	 1.36	335.89	297.85	297.00	282.31	298.45	0	56.46
2005	4	24	18.552	3766.7729	113.7730	23.7730	 2.02	 0.92	186.64	10.44	50.98	 1.00	10.43	 1.38	335.95	296.31	300.74	271.84	301.54	0	54.37
2005	4	24	20.251	3766.8437	113.8438	23.8438	59.19	 1.00	184.41	 0.00	218.74	 0.00	10.35	 1.29	335.70	290.42	295.38	268.10	294.59	0	53.62
2005	4	24	21.740	3766.9058	113.9058	23.9058	131.73	 1.00	210.57	 0.00	85.44	 0.00	10.33	 1.74	335.64	287.10	303.96	266.86	290.89	0	53.37
2005	4	24	23.193	3766.9663	113.9664	23.9664	 3.26	 2.57	198.64	 7.77	37.76	 1.00	10.48	 1.25	335.51	284.80	294.83	266.46	287.65	0	53.29
2005	4	24	23.619	3766.9841	113.9841	23.9841	 3.33	 1.83	210.95	 5.50	43.03	 1.00	10.37	 1.83	335.54	284.53	296.35	266.54	287.77	0	53.31
2005	4	24	23.831	3766.9929	113.9930	23.9930	16.65	1212477.30	207.77	 5.62	15.00	 1.00	10.37	 1.78	335.54	284.43	295.25	266.54	287.60	0	53.31
2005	4	25	0.469	3767.0195	114.0195	24.0195	17.54	2723566.44	206.95	 5.14	 9.58	 1.00	10.37	 1.60	335.56	284.17	296.56	266.26	287.60	0	53.25
2005	4	25	0.681	3767.0283	114.0284	24.0284	 6.73	32.15	217.20	 3.15	 4.18	 1.00	10.37	 1.92	335.54	284.10	298.97	266.26	287.55	0	53.25
2005	4	25	1.106	3767.0461	114.0461	24.0461	28.39	106205303506.41	199.60	 3.75	17.84	 1.00	10.37	 1.57	335.54	283.93	292.26	265.41	287.41	0	53.08
2005	4	25	1.319	3767.0549	114.0550	24.0550	 5.52	 6.92	216.48	 2.27	 5.45	 1.00	10.40	 1.96	335.55	283.85	299.27	265.55	287.35	0	53.11
2005	4	25	1.744	3767.0728	114.0727	24.0727	 4.24	 2.85	206.56	 3.26	19.41	 1.00	10.37	 1.79	335.54	283.77	293.01	266.19	287.28	0	53.24
2005	4	25	1.957	3767.0815	114.0815	24.0815	16.64	758789.10	208.91	 3.57	 3.99	 1.00	10.37	 1.50	335.54	283.76	301.30	266.39	287.26	0	53.28
2005	4	25	2.169	3767.0903	114.0904	24.0904	120.35	 1.00	216.21	 0.00	14.38	 0.00	10.37	 2.02	335.53	283.75	297.94	266.52	287.27	0	53.30
2005	4	25	2.595	3767.1082	114.1081	24.1081	 3.93	 1.51	212.63	 2.46	 9.10	 1.00	10.38	 1.82	335.54	283.64	295.90	265.84	287.22	0	53.17
2005	4	25	2.807	3767.1169	114.1170	24.1170	 4.37	 4.29	191.73	 4.00	 5.93	 1.00	10.37	 1.38	335.53	283.56	288.20	265.76	287.10	0	53.15
2005	4	25	3.020	3767.1257	114.1258	24.1258	 7.90	170.53	205.19	 4.88	 8.07	 1.00	10.37	 1.49	335.54	283.51	295.08	265.79	287.06	0	53.16
2005	4	25	3.233	3767.1348	114.1347	24.1347	21.88	149019945.24	215.42	 3.82	63.79	 0.98	10.37	 1.75	335.54	283.45	299.78	265.68	286.95	0	53.14
2005	4	25	3.445	3767.1436	114.1435	24.1435	 3.35	 2.21	201.58	 6.17	32.84	 1.00	10.37	 1.56	335.53	283.40	290.81	265.70	286.81	0	53.14
2005	4	25	3.706	3767.1543	114.1544	24.1544	17.30	2884499.83	202.51	 6.77	61.66	 1.00	10.40	 1.69	335.60	283.35	295.75	265.86	286.70	0	53.17
2005	4	25	4.131	3767.1721	114.1721	24.1721	 2.94	 2.32	184.84	 9.24	62.37	 1.00	10.38	 1.23	335.56	283.26	291.66	265.74	286.58	0	53.15
2005	4	25	4.344	3767.1809	114.1810	24.1810	34.55	 1.00	211.24	 0.00	100.63	 0.00	10.38	 1.66	335.55	283.22	295.43	265.69	286.47	0	53.14
2005	4	25	6.045	3767.2520	114.2519	24.2519	 2.74	 1.36	205.91	 7.50	256.14	 0.97	10.35	 1.81	335.49	282.87	291.55	265.66	285.78	0	53.13
2005	4	25	6.683	3767.2786	114.2785	24.2785	 2.42	 1.12	213.83	 9.15	136.65	 1.00	10.40	 1.46	335.49	282.70	299.45	265.43	285.66	0	53.09
2005	4	25	6.895	3767.2874	114.2873	24.2873	 4.10	 7.66	214.41	10.54	99.65	 1.00	10.37	 1.74	335.47	282.65	304.26	265.46	285.59	0	53.09
2005	4	25	7.320	3767.3049	114.3050	24.3050	 3.33	 3.55	195.07	 9.83	56.89	 1.00	10.38	 1.69	335.47	282.55	291.68	265.35	285.49	0	53.07
2005	4	25	7.745	3767.3228	114.3227	24.3227	60.66	 1.00	213.88	 0.00	18.63	 0.00	10.38	 2.04	335.48	282.48	294.61	265.51	285.46	0	53.10
2005	4	25	8.430	3767.3513	114.3513	24.3513	 2.78	 1.35	219.54	 7.55	53.00	 1.00	10.37	 2.00	335.50	282.44	296.37	265.46	285.41	0	53.09
2005	4	25	8.643	3767.3601	114.3601	24.3601	82.31	 1.00	202.09	 0.00	35.72	 0.00	10.38	 1.75	335.51	282.39	290.63	265.26	285.40	0	53.05
2005	4	25	10.982	3767.4575	114.4576	24.4576	 2.36	 1.41	204.11	11.73	68.34	 1.00	10.35	 1.83	335.44	281.77	283.97	264.57	284.58	0	52.91
2005	4	25	11.407	3767.4753	114.4753	24.4753	163.67	 1.00	191.63	 0.00	149.63	 0.00	10.37	 1.44	335.44	281.70	288.38	264.54	284.46	0	52.91
2005	4	25	11.619	3767.4841	114.4841	24.4841	 1.99	 0.69	210.71	 9.17	100.97	 1.00	10.38	 1.39	335.45	281.70	296.10	264.70	285.01	0	52.94
2005	4	25	13.791	3767.5747	114.5746	24.5746	 2.22	 0.97	219.86	10.13	38.33	 1.00	10.38	 2.00	335.41	282.03	291.29	265.22	284.55	0	53.04
2005	4	25	14.855	3767.6189	114.6189	24.6189	 3.09	 4.06	192.95	14.31	82.72	 1.00	10.37	 1.42	335.33	282.45	286.36	265.75	285.03	0	53.15
2005	4	25	15.067	3767.6277	114.6278	24.6278	 2.21	 0.96	216.29	 9.98	104.22	 1.00	10.37	 2.00	335.41	282.49	292.08	266.02	285.06	0	53.20
2005	4	25	21.068	3767.8779	114.8778	24.8778	 2.97	 2.03	241.43	10.24	160.21	 1.00	10.38	 2.07	335.45	281.89	311.27	265.15	285.03	0	53.03
2005	4	25	22.178	3767.9241	114.9241	24.9241	103.76	 0.99	215.27	 0.00	511.70	 0.00	10.37	 1.77	335.46	281.49	290.53	264.55	284.56	0	52.91
2005	4	25	22.816	3767.9507	114.9507	24.9507	19.08	33644150.79	220.05	14.41	91.27	 1.00	10.38	 1.26	335.43	281.37	308.58	264.60	284.43	0	52.92
2005	4	25	23.029	3767.9595	114.9595	24.9595	 1.96	 1.36	219.37	19.58	98.23	 1.00	10.38	 1.49	335.45	281.37	291.91	264.57	284.39	0	52.91
2005	4	25	23.241	3767.9683	114.9684	24.9684	 6.12	72.38	213.68	12.87	55.66	 1.00	10.38	 1.53	335.42	281.36	290.91	264.38	284.36	0	52.88
2005	4	26	0.304	3768.0127	115.0127	25.0127	 3.56	 4.04	211.99	 9.61	137.34	 1.00	10.37	 1.51	335.45	281.25	293.66	264.28	284.14	0	52.86
2005	4	26	0.729	3768.0303	115.0304	25.0304	117.10	 1.00	222.79	 0.00	167.32	 0.00	10.40	 2.01	335.47	281.21	300.66	264.15	284.67	0	52.83
2005	4	26	1.367	3768.0569	115.0570	25.0570	 2.77	 1.46	214.71	 8.05	116.65	 1.00	10.37	 1.83	335.44	281.12	285.97	263.83	283.95	0	52.77
2005	4	26	2.266	3768.0945	115.0944	25.0944	 2.38	 0.85	223.76	 7.56	110.72	 0.99	10.40	 1.82	335.49	281.04	294.95	263.94	283.74	0	52.79
2005	4	26	2.691	3768.1121	115.1121	25.1121	 5.52	37.26	200.62	11.36	120.47	 1.00	10.38	 1.41	335.44	280.98	286.64	263.73	283.74	0	52.75
2005	4	26	2.904	3768.1211	115.1210	25.1210	 2.35	 1.31	208.84	11.25	103.60	 1.00	10.37	 1.50	335.43	280.96	290.22	263.83	283.72	0	52.77
2005	4	26	3.967	3768.1653	115.1653	25.1653	22.15	429191795.56	202.54	 7.89	134.60	 1.00	10.40	 1.53	335.43	280.86	293.01	263.42	283.64	0	52.68
2005	4	26	4.179	3768.1741	115.1741	25.1741	191.81	 1.00	196.84	 0.00	140.62	 0.00	10.37	 1.55	335.41	280.84	278.37	263.57	283.57	0	52.71
2005	4	26	4.604	3768.1919	115.1918	25.1919	 3.24	 2.38	216.25	 8.06	69.45	 1.00	10.38	 1.81	335.42	280.78	292.83	263.38	283.52	0	52.68
2005	4	26	4.817	3768.2007	115.2007	25.2007	 4.11	 5.82	195.58	 7.18	32.96	 1.00	10.37	 1.75	335.42	280.74	283.91	263.36	283.47	0	52.67
2005	4	26	5.454	3768.2273	115.2273	25.2273	 2.67	 1.39	197.38	 7.93	271.62	 0.97	10.38	 1.28	335.45	280.71	287.95	263.55	283.45	0	52.71
2005	4	26	6.092	3768.2539	115.2538	25.2538	 1.93	 0.62	205.38	 8.61	85.65	 1.00	10.38	 1.29	335.46	280.69	288.51	263.36	283.42	0	52.67
2005	4	26	6.517	3768.2715	115.2716	25.2716	 2.88	 1.64	208.21	 7.81	121.81	 1.00	10.38	 1.44	335.43	280.67	293.16	263.28	283.40	0	52.66
2005	4	26	6.776	3768.2822	115.2823	25.2823	 2.18	 1.05	197.77	10.47	35.29	 1.00	10.38	 1.49	335.44	280.66	284.04	263.24	283.23	0	52.65
2005	4	26	6.989	3768.2913	115.2912	25.2912	 3.49	 2.12	208.46	 5.28	25.56	 1.00	10.38	 1.53	335.44	280.64	287.77	263.20	283.33	0	52.64
2005	4	26	7.414	3768.3088	115.3089	25.3089	 2.17	 0.77	192.25	 7.52	79.88	 1.00	10.37	 1.33	335.44	280.61	280.41	263.23	283.34	0	52.65
2005	4	26	7.626	3768.3179	115.3178	25.3178	 4.90	11.84	204.51	 6.88	20.07	 1.00	10.38	 1.83	335.43	280.60	283.95	263.20	283.33	0	52.64
2005	4	26	8.265	3768.3445	115.3444	25.3444	 2.98	 1.02	206.55	 4.33	34.26	 1.00	10.38	 1.77	335.44	280.56	284.95	263.10	283.27	0	52.62
2005	4	26	9.115	3768.3799	115.3798	25.3798	22.11	290241230.92	206.56	 5.64	92.59	 0.99	10.40	 1.71	335.42	280.47	288.76	262.96	283.76	0	52.59
2005	4	26	9.966	3768.4153	115.4152	25.4152	 3.46	 1.82	211.25	 4.75	 6.90	 1.00	10.38	 1.79	335.42	280.34	289.28	262.81	282.98	0	52.56
2005	4	26	10.178	3768.4241	115.4241	25.4241	 3.23	 2.01	208.98	 6.65	77.68	 1.00	10.37	 1.77	335.43	280.32	288.54	262.89	282.98	0	52.58
2005	4	26	10.391	3768.4329	115.4330	25.4330	56.92	 1.00	215.71	 0.00	30.18	 0.00	10.38	 1.78	335.41	280.31	294.90	262.89	282.94	0	52.58
2005	4	26	10.604	3768.4419	115.4418	25.4418	 3.41	 1.62	210.63	 4.48	55.72	 0.99	10.38	 1.53	335.44	280.29	291.93	262.89	282.95	0	52.58
2005	4	26	10.816	3768.4507	115.4507	25.4507	 2.77	 0.95	211.07	 5.17	129.13	 0.96	10.37	 1.70	335.41	280.29	290.03	262.89	282.92	0	52.58
2005	4	26	11.029	3768.4595	115.4595	25.4595	 3.19	 1.77	207.49	 6.01	115.92	 0.99	10.35	 1.54	335.41	280.28	284.17	262.91	282.90	0	52.58
2005	4	26	11.287	3768.4702	115.4703	25.4703	 2.35	 0.94	200.96	 7.76	187.07	 0.98	10.40	 1.37	335.42	280.28	287.89	262.94	282.76	0	52.59
2005	4	26	11.500	3768.4792	115.4792	25.4792	 3.37	 2.36	214.14	 6.88	27.89	 1.00	10.38	 1.75	335.41	280.29	294.89	263.04	282.87	0	52.61
2005	4	26	11.926	3768.4968	115.4969	25.4969	 3.58	 4.14	200.91	 9.10	84.86	 1.00	10.37	 1.36	335.40	280.37	282.28	263.26	282.90	0	52.65
2005	4	26	12.351	3768.5146	115.5146	25.5146	 2.98	 1.44	206.72	 6.13	37.97	 1.00	10.37	 1.63	335.42	280.60	280.21	 0.00	283.00	0	54.00
2005	4	26	12.776	3768.5325	115.5323	25.5323	 3.16	 2.38	195.39	 7.91	81.08	 1.00	10.37	 1.29	335.42	280.87	282.46	264.33	283.26	0	52.87
2005	4	26	12.989	3768.5413	115.5412	25.5412	 3.11	 1.14	212.53	 4.36	22.25	 1.00	10.37	 1.90	335.43	281.09	288.95	264.73	283.45	0	52.95
2005	4	26	13.201	3768.5500	115.5501	25.5501	 7.94	202.64	202.18	 5.54	46.16	 1.00	10.38	 1.74	335.40	281.23	283.25	264.73	283.59	0	52.95
2005	4	26	13.414	3768.5588	115.5589	25.5589	 2.24	 0.71	212.14	 7.02	55.01	 1.00	10.37	 1.51	335.43	281.36	289.81	264.70	283.70	0	52.94
2005	4	26	14.052	3768.5854	115.5855	25.5855	 2.35	 0.61	200.54	 5.07	25.00	 1.00	10.40	 1.38	335.42	282.06	285.12	265.74	284.25	0	53.15
2005	4	26	14.265	3768.5945	115.5944	25.5944	 2.56	 0.58	216.72	 4.08	54.16	 0.98	10.35	 1.81	335.44	282.34	290.16	266.56	284.50	0	53.31
2005	4	26	14.690	3768.6121	115.6121	25.6121	 2.30	 0.42	220.46	 4.06	11.98	 1.00	10.37	 1.80	335.48	283.08	290.59	267.95	285.27	0	53.59
2005	4	26	15.115	3768.6299	115.6298	25.6298	 2.89	 0.73	217.28	 3.57	27.16	 0.99	10.37	 1.64	335.48	283.92	289.48	269.64	286.28	0	53.93
2005	4	26	15.328	3768.6387	115.6387	25.6387	 2.68	 0.68	221.24	 4.29	51.28	 0.99	10.40	 1.84	335.47	284.37	292.49	270.05	286.67	0	54.01
2005	4	26	15.540	3768.6475	115.6475	25.6475	 2.33	 0.48	218.82	 4.43	54.56	 0.99	10.37	 1.73	335.47	284.74	291.61	269.52	286.95	0	53.90
2005	4	26	16.190	3768.6746	115.6746	25.6746	 3.57	 1.44	214.76	 3.44	23.36	 1.00	10.37	 1.79	335.49	285.74	294.16	270.77	288.15	0	54.15
2005	4	26	16.615	3768.6924	115.6923	25.6923	 2.89	 1.00	219.04	 4.97	11.57	 1.00	10.42	 1.67	335.51	286.13	293.47	271.16	288.83	0	54.23
2005	4	26	16.828	3768.7012	115.7012	25.7012	 3.61	 1.47	222.78	 3.46	28.26	 0.99	10.37	 1.91	335.49	286.41	300.24	271.48	289.17	0	54.30
2005	4	26	17.040	3768.7100	115.7100	25.7100	 2.89	 1.51	215.15	 7.33	20.44	 1.00	10.37	 1.65	335.48	286.78	292.49	271.71	289.53	0	54.34
2005	4	26	18.529	3768.7720	115.7720	25.7720	 3.21	 3.70	196.35	11.69	23.76	 1.00	10.38	 1.37	335.55	288.04	295.28	270.49	291.11	0	54.10
2005	4	26	18.741	3768.7810	115.7809	25.7809	 2.51	 1.18	201.75	 8.15	133.30	 0.99	10.37	 1.39	335.51	287.96	294.80	269.85	291.02	0	53.97
2005	4	26	18.954	3768.7898	115.7897	25.7897	 1.85	 0.68	206.69	10.49	16.11	 1.00	10.38	 1.22	335.52	287.85	295.41	269.70	290.87	0	53.94
2005	4	26	19.166	3768.7986	115.7986	25.7986	16.84	2303836.37	217.69	 9.23	161.34	 1.00	10.37	 1.44	335.51	287.73	302.15	269.38	290.78	0	53.88
2005	4	26	19.591	3768.8164	115.8163	25.8163	53.57	 1.00	219.53	 0.00	44.10	 0.00	10.37	 2.02	335.51	287.38	299.26	268.86	290.39	0	53.77
2005	4	26	20.701	3768.8625	115.8625	25.8625	 2.87	 1.94	213.53	 9.61	81.63	 1.00	10.38	 1.64	335.48	286.44	296.56	267.84	289.22	0	53.57
2005	4	26	20.914	3768.8713	115.8714	25.8714	 2.40	 0.77	214.94	 6.45	51.27	 1.00	10.37	 1.61	335.48	286.13	294.64	267.21	288.99	0	53.44
2005	4	26	21.339	3768.8892	115.8891	25.8891	 2.27	 0.83	217.19	 8.11	45.83	 1.00	10.37	 1.81	335.46	285.56	299.03	266.61	288.47	0	53.32
2005	4	26	21.552	3768.8979	115.8980	25.8980	80.12	 1.00	195.79	 0.00	106.23	 0.00	10.40	 1.28	335.47	285.21	288.93	266.10	288.14	0	53.22
2005	4	26	23.253	3768.9690	115.9689	25.9689	 2.58	 1.01	213.95	 6.90	57.88	 1.00	10.38	 1.79	335.39	283.20	288.07	264.65	285.97	0	52.93
2005	4	26	23.891	3768.9954	115.9955	25.9955	 3.37	 1.30	215.65	 3.81	20.55	 1.00	10.37	 1.68	335.44	282.73	299.03	264.44	285.44	0	52.89
2005	4	27	0.316	3769.0132	116.0132	26.0132	 3.28	 1.16	207.22	 3.63	10.36	 1.00	10.38	 1.66	335.41	282.47	287.35	264.38	285.24	0	52.88
2005	4	27	0.529	3769.0220	116.0220	26.0220	 4.31	 3.33	214.06	 3.68	23.66	 1.00	10.37	 1.62	335.42	282.37	296.77	264.43	285.17	0	52.89
2005	4	27	1.215	3769.0505	116.0506	26.0506	 2.80	 0.73	206.70	 3.77	28.75	 1.00	10.37	 1.58	335.42	282.16	290.38	264.48	284.84	0	52.90
2005	4	27	1.640	3769.0684	116.0683	26.0683	 3.02	 1.01	206.60	 4.14	32.72	 1.00	10.38	 1.44	335.42	282.07	289.75	264.31	284.75	0	52.86
2005	4	27	1.853	3769.0771	116.0772	26.0772	 2.73	 0.52	209.04	 2.93	22.75	 0.99	10.35	 1.70	335.42	282.02	287.32	264.26	284.68	0	52.85
2005	4	27	2.065	3769.0859	116.0861	26.0861	 3.09	 0.57	213.40	 2.23	15.61	 0.99	10.37	 1.75	335.41	281.99	293.15	264.25	284.63	0	52.85
2005	4	27	2.278	3769.0950	116.0949	26.0949	 4.99	 3.46	207.35	 1.86	 8.50	 0.99	10.38	 1.64	335.41	281.95	289.32	264.15	284.60	0	52.83
2005	4	27	2.490	3769.1038	116.1038	26.1038	 2.83	 0.41	218.27	 2.17	 6.32	 1.00	10.37	 1.89	335.41	281.89	295.61	263.97	285.03	0	52.79
2005	4	27	2.703	3769.1125	116.1126	26.1126	 2.94	 0.49	212.43	 2.21	26.04	 0.96	10.37	 1.65	335.42	281.79	292.67	263.61	284.47	0	52.72
2005	4	27	2.916	3769.1216	116.1215	26.1215	 3.01	 0.36	209.64	 1.51	 5.14	 0.99	10.38	 1.68	335.39	281.63	291.55	262.99	284.32	0	52.60
2005	4	27	3.128	3769.1304	116.1303	26.1303	 2.72	 0.25	207.75	 1.42	 2.54	 1.00	10.38	 1.60	335.40	281.42	292.26	262.43	284.10	0	52.49
2005	4	27	3.341	3769.1392	116.1392	26.1392	 2.67	 0.46	207.18	 2.73	 9.03	 1.00	10.35	 1.61	335.37	281.23	291.69	262.25	283.88	0	52.45
2005	4	27	3.553	3769.1479	116.1481	26.1481	 2.74	 0.37	207.72	 2.03	12.43	 0.99	10.38	 1.55	335.41	281.05	291.97	262.16	283.70	0	52.43
2005	4	27	3.979	3769.1658	116.1658	26.1658	 3.04	 0.74	202.89	 2.92	 7.84	 1.00	10.37	 1.49	335.39	280.68	288.22	261.80	283.32	0	52.36
2005	4	27	4.191	3769.1746	116.1746	26.1746	 3.24	 0.59	201.10	 1.85	 9.35	 0.99	10.37	 1.58	335.40	280.50	286.87	261.63	283.16	0	52.33
2005	4	27	4.404	3769.1836	116.1835	26.1835	 3.17	 0.54	205.36	 1.86	 2.99	 1.00	10.37	 1.60	335.37	280.33	289.54	261.44	283.38	0	52.29
2005	4	27	4.616	3769.1924	116.1923	26.1923	 3.23	 0.98	209.52	 3.26	 6.89	 1.00	10.38	 1.67	335.39	280.17	291.68	261.36	283.21	0	52.27
2005	4	27	4.829	3769.2012	116.2012	26.2012	 2.74	 0.87	207.93	 4.86	 8.46	 1.00	10.37	 1.58	335.34	280.01	289.53	261.40	282.59	0	52.28
2005	4	27	5.041	3769.2100	116.2100	26.2100	 2.90	 0.63	207.46	 2.95	 5.48	 1.00	10.40	 1.57	335.37	279.87	291.19	261.33	282.44	0	52.27
2005	4	27	5.300	3769.2209	116.2208	26.2208	 3.98	 2.47	205.57	 3.66	18.78	 1.00	10.38	 1.60	335.31	279.71	289.15	261.24	282.10	0	52.25
2005	4	27	5.726	3769.2385	116.2386	26.2386	 2.90	 0.82	198.86	 3.68	26.18	 1.00	10.35	 1.47	335.26	279.45	285.26	261.08	282.01	0	52.22
2005	4	27	5.938	3769.2473	116.2474	26.2474	 2.45	 0.56	212.92	 4.38	13.92	 1.00	10.37	 1.76	335.26	279.33	291.96	261.27	281.89	0	52.25
2005	4	27	6.363	3769.2651	116.2651	26.2651	 3.19	 1.05	203.58	 3.50	 4.17	 1.00	10.40	 1.60	335.22	279.11	289.78	261.22	281.67	0	52.24
2005	4	27	6.789	3769.2830	116.2829	26.2829	 3.31	 1.60	205.25	 4.78	 4.55	 1.00	10.35	 1.51	335.24	278.91	291.49	261.02	281.42	0	52.20
2005	4	27	7.001	3769.2917	116.2917	26.2917	 2.06	 0.44	204.08	 5.24	 8.97	 1.00	10.38	 1.43	335.26	278.81	281.45	260.98	281.32	0	52.20
2005	4	27	7.426	3769.3093	116.3094	26.3094	 2.89	 0.75	209.66	 3.57	24.86	 1.00	10.38	 1.63	335.29	278.64	291.75	260.96	281.17	0	52.19
2005	4	27	7.851	3769.3271	116.3271	26.3271	 2.27	 0.49	210.75	 4.66	23.34	 1.00	10.33	 1.59	335.29	278.50	287.44	260.83	280.98	0	52.17
2005	4	27	8.276	3769.3447	116.3448	26.3448	 2.94	 0.82	205.67	 3.63	52.76	 0.98	10.38	 1.53	335.28	278.37	285.10	260.75	280.82	0	52.15
2005	4	27	8.489	3769.3538	116.3537	26.3537	 3.18	 0.79	207.71	 2.73	33.45	 0.97	10.38	 1.69	335.27	278.31	287.15	260.66	280.73	0	52.13
2005	4	27	8.914	3769.3713	116.3714	26.3714	 3.37	 0.99	210.19	 2.82	16.14	 1.00	10.37	 1.74	335.26	278.21	288.09	260.73	280.46	0	52.15
2005	4	27	9.126	3769.3804	116.3803	26.3803	 2.89	 0.76	211.03	 3.62	 9.26	 1.00	10.38	 1.75	335.24	278.17	288.95	260.82	280.58	0	52.16
2005	4	27	9.339	3769.3892	116.3891	26.3891	 3.05	 0.79	204.39	 3.09	 4.82	 1.00	10.37	 1.55	335.23	278.14	285.65	260.84	280.54	0	52.17
2005	4	27	9.551	3769.3979	116.3980	26.3980	 2.74	 0.59	206.51	 3.25	 7.05	 1.00	10.38	 1.78	335.24	278.12	284.41	260.87	280.51	0	52.17
2005	4	27	9.812	3769.4089	116.4088	26.4088	 2.61	 0.49	211.75	 3.17	13.12	 1.00	10.42	 1.64	335.24	278.09	289.08	260.93	280.34	0	52.19
2005	4	27	10.025	3769.4177	116.4177	26.4177	 2.87	 0.54	208.93	 2.64	15.30	 0.99	10.38	 1.69	335.21	278.07	288.39	260.94	280.43	0	52.19
2005	4	27	10.238	3769.4265	116.4266	26.4266	 2.89	 0.79	205.11	 3.66	 8.93	 1.00	10.35	 1.57	335.22	278.05	285.20	260.83	280.43	0	52.17
2005	4	27	10.450	3769.4355	116.4354	26.4354	 2.35	 0.38	207.33	 3.25	11.78	 1.00	10.38	 1.55	335.23	278.02	285.94	260.75	280.39	0	52.15
2005	4	27	10.663	3769.4443	116.4443	26.4443	 2.64	 0.34	203.88	 2.06	 3.95	 1.00	10.38	 1.65	335.22	277.99	285.17	260.74	280.36	0	52.15
2005	4	27	10.876	3769.4531	116.4531	26.4531	 2.67	 0.42	206.65	 2.51	19.13	 0.99	10.35	 1.55	335.22	277.97	287.86	260.72	280.32	0	52.14
2005	4	27	11.088	3769.4619	116.4620	26.4620	 2.71	 0.36	206.84	 2.07	20.41	 0.96	10.37	 1.62	335.23	277.95	284.94	260.89	280.30	0	52.18
2005	4	27	11.301	3769.4709	116.4709	26.4709	 2.18	 0.35	208.55	 3.61	 3.53	 1.00	10.38	 1.62	335.24	277.98	285.16	263.50	280.30	0	52.70
2005	4	27	11.513	3769.4797	116.4797	26.4797	 2.75	 0.74	209.82	 4.05	12.99	 1.00	10.37	 1.66	335.23	278.06	288.75	266.34	280.39	0	53.27
2005	4	27	11.726	3769.4885	116.4886	26.4886	 2.51	 0.42	211.14	 3.07	 5.77	 1.00	10.37	 1.72	335.23	278.19	286.57	266.72	280.55	0	53.34
2005	4	27	12.151	3769.5063	116.5063	26.5063	 2.54	 0.42	208.59	 2.94	 7.89	 1.00	10.37	 1.67	335.23	278.61	285.40	266.80	280.98	0	53.36
2005	4	27	12.363	3769.5151	116.5151	26.5151	 2.95	 0.76	206.47	 3.30	26.14	 0.99	10.40	 1.67	335.24	278.86	286.47	266.92	281.24	0	53.38
2005	4	27	12.576	3769.5239	116.5240	26.5240	 2.56	 0.60	210.89	 4.08	27.88	 1.00	10.35	 1.51	335.26	279.16	287.45	267.33	281.58	0	53.47
2005	4	27	12.789	3769.5330	116.5329	26.5329	 3.02	 0.62	213.69	 2.61	 5.37	 1.00	10.37	 1.69	335.26	279.48	285.90	267.73	281.88	0	53.55
2005	4	27	13.001	3769.5417	116.5417	26.5417	 2.90	 0.67	209.68	 3.13	 8.39	 1.00	10.37	 1.68	335.25	279.83	286.48	268.03	282.81	0	53.61
2005	4	27	13.639	3769.5684	116.5683	26.5683	 2.47	 0.57	209.63	 4.26	 9.02	 1.00	10.40	 1.52	335.30	280.91	287.51	268.94	283.50	0	53.79
2005	4	27	14.065	3769.5859	116.5860	26.5860	 2.43	 0.65	211.38	 5.14	19.95	 1.00	10.38	 1.65	335.31	281.61	285.52	269.55	284.18	0	53.91
2005	4	27	14.323	3769.5969	116.5968	26.5968	 2.81	 0.78	208.00	 4.01	45.67	 0.99	10.40	 1.58	335.37	282.06	283.76	270.08	284.55	0	54.02
2005	4	27	14.749	3769.6145	116.6145	26.6145	 3.93	 1.60	224.82	 2.72	27.91	 0.98	10.40	 1.96	335.38	282.87	295.57	271.18	285.47	0	54.24
2005	4	27	14.961	3769.6233	116.6234	26.6234	 2.63	 0.62	228.62	 4.24	56.88	 0.99	10.37	 1.76	335.37	283.29	296.39	271.74	285.95	0	54.35
2005	4	27	15.386	3769.6411	116.6411	26.6411	20.66	71181450.94	201.15	 5.77	61.76	 1.00	10.38	 1.27	335.42	284.16	282.47	272.58	286.92	0	54.52
2005	4	27	15.599	3769.6499	116.6500	26.6500	 2.13	 0.60	213.48	 6.90	23.80	 1.00	10.38	 1.28	335.43	284.59	288.44	272.96	287.26	0	54.59
2005	4	27	15.812	3769.6589	116.6588	26.6588	 4.10	 3.65	207.27	 4.85	 6.29	 1.00	10.37	 1.58	335.44	285.03	283.50	273.15	287.70	0	54.63
2005	4	27	16.449	3769.6853	116.6854	26.6854	 3.13	 1.03	221.48	 4.00	32.14	 1.00	10.38	 2.06	335.43	286.25	295.57	273.98	288.96	0	54.80
2005	4	27	16.662	3769.6943	116.6942	26.6942	 3.13	 1.23	220.08	 4.75	14.47	 1.00	10.38	 1.88	335.43	286.50	294.04	274.34	289.36	0	54.87
2005	4	27	16.875	3769.7031	116.7031	26.7031	 3.68	 1.71	226.95	 3.83	41.45	 0.99	10.40	 1.94	335.45	286.84	300.13	274.61	289.81	0	54.92
2005	4	27	17.514	3769.7297	116.7298	26.7298	 3.65	 1.35	198.87	 2.72	47.05	 0.95	10.37	 1.50	335.27	288.91	290.08	279.49	291.31	0	55.90
2005	4	27	17.727	3769.7385	116.7386	26.7386	 3.16	 0.78	210.89	 2.78	16.61	 0.99	10.37	 1.81	335.32	290.08	294.45	281.07	292.80	0	56.21
2005	4	27	18.380	3769.7659	116.7658	26.7658	20.56	41760759.10	193.33	 3.58	15.54	 1.00	11.12	 1.44	335.42	292.84	289.84	280.50	295.88	0	56.10
2005	4	27	18.599	3769.7749	116.7750	26.7750	34.25	 1.00	198.55	 0.00	17.07	 0.00	10.37	 1.65	335.47	293.45	291.42	279.81	296.68	0	55.96
2005	4	27	22.339	3769.9309	116.9308	26.9308	19.20	7553120.60	207.54	 2.72	47.79	 0.96	10.38	 1.50	335.32	284.30	292.59	267.39	286.63	0	53.48
2005	4	27	22.551	3769.9397	116.9396	26.9396	 3.50	 0.86	215.05	 2.22	 9.63	 1.00	10.37	 1.86	335.34	283.96	292.60	266.27	286.33	0	53.25
2005	4	27	22.764	3769.9485	116.9485	26.9485	 3.98	 3.14	207.33	 4.71	22.76	 1.00	10.37	 1.51	335.33	283.62	292.97	265.86	286.26	0	53.17
2005	4	27	23.614	3769.9839	116.9839	26.9839	 2.81	 0.69	200.49	 3.44	24.04	 1.00	10.38	 1.45	335.33	282.58	286.83	265.01	285.49	0	53.00
2005	4	27	23.827	3769.9927	116.9928	26.9928	 2.86	 0.66	210.51	 3.24	17.18	 1.00	10.35	 1.85	335.32	282.37	288.27	264.86	285.38	0	52.97
2005	4	28	0.039	3770.0017	117.0016	27.0016	 6.60	39.96	203.97	 4.22	33.67	 1.00	10.37	 1.51	335.32	282.17	287.31	264.61	285.18	0	52.92
2005	4	28	0.252	3770.0105	117.0105	27.0105	 3.44	 1.28	207.51	 3.36	 6.43	 1.00	10.38	 1.51	335.32	281.98	291.50	264.39	284.94	0	52.88
2005	4	28	0.465	3770.0193	117.0194	27.0194	22.59	237233366.99	213.10	 2.95	 7.30	 1.00	10.38	 1.66	335.31	281.80	294.94	264.20	284.74	0	52.84
2005	4	28	0.890	3770.0371	117.0371	27.0371	30.20	338794467113.94	208.09	 2.03	 7.24	 1.00	10.37	 1.54	335.31	281.49	289.96	263.86	284.39	0	52.77
2005	4	28	1.103	3770.0459	117.0460	27.0460	 3.37	 0.76	207.52	 2.14	 5.19	 1.00	10.37	 1.59	335.29	281.34	288.64	263.63	284.26	0	52.73
2005	4	28	1.315	3770.0547	117.0548	27.0548	 3.63	 0.79	211.42	 1.74	 3.94	 1.00	10.35	 1.67	335.29	281.19	290.66	263.36	284.07	0	52.67
2005	4	28	1.528	3770.0637	117.0637	27.0637	 3.48	 0.56	208.63	 1.41	 6.58	 0.99	10.38	 1.59	335.33	281.04	289.83	263.12	283.92	0	52.62
2005	4	28	1.789	3770.0745	117.0745	27.0745	 3.23	 0.47	211.00	 1.56	 2.39	 1.00	10.40	 1.58	335.29	280.89	290.87	263.19	283.54	0	52.64
2005	4	28	2.002	3770.0835	117.0834	27.0834	 3.58	 0.72	207.25	 1.64	 2.68	 1.00	10.37	 1.56	335.32	280.79	288.97	263.49	283.55	0	52.70
2005	4	28	2.214	3770.0923	117.0923	27.0923	 3.44	 0.44	211.78	 1.18	 4.17	 0.99	10.37	 1.63	335.30	280.70	291.54	263.60	283.48	0	52.72
2005	4	28	2.427	3770.1011	117.1011	27.1011	 3.28	 0.46	207.87	 1.43	 8.02	 0.98	10.38	 1.55	335.30	280.63	287.57	263.65	283.41	0	52.73
2005	4	28	2.640	3770.1101	117.1100	27.1100	 3.34	 0.75	206.12	 2.18	 7.01	 1.00	10.37	 1.47	335.29	280.57	287.62	263.65	283.19	0	52.73
2005	4	28	3.064	3770.1277	117.1277	27.1277	 3.58	 0.89	211.74	 2.06	 4.95	 1.00	10.35	 1.73	335.29	280.45	288.57	263.58	283.19	0	52.72
2005	4	28	3.277	3770.1365	117.1365	27.1365	 2.66	 0.27	206.80	 1.59	 5.83	 0.99	10.38	 1.55	335.25	280.39	287.09	263.52	283.13	0	52.70
2005	4	28	3.490	3770.1455	117.1454	27.1454	 3.37	 0.64	206.22	 1.79	 1.24	 1.00	10.37	 1.52	335.29	280.31	286.68	263.32	283.04	0	52.66
2005	4	28	3.702	3770.1543	117.1543	27.1543	 2.74	 0.28	210.29	 1.59	 1.70	 1.00	10.38	 1.52	335.25	280.24	288.94	263.18	282.96	0	52.64
2005	4	28	3.915	3770.1631	117.1631	27.1631	 3.31	 0.39	212.64	 1.21	 2.85	 1.00	10.38	 1.72	335.26	280.15	290.79	263.05	282.89	0	52.61
2005	4	28	4.128	3770.1719	117.1720	27.1720	 3.20	 0.52	208.47	 1.74	10.02	 0.99	10.37	 1.56	335.25	280.09	288.28	263.18	282.65	0	52.64
2005	4	28	4.340	3770.1809	117.1808	27.1808	 3.99	 1.37	207.42	 2.02	 7.41	 1.00	10.37	 1.62	335.24	280.05	288.40	263.43	282.74	0	52.69
2005	4	28	4.552	3770.1897	117.1897	27.1897	 4.37	 1.87	207.13	 1.89	 2.25	 1.00	10.37	 1.55	335.24	280.01	288.66	263.50	282.71	0	52.70
2005	4	28	4.765	3770.1985	117.1985	27.1985	 2.59	 0.37	208.01	 2.43	12.20	 0.99	10.38	 1.58	335.25	279.98	287.35	263.44	282.67	0	52.69
2005	4	28	4.977	3770.2073	117.2074	27.2074	 3.67	 0.98	205.74	 2.01	 7.01	 1.00	10.37	 1.54	335.25	279.94	289.05	263.30	282.63	0	52.66
2005	4	28	5.403	3770.2251	117.2251	27.2251	 3.97	 0.83	203.65	 1.23	 2.21	 1.00	10.37	 1.50	335.24	279.82	286.35	262.92	282.48	0	52.58
2005	4	28	5.615	3770.2339	117.2340	27.2340	 2.94	 0.40	211.18	 1.83	 3.30	 1.00	10.37	 1.59	335.35	279.77	288.57	263.01	282.42	0	52.60
2005	4	28	5.827	3770.2429	117.2428	27.2428	 3.07	 0.55	208.45	 2.13	 2.69	 1.00	10.37	 1.58	335.25	279.73	288.35	263.10	282.38	0	52.62
2005	4	28	6.040	3770.2517	117.2517	27.2517	 3.05	 0.47	210.62	 1.90	 2.96	 1.00	10.37	 1.59	335.25	279.70	288.72	263.19	282.35	0	52.64
2005	4	28	6.301	3770.2625	117.2625	27.2625	 3.60	 0.85	213.27	 1.94	 8.37	 0.99	10.42	 1.67	335.22	279.68	290.05	263.16	282.17	0	52.63
2005	4	28	6.514	3770.2715	117.2714	27.2714	 3.40	 0.87	205.10	 2.36	 4.89	 1.00	10.37	 1.47	335.24	279.63	286.64	263.15	282.26	0	52.63
2005	4	28	6.939	3770.2891	117.2891	27.2891	 3.18	 0.60	207.13	 2.07	 5.08	 1.00	10.37	 1.52	335.25	279.57	287.43	263.28	282.20	0	52.66
2005	4	28	7.151	3770.2981	117.2980	27.2980	 4.92	 2.29	207.45	 1.33	 6.08	 0.99	10.37	 1.61	335.24	279.56	288.35	263.23	282.18	0	52.65
2005	4	28	7.364	3770.3069	117.3068	27.3068	 2.79	 0.39	210.98	 2.09	 4.87	 1.00	10.38	 1.54	335.26	279.54	288.90	263.29	282.16	0	52.66
2005	4	28	7.576	3770.3157	117.3157	27.3157	 4.05	 1.30	208.19	 1.83	 7.81	 0.99	10.38	 1.59	335.22	279.51	286.67	263.31	282.15	0	52.66
2005	4	28	7.789	3770.3245	117.3245	27.3245	33.15	 1.00	201.03	 0.00	 8.20	 0.00	10.37	 1.43	335.23	279.49	283.07	263.18	281.96	0	52.64
2005	4	28	8.001	3770.3335	117.3334	27.3334	 3.72	 1.12	213.97	 2.28	 1.79	 1.00	10.35	 1.69	335.23	279.44	290.90	262.97	282.07	0	52.59
2005	4	28	8.214	3770.3423	117.3422	27.3422	 3.05	 0.51	212.95	 2.08	 4.88	 1.00	10.38	 1.60	335.22	279.38	291.18	262.76	282.00	0	52.55
2005	4	28	8.426	3770.3511	117.3511	27.3511	18.54	3624992.07	203.21	 2.48	13.07	 1.00	10.37	 1.57	335.20	279.34	284.86	262.78	281.94	0	52.56
2005	4	28	8.639	3770.3599	117.3600	27.3600	 4.42	 2.15	204.23	 2.04	10.72	 0.99	10.38	 1.53	335.20	279.30	285.25	262.89	281.89	0	52.58
2005	4	28	8.851	3770.3689	117.3688	27.3688	 4.03	 1.91	209.74	 2.75	13.37	 1.00	10.37	 1.56	335.22	279.25	289.39	262.60	281.81	0	52.52
2005	4	28	9.064	3770.3777	117.3777	27.3777	 3.83	 1.00	211.91	 1.78	 4.03	 1.00	10.37	 1.73	335.21	279.20	288.27	262.58	281.77	0	52.52
2005	4	28	9.489	3770.3953	117.3954	27.3954	 5.32	 6.69	205.34	 2.56	 3.87	 1.00	10.37	 1.50	335.16	279.12	286.18	262.44	282.10	0	52.49
2005	4	28	10.128	3770.4219	117.4220	27.4220	 2.80	 0.59	208.85	 3.11	12.99	 1.00	10.40	 1.54	335.17	279.16	286.54	263.36	281.46	0	52.67
2005	4	28	10.340	3770.4309	117.4308	27.4308	 3.46	 1.09	212.45	 2.86	 2.62	 1.00	10.35	 1.63	335.17	279.20	288.65	263.56	281.69	0	52.71
2005	4	28	10.552	3770.4397	117.4397	27.4397	 3.76	 1.65	207.66	 3.09	11.31	 1.00	10.37	 1.64	335.17	279.28	285.94	263.68	281.74	0	52.74
2005	4	28	10.777	3770.4490	117.4490	27.4490	 3.16	 0.76	207.13	 2.69	 0.66	 1.00	10.40	 1.51	335.18	279.37	286.72	263.84	281.60	0	52.77
2005	4	28	10.990	3770.4580	117.4579	27.4579	 3.96	 2.23	207.96	 3.41	 7.26	 1.00	10.37	 1.53	335.16	279.51	285.52	264.34	282.42	0	52.87
2005	4	28	11.202	3770.4668	117.4668	27.4667	 5.49	 4.74	214.82	 1.61	 7.20	 0.99	10.37	 1.73	335.14	279.71	291.35	265.85	282.11	0	53.17
2005	4	28	11.415	3770.4756	117.4756	27.4756	 4.11	 1.54	205.12	 2.01	 6.30	 1.00	10.37	 1.51	335.16	280.00	285.09	268.60	282.30	0	53.72
2005	4	28	11.627	3770.4844	117.4845	27.4845	 3.16	 0.51	211.15	 1.82	 7.87	 0.99	10.37	 1.68	335.21	280.46	287.76	271.86	282.72	0	54.37
2005	4	28	12.265	3770.5110	117.5110	27.5110	 3.28	 0.64	213.55	 2.04	 2.99	 1.00	10.38	 1.85	335.22	282.65	289.08	277.27	284.99	0	55.45
2005	4	28	12.690	3770.5288	117.5287	27.5287	 4.06	 1.37	200.09	 1.84	 0.60	 1.00	10.38	 1.43	335.30	284.38	286.43	278.96	286.76	0	55.79
2005	4	28	13.115	3770.5464	117.5465	27.5465	 4.17	 2.00	206.27	 2.46	19.03	 0.99	10.35	 1.64	335.34	285.98	289.36	280.46	288.47	0	56.09
2005	4	28	13.328	3770.5554	117.5553	27.5553	49.59	 1.00	207.80	 0.00	 5.69	 0.00	10.37	 1.76	335.35	286.79	292.20	281.03	290.21	0	56.21
2005	4	28	13.540	3770.5642	117.5642	27.5642	 5.00	 4.33	206.00	 2.29	 8.73	 1.00	10.37	 1.62	335.39	287.59	292.98	281.41	290.59	0	56.28
2005	4	28	13.753	3770.5730	117.5730	27.5730	 3.75	 1.13	197.23	 2.04	 4.85	 1.00	10.38	 1.52	335.37	288.53	287.90	282.04	291.23	0	56.41
2005	4	28	13.965	3770.5818	117.5819	27.5819	 3.18	 0.79	202.05	 2.66	 8.55	 1.00	10.37	 1.61	335.40	289.47	290.24	282.64	292.19	0	56.53
2005	4	28	14.390	3770.5996	117.5996	27.5996	10.21	1086.13	186.10	 2.80	 7.34	 1.00	10.37	 1.27	335.49	291.29	287.17	284.14	294.09	0	56.83
2005	4	28	14.603	3770.6084	117.6085	27.6084	 2.87	 0.50	201.58	 2.35	11.72	 0.99	10.38	 1.42	335.45	292.20	296.92	284.29	295.08	0	56.86
2005	4	28	14.815	3770.6172	117.6173	27.6173	 3.27	 0.86	215.01	 2.78	22.47	 0.99	10.37	 1.98	335.47	292.97	298.16	283.44	296.03	0	56.69
2005	4	28	15.287	3770.6370	117.6369	27.6369	 3.82	 2.08	198.76	 3.54	13.91	 1.00	10.40	 1.46	335.49	295.18	297.81	285.98	298.39	0	57.20
2005	4	28	15.499	3770.6458	117.6458	27.6458	 3.68	 2.27	199.22	 4.45	15.79	 1.00	10.40	 1.62	335.53	296.22	296.31	286.07	299.39	0	57.21
2005	4	28	15.925	3770.6636	117.6635	27.6635	 2.84	 0.76	214.33	 3.91	81.31	 0.96	10.38	 1.90	335.54	297.51	304.46	283.87	300.67	0	56.77
2005	4	28	17.627	3770.7344	117.7345	27.7345	34.26	 1.00	210.56	 0.00	21.24	 0.00	10.38	 1.87	335.43	299.72	307.49	281.82	302.70	0	56.36
2005	4	28	17.839	3770.7434	117.7433	27.7433	99.04	 1.00	217.14	 0.00	21.27	 0.00	10.35	 1.96	335.50	299.89	311.18	281.63	302.92	0	56.33
2005	4	28	18.478	3770.7700	117.7699	27.7699	 5.39	17.75	189.72	 5.84	51.67	 1.00	10.42	 1.32	335.51	300.00	309.93	281.31	303.50	0	56.26
2005	4	28	18.904	3770.7876	117.7877	27.7877	 4.63	 6.08	210.38	 4.80	36.59	 1.00	10.37	 1.83	335.51	299.55	310.22	278.88	304.12	0	55.78
2005	4	28	19.541	3770.8142	117.8142	27.8142	 3.86	 2.09	204.99	 3.52	39.18	 0.99	10.37	 1.88	335.48	298.61	300.68	277.68	302.35	0	55.54
2005	4	28	22.139	3770.9224	117.9225	27.9225	 2.36	 2.41	185.78	18.29	764.42	 0.99	10.40	 1.41	335.48	291.50	303.98	268.38	295.65	0	53.68
2005	4	28	22.990	3770.9580	117.9579	27.9579	 2.25	 0.73	196.01	 6.57	18.29	 1.00	10.38	 1.69	335.41	288.15	292.22	265.80	291.88	0	53.16
2005	4	28	23.203	3770.9668	117.9668	27.9668	 2.14	 0.69	199.52	 7.26	56.33	 1.00	10.38	 1.43	335.38	287.41	298.86	265.66	291.05	0	53.13
2005	4	28	23.415	3770.9756	117.9756	27.9756	24.11	2373997263.19	201.35	 6.10	62.84	 1.00	10.37	 1.77	335.39	286.73	294.46	265.48	290.39	0	53.10
2005	4	29	0.053	3771.0022	118.0022	28.0022	 1.86	 0.62	186.85	 8.65	38.50	 1.00	10.37	 1.30	335.38	285.12	288.69	264.84	288.54	0	52.97
2005	4	29	0.525	3771.0220	118.0219	28.0219	 1.80	 0.15	205.50	 2.49	 6.96	 1.00	10.38	 1.53	335.34	284.17	295.05	263.39	287.36	0	52.68
2005	4	29	0.738	3771.0308	118.0307	28.0307	 2.05	 0.33	204.44	 3.95	10.53	 1.00	10.37	 1.68	335.33	283.70	295.04	263.02	287.36	0	52.60
2005	4	29	0.950	3771.0396	118.0396	28.0396	 1.98	 0.09	201.22	 1.20	 3.17	 0.99	10.38	 1.57	335.32	283.28	290.98	262.60	286.40	0	52.52
2005	4	29	1.163	3771.0483	118.0484	28.0484	 1.92	 0.10	204.19	 1.35	 3.76	 0.99	10.37	 1.64	335.32	282.87	293.42	262.25	285.90	0	52.45
2005	4	29	1.375	3771.0574	118.0573	28.0573	 1.62	 0.22	201.06	 4.50	 5.91	 1.00	10.37	 1.56	335.33	282.50	291.93	262.12	285.38	0	52.42
2005	4	29	1.800	3771.0750	118.0750	28.0750	 1.80	 0.26	194.04	 4.09	15.63	 1.00	10.40	 1.55	335.25	281.81	289.23	261.88	284.70	0	52.38
2005	4	29	2.225	3771.0928	118.0927	28.0927	 1.07	 0.10	199.78	 4.72	41.74	 0.96	10.37	 1.58	335.28	281.25	292.19	262.02	284.11	0	52.40
2005	4	29	2.438	3771.1016	118.1016	28.1016	 1.19	 0.04	198.21	 1.50	31.05	 0.29	10.37	 1.62	335.29	281.00	289.98	261.99	283.61	0	52.40
2005	4	29	2.651	3771.1104	118.1104	28.1104	 1.09	 0.05	199.49	 2.18	 8.17	 0.97	10.38	 1.55	335.27	280.76	288.66	262.01	283.52	0	52.40
2005	4	29	2.863	3771.1194	118.1193	28.1193	 1.48	 0.11	200.57	 2.70	 5.52	 1.00	10.35	 1.61	335.26	280.55	289.80	261.97	283.29	0	52.39
2005	4	29	3.075	3771.1282	118.1281	28.1281	 1.43	 0.06	201.04	 1.68	 6.54	 0.98	10.38	 1.61	335.23	280.37	289.58	262.04	283.10	0	52.41
2005	4	29	3.288	3771.1370	118.1370	28.1370	 1.47	 0.06	201.39	 1.63	11.99	 0.92	10.38	 1.63	335.27	280.23	289.30	261.99	282.95	0	52.40
2005	4	29	3.501	3771.1458	118.1459	28.1459	 1.44	 0.06	202.58	 1.54	 5.88	 0.97	10.38	 1.61	335.23	280.04	288.40	261.71	282.77	0	52.34
2005	4	29	3.713	3771.1548	118.1547	28.1547	 1.41	 0.06	201.60	 1.59	 8.83	 0.94	10.38	 1.52	335.23	279.87	288.50	261.55	282.56	0	52.31
2005	4	29	3.926	3771.1636	118.1636	28.1636	 1.25	 0.05	201.83	 1.86	 2.09	 1.00	10.37	 1.57	335.22	279.70	288.54	261.72	282.39	0	52.34
2005	4	29	4.138	3771.1724	118.1724	28.1724	 1.42	 0.05	197.27	 1.43	 2.90	 0.99	10.40	 1.55	335.24	279.57	287.55	261.80	282.22	0	52.36
2005	4	29	4.351	3771.1814	118.1813	28.1813	 1.36	 0.04	202.57	 1.06	 2.29	 0.98	10.38	 1.68	335.22	279.46	289.24	261.75	282.11	0	52.35
2005	4	29	4.564	3771.1902	118.1902	28.1902	 1.24	 0.05	200.17	 1.63	 3.62	 0.99	10.38	 1.57	335.20	279.32	288.54	261.39	281.98	0	52.28
2005	4	29	4.823	3771.2009	118.2009	28.2009	 1.15	 0.06	201.45	 2.42	 2.53	 1.00	10.38	 1.48	335.20	279.16	287.40	261.09	281.64	0	52.22
2005	4	29	5.035	3771.2097	118.2098	28.2098	 1.35	 0.05	201.94	 1.48	 2.57	 0.99	10.37	 1.58	335.20	279.03	288.10	260.92	281.60	0	52.18
2005	4	29	5.247	3771.2187	118.2186	28.2186	 1.37	 0.05	202.87	 1.45	 5.58	 0.97	10.37	 1.59	335.20	278.90	287.22	260.89	281.47	0	52.18
2005	4	29	5.460	3771.2275	118.2275	28.2275	 1.37	 0.06	198.99	 1.69	 5.35	 0.98	10.37	 1.57	335.20	278.80	286.50	260.94	281.34	0	52.19
2005	4	29	5.673	3771.2363	118.2364	28.2364	 1.28	 0.06	201.80	 2.01	 4.44	 0.99	10.38	 1.63	335.18	278.69	286.79	260.80	281.24	0	52.16
2005	4	29	5.886	3771.2454	118.2452	28.2452	 1.30	 0.05	198.16	 1.66	 8.31	 0.95	10.37	 1.64	335.21	278.56	288.24	260.57	281.08	0	52.11
2005	4	29	6.098	3771.2542	118.2541	28.2541	 1.17	 0.06	199.05	 2.27	 6.42	 0.99	10.38	 1.58	335.19	278.43	287.92	260.41	280.90	0	52.08
2005	4	29	6.311	3771.2629	118.2630	28.2630	 1.21	 0.05	200.99	 1.90	 1.95	 1.00	10.37	 1.59	335.19	278.31	287.78	260.26	280.79	0	52.05
2005	4	29	6.523	3771.2717	118.2718	28.2718	 1.21	 0.04	198.36	 1.34	 4.63	 0.95	10.37	 1.54	335.21	278.19	285.58	260.14	280.62	0	52.03
2005	4	29	6.736	3771.2808	118.2807	28.2807	 1.22	 0.05	199.44	 1.90	 5.72	 0.98	10.38	 1.57	335.21	278.11	287.77	260.20	280.52	0	52.04
2005	4	29	6.949	3771.2896	118.2895	28.2895	 1.19	 0.04	197.88	 1.51	 5.13	 0.96	10.37	 1.56	335.22	278.02	286.38	260.22	280.41	0	52.04
2005	4	29	7.161	3771.2983	118.2984	28.2984	 1.23	 0.03	198.92	 1.16	 4.07	 0.94	10.37	 1.60	335.23	277.92	287.74	260.09	280.76	0	52.02
2005	4	29	7.373	3771.3071	118.3072	28.3072	 1.24	 0.04	199.04	 1.55	 5.98	 0.96	10.37	 1.60	335.29	277.83	286.26	260.05	280.18	0	52.01
2005	4	29	7.586	3771.3162	118.3161	28.3161	 1.19	 0.04	199.36	 1.70	 7.56	 0.95	10.37	 1.55	335.29	277.76	286.27	260.23	280.09	0	52.05
2005	4	29	7.798	3771.3250	118.3249	28.3249	 1.19	 0.05	198.21	 2.08	 6.20	 0.99	10.38	 1.55	335.31	277.70	286.45	 0.00	280.03	0	54.00
2005	4	29	8.011	3771.3337	118.3338	28.3338	 1.24	 0.05	197.05	 1.81	 8.45	 0.96	10.38	 1.56	335.31	277.63	285.48	260.06	279.97	0	52.01
2005	4	29	8.224	3771.3428	118.3427	28.3427	 1.23	 0.04	200.95	 1.57	 2.56	 0.99	10.38	 1.57	335.32	277.54	286.89	260.05	280.29	0	52.01
2005	4	29	8.436	3771.3516	118.3515	28.3515	 1.21	 0.04	200.06	 1.67	14.08	 0.82	10.37	 1.63	335.32	277.48	285.63	259.98	279.79	0	52.00
2005	4	29	8.649	3771.3604	118.3604	28.3604	 1.20	 0.04	197.24	 1.50	 3.97	 0.98	10.40	 1.57	335.33	277.42	285.29	260.08	279.71	0	52.02
2005	4	29	8.861	3771.3691	118.3692	28.3692	 1.26	 0.06	198.94	 1.92	 4.50	 0.99	10.38	 1.56	335.33	277.41	286.17	260.50	279.67	0	52.10
2005	4	29	9.074	3771.3782	118.3781	28.3781	 1.20	 0.05	197.97	 1.79	 3.47	 0.99	10.38	 1.55	335.33	277.40	284.73	260.74	279.69	0	52.15
2005	4	29	9.335	3771.3889	118.3889	28.3889	 1.33	 0.04	198.00	 1.24	 5.16	 0.94	10.42	 1.57	335.32	277.38	285.86	260.51	279.55	0	52.10
2005	4	29	9.547	3771.3977	118.3978	28.3978	 1.33	 0.04	202.02	 1.34	11.81	 0.78	10.37	 1.63	335.32	277.36	284.81	260.52	279.67	0	52.10
2005	4	29	9.760	3771.4067	118.4067	28.4067	 1.22	 0.05	200.56	 1.81	10.33	 0.93	10.35	 1.52	335.36	277.34	285.04	260.47	279.61	0	52.09
2005	4	29	9.972	3771.4155	118.4155	28.4155	 1.32	 0.06	201.37	 1.82	 4.02	 0.99	10.37	 1.59	335.37	277.34	285.55	260.55	279.58	0	52.11
2005	4	29	10.185	3771.4243	118.4244	28.4244	 1.26	 0.05	200.38	 1.74	 4.26	 0.99	10.37	 1.53	335.38	277.33	285.42	260.53	279.61	0	52.11
2005	4	29	10.398	3771.4333	118.4332	28.4332	 1.30	 0.05	202.58	 1.64	 4.94	 0.98	10.37	 1.63	335.35	277.30	285.17	260.33	279.58	0	52.07
2005	4	29	10.610	3771.4421	118.4421	28.4421	 1.40	 0.05	201.41	 1.44	 2.75	 0.99	10.35	 1.63	335.38	277.27	285.61	260.33	279.53	0	52.07
2005	4	29	10.823	3771.4509	118.4509	28.4509	 1.32	 0.04	200.44	 1.36	 7.34	 0.91	10.37	 1.57	335.35	277.25	284.78	260.49	279.50	0	52.10
2005	4	29	11.035	3771.4597	118.4598	28.4598	 1.26	 0.04	201.59	 1.34	 5.14	 0.95	10.38	 1.55	335.38	277.26	285.61	260.85	279.48	0	52.17
2005	4	29	11.248	3771.4687	118.4686	28.4686	 1.20	 0.05	197.44	 1.83	 2.50	 1.00	10.37	 1.49	335.36	277.37	282.56	264.11	279.54	0	52.82
2005	4	29	11.460	3771.4775	118.4775	28.4775	 1.36	 0.07	199.04	 1.90	 8.43	 0.97	10.37	 1.62	335.37	277.68	283.69	269.07	279.75	0	53.81
2005	4	29	11.673	3771.4863	118.4864	28.4864	 1.34	 0.05	198.24	 1.65	 7.38	 0.96	10.37	 1.55	335.35	278.10	283.77	272.04	280.24	0	54.41
2005	4	29	11.885	3771.4951	118.4952	28.4952	 1.31	 0.03	197.48	 1.07	 2.04	 0.98	10.37	 1.56	335.37	278.65	282.85	274.50	280.85	0	54.90
2005	4	29	12.098	3771.5042	118.5041	28.5041	 1.27	 0.08	193.15	 2.49	 2.29	 1.00	10.37	 1.45	335.39	279.31	280.72	276.62	281.55	0	55.32
2005	4	29	12.311	3771.5129	118.5129	28.5129	 1.32	 0.05	196.72	 1.54	 1.46	 1.00	10.38	 1.56	335.42	280.07	282.86	277.97	282.38	0	55.59
2005	4	29	12.523	3771.5217	118.5218	28.5218	 1.35	 0.05	193.20	 1.56	 9.45	 0.92	10.38	 1.53	335.41	280.92	282.41	279.48	283.30	0	55.90
2005	4	29	12.736	3771.5308	118.5307	28.5307	 1.43	 0.07	195.38	 1.82	 5.15	 0.99	10.37	 1.60	335.41	281.83	284.06	280.66	284.94	0	56.13
2005	4	29	12.948	3771.5396	118.5395	28.5395	 1.43	 0.06	196.34	 1.53	 6.76	 0.96	10.37	 1.63	335.43	282.76	284.32	281.47	285.38	0	56.29
2005	4	29	13.161	3771.5483	118.5484	28.5484	 1.33	 0.06	194.00	 1.66	 3.19	 0.99	10.38	 1.53	335.44	283.75	284.37	282.56	286.29	0	56.51
2005	4	29	13.374	3771.5571	118.5572	28.5572	 1.43	 0.05	198.59	 1.34	 3.29	 0.99	10.35	 1.65	335.48	284.75	288.00	283.64	287.47	0	56.73
2005	4	29	13.586	3771.5662	118.5661	28.5661	 1.35	 0.07	193.17	 2.15	 3.57	 1.00	10.38	 1.56	335.50	285.69	285.83	284.40	288.53	0	56.88
2005	4	29	13.846	3771.5769	118.5769	28.5769	 1.18	 0.05	199.53	 2.16	 5.74	 0.99	10.42	 1.55	335.56	286.95	288.28	285.35	289.83	0	57.07
2005	4	29	14.059	3771.5857	118.5858	28.5858	 1.36	 0.07	195.15	 2.05	 2.54	 1.00	10.37	 1.53	335.57	287.93	288.79	285.84	290.99	0	57.17
2005	4	29	14.272	3771.5947	118.5947	28.5947	 1.51	 0.07	193.65	 1.62	 3.81	 0.99	10.38	 1.61	335.61	288.96	290.22	286.09	292.14	0	57.22
2005	4	29	14.484	3771.6035	118.6035	28.6035	 1.42	 0.07	196.18	 1.96	 2.82	 1.00	10.38	 1.61	335.61	289.93	291.42	286.74	293.09	0	57.35
2005	4	29	14.697	3771.6123	118.6124	28.6124	 1.25	 0.05	195.83	 1.87	 4.45	 0.99	10.37	 1.53	335.60	290.88	291.07	287.73	294.16	0	57.55
2005	4	29	14.910	3771.6213	118.6212	28.6212	 1.35	 0.09	193.66	 2.49	 5.79	 1.00	10.42	 1.50	335.60	291.83	289.93	287.98	295.15	0	57.60
2005	4	29	15.123	3771.6301	118.6301	28.6301	 1.48	 0.07	195.09	 1.78	 6.31	 0.99	10.37	 1.55	335.60	292.75	293.71	287.85	296.11	0	57.57
2005	4	29	15.335	3771.6389	118.6389	28.6389	 1.51	 0.16	194.43	 3.68	 7.51	 1.00	10.37	 1.56	335.65	293.65	293.52	287.99	297.11	0	57.60
2005	4	29	15.547	3771.6477	118.6478	28.6478	 1.70	 0.08	205.72	 1.47	 7.47	 0.97	10.38	 1.92	335.63	294.53	299.22	288.51	298.05	0	57.70
2005	4	29	15.760	3771.6567	118.6567	28.6567	 1.59	 0.08	196.85	 1.71	 1.66	 1.00	10.37	 1.54	335.63	295.36	297.26	288.87	298.83	0	57.77
2005	4	29	15.972	3771.6655	118.6655	28.6655	 1.86	 0.17	203.29	 2.60	 6.00	 1.00	10.37	 1.82	335.64	296.13	299.25	288.17	299.64	0	57.63
2005	4	29	16.185	3771.6743	118.6744	28.6744	 1.69	 0.18	196.15	 3.31	23.57	 0.99	10.38	 1.56	335.60	296.83	297.02	287.35	300.41	0	57.47
2005	4	29	16.398	3771.6833	118.6832	28.6832	 1.51	 0.16	193.84	 3.68	11.03	 1.00	10.38	 1.42	335.61	297.47	299.21	287.29	301.06	0	57.46
2005	4	29	17.036	3771.7097	118.7098	28.7098	 1.97	 0.25	202.65	 3.32	17.28	 1.00	10.35	 1.71	335.61	299.07	301.67	287.07	302.72	0	57.41
2005	4	29	17.462	3771.7275	118.7276	28.7276	 1.32	 0.16	181.27	 4.48	15.17	 1.00	10.35	 1.18	335.60	299.89	295.45	286.23	303.66	0	57.25
2005	4	29	19.595	3771.8164	118.8165	28.8165	 2.05	 0.24	214.38	 3.01	52.66	 0.93	10.43	 1.89	335.64	300.65	310.22	281.28	304.91	0	56.26
2005	4	29	19.808	3771.8254	118.8253	28.8253	 2.01	 0.42	205.94	 5.26	 6.00	 1.00	10.38	 1.48	335.66	300.41	313.02	280.48	304.73	0	56.10
2005	4	29	20.447	3771.8521	118.8520	28.8520	 1.98	 0.28	199.43	 3.56	 2.73	 1.00	10.37	 1.44	335.69	299.44	316.51	278.40	303.84	0	55.68
2005	4	29	21.085	3771.8784	118.8785	28.8785	 2.79	 0.74	212.59	 3.94	18.38	 1.00	10.37	 1.74	335.67	297.97	320.38	276.03	302.44	0	55.21
2005	4	29	22.148	3771.9229	118.9228	28.9228	 3.30	 4.58	202.27	13.54	427.34	 0.99	10.38	 1.60	335.65	294.33	318.47	270.64	298.75	0	54.13
2005	4	29	22.361	3771.9316	118.9317	28.9317	 2.39	 1.17	199.68	 9.19	254.56	 0.99	10.35	 1.40	335.63	293.37	314.29	269.18	297.48	0	53.84
2005	4	29	22.573	3771.9404	118.9405	28.9405	 3.29	 3.96	218.39	12.75	168.50	 1.00	10.37	 1.80	335.56	292.46	311.52	268.22	296.62	0	53.64
2005	4	29	23.849	3771.9937	118.9937	28.9937	 2.50	 0.22	200.19	 1.54	 9.06	 0.98	10.40	 1.53	335.48	287.95	300.90	265.03	291.44	0	53.01
2005	4	30	0.061	3772.0024	119.0026	29.0026	 2.72	 0.24	209.27	 1.38	 3.71	 1.00	10.35	 1.71	335.48	287.36	302.32	264.88	290.73	0	52.98
2005	4	30	0.274	3772.0115	119.0114	29.0114	 2.59	 0.17	207.08	 1.12	 2.39	 1.00	10.42	 1.64	335.46	286.83	301.34	265.16	290.21	0	53.03
2005	4	30	0.700	3772.0291	119.0292	29.0292	 2.57	 0.45	209.98	 3.02	 8.10	 1.00	10.37	 1.63	335.43	285.97	298.97	265.65	289.14	0	53.13
2005	4	30	0.912	3772.0381	119.0380	29.0380	 2.81	 0.38	205.94	 1.91	 2.85	 1.00	10.35	 1.51	335.43	285.57	297.27	265.94	288.56	0	53.19
2005	4	30	1.124	3772.0469	119.0469	29.0469	 2.85	 0.17	208.39	 0.86	 3.72	 0.96	10.38	 1.57	335.42	285.22	297.81	266.61	288.17	0	53.32
2005	4	30	1.337	3772.0557	119.0557	29.0557	 2.66	 0.19	209.38	 1.17	 2.24	 1.00	10.37	 1.62	335.41	284.95	297.20	266.89	288.02	0	53.38
2005	4	30	1.550	3772.0645	119.0646	29.0646	 2.48	 0.15	209.75	 1.12	 3.26	 0.99	10.38	 1.62	335.40	284.75	297.23	267.14	287.86	0	53.43
2005	4	30	1.762	3772.0735	119.0734	29.0734	 2.74	 0.21	210.78	 1.16	 4.47	 0.98	10.35	 1.65	335.43	284.62	296.45	267.54	287.59	0	53.51
2005	4	30	1.975	3772.0823	119.0823	29.0823	 2.70	 0.13	210.44	 0.79	 2.69	 0.97	10.37	 1.67	335.40	284.48	297.08	267.30	287.42	0	53.46
2005	4	30	2.187	3772.0911	119.0911	29.0911	 2.80	 0.19	215.02	 1.01	 3.01	 0.99	10.38	 1.76	335.38	284.29	298.30	267.19	287.26	0	53.44
2005	4	30	2.400	3772.1001	119.1000	29.1000	 2.70	 0.15	212.16	 0.88	 2.57	 0.98	10.40	 1.66	335.39	284.10	297.01	266.98	287.09	0	53.40
2005	4	30	2.612	3772.1089	119.1089	29.1089	 2.74	 0.13	211.59	 0.74	 0.49	 1.00	10.37	 1.69	335.39	283.94	295.75	266.76	286.89	0	53.35
2005	4	30	2.825	3772.1177	119.1177	29.1177	 2.71	 0.15	211.67	 0.88	 3.50	 0.97	10.40	 1.68	335.38	283.80	295.79	266.69	286.75	0	53.34
2005	4	30	3.037	3772.1265	119.1266	29.1266	 2.78	 0.17	213.35	 0.92	 2.26	 0.99	10.35	 1.71	335.39	283.64	296.82	266.46	286.59	0	53.29
2005	4	30	3.250	3772.1355	119.1354	29.1354	 2.82	 0.21	211.60	 1.09	 2.31	 1.00	10.38	 1.64	335.38	283.47	295.72	266.32	286.25	0	53.26
2005	4	30	3.463	3772.1443	119.1443	29.1443	 2.79	 0.27	209.63	 1.42	 2.03	 1.00	10.38	 1.59	335.37	283.31	294.49	266.19	286.16	0	53.24
2005	4	30	3.676	3772.1531	119.1532	29.1532	 2.81	 0.25	209.94	 1.27	 7.20	 0.97	10.37	 1.62	335.36	283.20	293.82	266.64	286.01	0	53.33
2005	4	30	3.888	3772.1621	119.1620	29.1620	 2.65	 0.16	211.87	 1.01	 1.40	 1.00	10.35	 1.66	335.35	283.14	294.49	267.12	285.94	0	53.42
2005	4	30	4.100	3772.1709	119.1708	29.1708	 2.64	 0.20	209.71	 1.23	 1.39	 1.00	10.37	 1.62	335.35	283.04	294.21	266.59	285.91	0	53.32
2005	4	30	4.313	3772.1797	119.1797	29.1797	 2.41	 0.14	211.21	 1.15	 2.99	 0.99	10.38	 1.63	335.34	282.93	293.69	266.27	285.74	0	53.25
2005	4	30	4.526	3772.1885	119.1886	29.1886	 2.69	 0.13	210.57	 0.76	 0.64	 1.00	10.38	 1.62	335.35	282.84	293.20	266.70	285.62	0	53.34
2005	4	30	4.739	3772.1975	119.1974	29.1974	 2.54	 0.19	211.94	 1.33	 0.95	 1.00	10.37	 1.60	335.35	282.80	293.80	267.22	285.51	0	53.44
2005	4	30	4.951	3772.2063	119.2063	29.2063	 2.54	 0.14	210.91	 0.99	 1.29	 1.00	10.37	 1.62	335.34	282.77	292.91	267.39	285.51	0	53.48
2005	4	30	5.164	3772.2151	119.2151	29.2152	 2.65	 0.14	210.61	 0.89	 1.44	 1.00	10.35	 1.61	335.37	282.75	293.47	267.48	285.49	0	53.50
2005	4	30	5.376	3772.2239	119.2240	29.2240	 2.66	 0.17	212.83	 1.08	 2.34	 0.99	10.37	 1.70	335.37	282.74	294.20	267.76	285.47	0	53.55
2005	4	30	5.589	3772.2329	119.2329	29.2329	 2.75	 0.21	209.79	 1.16	 6.09	 0.97	10.38	 1.60	335.36	282.75	292.96	267.88	285.48	0	53.58
2005	4	30	5.801	3772.2417	119.2417	29.2417	 2.74	 0.20	210.57	 1.11	 0.64	 1.00	10.38	 1.65	335.36	282.76	293.09	268.03	285.49	0	53.61
2005	4	30	6.014	3772.2505	119.2506	29.2506	 2.89	 0.16	211.00	 0.77	 0.81	 1.00	10.38	 1.64	335.36	282.77	293.60	267.92	285.51	0	53.58
2005	4	30	6.227	3772.2595	119.2594	29.2594	 2.45	 0.16	210.36	 1.22	 3.60	 0.99	10.38	 1.62	335.34	282.77	293.74	267.99	285.51	0	53.60
2005	4	30	6.439	3772.2683	119.2683	29.2683	 2.67	 0.21	211.39	 1.27	 1.99	 1.00	10.37	 1.61	335.36	282.78	294.90	268.10	285.50	0	53.62
2005	4	30	6.652	3772.2771	119.2772	29.2772	 2.37	 0.13	209.97	 1.13	 4.00	 0.98	10.38	 1.58	335.35	282.78	292.86	268.05	285.53	0	53.61
2005	4	30	6.864	3772.2861	119.2860	29.2860	 2.57	 0.15	211.03	 0.98	 1.34	 1.00	10.35	 1.61	335.35	282.75	293.81	267.42	285.50	0	53.48
2005	4	30	7.077	3772.2949	119.2949	29.2949	 2.42	 0.13	210.01	 1.01	 2.87	 0.99	10.38	 1.60	335.37	282.71	292.77	267.15	285.48	0	53.43
2005	4	30	7.290	3772.3037	119.3037	29.3037	 2.38	 0.12	208.46	 0.99	 5.68	 0.94	10.37	 1.58	335.35	282.69	292.10	267.06	285.44	0	53.41
2005	4	30	7.502	3772.3125	119.3126	29.3126	 2.26	 0.12	210.35	 1.16	 1.22	 1.00	10.38	 1.62	335.33	282.62	293.18	266.66	285.40	0	53.33
2005	4	30	7.715	3772.3215	119.3214	29.3214	 1.97	 0.09	211.76	 1.23	 3.59	 0.99	10.37	 1.62	335.35	282.53	293.30	266.34	285.33	0	53.27
2005	4	30	7.928	3772.3303	119.3303	29.3303	 2.29	 0.10	209.60	 0.90	 5.71	 0.91	10.40	 1.62	335.36	282.46	292.83	266.08	285.25	0	53.22
2005	4	30	8.140	3772.3391	119.3392	29.3392	 2.29	 0.10	210.36	 0.89	 1.84	 0.99	10.35	 1.65	335.34	282.40	292.76	265.52	285.20	0	53.10
2005	4	30	8.353	3772.3481	119.3480	29.3480	 2.30	 0.10	212.23	 0.96	 2.39	 0.99	10.38	 1.66	335.35	282.35	294.11	265.24	285.17	0	53.05
2005	4	30	8.565	3772.3569	119.3569	29.3569	 2.17	 0.13	208.71	 1.35	 0.94	 1.00	10.37	 1.57	335.33	282.30	291.77	265.44	285.13	0	53.09
2005	4	30	8.778	3772.3657	119.3658	29.3658	 2.20	 0.12	211.78	 1.20	 2.16	 1.00	10.37	 1.61	335.35	282.23	293.83	265.69	284.98	0	53.14
2005	4	30	8.990	3772.3745	119.3746	29.3746	 2.27	 0.08	211.44	 0.78	 2.69	 0.96	10.37	 1.63	335.32	282.17	293.31	265.81	284.88	0	53.16
2005	4	30	9.203	3772.3835	119.3835	29.3835	 2.24	 0.08	211.01	 0.75	 1.00	 1.00	10.37	 1.62	335.34	282.11	293.05	265.91	284.79	0	53.18
2005	4	30	9.416	3772.3923	119.3923	29.3923	 2.06	 0.07	208.63	 0.88	 3.95	 0.94	10.38	 1.53	335.32	282.06	291.39	266.05	284.72	0	53.21
2005	4	30	9.628	3772.4011	119.4012	29.4012	 2.22	 0.09	212.28	 0.92	 3.67	 0.96	10.38	 1.70	335.32	282.04	293.28	266.41	284.69	0	53.28
2005	4	30	9.841	3772.4102	119.4100	29.4100	 2.27	 0.11	209.97	 1.01	 5.79	 0.94	10.35	 1.63	335.32	282.03	292.93	266.86	284.66	0	53.37
2005	4	30	10.053	3772.4189	119.4189	29.4189	 2.22	 0.10	211.75	 1.05	 1.52	 1.00	10.38	 1.71	335.29	282.01	293.45	267.01	284.68	0	53.40
2005	4	30	10.266	3772.4277	119.4278	29.4278	 2.20	 0.13	209.56	 1.35	 3.81	 0.99	10.38	 1.57	335.31	281.96	293.44	266.51	284.61	0	53.30
2005	4	30	10.479	3772.4365	119.4366	29.4366	 2.07	 0.07	210.39	 0.88	 2.86	 0.97	10.37	 1.68	335.32	281.90	292.16	266.34	284.46	0	53.27
2005	4	30	10.691	3772.4456	119.4455	29.4455	 2.06	 0.09	209.58	 1.06	 3.41	 0.98	10.38	 1.58	335.33	281.87	292.18	266.51	284.50	0	53.30
2005	4	30	10.904	3772.4543	119.4543	29.4543	 2.08	 0.11	210.30	 1.26	 3.70	 0.99	10.38	 1.62	335.33	281.84	292.25	266.59	284.45	0	53.32
2005	4	30	11.117	3772.4631	119.4632	29.4632	 1.90	 0.09	206.81	 1.36	 7.75	 0.96	10.38	 1.53	335.33	281.86	290.18	267.67	284.43	0	53.53
2005	4	30	11.329	3772.4722	119.4720	29.4720	 2.14	 0.09	208.74	 0.94	 3.65	 0.97	10.35	 1.64	335.32	282.02	290.91	271.11	284.46	0	54.22
2005	4	30	11.541	3772.4810	119.4809	29.4809	 2.02	 0.09	206.87	 1.17	 3.57	 0.99	10.37	 1.60	335.32	282.36	290.62	276.49	284.86	0	55.30
2005	4	30	11.754	3772.4897	119.4898	29.4898	 2.03	 0.09	207.37	 1.09	 5.90	 0.95	10.37	 1.63	335.29	282.84	291.76	280.29	285.83	0	56.06
2005	4	30	11.967	3772.4985	119.4986	29.4986	 1.98	 0.09	204.95	 1.12	 4.98	 0.96	10.38	 1.63	335.32	283.43	291.33	283.27	286.03	0	56.65
2005	4	30	12.179	3772.5076	119.5075	29.5075	 1.86	 0.08	205.82	 1.15	 5.06	 0.96	10.38	 1.61	335.35	284.16	292.13	285.43	286.84	0	57.09
2005	4	30	12.392	3772.5164	119.5163	29.5163	 1.87	 0.08	206.54	 1.17	 2.46	 0.99	10.38	 1.65	335.38	284.90	292.22	285.98	287.74	0	57.20
2005	4	30	12.604	3772.5251	119.5252	29.5252	 1.83	 0.07	204.08	 1.15	 9.12	 0.88	10.33	 1.59	335.43	285.76	292.39	286.96	288.76	0	57.39
2005	4	30	12.817	3772.5339	119.5340	29.5340	 1.99	 0.10	202.64	 1.23	 5.40	 0.97	10.40	 1.65	335.45	286.71	293.20	289.29	289.86	0	57.86
2005	4	30	13.030	3772.5430	119.5429	29.5429	 1.70	 0.07	202.66	 1.22	 3.49	 0.98	10.38	 1.58	335.46	287.71	292.97	291.11	291.01	0	58.22
2005	4	30	13.243	3772.5518	119.5518	29.5518	 1.81	 0.08	204.00	 1.29	 3.03	 0.99	10.38	 1.66	335.50	288.78	294.78	292.43	292.20	0	58.49
2005	4	30	13.455	3772.5605	119.5606	29.5606	 1.81	 0.07	201.84	 1.10	 2.37	 0.99	10.38	 1.62	335.53	289.81	295.77	293.64	293.76	0	58.73
2005	4	30	13.667	3772.5696	119.5695	29.5695	 1.69	 0.07	202.60	 1.27	 1.79	 1.00	10.37	 1.60	335.54	290.83	295.87	294.61	294.60	0	58.92
2005	4	30	13.880	3772.5784	119.5783	29.5783	 1.75	 0.07	199.64	 1.12	 3.19	 0.98	10.37	 1.61	335.58	291.85	296.18	295.02	295.74	0	59.00
2005	4	30	14.092	3772.5872	119.5872	29.5872	 1.67	 0.08	202.03	 1.49	 0.72	 1.00	10.38	 1.63	335.59	293.35	297.61	294.03	299.18	0	58.81
2005	4	30	14.595	3772.6082	119.6081	29.6081	 1.76	 0.11	202.78	 1.89	26.38	 0.85	10.37	 1.67	335.50	294.76	300.55	292.91	298.81	0	58.58
2005	4	30	14.807	3772.6169	119.6170	29.6170	 1.63	 0.04	203.57	 0.85	 6.58	 0.75	10.37	 1.62	335.60	295.59	300.80	292.96	299.65	0	58.59
2005	4	30	15.019	3772.6257	119.6258	29.6258	 1.86	 0.09	198.20	 1.37	 6.16	 0.97	10.37	 1.61	335.59	296.41	299.30	293.25	300.50	0	58.65
2005	4	30	15.232	3772.6348	119.6347	29.6347	 1.86	 0.12	196.78	 1.68	10.66	 0.96	10.35	 1.56	335.60	297.21	301.30	293.04	301.29	0	58.61
2005	4	30	15.444	3772.6436	119.6435	29.6435	 1.54	 0.11	198.02	 2.42	 2.11	 1.00	10.35	 1.55	335.62	297.94	299.71	292.55	302.05	0	58.51
2005	4	30	15.869	3772.6611	119.6612	29.6612	 1.64	 0.10	200.61	 1.90	 5.95	 0.99	10.35	 1.55	335.60	299.31	303.28	293.03	303.42	0	58.61
# Unit 0, Chajnantor CBI, Filter  0,  Slot 0, 350 um (563) & yellow
#				days
#				since		day of	day of
# yr	mo	dy	 time	1/1/1995	year	month	Tau	unc	Tatm	unc	mse	fitgood	Etime	R	Thot	Twarm	Tchop	Tamb	<Tint>	Filter	Toff
# 1	2	3	4	5		6	7	8	9	10	11	12	13	14	15	16	17	18	19	20	21	22
