2000	9	4	0.989	2073.0413	247.0412	3.0412	 3.27	 0.70	209.62	 2.23	 9.59	 1.00	10.62	 2.35	336.59	282.56	295.65	258.88	290.53	0	51.78
2000	9	4	1.206	2073.0503	247.0502	3.0503	 2.29	 0.26	202.93	 2.33	 5.63	 1.00	10.58	 2.32	336.54	282.41	292.44	258.35	290.28	0	51.67
2000	9	4	1.422	2073.0593	247.0592	3.0592	 2.59	 0.22	205.39	 1.42	 1.43	 1.00	10.52	 2.34	336.53	282.28	294.03	258.21	289.98	0	51.64
2000	9	4	1.637	2073.0681	247.0682	3.0682	 2.63	 0.30	202.57	 1.80	 5.65	 1.00	10.55	 2.27	336.56	282.16	290.22	258.15	289.67	0	51.63
2000	9	4	1.853	2073.0771	247.0772	3.0772	 2.49	 0.34	207.22	 2.50	 4.97	 1.00	10.58	 2.37	336.53	282.02	293.74	258.21	289.40	0	51.64
2000	9	5	21.868	2074.9111	248.9111	4.9111	 2.76	 3.71	220.12	21.43	827.46	 1.00	10.55	 2.39	336.70	296.07	300.51	267.08	302.84	0	53.42
2000	9	5	22.946	2074.9561	248.9561	4.9561	 1.87	 0.80	190.42	11.23	228.11	 0.99	10.55	 1.93	336.62	291.50	296.16	262.91	299.77	0	52.58
2000	9	5	23.378	2074.9741	248.9741	4.9741	 1.97	 0.45	213.84	 6.12	11.66	 1.00	10.55	 2.31	336.60	289.81	310.94	261.67	298.40	0	52.33
2000	9	5	23.593	2074.9832	248.9831	4.9831	 1.92	 0.29	206.47	 4.16	 4.69	 1.00	10.55	 2.35	336.57	289.09	303.70	261.30	297.81	0	52.26
2000	9	5	23.809	2074.9919	248.9920	4.9920	 2.19	 0.28	203.11	 2.87	 6.75	 1.00	10.55	 2.32	336.61	288.45	301.57	260.39	297.17	0	52.08
2000	9	6	0.024	2075.0010	249.0010	5.0010	 2.16	 0.12	206.39	 1.24	 2.49	 1.00	10.55	 2.29	336.58	287.86	302.82	259.92	296.57	0	51.98
2000	9	6	0.240	2075.0100	249.0100	5.0100	 2.05	 0.11	203.00	 1.26	 0.97	 1.00	10.53	 2.33	336.57	287.30	299.34	259.87	295.94	0	51.97
2000	9	6	0.456	2075.0190	249.0190	5.0190	 1.87	 0.10	203.53	 1.53	 1.48	 1.00	10.55	 2.27	336.56	286.79	298.97	259.71	295.39	0	51.94
2000	9	6	0.672	2075.0281	249.0280	5.0280	 1.71	 0.08	201.99	 1.48	 1.52	 1.00	10.53	 2.17	336.55	286.29	298.92	259.14	294.88	0	51.83
2000	9	6	0.887	2075.0369	249.0370	5.0370	 1.73	 0.07	203.63	 1.25	 1.83	 1.00	10.57	 2.27	336.58	285.86	298.35	259.08	294.50	0	51.82
2000	9	6	1.103	2075.0459	249.0460	5.0460	 1.68	 0.06	204.60	 1.13	 1.95	 0.99	10.55	 2.36	336.55	285.47	297.40	259.08	293.85	0	51.82
2000	9	6	1.319	2075.0549	249.0549	5.0550	 1.58	 0.10	200.77	 2.13	 4.37	 1.00	10.53	 2.22	336.53	285.10	297.49	259.24	293.35	0	51.85
2000	9	6	1.535	2075.0640	249.0639	5.0639	 1.74	 0.52	195.24	 8.74	82.55	 1.00	10.57	 2.52	336.50	284.66	293.55	258.91	292.85	0	51.78
2000	9	6	1.751	2075.0730	249.0729	5.0729	 0.99	 0.22	180.47	11.31	59.24	 1.00	10.53	 1.58	336.50	284.21	291.46	258.27	292.57	0	51.65
2000	9	6	1.966	2075.0820	249.0819	5.0819	 0.68	 0.34	210.99	40.36	139.83	 1.00	10.55	 1.79	336.45	283.73	302.47	257.86	292.06	0	51.57
2000	9	6	3.906	2075.1628	249.1628	5.1628	 0.23	 0.27	337.07	270.39	103.62	 1.00	10.57	 1.75	336.37	280.68	289.08	257.00	288.13	0	51.40
2000	9	6	4.338	2075.1807	249.1807	5.1807	 0.78	 0.31	198.38	26.62	209.10	 1.00	10.55	 2.10	336.40	280.21	294.85	257.03	287.50	0	51.41
2000	9	6	5.847	2075.2437	249.2436	5.2436	 1.14	 0.44	206.61	18.93	124.19	 1.00	10.55	 2.58	336.30	278.92	302.41	256.63	285.62	0	51.33
2000	9	6	6.279	2075.2617	249.2616	5.2616	 0.87	 0.22	203.49	15.60	107.73	 1.00	10.55	 2.59	336.28	278.57	288.60	256.27	285.14	0	51.25
2000	9	6	10.457	2075.4358	249.4357	5.4357	 0.35	 0.31	242.91	125.46	213.98	 1.00	10.80	 1.65	336.24	276.35	297.28	255.23	282.14	0	51.05
2000	9	6	13.777	2075.5740	249.5740	5.5740	 0.68	 0.75	231.76	96.13	2112.07	 1.00	10.85	 2.35	336.84	289.59	321.55	268.60	293.05	0	53.72
2000	9	7	1.296	2076.0540	250.0540	6.0540	 1.71	 0.21	206.30	 3.81	 3.50	 1.00	10.80	 2.45	336.51	285.51	297.38	258.93	294.42	0	51.79
2000	9	7	1.516	2076.0632	250.0632	6.0632	 1.87	 0.36	200.28	 5.32	 2.06	 1.00	10.83	 2.19	336.51	285.03	299.10	258.15	293.81	0	51.63
2000	9	7	4.171	2076.1738	250.1738	6.1738	 1.64	 0.64	196.25	12.32	228.69	 0.99	10.88	 2.49	336.41	281.42	296.24	259.17	288.86	0	51.83
2000	9	7	5.278	2076.2200	250.2199	6.2199	 0.80	 0.72	201.96	59.70	660.44	 1.00	10.78	 1.70	336.30	280.55	295.46	258.68	287.58	0	51.74
2000	9	7	7.270	2076.3030	250.3029	6.3029	 0.81	 0.71	189.04	54.33	782.16	 1.00	10.85	 1.96	336.40	279.17	277.28	257.33	286.03	0	51.47
2000	9	7	23.880	2076.9951	250.9950	6.9950	 1.69	 0.44	199.47	 8.07	62.10	 1.00	10.87	 1.97	336.54	289.81	297.84	261.81	299.12	0	52.36
2000	9	8	0.322	2077.0134	251.0134	7.0134	 1.72	 0.47	200.48	 8.41	20.81	 1.00	10.87	 2.48	336.50	288.48	296.24	261.04	297.90	0	52.21
2000	9	8	0.544	2077.0227	251.0227	7.0227	 1.27	 0.29	195.93	 9.53	27.89	 1.00	10.78	 1.81	336.53	287.88	300.40	260.74	297.07	0	52.15
2000	9	8	0.765	2077.0320	251.0319	7.0319	 1.84	 0.38	206.39	 5.98	76.28	 0.99	10.85	 2.34	336.53	287.31	304.77	260.21	296.41	0	52.04
2000	9	8	1.208	2077.0503	251.0503	7.0503	 1.70	 0.34	205.59	 6.35	17.72	 1.00	10.87	 2.25	336.48	286.30	300.62	260.40	295.21	0	52.08
2000	9	8	1.651	2077.0688	251.0688	7.0688	 1.60	 0.11	201.60	 2.36	11.03	 0.99	10.87	 2.22	336.48	285.44	297.20	259.05	294.25	0	51.81
2000	9	8	1.872	2077.0779	251.0780	7.0780	 1.64	 0.13	208.76	 2.71	 8.24	 1.00	10.78	 2.46	336.46	285.01	300.35	259.28	293.67	0	51.86
2000	9	8	2.093	2077.0872	251.0872	7.0872	 1.91	 0.31	193.91	 4.22	32.71	 0.99	10.87	 2.44	336.46	284.58	294.19	258.81	293.14	0	51.76
2000	9	8	2.314	2077.0964	251.0964	7.0964	 1.31	 0.24	192.46	 7.32	26.48	 1.00	10.80	 2.06	336.42	284.17	297.00	258.65	292.59	0	51.73
2000	9	8	3.421	2077.1426	251.1425	7.1425	 0.80	 0.23	195.78	18.84	22.42	 1.00	10.87	 1.90	336.36	282.51	291.74	259.42	290.41	0	51.88
2000	9	8	6.519	2077.2717	251.2716	7.2716	 1.35	 0.41	209.98	12.93	91.52	 1.00	10.88	 2.58	336.30	279.87	296.26	257.99	286.59	0	51.60
2000	9	8	6.961	2077.2900	251.2901	7.2901	 0.35	 0.28	279.09	128.24	131.58	 1.00	10.82	 1.65	336.27	279.63	292.96	258.65	286.15	0	51.73
2000	9	8	8.953	2077.3730	251.3731	7.3731	 0.15	 0.32	374.04	622.87	398.94	 1.00	10.80	 1.53	336.29	278.67	272.56	258.25	284.86	0	51.65
2000	9	8	11.176	2077.4656	251.4657	7.4657	 0.25	 0.69	208.09	389.47	1681.08	 0.99	10.85	 1.51	336.41	279.05	272.30	264.13	284.21	0	52.83
2000	9	8	12.504	2077.5210	251.5210	7.5210	 0.54	 0.45	187.54	69.85	223.07	 1.00	10.85	 2.27	336.66	285.08	283.13	270.46	288.72	0	54.09
2000	9	9	0.901	2078.0376	252.0375	8.0375	 1.47	 0.28	204.86	 7.15	12.78	 1.00	10.87	 2.40	336.31	286.31	302.38	259.19	295.37	0	51.84
2000	9	9	1.122	2078.0466	252.0468	8.0467	 1.15	 0.10	197.52	 4.05	25.32	 0.98	10.77	 2.08	336.36	285.82	295.16	258.92	294.75	0	51.78
2000	9	9	1.343	2078.0559	252.0560	8.0559	 1.48	 0.07	202.52	 1.74	 3.99	 0.99	10.85	 2.42	336.33	285.39	299.26	258.37	294.23	0	51.67
2000	9	9	1.564	2078.0652	252.0652	8.0652	 1.32	 0.17	205.37	 5.57	15.31	 1.00	10.80	 2.34	336.33	284.93	299.91	258.03	293.71	0	51.61
2000	9	9	1.786	2078.0745	252.0744	8.0744	 1.16	 0.19	200.97	 7.89	79.71	 0.99	10.85	 2.02	336.30	284.52	298.02	259.41	293.11	0	51.88
2000	9	9	2.007	2078.0837	252.0836	8.0836	 1.57	 0.21	204.52	 4.76	27.46	 1.00	10.78	 2.53	336.29	284.21	303.93	259.62	292.63	0	51.92
2000	9	9	2.228	2078.0928	252.0928	8.0928	 1.26	 0.25	204.40	 8.88	20.41	 1.00	10.85	 2.43	336.26	283.89	295.54	259.34	292.21	0	51.87
2000	9	9	3.335	2078.1389	252.1390	8.1390	 0.74	 0.58	180.58	49.88	261.74	 1.00	10.78	 1.66	336.23	282.74	283.08	260.42	290.37	0	52.08
2000	9	9	3.556	2078.1482	252.1482	8.1482	 0.98	 0.41	206.67	23.87	128.65	 1.00	10.85	 2.14	336.20	282.52	286.46	260.12	290.12	0	52.02
2000	9	9	9.099	2078.3792	252.3791	8.3791	 1.25	 3.10	140.05	76.74	3379.27	 1.00	10.83	 2.28	336.36	278.98	264.29	259.30	285.10	0	51.86
2000	9	11	2.976	2080.1240	254.1240	10.1240	 0.91	 0.32	213.61	21.96	72.16	 1.00	11.22	 2.12	336.06	282.41	295.69	259.22	290.04	0	51.84
2000	9	11	3.888	2080.1621	254.1620	10.1620	 1.29	 0.33	208.61	11.30	57.11	 1.00	11.23	 2.16	336.14	281.60	306.49	259.04	289.21	0	51.81
2000	9	11	4.582	2080.1909	254.1909	10.1909	 1.22	 0.58	189.26	20.10	310.71	 1.00	11.22	 2.56	336.18	281.07	295.60	258.99	288.15	0	51.80
2000	9	11	16.212	2080.6755	254.6755	10.6755	 1.36	 0.68	207.68	20.99	254.59	 1.00	11.10	 2.37	336.73	298.37	317.83	278.37	305.41	0	55.67
2000	9	11	16.668	2080.6946	254.6945	10.6945	 0.58	 0.47	224.10	78.88	206.92	 1.00	11.08	 2.20	336.66	299.17	285.70	279.84	305.19	0	55.97
2000	9	11	23.747	2080.9895	254.9895	10.9895	62.75	 1.00	170.79	 0.00	457.68	 0.00	11.23	 2.19	336.42	291.19	289.70	263.75	300.55	0	52.75
2000	9	12	1.349	2081.0562	255.0562	11.0562	 1.71	 0.72	204.06	13.15	310.74	 0.99	11.08	 1.95	336.32	286.79	303.43	260.97	295.91	0	52.19
2000	9	12	2.035	2081.0847	255.0848	11.0848	 2.75	 1.00	200.95	 5.31	58.00	 0.99	11.25	 2.48	336.34	285.56	297.47	261.25	294.39	0	52.25
2000	9	12	2.265	2081.0945	255.0944	11.0944	 1.40	 0.12	203.93	 3.27	17.07	 0.99	11.10	 2.23	336.36	285.20	297.12	259.66	293.83	0	51.93
2000	9	12	2.503	2081.1042	255.1043	11.1043	 1.49	 0.13	203.45	 3.21	 7.76	 1.00	11.20	 2.20	336.39	284.77	297.02	259.16	293.27	0	51.83
2000	9	12	2.733	2081.1138	255.1139	11.1139	 1.66	 0.15	204.63	 2.90	20.39	 0.98	11.23	 2.35	336.37	284.41	295.19	258.90	292.84	0	51.78
2000	9	12	3.191	2081.1331	255.1330	11.1330	 1.68	 0.22	197.97	 4.12	14.83	 1.00	11.28	 2.17	336.32	283.73	294.16	258.91	291.87	0	51.78
2000	9	12	3.421	2081.1426	255.1425	11.1425	 1.91	 0.22	209.10	 3.24	33.73	 0.98	11.17	 2.50	336.32	283.40	295.66	258.52	291.38	0	51.70
2000	9	12	3.651	2081.1521	255.1521	11.1521	 1.64	 0.16	204.38	 3.29	 6.76	 1.00	11.28	 2.30	336.33	283.08	293.39	258.31	290.99	0	51.66
2000	9	12	3.881	2081.1616	255.1617	11.1617	 1.67	 0.32	202.62	 6.07	25.98	 1.00	11.17	 2.05	336.35	282.80	296.21	258.53	290.63	0	51.71
2000	9	12	4.110	2081.1711	255.1712	11.1712	 1.68	 0.14	207.11	 2.75	 5.52	 1.00	11.23	 2.40	336.29	282.54	293.71	258.32	290.26	0	51.66
2000	9	12	4.339	2081.1809	255.1808	11.1808	 1.72	 0.33	204.23	 5.99	29.75	 1.00	11.12	 2.29	336.29	282.26	292.11	257.94	290.00	0	51.59
2000	9	12	4.568	2081.1904	255.1904	11.1903	 1.95	 0.31	200.01	 4.14	29.95	 0.99	11.27	 2.24	336.29	281.95	293.64	257.15	289.45	0	51.43
2000	9	12	5.027	2081.2095	255.2094	11.2094	 1.50	 0.25	194.78	 5.96	 8.31	 1.00	11.28	 1.93	336.25	281.39	290.31	257.05	288.73	0	51.41
2000	9	12	5.257	2081.2190	255.2190	11.2190	 1.61	 0.35	195.76	 7.14	16.21	 1.00	11.13	 2.08	336.30	281.16	287.75	257.66	288.40	0	51.53
2000	9	12	5.486	2081.2285	255.2286	11.2286	 1.23	 0.47	201.06	17.32	95.49	 1.00	11.28	 1.80	336.27	280.98	281.68	258.12	288.32	0	51.62
2000	9	12	22.914	2081.9548	255.9547	11.9547	 1.33	 0.71	204.24	22.43	277.39	 1.00	11.43	 2.43	336.42	294.31	305.26	265.19	302.85	0	53.04
2000	9	12	23.153	2081.9646	255.9647	11.9647	 1.02	 0.45	200.44	23.49	509.91	 0.99	11.75	 1.55	336.41	293.19	309.07	264.49	302.07	0	52.90
2000	9	13	0.343	2082.0142	256.0143	12.0143	 1.44	 0.35	221.27	10.12	215.80	 0.98	11.57	 2.31	336.37	288.90	311.18	261.65	298.18	0	52.33
2000	9	13	3.259	2082.1357	256.1358	12.1358	 1.23	 0.37	213.77	14.19	 4.16	 1.00	11.97	 2.37	336.24	283.70	301.31	260.86	291.70	0	52.17
2000	9	13	3.505	2082.1460	256.1461	12.1461	 1.02	 0.33	204.57	18.01	87.64	 1.00	11.77	 2.06	336.23	283.45	293.45	261.12	291.36	0	52.22
2000	9	13	4.753	2082.1980	256.1980	12.1980	 2.14	 1.93	199.56	20.19	314.43	 1.00	12.38	 2.21	336.25	282.30	302.58	260.18	289.70	0	52.04
2000	9	14	7.472	2083.3113	257.3113	13.3113	 1.21	 0.92	185.50	31.71	129.60	 1.00	10.27	 1.88	336.10	280.55	285.47	259.58	286.74	0	51.92
2000	9	14	8.733	2083.3638	257.3639	13.3639	 1.67	 1.28	180.27	21.77	296.31	 1.00	10.28	 2.33	336.01	279.89	287.79	259.28	285.97	0	51.86
2000	9	14	23.456	2083.9773	257.9773	13.9773	 1.06	 0.28	197.38	13.28	73.60	 1.00	10.28	 2.04	336.37	292.05	310.44	263.41	301.48	0	52.68
2000	9	15	0.506	2084.0210	258.0211	14.0211	 0.87	 0.13	200.27	 9.48	77.03	 0.98	10.27	 2.42	336.24	288.27	304.61	261.08	297.85	0	52.22
2000	9	15	0.716	2084.0298	258.0298	14.0299	 1.06	 0.16	192.42	 7.34	24.34	 1.00	10.28	 2.48	336.28	287.66	305.38	261.14	297.15	0	52.23
2000	9	15	1.557	2084.0649	258.0649	14.0649	 0.49	 0.52	180.12	92.38	645.46	 1.00	10.28	 1.68	336.30	285.68	292.92	260.96	294.79	0	52.19
2000	9	15	4.080	2084.1699	258.1700	14.1700	 0.84	 0.32	206.43	25.01	198.24	 1.00	10.28	 2.38	336.24	283.27	303.45	262.06	290.93	0	52.41
2000	9	15	4.290	2084.1787	258.1788	14.1788	 0.72	 0.40	194.70	39.35	211.77	 1.00	10.30	 2.08	336.19	283.08	293.30	261.87	290.92	0	52.37
2000	9	15	4.711	2084.1963	258.1963	14.1963	 0.32	 0.23	267.28	116.71	201.76	 1.00	10.28	 1.86	336.22	282.68	292.83	261.24	290.18	0	52.25
2000	9	15	5.341	2084.2227	258.2225	14.2225	 0.31	 0.46	220.56	197.58	271.41	 1.00	10.27	 1.50	336.23	282.07	298.41	260.62	289.38	0	52.12
2000	9	15	5.762	2084.2400	258.2401	14.2401	 0.34	 0.22	219.07	84.03	69.55	 1.00	10.28	 1.95	336.23	281.69	271.79	260.39	288.94	0	52.08
2000	9	15	8.073	2084.3364	258.3364	14.3364	 0.31	 0.41	214.67	176.54	54.14	 1.00	10.27	 2.01	336.21	280.32	270.99	260.11	287.01	0	52.02
2000	9	15	11.226	2084.4678	258.4678	14.4678	 0.31	 0.36	225.72	158.40	126.02	 1.00	10.28	 1.83	336.37	281.63	282.21	267.38	289.13	0	53.48
2000	9	15	23.639	2084.9849	258.9850	14.9850	 0.70	 0.29	225.47	35.16	88.47	 1.00	10.28	 1.73	336.40	292.06	317.36	263.94	301.67	0	52.79
2000	9	16	0.060	2085.0024	259.0025	15.0025	 1.46	 0.70	173.33	15.34	204.25	 1.00	10.28	 1.91	336.36	290.47	310.24	263.05	300.18	0	52.61
2000	9	16	0.901	2085.0376	259.0375	15.0375	 0.97	 0.20	190.53	10.90	73.66	 1.00	10.27	 2.18	336.32	288.05	302.50	261.60	297.75	0	52.32
2000	9	16	1.741	2085.0725	259.0725	15.0725	 1.04	 0.45	193.93	22.16	170.24	 1.00	10.28	 2.14	336.22	286.06	298.88	261.77	295.18	0	52.35
2000	9	16	21.091	2085.8789	259.8788	15.8788	 1.14	 0.67	175.98	24.88	149.02	 1.00	10.28	 2.09	336.56	303.05	310.96	 0.00	309.79	0	54.00
2000	9	16	23.613	2085.9839	259.9839	15.9839	 1.16	 0.27	188.22	10.30	13.11	 1.00	10.27	 1.90	336.46	293.12	308.27	264.63	302.75	0	52.93
2000	9	16	23.823	2085.9927	259.9926	15.9926	 1.18	 0.25	210.50	10.47	51.91	 1.00	10.28	 2.23	336.48	292.33	309.13	264.42	301.97	0	52.88
2000	9	17	0.033	2086.0015	260.0014	16.0014	 1.34	 0.10	203.76	 2.96	 2.25	 1.00	10.27	 2.40	336.44	291.58	306.88	263.77	301.20	0	52.75
2000	9	17	0.243	2086.0103	260.0101	16.0101	 1.26	 0.24	207.46	 8.54	73.59	 1.00	10.28	 2.43	336.41	290.88	311.72	263.47	300.49	0	52.69
2000	9	17	0.453	2086.0188	260.0189	16.0189	 1.19	 0.12	201.32	 4.80	14.53	 1.00	10.27	 2.18	336.40	290.24	305.28	263.26	299.81	0	52.65
2000	9	17	0.664	2086.0276	260.0276	16.0277	 1.04	 0.13	202.26	 6.64	46.77	 0.99	10.28	 1.98	336.35	289.67	303.59	263.89	299.17	0	52.78
2000	9	17	0.874	2086.0364	260.0364	16.0364	 1.15	 0.09	203.80	 3.72	22.73	 0.98	10.27	 2.22	336.32	289.20	306.69	264.35	298.57	0	52.87
2000	9	17	1.294	2086.0540	260.0539	16.0539	 1.09	 0.13	191.07	 5.96	12.52	 1.00	10.28	 2.02	336.31	288.20	299.65	261.25	297.47	0	52.25
2000	9	17	1.717	2086.0715	260.0715	16.0715	 1.27	 0.37	216.99	13.72	98.74	 1.00	10.43	 2.40	336.30	287.22	306.36	262.06	296.30	0	52.41
2000	9	17	1.931	2086.0806	260.0804	16.0805	 1.34	 0.28	198.71	 8.61	34.91	 1.00	10.50	 2.43	336.36	286.76	291.32	261.79	295.79	0	52.36
2000	9	17	2.146	2086.0894	260.0894	16.0894	 0.75	 0.31	202.02	29.81	118.11	 1.00	10.50	 2.06	336.31	286.35	289.73	261.97	295.27	0	52.39
2000	9	17	2.790	2086.1162	260.1163	16.1163	 1.09	 0.53	204.86	25.29	147.18	 1.00	10.50	 2.26	336.27	285.50	297.27	262.94	294.01	0	52.59
2000	9	17	5.369	2086.2236	260.2237	16.2237	 0.84	 0.38	198.77	28.24	165.83	 1.00	10.52	 1.96	336.28	283.85	290.06	263.17	291.17	0	52.63
2000	9	17	5.584	2086.2327	260.2326	16.2327	 0.80	 0.42	196.79	34.62	44.07	 1.00	10.50	 2.23	336.28	283.71	286.37	263.25	290.97	0	52.65
2000	9	17	6.872	2086.2864	260.2863	16.2864	 0.85	 0.26	207.73	19.73	267.54	 0.99	10.52	 2.42	336.26	283.07	290.56	262.97	290.00	0	52.59
2000	9	17	9.462	2086.3943	260.3942	16.3942	 0.88	 0.40	188.92	26.36	313.40	 1.00	10.52	 2.06	336.24	281.92	289.17	262.44	288.40	0	52.49
2000	9	17	9.676	2086.4031	260.4032	16.4032	 1.58	 0.55	188.84	11.10	234.10	 0.99	10.50	 2.35	336.25	281.85	296.16	262.45	288.65	0	52.49
2000	9	17	10.321	2086.4299	260.4301	16.4300	 1.21	 0.80	153.84	23.22	403.76	 1.00	10.52	 2.05	336.22	281.70	273.95	262.51	288.06	0	52.50
2000	9	18	8.034	2087.3347	261.3348	17.3348	 0.59	 0.43	206.58	62.79	885.51	 0.99	10.52	 1.48	336.28	281.16	302.00	260.18	287.89	0	52.04
2000	9	18	8.464	2087.3528	261.3527	17.3527	 1.48	 0.83	176.68	18.27	181.44	 1.00	10.50	 1.89	336.33	280.91	287.43	259.82	287.53	0	51.96
2000	9	18	19.211	2087.8005	261.8004	17.8004	 1.37	 0.46	206.76	13.99	636.63	 0.95	10.52	 2.36	336.76	305.29	318.97	284.37	311.46	0	56.87
2000	9	18	20.071	2087.8362	261.8363	17.8363	 0.88	 0.33	186.89	20.98	420.72	 0.98	10.52	 1.54	336.84	305.48	318.51	283.89	311.93	0	56.78
2000	9	18	21.790	2087.9080	261.9079	17.9079	 1.17	 0.18	203.33	 7.23	67.90	 0.99	10.52	 1.78	336.67	303.29	316.37	274.19	310.28	0	54.84
2000	9	18	22.219	2087.9258	261.9258	17.9258	 1.46	 0.26	213.05	 7.15	 5.11	 1.00	10.52	 2.38	336.63	301.66	316.31	275.20	309.17	0	55.04
2000	9	18	22.434	2087.9348	261.9348	17.9348	 1.57	 0.13	213.47	 3.02	 3.38	 1.00	10.50	 2.25	336.63	300.66	317.31	272.46	308.84	0	54.49
2000	9	18	22.649	2087.9436	261.9437	17.9437	 1.41	 0.50	208.57	14.34	53.24	 1.00	10.50	 2.16	336.64	299.38	314.37	269.64	308.17	0	53.93
2000	9	18	22.864	2087.9526	261.9527	17.9527	 1.59	 0.08	206.83	 1.64	 1.70	 1.00	10.52	 2.19	336.62	298.15	312.89	268.44	307.01	0	53.69
2000	9	18	23.079	2087.9617	261.9616	17.9616	 1.53	 0.06	206.54	 1.41	 5.95	 0.97	10.50	 2.17	336.58	297.03	313.13	267.54	306.17	0	53.51
2000	9	18	23.508	2087.9795	261.9795	17.9795	 1.91	 0.31	204.79	 4.51	12.34	 1.00	10.52	 2.14	336.57	295.08	311.56	266.22	304.86	0	53.24
2000	9	18	23.723	2087.9885	261.9885	17.9885	 1.46	 0.07	204.94	 1.88	 8.79	 0.98	10.50	 2.12	336.54	294.24	308.72	266.10	303.87	0	53.22
2000	9	18	23.938	2087.9973	261.9974	17.9974	 1.67	 0.12	206.92	 2.28	 4.15	 1.00	10.52	 2.26	336.53	293.48	308.48	266.00	303.12	0	53.20
2000	9	19	0.153	2088.0063	262.0064	18.0064	 1.86	 0.11	210.94	 1.68	 6.25	 0.99	10.50	 2.40	336.53	292.75	310.78	265.72	302.32	0	53.14
2000	9	19	0.368	2088.0154	262.0153	18.0153	 1.55	 0.28	206.66	 6.33	11.39	 1.00	10.52	 2.31	336.52	292.06	304.78	264.98	301.73	0	53.00
2000	9	19	1.442	2088.0601	262.0601	18.0601	 1.86	 0.32	207.23	 4.96	 6.68	 1.00	10.50	 2.39	336.44	289.14	303.18	263.86	298.45	0	52.77
2000	9	19	1.666	2088.0693	262.0694	18.0694	 1.84	 0.20	202.59	 3.12	 5.56	 1.00	10.58	 2.34	336.43	288.70	300.50	263.94	297.83	0	52.79
2000	9	19	1.882	2088.0784	262.0784	18.0784	 1.82	 0.20	202.47	 3.08	 6.04	 1.00	10.53	 2.17	336.44	288.32	300.17	264.14	297.37	0	52.83
2000	9	19	2.097	2088.0874	262.0874	18.0874	 1.93	 0.13	209.25	 1.81	 3.98	 1.00	10.50	 2.37	336.43	287.99	303.20	264.06	296.87	0	52.81
2000	9	19	2.312	2088.0964	262.0963	18.0963	 1.69	 0.11	210.26	 2.05	 3.40	 1.00	10.52	 2.30	336.41	287.66	300.38	263.89	296.49	0	52.78
2000	9	19	2.741	2088.1143	262.1142	18.1142	 1.86	 0.68	213.69	10.77	121.52	 1.00	10.50	 2.56	336.36	287.06	302.79	264.23	295.57	0	52.85
2000	9	19	3.386	2088.1411	262.1411	18.1411	 1.90	 0.65	212.95	 9.71	66.52	 1.00	10.52	 2.37	336.33	286.30	309.17	264.34	294.52	0	52.87
2000	9	19	5.320	2088.2217	262.2216	18.2217	 1.84	 0.47	212.68	 7.67	95.85	 0.99	10.52	 2.48	336.31	284.49	296.32	262.92	292.00	0	52.58
2000	9	19	5.965	2088.2485	262.2485	18.2485	 1.65	 0.33	203.15	 6.45	41.69	 1.00	10.50	 2.53	336.33	283.94	286.55	262.22	291.25	0	52.44
2000	9	19	6.394	2088.2664	262.2664	18.2664	 1.82	 0.94	218.13	16.06	140.32	 1.00	10.53	 2.59	336.36	283.61	301.71	262.47	290.80	0	52.49
2000	9	19	6.824	2088.2844	262.2844	18.2844	 1.22	 0.44	199.05	16.37	112.78	 1.00	10.52	 2.14	336.34	283.36	285.83	262.52	290.73	0	52.50
2000	9	19	8.759	2088.3650	262.3649	18.3649	 1.67	 1.09	197.47	20.64	161.15	 1.00	10.50	 2.13	336.25	282.45	280.59	262.65	288.99	0	52.53
2000	9	19	9.403	2088.3918	262.3918	18.3918	 1.56	 0.89	212.01	21.04	349.81	 1.00	10.50	 2.02	336.25	282.22	296.22	262.42	288.66	0	52.48
2000	9	19	10.048	2088.4187	262.4187	18.4187	 1.94	 1.14	214.20	16.43	221.83	 1.00	10.52	 2.55	336.28	282.03	300.04	262.35	288.41	0	52.47
2000	9	19	19.718	2088.8215	262.8216	18.8216	120.85	 1.00	185.47	 0.00	1248.84	 0.00	10.50	 1.47	336.71	301.42	303.97	276.35	309.09	0	55.27
2000	9	19	23.596	2088.9832	262.9832	18.9832	 2.20	 0.87	207.23	 8.87	425.31	 0.94	10.50	 2.20	336.47	291.18	299.43	265.56	300.47	0	53.11
2000	9	20	0.671	2089.0278	263.0280	19.0280	 1.94	 0.37	200.85	 4.98	22.25	 1.00	10.52	 1.97	336.38	288.84	302.91	263.44	297.87	0	52.69
2000	9	20	0.886	2089.0369	263.0369	19.0369	 2.01	 0.33	203.99	 4.17	10.51	 1.00	10.53	 2.13	336.40	288.36	300.66	262.44	297.30	0	52.49
2000	9	20	1.101	2089.0459	263.0459	19.0459	 2.19	 0.20	207.98	 2.04	 1.78	 1.00	10.50	 2.34	336.35	287.87	302.86	261.09	296.30	0	52.22
2000	9	20	1.316	2089.0549	263.0548	19.0548	 1.89	 0.18	204.88	 2.62	 3.78	 1.00	10.52	 2.29	336.30	287.35	298.44	260.72	296.48	0	52.14
2000	9	20	1.531	2089.0637	263.0638	19.0638	 2.05	 0.18	202.46	 2.10	 4.07	 1.00	10.50	 2.23	336.26	286.86	297.47	260.34	295.70	0	52.07
2000	9	20	1.960	2089.0818	263.0817	19.0817	28.17	184255427925.08	202.99	 8.21	35.12	 1.00	10.50	 2.59	336.28	286.03	299.56	260.97	294.65	0	52.19
2000	9	20	2.175	2089.0906	263.0906	19.0906	 2.15	 1.81	174.07	16.33	176.70	 1.00	10.52	 2.15	336.27	285.75	284.88	261.30	294.27	0	52.26
2000	9	20	4.324	2089.1802	263.1802	19.1802	 1.44	 0.36	217.42	10.28	33.53	 1.00	10.50	 2.39	336.32	283.30	294.37	260.84	291.08	0	52.17
2000	9	20	4.539	2089.1892	263.1891	19.1891	 1.15	 0.63	171.66	22.55	242.85	 1.00	10.52	 1.43	336.31	283.14	292.94	260.69	290.54	0	52.14
2000	9	20	4.969	2089.2070	263.2070	19.2070	 2.20	 0.67	208.22	 6.82	116.56	 0.99	10.50	 2.52	336.32	282.77	298.44	260.31	290.05	0	52.06
2000	9	20	5.184	2089.2161	263.2160	19.2160	 1.31	 0.36	201.16	11.52	135.10	 1.00	10.50	 2.29	336.30	282.56	286.40	260.16	289.78	0	52.03
2000	9	20	6.043	2089.2517	263.2518	19.2518	 1.56	 0.74	205.37	16.93	110.75	 1.00	10.52	 2.52	336.23	281.88	295.30	260.41	288.85	0	52.08
2000	9	20	18.722	2089.7800	263.7801	19.7801	 0.94	 0.25	209.26	16.34	162.66	 0.99	10.52	 2.25	336.78	304.30	330.09	284.02	310.51	0	56.80
2000	9	20	21.958	2089.9148	263.9149	19.9149	 1.09	 0.29	194.10	13.16	66.63	 1.00	10.52	 2.25	336.43	301.95	311.04	272.95	308.89	0	54.59
2000	9	20	23.247	2089.9685	263.9686	19.9686	 1.64	 1.04	192.63	19.98	49.43	 1.00	10.50	 2.50	336.40	295.00	306.52	266.53	304.35	0	53.31
2000	9	21	0.321	2090.0134	264.0134	20.0134	 0.82	 0.31	213.96	26.23	56.62	 1.00	10.52	 1.93	336.37	290.74	304.48	264.55	300.62	0	52.91
2000	9	21	0.751	2090.0312	264.0313	20.0313	 1.13	 0.17	212.38	 7.82	21.39	 1.00	10.52	 2.29	336.27	289.54	310.07	264.22	299.26	0	52.84
2000	9	21	0.966	2090.0403	264.0403	20.0402	 1.04	 0.08	205.70	 4.22	 4.76	 1.00	10.50	 2.33	336.30	289.01	305.03	263.45	298.64	0	52.69
2000	9	21	1.180	2090.0491	264.0492	20.0492	 1.10	 0.07	201.46	 3.38	 4.89	 1.00	10.50	 2.34	336.29	288.46	305.11	262.48	298.02	0	52.50
2000	9	21	1.395	2090.0581	264.0581	20.0581	 1.02	 0.07	207.26	 3.80	 4.65	 1.00	10.52	 2.41	336.26	287.91	305.69	261.72	297.34	0	52.34
2000	9	21	1.610	2090.0671	264.0671	20.0671	 0.89	 0.16	215.52	11.87	37.56	 1.00	10.52	 2.38	336.26	287.35	306.87	261.14	296.72	0	52.23
2000	9	21	2.470	2090.1028	264.1029	20.1029	 0.67	 0.20	180.80	20.17	91.97	 1.00	10.52	 1.77	336.24	285.48	294.54	260.47	294.49	0	52.09
2000	9	21	3.114	2090.1296	264.1298	20.1298	 0.89	 0.12	196.57	 7.66	34.52	 0.99	10.50	 2.27	336.27	284.34	296.12	259.19	292.97	0	51.84
2000	9	21	3.329	2090.1387	264.1387	20.1387	 0.99	 0.12	202.49	 6.55	17.07	 1.00	10.50	 2.36	336.27	284.02	299.26	259.59	292.55	0	51.92
2000	9	21	3.544	2090.1477	264.1477	20.1477	 0.51	 0.16	202.27	29.17	334.89	 0.92	10.52	 1.79	336.27	283.73	287.43	260.30	292.33	0	52.06
2000	9	21	3.759	2090.1565	264.1566	20.1566	 0.86	 0.08	203.70	 5.59	 6.89	 1.00	10.50	 2.30	336.27	283.48	293.08	260.33	291.69	0	52.07
2000	9	21	3.974	2090.1655	264.1656	20.1656	 1.05	 0.13	205.45	 6.55	10.56	 1.00	10.52	 2.45	336.30	283.23	297.18	260.03	291.32	0	52.01
2000	9	21	4.189	2090.1746	264.1745	20.1745	 1.01	 0.13	190.79	 6.62	23.64	 1.00	10.52	 2.20	336.28	282.95	292.99	259.29	290.95	0	51.86
2000	9	21	4.404	2090.1836	264.1835	20.1835	 1.00	 0.12	195.47	 6.46	12.98	 1.00	10.50	 2.27	336.27	282.63	294.46	258.53	290.59	0	51.71
2000	9	21	4.833	2090.2014	264.2014	20.2014	 0.82	 0.13	202.69	10.17	58.70	 0.99	10.52	 2.19	336.25	282.03	295.66	258.01	289.83	0	51.60
2000	9	21	5.263	2090.2192	264.2193	20.2193	 0.83	 0.25	192.86	18.77	78.61	 1.00	10.50	 2.11	336.26	281.60	290.09	259.16	289.17	0	51.83
2000	9	21	5.477	2090.2283	264.2282	20.2282	 0.94	 0.10	193.81	 6.04	31.69	 0.99	10.50	 2.32	336.20	281.43	291.52	259.16	288.83	0	51.83
2000	9	21	5.693	2090.2373	264.2372	20.2372	 1.08	 0.30	203.60	14.51	53.69	 1.00	10.52	 2.59	336.24	281.22	297.83	258.73	288.52	0	51.75
2000	9	21	5.908	2090.2461	264.2462	20.2461	 0.98	 0.15	197.82	 8.22	47.26	 0.99	10.52	 2.44	336.26	281.01	293.43	258.50	288.28	0	51.70
2000	9	21	7.197	2090.2998	264.2999	20.2999	 0.79	 0.15	201.97	12.92	42.77	 1.00	10.52	 2.31	336.23	280.04	294.05	258.58	286.91	0	51.72
2000	9	21	7.412	2090.3088	264.3088	20.3088	 0.59	 0.20	206.04	28.91	105.04	 1.00	10.52	 2.14	336.21	279.93	284.46	258.72	286.67	0	51.74
2000	9	21	8.701	2090.3625	264.3625	20.3626	 0.72	 0.54	162.28	44.12	702.43	 0.99	10.50	 1.97	336.17	279.30	283.64	259.85	285.76	0	51.97
2000	9	21	23.326	2090.9719	264.9719	20.9719	 0.42	 0.07	192.56	18.04	38.70	 0.97	10.50	 2.03	336.43	293.55	310.85	264.78	302.69	0	52.96
2000	9	21	23.541	2090.9810	264.9809	20.9809	 0.50	 0.11	190.09	20.22	47.02	 0.99	10.52	 2.14	336.45	292.59	310.51	264.68	301.99	0	52.94
2000	9	21	23.755	2090.9897	264.9898	20.9898	 0.52	 0.04	178.06	 6.34	11.20	 0.97	10.50	 2.18	336.44	291.73	306.40	264.31	301.20	0	52.86
2000	9	21	23.970	2090.9988	264.9987	20.9988	 0.65	 0.05	178.39	 5.70	 7.34	 1.00	10.52	 2.40	336.39	290.94	307.09	264.12	300.45	0	52.82
2000	9	22	0.185	2091.0078	265.0077	21.0077	 0.43	 0.08	189.13	17.41	14.69	 1.00	10.50	 2.08	336.38	290.26	309.41	265.17	299.76	0	53.03
2000	9	22	0.615	2091.0256	265.0256	21.0256	 0.60	 0.09	162.64	10.28	16.66	 1.00	10.52	 2.27	336.37	289.16	302.13	266.41	298.55	0	53.28
2000	9	22	1.045	2091.0435	265.0435	21.0435	 0.49	 0.09	177.90	15.86	 8.50	 1.00	10.50	 2.22	336.30	288.22	303.29	265.96	297.45	0	53.19
2000	9	22	1.259	2091.0525	265.0525	21.0525	 0.45	 0.10	199.18	22.97	52.33	 0.99	10.50	 2.28	336.24	287.80	305.91	266.03	296.97	0	53.21
2000	9	22	1.689	2091.0703	265.0704	21.0704	 0.47	 0.09	189.74	18.48	14.90	 1.00	10.52	 2.20	336.23	287.12	295.83	266.29	296.40	0	53.26
2000	9	22	2.119	2091.0884	265.0883	21.0883	 0.53	 0.06	194.45	10.04	23.17	 0.98	10.52	 2.27	336.23	286.58	301.32	265.92	295.36	0	53.18
2000	9	22	2.334	2091.0972	265.0972	21.0972	 0.53	 0.05	192.49	 7.62	11.64	 0.99	10.52	 2.33	336.23	286.32	298.97	265.65	295.02	0	53.13
2000	9	22	2.549	2091.1062	265.1062	21.1062	 0.60	 0.05	186.72	 6.38	 6.63	 1.00	10.50	 2.35	336.23	286.08	299.61	265.09	294.70	0	53.02
2000	9	22	2.763	2091.1152	265.1151	21.1151	 0.61	 0.03	185.24	 3.47	 5.88	 0.96	10.50	 2.35	336.19	285.86	297.69	264.60	294.32	0	52.92
2000	9	22	2.978	2091.1240	265.1241	21.1241	 0.56	 0.04	181.79	 5.69	 8.69	 0.98	10.52	 2.21	336.28	285.59	297.69	263.78	293.98	0	52.76
2000	9	22	3.193	2091.1331	265.1331	21.1330	 0.64	 0.03	188.08	 3.89	12.88	 0.90	10.50	 2.44	336.21	285.35	297.71	263.91	293.84	0	52.78
2000	9	22	3.408	2091.1421	265.1420	21.1420	 0.71	 0.04	183.17	 3.82	 7.48	 0.98	10.52	 2.48	336.18	285.10	297.95	263.41	293.27	0	52.68
2000	9	22	3.622	2091.1509	265.1509	21.1509	 0.58	 0.03	190.32	 3.72	 9.06	 0.90	10.50	 2.38	336.19	284.80	296.91	262.58	292.89	0	52.52
2000	9	22	3.838	2091.1599	265.1599	21.1599	 0.70	 0.05	182.28	 4.75	17.58	 0.95	10.52	 2.50	336.23	284.55	297.09	262.88	292.82	0	52.58
2000	9	22	4.052	2091.1689	265.1689	21.1689	 0.62	 0.04	189.69	 5.38	11.04	 0.98	10.52	 2.45	336.25	284.36	298.23	263.41	292.33	0	52.68
2000	9	22	4.267	2091.1777	265.1778	21.1778	 0.52	 0.06	192.62	10.60	16.70	 0.99	10.52	 2.33	336.28	284.18	297.62	 0.00	292.04	0	54.00
2000	9	22	4.482	2091.1868	265.1868	21.1868	 0.47	 0.11	192.56	21.85	 9.95	 1.00	10.52	 2.21	336.27	284.04	292.76	265.60	291.81	0	53.12
2000	9	22	4.697	2091.1958	265.1957	21.1957	 0.53	 0.06	190.99	 9.47	14.02	 0.99	10.52	 2.36	336.27	283.91	295.24	265.74	291.89	0	53.15
2000	9	22	4.912	2091.2046	265.2047	21.2047	 0.56	 0.08	187.57	12.35	13.53	 1.00	10.52	 2.38	336.27	283.80	295.05	265.97	291.36	0	53.19
2000	9	22	5.127	2091.2136	265.2136	21.2136	 0.57	 0.13	171.65	16.96	16.07	 1.00	10.50	 2.27	336.27	283.70	291.38	 0.00	291.19	0	54.00
2000	9	22	5.342	2091.2227	265.2226	21.2226	 0.59	 0.07	185.61	 8.97	 9.29	 1.00	10.52	 2.42	336.29	283.59	294.55	265.66	291.04	0	53.13
2000	9	22	5.557	2091.2314	265.2315	21.2315	 0.47	 0.12	191.09	24.71	21.68	 1.00	10.52	 2.23	336.27	283.49	293.92	265.95	291.17	0	53.19
2000	9	22	5.986	2091.2495	265.2494	21.2494	 0.43	 0.16	174.46	34.09	16.22	 1.00	10.50	 2.10	336.28	283.27	290.16	265.46	290.56	0	53.09
2000	9	22	6.631	2091.2764	265.2763	21.2763	 0.26	 0.13	234.68	77.86	97.72	 0.99	10.50	 2.01	336.28	282.94	288.11	264.49	290.44	0	52.90
2000	9	22	8.135	2091.3389	265.3390	21.3390	 0.15	 0.20	298.73	321.25	178.53	 0.99	10.52	 1.98	336.29	282.22	283.89	264.18	289.26	0	52.84
2000	9	22	8.565	2091.3569	265.3569	21.3569	 0.58	 0.21	168.65	25.33	148.70	 0.99	10.52	 2.46	336.22	282.05	287.87	264.34	288.97	0	52.87
2000	9	22	8.780	2091.3657	265.3658	21.3658	 0.33	 0.16	195.83	55.25	63.07	 1.00	10.52	 2.31	336.22	281.99	282.79	 0.00	288.89	0	54.00
2000	9	22	9.210	2091.3838	265.3837	21.3837	 0.65	 0.18	181.52	20.15	100.74	 0.99	10.52	 2.55	336.20	281.90	299.94	264.96	289.02	0	52.99
2000	9	22	10.929	2091.4553	265.4554	21.4554	 0.47	 0.13	156.12	21.19	17.35	 1.00	10.52	 2.32	336.38	283.06	288.46	269.63	288.76	0	53.93
2000	9	22	11.144	2091.4644	265.4644	21.4643	 0.60	 0.32	139.76	30.95	12.76	 1.00	10.52	 2.10	336.42	283.99	296.85	270.98	289.45	0	54.20
2000	9	22	16.529	2091.6887	265.6887	21.6887	 0.36	 0.13	227.86	48.92	33.14	 1.00	10.50	 2.02	336.81	303.31	316.15	288.34	309.61	0	57.67
2000	9	22	16.744	2091.6978	265.6977	21.6977	 0.79	 0.18	183.37	13.98	134.40	 0.98	10.52	 2.21	336.91	303.96	316.30	290.50	310.36	0	58.10
2000	9	22	16.959	2091.7065	265.7066	21.7066	 0.64	 0.15	218.17	19.65	41.32	 1.00	10.50	 2.32	336.88	304.47	330.12	287.26	310.95	0	57.45
2000	9	23	0.696	2092.0291	266.0290	22.0290	 1.04	 0.12	213.01	 6.40	16.93	 1.00	10.52	 2.35	336.43	290.86	307.51	264.81	300.75	0	52.96
2000	9	23	0.911	2092.0381	266.0380	22.0380	 1.25	 0.12	208.19	 4.36	 9.03	 1.00	10.52	 2.45	336.37	290.25	306.09	264.42	300.05	0	52.88
2000	9	23	1.771	2092.0737	266.0738	22.0738	 0.86	 0.17	197.52	12.15	21.72	 1.00	10.52	 2.09	336.45	288.27	298.42	264.05	297.79	0	52.81
2000	9	23	1.986	2092.0828	266.0827	22.0827	 1.14	 0.26	193.38	10.62	37.93	 1.00	10.52	 2.35	336.44	287.83	303.60	263.99	297.32	0	52.80
2000	9	23	2.416	2092.1006	266.1006	22.1006	 1.07	 0.16	202.11	 7.88	57.09	 0.99	10.52	 2.56	336.46	286.99	299.74	263.10	296.08	0	52.62
2000	9	23	3.539	2092.1475	266.1475	22.1475	 0.79	 0.11	199.98	 9.76	17.02	 1.00	10.33	 2.26	336.49	285.33	297.01	262.83	293.81	0	52.57
2000	9	23	4.381	2092.1826	266.1825	22.1825	 1.24	 0.23	195.39	 7.87	127.00	 0.97	10.27	 2.19	336.42	284.43	300.47	261.77	292.52	0	52.35
2000	9	23	4.591	2092.1914	266.1913	22.1913	 0.93	 0.14	200.35	 8.97	 5.54	 1.00	10.28	 2.25	336.43	284.20	296.58	261.99	292.22	0	52.40
2000	9	23	5.011	2092.2087	266.2088	22.2088	 1.18	 0.17	197.85	 6.78	26.21	 1.00	10.28	 2.41	336.42	283.84	296.84	262.73	291.64	0	52.55
2000	9	23	5.221	2092.2175	266.2176	22.2176	 0.98	 0.11	203.11	 6.49	17.55	 1.00	10.28	 2.08	336.44	283.68	296.32	262.17	291.38	0	52.43
2000	9	23	5.432	2092.2263	266.2263	22.2263	 1.11	 0.13	200.68	 5.95	20.35	 1.00	10.28	 2.34	336.40	283.52	291.70	261.94	291.12	0	52.39
2000	9	23	5.642	2092.2351	266.2351	22.2351	 1.49	 0.40	194.37	 9.56	67.01	 1.00	10.27	 2.45	336.42	283.40	296.17	261.97	290.89	0	52.39
2000	9	23	6.483	2092.2700	266.2701	22.2701	 1.02	 0.17	217.20	 9.80	 8.87	 1.00	10.28	 2.30	336.46	282.95	291.81	262.31	290.10	0	52.46
2000	9	23	7.535	2092.3140	266.3140	22.3140	 0.98	 0.29	187.40	15.20	106.98	 1.00	10.27	 1.81	336.44	282.36	282.48	261.30	289.21	0	52.26
2000	9	23	7.746	2092.3228	266.3227	22.3227	 0.88	 0.25	203.99	17.67	13.16	 1.00	10.27	 2.01	336.38	282.24	285.55	261.22	289.00	0	52.24
2000	9	23	8.166	2092.3403	266.3402	22.3402	 1.23	 0.12	200.40	 4.41	16.84	 1.00	10.27	 2.33	336.39	282.02	290.53	261.25	289.04	0	52.25
2000	9	23	8.376	2092.3491	266.3490	22.3490	 1.09	 0.20	208.44	 9.72	50.23	 1.00	10.32	 2.29	336.36	281.92	293.23	261.20	288.84	0	52.24
2000	9	23	9.007	2092.3752	266.3753	22.3753	 0.96	 0.09	202.88	 5.57	11.88	 1.00	10.27	 2.08	336.34	281.69	287.28	261.40	288.15	0	52.28
2000	9	23	9.217	2092.3840	266.3840	22.3840	 1.22	 0.10	201.18	 3.91	12.66	 1.00	10.28	 2.43	336.32	281.62	290.56	 0.00	288.43	0	54.00
2000	9	23	9.637	2092.4016	266.4016	22.4016	 1.22	 0.12	204.00	 4.57	 6.46	 1.00	10.27	 2.60	336.34	281.47	289.59	261.59	287.82	0	52.32
2000	9	23	9.847	2092.4104	266.4103	22.4103	 1.30	 0.13	194.65	 4.16	19.29	 0.99	10.28	 2.29	336.29	281.39	289.76	261.47	287.70	0	52.29
2000	9	23	10.898	2092.4541	266.4541	22.4541	 1.01	 0.34	190.00	17.35	77.46	 1.00	10.27	 2.14	336.45	282.54	294.05	267.75	287.77	0	53.55
2000	9	23	11.108	2092.4629	266.4628	22.4628	 1.20	 0.20	181.86	 7.02	20.88	 1.00	10.28	 2.20	336.52	283.49	292.18	270.22	288.41	0	54.04
2000	9	23	11.738	2092.4890	266.4891	22.4891	 1.20	 0.15	186.96	 5.26	38.67	 0.99	10.28	 2.54	336.63	286.54	293.94	275.76	290.77	0	55.15
2000	9	23	14.260	2092.5942	266.5942	22.5942	 1.26	 0.98	158.29	26.95	266.04	 1.00	10.27	 2.29	336.86	297.15	299.07	274.52	301.93	0	54.90
2000	9	23	20.145	2092.8394	266.8394	22.8394	 1.74	 0.93	206.87	16.78	411.86	 1.00	10.27	 2.49	336.66	304.31	316.58	276.95	310.81	0	55.39
2000	9	23	20.566	2092.8569	266.8569	22.8569	 1.12	 0.63	203.10	27.86	377.51	 1.00	10.27	 2.07	336.62	303.97	324.67	274.44	310.46	0	54.89
2000	9	24	1.620	2093.0674	267.0675	23.0675	 2.26	 0.33	210.38	 3.15	20.44	 0.99	10.27	 2.49	336.37	287.24	299.64	261.72	296.28	0	52.34
2000	9	24	2.461	2093.1025	267.1025	23.1025	 2.02	 0.27	213.93	 3.54	11.15	 1.00	10.27	 2.58	336.30	285.76	303.33	260.47	294.39	0	52.09
2000	9	24	2.671	2093.1113	267.1113	23.1113	 1.51	 0.11	214.99	 2.90	 7.03	 1.00	10.28	 2.39	336.35	285.43	300.57	259.98	293.94	0	52.00
2000	9	24	2.881	2093.1201	267.1201	23.1200	 1.68	 0.16	211.48	 3.22	11.98	 1.00	10.27	 2.47	336.30	285.07	298.80	259.66	293.47	0	51.93
2000	9	24	3.511	2093.1462	267.1463	23.1463	 1.54	 0.15	198.21	 3.48	 4.94	 1.00	10.28	 2.20	336.31	284.08	292.78	259.21	292.20	0	51.84
2000	9	24	3.722	2093.1550	267.1551	23.1551	 1.78	 0.15	208.58	 2.53	14.55	 0.99	10.27	 2.54	336.33	283.76	298.21	258.73	291.83	0	51.75
2000	9	24	3.932	2093.1638	267.1638	23.1638	 1.50	 0.14	200.85	 3.34	 4.88	 1.00	10.28	 2.28	336.29	283.45	293.51	258.54	291.63	0	51.71
2000	9	24	4.142	2093.1726	267.1726	23.1726	 1.78	 0.27	204.91	 4.52	 7.28	 1.00	10.28	 2.42	336.31	283.16	293.91	258.51	291.27	0	51.70
2000	9	24	4.352	2093.1814	267.1813	23.1813	 1.17	 0.20	202.86	 8.15	34.65	 1.00	10.28	 2.06	336.34	282.87	286.49	258.18	290.68	0	51.64
2000	9	24	4.562	2093.1902	267.1901	23.1901	 1.81	 0.29	207.61	 4.80	15.97	 1.00	10.30	 2.48	336.31	282.64	294.05	258.77	290.30	0	51.75
2000	9	24	4.983	2093.2075	267.2076	23.2076	 1.79	 0.37	200.96	 6.08	45.55	 1.00	10.27	 2.30	336.24	282.28	292.74	259.02	289.72	0	51.80
2000	9	24	5.193	2093.2163	267.2164	23.2164	 2.01	 0.30	207.40	 3.82	16.37	 1.00	10.28	 2.52	336.21	282.09	293.43	258.85	289.41	0	51.77
2000	9	24	5.614	2093.2339	267.2339	23.2339	 1.58	 0.53	216.78	12.37	171.04	 1.00	10.28	 2.25	336.20	281.72	299.24	259.14	288.86	0	51.83
2000	9	24	6.454	2093.2690	267.2689	23.2689	 1.91	 0.71	204.02	 9.98	62.88	 1.00	10.28	 2.14	336.13	281.22	297.67	259.44	288.03	0	51.89
2000	9	24	6.664	2093.2776	267.2777	23.2777	 1.23	 0.26	209.80	 9.74	15.69	 1.00	10.27	 2.38	336.13	281.10	286.14	259.17	287.89	0	51.83
2000	9	24	8.346	2093.3477	267.3477	23.3477	 2.00	 0.38	206.52	 4.85	35.86	 1.00	10.27	 2.36	336.08	280.54	291.83	259.77	287.20	0	51.95
2000	9	24	8.556	2093.3564	267.3565	23.3565	 1.85	 0.35	198.06	 5.21	36.69	 1.00	10.30	 2.25	336.10	280.45	285.41	259.27	286.77	0	51.85
2000	9	24	9.186	2093.3828	267.3828	23.3828	 2.35	 0.76	190.60	 5.93	38.32	 1.00	10.28	 2.42	336.16	280.18	280.49	259.09	286.79	0	51.82
2000	9	24	9.397	2093.3916	267.3915	23.3915	 1.57	 0.23	201.37	 5.13	23.08	 1.00	10.27	 2.25	336.15	280.15	285.05	259.59	286.69	0	51.92
2000	9	24	9.817	2093.4089	267.4090	23.4090	 1.74	 0.21	203.40	 3.63	25.36	 0.99	10.27	 2.37	336.16	280.04	290.32	259.14	286.16	0	51.83
2000	9	24	10.447	2093.4353	267.4353	23.4353	 1.47	 0.21	200.15	 5.15	17.02	 1.00	10.27	 2.19	336.15	279.89	282.42	259.11	285.87	0	51.82
2000	9	24	11.078	2093.4617	267.4615	23.4616	 1.68	 0.26	181.81	 4.51	62.46	 0.97	10.28	 2.04	336.39	282.16	287.76	266.72	286.89	0	53.34
2000	9	24	11.918	2093.4966	267.4966	23.4966	 1.85	 0.38	188.20	 5.38	33.41	 1.00	10.28	 2.48	336.52	286.48	294.84	276.15	290.16	0	55.23
2000	9	24	14.440	2093.6016	267.6017	23.6017	 1.85	 1.19	214.62	19.08	189.61	 1.00	10.28	 2.16	336.80	297.89	316.43	276.25	302.40	0	55.25
2000	9	24	14.650	2093.6104	267.6104	23.6104	 2.06	 1.12	186.81	12.15	162.14	 1.00	10.27	 2.18	336.78	298.51	308.79	276.81	303.24	0	55.36
2000	9	24	15.070	2093.6279	267.6279	23.6279	 0.92	 0.86	205.17	56.16	676.03	 1.00	10.27	 1.87	336.80	299.70	325.44	277.76	304.82	0	55.55
2000	9	24	17.382	2093.7241	267.7242	23.7242	 1.21	 0.49	224.20	20.81	374.53	 1.00	10.27	 2.29	336.67	303.20	314.89	280.79	309.86	0	56.16
2000	9	24	23.488	2093.9788	267.9787	23.9787	 1.40	 0.72	219.42	21.86	219.94	 1.00	10.27	 1.81	336.33	293.85	319.15	266.14	303.01	0	53.23
2000	9	25	0.328	2094.0137	268.0137	24.0137	 0.98	 0.42	196.28	23.12	159.23	 1.00	10.27	 1.74	336.22	290.78	306.25	263.96	300.18	0	52.79
2000	9	25	0.749	2094.0312	268.0312	24.0312	 1.09	 0.32	187.87	13.85	95.02	 1.00	10.27	 1.56	336.20	289.52	305.68	263.49	298.83	0	52.70
2000	9	25	1.799	2094.0750	268.0750	24.0750	 0.81	 0.25	180.27	18.12	76.46	 1.00	10.28	 1.59	336.30	287.03	296.62	262.08	296.04	0	52.42
2000	9	25	2.430	2094.1013	268.1013	24.1012	 1.04	 0.17	213.90	 9.02	74.66	 0.99	10.27	 2.38	336.22	285.90	301.06	262.15	294.60	0	52.43
2000	9	25	3.060	2094.1274	268.1275	24.1275	 1.02	 0.12	210.05	 6.83	18.91	 1.00	10.28	 2.24	336.21	284.99	300.24	260.25	293.37	0	52.05
2000	9	25	3.481	2094.1450	268.1450	24.1450	 0.96	 0.27	195.53	15.55	90.02	 1.00	10.28	 1.99	336.21	284.33	297.12	260.67	292.54	0	52.13
2000	9	25	4.111	2094.1714	268.1713	24.1713	 0.94	 0.17	207.29	10.99	87.79	 0.99	10.27	 2.38	336.25	283.59	293.83	260.75	291.50	0	52.15
2000	9	25	4.531	2094.1887	268.1888	24.1888	 0.37	 0.19	247.25	69.65	56.19	 1.00	10.27	 1.65	336.25	283.19	286.73	261.04	290.93	0	52.21
2000	9	25	5.582	2094.2327	268.2326	24.2326	 0.68	 0.53	176.57	53.00	127.59	 1.00	10.28	 1.50	336.17	282.52	286.12	261.87	289.74	0	52.37
2000	9	25	5.792	2094.2415	268.2413	24.2413	 0.54	 0.39	208.81	67.40	156.13	 1.00	10.28	 1.83	336.19	282.43	295.68	262.00	289.85	0	52.40
2000	9	25	7.053	2094.2939	268.2939	24.2939	 0.45	 0.38	212.45	90.48	218.59	 1.00	10.28	 1.75	336.23	281.86	279.80	262.25	288.73	0	52.45
2000	9	25	10.272	2094.4280	268.4280	24.4280	 0.46	 0.31	257.60	88.29	64.30	 1.00	10.27	 1.95	336.22	281.14	288.63	262.41	287.70	0	52.48
2000	9	25	23.095	2094.9624	268.9623	24.9623	 1.29	 0.36	199.53	11.67	270.44	 0.98	10.27	 2.27	336.44	296.74	312.20	268.51	305.81	0	53.70
2000	9	26	0.356	2095.0149	269.0148	25.0148	 1.71	 0.27	204.10	 4.88	73.12	 0.97	10.27	 2.44	336.37	291.75	307.27	264.75	301.57	0	52.95
2000	9	26	0.776	2095.0322	269.0323	25.0323	 0.91	 0.23	211.73	16.16	78.93	 1.00	10.27	 1.94	336.37	290.53	298.75	264.47	300.24	0	52.89
2000	9	26	1.616	2095.0674	269.0674	25.0674	 1.39	 0.20	203.43	 5.79	134.06	 0.92	10.28	 2.25	336.23	288.56	310.27	263.68	298.07	0	52.74
2000	9	26	2.457	2095.1023	269.1024	25.1024	 0.88	 0.13	190.66	 8.55	25.75	 1.00	10.28	 2.07	336.37	286.93	294.81	262.83	296.02	0	52.57
2000	9	26	2.667	2095.1111	269.1111	25.1111	 0.92	 0.06	208.31	 4.09	45.74	 0.85	10.27	 2.39	336.33	286.52	299.07	261.93	295.36	0	52.39
2000	9	26	2.877	2095.1199	269.1199	25.1199	 0.90	 0.14	203.13	 9.42	59.34	 0.99	10.28	 2.49	336.25	286.08	293.57	260.73	294.87	0	52.15
2000	9	26	3.298	2095.1375	269.1374	25.1374	 1.05	 0.20	196.88	 9.66	10.87	 1.00	10.28	 2.42	336.22	285.37	297.40	261.30	294.24	0	52.26
2000	9	26	3.719	2095.1550	269.1550	25.1550	 1.03	 0.14	192.27	 6.78	13.93	 1.00	10.27	 2.45	336.30	284.72	295.20	261.47	293.04	0	52.29
2000	9	26	4.349	2095.1812	269.1812	25.1812	 0.87	 0.20	209.77	15.07	66.88	 1.00	10.28	 2.57	336.18	283.89	298.60	260.62	292.00	0	52.12
2000	9	26	6.671	2095.2778	269.2780	25.2780	 0.71	 0.24	188.02	23.25	28.17	 1.00	10.28	 2.08	336.19	281.71	295.31	261.33	288.90	0	52.27
2000	9	26	7.511	2095.3130	269.3130	25.3130	 0.56	 0.08	204.26	13.02	13.90	 1.00	10.28	 2.39	336.11	281.01	288.76	258.94	288.05	0	51.79
2000	9	26	8.352	2095.3479	269.3480	25.3480	 0.70	 0.15	189.20	14.60	38.21	 1.00	10.27	 2.49	336.08	280.22	291.13	258.36	287.42	0	51.67
2000	9	26	8.562	2095.3567	269.3568	25.3567	 0.84	 0.13	182.11	 9.06	34.89	 1.00	10.28	 2.53	336.10	280.07	292.82	258.17	286.92	0	51.63
2000	9	26	8.772	2095.3655	269.3655	25.3655	 0.54	 0.14	200.19	23.22	22.28	 1.00	10.27	 2.37	336.14	279.91	291.46	257.81	286.65	0	51.56
2000	9	26	9.403	2095.3918	269.3918	25.3918	 0.29	 0.17	240.38	89.72	37.83	 1.00	10.28	 2.24	336.12	279.35	282.68	257.47	286.02	0	51.49
2000	9	26	9.613	2095.4006	269.4005	25.4005	 0.35	 0.22	205.44	77.15	28.18	 1.00	10.27	 1.96	336.15	279.21	289.58	257.88	285.82	0	51.58
2000	9	26	9.823	2095.4092	269.4093	25.4093	 0.56	 0.10	190.89	15.37	37.77	 0.99	10.28	 2.53	336.17	279.10	288.42	258.29	285.63	0	51.66
2000	9	26	10.033	2095.4180	269.4180	25.4180	 0.11	 0.15	425.81	476.55	138.30	 0.99	10.27	 1.89	336.11	278.99	279.53	258.32	285.50	0	51.66
2000	9	26	10.243	2095.4268	269.4268	25.4268	 0.34	 0.16	219.86	62.32	113.65	 0.99	10.28	 2.32	336.10	278.89	281.18	258.24	285.34	0	51.65
2000	9	26	10.873	2095.4531	269.4531	25.4531	 0.33	 0.09	193.79	32.46	10.38	 1.00	10.28	 2.22	336.28	280.57	282.63	264.88	285.85	0	52.98
2000	9	26	11.083	2095.4619	269.4618	25.4618	 0.38	 0.10	180.57	27.45	44.11	 0.99	10.27	 2.15	336.32	281.57	288.18	269.08	286.44	0	53.82
2000	9	26	11.294	2095.4705	269.4706	25.4706	 0.58	 0.17	152.97	19.47	46.45	 1.00	10.28	 2.29	336.37	282.62	292.74	270.20	287.85	0	54.04
2000	9	26	12.344	2095.5144	269.5143	25.5143	 0.53	 0.15	160.91	20.55	24.82	 1.00	10.28	 2.28	336.50	288.59	291.64	281.67	292.13	0	56.33
2000	9	26	12.554	2095.5232	269.5231	25.5231	 0.08	 0.18	457.37	890.15	150.01	 0.99	10.27	 1.91	336.45	289.77	289.64	281.56	293.35	0	56.31
2000	9	26	13.185	2095.5493	269.5494	25.5494	 0.38	 0.25	183.31	66.50	37.36	 1.00	10.27	 2.17	336.57	293.05	298.56	278.64	296.81	0	55.73
2000	9	26	13.815	2095.5757	269.5756	25.5756	 0.58	 0.27	176.33	35.10	142.66	 1.00	10.28	 2.19	336.71	296.04	306.51	278.01	300.09	0	55.60
2000	9	26	14.236	2095.5933	269.5931	25.5931	 0.58	 0.19	191.69	26.12	28.03	 1.00	10.27	 2.51	336.79	297.85	307.34	278.01	302.18	0	55.60
2000	9	26	15.286	2095.6370	269.6369	25.6369	 0.74	 0.32	159.39	24.59	281.18	 0.99	10.27	 1.99	336.95	301.54	301.90	283.56	308.14	0	56.71
2000	9	26	19.069	2095.7944	269.7945	25.7945	 1.15	 0.31	191.74	12.20	82.52	 1.00	10.27	 2.25	336.78	307.42	323.30	287.02	313.95	0	57.40
2000	9	26	19.489	2095.8120	269.8121	25.8121	 0.55	 0.26	235.87	48.86	189.78	 1.00	10.28	 2.05	336.77	307.50	315.56	285.57	313.97	0	57.11
2000	9	26	20.540	2095.8557	269.8558	25.8558	 0.82	 0.17	212.18	14.19	49.66	 1.00	10.27	 2.43	336.74	307.07	323.38	283.40	313.96	0	56.68
2000	9	26	21.801	2095.9084	269.9084	25.9084	 0.34	 0.27	271.24	127.16	204.95	 1.00	10.28	 1.56	336.50	304.71	330.32	277.70	311.79	0	55.54
2000	9	26	23.062	2095.9609	269.9609	25.9609	 1.26	 0.74	199.83	25.42	848.99	 0.99	10.27	 1.97	336.54	298.04	314.39	269.27	307.40	0	53.85
2000	9	26	23.272	2095.9697	269.9697	25.9697	 0.71	 0.27	207.89	28.93	17.38	 1.00	10.28	 1.73	336.53	297.00	311.52	268.60	306.63	0	53.72
2000	9	26	23.692	2095.9873	269.9872	25.9872	 1.22	 0.24	205.36	 9.22	33.62	 1.00	10.28	 2.11	336.54	295.13	310.68	267.47	305.04	0	53.49
2000	9	27	0.113	2096.0046	270.0047	26.0047	 1.35	 0.27	204.62	 8.27	30.05	 1.00	10.28	 2.50	336.60	293.56	306.78	267.04	303.60	0	53.41
2000	9	27	0.323	2096.0134	270.0135	26.0134	 1.04	 0.29	206.19	15.28	50.98	 1.00	10.27	 2.21	336.51	292.86	305.25	266.77	302.87	0	53.35
2000	9	27	0.533	2096.0222	270.0222	26.0222	 1.12	 0.21	199.24	 9.27	13.45	 1.00	10.28	 2.18	336.50	292.22	309.26	266.66	302.29	0	53.33
2000	9	27	0.743	2096.0310	270.0310	26.0310	 1.18	 0.07	198.37	 2.81	 5.21	 1.00	10.27	 2.25	336.47	291.63	306.67	266.16	301.68	0	53.23
2000	9	27	0.953	2096.0398	270.0397	26.0397	 0.98	 0.04	205.46	 2.48	 2.69	 1.00	10.27	 2.23	336.41	291.10	305.41	265.90	300.94	0	53.18
2000	9	27	1.163	2096.0486	270.0485	26.0485	 0.95	 0.03	201.73	 2.03	 2.61	 0.99	10.28	 2.15	336.44	290.59	305.25	265.45	300.33	0	53.09
2000	9	27	1.383	2096.0576	270.0576	26.0576	 0.86	 0.03	206.59	 2.19	 2.93	 0.99	10.33	 2.19	336.45	290.06	304.37	264.74	299.70	0	52.95
2000	9	27	1.594	2096.0664	270.0664	26.0664	 1.03	 0.03	203.62	 1.51	 1.78	 0.99	10.28	 2.33	336.43	289.63	303.24	264.97	299.14	0	52.99
2000	9	27	1.804	2096.0752	270.0752	26.0752	 1.02	 0.05	199.49	 2.84	 0.97	 1.00	10.27	 2.22	336.45	289.27	301.67	265.55	298.60	0	53.11
2000	9	27	2.224	2096.0928	270.0927	26.0927	 0.72	 0.13	204.49	13.75	11.56	 1.00	10.28	 1.97	336.46	288.59	299.78	265.54	297.69	0	53.11
2000	9	27	2.434	2096.1013	270.1014	26.1014	 1.00	 0.02	206.56	 1.21	 9.73	 0.54	10.27	 2.49	336.47	288.27	301.39	265.61	297.18	0	53.12
2000	9	27	2.644	2096.1101	270.1102	26.1102	 0.90	 0.04	201.29	 2.78	 4.65	 0.99	10.28	 2.23	336.48	288.01	299.49	265.85	296.76	0	53.17
2000	9	27	2.854	2096.1189	270.1189	26.1189	 0.80	 0.04	205.51	 3.49	 5.60	 0.99	10.28	 2.20	336.52	287.73	300.40	266.10	296.45	0	53.22
2000	9	27	3.064	2096.1277	270.1277	26.1277	 0.90	 0.04	204.42	 2.78	 2.19	 1.00	10.27	 2.30	336.50	287.48	298.88	266.61	295.49	0	53.32
2000	9	27	3.275	2096.1365	270.1364	26.1365	 0.89	 0.03	206.87	 1.94	 5.62	 0.95	10.27	 2.27	336.45	287.26	299.74	266.20	295.90	0	53.24
2000	9	27	3.695	2096.1541	270.1540	26.1540	 1.00	 0.05	204.76	 2.83	 5.82	 0.99	10.28	 2.40	336.45	286.91	299.06	267.71	295.03	0	53.54
2000	9	27	3.905	2096.1626	270.1627	26.1627	 0.89	 0.03	204.87	 2.05	 3.79	 0.98	10.27	 2.30	336.39	286.74	296.53	267.24	294.81	0	53.45
2000	9	27	4.115	2096.1714	270.1715	26.1715	 0.97	 0.03	205.77	 2.04	 4.33	 0.98	10.28	 2.39	336.37	286.54	298.76	266.36	294.53	0	53.27
2000	9	27	4.325	2096.1802	270.1802	26.1802	 0.79	 0.04	208.21	 3.45	 2.00	 1.00	10.28	 2.19	336.41	286.31	296.68	 0.00	294.30	0	54.00
2000	9	27	4.536	2096.1890	270.1890	26.1890	 0.97	 0.05	206.26	 2.89	 0.83	 1.00	10.27	 2.34	336.41	286.11	297.08	265.14	293.98	0	53.03
2000	9	27	4.746	2096.1978	270.1977	26.1977	 1.08	 0.04	206.37	 2.11	 7.13	 0.97	10.28	 2.45	336.44	285.95	299.00	265.61	294.08	0	53.12
2000	9	27	4.956	2096.2065	270.2065	26.2065	 1.14	 0.04	202.07	 1.88	 3.33	 0.99	10.28	 2.50	336.40	285.82	297.01	265.69	293.46	0	53.14
2000	9	27	5.166	2096.2153	270.2152	26.2152	 0.99	 0.05	204.59	 2.86	 1.81	 1.00	10.28	 2.37	336.44	285.68	296.59	265.62	293.19	0	53.12
2000	9	27	5.586	2096.2327	270.2328	26.2328	 0.86	 0.05	201.36	 3.47	 6.55	 0.99	10.28	 2.23	336.38	285.43	293.09	265.91	292.86	0	53.18
2000	9	27	5.796	2096.2415	270.2415	26.2415	 0.96	 0.04	204.31	 2.13	 3.60	 0.99	10.27	 2.33	336.39	285.29	295.93	265.22	292.62	0	53.04
2000	9	27	6.216	2096.2590	270.2590	26.2590	 0.93	 0.03	202.25	 2.03	 6.19	 0.96	10.28	 2.32	336.40	285.05	293.47	265.95	292.61	0	53.19
2000	9	27	6.427	2096.2678	270.2678	26.2678	 0.91	 0.03	203.45	 2.07	 1.48	 1.00	10.28	 2.31	336.39	284.91	293.79	265.14	292.51	0	53.03
2000	9	27	6.637	2096.2766	270.2765	26.2765	 0.91	 0.03	203.34	 2.28	 5.52	 0.98	10.27	 2.33	336.39	284.77	293.75	264.93	291.93	0	52.99
2000	9	27	6.847	2096.2852	270.2853	26.2853	 0.91	 0.04	203.66	 2.63	 2.44	 1.00	10.27	 2.35	336.44	284.64	293.95	265.16	291.73	0	53.03
2000	9	27	7.057	2096.2939	270.2940	26.2940	 0.92	 0.04	203.44	 2.73	 6.29	 0.99	10.27	 2.40	336.38	284.53	294.29	265.13	291.57	0	53.03
2000	9	27	7.267	2096.3027	270.3028	26.3028	 0.96	 0.03	202.81	 1.91	 6.80	 0.94	10.32	 2.44	336.35	284.43	294.99	264.90	291.42	0	52.98
2000	9	27	7.478	2096.3115	270.3116	26.3116	 0.88	 0.03	200.55	 2.14	 4.99	 0.97	10.28	 2.31	336.36	284.31	292.90	264.57	291.60	0	52.91
2000	9	27	7.688	2096.3203	270.3203	26.3203	 0.94	 0.04	202.53	 2.74	 9.36	 0.97	10.30	 2.40	336.35	284.21	295.34	264.68	291.08	0	52.94
2000	9	27	7.898	2096.3291	270.3291	26.3291	 0.88	 0.03	200.88	 2.33	 1.85	 1.00	10.27	 2.26	336.35	284.11	293.22	264.31	290.95	0	52.86
2000	9	27	8.109	2096.3379	270.3379	26.3379	 0.98	 0.03	204.00	 1.54	 8.24	 0.82	10.28	 2.46	336.36	284.02	293.20	264.28	290.79	0	52.86
2000	9	27	8.319	2096.3467	270.3466	26.3466	 0.90	 0.04	207.54	 2.96	 4.31	 1.00	10.27	 2.33	336.34	283.95	294.00	264.39	291.01	0	52.88
2000	9	27	8.529	2096.3555	270.3554	26.3554	 0.97	 0.02	206.35	 1.38	 5.20	 0.88	10.28	 2.39	336.32	283.87	294.48	264.20	290.52	0	52.84
2000	9	27	8.739	2096.3640	270.3641	26.3641	 0.95	 0.03	204.38	 2.16	 3.67	 0.99	10.28	 2.40	336.30	283.78	292.00	264.00	290.42	0	52.80
2000	9	27	8.949	2096.3728	270.3729	26.3729	 0.91	 0.04	206.05	 2.63	 3.44	 1.00	10.28	 2.40	336.34	283.72	292.10	263.96	290.27	0	52.79
2000	9	27	9.159	2096.3816	270.3816	26.3816	 1.01	 0.05	203.02	 2.51	 1.86	 1.00	10.28	 2.39	336.31	283.65	293.44	264.87	290.21	0	52.97
2000	9	27	9.369	2096.3904	270.3904	26.3904	 0.98	 0.04	206.59	 2.32	 4.95	 0.99	10.27	 2.38	336.35	283.61	293.48	264.61	290.11	0	52.92
2000	9	27	9.579	2096.3992	270.3991	26.3991	 0.98	 0.03	206.37	 1.80	 5.39	 0.96	10.28	 2.37	336.32	283.57	291.93	263.99	290.03	0	52.80
2000	9	27	9.789	2096.4080	270.4079	26.4079	 1.06	 0.03	203.45	 1.63	 5.57	 0.95	10.28	 2.49	336.32	283.51	292.70	264.54	289.90	0	52.91
2000	9	27	10.000	2096.4167	270.4167	26.4167	 0.94	 0.03	206.64	 1.96	 3.30	 0.99	10.28	 2.41	336.30	283.45	292.39	265.10	289.79	0	53.02
2000	9	27	10.210	2096.4255	270.4254	26.4254	 0.93	 0.03	203.23	 2.15	 1.25	 1.00	10.27	 2.30	336.35	283.39	290.68	264.76	289.72	0	52.95
2000	9	27	10.420	2096.4341	270.4342	26.4342	 1.04	 0.05	192.47	 2.32	 3.22	 1.00	10.27	 2.30	336.37	283.58	292.30	265.16	289.69	0	53.03
2000	9	27	10.840	2096.4517	270.4517	26.4517	 0.95	 0.05	188.76	 3.10	 7.24	 0.99	10.27	 2.27	336.52	285.07	292.79	270.98	290.99	0	54.20
2000	9	27	11.050	2096.4604	270.4604	26.4604	 1.00	 0.03	187.60	 1.73	28.22	 0.32	10.28	 2.35	336.58	286.02	294.21	275.99	291.63	0	55.20
2000	9	27	11.261	2096.4692	270.4692	26.4692	 0.92	 0.04	186.94	 2.26	17.99	 0.77	10.27	 2.34	336.61	287.04	294.16	279.07	291.66	0	55.81
2000	9	27	11.471	2096.4780	270.4779	26.4779	 1.03	 0.03	185.36	 1.36	12.97	 0.55	10.28	 2.42	336.61	288.14	295.51	282.19	293.43	0	56.44
2000	9	27	11.681	2096.4866	270.4867	26.4867	 0.95	 0.04	183.37	 2.42	18.96	 0.82	10.27	 2.31	336.69	289.26	295.69	285.50	293.45	0	57.10
2000	9	27	11.891	2096.4954	270.4955	26.4955	 1.04	 0.04	186.57	 1.94	 6.32	 0.97	10.27	 2.47	336.70	290.39	298.80	287.50	294.40	0	57.50
2000	9	27	12.101	2096.5042	270.5042	26.5042	 0.98	 0.03	187.21	 1.86	 4.11	 0.98	10.27	 2.41	336.72	291.53	298.96	289.63	295.53	0	57.93
2000	9	27	12.311	2096.5129	270.5130	26.5130	 0.89	 0.04	186.70	 2.41	 5.19	 0.98	10.28	 2.37	336.76	292.68	297.52	291.60	296.64	0	58.32
2000	9	27	12.942	2096.5393	270.5392	26.5392	 0.71	 0.12	194.29	11.97	 7.53	 1.00	10.27	 2.03	336.89	295.92	303.64	286.11	300.06	0	57.22
2000	9	27	13.152	2096.5481	270.5480	26.5480	 0.87	 0.07	190.93	 5.02	10.99	 1.00	10.28	 2.18	336.88	296.94	301.22	284.69	301.16	0	56.94
2000	9	27	13.572	2096.5654	270.5655	26.5655	 1.42	 0.19	199.00	 5.13	 8.52	 1.00	10.28	 2.53	336.87	298.76	306.84	282.22	303.36	0	56.44
2000	9	27	13.782	2096.5742	270.5742	26.5743	 1.32	 0.22	199.02	 6.86	44.39	 1.00	10.27	 2.34	336.91	299.60	309.16	281.58	304.33	0	56.32
2000	9	27	14.413	2096.6006	270.6005	26.6005	 1.39	 0.19	206.98	 5.49	38.50	 0.99	10.28	 2.54	337.07	301.82	312.32	281.67	308.47	0	56.33
2000	9	27	20.297	2096.8457	270.8457	26.8457	 1.24	 0.50	195.91	17.57	67.59	 1.00	10.28	 1.91	336.84	306.87	319.01	278.64	313.86	0	55.73
2000	9	27	23.670	2096.9863	270.9863	26.9863	 1.12	 0.37	216.26	17.50	45.73	 1.00	10.28	 2.11	336.61	294.52	321.47	 0.00	304.10	0	54.00
2000	9	28	0.931	2097.0388	271.0388	27.0388	 1.46	 0.16	203.85	 4.09	 1.03	 1.00	10.28	 2.49	336.51	290.04	304.12	263.91	299.75	0	52.78
2000	9	28	1.141	2097.0476	271.0475	27.0476	 1.22	 0.10	203.73	 3.93	 4.35	 1.00	10.28	 2.29	336.49	289.52	302.41	264.07	299.17	0	52.81
2000	9	28	1.352	2097.0564	271.0563	27.0563	 1.28	 0.06	211.30	 2.21	 0.54	 1.00	10.27	 2.51	336.47	289.07	303.70	264.15	298.56	0	52.83
2000	9	28	1.562	2097.0652	271.0651	27.0651	 1.16	 0.05	206.07	 2.21	 2.84	 1.00	10.27	 2.29	336.50	288.65	302.33	264.07	297.99	0	52.81
2000	9	28	1.772	2097.0737	271.0738	27.0738	 1.08	 0.05	204.78	 2.59	 7.44	 0.99	10.28	 2.29	336.49	288.24	302.19	263.74	297.46	0	52.75
2000	9	28	1.982	2097.0825	271.0826	27.0826	 1.10	 0.06	206.31	 2.98	 7.88	 0.99	10.27	 2.38	336.50	287.80	301.78	263.12	296.82	0	52.62
2000	9	28	2.192	2097.0913	271.0913	27.0913	 1.07	 0.04	203.31	 2.15	 1.11	 1.00	10.28	 2.29	336.50	287.44	300.73	263.23	296.49	0	52.65
2000	9	28	2.402	2097.1001	271.1001	27.1001	 1.07	 0.04	201.98	 1.81	 4.16	 0.98	10.28	 2.34	336.50	287.12	299.75	263.49	295.90	0	52.70
2000	9	28	2.612	2097.1089	271.1089	27.1088	 0.87	 0.03	205.76	 2.51	 2.35	 1.00	10.27	 2.24	336.49	286.82	298.72	263.45	295.47	0	52.69
2000	9	28	2.822	2097.1177	271.1176	27.1176	 0.87	 0.03	206.45	 2.36	 5.86	 0.97	10.28	 2.20	336.48	286.51	299.95	263.31	295.10	0	52.66
2000	9	28	3.032	2097.1262	271.1263	27.1263	 1.12	 0.06	206.43	 2.49	 3.98	 1.00	10.27	 2.54	336.47	286.23	301.45	263.41	294.93	0	52.68
2000	9	28	3.243	2097.1350	271.1351	27.1351	 0.85	 0.10	199.43	 7.75	 8.44	 1.00	10.28	 2.20	336.48	285.99	297.14	263.51	294.35	0	52.70
2000	9	28	3.453	2097.1438	271.1439	27.1439	 0.84	 0.13	197.77	 9.85	57.43	 0.99	10.27	 2.33	336.48	285.79	292.78	264.08	293.97	0	52.82
2000	9	28	3.663	2097.1526	271.1526	27.1526	 0.81	 0.14	208.84	12.09	41.78	 1.00	10.28	 2.29	336.43	285.59	297.55	264.39	293.68	0	52.88
2000	9	28	4.503	2097.1877	271.1877	27.1876	 0.99	 0.09	200.86	 5.29	20.14	 0.99	10.27	 2.35	336.45	284.93	300.82	264.31	292.68	0	52.86
2000	9	28	4.713	2097.1963	271.1964	27.1964	 1.05	 0.11	203.76	 5.32	12.76	 1.00	10.27	 2.54	336.44	284.73	298.75	263.44	292.44	0	52.69
2000	9	28	5.344	2097.2227	271.2227	27.2227	 0.62	 0.10	205.51	13.73	24.21	 1.00	10.27	 2.03	336.42	284.14	289.63	262.90	291.66	0	52.58
2000	9	28	5.554	2097.2314	271.2314	27.2314	 0.87	 0.03	202.75	 2.34	 2.97	 0.99	10.28	 2.30	336.41	283.96	295.55	262.83	291.42	0	52.57
2000	9	28	5.764	2097.2402	271.2402	27.2402	 0.90	 0.04	200.54	 2.86	 2.36	 1.00	10.27	 2.37	336.40	283.77	294.64	262.10	291.18	0	52.42
2000	9	28	5.975	2097.2490	271.2490	27.2490	 0.84	 0.04	201.69	 3.05	 4.48	 0.99	10.27	 2.33	336.39	283.58	293.47	261.86	290.93	0	52.37
2000	9	28	6.185	2097.2578	271.2577	27.2577	 0.86	 0.03	198.63	 2.34	 4.51	 0.98	10.28	 2.29	336.32	283.38	294.05	261.77	290.65	0	52.35
2000	9	28	6.396	2097.2666	271.2665	27.2665	 0.83	 0.03	199.07	 2.47	 3.84	 0.99	10.28	 2.35	336.34	283.21	294.59	261.57	290.41	0	52.31
2000	9	28	6.606	2097.2751	271.2752	27.2752	 0.84	 0.04	197.63	 2.71	 9.05	 0.95	10.27	 2.38	336.32	283.03	294.96	261.52	290.17	0	52.30
2000	9	28	6.816	2097.2839	271.2840	27.2840	 0.95	 0.03	194.54	 1.99	 2.99	 0.99	10.28	 2.49	336.31	282.88	293.38	261.50	289.89	0	52.30
2000	9	28	7.026	2097.2927	271.2928	27.2927	 0.79	 0.05	196.29	 4.55	 2.55	 1.00	10.28	 2.43	336.31	282.72	292.19	261.34	289.67	0	52.27
2000	9	28	7.236	2097.3015	271.3015	27.3015	 0.70	 0.04	201.48	 3.83	 4.34	 0.99	10.28	 2.35	336.29	282.56	293.09	261.62	289.76	0	52.32
2000	9	28	7.446	2097.3103	271.3102	27.3103	 0.83	 0.05	191.74	 3.87	14.32	 0.97	10.28	 2.44	336.26	282.44	292.78	262.01	289.31	0	52.40
2000	9	28	7.656	2097.3191	271.3190	27.3190	 0.75	 0.05	191.15	 4.72	 7.63	 1.00	10.28	 2.40	336.33	282.33	291.29	262.26	289.15	0	52.45
2000	9	28	7.867	2097.3279	271.3278	27.3278	 0.65	 0.04	189.53	 5.00	 4.46	 1.00	10.27	 2.25	336.28	282.20	291.57	262.42	288.94	0	52.48
2000	9	28	8.077	2097.3364	271.3365	27.3365	 0.76	 0.05	195.85	 4.84	17.20	 0.97	10.28	 2.52	336.29	282.09	291.77	262.43	288.84	0	52.49
2000	9	28	8.287	2097.3452	271.3453	27.3453	 0.74	 0.05	187.39	 4.30	 7.49	 0.99	10.27	 2.33	336.29	281.98	292.53	262.15	288.66	0	52.43
2000	9	28	8.497	2097.3540	271.3540	27.3540	 0.61	 0.07	189.15	 8.49	21.18	 0.99	10.28	 2.33	336.30	281.86	289.72	262.02	288.51	0	52.40
2000	9	28	8.707	2097.3628	271.3628	27.3628	 0.63	 0.05	197.21	 6.24	 7.04	 1.00	10.27	 2.33	336.27	281.74	293.37	262.12	288.38	0	52.42
2000	9	28	8.917	2097.3716	271.3716	27.3716	 0.71	 0.05	195.55	 4.92	 9.82	 0.99	10.27	 2.39	336.29	281.63	291.96	261.97	288.58	0	52.39
2000	9	28	9.127	2097.3804	271.3803	27.3803	 0.55	 0.08	190.99	11.50	 8.96	 1.00	10.28	 2.12	336.32	281.54	285.84	 0.00	288.12	0	54.00
2000	9	28	9.337	2097.3892	271.3891	27.3891	 0.63	 0.09	191.54	10.66	47.50	 0.98	10.28	 2.19	336.30	281.46	288.47	262.13	288.26	0	52.43
2000	9	28	9.758	2097.4065	271.4066	27.4066	 0.84	 0.12	192.37	 8.48	84.49	 0.96	10.27	 2.51	336.27	281.32	295.46	262.16	287.76	0	52.43
2000	9	28	10.388	2097.4329	271.4328	27.4328	 0.84	 0.20	186.17	13.99	104.81	 0.99	10.28	 2.58	336.36	281.43	291.75	263.20	287.49	0	52.64
2000	9	28	10.598	2097.4417	271.4416	27.4416	 0.77	 0.24	159.17	17.30	16.84	 1.00	10.28	 2.33	336.44	282.12	290.95	266.41	287.69	0	53.28
2000	9	28	10.808	2097.4504	271.4503	27.4503	 0.72	 0.03	179.53	 2.61	17.01	 0.65	10.27	 2.49	336.50	283.01	292.76	271.32	288.83	0	54.26
2000	9	28	11.229	2097.4678	271.4679	27.4679	 0.59	 0.04	179.68	 5.60	22.63	 0.88	10.28	 2.34	336.58	284.97	291.00	274.63	289.61	0	54.93
2000	9	28	11.439	2097.4766	271.4766	27.4766	 0.61	 0.04	180.15	 4.71	18.25	 0.89	10.27	 2.36	336.66	286.05	294.51	277.37	290.41	0	55.47
2000	9	28	11.649	2097.4854	271.4854	27.4854	 0.71	 0.05	174.45	 4.80	29.67	 0.88	10.28	 2.58	336.69	287.14	293.58	281.32	292.29	0	56.26
2000	9	28	11.859	2097.4941	271.4941	27.4941	 0.54	 0.14	190.00	21.40	15.40	 1.00	10.27	 2.32	336.67	288.26	298.78	281.33	292.30	0	56.27
2000	9	28	12.069	2097.5029	271.5029	27.5029	 0.71	 0.11	187.24	10.24	21.86	 1.00	10.28	 2.60	336.73	289.35	296.47	281.56	293.37	0	56.31
2000	9	28	13.341	2097.5559	271.5559	27.5559	 0.57	 0.13	202.56	19.92	56.65	 1.00	10.50	 2.57	336.76	295.50	304.57	279.19	301.08	0	55.84
2000	9	28	14.610	2097.6086	271.6088	27.6088	 0.46	 0.20	231.13	49.32	241.91	 0.99	10.43	 2.22	337.00	300.45	314.66	280.30	305.60	0	56.06
2000	9	28	15.682	2097.6533	271.6534	27.6534	 0.17	 0.14	377.95	243.66	191.68	 0.99	10.52	 1.96	337.06	303.23	315.63	282.86	309.31	0	56.57
2000	9	28	17.829	2097.7429	271.7429	27.7429	 0.80	 0.34	203.77	28.92	730.99	 0.97	10.52	 1.64	336.92	305.87	323.93	281.18	312.58	0	56.24
2000	9	28	20.845	2097.8687	271.8685	27.8685	 1.01	 0.49	200.57	26.03	215.57	 1.00	10.47	 1.64	336.76	305.12	310.51	277.48	311.59	0	55.50
2000	9	28	22.777	2097.9490	271.9490	27.9491	 1.22	 0.41	211.73	15.71	30.35	 1.00	10.52	 2.15	336.61	298.29	311.14	268.55	306.75	0	53.71
2000	9	28	23.851	2097.9937	271.9938	27.9938	 1.58	 0.45	194.94	 9.49	103.24	 1.00	10.48	 2.34	336.52	293.08	298.29	265.38	302.56	0	53.08
2000	9	29	0.710	2098.0295	272.0296	28.0296	 1.42	 0.14	205.18	 3.75	11.14	 1.00	10.48	 2.46	336.44	290.24	303.91	263.73	299.78	0	52.75
2000	9	29	0.924	2098.0386	272.0385	28.0385	 1.30	 0.11	201.67	 3.52	 3.91	 1.00	10.52	 2.29	336.40	289.66	305.89	263.27	299.17	0	52.65
2000	9	29	1.139	2098.0474	272.0475	28.0475	 1.32	 0.08	209.89	 2.66	 1.22	 1.00	10.48	 2.53	336.38	289.14	305.08	263.20	298.55	0	52.64
2000	9	29	1.354	2098.0564	272.0564	28.0564	 1.13	 0.04	205.38	 1.73	 1.37	 1.00	10.52	 2.27	336.41	288.67	304.07	263.05	298.46	0	52.61
2000	9	29	1.568	2098.0654	272.0653	28.0653	 1.12	 0.05	204.43	 2.16	 1.60	 1.00	10.47	 2.28	336.40	288.23	302.60	262.97	297.37	0	52.59
2000	9	29	1.783	2098.0742	272.0743	28.0743	 1.13	 0.04	203.48	 1.77	 1.94	 1.00	10.52	 2.29	336.36	287.80	302.03	262.86	296.79	0	52.57
2000	9	29	1.997	2098.0833	272.0832	28.0832	 1.08	 0.05	203.54	 2.34	 1.76	 1.00	10.48	 2.26	336.38	287.41	300.26	262.70	296.48	0	52.54
2000	9	29	2.212	2098.0923	272.0922	28.0922	 1.12	 0.03	203.09	 1.40	 2.60	 0.99	10.52	 2.30	336.36	287.07	300.23	262.65	295.84	0	52.53
2000	9	29	2.427	2098.1011	272.1011	28.1011	 1.03	 0.03	207.12	 1.60	 3.16	 0.98	10.48	 2.31	336.37	286.76	299.97	262.67	295.37	0	52.53
2000	9	29	2.641	2098.1101	272.1100	28.1100	 0.97	 0.05	205.11	 2.69	 4.08	 1.00	10.53	 2.26	336.40	286.45	298.16	262.89	294.91	0	52.58
2000	9	29	2.856	2098.1189	272.1190	28.1190	 1.09	 0.04	204.75	 1.79	 2.64	 0.99	10.47	 2.33	336.40	286.20	299.65	264.28	294.56	0	52.86
2000	9	29	3.071	2098.1279	272.1279	28.1279	 1.04	 0.04	203.23	 2.09	 1.73	 1.00	10.52	 2.34	336.42	285.98	297.19	264.10	294.23	0	52.82
2000	9	29	3.285	2098.1370	272.1369	28.1369	 1.01	 0.06	205.00	 3.38	 1.94	 1.00	10.48	 2.38	336.44	285.79	296.92	263.99	293.84	0	52.80
2000	9	29	3.500	2098.1458	272.1458	28.1458	 0.87	 0.07	205.50	 4.86	 3.40	 1.00	10.53	 2.24	336.42	285.66	296.89	264.84	293.56	0	52.97
2000	9	29	3.714	2098.1548	272.1548	28.1548	 0.99	 0.07	208.08	 4.11	10.92	 1.00	10.47	 2.48	336.39	285.53	294.60	265.42	293.24	0	53.08
2000	9	29	3.929	2098.1638	272.1637	28.1637	 1.04	 0.05	203.87	 2.35	 2.71	 1.00	10.52	 2.43	336.37	285.39	296.26	265.06	293.39	0	53.01
2000	9	29	4.144	2098.1726	272.1727	28.1727	 1.04	 0.04	203.16	 1.95	 2.59	 1.00	10.48	 2.29	336.37	285.22	295.62	264.57	292.79	0	52.91
2000	9	29	4.358	2098.1816	272.1816	28.1816	 1.04	 0.05	205.46	 2.59	 3.13	 1.00	10.52	 2.38	336.30	285.04	294.57	263.67	292.57	0	52.73
2000	9	29	4.573	2098.1904	272.1906	28.1905	 1.05	 0.04	202.75	 2.12	 3.98	 0.99	10.48	 2.35	336.31	284.83	295.41	263.49	292.32	0	52.70
2000	9	29	4.788	2098.1995	272.1995	28.1995	 1.02	 0.04	204.09	 2.15	 1.19	 1.00	10.52	 2.36	336.30	284.64	294.74	263.36	292.43	0	52.67
2000	9	29	5.002	2098.2085	272.2084	28.2084	 0.99	 0.05	202.53	 2.88	 3.14	 1.00	10.47	 2.31	336.32	284.46	294.25	263.20	291.88	0	52.64
2000	9	29	5.217	2098.2173	272.2174	28.2174	 0.99	 0.05	206.15	 2.80	 3.04	 1.00	10.52	 2.38	336.26	284.30	294.08	263.10	291.60	0	52.62
2000	9	29	5.432	2098.2263	272.2263	28.2263	 0.96	 0.04	206.86	 2.66	 4.21	 1.00	10.47	 2.30	336.25	284.16	293.76	263.43	291.38	0	52.69
2000	9	29	5.646	2098.2354	272.2352	28.2352	 1.10	 0.04	204.91	 1.92	 3.97	 0.99	10.50	 2.49	336.24	284.03	294.79	263.61	291.45	0	52.72
2000	9	29	5.861	2098.2441	272.2442	28.2442	 1.00	 0.04	204.34	 2.02	 0.73	 1.00	10.48	 2.31	336.27	283.92	292.97	263.64	291.35	0	52.73
2000	9	29	6.075	2098.2532	272.2531	28.2531	 1.03	 0.04	202.51	 2.18	 1.33	 1.00	10.52	 2.32	336.26	283.82	292.63	263.98	290.81	0	52.80
2000	9	29	6.290	2098.2620	272.2621	28.2621	 1.06	 0.05	201.94	 2.44	 8.59	 0.98	10.47	 2.37	336.27	283.74	293.57	265.74	290.63	0	53.15
2000	9	29	6.505	2098.2710	272.2710	28.2710	 1.08	 0.05	207.42	 2.55	 5.06	 0.99	10.53	 2.45	336.29	283.69	294.81	265.99	290.52	0	53.20
2000	9	29	6.719	2098.2800	272.2800	28.2800	 0.91	 0.04	203.43	 2.63	 2.52	 1.00	10.47	 2.19	336.29	283.66	289.92	266.06	290.45	0	53.21
2000	9	29	6.934	2098.2888	272.2889	28.2889	 1.14	 0.07	207.91	 3.09	 6.63	 1.00	10.52	 2.54	336.27	283.61	294.68	265.97	290.36	0	53.19
2000	9	29	7.149	2098.2979	272.2979	28.2979	 1.01	 0.05	203.33	 2.70	 2.39	 1.00	10.48	 2.34	336.29	283.59	290.73	265.89	290.30	0	53.18
2000	9	29	7.363	2098.3069	272.3068	28.3068	 1.03	 0.04	207.64	 1.98	 3.72	 0.99	10.52	 2.41	336.26	283.60	293.79	266.63	290.22	0	53.33
2000	9	29	7.578	2098.3157	272.3158	28.3158	 1.17	 0.03	202.82	 1.22	 2.45	 0.98	10.50	 2.50	336.28	283.62	292.77	266.47	290.12	0	53.29
2000	9	29	7.793	2098.3247	272.3247	28.3247	 1.07	 0.05	204.48	 2.61	 4.03	 1.00	10.52	 2.41	336.24	283.62	292.36	266.41	290.08	0	53.28
2000	9	29	8.007	2098.3337	272.3336	28.3336	 1.03	 0.03	204.44	 1.78	 4.65	 0.97	10.48	 2.38	336.25	283.61	292.02	265.96	290.38	0	53.19
2000	9	29	8.222	2098.3425	272.3426	28.3426	 1.04	 0.03	203.47	 1.62	 3.86	 0.97	10.52	 2.38	336.29	283.58	291.97	265.66	290.02	0	53.13
2000	9	29	8.437	2098.3516	272.3515	28.3515	 1.05	 0.05	203.52	 2.28	 1.73	 1.00	10.47	 2.43	336.25	283.54	292.35	265.53	289.95	0	53.11
2000	9	29	8.651	2098.3606	272.3605	28.3605	 0.98	 0.04	206.30	 2.03	 3.38	 0.99	10.52	 2.39	336.25	283.48	291.49	265.38	289.85	0	53.08
2000	9	29	8.866	2098.3694	272.3694	28.3694	 0.98	 0.03	203.65	 1.74	 2.22	 0.99	10.48	 2.30	336.26	283.42	290.55	265.24	289.76	0	53.05
2000	9	29	9.081	2098.3784	272.3784	28.3784	 1.05	 0.04	205.19	 1.85	 2.35	 1.00	10.52	 2.38	336.25	283.36	292.51	264.54	289.65	0	52.91
2000	9	29	9.295	2098.3872	272.3873	28.3873	 1.06	 0.05	208.20	 2.59	 1.29	 1.00	10.48	 2.51	336.24	283.30	292.45	265.74	289.65	0	53.15
2000	9	29	9.510	2098.3962	272.3962	28.3962	 1.00	 0.04	208.23	 2.08	 6.07	 0.97	10.52	 2.44	336.27	283.29	291.92	266.79	289.60	0	53.36
2000	9	29	9.725	2098.4053	272.4052	28.4052	 0.96	 0.06	203.02	 3.54	 2.41	 1.00	10.48	 2.29	336.25	283.28	290.59	266.90	289.50	0	53.38
2000	9	29	11.012	2098.4587	272.4589	28.4589	 1.06	 0.10	192.88	 4.70	 7.17	 1.00	10.48	 2.50	336.51	285.95	296.41	272.92	290.99	0	54.58
2000	9	29	11.656	2098.4856	272.4857	28.4857	 0.62	 0.15	216.71	20.77	87.34	 0.99	10.52	 2.26	336.59	288.93	295.98	278.25	294.17	0	55.65
2000	9	29	14.233	2098.5930	272.5930	28.5930	 1.15	 0.21	194.88	 8.52	 6.73	 1.00	10.52	 2.58	336.96	300.19	309.86	 0.00	305.00	0	54.00
2000	9	29	14.447	2098.6021	272.6020	28.6020	 0.97	 0.15	203.96	 8.68	47.33	 1.00	10.48	 2.40	337.01	301.03	312.40	281.59	305.98	0	56.32
2000	9	29	14.877	2098.6199	272.6199	28.6199	 0.89	 0.15	199.52	 9.88	15.45	 1.00	10.47	 2.28	337.05	302.61	313.39	284.22	307.70	0	56.84
2000	9	29	15.101	2098.6292	272.6292	28.6292	 1.21	 0.17	201.46	 6.29	 4.56	 1.00	10.53	 2.42	337.00	303.49	317.69	289.06	308.72	0	57.81
2000	9	29	15.316	2098.6382	272.6382	28.6381	 1.17	 0.09	189.12	 3.33	39.41	 0.90	10.52	 2.16	337.05	304.34	312.03	291.10	309.63	0	58.22
2000	9	29	16.174	2098.6738	272.6740	28.6739	 1.32	 0.47	208.68	15.20	223.59	 1.00	10.53	 2.02	337.07	305.90	318.49	286.77	312.55	0	57.35
2000	9	29	19.180	2098.7991	272.7992	28.7992	 1.23	 0.20	213.80	 7.78	59.62	 0.99	10.53	 2.27	337.06	309.69	325.13	287.43	316.58	0	57.49
2000	9	29	19.824	2098.8259	272.8260	28.8260	 0.98	 0.17	204.95	 9.97	18.99	 1.00	10.48	 1.78	337.09	309.44	325.05	286.13	316.44	0	57.23
2000	9	29	20.897	2098.8706	272.8707	28.8707	 1.51	 0.37	207.22	 8.97	52.77	 1.00	10.53	 2.10	336.93	308.08	318.88	282.12	315.44	0	56.42
2000	9	29	21.112	2098.8796	272.8796	28.8797	 1.33	 0.43	195.17	12.80	323.82	 0.98	10.48	 1.80	336.91	307.68	316.73	281.78	315.06	0	56.36
2000	9	29	21.326	2098.8887	272.8886	28.8886	 1.47	 0.41	210.34	10.90	142.02	 1.00	10.53	 2.19	336.89	307.19	317.06	279.91	314.59	0	55.98
2000	9	29	22.399	2098.9333	272.9333	28.9333	 1.12	 0.44	203.83	19.48	357.63	 0.99	10.47	 1.48	336.74	303.08	332.55	273.36	311.38	0	54.67
2000	9	29	23.043	2098.9602	272.9601	28.9601	 1.27	 0.32	199.58	10.92	89.45	 1.00	10.53	 2.02	336.76	298.91	311.83	268.74	308.58	0	53.75
2000	9	29	23.258	2098.9690	272.9691	28.9691	 1.55	 0.20	212.63	 4.69	14.09	 1.00	10.47	 2.34	336.71	297.77	317.03	268.28	307.66	0	53.66
2000	9	29	23.902	2098.9958	272.9959	28.9959	 1.57	 0.15	209.20	 3.38	21.08	 0.99	10.53	 2.42	336.68	294.88	312.98	267.26	305.10	0	53.45
2000	9	30	0.117	2099.0049	273.0049	29.0049	 1.29	 0.12	209.97	 4.15	 4.34	 1.00	10.47	 2.34	336.68	294.07	310.29	266.63	304.39	0	53.33
2000	9	30	0.331	2099.0139	273.0138	29.0138	 1.28	 0.06	205.06	 1.90	 9.27	 0.96	10.52	 2.24	336.64	293.34	308.49	265.84	303.56	0	53.17
2000	9	30	0.976	2099.0405	273.0406	29.0406	 1.34	 0.10	216.13	 3.45	11.17	 1.00	10.47	 2.55	336.61	291.57	310.84	267.24	301.43	0	53.45
2000	9	30	1.190	2099.0496	273.0496	29.0496	 1.01	 0.09	206.03	 4.87	12.87	 1.00	10.52	 2.21	336.64	291.09	305.11	267.26	300.85	0	53.45
2000	9	30	1.405	2099.0586	273.0585	29.0585	 0.88	 0.05	211.77	 3.39	 0.68	 1.00	10.48	 2.22	336.58	290.64	305.58	266.51	300.29	0	53.30
2000	9	30	1.619	2099.0674	273.0675	29.0675	 0.99	 0.04	209.60	 2.30	 1.88	 1.00	10.50	 2.33	336.60	290.21	304.21	266.74	299.75	0	53.35
2000	9	30	1.834	2099.0764	273.0764	29.0764	 1.06	 0.07	209.67	 3.69	 3.11	 1.00	10.48	 2.40	336.60	289.83	303.99	267.34	299.19	0	53.47
2000	9	30	2.048	2099.0854	273.0854	29.0853	 1.05	 0.05	211.46	 2.42	 2.75	 1.00	10.52	 2.40	336.55	289.47	303.85	267.55	298.71	0	53.51
2000	9	30	2.263	2099.0942	273.0943	29.0943	 0.99	 0.05	214.51	 3.25	 8.78	 0.99	10.50	 2.34	336.54	289.16	303.26	267.47	298.27	0	53.49
2000	9	30	2.478	2099.1033	273.1032	29.1033	 1.03	 0.19	207.92	10.13	38.27	 1.00	10.52	 2.11	336.58	288.87	302.56	267.30	297.83	0	53.46
2000	9	30	2.693	2099.1123	273.1122	29.1122	 1.20	 0.07	210.42	 2.65	 3.31	 1.00	10.48	 2.39	336.52	288.63	301.45	267.31	297.38	0	53.46
2000	9	30	2.907	2099.1211	273.1211	29.1211	 1.18	 0.08	204.44	 3.26	 0.33	 1.00	10.52	 2.27	336.46	288.43	299.70	268.08	296.96	0	53.62
2000	9	30	3.122	2099.1301	273.1301	29.1301	 1.26	 0.04	213.00	 1.38	 2.56	 0.99	10.47	 2.53	336.55	288.22	301.49	267.16	296.81	0	53.43
2000	9	30	3.337	2099.1389	273.1390	29.1390	 1.08	 0.06	212.11	 3.14	 1.80	 1.00	10.52	 2.33	336.52	288.09	300.85	267.77	296.40	0	53.55
2000	9	30	3.551	2099.1479	273.1480	29.1480	 1.09	 0.09	207.20	 4.18	 5.90	 1.00	10.48	 2.28	336.51	287.83	300.89	268.00	296.10	0	53.60
2000	9	30	3.766	2099.1570	273.1569	29.1569	 1.18	 0.11	208.39	 4.33	12.38	 1.00	10.52	 2.46	336.50	287.68	299.01	267.70	295.78	0	53.54
2000	9	30	4.195	2099.1748	273.1748	29.1748	 1.02	 0.15	195.77	 7.90	24.97	 1.00	10.52	 2.10	336.50	287.37	293.77	268.13	295.34	0	53.63
2000	9	30	4.410	2099.1838	273.1837	29.1838	 0.76	 0.12	209.55	11.33	20.83	 1.00	10.47	 2.02	336.50	287.24	292.82	269.25	295.09	0	53.85
2000	9	30	4.624	2099.1926	273.1927	29.1927	 1.08	 0.07	214.06	 3.55	27.17	 0.95	10.52	 2.38	336.46	287.17	303.26	269.62	294.22	0	53.92
2000	9	30	4.839	2099.2017	273.2016	29.2016	 1.04	 0.06	203.87	 3.19	 1.47	 1.00	10.48	 2.24	336.49	287.06	295.98	268.67	295.11	0	53.73
2000	9	30	5.054	2099.2104	273.2106	29.2106	 1.09	 0.05	208.72	 2.18	 1.20	 1.00	10.50	 2.34	336.47	286.93	298.52	268.60	294.62	0	53.72
2000	9	30	5.268	2099.2195	273.2195	29.2195	 1.08	 0.05	210.77	 2.27	 1.29	 1.00	10.48	 2.39	336.46	286.81	297.63	268.35	294.45	0	53.67
2000	9	30	5.483	2099.2285	273.2285	29.2285	 1.04	 0.03	207.55	 1.51	 0.98	 1.00	10.52	 2.27	336.50	286.66	296.85	267.28	294.28	0	53.46
2000	9	30	5.698	2099.2373	273.2374	29.2374	 1.00	 0.06	209.30	 3.42	 3.51	 1.00	10.48	 2.27	336.51	286.54	297.45	267.06	294.07	0	53.41
2000	9	30	5.913	2099.2463	273.2464	29.2464	 0.93	 0.07	206.02	 4.43	 4.22	 1.00	10.53	 2.05	336.52	286.49	297.17	268.95	293.90	0	53.79
2000	9	30	6.127	2099.2554	273.2553	29.2553	 1.09	 0.08	212.04	 4.08	 8.16	 1.00	10.47	 2.53	336.51	286.49	297.43	270.34	293.75	0	54.07
2000	9	30	6.342	2099.2642	273.2643	29.2642	 1.08	 0.06	208.71	 2.90	 3.23	 1.00	10.52	 2.44	336.52	286.49	296.71	270.66	293.63	0	54.13
2000	9	30	6.557	2099.2732	273.2732	29.2732	 1.01	 0.07	206.46	 3.70	 1.06	 1.00	10.48	 2.28	336.52	286.48	294.91	270.52	293.56	0	54.10
2000	9	30	6.771	2099.2822	273.2821	29.2821	 1.08	 0.04	205.82	 2.00	 5.00	 0.99	10.53	 2.43	336.51	286.44	294.33	269.55	293.86	0	53.91
2000	9	30	6.986	2099.2910	273.2911	29.2911	 0.99	 0.05	201.85	 2.72	 7.00	 0.99	10.47	 2.21	336.48	286.33	292.97	268.66	293.39	0	53.73
2000	9	30	7.201	2099.3000	273.3000	29.3000	 1.04	 0.04	208.90	 1.94	 5.22	 0.98	10.52	 2.38	336.47	286.20	296.38	267.61	293.23	0	53.52
2000	9	30	7.415	2099.3091	273.3090	29.3090	 1.04	 0.03	208.31	 1.50	 2.87	 0.98	10.48	 2.43	336.47	286.09	295.40	267.32	293.13	0	53.46
2000	9	30	7.630	2099.3179	273.3179	29.3179	 1.06	 0.03	205.87	 1.67	 1.35	 1.00	10.53	 2.42	336.46	285.98	295.62	267.14	292.94	0	53.43
2000	9	30	7.844	2099.3269	273.3268	29.3269	 1.09	 0.04	208.18	 1.71	 6.76	 0.94	10.47	 2.43	336.47	285.87	297.52	266.94	292.87	0	53.39
2000	9	30	8.059	2099.3357	273.3358	29.3358	 0.98	 0.05	206.74	 2.88	 4.30	 1.00	10.52	 2.33	336.46	285.77	295.47	266.87	292.74	0	53.37
2000	9	30	8.274	2099.3447	273.3448	29.3447	 1.00	 0.04	207.18	 2.33	 8.32	 0.97	10.47	 2.40	336.48	285.68	295.87	266.87	292.62	0	53.37
2000	9	30	8.488	2099.3538	273.3537	29.3537	 1.03	 0.04	205.12	 2.06	 5.57	 0.98	10.52	 2.40	336.47	285.59	294.08	266.68	292.46	0	53.34
2000	9	30	8.703	2099.3625	273.3626	29.3626	 1.02	 0.04	204.62	 2.34	 5.05	 0.99	10.48	 2.39	336.48	285.50	294.99	266.69	292.66	0	53.34
2000	9	30	8.917	2099.3716	273.3716	29.3716	 0.97	 0.04	204.76	 2.09	 1.48	 1.00	10.50	 2.31	336.48	285.39	294.34	266.48	292.55	0	53.30
2000	9	30	9.132	2099.3806	273.3805	29.3805	 1.02	 0.05	204.21	 2.44	 1.77	 1.00	10.48	 2.36	336.50	285.27	294.39	266.26	292.05	0	53.25
2000	9	30	9.347	2099.3894	273.3894	29.3894	 0.85	 0.06	203.24	 4.69	 6.57	 1.00	10.53	 2.15	336.49	285.18	293.33	266.16	291.92	0	53.23
2000	9	30	9.562	2099.3984	273.3984	29.3984	 1.01	 0.06	202.73	 3.24	 0.67	 1.00	10.48	 2.46	336.50	285.14	293.03	267.31	291.75	0	53.46
2000	9	30	9.776	2099.4072	273.4073	29.4073	 0.94	 0.04	204.65	 2.41	 1.04	 1.00	10.52	 2.32	336.49	285.15	293.24	268.50	291.65	0	53.70
2000	9	30	9.991	2099.4163	273.4163	29.4163	 0.98	 0.05	201.93	 2.74	 0.97	 1.00	10.48	 2.35	336.46	285.16	292.14	269.17	291.63	0	53.83
2000	9	30	10.206	2099.4253	273.4252	29.4252	 1.03	 0.04	205.23	 2.07	 2.99	 1.00	10.53	 2.50	336.46	285.18	294.59	269.13	290.86	0	53.83
2000	9	30	10.420	2099.4341	273.4342	29.4342	 0.97	 0.03	198.07	 1.82	 4.60	 0.97	10.45	 2.38	336.58	285.57	294.98	269.18	291.67	0	53.84
2000	9	30	10.634	2099.4431	273.4431	29.4431	 1.04	 0.03	196.63	 1.65	 6.59	 0.93	10.52	 2.42	336.65	286.30	296.99	273.79	291.99	0	54.76
2000	9	30	10.849	2099.4521	273.4521	29.4520	 0.98	 0.04	192.75	 2.41	 9.42	 0.96	10.48	 2.36	336.69	287.26	296.05	277.59	293.28	0	55.52
2000	9	30	11.064	2099.4609	273.4610	29.4610	 0.99	 0.04	188.91	 1.96	 8.23	 0.93	10.50	 2.34	336.78	288.32	296.69	281.40	293.29	0	56.28
2000	9	30	11.278	2099.4700	273.4699	29.4699	 1.04	 0.03	189.74	 1.66	 8.06	 0.89	10.48	 2.44	336.78	289.39	298.00	283.18	294.06	0	56.64
2000	9	30	11.493	2099.4788	273.4789	29.4789	 1.03	 0.05	188.40	 2.35	 8.03	 0.97	10.53	 2.40	336.80	290.46	297.85	283.19	295.92	0	56.64
2000	9	30	11.708	2099.4878	273.4878	29.4878	 1.04	 0.05	188.17	 2.24	13.65	 0.91	10.47	 2.45	336.85	291.51	300.17	283.44	295.93	0	56.69
2000	9	30	11.932	2099.4971	273.4972	29.4972	 0.99	 0.05	189.83	 2.60	20.48	 0.86	10.55	 2.46	336.86	292.60	300.19	285.91	296.84	0	57.18
2000	9	30	12.147	2099.5061	273.5061	29.5061	 0.97	 0.05	185.18	 2.88	 4.10	 1.00	10.52	 2.30	336.93	293.65	302.58	287.41	297.98	0	57.48
2000	9	30	12.361	2099.5151	273.5150	29.5151	 1.04	 0.10	181.98	 4.60	14.81	 1.00	10.48	 2.28	336.94	294.72	304.10	288.09	300.26	0	57.62
2000	9	30	12.791	2099.5330	273.5330	29.5330	 1.00	 0.07	190.84	 3.84	25.40	 0.96	10.48	 2.41	337.08	296.82	305.34	288.59	301.20	0	57.72
2000	9	30	13.006	2099.5420	273.5419	29.5419	 0.94	 0.04	193.71	 2.67	 5.86	 0.99	10.52	 2.42	337.11	297.86	309.63	289.16	302.32	0	57.83
2000	9	30	13.221	2099.5508	273.5508	29.5509	 0.99	 0.11	189.52	 5.85	26.90	 0.99	10.48	 2.42	337.23	298.84	307.76	287.72	303.46	0	57.54
2000	9	30	13.650	2099.5688	273.5688	29.5688	 0.85	 0.16	207.32	12.39	428.65	 0.78	10.48	 2.17	337.19	300.77	308.54	286.67	305.52	0	57.33
2000	9	30	13.865	2099.5776	273.5777	29.5777	 1.12	 0.08	195.99	 3.60	20.13	 0.98	10.52	 2.31	337.14	301.72	311.47	286.37	306.62	0	57.27
2000	9	30	14.079	2099.5867	273.5866	29.5866	 1.08	 0.08	199.52	 3.73	22.61	 0.97	10.47	 2.17	337.22	302.67	311.51	287.13	307.69	0	57.43
2000	9	30	16.011	2099.6672	273.6671	29.6671	 0.90	 0.14	210.06	 9.96	13.75	 1.00	10.53	 2.10	337.24	307.80	318.70	287.61	314.58	0	57.52
2000	9	30	17.514	2099.7297	273.7297	29.7297	 1.14	 0.25	213.70	11.24	25.34	 1.00	10.47	 2.28	337.18	309.74	321.30	289.26	316.82	0	57.85
2000	9	30	19.875	2099.8281	273.8281	29.8281	 1.01	 0.27	196.57	14.24	90.57	 1.00	10.52	 1.54	337.11	310.53	330.53	287.25	317.56	0	57.45
2000	9	30	22.881	2099.9534	273.9534	29.9534	 0.92	 0.21	216.49	14.55	71.90	 1.00	10.52	 1.93	336.78	301.15	322.93	270.66	310.66	0	54.13
2000	9	30	23.095	2099.9624	273.9623	29.9623	 1.07	 0.13	209.99	 6.70	24.22	 1.00	10.48	 2.19	336.75	299.82	314.77	269.73	309.71	0	53.95
2000	9	30	23.310	2099.9712	273.9713	29.9713	 1.08	 0.11	213.29	 5.59	29.50	 0.99	10.53	 2.37	336.73	298.63	314.59	269.61	308.75	0	53.92
2000	9	30	23.524	2099.9802	273.9802	29.9802	 0.67	 0.14	198.33	15.69	34.71	 1.00	10.47	 1.70	336.76	297.54	314.98	268.74	307.82	0	53.75
2000	9	30	23.954	2099.9980	273.9981	29.9981	 0.88	 0.04	202.48	 3.06	 7.13	 0.99	10.47	 2.15	336.71	295.60	313.38	266.99	306.10	0	53.40
