2001	1	1	4.006	2192.1670	0.1669	0.1669	 4.34	 0.68	210.37	 0.72	 0.64	 1.00	10.87	 1.65	332.49	297.62	327.98	266.83	315.93	0	53.37
2001	1	1	5.776	2192.2407	0.2407	0.2407	 5.03	 1.57	208.39	 0.81	 0.22	 1.00	10.85	 1.67	332.47	297.05	325.66	 0.00	314.16	0	54.00
2001	1	1	13.741	2192.5725	0.5726	0.5726	 4.02	 0.84	210.16	 1.22	 5.63	 0.98	10.82	 1.59	332.71	304.79	327.80	281.11	316.22	0	56.22
2001	1	1	14.626	2192.6094	0.6094	0.6094	 3.36	 0.24	211.70	 0.69	 1.10	 0.99	10.82	 1.54	332.81	307.33	328.82	286.22	319.74	0	57.24
2001	1	1	15.510	2192.6462	0.6463	0.6463	 3.48	 0.29	214.55	 0.75	 2.57	 0.97	10.83	 1.39	332.67	308.77	332.21	283.08	321.47	0	56.62
2001	1	1	16.394	2192.6831	0.6831	0.6831	 3.02	 0.23	217.25	 0.98	 1.67	 1.00	10.85	 1.33	332.71	310.40	333.88	287.74	324.84	0	57.55
2001	1	1	17.278	2192.7200	0.7199	0.7199	 3.66	 0.68	218.27	 1.49	 0.62	 1.00	10.85	 1.27	332.75	312.38	335.56	289.36	 0.00	0	57.87
2001	1	1	18.160	2192.7566	0.7567	0.7567	 3.88	 0.99	221.06	 1.76	 5.84	 1.00	10.83	 1.16	333.08	313.30	337.75	286.99	331.13	0	57.40
2001	1	1	20.827	2192.8677	0.8678	0.8678	 3.05	 0.50	219.31	 2.11	15.92	 0.98	10.83	 0.95	332.99	310.88	343.67	281.96	330.15	0	56.39
2001	1	1	22.596	2192.9414	0.9415	0.9415	 3.85	 0.78	214.75	 1.38	 0.49	 1.00	10.83	 1.10	332.86	309.23	341.08	284.07	327.56	0	56.81
2001	1	1	23.478	2192.9783	0.9783	0.9783	 5.56	 5.90	207.96	 1.79	 3.24	 1.00	10.88	 1.09	332.60	306.82	343.98	274.69	326.39	0	54.94
2001	1	2	0.365	2193.0151	1.0152	1.0152	 4.23	 1.12	209.16	 1.32	 0.39	 1.00	10.85	 1.23	332.61	303.83	339.34	271.82	 0.00	0	54.36
2001	1	2	1.250	2193.0520	1.0521	1.0521	 4.86	 0.92	206.71	 0.56	 0.96	 0.99	10.83	 1.27	332.61	302.29	338.25	 0.00	321.96	0	54.00
2001	1	2	2.133	2193.0889	1.0889	1.0889	 4.28	 0.46	212.62	 0.53	 1.08	 0.98	10.83	 1.48	332.57	301.13	332.77	269.69	320.29	0	53.94
2001	1	2	3.016	2193.1257	1.1257	1.1257	 3.98	 0.55	210.08	 0.84	 0.36	 1.00	10.85	 1.44	332.50	300.49	332.52	270.17	319.18	0	54.03
2001	1	2	3.919	2193.1633	1.1633	1.1633	21.34	15777327.49	207.37	 0.67	 0.42	 1.00	10.95	 1.46	332.64	300.06	332.27	270.26	317.74	0	54.05
2001	1	2	4.804	2193.2002	1.2002	1.2002	 5.85	 2.50	207.35	 0.57	 0.66	 1.00	10.85	 1.55	332.57	299.07	329.77	 0.00	315.92	0	54.00
2001	1	2	5.686	2193.2368	1.2369	1.2369	 6.60	 8.60	207.75	 0.92	 1.47	 1.00	10.83	 1.61	332.59	298.38	327.67	269.30	314.49	0	53.86
2001	1	2	6.569	2193.2737	1.2737	1.2737	23.24	102768148.74	208.00	 0.65	 0.84	 1.00	10.85	 1.64	332.52	297.62	326.86	269.09	313.88	0	53.82
2001	1	2	8.341	2193.3477	1.3475	1.3475	18.89	1361196.15	207.29	 0.66	 1.18	 0.99	10.85	 1.67	332.06	296.38	324.04	268.06	 0.00	0	53.61
2001	1	2	10.996	2193.4583	1.4582	1.4582	 4.84	 1.00	203.91	 0.61	 0.34	 1.00	10.82	 1.69	332.16	296.16	321.65	271.79	311.12	0	54.36
2001	1	2	14.548	2193.6062	1.6062	1.6062	 3.65	 0.64	207.76	 1.36	 2.51	 1.00	10.83	 1.47	332.80	305.20	326.16	287.52	316.50	0	57.50
2001	1	2	15.430	2193.6428	1.6429	1.6429	 4.11	 0.58	215.25	 0.79	 2.24	 0.99	10.83	 1.55	332.78	308.13	328.14	292.89	320.27	0	58.58
2001	1	2	16.313	2193.6797	1.6797	1.6797	 4.45	 1.23	217.15	 1.19	 2.04	 1.00	10.85	 1.55	333.00	309.15	330.96	289.04	322.03	0	57.81
2001	1	2	20.744	2193.8643	1.8643	1.8643	 5.25	 3.32	212.41	 1.41	 1.11	 1.00	10.85	 0.91	332.65	309.52	343.83	279.33	328.91	0	55.87
2001	1	2	21.625	2193.9011	1.9011	1.9011	 4.11	 1.24	206.52	 1.62	 4.43	 1.00	10.83	 0.92	332.34	306.88	349.62	277.73	327.01	0	55.55
2001	1	2	23.395	2193.9749	1.9748	1.9748	67.23	 1.00	215.46	 0.00	 6.98	 0.00	10.98	 1.48	332.14	300.73	336.26	273.36	321.66	0	54.67
2001	1	3	0.280	2194.0117	2.0117	2.0117	 4.29	 0.66	210.61	 0.74	 0.88	 1.00	10.83	 1.39	332.44	300.37	333.67	 0.00	320.30	0	54.00
2001	1	3	1.163	2194.0486	2.0485	2.0485	 5.17	 1.17	212.74	 0.54	 0.57	 1.00	10.87	 1.54	332.42	300.34	329.82	 0.00	319.49	0	54.00
2001	1	3	2.051	2194.0854	2.0854	2.0854	 7.15	 9.16	208.92	 0.57	 0.36	 1.00	10.88	 1.46	332.50	300.37	329.84	 0.00	318.32	0	54.00
2001	1	3	2.933	2194.1223	2.1222	2.1222	 5.96	 2.73	210.29	 0.56	 0.38	 1.00	10.82	 1.52	332.42	300.18	328.91	 0.00	 0.00	0	54.00
2001	1	3	3.833	2194.1597	2.1597	2.1597	 6.56	 6.17	210.31	 0.70	 0.59	 1.00	10.88	 1.55	332.49	299.83	328.61	270.43	316.92	0	54.09
2001	1	3	4.718	2194.1965	2.1966	2.1966	 5.66	 2.15	211.85	 0.60	 0.40	 1.00	10.85	 1.56	332.56	300.13	326.42	271.36	316.77	0	54.27
2001	1	3	5.602	2194.2334	2.2334	2.2334	 7.05	 6.44	214.00	 0.45	 0.38	 1.00	10.85	 1.66	332.46	299.78	326.95	 0.00	315.86	0	54.00
2001	1	3	6.489	2194.2703	2.2704	2.2704	 6.55	 5.35	213.02	 0.62	 0.52	 1.00	10.98	 1.62	332.51	299.66	326.62	 0.00	315.57	0	54.00
2001	1	3	7.375	2194.3074	2.3073	2.3073	 5.24	 1.59	210.72	 0.68	 0.61	 1.00	10.83	 1.58	332.45	299.46	326.53	 0.00	315.80	0	54.00
2001	1	3	8.259	2194.3440	2.3441	2.3441	 5.20	 1.18	211.61	 0.53	 0.42	 1.00	10.83	 1.66	332.46	299.11	325.49	 0.00	315.82	0	54.00
2001	1	3	9.140	2194.3809	2.3808	2.3808	21.07	12673934.77	210.13	 0.71	 0.80	 1.00	10.85	 1.61	332.50	298.49	325.68	269.02	314.71	0	53.80
2001	1	3	10.025	2194.4177	2.4177	2.4177	23.90	204052544.42	206.32	 0.66	 0.19	 1.00	10.82	 1.61	332.58	298.35	325.04	273.10	314.57	0	54.62
2001	1	3	11.809	2194.4919	2.4920	2.4920	21.62	23576410.78	206.54	 0.75	 1.27	 1.00	10.97	 1.60	332.70	300.45	326.06	278.37	315.02	0	55.67
2001	1	3	12.694	2194.5288	2.5289	2.5289	 5.79	 4.04	206.07	 0.97	 0.35	 1.00	10.83	 1.54	332.93	303.90	328.45	285.61	317.39	0	57.12
2001	1	3	13.576	2194.5657	2.5657	2.5657	29.73	165919306423.08	199.84	 1.54	 6.64	 0.99	10.85	 1.29	332.87	306.06	330.62	282.45	319.57	0	56.49
2001	1	3	14.460	2194.6025	2.6025	2.6025	 4.19	 0.56	211.57	 0.69	 0.44	 1.00	10.83	 1.37	332.87	306.60	332.43	284.50	320.39	0	56.90
2001	1	3	15.346	2194.6394	2.6394	2.6394	 3.41	 0.36	209.50	 0.99	 0.89	 1.00	10.85	 1.28	332.88	306.75	333.29	282.06	323.15	0	56.41
2001	1	3	16.230	2194.6763	2.6763	2.6763	 4.24	 0.56	212.66	 0.66	 1.31	 0.99	10.92	 1.29	332.98	308.15	334.28	287.64	322.66	0	57.53
2001	1	3	17.113	2194.7131	2.7130	2.7130	 3.32	 0.34	222.00	 1.09	 1.26	 1.00	10.85	 1.40	333.24	311.82	335.55	294.63	326.05	0	58.93
2001	1	3	17.996	2194.7498	2.7498	2.7498	 3.78	 0.66	218.02	 1.29	 2.21	 1.00	10.83	 1.17	333.04	313.14	337.31	289.07	328.84	0	57.81
2001	1	3	20.661	2194.8608	2.8609	2.8609	 3.34	 0.55	227.42	 1.77	13.17	 0.98	10.85	 1.05	332.93	314.13	341.18	285.75	330.23	0	57.15
2001	1	3	23.311	2194.9712	2.9713	2.9713	 4.56	 1.97	209.69	 1.66	 5.26	 1.00	10.85	 0.96	332.51	309.24	343.43	276.17	328.06	0	55.23
2001	1	4	0.194	2195.0081	3.0081	3.0081	 6.53	12.12	206.09	 1.38	 0.85	 1.00	10.85	 1.13	332.38	304.25	341.66	272.64	325.27	0	54.53
2001	1	4	1.079	2195.0449	3.0450	3.0450	 5.11	 1.65	210.04	 0.79	 0.19	 1.00	10.82	 1.30	332.59	302.17	336.95	 0.00	322.59	0	54.00
2001	1	4	1.961	2195.0818	3.0817	3.0817	 4.69	 1.01	207.58	 0.73	 0.18	 1.00	10.85	 1.29	332.53	301.56	337.27	270.58	321.01	0	54.12
2001	1	4	2.845	2195.1187	3.1186	3.1186	33.42	 1.00	210.51	 0.00	 1.11	 0.00	10.83	 1.44	332.45	301.04	331.79	270.82	319.41	0	54.16
2001	1	4	3.745	2195.1560	3.1560	3.1560	 5.34	 1.45	211.23	 0.56	 0.67	 1.00	10.87	 1.46	332.68	300.43	329.59	270.20	318.13	0	54.04
2001	1	4	4.635	2195.1931	3.1931	3.1931	 6.79	 6.67	212.62	 0.60	 0.67	 1.00	10.83	 1.59	332.63	300.13	327.08	 0.00	317.18	0	54.00
2001	1	4	5.518	2195.2300	3.2299	3.2299	22.53	39801983.82	213.29	 0.53	 1.31	 0.98	10.83	 1.60	332.65	299.78	327.13	270.76	316.67	0	54.15
2001	1	4	6.410	2195.2671	3.2671	3.2671	 4.30	 0.52	211.54	 0.58	 0.71	 1.00	11.08	 1.61	332.62	299.24	326.38	269.38	316.78	0	53.88
2001	1	4	7.311	2195.3047	3.3046	3.3046	 7.23	14.15	209.90	 0.82	 0.31	 1.00	11.07	 1.56	332.54	298.93	326.26	269.48	315.93	0	53.90
2001	1	4	8.215	2195.3423	3.3423	3.3423	 7.83	21.81	210.64	 0.69	 0.16	 1.00	11.08	 1.60	332.58	298.76	325.70	 0.00	315.24	0	54.00
2001	1	4	9.118	2195.3799	3.3799	3.3799	 6.18	 4.16	209.25	 0.68	 0.49	 1.00	11.05	 1.57	332.53	298.42	326.95	 0.00	314.31	0	54.00
2001	1	4	10.020	2195.4175	3.4175	3.4175	14.19	9753.99	208.57	 0.53	 0.81	 0.99	11.10	 1.60	332.53	298.32	326.27	271.69	314.15	0	54.34
2001	1	4	11.848	2195.4937	3.4937	3.4937	 6.18	 4.69	206.26	 0.76	 0.40	 1.00	11.13	 1.58	332.90	303.43	326.37	284.08	316.50	0	56.82
2001	1	4	12.754	2195.5315	3.5314	3.5314	 4.44	 0.95	213.86	 0.92	 0.70	 1.00	11.07	 1.54	333.00	306.56	329.77	 0.00	319.41	0	54.00
2001	1	4	13.657	2195.5691	3.5690	3.5690	 4.03	 0.99	207.21	 1.41	 4.95	 0.99	11.12	 1.29	333.16	309.08	334.22	288.07	321.86	0	57.61
2001	1	4	14.559	2195.6067	3.6066	3.6066	 3.95	 0.46	212.26	 0.73	 2.80	 0.97	11.07	 1.27	333.24	311.82	335.18	292.35	325.63	0	58.47
2001	1	4	15.464	2195.6443	3.6444	3.6444	 3.77	 0.64	215.19	 1.24	 1.86	 1.00	11.05	 1.04	333.16	313.89	339.05	290.39	327.27	0	58.08
2001	1	4	16.368	2195.6819	3.6820	3.6820	 3.41	 0.65	223.41	 1.88	 0.79	 1.00	11.07	 1.01	333.07	313.40	340.41	284.67	331.33	0	56.93
2001	1	4	21.794	2195.9082	3.9081	3.9081	 4.35	 1.69	226.97	 1.89	13.10	 0.99	11.07	 0.97	331.94	309.76	346.88	282.37	 0.00	0	56.47
2001	1	4	22.700	2195.9458	3.9458	3.9458	 3.70	 0.81	231.02	 1.81	15.45	 0.97	11.05	 1.18	331.91	306.87	345.69	 0.00	327.07	0	54.00
2001	1	4	23.602	2195.9834	3.9834	3.9834	 3.57	 0.29	227.76	 0.72	 2.37	 0.97	11.07	 1.44	331.80	304.42	339.66	275.35	325.01	0	55.07
2001	1	5	0.504	2196.0210	4.0210	4.0210	 4.75	 0.76	226.14	 0.57	 0.41	 1.00	11.07	 1.63	332.12	302.66	336.05	272.72	323.04	0	54.54
2001	1	5	1.406	2196.0586	4.0586	4.0586	 6.32	 3.13	223.44	 0.48	 0.53	 1.00	11.05	 1.63	332.33	302.43	334.16	273.02	321.92	0	54.60
2001	1	5	2.308	2196.0962	4.0962	4.0962	 4.25	 0.39	221.24	 0.48	 2.65	 0.84	11.08	 1.59	332.26	302.46	334.21	274.42	320.33	0	54.88
2001	1	5	4.130	2196.1721	4.1721	4.1721	 6.10	 4.91	208.22	 0.87	 1.41	 1.00	11.12	 1.44	332.17	301.30	330.65	273.25	317.88	0	54.65
2001	1	5	5.033	2196.2097	4.2097	4.2097	 5.41	 2.53	208.05	 0.89	 0.25	 1.00	11.07	 1.48	332.26	300.33	330.65	 0.00	316.71	0	54.00
2001	1	5	5.938	2196.2473	4.2474	4.2474	17.10	166885.99	208.24	 0.49	 1.16	 0.98	11.07	 1.56	332.26	299.15	328.37	270.24	315.15	0	54.05
2001	1	5	6.840	2196.2849	4.2850	4.2850	16.21	78587.52	210.81	 0.57	 0.11	 1.00	11.07	 1.68	331.41	298.22	325.68	269.67	314.09	0	53.93
2001	1	5	7.744	2196.3228	4.3227	4.3227	21.12	10541972.41	209.58	 0.56	 0.12	 1.00	11.10	 1.66	331.49	297.41	324.42	 0.00	313.16	0	54.00
2001	1	5	8.648	2196.3604	4.3603	4.3603	16.84	146081.18	209.68	 0.56	 0.75	 1.00	11.05	 1.65	331.42	297.16	323.93	 0.00	313.93	0	54.00
2001	1	5	12.280	2196.5117	4.5117	4.5117	26.72	4482751618.83	205.58	 0.87	 0.79	 1.00	11.10	 1.61	332.58	302.12	323.68	282.44	314.82	0	56.49
2001	1	5	13.181	2196.5493	4.5492	4.5492	 4.76	 1.14	210.24	 0.79	 0.71	 1.00	11.10	 1.58	332.67	305.53	327.75	287.61	317.56	0	57.52
2001	1	5	14.083	2196.5869	4.5868	4.5868	 3.77	 0.44	209.44	 0.83	 4.91	 0.93	11.07	 1.36	332.80	308.81	333.11	289.41	321.54	0	57.88
2001	1	5	14.985	2196.6243	4.6244	4.6244	 3.85	 0.37	212.59	 0.65	 1.80	 0.98	11.08	 1.20	332.47	312.17	334.79	291.45	325.95	0	58.29
2001	1	5	15.889	2196.6621	4.6620	4.6620	16.37	120728.85	211.68	 0.75	 0.75	 1.00	11.08	 1.08	332.20	310.09	339.90	277.78	325.63	0	55.56
2001	1	5	16.793	2196.6997	4.6997	4.6997	 4.59	 1.24	218.68	 1.05	 1.11	 1.00	11.07	 1.06	332.18	312.08	338.66	 0.00	327.46	0	54.00
2001	1	5	18.598	2196.7749	4.7749	4.7749	 7.34	20.60	211.41	 1.07	 0.89	 1.00	11.12	 1.08	332.25	309.87	342.68	278.35	325.93	0	55.67
2001	1	5	20.420	2196.8508	4.8508	4.8508	 5.48	 2.59	212.29	 0.87	 0.92	 1.00	11.10	 1.18	332.27	307.35	339.25	279.54	323.65	0	55.91
2001	1	5	21.321	2196.8884	4.8884	4.8884	 4.88	 1.82	219.24	 1.16	 6.08	 0.98	11.08	 1.46	332.06	306.27	335.49	281.21	323.73	0	56.24
2001	1	5	22.222	2196.9260	4.9259	4.9259	30.32	331498959499.81	215.51	 1.83	14.50	 0.98	11.10	 1.36	331.84	303.98	339.27	277.45	322.77	0	55.49
2001	1	5	23.124	2196.9636	4.9635	4.9635	 4.47	 1.10	217.99	 1.05	 6.33	 0.96	11.13	 1.57	331.92	301.71	334.29	274.81	321.00	0	54.96
2001	1	6	0.029	2197.0012	5.0012	5.0012	 3.76	 0.38	211.03	 0.72	 0.73	 1.00	11.13	 1.48	331.85	299.40	332.14	272.16	 0.00	0	54.43
2001	1	6	0.934	2197.0388	5.0389	5.0389	 4.37	 0.55	213.90	 0.57	 0.22	 1.00	11.08	 1.60	331.93	298.74	329.02	270.67	318.00	0	54.13
2001	1	6	1.838	2197.0767	5.0766	5.0766	 4.67	 0.65	213.84	 0.50	 1.30	 0.97	11.13	 1.58	331.91	298.99	327.42	270.49	316.73	0	54.10
2001	1	6	2.742	2197.1143	5.1143	5.1143	 4.84	 0.79	212.22	 0.51	 0.30	 1.00	11.07	 1.62	331.99	298.76	327.38	270.02	316.41	0	54.00
2001	1	6	3.644	2197.1519	5.1518	5.1518	 4.56	 0.77	211.97	 0.66	 1.05	 0.99	11.07	 1.62	332.09	298.43	326.49	269.76	315.38	0	53.95
2001	1	6	4.562	2197.1902	5.1901	5.1901	 5.56	 2.23	212.07	 0.69	 0.78	 1.00	11.10	 1.67	332.08	298.05	326.01	269.72	315.45	0	53.94
2001	1	6	5.467	2197.2278	5.2278	5.2278	 6.03	 3.26	211.86	 0.63	 1.28	 0.99	11.08	 1.69	331.69	297.49	325.42	269.10	314.86	0	53.82
2001	1	6	6.371	2197.2654	5.2655	5.2655	 7.06	 9.80	209.86	 0.67	 1.32	 0.99	11.08	 1.66	331.88	297.18	325.30	269.07	314.91	0	53.81
2001	1	6	13.606	2197.5669	5.5669	5.5669	 2.66	 0.11	235.03	 0.73	28.35	 0.05	11.15	 1.65	332.78	309.30	334.80	291.13	324.44	0	58.23
2001	1	6	14.511	2197.6047	5.6046	5.6046	 2.59	 0.13	238.54	 0.94	30.68	 0.20	11.05	 1.44	332.67	312.46	337.98	290.71	327.07	0	58.14
2001	1	6	15.412	2197.6421	5.6422	5.6422	 2.29	 0.10	239.12	 1.02	38.80	 0.14	11.07	 1.14	332.89	314.56	340.17	290.89	328.79	0	58.18
2001	1	6	17.213	2197.7173	5.7172	5.7172	 2.51	 0.21	249.71	 1.82	43.96	 0.73	11.08	 1.12	333.15	315.87	338.77	289.39	332.78	0	57.88
2001	1	6	19.016	2197.7922	5.7923	5.7923	 3.40	 0.82	244.78	 2.64	23.34	 0.99	11.07	 1.05	332.66	315.30	340.61	287.14	332.64	0	57.43
2001	1	6	23.549	2197.9812	5.9812	5.9812	35.69	 1.00	208.23	 0.00	 6.11	 0.00	11.10	 1.33	331.89	300.31	337.14	273.47	320.20	0	54.69
2001	1	7	0.454	2198.0188	6.0189	6.0189	 4.56	 1.11	209.05	 0.93	 1.24	 1.00	11.10	 1.47	331.95	298.77	329.79	272.66	318.64	0	54.53
2001	1	7	1.354	2198.0564	6.0564	6.0564	 4.38	 0.66	208.92	 0.66	 0.31	 1.00	11.07	 1.48	332.12	299.29	329.60	270.83	317.69	0	54.17
2001	1	7	2.256	2198.0940	6.0940	6.0940	 3.64	 0.23	209.68	 0.50	 0.66	 0.99	11.08	 1.56	331.88	298.20	329.40	269.90	316.92	0	53.98
2001	1	7	3.162	2198.1318	6.1317	6.1317	 3.82	 0.40	210.77	 0.72	 0.88	 1.00	11.13	 1.63	332.26	297.65	328.24	268.58	316.64	0	53.72
2001	1	7	4.063	2198.1692	6.1693	6.1693	 3.10	 0.21	212.31	 0.80	 0.19	 1.00	11.07	 1.69	332.38	296.70	326.58	268.89	315.15	0	53.78
2001	1	7	4.985	2198.2078	6.2077	6.2077	 3.84	 0.34	210.41	 0.59	 0.38	 1.00	11.10	 1.68	332.37	296.41	325.79	267.16	314.45	0	53.43
2001	1	7	9.509	2198.3962	6.3962	6.3962	 1.67	 0.05	203.27	 0.96	 0.41	 1.00	11.12	 1.68	331.78	293.96	321.11	265.23	310.81	0	53.05
2001	1	7	13.145	2198.5476	6.5477	6.5477	 1.51	 0.05	204.04	 1.19	 1.02	 1.00	11.38	 1.55	332.24	304.24	329.45	 0.00	320.07	0	54.00
2001	1	7	14.071	2198.5864	6.5863	6.5863	 1.41	 0.06	215.52	 1.68	 3.39	 0.99	11.37	 1.48	332.37	306.75	332.98	 0.00	 0.00	0	54.00
2001	1	7	14.999	2198.6250	6.6250	6.6250	 1.67	 0.14	211.61	 2.76	 5.72	 1.00	11.38	 1.35	332.02	308.97	336.32	286.94	325.75	0	57.39
2001	1	7	15.927	2198.6636	6.6636	6.6636	 2.04	 0.14	208.65	 1.78	 5.73	 0.99	11.38	 1.07	331.96	310.51	340.19	286.90	326.34	0	57.38
2001	1	7	16.854	2198.7021	6.7022	6.7022	 2.84	 0.32	219.45	 1.70	 4.76	 1.00	11.42	 1.13	332.61	311.58	341.88	286.18	328.58	0	57.24
2001	1	7	22.434	2198.9348	6.9348	6.9348	 3.91	 2.11	206.85	 3.41	 7.57	 1.00	11.40	 1.27	332.08	302.29	341.50	272.48	322.52	0	54.50
2001	1	7	23.362	2198.9734	6.9734	6.9734	 6.98	20.23	211.29	 1.51	 1.80	 1.00	11.37	 1.60	332.08	299.13	330.94	270.80	319.38	0	54.16
2001	1	8	0.289	2199.0120	7.0121	7.0121	 6.46	 6.26	213.72	 0.79	 0.39	 1.00	11.33	 1.62	332.25	297.97	329.94	270.32	318.12	0	54.06
2001	1	8	1.217	2199.0508	7.0507	7.0507	 3.83	 0.54	212.18	 0.96	 1.48	 1.00	11.48	 1.60	332.36	298.45	328.92	270.39	317.39	0	54.08
2001	1	8	2.147	2199.0894	7.0894	7.0894	 3.43	 0.24	209.23	 0.64	 1.28	 0.99	11.38	 1.57	332.26	298.71	328.74	270.24	316.16	0	54.05
2001	1	8	3.075	2199.1282	7.1281	7.1281	 2.38	 0.11	204.45	 0.91	 2.22	 0.99	11.38	 1.64	332.25	298.13	327.92	268.39	316.05	0	53.68
2001	1	8	4.001	2199.1667	7.1667	7.1667	 1.23	 0.04	205.87	 1.39	 2.56	 0.99	11.35	 1.67	331.99	296.91	327.47	 0.00	314.98	0	54.00
2001	1	8	4.927	2199.2053	7.2053	7.2053	 1.19	 0.03	194.00	 1.26	 3.91	 0.95	11.38	 1.61	331.93	295.62	326.75	264.49	313.62	0	52.90
2001	1	8	13.309	2199.5544	7.5545	7.5545	 0.81	 0.02	191.91	 1.87	 2.41	 0.98	11.37	 1.61	332.66	304.49	326.36	287.74	318.72	0	57.55
2001	1	8	14.251	2199.5937	7.5938	7.5938	 1.49	 0.05	212.04	 1.32	 1.92	 1.00	11.43	 1.49	332.39	308.92	331.25	295.56	323.16	0	59.11
2001	1	8	15.178	2199.6323	7.6324	7.6324	 2.52	 0.22	213.07	 1.56	 0.58	 1.00	11.38	 1.25	332.83	312.37	336.70	293.78	327.08	0	58.76
2001	1	8	16.105	2199.6711	7.6711	7.6711	 2.24	 0.21	209.12	 2.09	 8.04	 0.99	11.38	 0.91	332.82	313.74	342.09	288.30	329.16	0	57.66
2001	1	8	17.033	2199.7097	7.7097	7.7097	 2.80	 0.26	224.99	 1.44	 2.39	 1.00	11.38	 1.02	332.60	314.29	339.72	287.94	330.81	0	57.59
2001	1	9	0.463	2200.0193	8.0193	8.0193	 4.39	 0.83	214.20	 0.84	 0.14	 1.00	11.38	 1.37	331.76	302.36	336.50	272.00	322.97	0	54.40
2001	1	9	1.390	2200.0579	8.0579	8.0579	 4.79	 1.03	212.61	 0.70	 0.89	 1.00	11.37	 1.39	331.47	301.81	335.43	 0.00	321.40	0	54.00
2001	1	9	2.317	2200.0964	8.0965	8.0965	19.95	2750192.35	212.40	 0.48	 0.73	 0.99	11.37	 1.46	331.80	301.53	331.61	 0.00	 0.00	0	54.00
2001	1	9	3.248	2200.1353	8.1353	8.1353	 4.33	 0.66	209.31	 0.69	 0.32	 1.00	11.38	 1.42	331.89	301.74	331.25	271.37	319.52	0	54.27
2001	1	9	4.175	2200.1741	8.1740	8.1740	 4.41	 0.62	211.01	 0.61	 0.73	 1.00	11.38	 1.53	331.94	301.55	328.49	271.37	319.01	0	54.27
2001	1	9	5.104	2200.2126	8.2127	8.2127	 4.97	 1.15	209.78	 0.64	 0.93	 1.00	11.37	 1.53	332.14	300.83	329.26	 0.00	318.22	0	54.00
2001	1	9	6.036	2200.2515	8.2515	8.2515	 4.70	 0.88	209.49	 0.64	 0.70	 1.00	11.40	 1.59	332.09	300.31	327.81	270.58	317.09	0	54.12
2001	1	9	6.981	2200.2908	8.2909	8.2909	 6.75	 6.13	208.80	 0.57	 0.86	 0.99	11.48	 1.59	332.45	299.86	327.56	270.24	316.67	0	54.05
2001	1	9	7.912	2200.3296	8.3297	8.3297	 5.39	 1.98	208.96	 0.72	 0.45	 1.00	11.38	 1.61	332.36	299.58	326.50	 0.00	316.80	0	54.00
2001	1	9	8.842	2200.3684	8.3684	8.3684	 4.66	 0.86	208.21	 0.65	 0.78	 1.00	11.42	 1.64	332.35	299.86	325.80	269.78	315.95	0	53.96
2001	1	9	9.774	2200.4072	8.4073	8.4073	 4.89	 1.10	208.00	 0.66	 0.83	 1.00	11.38	 1.60	332.37	299.65	327.40	 0.00	316.21	0	54.00
2001	1	9	10.703	2200.4460	8.4460	8.4460	 4.42	 0.59	210.16	 0.57	 0.77	 0.99	11.38	 1.66	332.68	299.56	326.17	269.78	315.81	0	53.96
2001	1	9	11.636	2200.4849	8.4848	8.4848	 4.55	 0.89	208.47	 0.75	 0.64	 1.00	11.38	 1.64	332.86	301.65	326.21	282.80	316.80	0	56.56
2001	1	9	12.563	2200.5234	8.5234	8.5234	 4.43	 0.72	207.75	 0.68	 0.05	 1.00	11.47	 1.56	333.00	304.64	327.88	289.53	321.61	0	57.91
2001	1	9	13.494	2200.5623	8.5622	8.5622	 3.66	 0.26	210.10	 0.54	 2.71	 0.89	11.38	 1.41	333.23	308.07	332.12	293.31	 0.00	0	58.66
2001	1	9	21.850	2200.9104	8.9104	8.9104	 3.40	 1.07	211.30	 2.98	42.59	 0.97	11.38	 1.11	332.20	305.45	346.72	275.02	325.87	0	55.00
2001	1	9	22.777	2200.9490	8.9490	8.9490	 4.69	 2.76	207.43	 2.02	 5.86	 1.00	11.38	 1.31	332.28	301.32	340.31	272.04	322.18	0	54.41
2001	1	9	23.720	2200.9883	8.9883	8.9883	 3.58	 0.55	209.24	 1.26	 0.30	 1.00	11.42	 1.42	332.56	299.79	333.73	270.77	320.27	0	54.15
2001	1	10	0.647	2201.0269	9.0269	9.0269	 3.46	 0.40	207.63	 1.02	 0.58	 1.00	11.38	 1.43	332.45	299.68	332.34	270.26	319.23	0	54.05
2001	1	10	1.573	2201.0657	9.0656	9.0656	 3.49	 0.45	211.30	 1.14	 1.56	 1.00	11.40	 1.61	332.44	299.42	328.72	269.46	318.30	0	53.89
2001	1	10	2.500	2201.1042	9.1042	9.1042	 3.00	 0.15	207.93	 0.64	 0.38	 1.00	11.38	 1.57	332.54	299.36	328.66	269.02	317.58	0	53.80
2001	1	10	3.425	2201.1428	9.1427	9.1427	 2.68	 0.14	207.05	 0.84	 0.63	 1.00	11.38	 1.61	332.41	299.09	329.19	267.90	317.06	0	53.58
2001	1	10	4.352	2201.1814	9.1813	9.1813	 1.68	 0.05	204.15	 1.03	 0.26	 1.00	11.40	 1.61	332.37	297.56	328.48	265.43	315.90	0	53.09
2001	1	10	15.494	2201.6455	9.6456	9.6456	 2.16	 0.06	241.83	 0.69	31.35	 0.01	11.38	 1.61	332.96	311.98	335.60	292.34	325.06	0	58.47
2001	1	10	16.437	2201.6848	9.6849	9.6849	 3.28	 0.44	207.15	 1.36	 6.38	 0.99	11.42	 0.95	332.84	313.34	342.84	287.38	327.16	0	57.48
2001	1	10	22.021	2201.9175	9.9175	9.9175	85.03	 1.00	199.87	 0.00	14.71	 0.00	11.75	 1.00	332.23	305.11	345.62	273.48	325.59	0	54.70
2001	1	10	22.979	2201.9575	9.9575	9.9575	 4.52	 2.11	204.60	 1.80	 0.98	 1.00	11.75	 1.15	332.31	302.33	340.74	 0.00	322.98	0	54.00
2001	1	10	23.937	2201.9973	9.9974	9.9974	 3.34	 0.37	206.19	 1.07	 3.11	 0.99	11.75	 1.30	332.20	300.83	336.12	270.57	320.79	0	54.11
2001	1	11	0.910	2202.0378	10.0379	10.0379	 8.14	41.40	211.21	 0.97	 0.56	 1.00	11.77	 1.56	332.22	299.77	329.28	269.83	 0.00	0	53.97
2001	1	11	1.866	2202.0776	10.0778	10.0778	 4.14	 0.44	209.44	 0.56	 1.69	 0.97	11.75	 1.49	332.28	299.74	330.26	269.49	317.85	0	53.90
2001	1	11	2.827	2202.1177	10.1178	10.1178	 4.46	 0.49	209.87	 0.46	 0.56	 0.99	11.77	 1.50	332.27	299.86	328.02	269.54	317.43	0	53.91
2001	1	11	3.785	2202.1577	10.1577	10.1577	 4.40	 0.77	211.71	 0.77	 0.47	 1.00	11.73	 1.57	332.12	299.15	328.30	 0.00	 0.00	0	54.00
2001	1	11	4.741	2202.1975	10.1976	10.1976	 5.55	 1.69	211.53	 0.52	 0.77	 0.99	11.75	 1.62	332.05	298.58	327.66	268.56	315.42	0	53.71
2001	1	11	5.697	2202.2373	10.2374	10.2374	 5.42	 1.81	211.18	 0.64	 0.30	 1.00	11.77	 1.59	332.26	298.02	327.80	268.06	315.18	0	53.61
2001	1	11	6.653	2202.2771	10.2772	10.2772	28.58	20842913504.15	207.74	 0.63	 1.03	 0.99	11.75	 1.59	331.88	297.49	326.95	268.61	314.56	0	53.72
2001	1	11	7.609	2202.3171	10.3170	10.3170	 8.27	31.24	206.62	 0.62	 0.44	 1.00	11.75	 1.62	331.46	296.85	326.13	267.55	314.35	0	53.51
2001	1	11	8.565	2202.3569	10.3569	10.3569	34.68	 0.99	207.25	 0.00	 2.45	 0.00	11.75	 1.68	331.20	296.17	325.03	267.68	312.88	0	53.54
2001	1	11	9.540	2202.3975	10.3975	10.3975	17.02	297485.01	206.52	 0.94	 4.37	 0.98	11.78	 1.67	331.98	295.49	323.35	267.77	311.30	0	53.55
2001	1	12	12.363	2203.5151	11.5151	11.5151	48.74	 1.00	200.54	 0.00	 1.64	 0.00	11.75	 1.51	333.36	302.87	326.53	278.37	315.69	0	55.67
2001	1	12	13.318	2203.5549	11.5549	11.5549	 6.13	 5.22	202.52	 0.87	 3.52	 0.98	11.75	 1.42	333.51	305.86	329.06	 0.00	321.20	0	54.00
2001	1	12	14.273	2203.5947	11.5947	11.5947	 3.81	 0.37	214.89	 0.69	 1.78	 0.98	11.77	 1.49	333.39	307.22	331.13	282.24	320.64	0	56.45
2001	1	12	15.230	2203.6345	11.6346	11.6346	 4.20	 0.55	209.90	 0.67	 0.67	 1.00	11.77	 1.31	333.33	307.06	333.96	277.93	323.49	0	55.59
2001	1	12	16.186	2203.6743	11.6744	11.6744	 3.85	 0.55	208.81	 0.94	 0.91	 1.00	11.75	 1.22	333.33	305.77	336.74	 0.00	322.80	0	54.00
2001	1	12	17.142	2203.7144	11.7143	11.7143	 4.11	 0.57	213.68	 0.77	 0.69	 1.00	11.75	 1.42	333.27	304.68	333.72	277.41	322.16	0	55.48
2001	1	12	19.056	2203.7939	11.7940	11.7940	 4.62	 2.11	213.55	 1.69	 5.58	 1.00	11.73	 1.37	333.00	304.11	334.80	273.31	322.04	0	54.66
2001	1	12	20.031	2203.8347	11.8346	11.8346	 3.67	 0.72	222.90	 1.60	 9.77	 0.98	11.70	 1.51	333.04	302.17	336.07	274.07	321.40	0	54.81
2001	1	12	20.990	2203.8745	11.8746	11.8746	22.57	163333901.41	225.47	 2.20	10.36	 1.00	11.75	 1.63	332.76	299.99	335.57	 0.00	319.84	0	54.00
2001	1	13	4.658	2204.1941	12.1941	12.1941	 5.86	 2.93	207.65	 0.66	 0.77	 1.00	11.82	 1.56	333.10	298.34	324.03	269.46	315.25	0	53.89
2001	1	13	5.614	2204.2339	12.2339	12.2339	 4.82	 0.92	210.73	 0.60	 0.57	 1.00	11.73	 1.67	333.05	298.85	323.05	269.60	314.45	0	53.92
2001	1	13	6.571	2204.2737	12.2738	12.2738	 5.95	 2.72	208.41	 0.56	 0.94	 0.99	11.73	 1.61	333.03	298.96	323.76	269.60	314.49	0	53.92
2001	1	13	7.529	2204.3137	12.3137	12.3137	 4.26	 0.64	209.44	 0.72	 0.79	 1.00	11.73	 1.64	333.04	299.23	324.59	269.49	314.61	0	53.90
2001	1	13	8.488	2204.3538	12.3536	12.3536	 7.05	 8.81	212.29	 0.61	 0.64	 1.00	11.78	 1.67	333.04	299.26	324.97	269.32	314.81	0	53.86
2001	1	13	9.447	2204.3936	12.3936	12.3936	 4.39	 0.67	204.22	 0.65	 0.58	 1.00	11.72	 1.54	333.03	299.14	324.64	268.87	314.84	0	53.77
2001	1	13	10.407	2204.4336	12.4336	12.4336	 4.38	 0.61	210.68	 0.62	 0.74	 1.00	11.75	 1.67	333.02	298.88	324.43	269.18	314.68	0	53.84
2001	1	13	11.365	2204.4736	12.4735	12.4735	 5.77	 3.24	202.14	 0.78	 0.01	 1.00	11.73	 1.62	333.14	299.70	324.94	 0.00	315.00	0	54.00
2001	1	13	12.326	2204.5137	12.5136	12.5136	 4.91	 1.15	205.58	 0.66	 0.26	 1.00	11.75	 1.65	333.29	302.81	325.89	284.50	317.12	0	56.90
2001	1	13	13.307	2204.5544	12.5544	12.5544	 4.05	 0.48	205.19	 0.67	 0.67	 1.00	11.82	 1.43	333.52	306.45	331.13	283.64	320.98	0	56.73
2001	1	13	14.271	2204.5947	12.5946	12.5946	 4.26	 0.67	200.49	 0.73	 1.84	 0.99	11.75	 1.14	333.56	310.20	336.07	288.81	322.97	0	57.76
2001	1	13	15.236	2204.6348	12.6348	12.6348	 3.30	 0.30	203.74	 0.90	 4.64	 0.95	11.90	 1.00	333.54	312.69	338.50	288.64	327.77	0	57.73
2001	1	13	16.206	2204.6753	12.6752	12.6752	 4.58	 1.56	211.94	 1.30	 3.84	 1.00	11.82	 1.03	333.55	312.31	341.80	285.72	327.53	0	57.14
2001	1	13	17.173	2204.7156	12.7156	12.7156	 3.54	 0.87	208.84	 2.07	 5.65	 1.00	11.82	 0.96	333.21	310.51	342.24	281.81	328.65	0	56.36
2001	1	13	18.142	2204.7559	12.7559	12.7559	28.84	74724373699.19	212.35	 1.79	 2.79	 1.00	11.82	 1.07	332.96	307.73	344.18	 0.00	326.56	0	54.00
2001	1	13	22.050	2204.9187	12.9187	12.9187	 3.47	 0.80	219.35	 2.14	 3.28	 1.00	11.78	 1.43	332.73	300.40	340.34	273.24	320.56	0	54.65
2001	1	13	23.024	2204.9592	12.9593	12.9593	 4.86	 0.98	219.64	 0.64	 1.72	 0.98	11.95	 1.65	332.89	299.10	332.41	270.93	318.55	0	54.19
2001	1	14	7.016	2205.2922	13.2923	13.2923	28.28	14686659624.98	211.73	 0.61	 1.77	 0.98	12.38	 1.69	332.83	297.43	324.51	269.65	313.85	0	53.93
2001	1	14	8.040	2205.3350	13.3350	13.3350	 5.05	 1.28	208.73	 0.65	 0.63	 1.00	12.68	 1.64	332.84	297.91	324.06	269.69	314.05	0	53.94
2001	1	14	9.071	2205.3779	13.3779	13.3779	 8.86	65.84	206.73	 0.73	 0.71	 1.00	12.47	 1.65	332.74	297.42	324.93	268.15	313.82	0	53.63
2001	1	14	10.103	2205.4209	13.4210	13.4210	 5.75	 2.03	208.69	 0.51	 0.27	 1.00	12.63	 1.67	332.69	297.15	324.25	268.62	313.29	0	53.72
2001	1	14	12.228	2205.5095	13.5095	13.5095	23.31	120124805.83	206.35	 0.70	 1.81	 0.99	13.05	 1.63	332.92	300.00	326.13	273.48	314.87	0	54.70
2001	1	14	13.304	2205.5544	13.5543	13.5543	 4.43	 1.56	201.70	 1.44	 1.15	 1.00	13.13	 1.53	333.29	303.26	327.68	279.26	316.61	0	55.85
2001	1	14	14.407	2205.6003	13.6003	13.6003	 3.51	 0.60	195.53	 1.38	14.21	 0.92	13.03	 1.24	333.29	306.55	332.36	284.19	321.09	0	56.84
2001	1	14	15.506	2205.6460	13.6461	13.6461	 4.29	 0.94	211.15	 1.05	 0.88	 1.00	13.23	 1.29	333.41	308.11	332.56	 0.00	321.75	0	54.00
2001	1	14	16.626	2205.6929	13.6928	13.6928	 3.66	 0.31	226.05	 0.70	 2.81	 0.96	13.48	 1.59	333.37	306.65	333.81	276.87	321.67	0	55.37
2001	1	14	17.766	2205.7402	13.7403	13.7403	 5.09	 2.11	226.54	 1.12	 0.38	 1.00	13.98	 1.62	333.12	305.29	335.61	276.31	322.13	0	55.26
2001	1	14	21.294	2205.8872	13.8872	13.8872	 6.29	 5.02	223.83	 0.79	 0.69	 1.00	14.60	 1.64	332.92	302.82	334.63	271.87	321.50	0	54.37
2001	1	15	16.322	2206.6802	14.6801	14.6801	 3.65	 0.32	226.67	 0.73	 2.55	 0.97	10.82	 1.65	333.34	306.12	333.77	 0.00	 0.00	0	54.00
2001	1	15	17.207	2206.7170	14.7170	14.7170	 3.79	 0.44	227.39	 0.87	 7.52	 0.87	10.83	 1.60	333.33	306.80	335.20	278.76	322.79	0	55.75
2001	1	15	18.088	2206.7537	14.7537	14.7537	 3.38	 0.28	230.00	 0.88	 8.20	 0.85	10.83	 1.64	333.33	306.50	335.77	279.05	322.87	0	55.81
2001	1	15	18.987	2206.7910	14.7911	14.7911	 3.60	 0.48	230.27	 1.17	 6.63	 0.97	10.80	 1.66	333.31	307.74	337.60	279.62	324.45	0	55.92
2001	1	15	20.751	2206.8647	14.8646	14.8646	 4.41	 0.71	222.18	 0.73	 4.22	 0.92	10.85	 1.61	333.00	302.66	336.88	272.28	321.75	0	54.46
2001	1	15	21.632	2206.9014	14.9013	14.9013	 5.32	 3.93	221.72	 1.61	 1.58	 1.00	10.85	 1.66	333.08	301.41	335.64	271.27	320.31	0	54.25
2001	1	15	22.513	2206.9380	14.9381	14.9381	 3.54	 0.62	219.01	 1.54	 0.90	 1.00	10.85	 1.61	333.02	300.49	335.05	270.18	319.21	0	54.04
2001	1	16	13.533	2207.5640	15.5639	15.5639	 4.51	 1.13	201.69	 0.96	 1.75	 1.00	10.85	 1.58	333.60	305.15	327.44	289.30	 0.00	0	57.86
2001	1	16	14.415	2207.6006	15.6006	15.6006	16.87	280208.27	201.18	 1.00	 1.33	 1.00	10.82	 1.43	333.83	308.76	331.65	290.60	324.89	0	58.12
2001	1	16	15.298	2207.6375	15.6374	15.6374	 4.20	 1.04	199.58	 1.20	 2.16	 1.00	10.85	 1.20	333.64	309.49	337.42	287.19	323.63	0	57.44
2001	1	16	16.181	2207.6743	15.6742	15.6742	 3.40	 0.30	210.24	 0.84	 0.81	 1.00	10.83	 1.21	333.25	311.96	337.99	288.81	325.84	0	57.76
2001	1	16	17.064	2207.7109	15.7110	15.7110	 3.30	 0.25	204.17	 0.75	 8.07	 0.75	10.85	 0.91	333.21	313.71	343.29	286.48	328.92	0	57.30
2001	1	16	17.950	2207.7478	15.7479	15.7479	 4.03	 0.78	217.90	 1.16	 1.32	 1.00	10.83	 0.99	333.27	314.47	341.07	281.35	330.71	0	56.27
2001	1	16	19.733	2207.8223	15.8222	15.8222	 5.31	 2.67	211.13	 1.06	 3.57	 0.99	10.83	 0.93	333.05	311.01	343.33	276.91	329.18	0	55.38
2001	1	16	22.383	2207.9326	15.9326	15.9326	 3.77	 0.91	205.29	 1.69	 2.52	 1.00	10.83	 1.25	332.73	303.31	337.84	270.33	322.71	0	54.07
2001	1	16	23.266	2207.9695	15.9694	15.9694	 3.75	 0.61	204.79	 1.14	 2.11	 1.00	10.87	 1.32	332.74	301.35	336.69	269.21	320.92	0	53.84
2001	1	17	0.147	2208.0061	16.0061	16.0061	 5.14	 2.16	207.14	 1.00	 0.23	 1.00	10.85	 1.46	332.65	300.10	333.69	269.34	319.20	0	53.87
2001	1	17	1.030	2208.0430	16.0429	16.0429	 4.07	 0.53	207.11	 0.73	 0.50	 1.00	10.83	 1.53	332.39	299.26	331.89	268.58	317.73	0	53.72
2001	1	17	1.913	2208.0796	16.0797	16.0797	 5.67	 2.90	206.21	 0.78	 0.70	 1.00	10.85	 1.53	332.44	298.48	330.38	268.28	316.73	0	53.66
2001	1	17	2.812	2208.1172	16.1172	16.1172	 4.89	 1.08	205.49	 0.64	 0.79	 1.00	10.87	 1.60	332.50	297.19	328.34	266.76	315.67	0	53.35
2001	1	17	15.209	2208.6338	16.6337	16.6337	 2.74	 0.11	228.78	 0.67	11.91	 0.37	10.82	 1.63	333.46	310.66	335.88	294.23	324.92	0	58.85
2001	1	17	16.091	2208.6704	16.6705	16.6705	 3.14	 0.22	231.83	 0.89	 7.11	 0.88	10.83	 1.49	333.09	313.04	337.60	293.10	327.04	0	58.62
2001	1	17	16.972	2208.7073	16.7072	16.7072	 3.20	 0.31	234.58	 1.19	18.59	 0.77	10.83	 1.40	333.21	312.56	338.55	282.21	329.06	0	56.44
2001	1	17	17.857	2208.7441	16.7440	16.7440	 2.94	 0.22	235.50	 1.13	11.92	 0.87	10.83	 1.32	333.30	312.13	339.54	283.29	328.39	0	56.66
2001	1	17	22.292	2208.9287	16.9288	16.9288	 2.95	 0.58	207.66	 2.54	 6.36	 1.00	10.83	 1.12	332.52	304.83	345.69	273.14	324.88	0	54.63
2001	1	17	23.176	2208.9656	16.9656	16.9656	 7.41	26.63	204.79	 1.25	 1.06	 1.00	10.85	 1.26	332.72	302.32	337.91	270.26	322.45	0	54.05
2001	1	18	0.061	2209.0024	17.0025	17.0025	18.40	1425913.66	203.25	 1.12	 2.88	 1.00	10.85	 1.39	332.62	300.38	334.25	269.23	 0.00	0	53.85
2001	1	18	0.945	2209.0393	17.0394	17.0394	 3.91	 0.44	209.68	 0.72	 1.19	 0.99	10.83	 1.58	332.63	298.77	332.53	 0.00	 0.00	0	54.00
2001	1	18	1.829	2209.0762	17.0762	17.0762	 4.16	 0.59	208.02	 0.73	 0.42	 1.00	10.83	 1.57	332.44	298.18	330.36	267.67	316.96	0	53.53
2001	1	18	12.502	2209.5210	17.5209	17.5209	 2.48	 0.15	196.70	 1.04	 1.51	 1.00	11.08	 1.56	332.71	301.28	326.73	277.66	315.20	0	55.53
2001	1	18	13.403	2209.5583	17.5585	17.5585	 2.78	 0.15	204.13	 0.80	 2.29	 0.98	11.10	 1.62	332.96	304.44	328.87	279.02	317.78	0	55.80
2001	1	18	14.306	2209.5962	17.5961	17.5961	 3.20	 0.27	205.02	 0.89	 3.04	 0.98	11.10	 1.53	333.11	306.97	331.11	283.40	320.00	0	56.68
2001	1	18	15.208	2209.6335	17.6336	17.6336	 3.10	 0.27	206.88	 1.01	 5.34	 0.96	11.08	 1.34	333.10	309.80	332.56	288.04	322.61	0	57.61
2001	1	18	17.011	2209.7087	17.7088	17.7088	 3.89	 0.72	214.46	 1.23	 3.94	 0.99	11.07	 1.15	333.53	313.57	338.36	286.54	328.35	0	57.31
2001	1	18	17.912	2209.7463	17.7463	17.7463	 3.47	 0.84	213.59	 2.19	 3.23	 1.00	11.08	 0.95	332.94	313.64	343.03	285.76	329.73	0	57.15
2001	1	18	23.352	2209.9729	17.9730	17.9730	 3.88	 1.06	204.85	 1.73	 8.05	 0.99	11.17	 1.04	332.38	305.15	348.35	270.83	324.45	0	54.17
2001	1	19	0.258	2210.0107	18.0107	18.0107	 4.36	 1.19	206.32	 1.20	 0.41	 1.00	11.08	 1.37	332.40	300.71	337.50	269.31	321.41	0	53.86
2001	1	19	1.159	2210.0483	18.0483	18.0483	 3.74	 0.23	209.85	 0.45	 0.34	 1.00	11.13	 1.53	332.35	298.91	333.24	268.20	 0.00	0	53.64
2001	1	19	2.063	2210.0859	18.0860	18.0860	 4.21	 0.63	207.61	 0.75	 0.72	 1.00	11.07	 1.54	332.14	298.17	331.24	267.12	317.55	0	53.42
2001	1	19	2.984	2210.1243	18.1243	18.1243	 4.43	 0.65	207.00	 0.62	 0.47	 1.00	11.17	 1.55	332.32	297.55	330.51	268.65	315.81	0	53.73
2001	1	19	3.891	2210.1621	18.1621	18.1621	 3.87	 0.40	210.69	 0.69	 0.05	 1.00	11.08	 1.68	332.48	297.08	327.47	268.52	314.06	0	53.70
2001	1	19	4.794	2210.1997	18.1998	18.1998	 4.03	 0.50	206.56	 0.71	 1.21	 0.99	11.07	 1.62	332.46	296.57	325.67	268.74	313.02	0	53.75
2001	1	19	5.698	2210.2373	18.2374	18.2374	 3.99	 0.45	206.58	 0.66	 0.52	 1.00	11.12	 1.60	332.31	295.80	326.70	268.97	311.63	0	53.79
2001	1	19	12.937	2210.5391	18.5390	18.5390	 3.19	 0.43	202.82	 1.43	 4.09	 1.00	11.07	 1.65	333.23	301.11	324.05	278.47	312.76	0	55.69
2001	1	19	13.838	2210.5767	18.5766	18.5766	 3.46	 1.13	202.46	 2.83	 6.61	 1.00	11.12	 1.64	333.07	303.56	328.47	279.61	315.57	0	55.92
2001	1	19	14.741	2210.6143	18.6142	18.6142	 2.42	 0.23	207.79	 1.79	 2.40	 1.00	11.08	 1.58	333.50	305.91	330.22	281.44	317.89	0	56.29
2001	1	19	16.546	2210.6895	18.6894	18.6894	 4.00	 0.69	207.43	 1.02	 4.28	 0.98	11.07	 1.23	333.65	311.27	335.36	285.80	323.73	0	57.16
2001	1	19	17.446	2210.7271	18.7269	18.7269	 3.32	 0.40	213.72	 1.24	 1.64	 1.00	11.03	 1.14	333.09	312.38	337.93	286.61	325.69	0	57.32
2001	1	19	18.347	2210.7644	18.7644	18.7644	 3.50	 0.40	216.27	 1.03	 4.90	 0.97	11.07	 1.00	333.05	313.49	343.83	289.32	330.65	0	57.86
2001	1	19	22.872	2210.9531	18.9530	18.9530	 3.14	 0.76	209.25	 2.75	39.71	 0.96	11.07	 1.09	332.52	305.17	344.15	274.87	325.12	0	54.97
2001	1	20	0.678	2211.0283	19.0283	19.0283	 4.40	 0.82	212.78	 0.82	 0.81	 1.00	11.07	 1.46	332.65	300.05	335.12	270.45	320.09	0	54.09
2001	1	20	1.579	2211.0659	19.0658	19.0658	 5.24	 1.43	211.81	 0.61	 0.52	 1.00	11.07	 1.50	332.68	300.08	332.52	270.37	319.62	0	54.07
2001	1	20	2.481	2211.1033	19.1034	19.1034	39.17	 1.00	207.11	 0.00	 1.14	 0.00	11.05	 1.46	332.45	299.87	333.38	270.85	 0.00	0	54.17
2001	1	20	3.402	2211.1418	19.1418	19.1418	16.17	140469.61	205.53	 1.04	 0.47	 1.00	11.08	 1.52	332.56	299.17	329.00	270.85	315.51	0	54.17
2001	1	20	4.304	2211.1794	19.1793	19.1793	 5.01	 1.66	209.78	 0.88	 0.77	 1.00	11.05	 1.64	332.76	298.42	327.17	270.61	313.81	0	54.12
2001	1	20	7.009	2211.2920	19.2920	19.2920	 4.89	 1.27	207.29	 0.76	 0.66	 1.00	11.05	 1.62	332.52	296.52	322.79	269.85	311.35	0	53.97
2001	1	20	7.911	2211.3296	19.3296	19.3296	 4.64	 0.80	205.35	 0.60	 0.71	 1.00	11.07	 1.63	332.65	295.96	323.28	269.34	310.60	0	53.87
2001	1	20	9.712	2211.4048	19.4047	19.4047	29.43	93828422383.69	203.18	 1.19	 0.74	 1.00	11.08	 1.69	332.71	295.10	320.49	269.29	309.08	0	53.86
2001	1	20	14.235	2211.5930	19.5931	19.5931	 3.82	 0.38	204.83	 0.67	 2.41	 0.96	11.07	 1.51	333.62	305.76	328.02	287.18	317.46	0	57.44
2001	1	20	15.136	2211.6306	19.6307	19.6307	 3.80	 0.65	209.12	 1.18	 6.19	 0.98	11.08	 1.45	333.61	309.12	330.19	292.18	321.63	0	58.44
2001	1	20	16.039	2211.6682	19.6683	19.6683	 3.03	 0.40	208.60	 1.63	 4.57	 1.00	11.05	 1.20	333.42	312.34	336.28	291.73	324.67	0	58.35
2001	1	20	16.940	2211.7058	19.7058	19.7058	 3.73	 0.46	207.63	 0.90	 1.19	 1.00	11.07	 0.98	333.55	313.69	339.10	290.18	327.48	0	58.04
2001	1	20	21.461	2211.8943	19.8942	19.8942	20.34	16073331.00	212.19	 1.90	10.32	 0.99	11.07	 1.01	332.61	307.89	346.58	278.75	327.79	0	55.75
2001	1	20	22.364	2211.9319	19.9318	19.9318	 7.10	24.59	213.57	 1.63	 6.74	 0.99	11.07	 1.27	332.48	305.35	338.23	276.74	325.16	0	55.35
2001	1	20	23.267	2211.9695	19.9694	19.9694	16.27	194134.16	211.31	 1.34	 0.84	 1.00	11.07	 1.30	332.49	302.24	339.20	272.85	322.99	0	54.57
2001	1	21	0.171	2212.0071	20.0071	20.0071	 5.34	 1.75	209.85	 0.67	 1.24	 0.99	11.08	 1.33	332.55	301.33	336.20	271.06	321.22	0	54.21
2001	1	21	1.073	2212.0447	20.0447	20.0447	 5.11	 1.17	212.90	 0.58	 0.44	 1.00	11.07	 1.46	332.63	301.03	332.80	 0.00	319.91	0	54.00
2001	1	21	1.974	2212.0823	20.0823	20.0823	46.95	 1.00	207.01	 0.00	 0.84	 0.00	11.10	 1.44	332.41	300.48	332.91	270.34	318.69	0	54.07
2001	1	21	2.877	2212.1199	20.1199	20.1199	 5.53	 1.78	211.13	 0.57	 0.77	 0.99	11.05	 1.55	332.50	299.91	329.63	269.94	317.56	0	53.99
2001	1	21	3.796	2212.1582	20.1582	20.1582	 4.40	 0.73	209.44	 0.72	 1.43	 0.99	11.10	 1.55	332.44	299.09	327.98	269.39	316.84	0	53.88
2001	1	21	4.701	2212.1958	20.1959	20.1959	 4.68	 0.73	213.53	 0.55	 0.18	 1.00	11.05	 1.67	332.23	298.21	327.73	269.50	315.50	0	53.90
2001	1	21	5.601	2212.2334	20.2334	20.2334	 4.69	 1.22	210.89	 0.90	 0.54	 1.00	11.10	 1.60	332.64	297.65	327.07	269.31	315.21	0	53.86
2001	1	21	6.502	2212.2710	20.2709	20.2709	 7.65	13.84	210.04	 0.52	 0.55	 1.00	11.05	 1.64	332.57	297.36	325.79	 0.00	314.26	0	54.00
2001	1	21	10.105	2212.4211	20.4210	20.4210	 4.94	 1.14	208.93	 0.65	 1.19	 0.99	11.07	 1.67	332.77	295.92	323.76	269.09	312.70	0	53.82
2001	1	21	11.007	2212.4587	20.4586	20.4586	 3.62	 0.27	208.15	 0.59	 0.85	 0.99	11.05	 1.69	332.66	296.77	322.83	 0.00	313.26	0	54.00
2001	1	21	12.831	2212.5347	20.5346	20.5346	 2.91	 0.12	211.78	 0.57	 1.48	 0.97	11.03	 1.65	333.08	303.39	327.63	288.07	316.57	0	57.61
2001	1	21	13.732	2212.5723	20.5722	20.5722	 3.40	 0.47	207.97	 1.28	 2.11	 1.00	11.07	 1.41	333.23	307.36	329.95	290.97	321.54	0	58.19
2001	1	21	14.633	2212.6096	20.6097	20.6097	 2.94	 0.24	213.95	 1.08	 2.48	 0.99	11.07	 1.32	333.54	310.68	334.52	290.32	325.23	0	58.06
2001	1	21	15.533	2212.6472	20.6472	20.6472	 2.72	 0.24	217.49	 1.43	 1.63	 1.00	11.08	 1.10	333.36	312.80	340.46	290.17	328.72	0	58.03
2001	1	21	23.661	2212.9858	20.9859	20.9859	 4.90	 2.11	211.17	 1.27	 2.59	 1.00	11.07	 1.47	332.33	300.45	334.28	270.82	321.26	0	54.16
2001	1	22	0.564	2213.0234	21.0235	21.0235	 4.96	 1.12	208.62	 0.62	 0.58	 1.00	11.07	 1.42	332.59	299.80	334.09	270.18	319.81	0	54.04
2001	1	22	1.468	2213.0613	21.0612	21.0612	 3.44	 0.15	210.98	 0.40	 0.22	 1.00	11.07	 1.57	332.53	299.72	330.95	269.12	318.42	0	53.82
2001	1	22	2.374	2213.0989	21.0989	21.0989	 4.66	 1.50	203.51	 1.11	 1.34	 1.00	11.07	 1.45	332.32	298.61	331.58	269.41	316.55	0	53.88
2001	1	22	3.280	2213.1367	21.1367	21.1367	 4.68	 1.11	207.39	 0.82	 0.81	 1.00	11.07	 1.59	332.09	297.79	328.08	270.11	314.47	0	54.02
2001	1	22	4.199	2213.1750	21.1750	21.1750	 6.22	 4.78	209.54	 0.76	 0.14	 1.00	11.12	 1.66	332.51	297.19	326.82	269.58	313.23	0	53.92
2001	1	22	5.104	2213.2126	21.2127	21.2127	 4.51	 0.91	210.76	 0.81	 2.22	 0.99	11.07	 1.68	332.39	296.54	323.67	268.69	312.11	0	53.74
2001	1	22	11.407	2213.4753	21.4753	21.4753	 4.41	 0.95	204.90	 0.91	 0.82	 1.00	11.07	 1.65	332.62	298.83	324.15	279.48	 0.00	0	55.90
2001	1	22	14.131	2213.5889	21.5888	21.5888	 2.43	 0.06	234.69	 0.55	26.13	 0.00	11.07	 1.68	333.22	309.96	331.36	296.14	323.84	0	59.23
2001	1	22	15.031	2213.6262	21.6263	21.6263	 2.56	 0.16	237.59	 1.23	24.88	 0.63	11.07	 1.50	333.36	312.82	336.76	292.79	327.51	0	58.56
2001	1	22	15.932	2213.6638	21.6638	21.6638	 2.62	 0.19	241.55	 1.41	11.01	 0.95	11.08	 1.24	333.13	314.08	341.16	290.97	328.63	0	58.19
2001	1	22	16.833	2213.7014	21.7014	21.7014	 2.55	 0.23	246.53	 1.81	34.00	 0.82	11.07	 1.16	333.29	315.44	339.76	288.59	333.47	0	57.72
2001	1	22	23.162	2213.9651	21.9651	21.9651	 4.12	 1.01	207.33	 1.31	 4.20	 0.99	11.05	 1.10	331.82	303.72	342.99	270.86	324.92	0	54.17
2001	1	23	0.064	2214.0027	22.0027	22.0027	 5.46	 2.82	207.24	 0.95	 0.83	 1.00	11.12	 1.22	331.72	302.39	339.09	270.67	322.57	0	54.13
2001	1	23	0.968	2214.0403	22.0403	22.0403	36.36	 1.00	208.44	 0.00	 2.25	 0.00	11.12	 1.35	332.13	301.77	335.29	270.69	321.03	0	54.14
2001	1	23	1.873	2214.0781	22.0781	22.0781	 4.05	 0.50	210.00	 0.71	 0.31	 1.00	11.08	 1.38	332.15	301.68	333.01	 0.00	319.56	0	54.00
2001	1	23	2.776	2214.1157	22.1157	22.1157	 4.13	 0.54	206.41	 0.70	 1.26	 0.99	11.07	 1.44	332.03	300.67	333.44	269.02	318.84	0	53.80
2001	1	23	3.676	2214.1531	22.1532	22.1532	 4.12	 0.60	205.94	 0.78	 0.62	 1.00	11.05	 1.47	332.43	299.09	331.72	 0.00	317.29	0	54.00
2001	1	23	4.598	2214.1917	22.1916	22.1916	 3.71	 0.29	211.74	 0.59	 0.65	 1.00	11.12	 1.60	332.46	298.44	327.40	268.65	315.87	0	53.73
2001	1	23	5.498	2214.2290	22.2291	22.2291	 3.60	 0.31	211.21	 0.70	 1.13	 0.99	11.08	 1.63	332.28	297.50	329.19	268.42	315.27	0	53.68
2001	1	23	6.401	2214.2666	22.2667	22.2667	 4.86	 1.18	210.03	 0.73	 0.55	 1.00	11.07	 1.67	332.07	296.87	325.40	268.35	313.79	0	53.67
2001	1	23	7.301	2214.3042	22.3042	22.3042	 5.03	 1.30	207.58	 0.67	 0.58	 1.00	11.08	 1.65	332.26	296.52	325.33	268.33	313.59	0	53.67
2001	1	23	8.203	2214.3418	22.3418	22.3418	 5.10	 1.54	209.23	 0.75	 0.62	 1.00	11.08	 1.68	332.34	295.86	325.01	268.26	312.28	0	53.65
2001	1	23	11.807	2214.4919	22.4920	22.4920	 4.94	 1.72	201.76	 0.95	 0.57	 1.00	11.07	 1.66	332.51	299.12	323.79	277.36	313.05	0	55.47
2001	1	23	14.528	2214.6052	22.6053	22.6053	 3.30	 0.23	220.48	 0.75	11.37	 0.58	11.07	 1.67	332.62	305.16	331.01	279.25	318.45	0	55.85
2001	1	23	17.248	2214.7187	22.7187	22.7187	 2.65	 0.21	236.44	 1.48	18.70	 0.88	11.40	 1.52	333.10	310.36	336.62	286.47	325.26	0	57.29
2001	1	23	19.135	2214.7974	22.7973	22.7973	 2.43	 0.18	236.69	 1.58	33.33	 0.72	11.57	 1.26	333.09	312.54	340.38	286.12	328.23	0	57.22
2001	1	23	21.979	2214.9158	22.9158	22.9158	21.92	122069713.42	203.85	 2.83	 3.64	 1.00	11.60	 1.19	332.36	303.51	340.41	273.58	324.16	0	54.72
2001	1	23	22.920	2214.9551	22.9550	22.9550	47.72	 1.00	212.34	 0.00	 3.67	 0.00	11.57	 1.43	332.59	301.04	334.24	271.70	321.15	0	54.34
2001	1	23	23.864	2214.9944	22.9944	22.9944	 4.36	 0.65	212.55	 0.68	 0.57	 1.00	11.60	 1.46	332.66	300.69	332.60	271.32	320.05	0	54.26
2001	1	24	0.808	2215.0337	23.0337	23.0337	 5.67	 2.36	208.55	 0.65	 0.52	 1.00	11.62	 1.42	332.54	300.51	332.67	270.95	318.63	0	54.19
2001	1	24	1.751	2215.0730	23.0730	23.0730	16.11	80116.78	212.74	 0.65	 1.01	 1.00	11.55	 1.54	332.58	300.43	331.39	 0.00	318.37	0	54.00
2001	1	24	2.693	2215.1123	23.1122	23.1122	 5.54	 3.12	206.08	 0.96	 0.73	 1.00	11.58	 1.43	332.38	300.17	331.74	271.06	317.20	0	54.21
2001	1	24	3.635	2215.1514	23.1514	23.1514	17.17	440315.96	202.63	 1.18	 1.92	 1.00	11.58	 1.41	332.62	299.49	329.25	270.57	315.58	0	54.11
2001	1	24	4.578	2215.1907	23.1908	23.1908	31.44	934981930049.76	204.97	 1.61	 3.43	 1.00	11.55	 1.45	332.23	298.81	330.26	270.54	314.15	0	54.11
2001	1	24	5.540	2215.2307	23.2308	23.2308	 6.22	 6.40	206.20	 0.99	 0.50	 1.00	11.67	 1.61	332.62	297.89	325.09	 0.00	 0.00	0	54.00
2001	1	24	6.485	2215.2703	23.2702	23.2702	16.75	130996.76	208.09	 0.54	 0.88	 0.99	11.58	 1.63	332.59	297.16	324.50	269.74	312.02	0	53.95
2001	1	24	7.431	2215.3096	23.3096	23.3096	 9.81	211.53	207.78	 0.92	 2.30	 0.99	11.60	 1.67	332.65	296.35	323.68	269.15	311.75	0	53.83
2001	1	24	17.820	2215.7424	23.7425	23.7425	 3.37	 0.27	231.42	 0.86	 8.61	 0.82	11.57	 1.55	333.01	310.06	333.33	282.12	 0.00	0	56.42
2001	1	24	18.763	2215.7817	23.7818	23.7818	 5.18	 1.32	225.87	 0.64	 0.26	 1.00	11.57	 1.55	332.86	306.25	336.18	272.87	323.60	0	54.57
2001	1	24	19.705	2215.8210	23.8211	23.8211	 4.30	 0.44	226.18	 0.52	 4.00	 0.76	11.57	 1.55	333.08	305.95	334.74	280.52	322.10	0	56.10
2001	1	24	20.650	2215.8604	23.8604	23.8604	 5.45	 5.84	219.91	 2.09	 2.79	 1.00	11.58	 1.33	332.88	306.76	337.45	276.16	325.06	0	55.23
2001	1	24	21.591	2215.8997	23.8996	23.8996	17.68	318094.98	223.02	 0.56	 1.15	 0.99	11.57	 1.54	332.74	304.51	336.09	 0.00	322.41	0	54.00
2001	1	24	22.551	2215.9397	23.9396	23.9396	18.12	542509.22	210.34	 0.58	 1.40	 0.98	11.58	 1.39	332.80	302.98	334.86	272.18	320.59	0	54.44
2001	1	24	23.494	2215.9790	23.9789	23.9789	30.45	119088233264.16	207.71	 0.56	 0.34	 1.00	11.58	 1.38	332.70	302.03	333.93	 0.00	319.82	0	54.00
2001	1	25	0.436	2216.0181	24.0182	24.0182	16.45	72836.75	212.99	 0.42	 1.42	 0.93	11.57	 1.48	332.72	301.21	332.16	 0.00	318.91	0	54.00
2001	1	25	1.378	2216.0574	24.0574	24.0574	21.82	25469437.91	210.62	 0.68	 0.79	 1.00	11.58	 1.54	332.71	299.98	330.45	269.26	317.90	0	53.85
2001	1	25	2.321	2216.0967	24.0967	24.0967	17.02	226301.65	209.70	 0.73	 2.09	 0.99	11.60	 1.53	332.73	299.76	328.51	270.36	 0.00	0	54.07
2001	1	25	3.264	2216.1360	24.1360	24.1360	27.22	4699143613.23	210.30	 0.56	 0.33	 1.00	11.60	 1.51	332.69	299.14	329.10	269.46	316.63	0	53.89
2001	1	25	4.206	2216.1753	24.1753	24.1753	 7.16	11.79	209.97	 0.73	 0.85	 1.00	11.58	 1.56	332.67	298.61	327.93	269.83	315.97	0	53.97
2001	1	25	5.149	2216.2146	24.2145	24.2145	 5.32	 1.33	211.05	 0.52	 0.57	 1.00	11.58	 1.59	332.67	298.35	326.73	269.91	315.50	0	53.98
2001	1	25	6.091	2216.2539	24.2538	24.2538	35.16	 1.00	212.99	 0.00	 1.23	 0.00	11.57	 1.64	332.69	298.15	326.09	269.49	314.54	0	53.90
2001	1	25	13.639	2216.5684	24.5683	24.5683	 5.23	 2.91	218.75	 1.30	 2.65	 1.00	11.57	 1.65	333.09	304.96	331.31	278.48	317.76	0	55.70
2001	1	25	14.581	2216.6074	24.6075	24.6075	 2.97	 0.17	227.22	 0.80	 6.20	 0.86	11.57	 1.61	333.28	307.78	332.91	280.17	319.98	0	56.03
2001	1	25	16.484	2216.6868	24.6868	24.6868	18.76	3379143.82	217.59	 1.98	 2.41	 1.00	11.65	 1.12	333.09	313.66	335.87	 0.00	326.07	0	54.00
2001	1	25	17.427	2216.7261	24.7261	24.7261	 4.64	 1.09	212.80	 0.86	 0.91	 1.00	11.57	 1.04	332.89	309.90	341.54	273.41	326.68	0	54.68
2001	1	25	18.368	2216.7654	24.7653	24.7653	 3.74	 0.62	216.35	 1.25	 1.06	 1.00	11.58	 1.14	333.29	310.68	338.70	284.54	327.02	0	56.91
2001	1	25	19.312	2216.8047	24.8047	24.8047	26.38	6858226325.74	219.02	 1.99	 7.86	 1.00	11.57	 1.21	332.95	309.56	338.89	282.54	327.20	0	56.51
2001	1	25	22.141	2216.9226	24.9225	24.9225	 4.55	 1.00	212.90	 0.86	 5.75	 0.93	11.58	 1.25	332.64	304.11	338.76	272.61	323.96	0	54.52
2001	1	25	23.084	2216.9619	24.9618	24.9618	18.80	1428785.42	210.73	 0.78	 1.88	 0.99	11.57	 1.34	332.57	302.45	337.07	271.06	322.07	0	54.21
2001	1	26	0.043	2217.0017	25.0018	25.0018	 7.37	22.95	206.95	 1.14	 4.41	 0.99	11.62	 1.23	332.48	301.27	337.54	270.72	319.83	0	54.14
2001	1	26	1.928	2217.0803	25.0803	25.0803	 4.06	 0.48	211.45	 0.67	 1.84	 0.98	11.58	 1.38	332.67	299.42	330.84	269.52	316.93	0	53.90
2001	1	26	2.871	2217.1196	25.1196	25.1196	17.65	420678.42	208.98	 0.71	 2.45	 0.98	11.57	 1.34	332.63	299.21	328.42	269.75	316.34	0	53.95
2001	1	26	3.812	2217.1589	25.1588	25.1588	16.61	121772.47	213.05	 0.60	 0.76	 1.00	11.55	 1.54	332.65	298.70	327.41	270.12	315.33	0	54.02
2001	1	26	4.754	2217.1980	25.1981	25.1981	 5.27	 2.23	210.53	 0.92	 2.32	 0.99	11.55	 1.51	332.73	298.95	326.08	 0.00	315.67	0	54.00
2001	1	26	5.696	2217.2373	25.2373	25.2373	 4.64	 0.72	212.31	 0.57	 1.08	 0.99	11.55	 1.56	332.54	298.79	326.78	 0.00	314.89	0	54.00
2001	1	26	6.636	2217.2766	25.2765	25.2765	 5.11	 1.34	214.62	 0.66	 2.17	 0.97	11.58	 1.58	332.43	298.85	326.83	269.48	315.12	0	53.90
2001	1	26	7.578	2217.3157	25.3157	25.3157	16.15	77027.98	210.07	 0.59	 1.37	 0.99	11.55	 1.63	332.44	298.29	325.74	269.37	314.73	0	53.87
2001	1	26	8.538	2217.3557	25.3558	25.3558	 7.99	22.77	209.48	 0.61	 2.23	 0.96	11.60	 1.60	332.57	298.03	324.77	269.27	313.95	0	53.85
2001	1	26	9.483	2217.3950	25.3951	25.3951	17.34	307370.25	212.16	 0.73	 7.61	 0.79	11.58	 1.59	332.57	298.07	325.77	269.65	313.78	0	53.93
2001	1	26	10.425	2217.4343	25.4344	25.4344	 5.22	 2.18	212.16	 0.95	 6.73	 0.94	11.58	 1.63	332.64	297.39	325.75	270.13	313.25	0	54.03
2001	1	26	11.368	2217.4736	25.4736	25.4736	25.41	1131059352.26	205.60	 0.81	 3.40	 0.97	11.58	 1.54	332.61	298.23	324.68	272.01	313.15	0	54.40
2001	1	26	12.309	2217.5129	25.5129	25.5129	 4.58	 1.19	209.19	 0.97	 1.96	 1.00	11.57	 1.56	332.80	301.49	325.16	276.40	315.46	0	55.28
2001	1	26	13.251	2217.5520	25.5521	25.5521	 4.61	 1.57	207.45	 1.24	 3.97	 0.99	11.58	 1.42	333.01	304.53	328.41	278.33	317.95	0	55.67
2001	1	26	14.192	2217.5913	25.5913	25.5913	 4.12	 0.93	199.35	 1.17	 4.56	 0.99	11.60	 1.19	333.16	307.29	334.81	279.96	320.08	0	55.99
2001	1	26	15.134	2217.6306	25.6306	25.6306	 3.60	 0.38	212.22	 0.86	 1.06	 1.00	11.57	 1.39	333.24	309.54	333.73	280.21	322.47	0	56.04
2001	1	26	16.077	2217.6699	25.6699	25.6699	 3.62	 0.47	206.87	 1.02	 4.04	 0.98	11.58	 1.14	333.31	311.39	338.95	282.03	 0.00	0	56.41
2001	1	26	17.038	2217.7100	25.7099	25.7099	 3.92	 0.54	214.67	 0.90	 1.31	 1.00	11.60	 1.14	333.48	313.65	338.67	284.07	327.20	0	56.81
2001	1	26	21.715	2217.9048	25.9048	25.9048	18.49	1725069.94	213.45	 1.30	 0.24	 1.00	11.58	 1.13	331.97	305.65	340.44	 0.00	326.07	0	54.00
2001	1	26	22.656	2217.9441	25.9440	25.9440	 5.49	 3.08	220.51	 1.07	 0.62	 1.00	11.58	 1.49	331.92	303.46	334.57	 0.00	323.74	0	54.00
2001	1	26	23.599	2217.9834	25.9833	25.9833	 3.88	 0.63	212.39	 1.07	 3.13	 0.99	11.57	 1.35	331.69	301.46	337.33	272.28	321.97	0	54.46
2001	1	27	0.541	2218.0225	26.0225	26.0225	 5.71	 2.31	211.53	 0.62	 1.01	 0.99	11.58	 1.39	331.81	300.47	333.38	271.01	320.25	0	54.20
2001	1	27	1.500	2218.0625	26.0625	26.0625	18.89	4267463.58	206.32	 2.07	12.95	 0.99	11.62	 1.40	332.45	299.50	334.46	271.53	316.85	0	54.31
2001	1	27	2.443	2218.1018	26.1018	26.1018	 5.18	 1.99	215.03	 0.92	 3.56	 0.98	11.58	 1.56	332.64	298.24	327.86	273.21	314.42	0	54.64
2001	1	27	3.385	2218.1411	26.1410	26.1410	 4.85	 0.93	213.50	 0.59	 0.73	 1.00	11.58	 1.67	332.56	298.06	325.85	272.51	313.78	0	54.50
2001	1	27	4.327	2218.1804	26.1803	26.1803	 5.15	 1.51	210.08	 0.70	 0.29	 1.00	11.57	 1.54	332.53	297.75	325.53	272.12	313.23	0	54.42
2001	1	27	5.271	2218.2197	26.2196	26.2196	 8.97	56.72	212.88	 0.58	 0.34	 1.00	11.62	 1.69	332.62	297.63	324.03	271.14	313.67	0	54.23
2001	1	27	14.177	2218.5908	26.5907	26.5907	19.66	9071474.49	192.07	 1.91	 2.90	 1.00	10.87	 1.06	333.18	307.85	336.85	285.09	320.70	0	57.02
2001	1	27	15.062	2218.6277	26.6276	26.6276	 4.00	 1.14	205.19	 1.65	 6.03	 1.00	10.83	 1.19	333.28	310.41	336.47	288.67	321.86	0	57.73
2001	1	27	15.946	2218.6643	26.6644	26.6644	 4.12	 0.88	204.34	 1.13	 5.69	 0.98	10.87	 1.01	333.08	311.32	341.30	283.14	324.97	0	56.63
2001	1	27	17.717	2218.7383	26.7382	26.7382	 2.99	 0.19	219.29	 0.84	 2.06	 0.99	10.83	 1.07	333.36	313.01	339.42	287.71	328.11	0	57.54
2001	1	27	18.599	2218.7749	26.7750	26.7750	 4.21	 0.80	214.52	 0.98	 0.68	 1.00	10.82	 0.95	332.93	310.44	342.55	 0.00	327.80	0	54.00
2001	1	27	21.247	2218.8853	26.8853	26.8853	 3.10	 0.54	221.76	 2.16	 7.78	 1.00	10.85	 1.19	332.78	308.96	339.36	280.58	327.37	0	56.12
2001	1	27	23.028	2218.9595	26.9595	26.9595	 4.92	 2.54	210.46	 1.49	 6.66	 0.99	10.83	 1.32	332.41	301.74	337.64	271.89	322.10	0	54.38
2001	1	28	0.794	2219.0330	27.0331	27.0331	 6.24	 5.76	207.16	 0.88	 0.88	 1.00	10.85	 1.36	332.42	301.13	335.03	271.21	319.67	0	54.24
2001	1	28	1.676	2219.0698	27.0698	27.0698	 6.19	 5.51	203.17	 0.87	 0.79	 1.00	10.83	 1.31	332.62	300.64	334.37	271.02	317.20	0	54.20
2001	1	28	2.558	2219.1067	27.1066	27.1066	 4.21	 0.55	210.93	 0.66	 0.70	 1.00	10.83	 1.54	332.55	300.02	328.59	 0.00	316.54	0	54.00
2001	1	28	3.440	2219.1433	27.1433	27.1433	 5.87	 2.53	215.43	 0.59	 0.29	 1.00	10.83	 1.67	332.58	299.65	327.77	 0.00	316.27	0	54.00
2001	1	28	4.321	2219.1799	27.1800	27.1800	 5.74	 1.89	214.10	 0.49	 0.77	 0.99	10.85	 1.59	332.62	299.33	327.53	270.37	315.67	0	54.07
2001	1	28	5.203	2219.2168	27.2168	27.2168	 5.11	 1.34	215.00	 0.66	 0.55	 1.00	10.85	 1.66	332.62	298.93	326.24	270.43	315.64	0	54.09
2001	1	28	6.101	2219.2542	27.2542	27.2542	25.15	571514981.41	213.93	 0.55	 0.57	 1.00	10.87	 1.67	332.65	298.88	325.81	270.50	315.32	0	54.10
2001	1	28	6.984	2219.2910	27.2910	27.2910	 5.32	 1.16	213.37	 0.46	 1.01	 0.98	10.87	 1.66	332.53	297.84	326.60	269.49	315.68	0	53.90
2001	1	28	8.748	2219.3645	27.3645	27.3645	 6.84	 7.23	210.67	 0.61	 0.82	 1.00	10.85	 1.64	332.54	297.31	325.26	269.26	314.02	0	53.85
2001	1	28	9.630	2219.4011	27.4012	27.4012	 5.31	 1.63	212.87	 0.65	 0.81	 1.00	10.83	 1.65	332.55	297.31	324.86	268.94	313.91	0	53.79
2001	1	28	10.512	2219.4380	27.4380	27.4380	16.25	75990.89	208.57	 0.53	 1.17	 0.98	10.85	 1.67	332.66	297.98	323.39	272.02	313.11	0	54.40
2001	1	28	11.394	2219.4749	27.4747	27.4747	 4.73	 1.06	208.87	 0.75	 0.72	 1.00	10.82	 1.65	332.80	300.64	324.09	283.82	316.91	0	56.76
2001	1	28	12.275	2219.5115	27.5115	27.5115	 4.71	 1.08	210.16	 0.78	 1.12	 1.00	10.83	 1.60	332.93	303.78	325.59	287.27	318.57	0	57.45
2001	1	28	13.157	2219.5481	27.5482	27.5482	 4.51	 0.93	214.34	 0.84	 1.21	 1.00	10.83	 1.60	333.12	307.44	328.26	295.29	321.89	0	59.06
2001	1	28	14.057	2219.5857	27.5857	27.5857	 6.54	 6.36	208.21	 0.73	 0.72	 1.00	10.88	 1.21	333.16	311.05	335.41	294.68	327.40	0	58.94
2001	1	28	14.943	2219.6226	27.6226	27.6226	 6.21	 5.44	212.50	 0.88	 1.48	 1.00	10.97	 1.00	333.08	311.76	339.75	 0.00	327.34	0	54.00
2001	1	28	15.826	2219.6594	27.6594	27.6594	 3.95	 0.76	210.19	 1.20	 4.27	 0.99	10.83	 0.95	333.32	312.73	339.81	286.65	328.44	0	57.33
2001	1	28	16.708	2219.6963	27.6962	27.6962	 3.69	 0.65	216.04	 1.36	 0.42	 1.00	10.83	 0.94	332.98	312.30	342.24	283.67	328.41	0	56.73
2001	1	28	18.474	2219.7698	27.7698	27.7698	 2.98	 0.61	215.04	 2.68	 8.25	 1.00	10.82	 0.96	333.18	310.41	342.19	 0.00	328.16	0	54.00
2001	1	28	21.121	2219.8801	27.8800	27.8800	 4.87	 2.31	218.44	 1.48	11.21	 0.97	10.88	 1.17	332.46	307.22	341.27	276.33	326.78	0	55.27
2001	1	28	22.021	2219.9175	27.9175	27.9175	 4.98	 3.70	218.77	 2.11	 4.62	 1.00	10.87	 1.41	332.24	303.24	338.74	273.29	324.04	0	54.66
2001	1	28	22.902	2219.9543	27.9543	27.9543	 5.32	 4.91	208.15	 1.91	 4.76	 1.00	10.85	 1.34	331.90	300.01	337.47	271.62	320.83	0	54.32
2001	1	28	23.784	2219.9910	27.9910	27.9910	 4.82	 1.66	208.33	 1.07	 4.29	 0.99	10.85	 1.44	332.32	299.48	332.09	271.01	319.17	0	54.20
2001	1	29	0.666	2220.0278	28.0278	28.0278	19.11	2007641.57	207.71	 0.79	 2.01	 0.99	10.82	 1.46	332.31	299.45	330.58	270.50	318.19	0	54.10
2001	1	29	1.549	2220.0645	28.0645	28.0645	 4.98	 1.22	211.55	 0.67	 0.10	 1.00	10.83	 1.57	332.48	299.47	329.21	270.34	317.47	0	54.07
2001	1	29	2.430	2220.1013	28.1012	28.1012	34.46	 1.00	211.30	 0.00	 1.11	 0.00	10.83	 1.60	332.57	299.62	327.66	 0.00	317.02	0	54.00
2001	1	29	3.312	2220.1379	28.1380	28.1380	21.46	15225083.63	209.53	 0.58	 0.19	 1.00	10.85	 1.58	332.33	299.56	328.80	270.32	316.89	0	54.06
2001	1	29	4.195	2220.1748	28.1748	28.1748	15.92	70607.45	209.12	 0.68	 0.75	 1.00	10.85	 1.52	332.44	299.39	327.50	270.01	315.83	0	54.00
2001	1	29	5.078	2220.2117	28.2116	28.2116	 4.06	 0.51	213.03	 0.72	 1.28	 0.99	10.83	 1.62	332.59	299.40	326.93	269.83	316.12	0	53.97
2001	1	29	5.977	2220.2490	28.2491	28.2491	 5.75	 2.22	210.12	 0.56	 0.23	 1.00	10.87	 1.57	332.53	299.19	326.37	269.42	315.88	0	53.88
2001	1	29	6.861	2220.2859	28.2859	28.2859	 5.43	 1.69	210.44	 0.59	 0.94	 0.99	10.83	 1.59	332.67	298.87	326.73	269.45	315.35	0	53.89
2001	1	29	7.744	2220.3228	28.3227	28.3227	 4.55	 0.62	212.27	 0.53	 0.07	 1.00	10.83	 1.58	332.63	298.85	327.36	269.27	315.10	0	53.85
2001	1	29	8.626	2220.3594	28.3594	28.3594	 5.09	 1.56	209.40	 0.76	 0.22	 1.00	10.85	 1.62	332.58	298.47	324.80	269.29	314.79	0	53.86
2001	1	29	10.391	2220.4329	28.4330	28.4330	 6.32	 4.62	210.26	 0.66	 0.63	 1.00	10.83	 1.62	332.53	298.11	325.31	269.31	314.27	0	53.86
2001	1	29	11.273	2220.4697	28.4697	28.4697	 4.75	 1.13	208.21	 0.78	 2.87	 0.97	10.83	 1.59	332.72	298.58	324.69	272.88	314.59	0	54.58
2001	1	29	12.155	2220.5063	28.5064	28.5064	 4.02	 0.56	209.65	 0.81	 2.04	 0.99	10.85	 1.58	332.93	300.59	324.36	278.95	315.86	0	55.79
2001	1	29	13.038	2220.5432	28.5433	28.5433	 4.59	 0.95	211.94	 0.78	 0.86	 1.00	10.90	 1.63	333.18	304.09	326.70	288.07	318.12	0	57.61
2001	1	29	13.942	2220.5808	28.5809	28.5809	 3.96	 0.54	208.32	 0.83	 0.53	 1.00	10.92	 1.41	333.35	308.05	329.29	290.47	322.41	0	58.09
2001	1	29	14.824	2220.6177	28.6177	28.6177	 3.20	 0.39	210.58	 1.35	 6.35	 0.98	10.83	 1.19	333.32	311.43	336.01	288.90	 0.00	0	57.78
2001	1	29	15.707	2220.6545	28.6544	28.6544	 3.66	 0.96	217.05	 2.09	 3.75	 1.00	10.85	 1.19	333.11	312.23	336.29	284.22	327.01	0	56.84
2001	1	29	16.589	2220.6912	28.6912	28.6912	 4.16	 1.01	216.28	 1.32	 9.12	 0.97	10.85	 1.09	333.01	310.75	339.49	280.98	327.55	0	56.20
2001	1	29	17.472	2220.7280	28.7280	28.7280	 4.51	 1.83	212.40	 1.64	 3.50	 1.00	10.83	 1.03	333.07	310.09	341.60	282.14	327.59	0	56.43
2001	1	29	19.239	2220.8015	28.8016	28.8016	 3.53	 1.60	202.20	 3.73	 8.38	 1.00	10.83	 0.94	332.94	308.02	346.48	279.80	326.50	0	55.96
2001	1	29	20.122	2220.8384	28.8384	28.8384	80.50	 0.99	199.94	 0.00	32.38	 0.00	10.85	 0.98	332.61	307.10	343.09	 0.00	325.96	0	54.00
2001	1	29	21.006	2220.8752	28.8752	28.8752	 4.49	 2.75	212.66	 2.52	 4.46	 1.00	10.82	 1.47	332.36	304.21	334.39	 0.00	323.32	0	54.00
2001	1	29	22.792	2220.9497	28.9497	28.9497	 3.12	 0.51	210.24	 1.88	 2.11	 1.00	10.83	 1.46	332.21	298.65	335.13	271.47	 0.00	0	54.29
2001	1	29	23.674	2220.9863	28.9864	28.9864	 4.96	 2.26	209.60	 1.26	 2.24	 1.00	10.83	 1.63	332.27	296.79	328.81	271.03	316.49	0	54.21
2001	1	30	0.555	2221.0232	29.0231	29.0231	16.05	108780.57	210.43	 0.93	 1.04	 1.00	10.85	 1.62	332.43	295.84	326.96	270.42	315.25	0	54.08
2001	1	30	1.437	2221.0598	29.0599	29.0599	 4.24	 0.48	211.78	 0.56	 2.29	 0.93	10.83	 1.68	332.58	296.73	325.55	270.32	314.92	0	54.06
2001	1	30	2.320	2221.0967	29.0967	29.0967	 5.77	 2.71	207.45	 0.66	 0.56	 1.00	10.83	 1.60	332.59	297.82	324.63	270.13	315.02	0	54.03
2001	1	30	3.203	2221.1335	29.1335	29.1335	 4.34	 0.50	212.67	 0.53	 0.91	 0.99	10.85	 1.67	332.52	297.75	324.89	269.14	314.72	0	53.83
2001	1	30	4.085	2221.1702	29.1702	29.1702	 4.25	 0.60	210.72	 0.70	 0.97	 1.00	10.83	 1.59	332.57	297.36	325.72	269.24	314.31	0	53.85
2001	1	30	5.864	2221.2444	29.2443	29.2443	 4.22	 0.58	209.08	 0.68	 1.31	 0.99	10.87	 1.66	332.44	296.44	324.09	268.06	313.58	0	53.61
2001	1	30	12.042	2221.5017	29.5017	29.5017	 6.61	 9.17	206.50	 0.96	 1.78	 1.00	10.85	 1.62	333.06	301.32	324.05	283.23	314.21	0	56.65
2001	1	30	12.926	2221.5386	29.5386	29.5386	 4.34	 1.18	209.48	 1.24	 2.01	 1.00	10.83	 1.48	333.23	305.16	328.42	 0.00	319.12	0	54.00
2001	1	30	13.827	2221.5762	29.5761	29.5761	 4.28	 0.71	211.69	 0.81	 1.55	 0.99	10.87	 1.45	333.43	308.95	330.50	291.10	322.34	0	58.22
2001	1	30	14.712	2221.6130	29.6130	29.6130	 3.54	 0.52	211.81	 1.24	 1.13	 1.00	10.88	 1.25	333.46	311.84	335.05	293.99	326.54	0	58.80
2001	1	30	21.926	2221.9136	29.9136	29.9136	 3.88	 1.61	218.03	 2.80	20.11	 0.99	11.12	 1.00	332.23	307.98	348.97	274.98	328.26	0	55.00
2001	1	30	23.729	2221.9888	29.9887	29.9887	 4.15	 1.26	204.80	 1.57	 2.27	 1.00	11.05	 1.23	331.79	300.29	340.19	271.99	321.61	0	54.40
2001	1	31	0.632	2222.0264	30.0263	30.0263	 3.69	 0.45	211.09	 0.92	 1.35	 1.00	11.05	 1.50	331.94	298.76	332.30	 0.00	319.55	0	54.00
2001	1	31	1.532	2222.0637	30.0638	30.0638	 3.19	 0.19	208.36	 0.66	 0.50	 1.00	11.08	 1.50	332.13	299.13	330.88	270.04	318.28	0	54.01
2001	1	31	2.434	2222.1013	30.1014	30.1014	 2.32	 0.07	208.99	 0.61	 0.20	 1.00	11.08	 1.58	332.28	298.67	330.03	267.98	317.15	0	53.60
2001	1	31	3.336	2222.1389	30.1390	30.1390	 1.78	 0.04	208.71	 0.64	 0.61	 1.00	11.07	 1.58	332.02	297.80	329.47	 0.00	315.83	0	54.00
2001	1	31	4.238	2222.1765	30.1766	30.1766	 2.59	 0.12	209.74	 0.79	 0.97	 1.00	11.08	 1.61	331.85	297.28	326.99	268.38	314.74	0	53.68
2001	1	31	6.061	2222.2524	30.2525	30.2525	 1.68	 0.05	207.20	 1.05	 1.06	 1.00	11.10	 1.66	332.46	296.61	325.08	268.38	313.50	0	53.68
2001	1	31	8.766	2222.3652	30.3652	30.3652	 2.24	 0.09	210.52	 0.88	 0.60	 1.00	11.08	 1.68	332.23	295.84	323.78	270.28	311.81	0	54.06
2001	1	31	11.470	2222.4780	30.4779	30.4779	 2.71	 0.13	205.29	 0.74	 1.09	 1.00	11.08	 1.64	332.74	298.94	325.67	276.76	312.97	0	55.35
2001	1	31	12.374	2222.5156	30.5156	30.5156	 3.10	 0.25	206.11	 0.92	 1.04	 1.00	11.05	 1.64	332.85	302.02	326.25	279.02	315.20	0	55.80
2001	1	31	13.276	2222.5532	30.5532	30.5532	 3.05	 0.52	200.24	 2.00	 2.32	 1.00	11.07	 1.51	333.00	304.54	327.04	280.47	317.19	0	56.09
2001	1	31	16.001	2222.6667	30.6667	30.6667	 3.18	 0.47	208.45	 1.64	 3.38	 1.00	11.08	 1.06	332.94	312.86	338.92	288.79	325.40	0	57.76
