2002	6	1	18.293	2708.7622	151.7622	0.7622	 1.22	 0.10	370.64	 6.51	283.29	 0.72	10.85	 1.89	331.72	305.06	294.47	271.75	 0.00	0	54.35
2002	6	2	5.588	2709.2329	152.2328	1.2328	 0.68	 0.03	189.44	 3.19	 8.74	 0.93	10.90	 1.76	331.04	304.88	280.27	256.19	286.58	0	51.24
2002	6	2	6.252	2709.2605	152.2605	1.2605	 0.71	 0.04	189.66	 3.61	 3.72	 1.00	10.82	 1.82	330.99	304.91	279.82	 0.00	287.45	0	54.00
2002	6	2	6.914	2709.2881	152.2881	1.2881	 0.66	 0.02	187.60	 2.59	 6.29	 0.90	10.87	 1.77	330.97	304.93	278.29	 0.00	286.30	0	54.00
2002	6	2	8.246	2709.3435	152.3436	1.3436	 0.67	 0.03	189.97	 2.83	 1.92	 1.00	10.83	 1.86	330.95	304.92	280.75	 0.00	286.47	0	54.00
2002	6	4	11.036	2711.4597	154.4598	3.4598	 0.87	 0.03	189.42	 1.77	 5.64	 0.91	10.88	 2.00	331.42	302.88	283.21	257.67	286.77	0	51.53
2002	6	4	11.699	2711.4875	154.4875	3.4875	 0.88	 0.04	181.72	 2.57	 2.16	 1.00	10.80	 2.13	331.50	293.18	288.55	 0.00	285.21	0	54.00
2002	6	4	12.361	2711.5151	154.5150	3.5150	 0.84	 0.03	184.30	 2.33	 3.80	 0.99	10.83	 2.14	331.53	289.21	289.48	268.22	286.98	0	53.64
2002	6	4	13.021	2711.5425	154.5426	3.5426	 0.82	 0.03	182.26	 2.35	 2.94	 0.99	10.82	 2.12	331.64	288.01	291.26	271.58	288.41	0	54.32
2002	6	4	13.684	2711.5701	154.5701	3.5702	 0.81	 0.03	183.48	 2.31	 0.87	 1.00	10.82	 2.10	331.71	288.55	294.26	 0.00	291.77	0	54.00
2002	6	4	14.346	2711.5977	154.5977	3.5977	 0.87	 0.04	191.14	 2.43	 2.91	 1.00	10.83	 2.22	331.78	289.58	297.61	273.55	296.07	0	54.71
2002	6	4	15.008	2711.6252	154.6253	3.6253	 0.75	 0.03	194.67	 2.46	 2.20	 0.99	10.83	 2.05	331.83	290.67	298.15	272.85	294.86	0	54.57
2002	6	4	15.670	2711.6528	154.6529	3.6529	 0.90	 0.03	191.77	 2.21	 3.72	 0.99	10.85	 2.08	331.85	291.63	299.97	271.87	296.21	0	54.37
2002	6	4	16.331	2711.6804	154.6805	3.6805	 0.93	 0.04	197.52	 2.55	 1.17	 1.00	10.85	 2.20	331.81	292.19	300.38	271.65	297.05	0	54.33
2002	6	4	16.993	2711.7080	154.7080	3.7080	 0.84	 0.03	197.68	 2.35	 5.78	 0.97	10.83	 2.04	331.83	292.83	301.93	271.43	298.24	0	54.29
2002	6	4	17.654	2711.7356	154.7356	3.7356	 0.98	 0.04	195.71	 2.26	 5.20	 0.99	10.82	 2.08	331.82	293.33	302.43	270.72	298.14	0	54.14
2002	6	4	18.316	2711.7632	154.7632	3.7632	 1.06	 0.05	198.97	 2.63	 1.09	 1.00	10.83	 2.08	331.81	293.74	302.28	270.17	298.41	0	54.03
2002	6	4	18.978	2711.7908	154.7907	3.7907	 1.42	 0.08	201.01	 2.07	 0.61	 1.00	10.85	 2.01	331.79	294.03	301.81	269.86	299.01	0	53.97
2002	6	4	19.639	2711.8184	154.8183	3.8183	 1.54	 0.08	202.67	 1.84	 0.61	 1.00	10.83	 2.09	331.73	294.04	302.64	268.37	296.98	0	53.67
2002	6	4	20.301	2711.8459	154.8459	3.8459	 1.60	 0.05	202.54	 1.02	 1.88	 0.99	10.85	 2.18	331.63	293.11	300.29	267.23	297.36	0	53.45
2002	6	4	20.963	2711.8735	154.8734	3.8734	 1.56	 0.08	199.18	 1.72	 1.14	 1.00	10.85	 2.06	331.53	290.87	298.85	265.23	294.39	0	53.05
2002	6	5	3.630	2712.1514	155.1512	4.1512	 0.94	 0.03	196.23	 1.61	 5.53	 0.91	10.87	 2.20	331.35	277.56	283.83	259.39	282.35	0	51.88
2002	6	5	4.291	2712.1787	155.1788	4.1788	 0.89	 0.03	191.57	 1.76	 4.16	 0.96	10.85	 2.11	331.27	277.52	282.00	 0.00	 0.00	0	54.00
2002	6	5	4.956	2712.2065	155.2065	4.2065	 0.88	 0.03	192.24	 2.30	 3.01	 0.99	10.85	 2.11	331.31	277.50	281.64	259.39	281.76	0	51.88
2002	6	5	5.617	2712.2341	155.2341	4.2341	 0.90	 0.03	192.88	 1.61	 5.58	 0.90	10.90	 2.16	331.29	277.41	282.39	258.77	280.15	0	51.75
2002	6	5	6.281	2712.2617	155.2617	4.2617	 0.93	 0.04	192.17	 2.13	 4.30	 0.98	10.85	 2.15	331.32	277.29	282.25	259.29	282.75	0	51.86
2002	6	5	6.946	2712.2893	155.2894	4.2894	 0.85	 0.03	191.49	 2.04	 3.42	 0.98	10.85	 2.10	331.32	277.17	281.49	259.10	281.18	0	51.82
2002	6	5	7.609	2712.3171	155.3171	4.3171	 0.88	 0.04	191.79	 2.40	 6.90	 0.96	10.85	 2.13	331.34	277.07	282.38	259.76	279.74	0	51.95
2002	6	5	8.273	2712.3447	155.3447	4.3447	 0.88	 0.03	187.75	 1.97	 2.48	 0.99	10.83	 2.10	331.31	277.02	280.57	 0.00	282.46	0	54.00
2002	6	5	8.939	2712.3726	155.3725	4.3725	 0.89	 0.03	194.53	 1.97	 9.12	 0.87	10.80	 2.15	331.31	276.97	282.33	259.48	279.65	0	51.90
2002	6	7	5.679	2714.2366	157.2366	6.2366	 1.97	 0.06	208.03	 0.80	39.05	 0.01	11.08	 2.24	331.08	277.59	288.60	259.10	282.06	0	51.82
2002	6	7	6.354	2714.2646	157.2648	6.2648	 1.80	 0.07	206.98	 1.14	50.29	 0.07	11.07	 2.23	331.00	277.70	287.03	258.84	281.65	0	51.77
2002	6	7	7.031	2714.2930	157.2930	6.2930	15.99	108036.74	199.86	 0.93	211.15	 0.00	11.12	 2.22	331.02	277.62	287.84	258.64	282.99	0	51.73
2002	6	7	7.712	2714.3213	157.3213	6.3213	 1.87	 0.06	207.08	 0.94	49.35	 0.01	11.07	 2.22	330.96	277.55	286.55	258.47	281.17	0	51.69
2002	6	7	8.390	2714.3496	157.3496	6.3496	 2.10	 0.09	208.18	 1.01	33.66	 0.17	11.08	 2.28	330.97	277.50	287.02	258.90	281.26	0	51.78
2002	6	7	9.069	2714.3779	157.3779	6.3779	 2.17	 0.09	208.17	 0.99	27.90	 0.26	11.05	 2.25	330.96	277.51	287.05	258.90	282.61	0	51.78
2002	6	7	9.746	2714.4060	157.4061	6.4061	 2.09	 0.07	206.50	 0.86	32.88	 0.06	11.17	 2.20	330.95	277.51	286.31	259.14	280.91	0	51.83
2002	6	7	17.096	2714.7124	157.7124	6.7123	 1.27	 0.02	410.44	 1.74	761.66	 0.00	11.08	 1.58	331.36	282.65	342.40	272.69	286.11	0	54.54
2002	6	7	17.772	2714.7405	157.7405	6.7405	 1.27	 0.03	412.57	 2.06	764.47	 0.00	11.08	 1.57	331.50	285.88	353.36	272.73	290.27	0	54.55
2002	6	7	18.448	2714.7686	157.7687	6.7687	 1.32	 0.03	383.16	 1.78	485.76	 0.00	11.07	 1.86	331.41	288.52	349.66	272.68	294.40	0	54.54
2002	6	7	19.124	2714.7969	157.7968	6.7968	 1.40	 0.03	364.38	 1.29	344.72	 0.00	11.08	 2.13	331.49	290.43	348.81	272.24	295.42	0	54.45
2002	6	7	19.800	2714.8250	157.8250	6.8250	 1.40	 0.03	361.65	 1.62	299.87	 0.00	11.10	 2.23	331.99	291.67	350.08	271.19	297.16	0	54.24
2002	6	7	20.475	2714.8530	157.8531	6.8531	 1.38	 0.02	362.48	 1.12	350.09	 0.00	11.07	 2.19	331.91	291.37	350.13	269.95	296.59	0	53.99
2002	6	7	21.152	2714.8813	157.8813	6.8813	 1.31	 0.03	371.15	 1.72	432.83	 0.00	11.07	 2.06	331.83	290.21	351.19	268.11	295.57	0	53.62
2002	6	7	21.827	2714.9094	157.9094	6.9094	 1.29	 0.02	377.04	 1.34	523.24	 0.00	11.07	 1.98	331.78	288.68	351.87	265.84	294.60	0	53.17
2002	6	7	23.209	2714.9670	157.9670	6.9670	 1.34	 0.21	210.90	 6.83	12.23	 1.00	11.12	 2.53	331.56	285.39	297.06	261.93	290.28	0	52.39
2002	6	7	23.885	2714.9951	157.9952	6.9952	 1.28	 0.04	202.70	 1.33	 2.39	 0.99	11.05	 2.23	331.51	284.12	291.44	261.47	288.76	0	52.29
2002	6	8	0.563	2715.0234	158.0235	7.0235	 1.16	 0.04	200.57	 1.46	 3.18	 0.98	11.07	 2.09	331.48	283.00	289.26	260.99	289.04	0	52.20
2002	6	8	1.239	2715.0518	158.0517	7.0516	 1.17	 0.03	201.99	 1.39	 0.66	 1.00	11.07	 2.11	331.45	282.17	288.78	261.03	286.54	0	52.21
2002	6	8	1.917	2715.0798	158.0799	7.0799	 1.16	 0.03	199.41	 1.27	 2.44	 0.98	11.08	 2.12	331.44	281.48	286.41	261.04	286.13	0	52.21
2002	6	8	2.594	2715.1082	158.1081	7.1081	 1.09	 0.03	198.61	 1.31	 1.07	 1.00	11.05	 2.09	331.45	280.99	285.41	261.54	284.99	0	52.31
2002	6	8	3.269	2715.1362	158.1362	7.1362	 1.15	 0.03	201.43	 1.26	 0.74	 1.00	11.08	 2.19	331.44	280.68	286.85	261.62	284.68	0	52.32
2002	6	8	3.944	2715.1643	158.1643	7.1643	 1.06	 0.03	198.18	 1.51	 2.01	 0.99	11.08	 2.07	331.43	280.42	285.26	261.68	284.72	0	52.34
2002	6	8	4.620	2715.1924	158.1925	7.1925	 1.18	 0.03	199.25	 1.20	 4.79	 0.91	11.08	 2.19	331.43	280.11	285.75	260.67	284.37	0	52.13
2002	6	8	5.296	2715.2207	158.2207	7.2207	 1.11	 0.03	200.01	 1.38	 1.85	 0.99	11.07	 2.11	331.41	279.77	284.66	260.33	284.32	0	52.07
2002	6	8	5.971	2715.2488	158.2488	7.2488	 1.15	 0.03	200.27	 1.27	 3.12	 0.97	11.07	 2.24	331.41	279.43	284.61	259.16	282.14	0	51.83
2002	6	8	6.646	2715.2769	158.2769	7.2769	 0.99	 0.03	198.53	 1.73	 0.44	 1.00	11.08	 2.02	331.41	279.11	283.19	259.56	283.27	0	51.91
2002	6	8	7.323	2715.3052	158.3051	7.3051	 1.03	 0.03	199.47	 1.54	 0.60	 1.00	11.07	 2.18	331.41	278.97	284.54	260.35	282.81	0	52.07
2002	6	8	7.998	2715.3333	158.3333	7.3333	 0.99	 0.03	199.05	 1.69	 1.78	 1.00	11.07	 2.13	331.38	278.89	283.68	260.14	282.70	0	52.03
2002	6	8	8.676	2715.3616	158.3615	7.3615	 1.02	 0.04	198.63	 1.98	 2.34	 1.00	11.07	 2.11	331.39	278.71	283.21	259.76	283.06	0	51.95
2002	6	8	9.353	2715.3896	158.3897	7.3897	 1.07	 0.04	200.06	 2.09	 2.47	 1.00	11.07	 2.13	331.36	278.52	285.18	259.29	282.49	0	51.86
2002	6	8	10.030	2715.4180	158.4179	7.4179	 1.01	 0.04	200.33	 1.96	 0.25	 1.00	11.05	 2.11	331.36	278.35	282.73	259.65	282.03	0	51.93
2002	6	8	10.705	2715.4460	158.4460	7.4460	 1.06	 0.03	196.49	 1.26	 2.31	 0.98	11.07	 2.13	331.36	278.30	282.78	259.57	282.50	0	51.91
2002	6	8	11.382	2715.4741	158.4742	7.4742	 1.07	 0.04	196.73	 1.85	 2.73	 0.99	11.07	 2.22	331.40	278.45	284.86	261.26	281.06	0	52.25
2002	6	8	12.058	2715.5024	158.5024	7.5024	 1.00	 0.03	189.18	 1.51	 4.11	 0.95	11.07	 2.17	331.55	279.98	284.60	268.61	283.22	0	53.72
2002	6	8	12.734	2715.5305	158.5306	7.5306	 0.95	 0.04	194.87	 2.38	 5.13	 0.99	11.08	 2.20	331.62	282.24	288.55	271.39	285.91	0	54.28
2002	6	8	13.409	2715.5586	158.5587	7.5587	 0.98	 0.04	189.10	 1.90	 4.76	 0.97	11.08	 2.13	331.80	284.81	290.76	273.76	288.75	0	54.75
2002	6	8	14.084	2715.5869	158.5868	7.5868	 1.04	 0.03	190.48	 1.37	 7.71	 0.80	11.08	 2.16	331.88	287.32	294.59	274.73	291.72	0	54.95
2002	6	8	14.760	2715.6150	158.6150	7.6150	 1.05	 0.04	193.47	 1.83	 4.72	 0.98	11.07	 2.12	331.98	289.51	297.40	274.41	294.25	0	54.88
2002	6	8	15.465	2715.6443	158.6444	7.6444	 1.14	 0.04	197.73	 1.45	 2.48	 0.99	11.08	 2.21	332.07	291.40	299.54	274.22	297.06	0	54.84
2002	6	8	16.141	2715.6726	158.6725	7.6725	 1.11	 0.04	196.33	 1.62	 2.10	 1.00	11.07	 2.01	331.94	292.61	301.88	274.16	297.95	0	54.83
2002	6	8	16.817	2715.7007	158.7007	7.7007	 1.27	 0.06	199.46	 2.14	 5.91	 0.99	11.08	 2.19	331.95	293.68	302.61	274.10	299.01	0	54.82
2002	6	8	17.492	2715.7288	158.7288	7.7288	 1.22	 0.05	202.69	 1.90	 2.59	 1.00	11.08	 2.15	332.29	294.60	304.13	273.76	299.73	0	54.75
2002	6	8	18.168	2715.7571	158.7570	7.7570	 1.31	 0.05	196.81	 1.48	 1.35	 1.00	11.08	 1.95	331.65	295.40	304.30	273.68	300.47	0	54.74
2002	6	8	18.844	2715.7852	158.7852	7.7852	 1.35	 0.05	202.92	 1.45	 1.34	 1.00	11.08	 2.14	331.44	295.92	304.18	273.27	300.89	0	54.65
2002	6	8	19.519	2715.8132	158.8133	7.8133	 1.46	 0.05	205.00	 1.33	 2.49	 0.99	11.10	 2.17	331.07	296.18	306.32	271.92	301.06	0	54.38
2002	6	8	20.194	2715.8416	158.8414	7.8414	 1.61	 0.06	203.00	 1.29	 0.52	 1.00	11.07	 2.09	331.02	295.69	304.98	270.52	300.43	0	54.10
2002	6	8	20.871	2715.8696	158.8696	7.8696	 1.76	 0.08	202.78	 1.35	 2.02	 1.00	11.08	 2.01	330.92	293.63	303.09	269.11	298.79	0	53.82
2002	6	8	21.546	2715.8977	158.8978	7.8978	 1.78	 0.06	203.41	 0.93	 1.81	 0.99	11.07	 2.09	330.91	292.00	300.69	267.08	297.64	0	53.42
2002	6	8	22.222	2715.9258	158.9259	7.9259	 2.02	 0.30	206.02	 3.81	11.38	 1.00	11.07	 2.19	330.87	289.75	298.71	264.86	294.85	0	52.97
2002	6	8	22.898	2715.9541	158.9541	7.9541	 1.78	 0.09	202.23	 1.53	 2.85	 1.00	11.07	 2.07	330.86	287.76	293.42	263.88	293.07	0	52.78
2002	6	8	23.574	2715.9822	158.9822	7.9822	 1.81	 0.06	200.90	 1.03	 1.74	 0.99	11.10	 2.07	330.81	286.11	291.57	262.48	289.48	0	52.50
2002	6	9	0.249	2716.0105	159.0104	8.0104	 1.85	 0.06	203.70	 0.91	 0.83	 1.00	11.07	 2.09	330.80	284.69	291.84	261.94	 0.00	0	52.39
2002	6	9	0.929	2716.0388	159.0387	8.0387	 1.82	 0.07	203.74	 1.07	 1.09	 1.00	11.07	 2.18	330.76	283.57	289.75	261.30	288.20	0	52.26
2002	6	9	1.606	2716.0669	159.0669	8.0669	 1.71	 0.06	204.31	 1.03	 3.52	 0.97	11.08	 2.16	330.72	282.57	289.05	260.84	285.98	0	52.17
2002	6	9	2.283	2716.0952	159.0951	8.0951	 1.79	 0.06	205.26	 1.07	 2.72	 0.99	11.05	 2.21	330.72	281.87	288.61	260.96	286.33	0	52.19
2002	6	9	2.961	2716.1233	159.1234	8.1234	 1.70	 0.04	201.99	 0.83	 0.90	 1.00	11.08	 2.09	330.71	281.34	285.23	261.52	287.38	0	52.30
2002	6	9	3.639	2716.1516	159.1516	8.1516	 1.76	 0.06	202.92	 1.01	 2.52	 0.98	11.13	 2.09	330.72	281.07	285.80	261.95	285.21	0	52.39
2002	6	9	4.322	2716.1802	159.1801	8.1801	 2.03	 0.07	205.87	 0.82	 0.69	 1.00	11.10	 2.23	330.65	280.77	286.81	261.06	283.67	0	52.21
2002	6	9	4.997	2716.2083	159.2082	8.2082	 1.99	 0.09	204.32	 1.12	 2.66	 0.99	11.10	 2.18	330.67	280.47	285.18	261.36	284.86	0	52.27
2002	6	9	5.674	2716.2363	159.2364	8.2364	 2.14	 0.08	205.62	 0.88	 4.45	 0.93	11.08	 2.18	330.64	280.30	285.86	261.20	283.14	0	52.24
2002	6	9	6.351	2716.2646	159.2646	8.2646	 2.13	 0.12	201.24	 1.32	 3.93	 0.99	11.13	 2.09	330.65	280.05	284.38	260.54	284.71	0	52.11
2002	6	9	7.028	2716.2927	159.2928	8.2928	 2.11	 0.08	204.23	 0.84	 1.00	 1.00	11.15	 2.18	330.64	279.84	286.04	259.90	283.36	0	51.98
2002	6	9	7.718	2716.3215	159.3216	8.3216	 1.86	 0.06	201.62	 0.84	 1.26	 0.99	11.32	 2.14	330.61	279.52	285.16	 0.00	283.75	0	54.00
2002	6	9	8.453	2716.3523	159.3522	8.3522	 1.93	 0.07	206.50	 1.00	 1.83	 0.99	11.37	 2.21	330.65	279.28	285.21	258.90	283.94	0	51.78
2002	6	9	9.144	2716.3811	159.3810	8.3810	 1.94	 0.10	200.16	 1.36	 2.92	 1.00	11.33	 2.07	330.55	278.84	282.97	258.76	283.00	0	51.75
2002	6	9	9.837	2716.4099	159.4099	8.4099	 1.93	 0.05	203.67	 0.67	 1.44	 0.98	11.32	 2.11	330.57	278.52	283.38	258.54	282.94	0	51.71
2002	6	9	10.529	2716.4387	159.4387	8.4387	 1.89	 0.08	201.01	 1.09	 2.29	 0.99	11.32	 2.15	330.65	278.08	283.71	 0.00	282.03	0	54.00
2002	6	9	11.224	2716.4678	159.4677	8.4677	 1.71	 0.05	202.36	 0.84	 1.72	 0.98	11.33	 2.21	330.61	277.78	284.26	 0.00	281.91	0	54.00
2002	6	9	11.919	2716.4966	159.4966	8.4966	 1.70	 0.06	195.54	 1.11	 3.38	 0.98	11.30	 2.19	330.73	279.24	284.61	267.55	284.58	0	53.51
2002	6	9	12.610	2716.5254	159.5254	8.5254	 1.67	 0.08	191.78	 1.53	 5.99	 0.98	11.33	 2.17	330.89	281.74	286.39	272.19	285.17	0	54.44
2002	6	9	13.301	2716.5542	159.5542	8.5542	 1.49	 0.04	191.94	 0.91	 2.26	 0.97	11.32	 2.16	331.11	284.35	289.63	271.83	288.25	0	54.37
2002	6	9	13.992	2716.5830	159.5830	8.5830	 1.31	 0.05	191.92	 1.54	 2.93	 0.99	11.33	 2.06	331.21	287.06	293.78	275.69	292.16	0	55.14
2002	6	9	14.683	2716.6118	159.6118	8.6118	 1.29	 0.04	197.09	 1.18	 1.24	 1.00	11.35	 2.14	331.21	289.48	298.10	275.65	294.30	0	55.13
2002	6	9	15.374	2716.6406	159.6406	8.6406	 1.18	 0.04	198.63	 1.70	 1.54	 1.00	11.32	 2.14	331.37	291.63	300.32	274.19	296.77	0	54.84
2002	6	9	16.064	2716.6694	159.6694	8.6694	 1.12	 0.04	201.34	 1.72	 4.65	 0.98	11.33	 2.28	331.34	293.26	303.01	275.04	298.74	0	55.01
2002	6	9	16.755	2716.6982	159.6981	8.6981	 0.96	 0.04	194.60	 2.09	 3.05	 0.99	11.32	 2.14	331.46	294.55	303.56	275.42	299.97	0	55.08
2002	6	9	17.446	2716.7268	159.7269	8.7269	 0.90	 0.03	193.38	 2.13	 4.62	 0.98	11.33	 1.99	331.69	295.67	304.50	274.13	301.10	0	54.83
2002	6	9	18.137	2716.7556	159.7557	8.7557	 0.95	 0.03	196.69	 1.73	 1.51	 1.00	11.33	 2.29	331.19	296.38	307.82	273.81	302.29	0	54.76
2002	6	10	11.932	2717.4971	160.4972	9.4972	 0.91	 0.03	185.80	 1.66	 1.77	 0.99	10.88	 2.10	331.76	279.56	283.40	266.73	284.97	0	53.35
2002	6	10	12.598	2717.5249	160.5249	9.5249	 0.91	 0.04	184.16	 2.70	 2.99	 1.00	10.85	 2.12	331.84	281.86	286.33	271.57	285.28	0	54.31
2002	6	10	13.261	2717.5525	160.5526	9.5526	 0.99	 0.02	187.56	 1.15	 3.05	 0.92	10.82	 2.20	331.94	284.27	290.71	273.43	289.02	0	54.69
2002	6	10	13.924	2717.5801	160.5802	9.5802	 1.01	 0.04	189.21	 1.83	11.35	 0.84	10.85	 2.21	332.02	286.67	294.73	274.05	291.95	0	54.81
2002	6	10	14.585	2717.6077	160.6077	9.6077	 0.96	 0.04	188.52	 2.14	 4.88	 0.98	10.82	 2.07	332.10	288.78	297.06	274.37	293.51	0	54.87
2002	6	10	15.247	2717.6353	160.6353	9.6353	 1.13	 0.04	193.53	 1.66	 3.59	 0.99	10.82	 2.16	332.17	290.57	298.26	274.06	295.58	0	54.81
2002	6	10	15.908	2717.6628	160.6628	9.6628	 1.09	 0.05	195.57	 2.29	 6.41	 0.99	10.85	 2.12	332.22	292.03	299.59	274.05	297.26	0	54.81
2002	6	10	16.569	2717.6904	160.6904	9.6904	 1.19	 0.05	203.92	 2.04	 4.69	 0.99	10.87	 2.19	332.24	293.00	303.68	 0.00	298.97	0	54.00
2002	6	10	17.232	2717.7180	160.7180	9.7180	 1.06	 0.05	195.78	 2.23	 1.56	 1.00	10.85	 1.97	332.22	293.96	301.18	273.89	299.34	0	54.78
2002	6	10	17.893	2717.7456	160.7455	9.7455	 1.17	 0.05	193.96	 1.93	 1.10	 1.00	10.87	 2.00	332.24	294.79	303.20	273.72	300.10	0	54.74
2002	6	10	18.555	2717.7732	160.7731	9.7731	 1.16	 0.05	199.06	 1.91	 0.86	 1.00	10.85	 2.05	332.22	295.47	303.01	273.55	301.31	0	54.71
2002	6	10	19.216	2717.8008	160.8007	9.8007	 1.20	 0.05	204.00	 2.11	 1.66	 1.00	10.83	 2.12	332.21	295.98	306.24	272.87	301.09	0	54.57
2002	6	10	19.879	2717.8284	160.8283	9.8283	 1.20	 0.05	200.74	 1.81	 2.50	 1.00	10.83	 2.04	332.15	296.25	305.87	271.37	303.97	0	54.27
2002	6	11	13.426	2718.5593	161.5594	10.5594	 1.35	 0.04	190.87	 1.11	 5.81	 0.88	10.88	 2.15	331.98	285.45	291.23	273.55	290.14	0	54.71
2002	6	11	14.088	2718.5869	161.5870	10.5870	 1.40	 0.05	193.40	 1.37	 2.95	 0.99	10.83	 2.23	332.02	287.51	294.29	273.65	292.61	0	54.73
2002	6	11	14.750	2718.6145	161.6146	10.6146	 1.30	 0.06	198.20	 1.89	 6.17	 0.98	10.83	 2.32	332.10	289.21	298.25	273.53	294.01	0	54.71
2002	6	11	15.411	2718.6421	161.6421	10.6421	 1.26	 0.06	196.74	 1.97	 2.75	 1.00	10.85	 2.17	332.17	290.60	298.91	272.89	295.64	0	54.58
2002	6	11	16.073	2718.6697	161.6697	10.6697	 1.31	 0.05	199.04	 1.53	 1.93	 1.00	10.85	 2.21	332.15	291.60	300.31	272.93	296.88	0	54.59
2002	6	11	16.735	2718.6973	161.6973	10.6973	 1.27	 0.06	200.04	 2.06	 2.49	 1.00	10.83	 2.10	332.25	292.44	302.54	272.91	297.75	0	54.58
2002	6	11	17.396	2718.7249	161.7248	10.7248	 1.24	 0.04	203.37	 1.34	10.92	 0.77	10.85	 2.23	332.26	293.31	303.24	272.73	298.70	0	54.55
2002	6	11	18.058	2718.7524	161.7524	10.7524	 1.07	 0.03	201.11	 1.63	 6.06	 0.94	10.83	 1.95	332.22	294.15	303.53	272.43	299.33	0	54.49
2002	6	11	18.720	2718.7800	161.7800	10.7800	 1.15	 0.06	203.26	 2.48	 1.18	 1.00	10.83	 2.04	332.22	294.87	304.83	272.22	299.96	0	54.44
2002	6	11	19.381	2718.8076	161.8075	10.8075	 1.30	 0.06	201.58	 2.02	 3.51	 1.00	10.85	 2.05	332.15	295.29	304.60	271.51	300.25	0	54.30
2002	6	11	20.042	2718.8352	161.8351	10.8351	 1.58	 0.04	203.73	 0.93	 0.69	 1.00	10.85	 2.13	332.03	295.17	304.82	270.21	302.48	0	54.04
2002	6	11	20.706	2718.8628	161.8627	10.8627	 1.67	 0.08	201.95	 1.46	 0.98	 1.00	10.85	 2.15	331.87	293.23	301.49	268.00	298.08	0	53.60
2002	6	11	21.367	2718.8904	161.8903	10.8903	 1.60	 0.09	200.77	 1.85	 2.04	 1.00	10.85	 2.16	331.86	291.25	299.97	266.28	295.88	0	53.26
2002	6	12	15.172	2719.6321	162.6322	11.6322	 1.29	 0.05	200.27	 1.60	 1.59	 1.00	10.88	 2.28	332.13	289.50	298.95	271.60	294.40	0	54.32
2002	6	12	15.834	2719.6597	162.6598	11.6598	 1.33	 0.06	193.91	 1.87	 1.35	 1.00	10.85	 2.11	332.14	290.68	299.54	271.37	296.39	0	54.27
2002	6	12	16.496	2719.6873	162.6873	11.6873	 1.21	 0.06	201.90	 2.14	 2.19	 1.00	10.83	 2.27	332.18	291.28	299.80	271.18	296.54	0	54.24
2002	6	12	17.157	2719.7148	162.7149	11.7149	 1.34	 0.06	197.52	 1.83	 7.29	 0.98	10.85	 2.20	332.19	292.04	299.73	271.28	297.29	0	54.26
2002	6	12	17.819	2719.7424	162.7425	11.7425	 1.21	 0.05	199.11	 1.89	 1.69	 1.00	10.83	 1.98	332.19	292.78	302.48	271.28	298.70	0	54.26
2002	6	12	18.481	2719.7700	162.7701	11.7700	 1.60	 0.07	201.92	 1.51	 0.96	 1.00	10.85	 2.15	332.18	293.46	302.46	270.92	298.73	0	54.18
2002	6	12	19.143	2719.7976	162.7976	11.7976	 1.66	 0.07	206.45	 1.36	 2.34	 1.00	10.85	 2.29	332.16	293.77	303.48	270.41	298.94	0	54.08
2002	6	12	19.805	2719.8252	162.8252	11.8252	 1.76	 0.09	197.04	 1.45	 3.78	 0.99	10.83	 1.94	332.11	293.99	301.43	269.72	298.96	0	53.94
2002	6	12	20.466	2719.8528	162.8527	11.8527	 2.34	 0.10	207.05	 0.87	 1.34	 1.00	10.85	 2.21	331.97	292.97	302.22	268.04	297.93	0	53.61
2002	6	12	21.128	2719.8804	162.8803	11.8803	 2.69	 0.20	202.90	 1.12	 1.18	 1.00	10.83	 2.10	331.88	291.30	299.27	267.01	295.24	0	53.40
2002	6	12	21.789	2719.9080	162.9079	11.9079	 2.25	 0.11	198.92	 1.01	 0.34	 1.00	10.83	 2.01	331.81	289.84	295.55	264.38	293.61	0	52.88
2002	6	12	23.115	2719.9631	162.9631	11.9631	 2.29	 0.14	198.56	 1.19	 2.82	 0.99	10.85	 1.99	331.73	286.06	291.85	261.15	290.82	0	52.23
2002	6	12	23.778	2719.9907	162.9907	11.9907	 1.72	 0.06	200.41	 1.07	 0.19	 1.00	10.85	 2.09	331.67	284.50	291.39	260.59	288.78	0	52.12
2002	6	13	0.439	2720.0183	163.0183	12.0183	 1.58	 0.05	204.24	 1.04	 3.40	 0.97	10.85	 2.18	331.65	283.18	290.65	260.33	287.68	0	52.07
2002	6	13	1.102	2720.0459	163.0459	12.0459	 1.51	 0.04	200.60	 0.92	 1.67	 0.99	10.85	 2.20	331.62	282.13	287.95	260.26	286.88	0	52.05
2002	6	13	1.764	2720.0735	163.0735	12.0735	 1.40	 0.04	199.16	 1.12	 0.98	 1.00	10.83	 2.12	331.62	281.29	287.23	260.66	285.98	0	52.13
2002	6	13	2.425	2720.1011	163.1010	12.1010	 1.50	 0.05	202.52	 1.11	 3.96	 0.96	10.85	 2.20	331.62	280.71	287.40	260.45	284.77	0	52.09
2002	6	13	3.089	2720.1287	163.1287	12.1287	 1.61	 0.05	201.18	 1.11	 4.81	 0.95	10.85	 2.27	331.60	280.24	286.48	260.41	283.68	0	52.08
2002	6	13	3.753	2720.1565	163.1564	12.1564	 1.45	 0.05	200.25	 1.29	 3.76	 0.98	10.85	 2.17	331.47	279.79	286.30	 0.00	282.86	0	54.00
2002	6	13	4.421	2720.1843	163.1842	12.1842	 1.38	 0.05	195.59	 1.28	 1.84	 1.00	10.82	 2.06	331.76	279.31	282.48	 0.00	283.83	0	54.00
2002	6	13	5.088	2720.2119	163.2120	12.2120	 1.56	 0.06	199.22	 1.35	 0.57	 1.00	10.85	 2.12	331.55	278.84	283.29	258.52	282.19	0	51.70
2002	6	13	5.756	2720.2397	163.2398	12.2398	 1.51	 0.05	198.72	 1.08	 2.79	 0.98	10.87	 2.13	331.56	278.42	283.29	 0.00	280.97	0	54.00
2002	6	13	6.422	2720.2676	163.2676	12.2676	 1.63	 0.05	201.78	 0.94	 2.42	 0.98	10.88	 2.22	331.43	278.16	283.99	258.32	282.06	0	51.66
2002	6	13	7.088	2720.2954	163.2953	12.2953	 1.57	 0.05	196.51	 1.07	 1.84	 0.99	10.92	 2.11	331.56	277.85	280.75	 0.00	282.16	0	54.00
2002	6	13	7.784	2720.3242	163.3243	12.3243	 2.02	 0.09	207.13	 1.08	22.07	 0.47	10.82	 2.21	331.59	277.72	286.98	258.77	280.47	0	51.75
2002	6	13	8.446	2720.3521	163.3519	12.3519	 2.01	 0.07	208.23	 0.88	37.18	 0.04	10.82	 2.21	331.55	277.56	287.50	258.42	280.58	0	51.68
2002	6	13	9.112	2720.3796	163.3797	12.3797	 1.93	 0.07	204.53	 1.01	33.34	 0.14	10.90	 2.20	331.55	277.38	286.80	 0.00	280.94	0	54.00
2002	6	13	9.777	2720.4075	163.4074	12.4074	 1.90	 0.07	207.39	 1.07	30.73	 0.24	10.85	 2.24	331.55	277.22	286.76	258.15	279.57	0	51.63
2002	6	13	10.440	2720.4351	163.4350	12.4350	 1.80	 0.06	208.45	 0.99	41.69	 0.04	10.90	 2.25	331.50	277.05	286.59	258.28	280.82	0	51.66
2002	6	13	11.108	2720.4629	163.4628	12.4628	 1.79	 0.07	207.16	 1.26	41.57	 0.22	10.83	 2.19	331.56	276.96	286.70	258.24	 0.00	0	51.65
2002	6	13	11.773	2720.4905	163.4905	12.4905	 1.84	 0.06	200.80	 0.97	28.77	 0.15	10.83	 2.23	331.71	278.06	287.54	264.20	281.13	0	52.84
2002	6	13	12.441	2720.5183	163.5184	12.5184	 1.77	 0.06	202.84	 0.94	27.45	 0.14	10.90	 2.32	331.78	279.96	289.72	267.43	285.71	0	53.49
2002	6	13	13.107	2720.5461	163.5461	12.5461	 1.64	 0.05	207.41	 1.03	24.60	 0.24	10.80	 2.30	331.90	281.87	293.73	 0.00	285.51	0	54.00
2002	6	13	13.769	2720.5737	163.5737	12.5737	 1.76	 0.05	210.50	 0.94	25.81	 0.16	10.83	 2.43	332.01	283.93	296.96	269.62	288.89	0	53.92
2002	6	13	14.431	2720.6013	163.6013	12.6013	 1.63	 0.05	213.67	 1.18	32.98	 0.23	10.82	 2.49	332.10	285.80	298.96	269.96	290.80	0	53.99
2002	6	13	15.092	2720.6289	163.6289	12.6289	 1.66	 0.05	215.98	 0.95	26.55	 0.13	10.83	 2.45	332.16	287.44	302.15	270.08	292.11	0	54.02
2002	6	13	15.754	2720.6565	163.6564	12.6564	 1.79	 0.09	219.28	 1.62	21.72	 0.82	10.85	 2.61	332.24	288.79	303.45	270.06	293.71	0	54.01
2002	6	13	16.415	2720.6841	163.6840	12.6840	 1.93	 0.08	219.72	 1.22	14.17	 0.79	10.83	 2.46	332.28	289.56	303.76	269.89	295.35	0	53.98
2002	6	13	17.077	2720.7114	163.7115	12.7115	 1.92	 0.08	220.92	 1.20	 9.95	 0.89	10.83	 2.38	332.32	290.61	305.13	269.91	296.74	0	53.98
2002	6	13	17.738	2720.7390	163.7391	12.7391	 2.25	 0.12	218.80	 1.18	 3.99	 0.99	10.85	 2.46	332.33	291.58	304.55	269.81	296.77	0	53.96
2002	6	14	11.337	2721.4724	164.4724	13.4724	 1.14	 0.04	188.42	 1.43	 2.28	 0.99	10.87	 2.05	331.65	276.63	279.92	260.04	281.71	0	52.01
2002	6	14	12.007	2721.5002	164.5003	13.5003	 1.15	 0.04	185.83	 1.58	 2.28	 0.99	10.87	 2.19	331.74	278.58	283.51	 0.00	280.63	0	54.00
2002	6	14	12.670	2721.5278	164.5279	13.5279	 1.11	 0.04	189.16	 1.55	 2.49	 0.99	10.82	 2.11	331.83	280.68	285.91	268.00	282.63	0	53.60
2002	6	14	13.332	2721.5554	164.5555	13.5555	 1.16	 0.05	183.61	 1.84	 1.15	 1.00	10.83	 2.03	331.91	282.89	287.31	 0.00	289.90	0	54.00
2002	6	14	13.993	2721.5830	164.5830	13.5830	 1.23	 0.03	191.70	 1.01	 3.16	 0.93	10.83	 2.27	332.01	284.98	292.87	270.64	289.29	0	54.13
2002	6	14	14.654	2721.6106	164.6106	13.6106	 1.10	 0.04	186.21	 1.81	 3.98	 0.99	10.85	 2.00	332.08	286.90	293.13	270.89	291.51	0	54.18
2002	6	14	15.316	2721.6382	164.6382	13.6381	 1.11	 0.05	190.73	 2.20	 2.33	 1.00	10.85	 2.12	332.19	288.49	296.34	270.48	293.38	0	54.10
2002	6	14	15.977	2721.6658	164.6657	13.6657	 1.18	 0.04	197.04	 1.52	 2.66	 0.99	10.82	 2.21	332.23	289.70	298.38	270.78	294.86	0	54.16
2002	6	14	16.639	2721.6934	164.6933	13.6933	 1.14	 0.04	195.49	 1.82	 3.42	 0.99	10.85	 2.03	332.31	290.61	298.12	270.76	296.52	0	54.15
2002	6	14	17.301	2721.7209	164.7209	13.7209	 1.28	 0.04	197.01	 1.46	 2.00	 1.00	10.85	 2.16	332.35	291.60	299.78	270.47	297.92	0	54.09
2002	6	14	17.962	2721.7485	164.7484	13.7484	 1.41	 0.04	196.11	 0.99	 1.17	 0.99	10.85	 2.11	332.36	292.42	300.80	270.19	297.77	0	54.04
2002	6	14	18.624	2721.7761	164.7760	13.7760	 1.56	 0.07	200.18	 1.53	 2.27	 1.00	10.85	 2.15	332.37	293.18	302.28	269.76	298.39	0	53.95
2002	6	14	19.286	2721.8035	164.8036	13.8036	 1.53	 0.07	199.66	 1.60	 3.12	 1.00	10.85	 2.02	332.34	293.61	302.19	269.37	298.69	0	53.87
2002	6	14	19.947	2721.8311	164.8311	13.8311	 1.75	 0.07	200.69	 1.29	 2.53	 0.99	10.85	 2.08	332.24	293.80	301.98	268.24	299.62	0	53.65
2002	6	14	20.609	2721.8586	164.8587	13.8587	 1.84	 0.08	200.85	 1.21	 2.56	 0.99	10.85	 2.08	332.09	292.39	300.37	267.34	297.36	0	53.47
2002	6	14	21.270	2721.8862	164.8863	13.8863	 1.91	 0.06	201.39	 0.82	 2.19	 0.98	10.83	 2.12	332.02	290.75	298.67	265.39	296.43	0	53.08
2002	6	14	23.256	2721.9690	164.9690	13.9690	 1.57	 0.09	201.46	 2.04	 1.19	 1.00	10.85	 2.09	331.80	285.00	291.84	259.48	291.18	0	51.90
2002	6	14	23.922	2721.9968	164.9967	13.9967	 1.51	 0.05	199.49	 1.28	 0.95	 1.00	10.85	 2.10	331.78	283.25	289.16	258.10	286.69	0	51.62
2002	6	15	0.584	2722.0244	165.0243	14.0243	 1.37	 0.04	196.77	 1.21	 1.07	 1.00	10.88	 2.13	331.77	281.90	287.20	 0.00	285.94	0	54.00
2002	6	15	1.247	2722.0520	165.0520	14.0520	 1.34	 0.05	195.31	 1.39	 0.27	 1.00	10.88	 2.12	331.72	280.77	286.00	 0.00	286.55	0	54.00
2002	6	15	1.911	2722.0796	165.0796	14.0796	 1.18	 0.04	196.58	 1.70	 1.80	 1.00	10.85	 2.17	331.69	279.82	285.07	257.66	283.21	0	51.53
2002	6	15	2.575	2722.1072	165.1073	14.1073	 1.08	 0.04	193.94	 1.82	 1.55	 1.00	10.82	 2.15	331.66	279.07	284.93	 0.00	283.31	0	54.00
2002	6	15	3.237	2722.1348	165.1349	14.1349	 1.05	 0.03	195.11	 1.44	 1.62	 0.99	10.87	 2.12	331.69	278.47	282.99	257.64	281.09	0	51.53
2002	6	15	3.929	2722.1638	165.1637	14.1637	 1.52	 0.05	206.09	 1.31	104.34	 0.00	10.90	 2.19	331.71	278.15	289.23	258.26	281.95	0	51.65
2002	6	15	4.593	2722.1914	165.1914	14.1914	 1.49	 0.04	205.66	 1.05	102.91	 0.00	10.80	 2.29	331.67	277.98	290.13	 0.00	281.82	0	54.00
2002	6	15	5.258	2722.2190	165.2191	14.2191	 1.51	 0.05	205.42	 1.10	97.90	 0.00	10.85	 2.37	331.64	277.77	288.87	257.68	281.07	0	51.54
2002	6	15	5.921	2722.2468	165.2467	14.2467	 1.44	 0.03	206.12	 0.89	103.77	 0.00	10.85	 2.28	331.61	277.39	288.93	256.56	281.46	0	51.31
2002	6	15	6.583	2722.2744	165.2743	14.2743	 1.46	 0.04	204.03	 0.93	107.26	 0.00	10.83	 2.33	331.62	277.00	288.66	 0.00	281.02	0	54.00
2002	6	15	7.245	2722.3018	165.3019	14.3019	 1.47	 0.04	206.24	 1.11	128.38	 0.00	10.87	 2.36	331.60	276.62	288.35	255.94	279.87	0	51.19
2002	6	15	7.909	2722.3296	165.3295	14.3295	 1.48	 0.03	208.11	 0.88	113.65	 0.00	10.85	 2.42	331.62	276.36	289.87	255.86	280.63	0	51.17
2002	6	15	8.578	2722.3574	165.3574	14.3574	 1.37	 0.05	203.86	 1.33	143.66	 0.00	10.85	 2.24	331.59	276.11	286.14	255.90	281.49	0	51.18
2002	6	15	9.241	2722.3850	165.3851	14.3851	 1.38	 0.05	204.94	 1.39	117.82	 0.00	10.83	 2.40	331.58	275.92	287.71	 0.00	279.04	0	54.00
2002	6	15	9.906	2722.4128	165.4128	14.4128	 1.29	 0.04	203.59	 1.26	161.38	 0.00	10.88	 2.35	331.76	275.77	287.69	 0.00	279.97	0	54.00
2002	6	15	10.574	2722.4407	165.4406	14.4406	 1.26	 0.04	203.19	 1.37	166.95	 0.00	10.82	 2.31	331.56	275.59	288.64	 0.00	277.90	0	54.00
2002	6	15	11.238	2722.4683	165.4683	14.4683	 1.27	 0.03	200.10	 1.09	209.27	 0.00	10.87	 2.31	331.59	275.46	288.95	 0.00	279.44	0	54.00
2002	6	15	11.904	2722.4961	165.4960	14.4960	 1.25	 0.04	201.20	 1.45	144.08	 0.00	10.88	 2.37	331.79	277.05	290.01	264.89	279.32	0	52.98
2002	6	15	12.570	2722.5237	165.5238	14.5238	 1.15	 0.02	205.34	 1.00	176.68	 0.00	10.83	 2.39	331.96	279.46	291.97	268.42	285.74	0	53.68
2002	6	15	13.233	2722.5513	165.5514	14.5514	 1.13	 0.03	209.00	 1.33	138.10	 0.00	10.83	 2.41	332.09	282.11	295.70	273.18	287.04	0	54.64
2002	6	15	13.894	2722.5789	165.5789	14.5789	 1.12	 0.03	212.78	 1.60	141.21	 0.00	10.83	 2.49	332.23	285.11	298.95	275.02	290.28	0	55.00
2002	6	15	14.555	2722.6064	165.6065	14.6065	 1.14	 0.02	216.83	 0.95	125.98	 0.00	10.85	 2.49	332.31	287.80	303.97	275.77	292.81	0	55.15
2002	6	15	15.217	2722.6340	165.6340	14.6340	 1.18	 0.02	221.62	 1.02	98.56	 0.00	10.83	 2.57	332.36	290.10	306.27	274.58	296.05	0	54.92
2002	6	15	15.878	2722.6616	165.6616	14.6616	 1.16	 0.03	223.02	 1.38	101.85	 0.00	10.85	 2.56	332.37	291.92	308.78	274.23	297.48	0	54.85
2002	6	15	16.540	2722.6892	165.6891	14.6892	 1.21	 0.02	226.97	 0.74	98.52	 0.00	10.83	 2.72	332.38	293.08	310.90	273.85	298.77	0	54.77
2002	6	15	20.541	2722.8560	165.8559	14.8559	 0.78	 0.03	193.12	 2.40	 3.30	 0.99	10.88	 2.08	332.03	294.31	304.14	269.24	300.27	0	53.85
2002	6	15	21.203	2722.8835	165.8835	14.8835	 0.86	 0.03	194.63	 2.07	 1.84	 1.00	10.82	 2.12	331.83	292.54	303.34	268.02	298.32	0	53.60
2002	6	15	21.865	2722.9111	165.9110	14.9110	 0.95	 0.24	197.75	14.31	106.32	 1.00	10.85	 2.28	331.74	290.83	301.50	264.75	296.47	0	52.95
2002	6	15	22.528	2722.9387	165.9387	14.9387	 1.06	 0.05	196.53	 2.38	 7.65	 0.98	10.85	 2.26	331.70	288.48	300.47	261.86	293.72	0	52.37
2002	6	15	23.189	2722.9663	165.9662	14.9662	 0.84	 0.02	194.16	 1.75	 1.55	 0.99	10.83	 2.08	331.66	286.19	294.00	259.10	290.84	0	51.82
2002	6	15	23.853	2722.9939	165.9939	14.9939	 0.94	 0.02	194.89	 1.32	 3.19	 0.94	10.90	 2.21	331.63	284.18	292.18	258.15	288.53	0	51.63
2002	6	16	0.517	2723.0215	166.0215	15.0216	 0.90	 0.02	194.25	 1.08	 2.76	 0.87	10.87	 2.20	331.63	282.58	289.48	258.26	285.46	0	51.65
2002	6	16	1.179	2723.0491	166.0491	15.0491	 0.90	 0.03	187.25	 1.84	 0.90	 1.00	10.83	 2.17	331.62	281.28	286.83	 0.00	285.92	0	54.00
2002	6	16	1.843	2723.0769	166.0768	15.0768	 0.78	 0.02	191.01	 2.06	 3.75	 0.96	10.88	 2.16	331.62	280.33	287.10	258.47	284.53	0	51.69
2002	6	16	2.507	2723.1045	166.1045	15.1045	 0.86	 0.04	189.58	 2.55	 3.42	 0.99	10.83	 2.25	331.61	279.65	286.61	257.97	283.66	0	51.59
2002	6	16	3.171	2723.1321	166.1321	15.1321	 0.77	 0.03	191.89	 2.93	 0.40	 1.00	10.85	 2.11	331.59	278.95	283.77	257.73	282.51	0	51.55
2002	6	16	3.834	2723.1597	166.1598	15.1598	 0.81	 0.03	188.91	 2.11	 2.99	 0.98	10.83	 2.13	331.61	278.70	283.53	 0.00	282.62	0	54.00
2002	6	16	4.495	2723.1873	166.1873	15.1873	 1.14	 0.03	200.40	 1.39	 1.17	 1.00	10.83	 2.20	331.61	278.82	285.57	261.32	281.47	0	52.26
2002	6	16	5.157	2723.2148	166.2149	15.2149	 1.30	 0.04	200.02	 1.22	 2.73	 0.98	10.83	 2.27	331.62	279.21	285.06	262.62	283.28	0	52.52
2002	6	16	5.820	2723.2424	166.2425	15.2425	 1.07	 0.03	196.05	 1.25	 6.97	 0.79	10.82	 2.13	331.64	279.55	283.69	262.49	284.05	0	52.50
2002	6	16	6.484	2723.2703	166.2702	15.2702	 1.11	 0.04	196.82	 1.70	 2.03	 1.00	10.92	 2.14	331.63	279.74	284.41	262.24	283.34	0	52.45
2002	6	16	7.146	2723.2979	166.2977	15.2977	 1.16	 0.04	198.94	 1.59	 2.04	 1.00	10.88	 2.21	331.63	279.91	286.11	262.10	284.15	0	52.42
2002	6	16	7.807	2723.3252	166.3253	15.3253	 1.16	 0.03	194.76	 1.21	 4.39	 0.92	10.83	 2.22	331.61	280.06	285.25	262.52	286.26	0	52.50
2002	6	16	8.470	2723.3528	166.3529	15.3529	 0.99	 0.03	196.61	 1.86	 5.87	 0.96	10.85	 2.10	331.61	279.97	285.65	260.49	284.49	0	52.10
2002	6	16	9.135	2723.3806	166.3806	15.3806	 0.98	 0.03	191.02	 1.53	 6.15	 0.89	10.85	 2.05	331.55	279.65	283.41	 0.00	284.44	0	54.00
2002	6	16	9.798	2723.4082	166.4082	15.4082	 1.04	 0.04	195.31	 1.86	 2.27	 1.00	10.85	 2.15	331.61	279.45	284.18	260.49	284.15	0	52.10
2002	6	16	10.462	2723.4358	166.4359	15.4359	 1.08	 0.03	197.37	 1.57	 5.87	 0.94	11.00	 2.14	331.62	279.31	284.90	260.31	283.26	0	52.06
2002	6	16	11.128	2723.4636	166.4637	15.4637	 1.14	 0.03	197.04	 1.20	 4.19	 0.92	10.83	 2.19	331.59	279.24	285.59	 0.00	282.26	0	54.00
2002	6	16	11.794	2723.4915	166.4914	15.4914	 1.23	 0.03	189.38	 0.98	 4.46	 0.85	10.83	 2.17	331.73	280.47	286.63	 0.00	284.42	0	54.00
2002	6	16	12.455	2723.5190	166.5190	15.5190	 1.21	 0.03	188.94	 0.96	 6.22	 0.71	10.83	 2.12	331.83	282.45	286.79	269.45	288.89	0	53.89
2002	6	16	13.146	2723.5479	166.5478	15.5478	 1.42	 0.03	191.99	 0.77	 5.66	 0.66	10.88	 2.22	331.99	284.65	291.36	270.49	291.73	0	54.10
2002	6	16	13.809	2723.5754	166.5754	15.5754	 1.18	 0.04	191.34	 1.50	 1.43	 1.00	10.82	 2.16	332.01	286.87	294.70	273.66	292.04	0	54.73
2002	6	16	14.471	2723.6030	166.6030	15.6030	 1.27	 0.05	195.67	 1.81	 2.88	 1.00	10.85	 2.27	332.10	288.75	297.04	273.65	294.55	0	54.73
2002	6	16	15.133	2723.6306	166.6305	15.6305	 1.33	 0.07	196.49	 2.02	 1.83	 1.00	10.85	 2.15	332.17	290.33	298.90	272.83	295.46	0	54.57
2002	6	16	15.794	2723.6582	166.6581	15.6581	 1.64	 0.07	198.40	 1.37	 0.69	 1.00	10.85	 2.12	332.21	291.47	300.32	272.25	296.86	0	54.45
2002	6	16	16.456	2723.6858	166.6857	15.6857	 1.75	 0.09	201.77	 1.54	 1.26	 1.00	10.82	 2.19	332.27	292.16	302.05	272.18	297.74	0	54.44
2002	6	16	17.118	2723.7134	166.7133	15.7133	 1.58	 0.09	202.21	 1.92	 3.96	 1.00	10.87	 2.07	332.32	292.96	302.65	271.71	298.60	0	54.34
2002	6	16	17.780	2723.7407	166.7408	15.7408	 1.99	 0.12	201.71	 1.49	 2.69	 1.00	10.87	 2.10	332.24	293.74	303.16	271.26	299.28	0	54.25
2002	6	16	18.442	2723.7683	166.7684	15.7684	 2.17	 0.14	198.93	 1.42	 1.23	 1.00	10.85	 2.03	332.28	294.21	302.85	271.05	299.45	0	54.21
2002	6	16	19.104	2723.7959	166.7960	15.7960	 2.55	 0.20	199.04	 1.32	 3.87	 0.99	10.82	 2.07	332.15	294.07	301.42	270.62	299.33	0	54.12
2002	6	16	19.766	2723.8235	166.8236	15.8236	 2.40	 0.19	200.14	 1.48	 2.25	 1.00	10.83	 2.01	332.05	293.33	301.03	269.25	299.25	0	53.85
2002	6	16	20.428	2723.8511	166.8512	15.8512	 2.86	 0.20	204.92	 0.96	 4.17	 0.97	10.83	 2.19	331.93	291.96	301.12	267.57	296.86	0	53.51
2002	6	16	21.090	2723.8787	166.8787	15.8787	 3.80	 0.52	203.30	 0.93	 1.40	 1.00	10.82	 2.17	331.89	290.52	298.89	 0.00	295.58	0	54.00
2002	6	16	21.751	2723.9062	166.9063	15.9063	 3.34	 0.31	207.06	 0.91	 2.32	 0.99	10.85	 2.24	331.85	289.18	299.26	 0.00	292.54	0	54.00
2002	6	16	22.416	2723.9341	166.9340	15.9340	 2.70	 0.35	203.27	 1.99	 2.09	 1.00	10.85	 2.17	331.84	287.97	294.43	264.28	292.78	0	52.86
2002	6	16	23.078	2723.9617	166.9616	15.9616	 3.11	 0.23	202.31	 0.83	 2.23	 0.99	10.85	 2.15	331.81	286.99	292.93	263.82	290.12	0	52.76
2002	6	16	23.741	2723.9893	166.9892	15.9892	 2.84	 0.24	202.60	 1.14	 0.29	 1.00	10.85	 2.14	331.80	286.24	293.42	 0.00	290.91	0	54.00
2002	6	17	0.406	2724.0168	167.0169	16.0169	 2.47	 0.12	202.66	 0.89	 1.52	 1.00	10.82	 2.18	331.78	285.70	291.17	262.83	290.30	0	52.57
2002	6	17	1.067	2724.0444	167.0445	16.0445	 2.31	 0.11	203.31	 0.98	 2.73	 0.99	10.85	 2.18	331.75	285.10	291.52	262.51	290.04	0	52.50
2002	6	17	1.734	2724.0723	167.0722	16.0722	 2.68	 0.19	201.47	 1.08	 1.86	 1.00	10.85	 2.11	331.74	284.55	290.24	262.45	287.41	0	52.49
2002	6	17	2.397	2724.0999	167.0999	16.0999	 2.27	 0.08	201.36	 0.70	 0.46	 1.00	10.82	 2.17	331.74	283.95	290.41	 0.00	289.97	0	54.00
2002	6	17	3.058	2724.1274	167.1274	16.1274	 1.93	 0.08	199.00	 1.03	 0.71	 1.00	10.93	 2.22	331.69	282.86	289.06	 0.00	287.69	0	54.00
2002	6	17	3.723	2724.1550	167.1551	16.1551	 1.91	 0.09	198.54	 1.26	 1.44	 1.00	10.80	 2.19	331.66	281.61	287.57	 0.00	285.62	0	54.00
2002	6	17	4.390	2724.1829	167.1829	16.1829	 1.94	 0.07	204.40	 0.99	 0.53	 1.00	10.83	 2.24	331.63	280.48	288.02	257.52	283.47	0	51.50
2002	6	17	5.054	2724.2107	167.2106	16.2106	 1.68	 0.05	198.16	 0.96	 0.54	 1.00	10.97	 2.19	331.60	279.53	286.03	 0.00	 0.00	0	54.00
2002	6	17	5.759	2724.2400	167.2400	16.2400	 1.46	 0.05	199.62	 1.26	 1.27	 1.00	11.13	 2.11	331.66	278.76	283.97	257.91	284.16	0	51.58
2002	6	17	6.438	2724.2683	167.2682	16.2683	 1.63	 0.05	197.96	 1.03	 0.35	 1.00	11.10	 2.03	331.60	278.15	282.44	257.60	 0.00	0	51.52
2002	6	17	7.118	2724.2966	167.2966	16.2966	 1.79	 0.09	194.62	 1.36	 1.99	 1.00	11.05	 2.09	331.62	277.66	281.11	 0.00	281.87	0	54.00
2002	6	17	7.797	2724.3250	167.3249	16.3249	 1.69	 0.07	194.72	 1.25	 0.56	 1.00	11.07	 2.08	331.60	277.25	281.40	 0.00	 0.00	0	54.00
2002	6	17	8.473	2724.3530	167.3531	16.3531	 1.28	 0.07	197.35	 2.19	 3.32	 1.00	11.07	 2.07	331.65	276.92	281.21	257.62	280.79	0	51.52
2002	6	17	9.149	2724.3811	167.3812	16.3812	 1.40	 0.04	195.89	 1.19	 1.70	 0.99	11.08	 2.10	331.82	276.61	280.58	257.41	280.82	0	51.48
2002	6	17	9.826	2724.4094	167.4094	16.4094	 1.38	 0.05	196.33	 1.36	 1.71	 1.00	11.10	 2.14	331.66	276.32	280.12	257.10	279.99	0	51.42
2002	6	17	10.505	2724.4377	167.4377	16.4377	 1.38	 0.05	199.78	 1.35	 4.40	 0.97	11.08	 2.18	331.67	276.02	281.23	256.64	279.14	0	51.33
2002	6	17	11.184	2724.4661	167.4660	16.4660	 1.43	 0.05	200.52	 1.23	 1.14	 1.00	11.07	 2.18	331.68	275.77	281.32	256.61	279.89	0	51.32
2002	6	17	11.862	2724.4941	167.4942	16.4942	 1.45	 0.05	191.17	 1.14	 2.78	 0.98	11.08	 2.11	331.77	276.97	282.14	262.00	280.16	0	52.40
2002	6	17	12.542	2724.5225	167.5226	16.5226	 1.33	 0.05	191.42	 1.49	 3.53	 0.99	11.05	 2.17	331.87	278.72	284.81	264.70	282.96	0	52.94
2002	6	17	13.218	2724.5508	167.5507	16.5507	 1.21	 0.06	187.22	 2.21	 5.17	 0.99	11.07	 2.10	331.98	280.43	285.90	 0.00	287.15	0	54.00
2002	6	17	13.893	2724.5789	167.5789	16.5789	 1.16	 0.05	187.94	 1.97	 0.89	 1.00	11.07	 2.16	332.05	282.23	287.82	266.62	286.93	0	53.32
2002	6	17	14.571	2724.6072	167.6071	16.6071	 1.06	 0.04	191.38	 2.03	 7.70	 0.96	11.08	 2.20	332.13	283.82	291.51	 0.00	288.98	0	54.00
2002	6	17	15.246	2724.6353	167.6353	16.6353	 1.22	 0.05	196.68	 1.89	 1.03	 1.00	11.05	 2.26	332.20	285.18	293.95	 0.00	290.40	0	54.00
2002	6	17	15.922	2724.6633	167.6634	16.6634	 1.29	 0.08	193.38	 2.58	 3.66	 1.00	11.07	 2.06	332.25	286.28	293.91	266.48	294.44	0	53.30
2002	6	17	16.598	2724.6917	167.6916	16.6916	 1.93	 0.07	199.10	 0.97	 1.74	 0.99	11.08	 2.19	332.29	287.19	295.19	266.56	292.12	0	53.31
2002	6	17	17.274	2724.7197	167.7197	16.7197	 1.84	 0.07	198.89	 1.06	 1.42	 1.00	11.10	 2.15	332.35	288.36	296.32	266.89	293.38	0	53.38
2002	6	17	17.950	2724.7478	167.7479	16.7479	 1.87	 0.08	202.33	 1.12	 2.20	 0.99	11.07	 2.20	332.37	289.40	298.37	266.63	294.48	0	53.33
2002	6	17	18.626	2724.7761	167.7761	16.7761	 2.05	 0.10	204.16	 1.23	 2.91	 0.99	11.08	 2.34	332.40	290.33	299.02	266.43	295.33	0	53.29
2002	6	17	19.302	2724.8042	167.8043	16.8043	 1.50	 0.05	199.57	 1.26	 4.47	 0.97	11.07	 2.09	332.38	290.81	297.80	265.77	295.73	0	53.15
2002	6	17	19.978	2724.8325	167.8324	16.8324	 1.81	 0.08	197.99	 1.32	 5.21	 0.98	11.07	 2.07	332.31	290.99	300.13	264.75	295.74	0	52.95
2002	6	17	20.654	2724.8606	167.8606	16.8606	 1.76	 0.08	198.69	 1.33	 3.14	 0.99	11.05	 2.14	332.15	289.55	298.36	264.13	294.50	0	52.83
2002	6	17	21.330	2724.8887	167.8887	16.8887	 1.79	 0.07	201.75	 1.17	 1.41	 1.00	11.08	 2.24	332.04	287.96	297.08	262.29	292.78	0	52.46
2002	6	17	22.006	2724.9170	167.9169	16.9169	 1.72	 0.41	193.58	 7.13	 0.83	 1.00	11.05	 1.96	331.97	286.05	291.24	259.19	291.30	0	51.84
2002	6	17	22.715	2724.9465	167.9465	16.9465	 1.34	 0.14	200.28	 4.12	 8.50	 1.00	11.08	 2.13	331.98	283.85	291.13	257.25	287.27	0	51.45
2002	6	17	23.394	2724.9749	167.9748	16.9748	 1.39	 0.11	195.93	 3.05	 1.80	 1.00	11.08	 2.13	331.86	282.01	288.22	255.91	286.11	0	51.18
2002	6	18	0.073	2725.0032	168.0031	17.0031	 1.03	 0.05	198.91	 2.67	 3.30	 1.00	11.08	 2.13	331.81	280.43	287.11	255.81	284.31	0	51.16
2002	6	18	0.751	2725.0312	168.0313	17.0313	 1.18	 0.05	191.61	 2.03	 2.48	 1.00	11.07	 2.07	331.80	279.30	283.87	256.94	282.20	0	51.39
2002	6	18	1.426	2725.0593	168.0594	17.0594	 1.15	 0.04	192.88	 1.76	 0.99	 1.00	11.08	 2.10	331.77	278.45	283.14	256.74	281.75	0	51.35
2002	6	18	2.104	2725.0876	168.0877	17.0877	 1.19	 0.04	196.31	 1.64	 0.91	 1.00	11.08	 2.11	331.76	277.76	283.66	256.01	 0.00	0	51.20
2002	6	18	2.782	2725.1160	168.1159	17.1159	 1.09	 0.03	191.89	 1.43	 2.65	 0.98	11.08	 2.11	331.74	277.15	282.77	255.63	 0.00	0	51.13
2002	6	18	3.460	2725.1440	168.1441	17.1442	 1.08	 0.03	188.22	 1.37	 2.43	 0.98	11.08	 2.13	331.73	276.57	282.85	 0.00	279.31	0	54.00
2002	6	18	21.002	2725.8750	168.8751	17.8751	 0.41	 0.02	196.05	 4.92	 3.29	 0.96	10.87	 2.03	332.03	290.27	299.80	265.37	296.55	0	53.07
2002	6	18	22.989	2725.9578	168.9579	17.9579	 0.42	 0.03	177.94	 6.88	 2.52	 1.00	10.83	 2.09	331.73	284.10	292.57	259.87	288.75	0	51.97
2002	6	18	23.653	2725.9856	168.9855	17.9855	 0.39	 0.03	182.11	 7.61	 5.58	 0.97	10.92	 2.12	331.71	282.31	289.57	259.10	287.49	0	51.82
2002	6	19	0.317	2726.0132	169.0132	18.0132	 0.36	 0.02	179.82	 6.16	13.81	 0.48	10.85	 2.09	331.68	280.99	287.93	259.12	285.40	0	51.82
2002	6	19	0.982	2726.0410	169.0409	18.0409	 0.27	 0.02	199.97	11.91	17.39	 0.50	10.87	 2.03	331.67	279.81	284.23	259.19	283.66	0	51.84
2002	6	19	1.645	2726.0686	169.0685	18.0685	 0.34	 0.03	182.23	10.14	 8.50	 0.95	10.90	 2.09	331.68	279.03	285.43	260.34	283.63	0	52.07
2002	6	19	2.307	2726.0962	169.0961	18.0961	 0.29	 0.02	191.69	 8.96	 7.10	 0.82	10.85	 2.08	331.71	278.45	282.63	 0.00	283.40	0	54.00
2002	6	19	2.968	2726.1238	169.1237	18.1237	 0.43	 0.02	170.23	 4.60	 4.03	 0.94	10.85	 2.16	331.69	277.99	285.25	259.00	282.52	0	51.80
2002	6	19	3.631	2726.1514	169.1513	18.1513	 0.43	 0.02	172.68	 4.53	 3.16	 0.96	10.85	 2.18	331.66	277.77	284.57	260.10	282.30	0	52.02
2002	6	19	4.293	2726.1790	169.1789	18.1789	 0.47	 0.02	167.06	 3.78	 3.75	 0.93	10.87	 2.16	331.70	277.60	283.27	260.04	282.07	0	52.01
2002	6	19	4.955	2726.2065	169.2065	18.2064	 0.48	 0.03	171.28	 5.23	 3.96	 0.99	10.85	 2.15	331.69	277.67	283.86	262.41	280.60	0	52.48
2002	6	19	5.616	2726.2341	169.2340	18.2340	 0.41	 0.03	177.12	 6.05	 4.80	 0.96	10.85	 2.08	331.69	277.90	284.53	261.49	282.21	0	52.30
2002	6	19	6.280	2726.2617	169.2617	18.2617	 0.45	 0.03	174.41	 5.41	 4.31	 0.97	10.87	 2.14	331.73	277.86	283.14	261.71	280.76	0	52.34
2002	6	19	6.943	2726.2893	169.2893	18.2893	 0.38	 0.03	180.14	 7.09	 8.30	 0.89	10.83	 2.05	331.74	277.87	283.05	261.43	282.37	0	52.29
2002	6	19	7.606	2726.3169	169.3169	18.3169	 0.42	 0.03	174.42	 6.61	 6.95	 0.95	10.85	 2.11	331.73	277.83	283.45	261.96	281.06	0	52.39
2002	6	19	8.270	2726.3445	169.3446	18.3446	 0.44	 0.02	170.56	 4.76	 1.84	 0.99	10.85	 2.13	331.77	277.88	282.81	262.62	283.84	0	52.52
2002	6	19	8.934	2726.3723	169.3723	18.3723	 0.51	 0.02	168.81	 3.78	 0.98	 1.00	10.97	 2.23	331.92	277.96	284.40	262.52	 0.00	0	52.50
2002	6	19	9.600	2726.3999	169.4000	18.4000	 0.47	 0.03	164.83	 4.66	 3.62	 0.98	10.88	 2.15	331.72	277.98	283.67	 0.00	282.05	0	54.00
2002	6	19	10.263	2726.4277	169.4276	18.4276	 0.45	 0.02	177.09	 3.96	 3.50	 0.94	10.85	 2.19	331.72	277.81	283.63	261.41	 0.00	0	52.28
2002	6	19	10.927	2726.4553	169.4553	18.4553	 0.41	 0.02	174.49	 4.24	 4.80	 0.85	10.93	 2.13	331.74	277.74	282.08	260.84	281.73	0	52.17
2002	6	19	11.590	2726.4829	169.4829	18.4829	 0.35	 0.02	174.40	 7.23	 3.47	 0.97	10.85	 2.07	331.84	278.46	284.69	264.66	282.05	0	52.93
2002	6	19	12.252	2726.5105	169.5105	18.5105	 0.37	 0.03	168.13	 8.79	 1.23	 1.00	10.85	 2.14	331.94	280.53	286.63	267.65	284.84	0	53.53
2002	6	19	12.914	2726.5381	169.5381	18.5381	 0.43	 0.03	156.06	 5.61	 1.51	 1.00	10.83	 2.15	332.02	282.64	289.33	268.39	285.48	0	53.68
2002	6	19	13.605	2726.5669	169.5669	18.5669	 0.36	 0.03	169.57	 7.32	 5.36	 0.95	10.90	 2.13	332.23	285.33	293.30	272.26	290.02	0	54.45
2002	6	19	14.267	2726.5945	169.5945	18.5944	 0.41	 0.03	172.36	 6.00	 1.89	 1.00	10.85	 2.23	332.19	287.76	297.22	272.81	292.97	0	54.56
2002	6	19	14.928	2726.6221	169.6220	18.6220	 0.36	 0.02	183.12	 6.69	 5.38	 0.91	10.85	 2.09	332.25	289.98	299.18	272.94	295.50	0	54.59
2002	6	19	15.590	2726.6497	169.6496	18.6496	 0.42	 0.03	181.52	 6.27	20.16	 0.61	10.88	 2.13	332.31	291.91	302.42	274.06	297.76	0	54.81
2002	6	19	16.252	2726.6772	169.6772	18.6772	 0.47	 0.02	178.69	 4.42	 5.41	 0.93	10.85	 2.15	332.27	293.36	302.86	274.40	300.41	0	54.88
2002	6	19	16.917	2726.7048	169.7049	18.7049	 0.54	 0.06	105.14	 4.91	11.45	 0.91	11.13	 1.77	332.09	294.88	304.70	275.13	301.02	0	55.03
2002	6	19	17.581	2726.7324	169.7325	18.7325	 0.65	 0.03	133.73	 2.61	 4.78	 0.94	10.85	 1.83	332.39	296.53	306.55	277.47	302.65	0	55.49
2002	6	19	18.242	2726.7600	169.7601	18.7601	 0.67	 0.01	213.15	 1.43	30.35	 0.00	10.85	 2.11	332.61	297.80	308.84	277.10	304.02	0	55.42
2002	6	19	18.904	2726.7876	169.7877	18.7877	 0.75	 0.03	216.85	 2.55	19.66	 0.60	10.85	 2.15	332.83	298.66	310.45	275.58	304.82	0	55.12
2002	6	19	19.565	2726.8152	169.8152	18.8152	 0.71	 0.02	217.62	 1.99	37.16	 0.02	10.83	 2.10	332.71	299.18	310.37	274.38	305.21	0	54.88
2002	6	19	20.228	2726.8428	169.8428	18.8428	 0.50	 0.02	225.87	 3.58	 9.92	 0.67	10.83	 2.09	332.71	298.89	310.69	273.12	304.73	0	54.62
2002	6	19	20.889	2726.8704	169.8704	18.8704	 0.48	 0.02	220.86	 4.03	 7.89	 0.81	10.87	 2.09	332.53	296.62	307.33	271.18	302.75	0	54.24
2002	6	19	21.550	2726.8979	169.8979	18.8979	 0.46	 0.02	221.16	 3.63	 4.57	 0.88	10.83	 2.11	332.43	294.85	305.60	268.13	300.93	0	53.63
2002	6	19	22.873	2726.9531	169.9530	18.9531	 0.55	 0.02	210.90	 3.79	 9.05	 0.87	10.85	 2.27	332.23	289.15	299.54	261.61	294.37	0	52.32
2002	6	19	23.535	2726.9807	169.9806	18.9806	 0.47	 0.02	210.74	 4.05	 8.26	 0.79	10.85	 2.17	332.19	286.98	296.18	261.50	291.93	0	52.30
2002	6	20	0.197	2727.0083	170.0082	19.0082	 0.43	 0.02	221.72	 5.93	 9.65	 0.87	10.82	 2.14	332.20	285.34	292.35	261.49	289.87	0	52.30
2002	6	20	0.861	2727.0359	170.0359	19.0359	 0.46	 0.02	218.72	 4.05	 7.57	 0.79	10.83	 2.14	332.14	284.31	291.52	262.84	287.88	0	52.57
2002	6	20	1.524	2727.0635	170.0635	19.0635	 0.47	 0.02	221.19	 4.17	13.32	 0.58	10.83	 2.18	332.10	283.45	290.87	262.18	287.98	0	52.44
2002	6	20	2.186	2727.0911	170.0911	19.0911	 0.48	 0.02	216.97	 3.68	 7.97	 0.75	10.83	 2.20	332.10	282.64	291.11	262.77	287.81	0	52.55
2002	6	20	2.849	2727.1187	170.1187	19.1187	 0.48	 0.02	212.33	 5.32	 5.91	 0.97	10.85	 2.22	332.08	281.86	289.54	261.69	286.17	0	52.34
2002	6	20	3.512	2727.1462	170.1463	19.1463	 0.33	 0.01	239.76	 6.10	11.11	 0.46	10.87	 2.09	332.11	281.34	288.88	262.24	285.68	0	52.45
2002	6	20	4.176	2727.1741	170.1740	19.1740	 0.37	 0.02	227.09	 8.66	10.38	 0.91	10.92	 2.13	332.04	280.74	287.43	263.01	285.04	0	52.60
2002	6	20	4.842	2727.2017	170.2018	19.2018	 0.35	 0.02	232.91	 7.53	 5.52	 0.94	10.82	 2.19	332.00	280.29	286.74	261.63	286.35	0	52.33
2002	6	20	5.508	2727.2295	170.2295	19.2295	 0.36	 0.02	226.46	 5.89	 9.52	 0.67	10.85	 2.19	331.93	279.98	287.69	260.46	284.81	0	52.09
2002	6	20	6.200	2727.2583	170.2583	19.2583	 0.45	 0.02	170.97	 3.99	 1.02	 1.00	10.85	 2.18	331.97	279.60	285.29	260.96	283.74	0	52.19
2002	6	20	6.864	2727.2859	170.2860	19.2860	 0.42	 0.02	171.72	 4.81	 4.78	 0.92	10.85	 2.15	331.94	279.25	284.82	260.23	282.05	0	52.05
2002	6	20	7.525	2727.3135	170.3136	19.3136	 0.37	 0.04	175.84	 9.80	 3.56	 1.00	10.83	 2.11	331.97	278.89	282.85	 0.00	283.23	0	54.00
2002	6	20	8.187	2727.3411	170.3411	19.3411	 0.38	 0.03	175.59	 6.69	 7.66	 0.88	10.85	 2.06	331.96	278.57	283.52	258.86	283.20	0	51.77
2002	6	20	8.849	2727.3687	170.3687	19.3687	 0.38	 0.03	176.79	 8.21	 6.37	 0.97	10.85	 2.10	331.95	278.34	283.62	259.10	284.11	0	51.82
2002	6	20	9.512	2727.3962	170.3963	19.3964	 0.36	 0.03	181.56	 7.55	 9.37	 0.85	10.85	 2.11	331.97	278.36	283.27	 0.00	281.67	0	54.00
2002	6	20	10.176	2727.4241	170.4240	19.4240	 0.45	 0.02	168.32	 4.12	 4.06	 0.93	10.82	 2.16	331.97	278.28	284.26	259.68	284.11	0	51.94
2002	6	20	10.839	2727.4517	170.4516	19.4516	 0.36	 0.03	179.79	10.06	 8.49	 0.96	10.87	 2.10	331.97	278.19	282.85	260.10	282.77	0	52.02
2002	6	20	11.502	2727.4792	170.4792	19.4792	 0.38	 0.03	169.20	 6.82	 1.14	 1.00	10.87	 2.11	332.08	278.78	283.26	265.15	281.22	0	53.03
2002	6	20	12.165	2727.5068	170.5069	19.5069	 0.39	 0.02	167.40	 5.73	 4.34	 0.95	10.83	 2.18	332.21	281.09	286.85	274.53	287.47	0	54.91
2002	6	20	12.827	2727.5344	170.5345	19.5345	 0.34	 0.03	175.98	 8.62	 2.44	 0.99	10.83	 2.11	332.34	283.77	288.28	280.13	 0.00	0	56.03
2002	6	20	13.489	2727.5620	170.5620	19.5620	 0.45	 0.03	165.73	 4.96	 4.93	 0.95	10.85	 2.21	332.43	286.87	294.97	281.39	291.62	0	56.28
2002	6	20	14.150	2727.5896	170.5896	19.5896	 0.51	 0.02	170.36	 3.56	 3.06	 0.97	10.85	 2.27	332.55	289.81	299.37	279.05	295.95	0	55.81
2002	6	20	14.812	2727.6172	170.6172	19.6172	 0.39	 0.02	192.19	 4.84	11.67	 0.47	10.83	 2.11	332.60	292.41	302.77	278.54	298.33	0	55.71
2002	6	20	15.474	2727.6448	170.6447	19.6447	 0.47	 0.02	183.55	 3.57	15.72	 0.29	10.85	 2.09	332.58	294.59	303.57	278.33	300.75	0	55.67
2002	6	20	16.136	2727.6724	170.6723	19.6723	 0.56	 0.02	185.01	 2.33	 5.36	 0.73	10.87	 2.11	332.53	296.17	307.49	277.10	303.28	0	55.42
2002	6	20	16.798	2727.7000	170.6999	19.6999	 0.60	 0.02	184.61	 2.79	 1.66	 0.99	10.83	 2.12	332.66	297.35	308.55	277.94	304.94	0	55.59
2002	6	20	17.459	2727.7275	170.7275	19.7275	 0.66	 0.02	190.31	 2.66	 3.51	 0.97	10.85	 2.20	332.53	298.31	310.47	274.45	304.80	0	54.89
2002	6	20	18.121	2727.7551	170.7550	19.7550	 0.69	 0.02	193.04	 2.20	 3.96	 0.94	10.85	 2.13	332.63	299.06	309.97	275.21	305.36	0	55.04
2002	6	20	18.782	2727.7827	170.7826	19.7826	 0.76	 0.02	185.48	 1.42	 1.61	 0.97	10.83	 2.08	332.55	299.57	311.14	275.01	305.77	0	55.00
2002	6	20	19.444	2727.8101	170.8102	19.8102	 0.65	 0.02	197.47	 2.16	 4.30	 0.89	10.82	 2.00	332.66	299.93	311.28	274.95	305.95	0	54.99
2002	6	20	20.106	2727.8376	170.8378	19.8378	 0.66	 0.02	192.99	 2.14	 2.94	 0.96	10.87	 2.00	332.57	299.78	309.63	273.41	305.55	0	54.68
2002	6	20	20.768	2727.8652	170.8653	19.8653	 0.69	 0.03	192.33	 2.67	 1.99	 0.99	10.85	 2.05	332.39	297.76	308.49	272.04	304.75	0	54.41
2002	6	20	21.429	2727.8928	170.8929	19.8929	 0.77	 0.02	193.71	 1.46	 1.81	 0.97	10.85	 2.20	332.32	295.99	307.56	269.97	304.06	0	53.99
2002	6	20	22.782	2727.9492	170.9493	19.9493	 0.72	 0.02	189.26	 2.39	 1.30	 1.00	10.88	 2.21	332.37	290.88	301.12	266.43	296.22	0	53.29
2002	6	20	23.446	2727.9768	170.9769	19.9769	 0.60	 0.02	219.70	 2.38	 5.84	 0.81	10.88	 2.15	332.25	288.84	298.31	265.60	293.99	0	53.12
2002	6	21	0.107	2728.0044	171.0045	20.0045	 0.64	 0.03	219.37	 3.70	 4.87	 0.99	10.83	 2.18	332.21	287.25	295.83	264.46	292.17	0	52.89
2002	6	21	0.769	2728.0320	171.0320	20.0320	 0.61	 0.02	218.89	 2.44	11.10	 0.56	10.85	 2.13	332.17	286.02	292.40	264.02	290.93	0	52.80
2002	6	21	1.431	2728.0596	171.0596	20.0596	 0.68	 0.03	216.96	 3.37	 2.00	 1.00	10.88	 2.23	332.14	284.91	293.07	263.22	 0.00	0	52.64
2002	6	21	2.093	2728.0872	171.0872	20.0872	 0.67	 0.02	215.81	 2.61	 4.70	 0.95	10.85	 2.21	332.13	284.09	291.69	263.48	288.49	0	52.70
2002	6	21	2.757	2728.1150	171.1149	20.1149	 0.64	 0.02	221.46	 2.70	 1.99	 0.99	10.85	 2.18	332.15	283.53	291.28	263.67	288.23	0	52.73
2002	6	21	3.418	2728.1423	171.1424	20.1424	 0.64	 0.02	218.14	 2.88	 5.19	 0.95	10.80	 2.20	332.19	283.24	288.40	 0.00	289.67	0	54.00
2002	6	21	4.082	2728.1702	171.1701	20.1701	 0.60	 0.01	220.59	 2.30	 7.15	 0.68	10.82	 2.05	332.15	282.93	288.57	 0.00	287.36	0	54.00
2002	6	21	4.744	2728.1978	171.1976	20.1977	 0.71	 0.02	219.52	 2.23	 6.39	 0.88	10.83	 2.20	332.12	282.60	289.76	265.37	287.35	0	53.07
2002	6	21	5.407	2728.2253	171.2253	20.2253	 0.72	 0.02	217.19	 2.62	 4.29	 0.98	10.83	 2.21	332.14	282.36	288.45	 0.00	286.82	0	54.00
2002	6	21	6.073	2728.2529	171.2530	20.2530	 0.75	 0.02	217.25	 2.32	 4.49	 0.96	10.90	 2.21	332.14	282.16	288.88	265.09	285.93	0	53.02
2002	6	21	6.738	2728.2808	171.2807	20.2807	 0.74	 0.02	216.57	 2.46	 4.17	 0.97	10.92	 2.16	332.16	281.92	289.18	264.94	285.69	0	52.99
2002	6	21	7.404	2728.3086	171.3085	20.3085	 0.71	 0.02	218.10	 2.27	 5.03	 0.93	10.98	 2.15	332.23	281.79	288.03	264.31	284.81	0	52.86
2002	6	21	8.068	2728.3362	171.3362	20.3362	 0.69	 0.02	217.50	 2.86	 5.11	 0.97	10.88	 2.13	332.14	281.65	288.52	 0.00	286.73	0	54.00
2002	6	21	8.734	2728.3640	171.3639	20.3639	 0.71	 0.02	214.85	 2.78	 8.72	 0.90	10.85	 2.12	332.16	281.55	286.79	264.48	 0.00	0	52.90
2002	6	21	9.398	2728.3916	171.3916	20.3916	 0.70	 0.02	217.11	 2.33	 9.08	 0.79	10.97	 2.16	332.18	281.47	287.13	265.41	285.31	0	53.08
2002	6	21	10.062	2728.4192	171.4193	20.4192	 0.74	 0.03	213.57	 2.74	 3.82	 0.99	10.83	 2.18	332.18	281.48	288.02	 0.00	286.16	0	54.00
2002	6	21	10.725	2728.4468	171.4469	20.4469	 0.69	 0.02	217.48	 2.75	 9.65	 0.86	10.82	 2.18	332.26	281.52	288.05	265.02	286.62	0	53.00
2002	6	21	11.387	2728.4744	171.4745	20.4745	 0.71	 0.02	211.30	 1.93	 4.11	 0.91	10.83	 2.17	332.30	281.87	288.57	266.46	 0.00	0	53.29
2002	6	21	12.054	2728.5022	171.5022	20.5022	 0.72	 0.02	208.02	 2.05	 0.86	 1.00	10.82	 2.18	332.33	283.71	290.46	270.89	288.73	0	54.18
2002	6	21	12.718	2728.5300	171.5299	20.5299	 0.65	 0.02	215.90	 3.24	 6.30	 0.96	10.85	 2.19	332.51	285.77	293.58	272.60	289.33	0	54.52
2002	6	21	13.379	2728.5574	171.5575	20.5575	 0.64	 0.02	210.26	 2.50	 9.41	 0.73	10.83	 2.13	332.58	287.94	296.21	273.89	292.90	0	54.78
2002	6	21	14.046	2728.5852	171.5852	20.5852	 0.62	 0.02	215.21	 2.57	 8.70	 0.74	11.10	 2.14	332.63	290.24	300.49	275.21	296.17	0	55.04
2002	6	21	14.721	2728.6133	171.6134	20.6134	 0.62	 0.02	218.62	 3.26	 7.66	 0.91	11.07	 2.15	332.72	292.26	302.58	275.45	297.92	0	55.09
2002	6	21	15.426	2728.6428	171.6428	20.6428	 0.64	 0.02	195.02	 2.51	 7.87	 0.80	11.12	 2.03	332.85	294.06	303.35	275.91	299.90	0	55.18
2002	6	21	16.102	2728.6709	171.6709	20.6709	 0.83	 0.02	193.17	 1.71	 0.77	 1.00	11.08	 2.07	332.76	295.46	305.15	277.27	301.60	0	55.45
2002	6	21	16.778	2728.6990	171.6991	20.6991	 0.83	 0.03	197.91	 1.95	 2.00	 0.99	11.08	 2.21	332.83	296.69	307.69	277.55	302.91	0	55.51
2002	6	21	17.454	2728.7273	171.7272	20.7272	 0.75	 0.02	202.75	 1.65	 3.36	 0.91	11.07	 2.08	332.81	298.02	308.76	278.41	304.31	0	55.68
2002	6	21	18.130	2728.7554	171.7554	20.7554	 0.88	 0.03	197.62	 1.81	 5.36	 0.93	11.05	 2.06	332.76	299.22	309.46	278.30	305.55	0	55.66
2002	6	21	18.806	2728.7834	171.7836	20.7836	 0.90	 0.02	204.76	 1.59	 4.32	 0.93	11.08	 2.19	332.65	299.96	311.90	276.95	306.88	0	55.39
2002	6	21	19.482	2728.8118	171.8117	20.8117	 0.89	 0.02	200.26	 1.53	 2.24	 0.98	11.07	 2.06	332.39	300.42	311.12	276.36	306.61	0	55.27
2002	6	21	20.157	2728.8398	171.8399	20.8399	 0.82	 0.02	199.77	 1.76	 4.56	 0.92	11.07	 2.05	332.35	300.26	310.92	274.21	306.21	0	54.84
2002	6	21	20.833	2728.8679	171.8680	20.8680	 0.81	 0.02	198.42	 1.47	 0.96	 0.99	11.10	 2.01	332.18	298.15	308.56	272.87	304.82	0	54.57
2002	6	21	21.508	2728.8962	171.8962	20.8962	 0.94	 0.03	197.92	 1.96	 1.39	 1.00	11.08	 2.13	332.08	296.41	308.06	270.17	302.29	0	54.03
2002	6	21	22.864	2728.9526	171.9527	20.9527	 0.81	 0.03	196.64	 2.25	 1.30	 1.00	11.18	 2.10	332.01	291.45	300.41	266.07	297.29	0	53.21
2002	6	21	23.540	2728.9807	171.9808	20.9808	 0.76	 0.03	195.91	 2.26	 0.56	 1.00	11.07	 2.11	331.97	289.49	298.14	264.91	293.83	0	52.98
2002	6	22	0.216	2729.0090	172.0090	21.0090	 0.72	 0.02	196.82	 2.14	 4.59	 0.93	11.05	 2.05	332.00	287.93	294.94	265.68	292.77	0	53.14
2002	6	22	0.893	2729.0371	172.0372	21.0372	 0.75	 0.02	194.42	 1.67	 0.40	 1.00	11.08	 2.12	331.96	286.85	293.86	266.50	290.76	0	53.30
2002	6	22	1.568	2729.0654	172.0653	21.0653	 0.77	 0.02	194.63	 1.75	 0.63	 1.00	11.07	 2.13	331.93	286.09	293.33	266.37	289.93	0	53.27
2002	6	22	2.244	2729.0935	172.0935	21.0935	 0.77	 0.02	192.78	 2.02	 0.78	 1.00	11.07	 2.10	331.99	285.29	291.34	 0.00	289.99	0	54.00
2002	6	22	2.923	2729.1218	172.1218	21.1218	 0.74	 0.02	193.85	 1.68	 0.99	 0.99	11.07	 2.08	331.98	284.58	290.82	263.77	288.49	0	52.75
2002	6	22	3.601	2729.1501	172.1501	21.1501	 0.77	 0.02	193.18	 1.75	 3.73	 0.93	11.10	 2.16	331.96	283.98	291.08	264.74	288.46	0	52.95
2002	6	22	4.277	2729.1782	172.1782	21.1782	 0.77	 0.03	192.64	 2.62	 1.96	 1.00	11.05	 2.14	332.01	283.45	289.74	265.05	288.58	0	53.01
2002	6	22	4.954	2729.2063	172.2064	21.2064	 0.67	 0.02	194.45	 2.55	 2.34	 0.99	11.08	 2.04	332.00	283.10	287.66	265.11	287.85	0	53.02
2002	6	22	5.629	2729.2346	172.2345	21.2345	 0.74	 0.03	193.04	 2.59	 1.68	 1.00	11.08	 2.15	332.00	282.87	288.55	264.75	286.64	0	52.95
2002	6	22	6.304	2729.2627	172.2627	21.2627	 0.72	 0.02	190.82	 2.25	 1.43	 1.00	11.07	 2.16	331.99	282.71	288.19	 0.00	 0.00	0	54.00
2002	6	22	6.981	2729.2908	172.2909	21.2909	 0.71	 0.03	191.45	 2.51	 1.74	 1.00	11.08	 2.18	332.00	282.50	288.80	265.29	286.19	0	53.06
2002	6	22	7.658	2729.3191	172.3191	21.3191	 0.70	 0.02	192.57	 2.40	 3.10	 0.98	11.10	 2.15	332.02	282.23	288.03	264.21	286.81	0	52.84
2002	6	22	8.364	2729.3484	172.3485	21.3485	 0.73	 0.02	193.01	 1.92	 5.13	 0.88	11.12	 2.15	332.08	281.85	288.13	262.38	285.32	0	52.48
2002	6	22	9.040	2729.3767	172.3767	21.3767	 0.75	 0.03	190.71	 2.25	 3.79	 0.97	11.10	 2.18	332.00	281.47	287.01	262.04	287.51	0	52.41
2002	6	22	9.717	2729.4048	172.4049	21.4049	 0.75	 0.03	190.08	 2.99	 2.17	 1.00	11.10	 2.18	332.01	281.25	287.18	261.39	285.36	0	52.28
2002	6	22	10.393	2729.4331	172.4330	21.4330	 0.67	 0.02	190.60	 2.42	 2.76	 0.98	11.05	 2.16	332.01	281.07	286.00	262.83	285.19	0	52.57
2002	6	22	11.069	2729.4612	172.4612	21.4612	 0.66	 0.02	189.31	 2.44	 1.20	 1.00	11.07	 2.15	332.01	280.99	285.78	262.36	285.11	0	52.47
2002	6	22	11.745	2729.4893	172.4894	21.4894	 0.60	 0.03	181.93	 3.23	 3.90	 0.98	11.07	 2.08	332.14	282.04	286.70	269.93	286.51	0	53.99
2002	6	22	12.421	2729.5176	172.5175	21.5175	 0.60	 0.03	180.03	 3.38	 4.50	 0.97	11.07	 2.14	332.24	284.14	290.43	273.63	288.75	0	54.73
2002	6	22	13.096	2729.5457	172.5457	21.5457	 0.51	 0.02	182.97	 4.15	 1.13	 1.00	11.08	 2.03	332.38	286.36	292.74	276.58	290.75	0	55.32
2002	6	22	13.772	2729.5737	172.5738	21.5738	 0.51	 0.03	182.25	 4.84	 4.75	 0.98	11.08	 2.09	332.50	289.05	296.78	279.32	294.04	0	55.86
2002	6	22	14.448	2729.6021	172.6020	21.6020	 0.62	 0.03	182.08	 3.22	 3.44	 0.98	11.07	 2.24	332.58	291.58	300.74	279.85	297.05	0	55.97
2002	6	22	15.124	2729.6301	172.6302	21.6301	 0.58	 0.02	186.45	 3.16	 5.67	 0.92	11.10	 2.07	332.62	293.76	302.53	278.90	299.53	0	55.78
2002	6	22	15.801	2729.6584	172.6584	21.6584	 0.75	 0.03	192.54	 2.34	 3.02	 0.99	11.07	 2.16	332.64	295.51	305.87	278.12	301.56	0	55.62
2002	6	22	16.476	2729.6865	172.6865	21.6865	 0.86	 0.03	196.72	 2.09	 3.31	 0.99	11.07	 2.11	332.70	296.66	306.54	278.06	302.88	0	55.61
2002	6	22	17.152	2729.7146	172.7147	21.7147	 1.01	 0.02	199.58	 1.06	 2.47	 0.93	11.07	 2.15	332.76	297.83	307.96	277.05	304.12	0	55.41
2002	6	22	17.829	2729.7429	172.7429	21.7429	 0.95	 0.03	201.25	 1.71	 2.47	 0.99	11.07	 1.96	332.84	298.88	309.91	277.24	305.21	0	55.45
2002	6	22	18.507	2729.7712	172.7711	21.7711	 1.05	 0.03	203.77	 1.54	 1.49	 1.00	11.05	 2.02	332.82	299.70	311.46	276.45	305.92	0	55.29
2002	6	22	19.183	2729.7993	172.7993	21.7993	 1.23	 0.03	202.67	 1.21	 2.70	 0.98	11.07	 2.09	332.77	300.08	310.82	275.54	306.18	0	55.11
2002	6	22	19.859	2729.8274	172.8275	21.8275	 1.15	 0.03	201.90	 1.09	 0.53	 1.00	11.08	 2.07	332.74	300.23	310.42	273.97	306.06	0	54.79
2002	6	22	20.535	2729.8557	172.8556	21.8556	 1.23	 0.03	204.02	 1.12	 2.55	 0.97	11.08	 2.12	332.60	298.91	309.04	273.14	305.36	0	54.63
2002	6	22	21.211	2729.8838	172.8838	21.8838	 1.26	 0.03	203.82	 1.16	 0.27	 1.00	11.08	 1.98	332.47	296.77	308.08	271.38	302.76	0	54.28
2002	6	22	21.886	2729.9119	172.9119	21.9119	 1.56	 0.11	198.31	 2.49	22.87	 0.95	11.07	 1.99	332.36	294.78	304.55	267.78	300.31	0	53.56
2002	6	22	23.239	2729.9683	172.9683	21.9683	 1.37	 0.05	202.65	 1.37	 1.93	 1.00	11.13	 2.07	332.29	290.17	299.41	265.02	295.78	0	53.00
2002	6	22	23.917	2729.9966	172.9965	21.9965	 1.35	 0.04	204.47	 1.19	 2.53	 0.99	11.13	 2.15	332.26	288.37	296.69	265.05	291.80	0	53.01
2002	6	23	0.592	2730.0247	173.0247	22.0247	 1.23	 0.04	202.87	 1.31	 4.45	 0.95	11.07	 2.10	332.22	287.12	293.46	265.86	291.71	0	53.17
2002	6	23	1.298	2730.0542	173.0541	22.0541	 1.27	 0.03	204.39	 0.95	 2.95	 0.93	11.10	 2.22	332.25	286.10	292.83	265.86	289.35	0	53.17
2002	6	23	1.973	2730.0823	173.0822	22.0822	 1.20	 0.04	201.61	 1.51	 1.39	 1.00	11.07	 2.15	332.13	285.18	291.93	 0.00	290.01	0	54.00
2002	6	23	2.648	2730.1104	173.1103	22.1103	 1.27	 0.03	205.70	 1.13	 1.84	 0.99	11.08	 2.18	332.15	284.27	292.20	262.09	287.66	0	52.42
2002	6	23	3.324	2730.1384	173.1385	22.1385	 1.22	 0.03	205.28	 1.24	 0.41	 1.00	11.07	 2.18	332.15	283.52	289.57	262.46	288.09	0	52.49
2002	6	23	4.002	2730.1667	173.1668	22.1668	 1.19	 0.03	204.10	 1.25	 1.95	 0.99	11.07	 2.13	332.13	283.04	288.56	262.46	287.22	0	52.49
2002	6	23	4.681	2730.1951	173.1951	22.1950	 1.20	 0.03	207.48	 1.21	 4.26	 0.94	11.13	 2.15	332.13	282.60	289.17	262.22	287.10	0	52.44
2002	6	23	5.357	2730.2231	173.2232	22.2232	 1.18	 0.03	201.98	 1.36	 0.90	 1.00	11.03	 2.06	332.11	282.22	288.19	 0.00	286.63	0	54.00
2002	6	23	6.034	2730.2515	173.2514	22.2514	 1.04	 0.04	203.65	 1.81	 2.14	 1.00	11.12	 2.07	332.11	281.94	287.32	 0.00	286.34	0	54.00
2002	6	23	6.712	2730.2798	173.2797	22.2797	 1.15	 0.03	202.85	 1.37	 0.88	 1.00	11.07	 2.14	332.11	281.76	287.13	262.17	 0.00	0	52.43
2002	6	23	7.390	2730.3079	173.3079	22.3079	 1.07	 0.02	206.49	 1.02	 3.56	 0.87	11.07	 2.17	332.07	281.45	288.19	261.19	286.20	0	52.24
2002	6	23	8.067	2730.3362	173.3361	22.3361	 1.09	 0.03	202.65	 1.65	 0.71	 1.00	11.08	 2.10	332.06	281.27	285.80	261.19	285.93	0	52.24
2002	6	23	8.743	2730.3643	173.3643	22.3643	 1.14	 0.03	205.41	 1.17	 1.85	 0.99	11.10	 2.21	332.04	280.85	288.04	259.62	285.22	0	51.92
2002	6	23	9.421	2730.3926	173.3925	22.3925	 1.11	 0.04	204.82	 1.62	 3.86	 0.98	11.07	 2.15	331.96	280.39	287.85	259.70	 0.00	0	51.94
2002	6	23	10.098	2730.4207	173.4207	22.4208	 1.07	 0.03	205.97	 1.61	 2.77	 0.99	11.08	 2.18	331.96	279.90	285.79	258.83	284.44	0	51.77
2002	6	23	10.776	2730.4490	173.4490	22.4490	 1.21	 0.03	202.18	 1.14	 1.39	 0.99	11.05	 2.08	332.08	279.45	284.92	258.63	285.12	0	51.73
2002	6	23	11.453	2730.4773	173.4772	22.4772	 1.28	 0.04	197.35	 1.31	 3.18	 0.98	11.10	 2.09	332.12	279.50	284.38	261.08	283.00	0	52.22
2002	6	23	12.129	2730.5054	173.5054	22.5054	 1.16	 0.05	195.89	 1.92	 2.60	 1.00	11.07	 2.14	332.22	281.24	287.32	268.01	284.70	0	53.60
2002	6	23	12.805	2730.5334	173.5335	22.5335	 1.17	 0.04	192.87	 1.70	 1.70	 1.00	11.08	 2.14	332.36	283.64	288.21	273.76	288.28	0	54.75
2002	6	23	13.481	2730.5618	173.5617	22.5617	 1.07	 0.04	193.60	 1.70	 4.26	 0.98	11.07	 2.22	332.49	286.54	292.75	277.27	291.94	0	55.45
2002	6	23	14.156	2730.5898	173.5898	22.5898	 1.04	 0.04	196.79	 1.86	 3.81	 0.99	11.05	 2.22	332.59	289.33	298.67	278.27	294.27	0	55.65
2002	6	23	14.831	2730.6179	173.6180	22.6180	 0.80	 0.02	195.04	 2.01	 4.52	 0.95	11.08	 2.15	332.67	291.76	300.35	278.40	297.16	0	55.68
2002	6	23	15.507	2730.6460	173.6461	22.6461	 0.71	 0.03	201.46	 2.97	 3.82	 0.99	11.07	 2.12	332.76	293.82	304.20	277.48	299.43	0	55.50
2002	6	23	16.182	2730.6743	173.6743	22.6743	 0.89	 0.03	193.18	 1.69	 6.89	 0.86	11.08	 2.14	332.77	295.24	305.56	277.33	301.17	0	55.47
2002	6	23	16.858	2730.7024	173.7024	22.7024	 0.70	 0.04	204.60	 3.92	 3.20	 1.00	11.07	 2.06	332.88	296.51	307.02	277.12	303.46	0	55.42
2002	6	23	17.533	2730.7305	173.7305	22.7305	 0.88	 0.03	196.65	 2.07	 1.00	 1.00	11.08	 2.14	332.91	297.59	307.18	276.53	303.62	0	55.31
2002	6	23	18.238	2730.7600	173.7599	22.7599	 0.86	 0.04	199.35	 2.76	 6.98	 0.98	11.12	 2.12	332.91	298.63	308.71	276.44	304.59	0	55.29
2002	6	23	18.913	2730.7881	173.7881	22.7881	 0.93	 0.04	196.64	 2.20	 2.88	 0.99	11.07	 2.10	332.80	298.62	310.69	275.81	304.40	0	55.16
2002	6	23	19.589	2730.8162	173.8162	22.8162	 1.22	 0.05	194.39	 1.86	 1.27	 1.00	11.07	 2.11	332.79	298.80	307.89	276.08	304.48	0	55.22
2002	6	23	20.265	2730.8445	173.8444	22.8444	 1.09	 0.03	203.16	 1.33	 1.39	 1.00	11.07	 2.11	332.83	298.09	307.75	275.01	303.56	0	55.00
2002	6	23	20.941	2730.8726	173.8725	22.8725	 1.13	 0.04	201.21	 1.71	 1.23	 1.00	11.10	 2.08	332.57	296.85	307.08	272.49	302.59	0	54.50
2002	6	23	21.618	2730.9006	173.9008	22.9008	 1.66	 0.06	199.56	 1.21	 3.73	 0.98	11.17	 2.04	332.55	295.27	304.63	270.39	299.61	0	54.08
2002	6	23	22.974	2730.9573	173.9573	22.9573	 1.21	 0.25	206.06	 9.81	105.02	 0.99	11.05	 1.97	332.40	291.25	300.57	265.93	296.63	0	53.19
2002	6	23	23.653	2730.9856	173.9855	22.9855	 1.39	 0.05	200.75	 1.37	 3.52	 0.99	11.05	 2.16	332.34	289.26	297.75	 0.00	 0.00	0	54.00
2002	6	24	0.331	2731.0139	174.0138	23.0138	 1.45	 0.05	198.23	 1.20	 2.84	 0.98	11.03	 2.16	332.31	287.49	295.62	 0.00	292.43	0	54.00
2002	6	24	1.010	2731.0420	174.0421	23.0421	 1.21	 0.04	195.19	 1.37	 1.17	 1.00	11.10	 2.07	332.33	286.15	291.76	 0.00	290.91	0	54.00
2002	6	24	1.687	2731.0703	174.0703	23.0703	 1.37	 0.04	201.43	 1.12	 1.23	 1.00	11.08	 2.19	332.27	285.02	292.60	260.86	289.41	0	52.17
2002	6	24	2.362	2731.0984	174.0984	23.0984	 1.21	 0.03	201.98	 1.26	 1.90	 0.99	11.12	 2.17	332.25	283.78	290.06	260.01	286.74	0	52.00
2002	6	24	3.039	2731.1267	174.1266	23.1266	 1.18	 0.04	199.36	 1.68	 1.74	 1.00	11.08	 2.15	332.21	282.78	288.92	260.01	288.83	0	52.00
2002	6	24	3.716	2731.1548	174.1548	23.1548	 1.17	 0.03	200.94	 1.25	 4.35	 0.94	11.05	 2.14	332.16	282.08	287.74	261.79	286.79	0	52.36
2002	6	24	4.392	2731.1831	174.1830	23.1830	 1.17	 0.04	200.86	 1.51	 0.66	 1.00	11.05	 2.17	332.13	281.41	287.53	259.23	285.76	0	51.85
2002	6	24	5.072	2731.2114	174.2113	23.2113	 1.00	 0.04	198.11	 2.17	 5.07	 0.98	11.28	 2.12	332.15	280.51	285.27	257.81	284.51	0	51.56
2002	6	24	5.749	2731.2395	174.2396	23.2396	 0.97	 0.03	195.50	 1.59	 5.55	 0.92	11.07	 2.24	332.13	279.76	285.70	 0.00	284.30	0	54.00
2002	6	24	6.426	2731.2678	174.2678	23.2678	 0.84	 0.03	189.61	 2.03	 1.87	 0.99	11.07	 2.10	332.08	279.31	284.05	258.42	283.24	0	51.68
2002	6	24	7.103	2731.2959	174.2960	23.2960	 0.78	 0.03	194.31	 2.50	 1.90	 1.00	11.05	 2.10	331.95	278.96	283.24	259.28	284.75	0	51.86
2002	6	24	7.779	2731.3242	174.3241	23.3241	 0.82	 0.02	193.89	 1.63	 1.73	 0.99	11.07	 2.17	331.92	278.85	284.22	 0.00	284.68	0	54.00
2002	6	24	8.456	2731.3523	174.3523	23.3523	 0.94	 0.03	200.24	 1.77	 3.14	 0.98	11.08	 2.19	331.92	278.88	285.56	260.89	282.88	0	52.18
2002	6	24	9.133	2731.3806	174.3806	23.3806	 0.90	 0.03	199.17	 2.12	 1.17	 1.00	11.05	 2.10	331.96	279.03	284.08	260.99	282.34	0	52.20
2002	6	24	9.811	2731.4087	174.4088	23.4088	 0.94	 0.02	200.48	 1.38	 2.06	 0.98	11.17	 2.15	331.93	279.02	284.13	260.16	283.38	0	52.03
2002	6	24	10.489	2731.4370	174.4370	23.4370	 0.86	 0.03	199.01	 2.36	 3.66	 0.99	11.12	 2.07	331.95	278.82	283.79	259.12	283.08	0	51.82
2002	6	24	11.199	2731.4666	174.4666	23.4666	 0.95	 0.03	197.58	 1.73	 2.51	 0.99	11.10	 2.20	332.00	278.62	284.73	259.22	 0.00	0	51.84
2002	6	24	11.875	2731.4949	174.4948	23.4948	 0.86	 0.03	188.73	 2.16	 0.43	 1.00	11.05	 2.06	332.06	280.14	284.93	267.47	284.49	0	53.49
2002	6	24	12.551	2731.5229	174.5230	23.5230	 0.88	 0.03	185.81	 1.92	 3.82	 0.97	11.08	 2.12	332.22	282.62	286.72	272.22	286.48	0	54.44
2002	6	24	23.375	2731.9739	174.9740	23.9740	 1.63	 0.04	309.78	 1.22	40.57	 0.16	11.07	 2.62	332.28	287.78	338.54	264.52	294.71	0	52.90
2002	6	25	0.732	2732.0305	175.0305	24.0305	 1.66	 0.03	311.01	 1.01	30.31	 0.13	11.15	 2.67	332.24	285.76	337.56	263.31	290.62	0	52.66
2002	6	25	1.408	2732.0586	175.0587	24.0587	 1.65	 0.03	311.97	 0.78	34.44	 0.01	11.05	 2.62	332.24	285.01	336.35	262.62	290.00	0	52.52
2002	6	25	2.084	2732.0869	175.0869	24.0869	 1.59	 0.02	312.55	 0.69	32.04	 0.00	11.08	 2.60	332.21	284.00	336.32	262.10	289.01	0	52.42
2002	6	25	2.761	2732.1150	175.1151	24.1150	 1.63	 0.02	311.22	 0.72	35.96	 0.00	11.13	 2.68	332.19	283.17	336.76	 0.00	286.84	0	54.00
2002	6	25	3.452	2732.1438	175.1438	24.1438	 1.58	 0.04	316.01	 1.20	32.14	 0.24	11.30	 2.52	332.18	282.48	336.83	261.24	286.54	0	52.25
2002	6	25	4.174	2732.1738	175.1739	24.1739	 1.72	 0.06	206.13	 1.11	 2.33	 0.99	11.37	 2.18	332.11	281.88	288.07	261.50	288.29	0	52.30
2002	6	25	4.867	2732.2029	175.2028	24.2028	 1.75	 0.05	205.89	 0.92	 2.35	 0.98	11.37	 2.25	320.21	281.24	287.27	260.96	285.29	0	52.19
2002	6	26	15.580	2733.6492	176.6492	25.6492	 2.67	 0.18	206.44	 1.07	 0.81	 1.00	11.33	 2.15	332.55	282.94	290.50	273.85	289.21	0	54.77
2002	6	26	16.274	2733.6780	176.6781	25.6781	 2.84	 0.16	209.14	 0.82	 0.98	 1.00	11.33	 2.26	332.75	286.75	295.69	273.55	292.79	0	54.71
2002	6	26	16.970	2733.7070	176.7071	25.7071	 2.86	 0.30	203.32	 1.42	 2.31	 1.00	11.32	 2.11	332.81	289.72	297.59	273.85	296.53	0	54.77
2002	6	27	5.078	2734.2117	177.2116	26.2116	 3.94	 0.38	215.03	 0.62	 4.42	 0.83	11.33	 2.18	332.26	283.47	299.05	 0.00	288.90	0	54.00
2002	6	27	5.769	2734.2405	177.2404	26.2404	 3.70	 0.46	214.33	 0.95	 3.76	 0.98	11.32	 2.14	332.28	283.33	298.15	 0.00	288.24	0	54.00
2002	6	27	6.460	2734.2693	177.2692	26.2692	 3.86	 0.42	214.03	 0.74	 1.86	 0.99	11.32	 2.16	332.24	283.08	297.90	262.39	287.91	0	52.48
2002	6	27	7.151	2734.2981	177.2980	26.2980	 3.68	 0.47	213.97	 0.99	 1.41	 1.00	11.30	 2.08	332.23	282.66	298.27	261.69	287.40	0	52.34
2002	6	27	7.843	2734.3269	177.3268	26.3268	 3.78	 0.47	212.64	 0.89	 5.36	 0.94	11.28	 2.16	332.21	282.14	298.03	 0.00	286.13	0	54.00
2002	6	27	8.564	2734.3569	177.3568	26.3568	 2.87	 0.19	204.96	 0.90	 1.13	 1.00	11.37	 2.10	332.24	281.48	286.71	260.43	285.47	0	52.09
2002	6	27	9.258	2734.3857	177.3858	26.3858	 2.50	 0.15	202.49	 1.03	 0.44	 1.00	11.37	 2.14	332.16	280.99	285.32	 0.00	284.30	0	54.00
2002	6	27	9.953	2734.4148	177.4147	26.4147	 2.50	 0.13	203.20	 0.95	 1.22	 1.00	11.30	 2.11	332.16	280.58	284.66	 0.00	286.23	0	54.00
2002	6	27	10.645	2734.4436	177.4435	26.4435	 2.70	 0.16	205.97	 0.95	 0.33	 1.00	11.33	 2.10	332.15	280.30	285.18	260.43	283.44	0	52.09
2002	6	27	11.339	2734.4724	177.4725	26.4725	 3.12	 0.28	203.34	 1.02	 0.78	 1.00	11.33	 2.08	332.19	280.27	285.45	260.59	284.16	0	52.12
2002	6	27	12.032	2734.5012	177.5013	26.5013	 2.74	 0.17	200.62	 0.91	 0.63	 1.00	11.38	 2.13	332.33	281.76	287.31	 0.00	 0.00	0	54.00
2002	6	27	12.725	2734.5303	177.5302	26.5302	 2.92	 0.19	204.39	 0.85	 3.07	 0.97	11.35	 2.29	332.45	283.92	290.45	271.91	286.61	0	54.38
2002	6	27	13.417	2734.5591	177.5590	26.5590	 2.36	 0.13	199.55	 1.09	 1.24	 1.00	11.33	 2.11	332.58	286.30	292.82	273.76	291.21	0	54.75
2002	6	27	14.107	2734.5879	177.5878	26.5878	 2.23	 0.10	199.03	 0.95	 3.63	 0.97	11.33	 2.16	332.65	288.49	296.01	273.76	293.18	0	54.75
2002	6	27	14.798	2734.6167	177.6166	26.6166	 2.44	 0.14	201.77	 1.04	 1.28	 1.00	11.33	 2.17	332.72	290.32	299.98	273.83	295.27	0	54.77
2002	6	27	23.192	2734.9663	177.9663	26.9663	 2.17	 0.12	203.70	 1.30	 2.87	 1.00	11.32	 2.06	332.28	287.80	295.15	262.91	292.74	0	52.58
2002	6	27	23.883	2734.9951	177.9951	26.9951	 1.86	 0.07	206.49	 1.05	 1.55	 1.00	11.32	 2.13	332.21	286.04	294.23	261.14	290.53	0	52.23
2002	6	28	0.576	2735.0239	178.0240	27.0240	 1.71	 0.06	200.66	 1.05	 5.81	 0.92	11.33	 2.15	332.21	284.40	291.79	259.79	288.17	0	51.96
2002	6	28	1.268	2735.0527	178.0528	27.0528	 1.55	 0.06	196.29	 1.37	 3.32	 0.99	11.33	 2.09	332.21	283.21	288.92	261.81	289.31	0	52.36
2002	6	28	1.992	2735.0830	178.0830	27.0830	 1.72	 0.06	211.57	 1.07	43.24	 0.06	11.22	 2.33	332.27	282.57	293.24	262.44	286.88	0	52.49
2002	6	28	2.687	2735.1121	178.1120	27.1120	 1.90	 0.06	215.88	 0.89	54.57	 0.00	11.33	 2.44	332.17	282.10	300.58	 0.00	286.79	0	54.00
2002	6	28	3.379	2735.1409	178.1408	27.1408	 1.89	 0.07	212.49	 1.14	75.00	 0.01	11.35	 2.30	332.31	281.57	297.23	261.19	284.55	0	52.24
2002	6	28	4.073	2735.1697	178.1697	27.1697	 2.01	 0.06	211.46	 0.83	56.88	 0.00	11.37	 2.32	332.15	281.05	297.18	 0.00	287.06	0	54.00
2002	6	28	4.765	2735.1985	178.1985	27.1986	 1.92	 0.05	213.10	 0.69	63.57	 0.00	11.35	 2.30	332.14	280.60	297.04	260.44	284.71	0	52.09
2002	6	28	5.458	2735.2275	178.2274	27.2274	 1.80	 0.06	217.04	 0.97	68.06	 0.00	11.32	 2.51	332.13	280.20	297.58	260.77	284.23	0	52.15
2002	6	28	6.151	2735.2563	178.2563	27.2563	 1.81	 0.06	213.60	 1.01	79.36	 0.00	11.33	 2.35	332.16	280.05	296.42	261.61	282.82	0	52.32
2002	6	28	6.844	2735.2852	178.2852	27.2852	 2.00	 0.07	214.97	 0.91	57.07	 0.00	11.30	 2.45	332.14	279.98	297.66	260.84	284.72	0	52.17
2002	6	28	7.537	2735.3140	178.3141	27.3141	 2.03	 0.09	212.49	 1.13	64.18	 0.03	11.35	 2.34	332.14	279.68	296.28	259.25	282.88	0	51.85
2002	6	28	8.230	2735.3430	178.3429	27.3429	 2.07	 0.08	211.01	 0.99	45.47	 0.05	11.37	 2.29	332.10	279.18	295.90	257.67	285.04	0	51.53
2002	6	28	8.922	2735.3718	178.3718	27.3718	 2.06	 0.06	213.60	 0.77	48.35	 0.00	11.32	 2.41	332.11	278.68	294.97	257.56	281.94	0	51.51
2002	6	28	9.618	2735.4006	178.4007	27.4007	 2.10	 0.10	209.53	 1.11	48.86	 0.09	11.32	 2.31	332.11	278.34	294.35	 0.00	282.73	0	54.00
2002	6	28	10.310	2735.4297	178.4296	27.4296	 2.16	 0.08	211.44	 0.82	40.84	 0.02	11.33	 2.36	332.09	278.07	293.15	257.89	282.10	0	51.58
2002	6	28	11.003	2735.4585	178.4585	27.4584	 2.03	 0.08	214.67	 1.00	39.37	 0.09	11.33	 2.35	332.13	277.90	295.30	258.27	281.91	0	51.65
2002	6	28	11.696	2735.4873	178.4873	27.4873	 2.12	 0.08	207.43	 0.90	58.20	 0.00	11.30	 2.35	332.22	278.82	295.10	264.55	282.11	0	52.91
2002	6	28	12.387	2735.5161	178.5161	27.5161	 1.97	 0.07	209.78	 0.95	32.98	 0.11	11.43	 2.39	332.28	280.79	297.06	267.55	285.13	0	53.51
2002	6	28	13.081	2735.5452	178.5451	27.5451	 1.93	 0.08	214.07	 1.11	39.72	 0.15	11.30	 2.50	332.45	283.05	300.02	270.45	285.55	0	54.09
2002	6	28	13.772	2735.5737	178.5738	27.5738	 2.00	 0.06	222.55	 0.88	22.52	 0.22	11.33	 2.57	332.56	285.53	309.37	271.81	290.62	0	54.36
2002	6	28	14.463	2735.6025	178.6026	27.6026	 2.02	 0.07	225.50	 0.90	36.50	 0.06	11.33	 2.71	332.66	287.79	311.60	272.53	292.60	0	54.51
2002	6	28	19.394	2735.8081	178.8081	27.8081	 2.28	 0.10	219.53	 1.02	 3.56	 0.98	11.25	 2.42	332.60	293.81	308.85	270.34	299.21	0	54.07
2002	6	28	20.085	2735.8369	178.8369	27.8369	 2.50	 0.10	216.93	 0.73	 4.40	 0.88	11.33	 2.42	332.49	292.47	306.52	268.83	297.94	0	53.77
2002	6	28	20.777	2735.8657	178.8657	27.8657	 3.09	 0.20	215.47	 0.77	 1.90	 0.99	11.33	 2.38	332.43	291.03	303.63	267.07	295.89	0	53.41
2002	6	28	22.159	2735.9233	178.9233	27.9233	 3.16	 0.25	214.25	 0.91	 3.17	 0.98	11.33	 2.36	332.35	288.50	300.30	265.32	293.10	0	53.06
2002	6	28	22.851	2735.9521	178.9521	27.9521	 2.69	 0.18	212.14	 1.09	 3.38	 0.99	11.35	 2.20	332.32	287.42	299.53	264.34	292.32	0	52.87
2002	6	28	23.544	2735.9810	178.9810	27.9810	 2.49	 0.14	212.25	 1.01	 6.38	 0.93	11.37	 2.31	332.29	286.45	297.85	263.58	291.59	0	52.72
2002	6	29	13.138	2736.5474	179.5474	28.5474	 3.81	 0.52	205.79	 0.92	 0.43	 1.00	11.75	 2.15	332.37	285.13	291.04	269.78	288.43	0	53.96
2002	6	29	13.854	2736.5771	179.5772	28.5772	 4.34	 0.90	204.94	 0.93	 0.97	 1.00	11.70	 2.17	332.38	286.56	291.60	 0.00	291.25	0	54.00
2002	6	29	14.566	2736.6069	179.6069	28.6069	 3.33	 0.34	206.45	 1.00	 0.86	 1.00	11.68	 2.12	332.51	288.06	295.01	 0.00	292.27	0	54.00
2002	6	29	15.277	2736.6365	179.6365	28.6365	 3.01	 0.27	204.59	 1.10	 3.67	 0.99	11.65	 2.02	332.49	289.53	295.77	272.72	294.91	0	54.54
2002	6	29	15.989	2736.6663	179.6662	28.6662	 3.71	 0.58	206.33	 1.14	 5.80	 0.98	11.65	 2.18	332.45	289.72	296.89	271.20	293.17	0	54.24
2002	6	29	16.699	2736.6958	179.6958	28.6958	 4.52	 1.09	206.91	 0.94	 4.61	 0.97	11.65	 2.13	332.43	289.66	297.95	269.17	294.36	0	53.83
2002	6	29	17.411	2736.7253	179.7255	28.7255	 4.19	 0.90	199.61	 1.05	 1.70	 1.00	11.67	 2.01	332.45	289.74	295.14	270.39	294.43	0	54.08
2002	6	29	18.123	2736.7551	179.7551	28.7551	17.05	301443.17	204.06	 0.92	 0.75	 1.00	11.70	 2.21	332.40	289.46	297.13	 0.00	296.27	0	54.00
2002	6	29	18.838	2736.7849	179.7849	28.7849	 7.03	14.47	206.43	 1.00	 1.92	 1.00	11.78	 2.20	332.40	288.81	296.12	267.04	293.95	0	53.41
2002	6	29	19.552	2736.8147	179.8147	28.8147	 4.04	 0.56	207.20	 0.79	 0.32	 1.00	11.68	 2.15	332.35	288.14	296.34	266.55	291.15	0	53.31
2002	6	29	20.267	2736.8445	179.8445	28.8444	 4.44	 1.14	203.19	 1.04	 0.84	 1.00	11.73	 2.08	332.35	287.46	294.26	 0.00	290.78	0	54.00
2002	6	29	20.982	2736.8743	179.8742	28.8742	 4.09	 0.80	204.99	 1.06	 0.80	 1.00	11.67	 2.12	332.29	286.73	293.28	264.27	290.97	0	52.85
2002	6	29	21.697	2736.9041	179.9041	28.9041	 6.78	11.61	201.08	 1.00	 1.16	 1.00	11.65	 2.08	332.26	285.98	291.20	 0.00	289.14	0	54.00
2002	6	29	22.411	2736.9338	179.9338	28.9338	 4.45	 0.79	203.74	 0.72	 2.36	 0.98	11.67	 2.20	332.24	285.28	291.07	 0.00	289.60	0	54.00
2002	6	29	23.127	2736.9636	179.9636	28.9636	 3.96	 0.68	203.27	 1.01	 0.82	 1.00	11.67	 2.06	332.26	284.75	290.35	262.96	290.59	0	52.59
2002	6	29	23.839	2736.9932	179.9933	28.9933	 4.10	 0.75	203.78	 0.99	 0.56	 1.00	11.62	 2.13	332.23	284.36	289.78	 0.00	288.99	0	54.00
2002	6	30	0.549	2737.0229	180.0229	29.0229	 4.64	 1.04	204.72	 0.79	 2.46	 0.98	11.65	 2.10	332.21	284.22	289.02	263.75	288.19	0	52.75
2002	6	30	1.261	2737.0525	180.0525	29.0525	 4.49	 0.91	204.83	 0.80	 0.65	 1.00	11.67	 2.09	332.22	284.17	289.16	263.89	288.19	0	52.78
2002	6	30	1.971	2737.0820	180.0821	29.0821	 5.48	 2.27	207.01	 0.74	 0.80	 1.00	11.62	 2.24	332.24	284.13	289.55	263.97	288.12	0	52.79
2002	6	30	2.684	2737.1118	180.1118	29.1118	16.88	231247.90	205.52	 0.84	 1.02	 1.00	11.65	 2.17	332.21	284.11	289.27	264.00	288.10	0	52.80
2002	6	30	3.395	2737.1414	180.1415	29.1415	 4.16	 0.81	205.30	 0.99	 0.15	 1.00	11.63	 2.11	332.21	284.08	289.19	263.98	288.04	0	52.80
2002	6	30	4.108	2737.1711	180.1712	29.1712	 4.80	 1.56	205.19	 1.01	 1.79	 1.00	11.62	 2.08	332.23	284.07	288.99	263.90	289.90	0	52.78
2002	6	30	4.823	2737.2009	180.2009	29.2009	 4.37	 0.81	204.99	 0.80	 0.43	 1.00	11.63	 2.13	332.20	284.04	289.20	 0.00	286.96	0	54.00
2002	6	30	5.535	2737.2307	180.2306	29.2306	 4.73	 1.72	203.94	 1.19	 0.78	 1.00	11.62	 2.10	332.21	283.99	287.38	263.84	286.83	0	52.77
2002	6	30	6.253	2737.2605	180.2605	29.2605	 5.96	 5.30	202.95	 1.05	 1.36	 1.00	11.72	 2.11	332.21	283.90	288.07	 0.00	289.67	0	54.00
2002	6	30	6.999	2737.2917	180.2916	29.2916	 5.50	 2.98	206.69	 0.96	 0.49	 1.00	11.70	 2.18	332.26	283.88	290.10	263.59	286.69	0	52.72
2002	6	30	7.711	2737.3213	180.3213	29.3213	 4.97	 1.14	207.02	 0.62	 0.74	 1.00	11.63	 2.17	332.20	283.77	289.35	263.62	288.22	0	52.72
2002	6	30	8.425	2737.3511	180.3511	29.3511	 4.15	 0.73	204.42	 0.90	 0.40	 1.00	11.62	 2.16	332.22	283.74	287.90	263.67	286.68	0	52.73
2002	6	30	9.141	2737.3809	180.3809	29.3809	 4.24	 0.86	204.03	 0.97	 2.88	 0.99	11.67	 2.12	332.21	283.85	288.47	 0.00	286.65	0	54.00
2002	6	30	9.855	2737.4106	180.4106	29.4106	17.63	514918.38	202.60	 0.87	 1.26	 1.00	11.63	 2.10	332.21	283.83	288.37	 0.00	287.96	0	54.00
2002	6	30	10.573	2737.4404	180.4405	29.4405	 5.69	 1.83	205.85	 0.48	 0.36	 1.00	11.58	 2.21	332.21	283.76	289.33	 0.00	286.65	0	54.00
2002	6	30	11.286	2737.4702	180.4702	29.4702	 5.29	 2.58	203.95	 1.01	 1.49	 1.00	11.63	 2.03	332.22	283.74	287.94	263.81	287.57	0	52.76
2002	6	30	11.998	2737.5000	180.4999	29.4999	 4.24	 0.96	205.64	 1.10	 1.21	 1.00	11.60	 2.13	332.23	283.95	289.05	264.57	287.02	0	52.91
2002	6	30	12.711	2737.5295	180.5296	29.5296	 4.33	 1.13	203.70	 1.17	 2.36	 1.00	11.60	 2.10	332.26	284.56	289.18	266.55	288.98	0	53.31
2002	6	30	13.425	2737.5593	180.5594	29.5594	 7.75	20.61	203.33	 0.68	 0.64	 1.00	11.63	 2.14	332.31	285.42	290.00	268.30	 0.00	0	53.66
2002	6	30	14.141	2737.5891	180.5892	29.5892	 4.91	 0.97	205.14	 0.56	 0.65	 1.00	11.67	 2.19	332.35	286.42	292.58	268.65	292.59	0	53.73
2002	6	30	14.864	2737.6194	180.6193	29.6193	 4.10	 0.62	200.71	 0.79	 2.39	 0.98	11.65	 2.08	332.47	287.64	292.92	271.08	289.95	0	54.22
2002	6	30	15.579	2737.6492	180.6491	29.6491	16.37	132517.56	201.07	 0.78	 0.10	 1.00	11.65	 2.10	332.49	289.26	295.00	272.74	293.24	0	54.55
2002	6	30	16.295	2737.6790	180.6789	29.6789	 4.86	 1.70	203.20	 1.03	 0.95	 1.00	11.63	 2.18	332.52	290.33	296.75	273.06	 0.00	0	54.61
2002	6	30	17.011	2737.7087	180.7088	29.7088	 4.43	 0.80	198.98	 0.73	 0.55	 1.00	11.63	 1.97	332.52	291.14	297.77	272.72	295.47	0	54.54
2002	6	30	17.727	2737.7385	180.7386	29.7386	 4.76	 1.49	199.14	 0.97	 0.88	 1.00	11.70	 1.99	332.49	291.49	297.11	271.31	295.90	0	54.26
2002	6	30	18.446	2737.7686	180.7686	29.7686	 4.55	 1.09	203.87	 0.90	 0.41	 1.00	11.70	 2.11	332.49	291.31	298.47	270.04	295.74	0	54.01
2002	6	30	19.166	2737.7986	180.7986	29.7986	 4.76	 1.25	204.58	 0.83	 0.47	 1.00	11.67	 2.14	332.45	290.87	297.69	268.34	294.16	0	53.67
2002	6	30	19.882	2737.8284	180.8284	29.8284	23.42	196190722.23	202.09	 1.01	 0.70	 1.00	11.78	 2.04	332.45	290.40	296.55	268.15	295.08	0	53.63
2002	6	30	20.604	2737.8584	180.8585	29.8585	 5.03	 1.40	202.79	 0.71	 1.01	 1.00	11.75	 2.08	332.40	289.69	295.78	266.57	294.69	0	53.31
2002	6	30	21.327	2737.8887	180.8886	29.8886	 4.47	 0.94	206.66	 0.85	 1.50	 1.00	11.72	 2.17	332.36	288.74	295.61	265.05	293.69	0	53.01
2002	6	30	22.048	2737.9187	180.9187	29.9187	 4.62	 0.70	204.87	 0.54	 0.82	 0.99	11.78	 2.08	332.32	287.69	293.57	264.52	293.76	0	52.90
2002	6	30	22.769	2737.9487	180.9487	29.9487	 4.68	 1.52	205.93	 1.10	 1.06	 1.00	11.77	 2.06	332.29	286.83	294.27	264.25	291.32	0	52.85
2002	6	30	23.490	2737.9788	180.9787	29.9788	 4.30	 1.37	207.22	 1.48	 1.62	 1.00	11.75	 2.19	332.26	286.11	291.86	263.93	289.35	0	52.79
